-0.756190
0.466433
0.261704
-0.756190
0.049868
0.369825
0.028194
0.459431
0.193552
-0.127746
-0.756190
0.294921
-0.756190
0.298839
0.106355
0.602922
0.441643
0.175380
0.365194
0.047222
-0.756190
-0.756190
0.446923
0.377913
-0.210222
0.408212
0.414991
0.213740
0.262431
0.475266
0.330351
0.395404
0.396763
-0.756190
0.019931
-0.013134
-0.016912
-0.756190
0.348009
0.272710
-0.756190
0.150544
-0.002287
-0.756190
0.091807
-0.419567
0.296856
0.389839
0.739063
0.151226
0.178391
0.514681
0.166413
0.136305
0.219660
0.696423
-0.001235
-0.756190
0.424804
0.562577
0.613109
-0.756190
-0.212588
-0.066641
0.421429
0.388337
0.663840
0.333384
0.135361
0.496738
0.700488
0.333852
0.439589
0.218369
0.186352
0.204032
0.289929
-0.146214
0.193508
-0.282803
0.376120
-0.429867
0.485158
-0.133778
-0.142664
-0.319781
0.155495
0.406484
0.351012
0.131016
0.432908
0.355653
0.246034
0.397210
0.124323
-0.756190
-0.122533
0.337773
0.358227
0.250422
0.426934
0.144785
-0.756190
0.088949
0.354964
-0.383977
0.106958
0.072887
0.327700
-0.232236
0.570532
0.677737
0.084355
0.064893
0.428100
0.000063
-0.756190
-0.756190
0.558888
0.329214
-0.756190
0.425847
-0.756190
0.011040
0.513987
0.401729
0.454909
0.418265
0.585938
0.609024
0.090322
0.523343
0.235742
0.464504
-0.756190
0.060216
0.436227
0.351693
-0.043760
-0.756190
0.218702
0.589602
0.094215
0.361052
0.490261
0.243075
0.511339
0.284682
-0.010290
0.058725
0.387123
0.546343
-0.636283
0.206372
0.054167
-0.756190
-0.756190
0.644829
0.280358
0.577564
0.488818
0.383091
0.310031
0.159598
0.450801
0.215060
0.196329
0.138832
0.066405
0.499227
0.255768
-0.365328
-0.151813
-0.016977
-0.068304
0.550360
0.234543
0.376847
0.359067
0.057589
0.434542
-0.756190
0.403085
-0.756190
0.395263
0.314061
-0.385900
0.331403
0.420144
0.669999
-0.756190
0.337596
-0.756190
0.406015
0.575198
0.187547
0.050122
0.112362
-0.019738
-0.004699
0.051034
0.352177
0.393056
0.201599
0.635806
0.115634
0.244249
0.571211
0.554956
0.380690
0.091718
0.434452
-0.063584
-0.756190
-0.756190
0.458737
0.339141
0.542714
0.425214
0.456935
0.420271
0.642520
0.635587
0.151355
0.301318
0.406443
0.402385
0.485049
0.302305
0.338850
-0.756190
-0.756190
0.439395
0.199142
0.469171
-0.756190
0.209804
0.044645
0.417099
0.278390
0.331590
0.398425
0.495576
0.024356
0.548925
-0.756190
0.358621
-0.756190
-0.756190
0.217857
0.320452
0.383359
0.189909
0.464188
0.398796
-0.756190
0.505109
0.181641
0.386573
0.345388
0.256456
-0.756190
0.454631
0.294605
-0.756190
0.292535
0.169694
-0.756190
0.430498
0.255097
-0.756190
-0.756190
-0.756190
0.224427
0.221416
0.088001
-0.048710
0.257042
0.305251
0.089302
0.603940
0.367252
0.428169
-0.068502
-0.756190
0.739063
0.512271
-0.756190
-0.756190
0.128380
-0.756190
0.256955
0.473756
0.427518
-0.756190
-0.175044
0.262012
0.124376
0.399738
0.419169
0.377357
-0.072288
0.223864
0.131667
0.471888
0.528886
0.360853
0.499998
-0.049832
0.519577
0.171098
-0.756190
0.218192
0.150439
0.240463
0.478613
0.382101
-0.139910
0.481859
0.262509
-0.756190
0.282261
0.554062
-0.756190
0.102846
0.487281
-0.756190
0.209822
0.043728
-0.309931
0.122465
0.376534
0.401562
0.616768
0.045866
0.536022
-0.405373
0.507943
0.318959
0.401862
0.547012
0.182367
0.648899
0.435934
0.448387
0.640515
-0.756190
-0.191658
0.506528
0.614985
0.519551
-0.756190
0.230329
0.047367
-0.756190
0.441352
0.350760
0.147900
0.222343
0.489944
-0.243685
-0.756190
0.391124
-0.009115
0.251162
0.392758
-0.756190
-0.756190
-0.239004
0.064905
0.648697
-0.054994
-0.756190
-0.217102
0.626783
0.348762
0.615206
0.146255
0.537781
0.707308
0.345133
0.321556
0.430836
0.447481
0.110769
-0.049047
0.391121
0.188669
0.273010
0.296449
0.342444
-0.756190
-0.113166
0.374147
0.251750
0.455236
0.180604
0.379514
0.426358
0.627795
0.039472
0.637906
-0.022122
0.260465
0.525744
-0.093879
0.146031
0.498851
0.415931
0.727189
0.220967
0.388588
0.407463
0.617182
0.364069
0.511508
-0.320282
0.105048
0.447634
-0.010741
-0.756190
0.307135
0.389965
-0.291763
0.416250
-0.756190
0.581895
0.704844
0.154538
0.650136
-0.756190
0.062689
0.048113
0.483094
-0.756190
0.645201
-0.756190
0.555636
0.269829
-0.756190
0.371164
0.147819
0.331199
0.500272
0.223429
0.477474
0.510796
0.338392
-0.756190
0.529897
0.646268
0.240612
0.118206
-0.756190
0.412905
0.477352
-0.756190
0.518249
0.247348
0.395742
0.457659
-0.756190
0.483351
0.232807
0.079228
0.254609
-0.756190
-0.125225
0.390912
-0.756190
0.343114
0.550576
0.518264
0.354269
0.388542
-0.221980
0.576567
0.406473
-0.756190
0.414785
0.587705
0.116075
0.280535
-0.756190
0.476675
0.470288
-0.756190
-0.756190
0.236607
-0.756190
0.575493
0.206760
0.402797
0.597822
-0.756190
0.076712
0.238110
0.347727
0.372579
-0.756190
0.634111
0.177681
0.287756
0.399629
0.532110
0.340180
0.262248
0.321161
-0.236110
0.151072
0.620263
0.388667
0.444129
0.544682
-0.193374
0.435727
0.446187
0.646264
0.397426
-0.756190
-0.756190
0.518315
0.090555
0.298204
-0.035081
0.251837
0.357919
0.412395
0.326218
0.556273
-0.069499
0.408618
0.414058
0.271348
0.413272
0.000834
0.279720
0.494941
0.306694
-0.116110
0.458241
0.567991
0.559973
-0.070492
0.388989
0.328549
0.385650
0.561554
-0.756190
0.068076
0.616238
-0.756190
0.352986
0.670461
-0.111194
-0.756190
0.338653
0.522359
0.415423
0.345400
0.279908
0.245217
-0.756190
0.450804
0.545880
-0.756190
0.392355
0.411373
0.461947
0.199168
0.144519
0.484715
0.062632
0.382778
0.561480
0.565724
0.468008
0.390856
-0.756190
0.376858
0.489768
0.445446
-0.756190
0.430100
0.260514
-0.756190
-0.756190
0.328990
0.420295
0.421221
0.350919
0.477051
0.535128
-0.756190
0.356510
0.386695
-0.756190
0.472865
0.434926
0.242283
0.312259
-0.756190
0.233598
0.390391
0.012684
-0.756190
0.309717
0.506518
-0.756190
0.414736
0.294994
0.420853
0.162716
0.427654
0.438788
0.637102
-0.205246
0.324696
0.390777
0.291663
0.285069
0.012235
0.371087
0.696265
0.507359
0.382092
0.443637
0.504023
0.347584
0.151925
-0.756190
0.537261
0.319170
0.552663
-0.756190
-0.756190
0.117321
-0.639920
0.535092
-0.756190
0.173750
-0.348501
0.601073
0.327896
0.030746
-0.756190
0.223068
-0.756190
0.369412
0.067466
-0.756190
0.446990
0.086360
0.239572
0.091641
-0.756190
-0.594470
0.138253
-0.756190
-0.756190
-0.290971
0.687499
0.243250
0.563548
0.378643
0.210001
-0.031904
0.312697
0.472854
0.186425
0.176381
0.540449
0.052793
0.519189
0.096141
-0.150928
0.280366
0.598063
0.152725
-0.756190
0.501438
0.357208
-0.756190
-0.756190
0.584780
0.536010
0.445023
-0.756190
-0.756190
0.193339
0.544421
-0.756190
0.440924
-0.756190
0.286640
0.274616
0.542386
0.452126
0.433563
0.394597
0.423693
-0.205853
0.378954
0.561164
-0.756190
0.331528
0.091482
0.150657
0.549626
0.489998
0.677548
0.563102
0.304083
0.414677
0.442068
0.356427
0.248578
-0.756190
0.381726
0.321591
0.474620
0.376301
0.428841
-0.756190
0.380550
0.547219
0.178005
0.569273
0.445678
-0.756190
0.397485
0.730276
-0.756190
0.526213
-0.756190
-0.756190
0.332717
0.739063
0.533025
-0.756190
0.586149
0.576366
0.460723
0.372574
0.445314
0.448765
0.556122
-0.756190
0.493891
-0.756190
-0.756190
0.432426
0.340758
0.499376
0.548785
0.555128
0.538406
0.633971
0.603003
-0.756190
0.736207
-0.051628
0.282033
-0.006785
0.417631
0.501441
-0.175241
0.188534
-0.756190
0.099924
0.338625
0.559747
0.415022
0.390642
0.549513
0.098700
0.434059
-0.479172
0.334685
-0.200900
0.168328
-0.079473
0.302181
-0.012356
0.035658
-0.036851
-0.756190
0.065245
-0.756190
0.300319
0.408538
0.282385
0.462052
-0.756190
0.556637
-0.756190
-0.756190
-0.756190
0.194307
-0.756190
-0.331725
-0.756190
-0.756190
-0.756190
-0.328440
-0.434606
0.311910
-0.095225
0.368087
-0.756190
0.355609
0.311433
-0.756190
0.038398
-0.059957
-0.011038
-0.756190
0.163581
0.100303
0.297559
0.590473
0.132267
-0.756190
-0.756190
-0.756190
0.016757
0.176320
0.204700
-0.756190
0.152973
0.191516
-0.756190
0.019484
0.067153
0.150608
0.095441
0.167723
-0.756190
0.322584
-0.756190
0.338824
0.468435
0.539931
0.266394
-0.756190
-0.756190
0.277091
0.027204
-0.756190
0.218494
0.571836
0.172258
0.201687
-0.756190
-0.756190
-0.317534
-0.756190
0.119320
-0.756190
0.179191
-0.170774
-0.085025
0.339240
-0.756190
-0.136122
0.223564
0.342454
-0.756190
-0.106450
-0.756190
-0.756190
-0.756190
-0.505480
-0.756190
-0.756190
-0.756190
0.217223
0.286967
-0.756190
0.055570
-0.756190
-0.077134
0.195937
0.278248
0.201429
0.152276
0.170786
-0.434801
0.017560
0.269817
-0.756190
0.316536
0.411242
0.013903
-0.756190
-0.756190
-0.756190
0.475289
0.453324
-0.756190
0.192822
0.323274
0.016195
0.146009
0.288180
0.054058
0.289582
-0.756190
-0.366620
0.041742
0.557696
0.016100
0.146221
0.213089
-0.756190
0.503580
-0.756190
0.069739
-0.396735
0.546825
-0.756190
0.527333
0.524325
-0.756190
0.191505
0.531570
0.311231
0.511077
-0.046609
0.077629
0.043258
0.396540
-0.756190
0.389019
0.393696
0.419203
0.323957
-0.756190
-0.756190
-0.756190
0.033997
-0.115029
-0.756190
0.095107
0.138608
0.005852
0.387339
0.302771
0.055773
0.019183
-0.040052
0.349140
0.524745
-0.756190
0.337672
-0.756190
0.221214
0.618114
0.544637
0.313554
0.579546
0.266172
0.325820
0.091178
0.180878
0.166129
-0.756190
0.227889
0.121351
0.305823
-0.756190
-0.756190
0.271860
-0.224185
-0.261076
-0.070986
-0.756190
-0.756190
0.071605
0.123850
-0.038687
-0.756190
-0.756190
0.188448
0.739063
0.358756
0.287022
0.416940
0.007795
-0.756190
-0.258072
0.368105
0.167526
0.436651
-0.409948
0.065359
-0.756190
0.514717
0.278456
-0.756190
0.358928
-0.005075
-0.756190
-0.756190
0.064692
-0.352755
0.110323
-0.756190
0.143318
0.401544
0.430061
-0.756190
0.492982
-0.756190
0.305548
0.176356
-0.756190
-0.756190
0.739063
-0.756190
0.375618
0.083265
-0.756190
-0.756190
0.259471
0.115788
0.425300
-0.756190
-0.756190
0.032233
-0.756190
-0.756190
-0.756190
-0.756190
-0.756190
-0.756190
0.158407
0.639232
0.251190
-0.051856
-0.756190
-0.756190
0.377951
-0.756190
0.178389
0.231753
0.516015
-0.756190
0.392964
0.204587
-0.756190
0.437059
-0.756190
0.345596
0.226564
-0.031160
-0.756190
0.011039
-0.756190
-0.756190
0.345647
0.302277
0.132406
-0.145023
-0.314226
0.298232
0.201637
-0.756190
0.087656
-0.756190
0.056456
-0.756190
0.133576
-0.043919
0.160746
0.133277
-0.756190
0.269894
-0.201885
-0.756190
-0.756190
-0.756190
0.056518
-0.038713
-0.756190
0.094668
0.211782
0.149330
0.311136
0.484987
-0.161090
-0.756190
-0.756190
0.087566
-0.756190
-0.756190
-0.204093
0.502081
0.119515
-0.756190
0.171349
0.102223
-0.756190
-0.756190
-0.018419
-0.756190
0.008921
0.073806
-0.081053
0.254100
0.284109
-0.756190
-0.756190
-0.756190
-0.756190
0.310683
-0.756190
-0.756190
-0.501885
-0.756190
-0.756190
0.264711
-0.756190
0.360300
-0.042044
-0.756190
-0.756190
-0.756190
-0.756190
-0.756190
0.477074
-0.756190
-0.756190
-0.756190
-0.756190
-0.756190
0.161531
-0.756190
-0.227415
-0.756190
0.230394
-0.756190
-0.756190
-0.756190
-0.756190
0.100108
0.135735
0.154020
-0.756190
-0.756190
-0.756190
0.157208
-0.756190
0.241821
-0.020628
0.315628
-0.756190
0.011570
0.502460
0.242314
-0.756190
-0.756190
-0.756190
0.216975
0.182529
0.634377
0.041206
-0.756190
-0.756190
-0.044228
-0.756190
0.403649
0.275386
0.267974
0.251019
0.031142
-0.756190
0.194187
0.389469
-0.148799
-0.756190
0.087011
0.097623
0.088974
0.021482
-0.756190
-0.011777
-0.756190
0.280528
0.320453
0.393750
0.108968
-0.756190
-0.756190
0.162762
0.293288
0.244252
0.068755
-0.756190
0.568484
0.505192
-0.756190
0.382664
-0.320063
0.107998
-0.756190
-0.756190
-0.011605
-0.756190
0.035050
0.466492
-0.756190
0.175932
-0.218512
0.564566
0.444223
0.539990
-0.756190
-0.756190
-0.024989
0.224262
-0.756190
0.244762
-0.756190
-0.008565
-0.341504
0.621630
-0.756190
-0.167663
0.190798
0.518856
0.023356
0.520937
0.518698
0.409048
-0.756190
0.210912
-0.756190
-0.756190
0.388605
-0.756190
-0.756190
0.665052
0.311937
-0.756190
0.363614
-0.756190
-0.756190
-0.154136
0.245246
0.262760
0.365165
-0.756190
-0.199848
0.412633
-0.756190
0.155359
0.328957
-0.756190
-0.756190
-0.756190
-0.756190
0.375215
0.057190
0.344254
0.375972
-0.174652
0.073828
-0.030131
0.696047
-0.756190
0.586239
-0.638961
0.570158
0.195317
0.462887
-0.756190
-0.756190
0.308764
0.177066
0.117382
0.132288
-0.092667
-0.756190
0.268597
0.244318
-0.756190
-0.038788
0.101098
0.155720
-0.756190
-0.756190
-0.756190
0.247465
0.513015
0.211561
0.033969
-0.756190
-0.756190
-0.049950
-0.756190
0.295323
0.139365
-0.756190
0.419565
-0.756190
0.097073
-0.756190
-0.756190
0.006198
0.277238
0.139225
-0.756190
0.490480
0.105837
0.349104
0.491865
0.523924
0.465157
0.248253
-0.756190
0.435377
-0.756190
0.056051
0.368508
0.517358
0.606839
0.307135
0.566948
0.083978
0.493430
-0.084859
0.619881
-0.756190
0.150937
0.214696
-0.756190
0.231832
0.376751
0.598636
0.232704
-0.756190
-0.756190
-0.756190
0.457948
0.572144
0.511316
-0.147112
-0.756190
0.427193
0.535233
-0.756190
0.192461
-0.038506
0.594295
-0.756190
0.392156
0.155465
-0.756190
-0.756190
0.077482
0.418698
0.296497
0.136714
0.162557
0.053149
-0.756190
0.407577
0.681139
0.587487
0.319830
-0.756190
-0.756190
-0.235594
0.408324
0.084141
-0.756190
-0.756190
0.739063
-0.756190
0.271764
-0.756190
0.550706
0.537625
0.560454
0.290556
-0.756190
0.248386
-0.054065
0.187329
-0.756190
-0.142938
0.289457
0.382862
0.065297
0.280827
0.400498
0.460076
-0.756190
-0.527859
-0.756190
-0.756190
-0.756190
-0.756190
0.132250
0.494715
0.411106
0.545596
0.566869
-0.756190
-0.756190
0.430686
-0.072025
-0.756190
0.267145
0.232794
-0.756190
0.226277
0.287781
-0.756190
0.006244
0.360544
-0.756190
0.249450
0.115903
-0.756190
0.490593
-0.756190
0.314896
0.396888
0.246248
-0.373384
-0.756190
0.612967
0.370132
0.711229
-0.756190
-0.756190
0.121159
-0.756190
-0.756190
0.360027
0.144312
0.011361
0.092509
0.465482
0.084778
0.340172
0.719359
-0.756190
0.465559
0.640984
-0.756190
-0.756190
-0.756190
0.331651
0.443872
0.597257
0.254985
0.299975
0.488424
0.438820
0.326720
-0.756190
-0.756190
-0.756190
-0.756190
0.531213
0.369265
0.345056
-0.756190
-0.756190
-0.756190
0.606832
0.437678
0.135418
-0.756190
0.608543
-0.756190
0.044420
0.593934
0.437601
0.382591
-0.756190
0.517942
0.584731
-0.756190
0.467780
-0.756190
0.134232
-0.756190
0.488952
-0.070533
0.402810
-0.756190
-0.021200
0.646673
0.515456
0.211634
-0.756190
0.369121
0.167344
0.560264
0.721704
0.535208
0.559290
0.589977
0.163616
0.595668
0.481240
0.452138
0.543115
0.217810
0.455532
-0.756190
0.514798
-0.756190
0.117191
0.215487
0.363431
0.589406
0.739063
0.628792
0.562636
-0.756190
-0.756190
0.595364
0.380844
-0.756190
-0.756190
-0.756190
-0.521723
0.190704
0.329216
-0.756190
-0.756190
0.169477
0.676302
0.305467
-0.756190
-0.380155
-0.756190
0.434430
-0.756190
-0.756190
0.219712
0.618189
-0.756190
-0.756190
0.477600
-0.756190
0.262991
0.397681
-0.756190
0.314098
-0.756190
0.089696
-0.224111
-0.756190
-0.756190
-0.756190
-0.756190
-0.756190
0.108883
-0.040067
0.075175
-0.756190
0.535233
0.145680
-0.065339
-0.756190
-0.756190
-0.756190
0.157604
0.642766
-0.756190
0.477760
-0.756190
0.046072
-0.756190
0.037816
-0.756190
-0.756190
-0.756190
-0.756190
-0.756190
-0.234192
-0.756190
0.149162
0.216592
-0.756190
0.244952
0.237602
-0.756190
0.342231
-0.756190
0.005695
0.187109
-0.756190
0.514998
-0.756190
-0.756190
-0.756190
0.482204
0.337363
-0.260965
0.535233
-0.756190
0.037816
-0.756190
-0.177438
0.194265
-0.756190
0.638388
-0.756190
-0.756190
0.249840
0.258807
-0.756190
-0.756190
-0.756190
0.279694
0.535233
-0.756190
0.191857
0.203718
-0.756190
-0.026392
0.045358
0.330595
-0.756190
-0.756190
-0.756190
-0.756190
0.267401
-0.756190
-0.756190
-0.756190
0.341272
-0.756190
-0.756190
-0.756190
-0.756190
0.313302
0.226665
-0.756190
0.459641
0.209660
0.104786
-0.756190
-0.756190
0.024156
