65.203866
76.424215
68.728936
65.203866
70.600446
71.386603
84.641443
73.663040
81.123841
84.641443
65.203866
80.193878
84.641443
71.718200
84.641443
66.911944
78.605100
84.641443
79.180788
84.641443
65.203866
65.203866
71.155059
73.375630
84.641443
79.374733
79.544958
83.914278
82.898771
73.775939
71.554501
74.619478
73.979466
65.203866
84.641443
84.641443
84.641443
65.203866
79.464091
81.786027
65.203866
84.641443
84.641443
65.203866
84.641443
65.203866
76.055667
75.071964
84.641443
84.446611
79.648622
72.853298
72.598405
84.641443
67.689389
68.068410
84.641443
65.203866
68.482211
73.982208
70.634397
65.203866
84.641443
84.641443
80.599010
74.101147
71.280863
76.503586
78.332142
77.256576
71.133281
76.209765
74.067609
78.451712
72.762728
81.737684
81.352816
84.641443
81.535976
84.641443
77.160048
84.641443
68.617647
65.203866
84.641443
84.641443
84.641443
68.470467
79.623893
82.752167
65.203866
82.264433
71.979956
77.678764
80.268962
65.203866
84.641443
72.680620
79.906194
71.605793
74.503219
65.203866
65.203866
81.044997
77.509071
84.641443
78.643864
73.979487
76.246131
84.641443
78.151196
72.619876
84.641443
84.641443
76.499369
84.641443
65.203866
65.203866
76.305363
80.639179
84.641443
71.827372
84.641443
84.641443
67.145367
69.476193
79.131745
80.933559
74.455994
68.751353
78.534745
77.340863
84.486824
77.814354
65.203866
84.641443
79.739799
66.151723
84.641443
65.203866
78.286576
70.084945
73.586603
73.508514
71.205797
83.764331
72.428002
76.821333
84.641443
84.641443
78.636040
69.598181
84.641443
66.667284
84.641443
65.203866
65.203866
75.928642
73.243919
67.464224
70.780792
74.987748
80.183646
68.916553
83.494266
76.916704
84.641443
80.754826
84.641443
83.896248
65.203866
84.641443
84.641443
83.254810
84.641443
79.636627
79.858592
80.427323
74.307285
84.641443
77.358019
65.203866
71.339911
65.203866
70.205655
75.028369
84.641443
73.439303
68.306619
71.091332
65.203866
76.331268
65.203866
70.343217
71.833784
76.374681
76.034940
84.641443
84.641443
65.203866
84.641443
75.280514
72.835556
72.906286
65.203866
83.174231
76.247757
76.112755
75.429691
72.918075
84.641443
71.506987
84.641443
65.203866
84.641443
71.925263
71.708151
78.166905
76.004089
82.474997
78.565662
74.811737
70.585828
72.519793
78.661193
81.515059
78.338946
74.986197
76.993722
72.163660
65.203866
84.641443
77.431162
82.030516
74.538471
84.641443
80.753299
84.336881
75.825060
77.575147
82.053963
67.762647
79.180485
84.641443
73.249298
84.641443
74.614788
84.641443
65.203866
80.287863
69.545392
71.724395
84.641443
77.400747
78.862685
84.641443
77.269274
84.535452
81.296028
80.064867
77.951238
84.641443
74.285215
71.412358
65.203866
79.504734
82.633523
65.203866
67.475388
70.282525
65.203866
65.203866
65.203866
80.797595
65.203866
84.641443
84.641443
78.641475
77.713125
84.641443
65.203866
65.203866
71.184175
65.203866
65.203866
79.970537
71.462877
65.203866
84.641443
84.499870
84.641443
84.641443
73.147646
72.725032
65.203866
84.641443
70.859614
84.641443
72.598151
69.374984
75.786810
84.641443
83.708942
73.458340
76.983753
70.936467
71.487720
65.203866
84.641443
70.889684
73.321697
65.203866
79.080963
84.641443
77.487948
69.626132
76.574398
65.203866
78.108657
74.794920
65.203866
80.509255
72.615362
84.641443
84.641443
67.543453
65.203866
77.754445
84.641443
65.203866
84.641443
69.163642
79.372764
70.764635
84.641443
71.927722
84.641443
73.798167
67.906398
76.699491
73.347658
81.367447
65.203866
70.476811
73.183047
79.211541
65.203866
84.641443
78.529159
73.369043
80.342463
65.203866
70.968575
84.641443
65.203866
82.762842
80.357928
84.111253
74.335113
69.527300
84.641443
84.641443
66.925651
84.641443
78.107112
76.839403
84.641443
65.203866
84.641443
84.641443
69.902855
84.641443
65.203866
84.641443
66.544180
73.999833
65.226931
81.565408
73.017176
73.888765
80.035579
73.335057
80.445119
76.688381
77.940527
84.641443
72.466577
77.770357
79.470592
81.467371
70.515178
65.203866
84.641443
79.021590
66.168296
78.218103
80.714649
69.923426
69.937308
71.044682
84.641443
65.203866
77.484464
77.734289
72.157100
84.641443
83.790646
71.204556
74.696258
75.289415
71.699921
77.809427
65.203866
69.525745
75.229771
69.437760
84.641443
71.133847
65.606290
84.641443
65.203866
76.290145
78.389286
65.203866
77.735122
65.203866
74.222626
80.426349
81.607270
70.452421
65.203866
84.641443
84.641443
79.559031
65.203866
71.859230
65.203866
70.393166
70.935820
65.203866
78.153231
84.641443
78.703100
68.213141
73.904376
75.657289
66.946413
72.752113
65.203866
77.750271
76.283616
79.360276
66.789250
65.203866
75.914854
75.843497
65.203866
80.898737
77.511192
74.745905
65.203866
65.203866
82.710479
80.016440
81.339704
70.863456
65.203866
65.203866
78.258359
65.203866
75.624385
69.708188
73.564020
77.526410
77.192258
84.641443
73.591432
69.914590
65.203866
75.181380
74.376863
83.532691
83.953480
65.203866
80.166078
69.660236
84.641443
65.203866
71.281876
65.203866
65.203866
76.906782
77.047060
77.266199
65.203866
79.978664
80.234599
72.554067
69.532202
84.641443
71.440213
70.898720
77.623480
78.840067
78.923859
71.484609
84.641443
74.313145
84.641443
73.156334
72.655277
72.832479
78.879030
73.203675
65.203866
78.770826
71.758653
76.132866
70.735822
65.203866
65.203866
72.968813
84.228041
79.528456
84.641443
83.712009
75.560164
78.548602
74.375226
81.044352
84.641443
76.555901
75.993586
80.367448
74.139669
76.761248
70.700906
65.203866
74.946340
65.203866
78.183841
70.709843
69.473856
84.641443
71.895569
73.168205
76.864580
73.899667
65.203866
84.641443
65.203866
84.641443
73.920985
83.166780
84.641443
65.203866
70.930882
75.698957
71.751947
75.873013
72.178821
76.028626
65.203866
72.576922
80.625229
65.203866
67.716308
69.811303
67.180050
83.205495
65.203866
73.517755
76.796206
68.901371
79.630387
70.728602
66.793349
78.133088
65.203866
78.432921
73.288370
72.893104
65.203866
69.125379
84.641443
65.203866
65.203866
73.519751
72.459922
80.090496
75.372592
67.913110
73.162186
65.203866
79.961436
71.621842
65.203866
74.960033
76.294666
72.339663
78.787619
65.203866
71.242155
70.526317
79.644496
65.203866
78.099505
76.533676
65.203866
78.803826
78.596562
71.413998
76.698635
76.700874
76.628459
65.203866
84.641443
80.565366
77.012960
72.489032
75.301110
84.641443
74.295720
78.123370
69.614929
82.811629
74.660252
71.248172
71.374041
65.532869
65.203866
80.366803
74.041965
70.047159
65.203866
65.203866
84.641443
65.203866
71.846952
65.203866
84.641443
84.641443
65.203866
82.725530
80.601682
65.203866
84.641443
65.203866
83.936162
84.641443
65.203866
81.078699
65.203866
76.522133
84.641443
65.203866
65.203866
81.447244
65.203866
65.203866
84.641443
74.242284
74.225473
70.470137
81.602964
65.203866
84.641443
75.200667
76.795135
78.479422
75.051578
79.879514
84.641443
69.001858
83.561051
84.641443
76.278539
76.735355
80.405539
65.203866
72.429521
77.383900
65.203866
65.203866
66.718134
79.118852
76.669986
84.641443
65.203866
80.056382
71.677850
65.203866
80.998235
65.203866
79.843932
78.276396
71.724116
78.042160
72.418858
78.912434
72.493425
84.641443
76.220302
75.753016
65.203866
77.775904
84.641443
80.984419
75.629145
76.826619
75.284254
76.555567
72.316619
74.883241
73.454268
69.824967
77.492099
65.203866
72.585041
74.009594
76.638581
72.056001
68.836518
84.641443
79.389614
80.892982
72.055159
72.783683
68.822086
65.203866
74.831547
67.861420
65.203866
76.614540
65.203866
65.203866
72.192755
84.641443
73.573616
84.641443
65.203866
71.250489
72.664973
68.415143
80.138993
69.053083
78.995420
65.203866
79.367606
65.203866
65.203866
71.069392
70.501296
79.743279
75.053689
78.833688
75.194873
65.203866
75.233409
65.203866
70.796219
84.641443
76.293836
84.641443
65.203866
75.009722
65.203866
81.853957
65.203866
84.641443
78.306270
78.904078
75.692173
70.462974
75.950076
65.203866
78.436952
84.641443
78.670885
84.641443
82.417497
84.641443
79.461071
84.641443
79.947577
84.641443
65.203866
65.203866
65.203866
74.252050
78.160521
78.772464
76.308900
84.641443
79.256484
84.641443
65.203866
65.203866
77.227710
84.641443
84.641443
65.203866
65.203866
65.203866
84.641443
65.203866
74.174565
84.641443
83.021740
65.203866
77.473355
74.782978
65.203866
83.659451
84.641443
84.641443
65.203866
80.625542
78.071085
69.198473
79.207998
68.972418
84.641443
65.203866
65.203866
84.641443
82.700707
78.092537
65.203866
84.218114
79.880099
65.203866
84.641443
84.641443
84.360965
84.641443
81.525495
65.203866
81.534074
65.203866
77.397111
71.607935
70.809529
73.045258
65.203866
84.641443
81.359235
84.641443
65.203866
83.453112
70.235465
76.018288
83.542676
84.641443
65.203866
84.641443
65.203866
79.804925
84.641443
80.021821
84.641443
84.641443
76.093361
84.641443
84.641443
73.079203
66.779455
65.203866
84.641443
65.203866
65.203866
84.641443
84.641443
65.203866
65.203866
84.641443
73.685162
77.332834
65.203866
84.641443
65.203866
84.641443
68.090822
79.620671
82.245097
76.203370
73.096076
84.641443
77.925049
73.954626
65.203866
84.641443
74.423417
81.779829
65.203866
65.203866
65.203866
72.241521
77.004752
65.203866
73.612311
78.006917
84.641443
80.356926
74.826318
83.982049
83.085938
65.203866
84.641443
84.183969
73.756003
84.641443
78.886198
75.816656
65.203866
65.203866
65.203866
84.641443
84.641443
70.581531
65.203866
72.743007
72.785125
65.203866
77.629091
65.203866
78.953255
65.203866
84.641443
84.194576
77.249966
73.629791
65.203866
77.303940
80.113255
72.406120
83.807598
84.641443
65.203866
65.203866
65.203866
84.641443
65.203866
82.855764
84.324375
65.203866
67.164978
78.990804
84.044151
84.641443
84.641443
78.413677
72.358329
65.203866
79.533461
65.203866
67.886373
80.368867
73.594617
78.906176
68.244315
74.788961
77.491040
77.716290
65.203866
75.460346
65.203866
80.379511
84.641443
69.470750
84.641443
84.641443
73.780880
65.203866
84.641443
84.641443
65.203866
65.203866
65.203866
77.416830
84.641443
65.203866
84.641443
80.330213
84.641443
75.243602
81.571259
79.380399
84.641443
65.203866
65.203866
71.437183
78.242639
70.324919
84.641443
84.641443
84.641443
70.990648
66.189658
65.203866
79.314943
84.641443
84.641443
65.203866
82.760683
84.641443
76.588623
65.203866
68.755875
71.740317
76.254974
65.203866
65.203866
65.203866
77.291594
83.994794
65.203866
84.641443
84.641443
84.641443
74.006349
82.919295
65.203866
65.203866
71.588976
81.764575
79.144123
84.641443
65.203866
65.812136
65.203866
65.203866
65.203866
65.203866
65.203866
65.203866
76.492440
73.926373
81.715297
84.641443
65.203866
65.203866
77.904312
84.641443
71.426699
71.454085
71.035603
65.203866
74.285984
76.702399
65.203866
76.369122
65.203866
76.675782
84.641443
84.641443
65.203866
84.641443
65.203866
65.203866
75.165893
72.112644
84.641443
84.641443
84.641443
79.404507
71.572489
65.203866
82.057781
65.203866
84.641443
65.203866
72.364082
84.641443
72.500930
83.142926
65.203866
76.443608
84.641443
65.203866
84.641443
65.203866
74.014492
65.203866
65.203866
79.922557
73.367824
67.573152
76.883102
73.774838
83.300102
65.203866
84.641443
82.027533
65.203866
65.203866
84.641443
65.856981
78.802119
65.203866
70.445468
77.537940
65.203866
65.203866
65.203866
65.203866
84.641443
84.641443
84.641443
70.413568
74.639525
65.203866
65.203866
65.203866
65.203866
65.203866
65.203866
84.641443
84.641443
65.203866
65.203866
73.088208
65.203866
67.642423
84.641443
65.203866
65.203866
65.203866
84.641443
65.203866
81.497250
84.641443
84.641443
65.203866
84.641443
65.203866
74.265605
65.203866
84.641443
65.203866
84.346520
65.203866
65.203866
65.203866
84.641443
84.641443
84.198348
84.641443
65.203866
65.203866
65.203866
67.227141
65.203866
82.325189
84.641443
75.346999
65.203866
84.641443
66.199992
78.339130
65.203866
65.203866
65.203866
84.036746
81.659204
76.024528
84.641443
65.203866
65.203866
84.641443
84.641443
74.550802
75.489103
65.203866
80.156754
84.641443
65.203866
83.861864
77.742594
84.641443
65.203866
84.641443
84.641443
84.641443
84.641443
65.203866
84.641443
84.641443
71.542003
73.041918
70.812440
80.846735
65.203866
65.203866
83.093983
69.694432
69.661418
84.641443
65.203866
81.856406
79.855359
65.203866
75.633369
84.641443
84.641443
84.641443
65.203866
84.641443
65.203866
84.641443
71.535990
65.203866
77.448803
84.641443
83.992348
75.415526
65.203866
65.203866
65.203866
74.167563
71.310269
65.203866
73.877470
84.641443
84.641443
65.203866
73.697577
65.203866
84.641443
82.793772
71.651094
75.962909
76.726535
75.162666
71.935714
65.203866
76.276090
65.203866
84.641443
72.560801
65.203866
84.641443
71.457140
78.054803
65.203866
72.629014
65.203866
84.641443
84.641443
79.288556
84.641443
74.661469
65.203866
84.641443
65.831308
65.203866
84.641443
69.879021
65.203866
65.203866
65.203866
84.641443
82.020571
84.641443
68.195547
78.057276
84.641443
84.641443
84.641443
74.986805
65.203866
69.275776
84.641443
75.446906
69.574725
71.956231
84.641443
84.641443
77.268649
78.149583
84.641443
80.774056
84.641443
65.203866
73.154113
79.297058
65.203866
84.641443
69.291609
78.534521
65.203866
65.203866
65.203866
78.857127
67.046689
70.834657
84.641443
65.203866
65.203866
84.641443
65.203866
80.561856
84.641443
65.203866
73.148062
65.203866
84.641443
65.203866
65.203866
84.641443
77.253168
84.641443
65.203866
69.350458
80.034469
73.972415
74.256416
70.283106
79.272559
65.729005
65.203866
77.209583
65.203866
84.050039
72.526179
67.960115
72.502013
83.386983
70.863285
65.203866
68.592059
84.641443
69.241824
84.641443
75.028377
73.737474
65.203866
70.344600
65.203866
75.388153
75.646404
65.203866
84.641443
65.203866
74.188274
76.457408
75.932288
65.203866
65.203866
70.775491
73.694674
65.203866
65.203866
84.641443
71.232877
84.641443
70.081962
72.374549
65.203866
65.203866
69.228557
68.142043
78.371036
82.394769
74.401317
77.851996
65.203866
71.228517
77.173000
81.574903
79.908227
65.203866
65.203866
65.203866
78.185873
84.641443
65.203866
65.203866
84.641443
65.203866
69.027387
65.203866
74.774713
78.558164
80.714346
76.126506
65.203866
65.203866
67.273646
71.820683
65.203866
84.641443
70.824380
75.225790
72.775051
75.797019
78.875486
75.442368
65.203866
84.641443
65.203866
65.203866
65.203866
65.203866
84.641443
67.628511
71.944043
68.464195
71.609546
65.203866
65.203866
70.513372
84.641443
65.203866
79.024378
71.646188
65.203866
77.557120
78.503070
65.203866
84.641443
78.844272
84.641443
76.992425
83.268007
65.203866
77.182182
65.203866
74.304492
71.571001
72.861108
77.391193
65.203866
74.825003
72.661688
65.203866
65.203866
65.203866
81.635695
65.203866
65.203866
73.518056
72.277521
65.203866
66.979671
73.541287
81.746381
74.389359
78.108201
65.203866
69.358138
74.511493
65.203866
65.203866
65.203866
73.192310
75.585441
73.985707
67.397188
76.701769
74.337908
75.327150
66.118579
65.203866
65.203866
65.203866
65.203866
65.203866
76.111056
77.289844
65.203866
84.641443
65.203866
72.680574
70.290900
70.033632
65.203866
77.545855
65.203866
78.004434
76.074301
70.923089
75.530525
65.203866
81.571185
65.203866
65.203866
75.239289
65.203866
65.203866
65.203866
71.914433
65.203866
75.159011
65.203866
84.641443
75.157218
68.546528
73.725532
65.203866
69.946037
74.424589
75.192116
68.048095
79.608284
72.979737
66.334732
80.057929
72.745193
73.313151
66.810402
76.057516
70.571320
75.798034
65.203866
76.988131
84.641443
76.630123
69.917814
73.724733
66.160252
78.026274
71.512631
70.877556
65.203866
65.203866
70.642587
73.978194
65.203866
65.203866
65.203866
84.641443
82.753257
65.203866
65.203866
84.641443
84.367637
68.390759
79.165895
65.203866
84.641443
65.203866
71.668187
65.203866
65.203866
79.741190
73.871112
84.641443
84.641443
73.961105
65.203866
74.227723
77.417254
65.203866
74.265533
65.203866
84.641443
84.641443
65.203866
65.203866
65.203866
65.203866
65.203866
84.641443
84.641443
73.847298
65.203866
70.711196
84.641443
84.641443
65.203866
65.203866
84.641443
79.909795
70.428183
65.203866
68.146570
65.203866
84.641443
65.203866
84.641443
65.203866
65.203866
84.641443
84.641443
65.203866
84.641443
65.203866
84.641443
79.295670
65.203866
72.290509
80.422909
84.641443
71.310800
65.203866
84.641443
78.285669
65.203866
75.588982
65.203866
65.203866
65.203866
77.205716
74.431734
84.641443
80.790716
65.203866
84.641443
65.203866
84.641443
84.641443
65.203866
73.679862
65.203866
65.203866
84.641443
83.188567
65.203866
65.203866
65.203866
78.474992
69.042200
65.203866
80.277730
80.449479
65.203866
84.641443
84.641443
76.376337
65.203866
84.641443
84.641443
65.203866
81.394387
65.203866
65.203866
65.203866
76.592687
65.203866
65.203866
84.641443
65.203866
68.553839
83.612972
65.203866
66.292386
81.309583
84.641443
65.203866
65.203866
84.641443
