-0.313650
0.008498
0.041444
0.526499
-1.156264
0.065192
-1.263220
1.479051
-1.030195
1.414194
-1.706995
-0.673796
-0.416451
0.273840
0.466765
-1.020654
0.114267
-1.254859
-0.290603
-0.217773
-2.038877
1.555783
-0.262107
0.146079
-0.248620
0.735177
-0.458015
0.440229
0.237301
0.036945
0.777192
0.393092
0.808004
-0.404052
1.360788
0.080534
0.706453
0.106317
-0.889740
-0.532594
-0.081039
-0.823189
-0.803404
-0.957877
0.396455
-0.390911
-1.399264
-0.043748
1.822840
0.879376
-2.012909
-0.156275
1.242253
-0.105596
-0.432325
-0.499880
0.665343
0.411301
0.692187
1.490688
-1.255471
0.758894
-0.198589
0.185447
0.702489
-0.639079
0.300236
0.110105
-0.520439
0.223135
0.611685
0.268324
0.529417
0.673401
-0.209432
-0.105484
0.111326
1.148170
-0.166096
-1.329839
1.067709
0.272828
-0.195006
-0.726921
-1.149751
1.818021
2.209279
-2.115386
1.605540
0.220305
0.436943
1.003393
0.582418
0.481982
0.194930
-1.413446
-1.128045
0.170285
0.264546
1.542126
0.199233
1.007605
-0.225922
-0.338659
-0.281896
0.839217
-1.160568
0.045583
-0.114647
1.164959
-1.833647
0.807911
0.317860
-0.189421
-0.121956
1.400210
0.264348
1.996653
-0.485110
-0.261256
-0.784093
-0.178553
0.791467
-0.085931
-1.771675
0.132196
-0.007313
-0.515735
0.463004
-1.758840
0.818759
-1.525715
0.115065
1.927754
-0.802829
-1.188762
1.810138
1.056972
-0.394693
0.537590
-0.570975
-0.036567
-0.760867
-0.149977
-0.760694
1.642373
0.473300
0.839568
0.703389
0.584226
1.580206
0.852957
-0.575782
-1.196574
-0.271607
-1.206637
0.508449
-0.502663
1.633192
-0.438707
0.222091
0.763360
0.131225
0.460147
-0.314822
-0.391563
-0.989447
-0.600149
-1.957147
1.923688
1.711569
-0.070877
-0.405698
0.876980
-0.443404
-1.425390
-1.313081
2.234808
-1.563548
-1.079589
-1.240729
0.532880
-0.688070
-0.972715
-0.359951
1.619774
-1.132989
-0.352833
0.520959
0.246319
-0.214300
-0.548207
-0.348548
-1.635969
0.649468
-0.866985
0.867628
0.445262
-0.830389
-0.477679
-0.330720
-0.251390
-0.610064
0.747418
1.638760
0.183466
-0.046659
-2.012531
0.118355
1.680342
1.101367
-1.282086
-1.335851
-0.005231
-0.848916
0.676808
-1.181458
-0.540631
0.591227
-0.121330
-1.075357
0.836056
-2.452866
-2.327360
0.074024
0.380029
1.093455
0.159837
1.106402
-0.114095
-0.776173
0.668401
0.314899
0.908654
0.538245
0.154893
-0.613392
0.580329
1.708122
0.345441
-0.911822
-0.222437
0.199985
-0.503019
-1.418144
0.276729
-0.534733
-0.439707
-0.956215
0.421296
1.013484
-0.005338
-0.392690
-1.305535
0.485488
-0.157242
-0.030659
-0.328777
1.045757
0.434863
-0.196563
2.113552
2.516102
-1.216601
-0.536747
-0.641829
1.246898
-0.554375
-0.626248
-1.048265
1.365318
1.076625
0.260172
-0.212118
-0.270146
0.733703
-0.625707
0.916635
-0.843782
0.547507
1.963384
-0.398262
-0.472329
-1.633259
0.038050
-1.718278
-0.039702
-0.891539
-0.187582
0.420830
-0.084489
-0.606405
0.609284
1.003546
2.200385
-1.401029
-1.544243
-1.193198
1.176053
0.601989
0.351232
-1.553681
0.308178
-0.629461
0.695530
1.738854
-1.241893
1.678357
0.470326
1.146794
-1.857304
1.380118
0.948274
0.027382
-0.213795
-0.894016
-0.126390
-1.982452
0.412768
-1.409352
0.484432
1.236994
0.672345
-1.585764
-0.429503
0.666284
-0.953718
-1.857649
-0.263515
-0.176213
0.745669
0.701808
-1.536660
0.878356
0.566782
-0.038579
-0.406835
-1.357998
0.548090
0.302186
-1.202291
-0.933719
-0.491746
-0.803681
1.347129
-0.343577
0.504857
0.350584
1.190720
-0.772776
1.630738
-0.071881
3.737317
1.805110
-0.345155
1.155533
0.243246
-1.401763
1.497966
0.275161
2.745320
-1.822487
0.527475
-0.639481
1.180671
-0.412811
0.896643
1.642319
0.918044
0.672332
1.045634
0.978506
-1.612681
-0.897627
-1.118595
-0.500644
-2.385317
1.557507
1.441338
0.878514
-0.020623
-0.808228
-0.830357
0.111664
1.569611
2.289540
-0.817941
0.490757
1.526275
0.298919
2.228635
0.190346
-0.109497
0.230732
1.694213
-0.641638
0.531401
0.760186
-0.810522
0.176849
-0.361796
0.240962
0.883156
-1.749297
-0.235189
-0.660966
-0.455007
-0.887840
-1.479963
0.437436
-1.344891
-0.385882
-0.513377
0.375588
-1.742940
-0.266244
-1.175472
-0.459629
0.312735
-1.128044
0.068311
-0.210226
-1.363567
-1.123564
-1.804634
0.533486
-1.219353
-1.150858
-0.520894
0.389040
