84.277595
84.277595
63.800026
73.805848
84.277595
81.406226
63.800026
74.753803
70.736818
80.890101
83.910374
75.002193
81.191261
84.277595
84.277595
78.422409
84.277595
64.609400
84.277595
63.800026
70.351612
76.846002
75.050473
75.371004
84.277595
84.277595
63.800026
63.800026
68.215373
84.277595
66.731580
71.748687
63.800026
75.524339
73.618280
78.611251
63.800026
74.134935
63.800026
72.582940
73.700986
79.343882
63.800026
71.348522
65.982624
63.800026
63.800026
78.794009
73.083328
84.277595
78.764734
74.167092
80.867197
84.277595
79.710808
84.277595
84.277595
63.800026
69.532273
84.277595
84.277595
76.202773
80.664759
69.309682
70.259608
78.638465
76.114873
84.277595
78.305372
72.001704
84.277595
76.517736
63.800234
84.277595
68.204739
71.397121
65.934490
84.277595
80.021578
63.800026
84.277595
68.030846
75.470189
63.800026
74.100000
63.800026
69.222237
69.433300
76.610228
67.702473
79.247981
70.394157
69.480161
84.277595
68.010145
70.470125
64.950466
63.800026
71.496089
73.321919
75.534223
63.800026
77.686368
72.015755
71.432847
81.888768
79.050676
73.346777
78.732708
72.010554
72.295579
78.179363
63.800026
84.277595
72.476549
84.277595
75.475391
63.800026
84.277595
71.497049
82.643730
73.650841
63.800026
72.635423
63.800026
77.986722
63.800026
77.431627
63.800026
76.327144
84.277595
76.360128
78.211743
66.268783
76.935240
71.792140
63.800026
73.599520
76.836178
77.820229
84.273643
78.496707
84.277595
71.563381
78.655380
64.190756
63.800026
69.691789
84.277595
71.036830
71.929018
78.380289
77.913208
84.277595
63.800026
72.068290
71.294364
71.856379
66.578111
84.277595
75.658138
84.277595
84.277595
83.047569
84.096585
82.748173
76.816465
84.277595
72.743164
81.597326
67.927232
75.360369
78.756411
63.800026
84.277595
77.385804
63.800026
84.277595
63.800026
84.277595
68.871265
63.800026
69.745626
77.909947
72.281765
63.800026
63.800026
70.754280
64.759821
77.116578
63.800026
84.277595
74.793792
73.484802
74.638270
75.570511
65.391306
67.274446
74.210402
82.692026
84.078939
71.583159
81.468733
77.166732
73.961457
76.587641
69.079284
73.764543
78.285397
70.168770
70.365046
73.373703
68.604020
73.245447
72.699488
63.800026
79.142863
72.796242
75.589417
83.353505
84.277595
63.800026
72.019837
69.343603
84.277595
77.243974
82.566482
84.277595
79.187927
72.335272
63.800026
74.973137
84.277595
84.277595
77.120432
63.800026
78.460202
84.277595
63.800026
84.277595
84.277595
77.961124
69.336863
84.277595
74.739107
70.023308
84.277595
75.496650
84.277595
84.277595
63.800026
78.022968
63.800026
79.108310
76.035548
84.277595
81.643203
84.277595
81.107395
78.744664
80.613259
64.171263
74.987599
74.252658
79.024411
73.983878
79.197969
68.062597
77.583853
83.516290
65.190490
72.423766
79.431611
80.986340
63.800026
84.277595
72.787931
84.277595
77.840787
69.869724
65.547247
70.125636
84.277595
79.616853
79.920103
63.800026
81.994670
77.503051
76.796634
80.722112
79.853160
63.800026
70.988427
63.800026
63.800026
83.217053
82.307380
63.800026
67.793517
69.675811
63.800026
70.217158
63.800026
84.277595
78.390156
71.181455
63.800026
66.487354
74.786408
74.829577
63.800026
63.823301
63.800026
84.277595
76.053781
63.800026
77.888668
68.329065
84.277595
84.277595
76.227144
65.903967
75.055210
77.569463
72.202556
84.277595
84.277595
72.309467
84.277595
69.662989
84.277595
74.081421
77.098049
63.800026
76.326441
67.025609
74.548348
75.441625
83.319431
77.424464
76.818623
76.378467
81.009541
77.773764
65.452170
78.311765
63.800026
78.756771
84.277595
75.716009
67.204734
84.277595
67.667723
63.800026
84.277595
84.277595
63.800026
74.433456
76.963325
82.711611
73.709318
63.800026
79.790869
72.271895
72.213252
71.534850
71.850799
72.586745
73.048032
83.498647
74.534248
63.800026
81.492484
63.800026
63.800026
79.769989
63.800026
67.125271
75.468127
76.824088
84.277595
70.422409
81.674312
80.839065
73.083821
70.040072
74.303009
65.773007
71.110488
63.800026
69.316388
74.755267
65.356683
73.937490
73.819573
84.277595
84.277595
63.800026
74.026781
63.800026
72.709386
84.277595
63.800026
78.241433
84.277595
84.277595
66.241537
70.493553
63.800026
70.773061
80.625356
75.717368
73.267977
82.150362
80.264261
84.277595
83.664423
63.800026
63.800026
84.196334
82.865765
84.277595
63.800026
76.406294
71.634153
84.277595
75.771025
81.103381
75.393539
84.277595
