0.133491
-0.264977
-0.482051
0.093813
0.055486
0.338231
0.007561
0.472265
-0.279600
0.437236
-0.000031
0.408534
0.146616
-0.136625
-0.036070
0.167558
-0.005660
-0.195716
0.052271
-0.769917
0.217529
0.547066
0.361229
0.589350
-0.093187
-1.178809
-1.178809
-0.011423
0.031796
-1.178809
0.047867
-0.129599
0.069966
0.200845
0.407780
0.084263
-1.178809
0.499972
-1.178809
0.194273
0.109486
0.042160
-0.119633
0.268144
0.498423
-1.178809
-1.178809
0.392744
0.428951
-0.277789
0.288599
0.330621
0.181198
-0.211798
0.187787
0.161890
-1.178809
-1.178809
0.524505
-0.137437
-0.367072
0.147574
0.397840
0.618693
0.174522
0.256977
0.329373
-1.178809
0.071816
0.169509
-1.178809
0.145562
-0.093554
0.075738
0.135279
0.477435
0.581988
0.018201
-0.103011
-1.178809
-1.178809
0.162833
0.480754
-1.178809
0.300840
-1.178809
0.397864
0.306828
0.425027
0.229079
0.144145
0.183328
0.463331
0.534357
0.131195
-0.010355
-0.093433
-1.178809
0.568231
0.391918
0.105457
-0.004035
0.116524
0.394907
0.450748
0.126978
0.341978
0.672281
0.007913
0.256258
0.057681
0.171283
0.234834
-1.178809
0.571301
-0.226140
0.303573
0.664989
0.012009
0.269838
0.385974
0.051146
-1.178809
0.271733
-0.142099
0.137131
-1.178809
0.151290
0.043533
-0.066788
-0.247995
0.238466
0.427592
0.079548
0.404595
0.280236
0.147122
0.115734
-0.092607
0.311355
0.157359
0.193156
-0.025915
0.449621
0.335752
0.121852
0.401830
0.247541
0.042069
0.226464
-0.270422
0.132649
0.384395
-0.130804
-1.178809
0.324094
0.561819
0.074773
0.418625
-0.253390
0.055614
-0.083181
-0.024503
0.087012
0.159519
0.125806
0.203106
-0.137766
0.128039
-0.158253
0.309882
0.420861
0.406723
-1.178809
0.110781
0.217679
-1.178809
-0.158545
-0.215107
-0.494068
0.208338
0.222422
0.155808
0.200324
0.559054
-1.178809
-0.023252
0.127194
0.323665
0.733768
0.041562
0.187931
0.152121
0.499069
0.143413
0.493892
0.467451
0.056016
-0.102309
0.064532
0.074478
0.363125
0.386650
0.192898
0.402411
0.232087
0.250931
-0.004700
0.067928
0.174600
0.372698
0.194743
0.256242
0.452292
0.276201
-1.178809
-0.018605
0.041192
0.021470
0.076124
-0.635795
0.410206
0.258519
0.069156
-0.243072
0.227305
0.278298
-0.215343
0.375532
0.276528
-0.293726
0.146549
-1.178809
-1.178809
0.092966
-1.178809
0.452353
0.026167
-1.178809
-0.407839
-0.029409
0.246791
0.146774
-0.434861
0.173872
0.419664
-0.096063
0.115031
-0.291105
-0.740127
-1.178809
0.126648
-1.178809
0.229722
0.376181
0.020990
0.167218
-0.468904
0.530252
0.265798
0.148455
0.557886
0.405751
0.138691
0.334956
0.545524
0.233590
-0.131381
0.045977
-0.108984
0.275605
0.280087
0.272833
0.042982
-1.178809
-0.022662
0.377114
-0.182828
-0.092400
0.231542
0.255393
0.402729
-0.108448
-0.002042
0.067988
-0.772939
0.352320
0.205985
0.037996
0.179027
0.094198
-1.178809
0.234881
-1.178809
0.625932
-0.037575
0.063382
-1.178809
0.268432
0.462881
-1.178809
0.157987
0.026385
-0.501740
0.290857
0.637677
-0.017015
0.328097
0.334234
0.397169
-1.178809
0.257905
-1.178809
-0.517271
0.435245
-1.178809
0.070523
0.076169
-0.121581
-0.174307
0.321608
0.482515
0.245574
0.323525
0.192640
-0.504665
-0.311507
-0.009605
-0.031211
0.441111
0.096114
0.237098
-0.009885
-1.178809
0.437914
0.254092
0.285214
0.167830
0.191318
0.436074
0.338209
-0.023093
0.154090
0.215902
0.378052
0.197210
0.066568
0.318700
-0.139929
0.362827
0.122683
-1.178809
0.399471
0.580320
-0.534217
-0.430422
0.341434
-0.043842
0.334814
0.425072
0.386727
0.013935
0.498389
0.370050
0.594255
-0.021796
0.487016
0.584764
0.374931
0.108907
0.615947
0.120737
0.023091
-1.178809
-1.178809
0.009725
-1.178809
0.386316
0.471304
0.347834
-0.104314
0.144029
0.445127
0.317061
0.523157
0.395974
0.431714
0.377636
0.581458
-1.178809
0.337551
0.125765
0.372777
0.446896
0.289311
0.052005
0.041493
-1.178809
0.604789
-1.178809
0.490640
0.187058
-1.178809
-0.169652
-0.128620
-0.091913
0.225287
0.068526
-1.178809
0.013857
0.170648
0.526101
0.245099
0.197519
0.091933
0.048855
0.001455
-1.178809
-1.178809
0.017311
0.123088
0.135751
-1.178809
0.079007
0.147773
-0.228591
0.403271
0.050690
-0.484667
-1.178809
