2.305674
2.962116
2.087099
0.534604
1.136180
0.324477
2.178120
1.730968
2.714125
2.063891
1.841360
0.811248
3.026749
2.437799
1.438753
2.723873
1.246225
1.773162
0.240472
0.554690
1.917363
2.064766
2.358776
2.497869
3.642225
4.419766
3.689653
1.111395
3.067726
1.309129
3.089506
2.382154
3.518890
2.315558
1.772063
3.953677
2.068677
1.895307
0.787041
2.802073
1.676884
2.453635
2.766370
1.591359
2.263354
0.780701
1.920685
3.355389
2.383045
1.652163
2.388074
3.930938
1.644111
1.934675
0.751834
3.781161
2.502004
2.462350
0.881078
3.629230
3.188417
1.882428
2.163860
1.838712
1.975138
2.641302
2.153575
2.662335
1.166155
1.488788
1.032353
1.780916
2.484218
2.045122
2.841809
1.933391
3.195105
1.700436
0.828336
1.784930
1.842998
3.531300
1.497305
2.310009
1.982579
1.133387
1.101705
2.373173
1.486327
3.317564
1.803412
1.977461
2.276760
2.230078
1.662498
4.490715
2.347234
0.941886
2.283035
0.961636
2.774957
2.220279
1.594213
2.178385
3.496761
1.759021
2.893460
0.895867
1.010149
1.446328
2.184889
0.692844
1.656521
3.234918
4.287064
3.172185
2.823274
2.253294
1.782914
2.300656
2.330680
1.879682
1.952761
1.443799
3.014254
2.207763
0.752332
1.261811
0.970043
0.773551
0.598491
2.010269
2.084815
1.760918
0.359169
1.738493
1.998541
1.766382
3.137220
2.646852
2.596886
2.437535
2.155951
1.740202
0.362956
0.347543
1.747973
1.952399
2.847561
1.799893
2.316391
0.923895
1.952158
2.415814
1.851142
1.557512
0.932139
1.943999
1.465924
3.676659
0.757480
1.878811
0.525648
3.397698
0.731546
2.146254
3.391068
0.479111
1.797221
1.952497
0.955106
2.886647
0.913229
5.390765
1.991173
0.680112
3.393755
3.766749
1.707655
4.821663
1.012713
2.089771
2.509094
1.560985
2.840577
0.674760
2.834617
1.766467
1.239557
3.044410
1.617587
3.370494
2.551047
2.371927
0.904371
3.300299
7.436416
1.499655
2.693887
6.743724
2.209422
0.491485
3.967422
2.207212
1.603271
2.228953
1.906450
2.805911
3.175435
4.564291
1.056316
3.401454
2.679223
0.490440
2.918620
1.053547
3.622394
3.071914
2.449019
2.509342
2.934789
2.236013
2.646611
0.957026
2.646621
1.294566
2.025680
2.864120
1.597280
3.284002
2.972075
2.335036
1.293769
2.000449
2.561380
3.867277
0.892553
1.568363
1.712137
1.246093
