1.361523
1.865083
1.193879
0.895703
1.065720
0.539339
0.590969
0.513051
2.524515
2.443081
0.166145
1.147364
1.391800
1.786682
1.336074
0.430308
1.413040
1.117883
0.647224
0.665160
1.126929
1.228921
0.200578
0.984901
1.668341
0.925453
1.390929
1.069366
3.471462
0.911626
1.910132
1.573139
1.439968
0.946133
1.291282
3.115532
1.444141
1.409976
0.752597
2.824526
0.672029
0.436154
1.736537
0.333361
0.957197
0.816038
1.551641
0.326436
0.523123
0.681557
2.530204
4.878914
1.177775
0.985518
0.667402
1.483675
1.397493
3.950822
1.275726
1.756565
2.308202
0.816085
0.572109
1.395776
1.502520
1.271425
0.357159
1.516575
0.697276
1.284402
0.625174
0.859774
1.562349
0.544373
0.802318
1.118725
0.161429
0.697932
0.486396
0.834764
1.340135
0.923935
0.969708
0.315561
1.424581
0.933078
0.714896
2.978997
1.815932
1.469914
1.330553
1.465580
0.676987
0.289500
0.918977
0.285388
1.182906
1.123091
1.036069
0.746929
0.191860
2.961355
1.674678
1.237633
1.113236
1.265388
0.830935
1.307700
0.657470
1.318228
1.442031
1.568901
1.463246
1.187014
1.370911
0.175747
0.270985
1.232063
1.605186
1.028898
0.878082
1.020191
0.422027
1.197736
2.284569
0.659688
0.774479
0.743757
0.546660
0.618952
0.422364
2.563862
3.026000
0.796710
1.040559
0.163977
1.899663
1.086137
0.270062
0.944066
1.699196
0.818696
0.292413
2.075022
0.786584
0.558537
0.285254
1.276837
1.693280
1.224022
1.139119
1.772734
1.030778
2.190712
1.547136
1.187061
1.044368
1.022957
1.201284
2.207741
1.985374
2.182565
1.386442
0.326027
0.723144
1.825063
0.782813
1.350151
1.032972
1.422486
1.063943
0.145768
0.548960
2.723650
1.741920
0.671798
0.791380
2.307956
1.250008
3.020022
0.420962
0.888146
1.187087
1.138883
0.166741
0.379246
0.386635
1.312742
1.120934
1.490923
1.193407
1.007293
1.635476
2.089997
0.356808
0.555704
0.506349
0.872398
0.957789
0.166943
1.337384
1.037260
0.601372
1.326938
0.950821
0.902115
2.226859
1.551311
1.730068
1.594209
0.891449
0.296514
1.884319
0.698436
2.830796
0.877708
0.832817
2.293947
0.703580
2.477852
1.767516
1.162493
1.072565
1.142097
1.255229
1.716329
0.987621
2.574374
0.361028
0.561893
0.975733
1.166499
0.892150
2.535962
0.213963
1.839309
1.013946
1.376548
1.646067
1.215148
