0.244582 -0.087010
0.244529 -0.078417
0.244472 -0.069716
0.244412 -0.060914
0.244348 -0.052015
0.244281 -0.043029
0.244211 -0.033963
0.244140 -0.024826
0.244046 -0.015621
0.243974 -0.006367
0.243904 0.002932
0.243838 0.012264
0.243798 0.021622
0.243744 0.030995
0.243700 0.040374
0.243668 0.049748
0.243652 0.059109
0.243655 0.068446
0.243680 0.077752
0.243730 0.087018
0.243811 0.096235
0.243925 0.105398
0.244077 0.114499
0.244271 0.123532
0.244512 0.132493
0.244803 0.141375
0.245149 0.150175
0.245555 0.158890
0.246023 0.167516
0.246558 0.176051
0.247149 0.184480
0.247846 0.192841
0.248604 0.201094
0.249444 0.209252
0.250368 0.217314
0.251379 0.225280
0.252479 0.233153
0.253672 0.240931
0.254958 0.248617
0.256341 0.256213
0.257822 0.263719
0.259402 0.271138
0.261084 0.278472
0.262870 0.285724
0.264760 0.292895
0.266756 0.299988
0.268861 0.307006
0.271075 0.313952
0.273401 0.320830
0.275829 0.327617
0.278385 0.334364
0.281070 0.341077
0.283866 0.347709
0.286787 0.354289
0.289836 0.360819
0.293018 0.367303
0.296337 0.373746
0.299799 0.380151
0.303409 0.386521
0.307173 0.392860
0.311100 0.399172
0.315195 0.405462
0.319468 0.411733
0.323927 0.417989
0.328581 0.424235
0.333458 0.430510
0.338496 0.436672
0.343794 0.442910
0.349328 0.449153
0.355119 0.455426
0.361161 0.461704
0.367470 0.468003
0.374054 0.474329
0.380921 0.480689
0.388079 0.487088
0.395534 0.493534
0.403290 0.500035
0.411349 0.506597
0.419794 0.513323
0.428373 0.519937
0.437424 0.526830
0.446575 0.533619
0.456197 0.540705
0.465870 0.547694
0.475999 0.554995
0.486115 0.562198
0.496529 0.569612
0.507094 0.577127
0.517895 0.584839
0.528511 0.592424
0.539270 0.600173
0.549990 0.607958
0.560613 0.615749
0.571075 0.623511
0.581309 0.631203
0.591366 0.638866
0.600832 0.646196
0.609990 0.653400
0.618667 0.660347
0.626903 0.667056
0.634406 0.673308
0.641487 0.679318
0.647864 0.684875
0.653828 0.690181
0.659226 0.695126
0.664352 0.699926
0.669183 0.704574
0.674016 0.709304
0.679032 0.714274
0.684485 0.719704
0.690655 0.725841
0.697842 0.732949
0.706348 0.741300
0.716474 0.751155
0.728507 0.762751
0.742703 0.776276
0.759435 0.791995
0.778390 0.809504
0.800066 0.829143
0.824199 0.850544
0.850798 0.873618
0.878469 0.897115
0.907875 0.921627
0.936912 0.945467
0.966071 0.969163
0.994453 0.992098
1.022114 1.014425
1.047460 1.034935
1.071687 1.054647
1.094286 1.073171
1.115262 1.090512
1.134670 1.106700
1.152588 1.121781
1.169116 1.135813
1.184366 1.148867
1.198450 1.161015
1.211473 1.172330
1.223926 1.183220
1.234748 1.192739
1.245547 1.202293
1.254909 1.210613
1.264364 1.219057
1.272540 1.226386
1.280903 1.233914
1.288112 1.240421
1.295242 1.246880
1.301988 1.253007
1.308384 1.258831
1.314458 1.264377
1.320239 1.269665
1.325750 1.274717
1.331012 1.279550
1.336045 1.284180
1.340865 1.288622
1.345798 1.293175
1.349928 1.296989
1.354198 1.300939
1.358309 1.304746
1.362574 1.308703
1.366094 1.311968
1.370087 1.315679
1.373356 1.318717
1.377109 1.322211
1.380157 1.325046
1.383696 1.328347
1.386546 1.331001
1.389600 1.333850
1.392567 1.336620
1.395452 1.339315
1.398258 1.341937
1.400990 1.344490
1.403651 1.346979
1.406244 1.349405
1.408772 1.351772
1.411239 1.354081
1.413937 1.356612
1.415998 1.358540
1.418295 1.360693
1.420541 1.362799
1.423026 1.365133
1.424885 1.366873
1.427277 1.369121
1.429046 1.370778
1.431063 1.372671
1.433038 1.374527
1.435264 1.376619
1.436873 1.378128
1.438735 1.379878
1.440562 1.381594
1.442355 1.383279
1.444115 1.384933
1.445843 1.386558
1.447541 1.388154
1.449209 1.389723
1.450849 1.391265
1.452460 1.392780
1.454333 1.394545
1.455603 1.395737
1.457424 1.397454
1.458644 1.398598
