6.070471572875976562e+01
6.080955886840820312e+01
6.114993667602539062e+01
6.149031829833984375e+01
6.183069992065429688e+01
6.217108154296875000e+01
6.285184097290039062e+01
6.353260421752929688e+01
6.421336364746093750e+01
6.489412689208984375e+01
6.557489013671875000e+01
6.625564575195312500e+01
6.693640899658203125e+01
6.761717224121093750e+01
7.034021759033203125e+01
7.170173645019531250e+01
7.279631042480468750e+01
7.289889526367187500e+01
7.336516571044921875e+01
7.357778167724609375e+01
7.429770660400390625e+01
7.476397705078125000e+01
7.569651794433593750e+01
7.662905883789062500e+01
7.756159973144531250e+01
7.849414062500000000e+01
7.942668151855468750e+01
8.035923004150390625e+01
8.129177093505859375e+01
8.222431182861328125e+01
8.595447540283203125e+01
8.781956481933593750e+01
6.392852783203125000e+01
6.403000640869140625e+01
6.432847595214843750e+01
6.462694549560546875e+01
6.492541503906250000e+01
6.522388458251953125e+01
6.582440185546875000e+01
6.641776275634765625e+01
6.701470184326171875e+01
6.761164093017578125e+01
6.820858001708984375e+01
6.880551910400390625e+01
6.940246582031250000e+01
6.999940490722656250e+01
7.119328308105468750e+01
7.358103942871093750e+01
4.809539413452148438e+01
4.899109649658203125e+01
4.988680267333984375e+01
5.078250503540039062e+01
5.167820739746093750e+01
5.257390975952148438e+01
5.526102066040039062e+01
6.289599990844726562e+01
6.307397842407226562e+01
6.334040832519531250e+01
6.360683822631835938e+01
6.387326812744140625e+01
6.413969421386718750e+01
7.346934509277343750e+01
7.351410675048828125e+01
6.650035095214843750e+01
6.709131622314453125e+01
6.768228912353515625e+01
6.827325439453125000e+01
6.886421966552734375e+01
6.945519256591796875e+01
7.063713073730468750e+01
7.122809600830078125e+01
6.723171234130859375e+01
6.774476623535156250e+01
6.825782012939453125e+01
6.877086639404296875e+01
6.928392028808593750e+01
7.133612060546875000e+01
7.210942077636718750e+01
7.232401275634765625e+01
7.295513916015625000e+01
7.358626556396484375e+01
7.421739959716796875e+01
7.484852600097656250e+01
7.611078643798828125e+01
7.737303924560546875e+01
7.863529968261718750e+01
7.989755249023437500e+01
8.115981292724609375e+01
8.242207336425781250e+01
8.368432617187500000e+01
8.494658660888671875e+01
8.999562072753906250e+01
9.252013397216796875e+01
7.113790893554687500e+01
7.134557342529296875e+01
7.195634460449218750e+01
7.276989746093750000e+01
7.317788696289062500e+01
7.378865814208984375e+01
7.501020050048828125e+01
7.623174285888671875e+01
7.745327758789062500e+01
7.867481994628906250e+01
7.989636230468750000e+01
8.111790466308593750e+01
8.233944702148437500e+01
8.844714355468750000e+01
7.019060516357421875e+01
7.035675048828125000e+01
7.052289581298828125e+01
7.085518646240234375e+01
7.135362243652343750e+01
6.369766998291015625e+01
6.388928222656250000e+01
6.417612457275390625e+01
6.446411132812500000e+01
6.503664398193359375e+01
6.561032867431640625e+01
6.618400573730468750e+01
6.642145538330078125e+01
6.664971160888671875e+01
6.699766540527343750e+01
6.734561157226562500e+01
6.769356536865234375e+01
6.804151153564453125e+01
6.873741149902343750e+01
6.943331146240234375e+01
7.012921142578125000e+01
7.082511138916015625e+01
7.152101135253906250e+01
7.221691131591796875e+01
7.500051116943359375e+01
7.639231109619140625e+01
7.228431701660156250e+01
7.243618011474609375e+01
7.288285064697265625e+01
7.332952117919921875e+01
7.377619171142578125e+01
7.422286224365234375e+01
7.511620330810546875e+01
7.600954437255859375e+01
7.690288543701171875e+01
7.779622650146484375e+01
7.868956756591796875e+01
8.494295501708984375e+01
6.372563171386718750e+01
6.394875717163085938e+01
6.428277587890625000e+01
6.461679077148437500e+01
6.495081329345703125e+01
6.528482818603515625e+01
6.595286560058593750e+01
6.662090301513671875e+01
6.728894042968750000e+01
6.795697784423828125e+01
6.862501525878906250e+01
7.196520233154296875e+01
7.330126953125000000e+01
6.896379852294921875e+01
6.899908447265625000e+01
6.910666656494140625e+01
6.921424102783203125e+01
6.932181549072265625e+01
6.942939758300781250e+01
6.964454650878906250e+01
6.699480438232421875e+01
6.723078155517578125e+01
6.758403778076171875e+01
6.793730163574218750e+01
6.829055786132812500e+01
6.864382171630859375e+01
6.935034179687500000e+01
7.005686187744140625e+01
7.076338195800781250e+01
7.146990203857421875e+01
7.217642211914062500e+01
7.288294219970703125e+01
7.712206268310546875e+01
6.270001983642578125e+01
6.279504013061523438e+01
6.307450866699218750e+01
6.335398101806640625e+01
6.363344955444335938e+01
6.391292190551757812e+01
6.456687927246093750e+01
6.558974456787109375e+01
6.614868927001953125e+01
6.670762634277343750e+01
7.062021636962890625e+01
7.726837921142578125e+01
7.732339477539062500e+01
5.797374725341796875e+01
5.808483123779296875e+01
5.841475296020507812e+01
6.752893829345703125e+01
6.771713256835937500e+01
6.799887084960937500e+01
6.828060150146484375e+01
6.856233215332031250e+01
6.884406280517578125e+01
6.940753173828125000e+01
7.015130615234375000e+01
7.053446197509765625e+01
7.109792327880859375e+01
7.335178375244140625e+01
7.447871398925781250e+01
6.598102569580078125e+01
6.607566070556640625e+01
6.638288879394531250e+01
6.669011688232421875e+01
6.699735260009765625e+01
6.730458068847656250e+01
6.791903686523437500e+01
6.853350067138671875e+01
6.925241851806640625e+01
6.976242065429687500e+01
7.037688446044921875e+01
7.160580444335937500e+01
7.222026062011718750e+01
7.344918060302734375e+01
6.857903289794921875e+01
6.877960968017578125e+01
6.898019409179687500e+01
6.958192443847656250e+01
6.978250122070312500e+01
6.053686523437500000e+01
6.184973907470703125e+01
6.193345260620117188e+01
6.217967987060546875e+01
6.242590332031250000e+01
6.267212677001953125e+01
6.291835403442382812e+01
6.341080474853515625e+01
6.390325546264648438e+01
6.439570617675781250e+01
6.488815307617187500e+01
6.538060760498046875e+01
6.587305450439453125e+01
6.636550903320312500e+01
6.685795593261718750e+01
6.784285736083984375e+01
6.882775878906250000e+01
6.981266021728515625e+01
6.378625869750976562e+01
6.387635040283203125e+01
6.429343414306640625e+01
6.471052551269531250e+01
6.512760925292968750e+01
6.554469299316406250e+01
6.637886047363281250e+01
6.721303558349609375e+01
6.804720306396484375e+01
6.888137817382812500e+01
6.971554565429687500e+01
7.054971313476562500e+01
7.138388824462890625e+01
7.221805572509765625e+01
7.388639831542968750e+01
7.555474090576171875e+01
7.722308349609375000e+01
7.889142608642578125e+01
6.943540954589843750e+01
6.951222229003906250e+01
6.974358367919921875e+01
6.997494506835937500e+01
7.020630645751953125e+01
7.043767547607421875e+01
7.090039825439453125e+01
7.136312866210937500e+01
7.182585144042968750e+01
7.228858184814453125e+01
7.275130462646484375e+01
7.321403503417968750e+01
7.367675781250000000e+01
7.413948822021484375e+01
7.506494140625000000e+01
7.599039459228515625e+01
7.691584777832031250e+01
7.784130096435546875e+01
7.019886779785156250e+01
7.031291961669921875e+01
7.066065216064453125e+01
7.077332305908203125e+01
7.135611724853515625e+01
7.170384979248046875e+01
7.239931488037109375e+01
7.309477996826171875e+01
7.379024505615234375e+01
7.448571014404296875e+01
7.518117523193359375e+01
7.587664031982421875e+01
7.657210540771484375e+01
7.726757049560546875e+01
7.865849304199218750e+01
8.004942321777343750e+01
8.144035339355468750e+01
8.283128356933593750e+01
5.744760513305664062e+01
5.851697158813476562e+01
5.958633804321289062e+01
6.065570068359375000e+01
6.172506713867187500e+01
6.279443359375000000e+01
6.493316650390625000e+01
6.600253295898437500e+01
6.707189941406250000e+01
7.294202423095703125e+01
7.323362731933593750e+01
7.408065795898437500e+01
7.410149383544921875e+01
7.583721923828125000e+01
7.670508575439453125e+01
7.844081878662109375e+01
8.017655181884765625e+01
8.191228485107421875e+01
8.364801025390625000e+01
8.538374328613281250e+01
8.711947631835937500e+01
8.885520935058593750e+01
9.059094238281250000e+01
9.406240081787109375e+01
9.753385925292968750e+01
1.010053253173828125e+02
4.823206329345703125e+01
4.914368820190429688e+01
5.005531311035156250e+01
5.096694183349609375e+01
5.187856674194335938e+01
5.279019165039062500e+01
5.461344528198242188e+01
5.552507019042968750e+01
5.643669509887695312e+01
7.821084594726562500e+01
7.837129974365234375e+01
7.884883117675781250e+01
7.980389404296875000e+01
8.028143310546875000e+01
8.123649597167968750e+01
8.219155883789062500e+01
8.314662933349609375e+01
8.410169219970703125e+01
8.505676269531250000e+01
8.601182556152343750e+01
8.696688842773437500e+01
8.792195892333984375e+01
7.319570922851562500e+01
7.332942199707031250e+01
7.372270965576171875e+01
7.411598968505859375e+01
7.450927734375000000e+01
7.490256500244140625e+01
7.568913269042968750e+01
7.647570037841796875e+01
7.726226806640625000e+01
7.804884338378906250e+01
7.883541107177734375e+01
7.962197875976562500e+01
8.040854644775390625e+01
6.573405456542968750e+01
6.585645294189453125e+01
6.621644592285156250e+01
6.657643890380859375e+01
6.693643188476562500e+01
6.729642486572265625e+01
6.802072143554687500e+01
6.873638916015625000e+01
6.945637512207031250e+01
7.017636108398437500e+01
7.089633941650390625e+01
7.161632537841796875e+01
7.233631134033203125e+01
7.305629730224609375e+01
7.449626159667968750e+01
7.593623352050781250e+01
7.737619781494140625e+01
6.421415710449218750e+01
6.426525115966796875e+01
6.450178527832031250e+01
6.473831939697265625e+01
6.484806823730468750e+01
6.521138000488281250e+01
6.568444824218750000e+01
6.615751647949218750e+01
6.663058471679687500e+01
6.710364532470703125e+01
6.757671356201171875e+01
6.804978179931640625e+01
6.852285003662109375e+01
6.899591064453125000e+01
6.994204711914062500e+01
7.088817596435546875e+01
7.183431243896484375e+01
5.992470550537109375e+01
6.013260269165039062e+01
6.045542144775390625e+01
6.077824401855468750e+01
6.110106277465820312e+01
6.142388534545898438e+01
6.206952667236328125e+01
6.250856018066406250e+01
6.336080932617187500e+01
6.400644683837890625e+01
6.465209197998046875e+01
6.529772949218750000e+01
6.594337463378906250e+01
6.658901214599609375e+01
6.788029479980468750e+01
6.917157745361328125e+01
7.046286010742187500e+01
6.358703231811523438e+01
6.385184860229492188e+01
6.463072967529296875e+01
6.540961456298828125e+01
6.618849945068359375e+01
6.696738433837890625e+01
6.852514648437500000e+01
6.879930877685546875e+01
7.008291625976562500e+01
7.164067840576171875e+01
7.319844818115234375e+01
7.475621032714843750e+01
7.631398010253906250e+01
7.787174224853515625e+01
7.942950439453125000e+01
8.254504394531250000e+01
8.566056823730468750e+01
8.877610778808593750e+01
6.923301696777343750e+01
6.935144042968750000e+01
6.971247100830078125e+01
7.007350921630859375e+01
7.043453979492187500e+01
7.079557800292968750e+01
7.151764678955078125e+01
7.164472961425781250e+01
7.223971557617187500e+01
7.296179199218750000e+01
7.368386077880859375e+01
7.440592956542968750e+01
7.512799835205078125e+01
7.585006713867187500e+01
7.657213592529296875e+01
7.801628112792968750e+01
7.946041870117187500e+01
8.090455627441406250e+01
6.690847778320312500e+01
6.702832794189453125e+01
6.738082122802734375e+01
6.773331451416015625e+01
6.808580780029296875e+01
6.843830108642578125e+01
6.914329528808593750e+01
6.984828186035156250e+01
7.055326843261718750e+01
7.125825500488281250e+01
7.196324157714843750e+01
7.266823577880859375e+01
7.337322235107421875e+01
7.407820892333984375e+01
7.548818969726562500e+01
7.830813598632812500e+01
4.683844757080078125e+01
4.759104919433593750e+01
4.834364318847656250e+01
4.909624099731445312e+01
4.984883880615234375e+01
5.060143661499023438e+01
5.210663223266601562e+01
5.285923004150390625e+01
6.947427368164062500e+01
6.971435546875000000e+01
7.042048645019531250e+01
7.112661743164062500e+01
7.183274841308593750e+01
7.253887939453125000e+01
7.395114135742187500e+01
7.536340332031250000e+01
7.677566528320312500e+01
7.818793487548828125e+01
8.101245880126953125e+01
5.801574707031250000e+01
5.805270767211914062e+01
5.822071456909179688e+01
5.838872146606445312e+01
5.855672836303710938e+01
5.872473907470703125e+01
5.906075286865234375e+01
5.908090972900390625e+01
5.939676666259765625e+01
5.973278045654296875e+01
6.006879425048828125e+01
6.040480804443359375e+01
6.074082565307617188e+01
6.107683944702148438e+01
6.141285324096679688e+01
6.275691223144531250e+01
7.350105285644531250e+01
7.357389068603515625e+01
7.368292999267578125e+01
7.379196929931640625e+01
7.390100860595703125e+01
7.401004028320312500e+01
7.422811889648437500e+01
7.444619750976562500e+01
7.409448242187500000e+01
7.438447570800781250e+01
7.496968841552734375e+01
7.568688201904296875e+01
7.612101745605468750e+01
7.698928833007812500e+01
7.785755157470703125e+01
7.872582244873046875e+01
7.959409332275390625e+01
8.046235656738281250e+01
8.133062744140625000e+01
8.219889831542968750e+01
8.306716918945312500e+01
7.067842102050781250e+01
7.070575714111328125e+01
7.078910064697265625e+01
7.087243652343750000e+01
7.095578002929687500e+01
7.103911590576171875e+01
7.120579528808593750e+01
7.137248229980468750e+01
6.335951232910156250e+01
6.351936721801757812e+01
6.375866699218750000e+01
6.391469192504882812e+01
6.447656250000000000e+01
6.495516204833984375e+01
6.543376159667968750e+01
6.591236114501953125e+01
6.639096069335937500e+01
6.686956024169921875e+01
6.734815216064453125e+01
6.782675170898437500e+01
6.830535125732421875e+01
6.926255035400390625e+01
7.021974945068359375e+01
4.753608703613281250e+01
4.835212326049804688e+01
4.916815948486328125e+01
4.998419952392578125e+01
5.080023956298828125e+01
5.161627578735351562e+01
5.243231201171875000e+01
5.324835205078125000e+01
5.851508712768554688e+01
5.863456344604492188e+01
5.902247238159179688e+01
5.941038513183593750e+01
5.979829406738281250e+01
6.018620300292968750e+01
6.096202468872070312e+01
6.173784255981445312e+01
6.251366424560546875e+01
6.328948593139648438e+01
6.406530761718750000e+01
6.484112548828125000e+01
6.561694335937500000e+01
6.794440460205078125e+01
6.949604797363281250e+01
6.690497589111328125e+01
6.695753479003906250e+01
6.703914642333984375e+01
6.712075042724609375e+01
6.720236206054687500e+01
6.728397369384765625e+01
6.744718933105468750e+01
6.761040496826171875e+01
6.777362823486328125e+01
6.793684387207031250e+01
6.810005950927734375e+01
6.826328277587890625e+01
6.842649841308593750e+01
6.858972167968750000e+01
6.891615295410156250e+01
5.804953002929687500e+01
5.807830047607421875e+01
5.820907974243164062e+01
5.833986282348632812e+01
5.847064208984375000e+01
5.860142135620117188e+01
5.886298370361328125e+01
5.912454605102539062e+01
5.938610839843750000e+01
5.964766693115234375e+01
5.990922927856445312e+01
6.017079162597656250e+01
6.043235397338867188e+01
6.069391632080078125e+01
6.121703720092773438e+01
6.414812469482421875e+01
6.534016418457031250e+01
6.539809417724609375e+01
6.556848907470703125e+01
6.573887634277343750e+01
6.590926361083984375e+01
6.607965087890625000e+01
6.642043304443359375e+01
6.676121520996093750e+01
6.907026672363281250e+01
6.928533935546875000e+01
6.991789245605468750e+01
7.055043029785156250e+01
7.118298339843750000e+01
7.181300354003906250e+01
7.308063507080078125e+01
7.434574127197265625e+01
7.561083984375000000e+01
7.687594604492187500e+01
7.814104461669921875e+01
7.940615081787109375e+01
8.067124938964843750e+01
7.240921783447265625e+01
7.267268371582031250e+01
7.389241790771484375e+01
7.486330413818359375e+01
7.755160522460937500e+01
7.999105834960937500e+01
8.243051147460937500e+01
8.486997222900390625e+01
8.730943298339843750e+01
8.974888610839843750e+01
9.218834686279296875e+01
6.000147247314453125e+01
6.010158157348632812e+01
6.039602661132812500e+01
6.069164657592773438e+01
6.098491287231445312e+01
6.127935791015625000e+01
6.186824417114257812e+01
6.245713043212890625e+01
6.304602050781250000e+01
6.363490676879882812e+01
6.422379302978515625e+01
6.481268310546875000e+01
6.540156555175781250e+01
6.599045562744140625e+01
6.716822814941406250e+01
6.834600067138671875e+01
6.952378082275390625e+01
5.852420806884765625e+01
5.860699081420898438e+01
5.885337066650390625e+01
5.910073471069335938e+01
5.934613037109375000e+01
5.959251022338867188e+01
6.008526992797851562e+01
6.057802581787109375e+01
6.107078552246093750e+01
6.156354522705078125e+01
6.205630493164062500e+01
6.254906082153320312e+01
6.304182052612304688e+01
6.353458023071289062e+01
6.452009582519531250e+01
6.550561523437500000e+01
6.649113464355468750e+01
4.800229644775390625e+01
4.866970062255859375e+01
4.933710098266601562e+01
5.000450134277343750e+01
5.067190551757812500e+01
5.133930969238281250e+01
5.267411041259765625e+01
5.334151458740234375e+01
6.790203857421875000e+01
6.802370452880859375e+01
6.839462280273437500e+01
6.852369689941406250e+01
6.913645935058593750e+01
6.950737762451171875e+01
7.024921417236328125e+01
7.099105072021484375e+01
7.173288726806640625e+01
7.247472381591796875e+01
7.321656036376953125e+01
7.395840454101562500e+01
7.470024108886718750e+01
7.544207763671875000e+01
7.692575073242187500e+01
7.840942382812500000e+01
7.989310455322265625e+01
6.551306152343750000e+01
6.558992004394531250e+01
6.593929290771484375e+01
6.628866577148437500e+01
6.663804626464843750e+01
6.698741912841796875e+01
6.768616485595703125e+01
6.838491058349609375e+01
6.901377868652343750e+01
6.978240203857421875e+01
7.048114776611328125e+01
7.187863922119140625e+01
7.257738494873046875e+01
7.397487640380859375e+01
7.537237548828125000e+01
7.676986694335937500e+01
6.881093597412109375e+01
6.947071838378906250e+01
7.045842742919921875e+01
7.146192169189453125e+01
7.243383789062500000e+01
7.342153930664062500e+01
7.539694976806640625e+01
7.737236022949218750e+01
7.934777069091796875e+01
8.132318115234375000e+01
8.329859924316406250e+01
4.775000762939453125e+01
4.902573394775390625e+01
5.030146026611328125e+01
5.157718658447265625e+01
5.285291290283203125e+01
5.412863922119140625e+01
5.668009185791015625e+01
7.034143066406250000e+01
7.049073791503906250e+01
7.092987823486328125e+01
7.136550903320312500e+01
7.180815887451171875e+01
7.224729919433593750e+01
7.312558746337890625e+01
7.400386810302734375e+01
7.488214874267578125e+01
7.576042938232421875e+01
7.663871765136718750e+01
7.751699829101562500e+01
7.839527893066406250e+01
7.927355957031250000e+01
6.041436767578125000e+01
6.054132080078125000e+01
6.111837005615234375e+01
6.169541931152343750e+01
6.227247238159179688e+01
6.284952163696289062e+01
6.400362396240234375e+01
6.515772247314453125e+01
6.631182098388671875e+01
6.746592712402343750e+01
6.862002563476562500e+01
6.977412414550781250e+01
7.092823028564453125e+01
7.208232879638671875e+01
7.439053344726562500e+01
7.669873046875000000e+01
7.900693511962890625e+01
6.498348999023437500e+01
6.502837371826171875e+01
6.523239135742187500e+01
6.543641662597656250e+01
6.564043426513671875e+01
6.584445953369140625e+01
6.625250244140625000e+01
6.664830017089843750e+01
6.706858825683593750e+01
6.747663116455078125e+01
6.788467407226562500e+01
6.829271697998046875e+01
6.870075988769531250e+01
6.910880279541015625e+01
6.992488098144531250e+01
7.074096679687500000e+01
6.526403045654296875e+01
6.535957336425781250e+01
6.550260162353515625e+01
6.550373840332031250e+01
6.578865051269531250e+01
6.593167877197265625e+01
6.621773529052734375e+01
6.650378417968750000e+01
6.678984069824218750e+01
6.707589721679687500e+01
6.736195373535156250e+01
6.764800262451171875e+01
6.793405914306640625e+01
6.822011566162109375e+01
6.879222106933593750e+01
6.936433410644531250e+01
5.942276000976562500e+01
5.953721237182617188e+01
5.988615798950195312e+01
5.988894653320312500e+01
6.058404541015625000e+01
6.093299102783203125e+01
6.163087844848632812e+01
6.232876586914062500e+01
6.302665328979492188e+01
6.372454071044921875e+01
6.442243194580078125e+01
6.512031555175781250e+01
6.581820678710937500e+01
6.651609802246093750e+01
6.791187286376953125e+01
6.930764770507812500e+01
6.021643829345703125e+01
6.034415054321289062e+01
6.071977996826171875e+01
6.109540939331054688e+01
6.147103881835937500e+01
6.184516906738281250e+01
6.259793090820312500e+01
6.334918975830078125e+01
6.410044860839843750e+01
6.485170745849609375e+01
6.560297393798828125e+01
6.635423278808593750e+01
6.710549163818359375e+01
6.785675048828125000e+01
6.935926818847656250e+01
7.086179351806640625e+01
6.261046981811523438e+01
6.271854019165039062e+01
6.303639602661132812e+01
6.325127029418945312e+01
6.367210769653320312e+01
6.398996353149414062e+01
6.462567901611328125e+01
6.526139068603515625e+01
6.589710235595703125e+01
6.653281402587890625e+01
6.716852569580078125e+01
6.780423736572265625e+01
6.843994903564453125e+01
6.907566070556640625e+01
7.034708404541015625e+01
7.161851501464843750e+01
5.662283325195312500e+01
5.665212249755859375e+01
5.674140930175781250e+01
5.683069992065429688e+01
5.688963317871093750e+01
5.700928115844726562e+01
5.718785858154296875e+01
5.736643981933593750e+01
5.754501724243164062e+01
5.772359848022460938e+01
5.790217590332031250e+01
5.808075714111328125e+01
5.825933456420898438e+01
5.843791580200195312e+01
5.879507446289062500e+01
5.915223312377929688e+01
6.259049224853515625e+01
6.271939849853515625e+01
6.309854125976562500e+01
6.347768783569335938e+01
6.385683059692382812e+01
6.430118560791015625e+01
6.499426269531250000e+01
6.575254821777343750e+01
6.651084136962890625e+01
6.726912689208984375e+01
6.802741241455078125e+01
6.878569793701171875e+01
6.954399108886718750e+01
7.030227661132812500e+01
7.181884765625000000e+01
7.333542633056640625e+01
5.432114410400390625e+01
5.438040924072265625e+01
5.455403137207031250e+01
5.490336990356445312e+01
5.542632675170898438e+01
5.612360382080078125e+01
5.647224044799804688e+01
5.682087707519531250e+01
5.716951751708984375e+01
5.786679077148437500e+01
5.926134490966796875e+01
6.129972839355468750e+01
6.140890121459960938e+01
6.172999954223632812e+01
6.205110168457031250e+01
6.237220001220703125e+01
6.269202041625976562e+01
6.333550262451171875e+01
6.397770309448242188e+01
6.461990356445312500e+01
6.526210784912109375e+01
6.590430450439453125e+01
6.654650878906250000e+01
6.718871307373046875e+01
6.783090972900390625e+01
7.039971160888671875e+01
6.945077514648437500e+01
6.955518341064453125e+01
6.971272277832031250e+01
7.002406311035156250e+01
7.018035888671875000e+01
5.243595886230468750e+01
5.250904083251953125e+01
5.272570037841796875e+01
5.315386962890625000e+01
5.336881256103515625e+01
5.379870223999023438e+01
5.422858810424804688e+01
5.465847778320312500e+01
5.508836364746093750e+01
5.551824951171875000e+01
5.594813919067382812e+01
5.637802505493164062e+01
5.680791473388671875e+01
5.766768646240234375e+01
5.852746200561523438e+01
6.971350860595703125e+01
6.983381652832031250e+01
7.022440338134765625e+01
7.048844146728515625e+01
7.139616394042968750e+01
7.217733764648437500e+01
7.295851898193359375e+01
7.373969268798828125e+01
7.452086639404296875e+01
7.530204010009765625e+01
6.527149200439453125e+01
6.531286621093750000e+01
6.544895935058593750e+01
6.558505249023437500e+01
6.572114562988281250e+01
6.585723876953125000e+01
6.612942504882812500e+01
6.640161132812500000e+01
6.667379760742187500e+01
6.694598388671875000e+01
6.721817016601562500e+01
6.749035644531250000e+01
6.776254272460937500e+01
6.803473663330078125e+01
6.857910919189453125e+01
5.753697204589843750e+01
5.758029937744140625e+01
5.773594665527343750e+01
5.818203735351562500e+01
5.838261413574218750e+01
5.878377532958984375e+01
5.918493270874023438e+01
5.958609008789062500e+01
5.998725128173828125e+01
6.038840866088867188e+01
6.078956604003906250e+01
6.119072723388671875e+01
6.159188461303710938e+01
6.239420318603515625e+01
6.158017730712890625e+01
6.176700210571289062e+01
6.204668426513671875e+01
6.232636642456054688e+01
6.260604858398437500e+01
6.288572692871093750e+01
6.344509124755859375e+01
6.400445556640625000e+01
6.456381988525390625e+01
6.512317657470703125e+01
6.568254089355468750e+01
6.680126953125000000e+01
6.736062622070312500e+01
6.901773834228515625e+01
6.907214355468750000e+01
6.911249542236328125e+01
6.915285491943359375e+01
6.923356628417968750e+01
6.931428527832031250e+01
6.939499664306640625e+01
6.947571563720703125e+01
6.955642700195312500e+01
6.963713836669921875e+01
6.971785736083984375e+01
6.979856872558593750e+01
6.987928009033203125e+01
7.004071044921875000e+01
6.520381164550781250e+01
6.590174865722656250e+01
6.659967803955078125e+01
6.729761505126953125e+01
6.799554443359375000e+01
6.869347381591796875e+01
7.008934020996093750e+01
4.889910888671875000e+01
4.938550567626953125e+01
4.987190246582031250e+01
5.035829925537109375e+01
5.084469604492187500e+01
5.133109283447265625e+01
5.519981002807617188e+01
5.589433288574218750e+01
5.610302352905273438e+01
5.631171417236328125e+01
5.652040481567382812e+01
5.672909545898437500e+01
5.714648056030273438e+01
5.756386184692382812e+01
5.798124313354492188e+01
5.839862442016601562e+01
5.881600952148437500e+01
5.923339080810546875e+01
5.965077209472656250e+01
6.006815338134765625e+01
6.090291976928710938e+01
6.531466674804687500e+01
6.554248809814453125e+01
6.587751770019531250e+01
6.621255493164062500e+01
6.654758453369140625e+01
6.688262176513671875e+01
6.755268859863281250e+01
6.822275543212890625e+01
6.889282226562500000e+01
6.978803253173828125e+01
7.023296356201171875e+01
7.090303039550781250e+01
7.157309722900390625e+01
6.765337371826171875e+01
6.773191070556640625e+01
6.796289062500000000e+01
6.842485809326171875e+01
6.865584564208984375e+01
6.911781311035156250e+01
6.957978057861328125e+01
7.004174804687500000e+01
7.050371551513671875e+01
7.096568298339843750e+01
7.142765045166015625e+01
7.188961791992187500e+01
7.235158538818359375e+01
7.419945526123046875e+01
7.512339019775390625e+01
5.429987335205078125e+01
5.526958084106445312e+01
5.623928833007812500e+01
5.720899963378906250e+01
5.817870712280273438e+01
5.914841461181640625e+01
6.108782958984375000e+01
6.205753707885742188e+01
6.831297302246093750e+01
6.839249420166015625e+01
6.847138214111328125e+01
6.855027008056640625e+01
6.862916564941406250e+01
6.870805358886718750e+01
6.886582946777343750e+01
6.902361297607421875e+01
5.528980636596679688e+01
5.541089248657226562e+01
5.576703643798828125e+01
5.612318420410156250e+01
5.647932815551757812e+01
5.683547210693359375e+01
5.754776382446289062e+01
5.826005554199218750e+01
5.897234725952148438e+01
5.968463516235351562e+01
6.039692687988281250e+01
6.110921859741210938e+01
6.182150650024414062e+01
6.253379821777343750e+01
6.395837783813476562e+01
6.538295745849609375e+01
6.680754089355468750e+01
6.096505355834960938e+01
6.104436492919921875e+01
6.127763366699218750e+01
6.151090240478515625e+01
6.174417495727539062e+01
6.197744369506835938e+01
6.244398117065429688e+01
6.291052246093750000e+01
6.337705993652343750e+01
6.384359741210937500e+01
6.431013488769531250e+01
6.477667999267578125e+01
6.524321746826171875e+01
6.570975494384765625e+01
4.992807769775390625e+01
4.998812866210937500e+01
5.016685104370117188e+01
5.034557723999023438e+01
5.052429962158203125e+01
5.070302581787109375e+01
5.106047058105468750e+01
5.141791915893554688e+01
5.177536773681640625e+01
5.213281631469726562e+01
5.249026489257812500e+01
5.284770965576171875e+01
5.320515823364257812e+01
5.356260681152343750e+01
6.425052642822265625e+01
6.449777984619140625e+01
6.524253082275390625e+01
6.599919128417968750e+01
6.747677612304687500e+01
6.896627807617187500e+01
7.045578002929687500e+01
7.194527435302734375e+01
7.343477630615234375e+01
7.492427062988281250e+01
7.641377258300781250e+01
7.790327453613281250e+01
7.939276885986328125e+01
8.237176513671875000e+01
8.535076904296875000e+01
7.490241241455078125e+01
7.505676269531250000e+01
7.551074981689453125e+01
7.596654510498046875e+01
7.687269592285156250e+01
7.778066253662109375e+01
7.868862915039062500e+01
7.959659576416015625e+01
8.050456237792968750e+01
8.141252899169921875e+01
8.232049560546875000e+01
8.322845458984375000e+01
8.413642883300781250e+01
6.390539169311523438e+01
6.402592468261718750e+01
6.439340209960937500e+01
6.476088714599609375e+01
6.512836456298828125e+01
6.549584197998046875e+01
6.623079681396484375e+01
6.696575927734375000e+01
6.770071411132812500e+01
6.843273162841796875e+01
6.917062377929687500e+01
6.990558624267578125e+01
7.064054107666015625e+01
7.137549591064453125e+01
7.034391021728515625e+01
7.045301818847656250e+01
7.078565979003906250e+01
7.111829376220703125e+01
7.145093536376953125e+01
7.178356933593750000e+01
7.244884490966796875e+01
7.311412048339843750e+01
7.444467163085937500e+01
7.510995483398437500e+01
7.577523040771484375e+01
7.710578155517578125e+01
7.843633270263671875e+01
5.310460281372070312e+01
5.322917556762695312e+01
5.359557342529296875e+01
5.396196746826171875e+01
5.432836151123046875e+01
5.469475555419921875e+01
5.542754745483398438e+01
5.616033554077148438e+01
5.689312744140625000e+01
5.762591552734375000e+01
5.835870361328125000e+01
5.909149551391601562e+01
5.982428359985351562e+01
6.055707550048828125e+01
6.348823547363281250e+01
6.915131378173828125e+01
6.920885467529296875e+01
6.937809753417968750e+01
6.954734802246093750e+01
6.971659088134765625e+01
6.977075195312500000e+01
7.022433471679687500e+01
7.056282806396484375e+01
7.090132141113281250e+01
7.123981475830078125e+01
7.157830810546875000e+01
7.191680145263671875e+01
7.225529479980468750e+01
7.259378814697265625e+01
6.938190460205078125e+01
6.940651702880859375e+01
6.947888946533203125e+01
6.955126190185546875e+01
6.962364196777343750e+01
6.969601440429687500e+01
6.984076690673828125e+01
6.998551177978515625e+01
5.262379074096679688e+01
5.270190429687500000e+01
5.293164825439453125e+01
5.316139221191406250e+01
5.339113616943359375e+01
5.362088012695312500e+01
5.408036804199218750e+01
5.453985595703125000e+01
5.499934387207031250e+01
5.545883178710937500e+01
5.591832351684570312e+01
5.637781143188476562e+01
5.683729934692382812e+01
5.729678726196289062e+01
5.821576690673828125e+01
5.913474273681640625e+01
6.639332580566406250e+01
6.641529846191406250e+01
6.648664855957031250e+01
6.655799102783203125e+01
6.662934112548828125e+01
6.670068359375000000e+01
6.684338378906250000e+01
6.698607635498046875e+01
6.712876892089843750e+01
6.727146148681640625e+01
6.741415405273437500e+01
6.755685424804687500e+01
6.769954681396484375e+01
6.784223937988281250e+01
7.213611602783203125e+01
7.222601318359375000e+01
7.252174377441406250e+01
7.281746673583984375e+01
7.311318969726562500e+01
7.340892028808593750e+01
7.400037384033203125e+01
7.459182739257812500e+01
7.518328094482421875e+01
7.577473449707031250e+01
7.636618041992187500e+01
7.695763397216796875e+01
7.754908752441406250e+01
7.814054107666015625e+01
6.360536575317382812e+01
6.378731155395507812e+01
6.406808471679687500e+01
6.434885406494140625e+01
6.462963104248046875e+01
6.491040039062500000e+01
6.547194671630859375e+01
7.441051483154296875e+01
7.449858093261718750e+01
7.475759124755859375e+01
7.501660919189453125e+01
7.527562713623046875e+01
7.553464508056640625e+01
7.605268096923828125e+01
7.657071685791015625e+01
7.708874511718750000e+01
7.734983825683593750e+01
7.812481689453125000e+01
7.864285278320312500e+01
7.916088867187500000e+01
8.071498870849609375e+01
4.823069763183593750e+01
4.897762680053710938e+01
4.972455596923828125e+01
5.047148513793945312e+01
5.121841430664062500e+01
5.196533966064453125e+01
5.345919799804687500e+01
5.420612716674804688e+01
5.495305633544921875e+01
6.809194946289062500e+01
6.828381347656250000e+01
6.847566986083984375e+01
6.866753387451171875e+01
6.885939025878906250e+01
6.905125427246093750e+01
6.943497467041015625e+01
6.962683105468750000e+01
6.182989501953125000e+01
6.208160781860351562e+01
6.282194519042968750e+01
6.356228256225585938e+01
6.430261993408203125e+01
6.504296112060546875e+01
6.652363586425781250e+01
6.775556182861328125e+01
6.948499298095703125e+01
7.096566772460937500e+01
7.244635009765625000e+01
7.392702484130859375e+01
7.540769958496093750e+01
7.688838195800781250e+01
7.984973144531250000e+01
8.281108856201171875e+01
8.577244567871093750e+01
8.873379516601562500e+01
5.153087234497070312e+01
5.236151504516601562e+01
5.278018569946289062e+01
5.319885635375976562e+01
5.361752319335937500e+01
5.654821014404296875e+01
5.738555145263671875e+01
5.822288894653320312e+01
5.906023025512695312e+01
5.989756774902343750e+01
6.073490905761718750e+01
6.240958404541015625e+01
6.408426666259765625e+01
6.575894165039062500e+01
5.335391998291015625e+01
5.344921875000000000e+01
5.375862503051757812e+01
5.406803512573242188e+01
5.437744140625000000e+01
5.479452514648437500e+01
5.530566787719726562e+01
5.592448425292968750e+01
5.654330062866210938e+01
5.716211700439453125e+01
5.778093338012695312e+01
5.839974975585937500e+01
5.901856613159179688e+01
5.963738250732421875e+01
6.087501907348632812e+01
6.211265182495117188e+01
6.335028839111328125e+01
6.458792114257812500e+01
7.640355682373046875e+01
7.649484252929687500e+01
7.677315521240234375e+01
7.705146026611328125e+01
7.732977294921875000e+01
7.760807800292968750e+01
7.816470336914062500e+01
7.872131347656250000e+01
7.927793884277343750e+01
7.983455657958984375e+01
8.039117431640625000e+01
8.094779205322265625e+01
8.150440979003906250e+01
8.206102752685546875e+01
8.317426300048828125e+01
8.428749847412109375e+01
5.826610565185546875e+01
5.833570098876953125e+01
5.865204620361328125e+01
5.896839523315429688e+01
5.960108947753906250e+01
6.023378372192382812e+01
6.086647796630859375e+01
6.149917602539062500e+01
6.213187026977539062e+01
6.276456451416015625e+01
6.339725494384765625e+01
6.402995300292968750e+01
6.466264343261718750e+01
6.592803192138671875e+01
6.391241455078125000e+01
6.395811843872070312e+01
6.416585540771484375e+01
6.437358856201171875e+01
6.453562164306640625e+01
6.520452117919921875e+01
6.561998748779296875e+01
6.603545379638671875e+01
6.645092010498046875e+01
6.686639404296875000e+01
6.728186035156250000e+01
6.769732666015625000e+01
6.811279296875000000e+01
6.894372558593750000e+01
6.977466583251953125e+01
5.274334716796875000e+01
5.405104827880859375e+01
5.535874938964843750e+01
5.666645050048828125e+01
5.797414779663085938e+01
5.928184890747070312e+01
6.189724731445312500e+01
4.780742645263671875e+01
4.846489334106445312e+01
4.912236404418945312e+01
4.977983474731445312e+01
5.043730163574218750e+01
5.109477233886718750e+01
5.306718444824218750e+01
5.857310485839843750e+01
5.989133453369140625e+01
6.120956420898437500e+01
6.252779006958007812e+01
6.384601974487304688e+01
6.516424560546875000e+01
6.780070495605468750e+01
6.911893463134765625e+01
6.453732299804687500e+01
6.461663055419921875e+01
6.497714233398437500e+01
6.533764648437500000e+01
6.569815826416015625e+01
6.605866241455078125e+01
6.677967834472656250e+01
6.750069427490234375e+01
6.822171020507812500e+01
6.894272613525390625e+01
6.966374206542968750e+01
7.038475799560546875e+01
7.110577392578125000e+01
7.182678985595703125e+01
7.326882171630859375e+01
7.471085357666015625e+01
7.615288543701171875e+01
4.990251922607421875e+01
5.147142028808593750e+01
5.304032135009765625e+01
5.460922241210937500e+01
5.617812347412109375e+01
5.774702453613281250e+01
6.088482666015625000e+01
6.245372390747070312e+01
5.727531433105468750e+01
5.739530181884765625e+01
5.776111602783203125e+01
5.812692642211914062e+01
5.849273681640625000e+01
5.885854721069335938e+01
5.959017181396484375e+01
6.020326995849609375e+01
6.105341720581054688e+01
6.178504180908203125e+01
6.251666259765625000e+01
6.324828720092773438e+01
6.397990798950195312e+01
6.471153259277343750e+01
6.617477416992187500e+01
6.763802337646484375e+01
7.545331573486328125e+01
7.551741027832031250e+01
7.581417083740234375e+01
7.611092376708984375e+01
7.640767669677734375e+01
7.670442962646484375e+01
7.729793548583984375e+01
7.782852935791015625e+01
7.848494720458984375e+01
7.907846069335937500e+01
7.967196655273437500e+01
8.026547241210937500e+01
8.085897827148437500e+01
8.145248413085937500e+01
8.263949584960937500e+01
8.382651519775390625e+01
8.501352691650390625e+01
7.118748474121093750e+01
7.130400848388671875e+01
7.164673614501953125e+01
7.198946380615234375e+01
7.233219146728515625e+01
7.267491912841796875e+01
7.336038208007812500e+01
7.404583740234375000e+01
7.473129272460937500e+01
7.541674804687500000e+01
7.610220336914062500e+01
7.678765869140625000e+01
7.747311401367187500e+01
7.815856933593750000e+01
7.952947998046875000e+01
8.090039062500000000e+01
6.874136352539062500e+01
6.875102996826171875e+01
6.879496765136718750e+01
6.883890533447265625e+01
6.888284301757812500e+01
6.892678070068359375e+01
6.901464843750000000e+01
6.910252380371093750e+01
6.919039916992187500e+01
6.927827453613281250e+01
6.936614227294921875e+01
6.945401763916015625e+01
6.954189300537109375e+01
6.962976837158203125e+01
6.980551147460937500e+01
6.146179580688476562e+01
6.147669982910156250e+01
6.154444503784179688e+01
6.161219024658203125e+01
6.167993927001953125e+01
6.175500106811523438e+01
6.188317871093750000e+01
6.201866912841796875e+01
6.215416336059570312e+01
6.228965377807617188e+01
6.242514801025390625e+01
6.256063842773437500e+01
6.269613265991210938e+01
6.283162307739257812e+01
5.985262680053710938e+01
5.992039108276367188e+01
6.022840499877929688e+01
6.053642272949218750e+01
6.084443664550781250e+01
6.115245437622070312e+01
6.176848602294921875e+01
6.231551742553710938e+01
6.300054931640625000e+01
6.361658096313476562e+01
6.423261260986328125e+01
6.484864044189453125e+01
6.546467590332031250e+01
6.608070373535156250e+01
6.731276702880859375e+01
6.977542877197265625e+01
6.986211395263671875e+01
7.026341247558593750e+01
7.066470336914062500e+01
7.106600189208984375e+01
7.146730041503906250e+01
7.226988983154296875e+01
7.307248687744140625e+01
7.387507629394531250e+01
7.467767333984375000e+01
7.548026275634765625e+01
7.628285980224609375e+01
7.708544921875000000e+01
7.788804626464843750e+01
7.949323272705078125e+01
8.109841918945312500e+01
6.341909790039062500e+01
6.350346755981445312e+01
6.376069259643554688e+01
6.401791381835937500e+01
6.427513885498046875e+01
6.453236389160156250e+01
6.504681396484375000e+01
6.556126403808593750e+01
6.607571411132812500e+01
6.659015655517578125e+01
6.710460662841796875e+01
6.761905670166015625e+01
6.813350677490234375e+01
6.864795684814453125e+01
6.967685699462890625e+01
7.070574951171875000e+01
5.754448699951171875e+01
5.759190368652343750e+01
5.781142425537109375e+01
5.803094482421875000e+01
5.825046539306640625e+01
5.846998596191406250e+01
5.890902709960937500e+01
5.934806823730468750e+01
5.978710937500000000e+01
6.022615051269531250e+01
6.066518783569335938e+01
6.110422897338867188e+01
6.154327011108398438e+01
6.198231124877929688e+01
6.286039352416992188e+01
6.373847579956054688e+01
5.767345809936523438e+01
5.772956466674804688e+01
5.798461151123046875e+01
5.823965835571289062e+01
5.849470520019531250e+01
5.874975585937500000e+01
5.925984954833984375e+01
5.976994705200195312e+01
6.028004074096679688e+01
6.079013824462890625e+01
6.130023193359375000e+01
6.181032943725585938e+01
6.232042312622070312e+01
6.283052062988281250e+01
6.385071182250976562e+01
6.487090301513671875e+01
6.087678909301757812e+01
6.091265869140625000e+01
6.101816558837890625e+01
6.112367248535156250e+01
6.122917938232421875e+01
6.133468627929687500e+01
6.154570007324218750e+01
6.175671386718750000e+01
6.196772766113281250e+01
6.238975524902343750e+01
6.260076904296875000e+01
6.281178283691406250e+01
6.302279663085937500e+01
5.864182281494140625e+01
5.893647003173828125e+01
5.923590087890625000e+01
5.953533554077148438e+01
5.983477020263671875e+01
6.013300704956054688e+01
6.073307037353515625e+01
6.133193969726562500e+01
6.193080902099609375e+01
6.252967453002929688e+01
6.312854385375976562e+01
6.372740936279296875e+01
6.432627868652343750e+01
6.492514801025390625e+01
6.612287902832031250e+01
7.240731811523437500e+01
7.260150146484375000e+01
7.279569244384765625e+01
7.317264556884765625e+01
7.373465728759765625e+01
7.488607025146484375e+01
7.602835845947265625e+01
7.717063903808593750e+01
7.831292724609375000e+01
7.945520782470703125e+01
8.059749603271484375e+01
8.173977661132812500e+01
8.288206481933593750e+01
8.402434539794921875e+01
6.381293106079101562e+01
6.386900711059570312e+01
6.403128814697265625e+01
6.403392791748046875e+01
6.414145660400390625e+01
6.452869415283203125e+01
6.485853576660156250e+01
6.518838500976562500e+01
6.551822662353515625e+01
6.584806823730468750e+01
6.617791748046875000e+01
6.650775909423828125e+01
6.683760070800781250e+01
6.716744232177734375e+01
6.052267837524414062e+01
6.065356445312500000e+01
6.084718322753906250e+01
6.110276412963867188e+01
6.142804336547851562e+01
6.181528472900390625e+01
6.014644622802734375e+01
6.018661117553710938e+01
6.037255096435546875e+01
6.055848693847656250e+01
6.074442672729492188e+01
6.088946151733398438e+01
6.130224609375000000e+01
6.241788101196289062e+01
6.316163635253906250e+01
6.353351593017578125e+01
6.961602783203125000e+01
6.965811920166015625e+01
6.979478454589843750e+01
7.020478057861328125e+01
7.047811126708984375e+01
6.763207244873046875e+01
6.825102233886718750e+01
7.273156738281250000e+01
7.276746368408203125e+01
7.297864532470703125e+01
7.308423614501953125e+01
7.318982696533203125e+01
7.667615509033203125e+01
7.688639831542968750e+01
7.752735900878906250e+01
7.796064758300781250e+01
7.945025634765625000e+01
8.073218536376953125e+01
5.739901351928710938e+01
5.790436553955078125e+01
5.866086578369140625e+01
5.941736602783203125e+01
6.017386627197265625e+01
6.093036651611328125e+01
6.244336700439453125e+01
6.698236846923828125e+01
6.849536132812500000e+01
7.000836181640625000e+01
7.152136230468750000e+01
7.303436279296875000e+01
7.606036376953125000e+01
5.083636856079101562e+01
5.097101593017578125e+01
5.117019271850585938e+01
5.136936950683593750e+01
5.156855010986328125e+01
5.176772308349609375e+01
5.216608047485351562e+01
5.263135910034179688e+01
5.296279144287109375e+01
5.336114501953125000e+01
5.375949859619140625e+01
5.415785217285156250e+01
5.455620956420898438e+01
5.495456314086914062e+01
5.575127410888671875e+01
5.481917190551757812e+01
5.490761566162109375e+01
5.516775512695312500e+01
5.542789840698242188e+01
5.568803787231445312e+01
5.594817733764648438e+01
5.646845626831054688e+01
5.698873519897460938e+01
7.045692443847656250e+01
7.062090301513671875e+01
7.094885253906250000e+01
7.127680969238281250e+01
6.477673339843750000e+01
6.509397125244140625e+01
6.556889343261718750e+01
6.604380798339843750e+01
6.651872253417968750e+01
6.699363708496093750e+01
6.794346618652343750e+01
6.889330291748046875e+01
7.174279785156250000e+01
7.269262695312500000e+01
7.364245605468750000e+01
7.459229278564453125e+01
7.649195098876953125e+01
7.839161682128906250e+01
8.029127502441406250e+01
5.086036682128906250e+01
5.094943237304687500e+01
5.122096633911132812e+01
5.149250030517578125e+01
5.176403427124023438e+01
5.203556823730468750e+01
5.257863616943359375e+01
5.312170410156250000e+01
5.420783996582031250e+01
5.475091171264648438e+01
5.529397964477539062e+01
5.583704757690429688e+01
5.638011550903320312e+01
5.746625137329101562e+01
5.855239105224609375e+01
5.963852691650390625e+01
6.892657470703125000e+01
6.894953155517578125e+01
6.901705169677734375e+01
6.908456420898437500e+01
6.915207672119140625e+01
6.917503356933593750e+01
6.948965454101562500e+01
6.975971984863281250e+01
6.989475250244140625e+01
7.002978515625000000e+01
7.016481018066406250e+01
7.029984283447265625e+01
6.221252822875976562e+01
6.229277038574218750e+01
6.252878952026367188e+01
6.276480484008789062e+01
6.300082015991210938e+01
6.418090057373046875e+01
6.465293884277343750e+01
6.512496948242187500e+01
6.559700012207031250e+01
6.606903839111328125e+01
6.654106903076171875e+01
6.701309967041015625e+01
6.795716857910156250e+01
6.433925628662109375e+01
6.461791992187500000e+01
6.504272460937500000e+01
6.546752166748046875e+01
6.589742279052734375e+01
6.716671752929687500e+01
6.801631164550781250e+01
6.971550750732421875e+01
7.056510925292968750e+01
7.141470336914062500e+01
7.226430511474609375e+01
7.311390686035156250e+01
7.481309509277343750e+01
5.746095275878906250e+01
5.773685455322265625e+01
5.794152832031250000e+01
5.814620208740234375e+01
5.835087585449218750e+01
5.855554962158203125e+01
5.896489715576171875e+01
5.937424468994140625e+01
5.978359222412109375e+01
6.019293975830078125e+01
6.060228729248046875e+01
6.101163482666015625e+01
6.142098617553710938e+01
6.183033370971679688e+01
6.264902877807617188e+01
6.951118469238281250e+01
6.953516387939453125e+01
6.963370513916015625e+01
6.968137359619140625e+01
6.982757568359375000e+01
7.026619720458984375e+01
7.041240692138671875e+01
7.055860900878906250e+01
7.070481872558593750e+01
7.099723052978515625e+01
6.085699844360351562e+01
6.120352935791015625e+01
6.172228240966796875e+01
6.224103927612304688e+01
6.275979232788085938e+01
6.327647399902343750e+01
6.639108276367187500e+01
6.742859649658203125e+01
6.846610260009765625e+01
6.950361633300781250e+01
7.054113006591796875e+01
7.157863616943359375e+01
7.572868347167968750e+01
6.345250320434570312e+01
6.357992935180664062e+01
7.302542114257812500e+01
7.316114807128906250e+01
6.233229827880859375e+01
6.249945449829101562e+01
6.257077026367187500e+01
6.264208221435546875e+01
6.271339416503906250e+01
6.278470993041992188e+01
6.306996154785156250e+01
6.028306579589843750e+01
6.049629592895507812e+01
6.081550598144531250e+01
6.113471603393554688e+01
6.156245422363281250e+01
6.177313232421875000e+01
6.241155242919921875e+01
6.368838882446289062e+01
6.432681274414062500e+01
6.496522521972656250e+01
6.624206542968750000e+01
6.688048553466796875e+01
6.815731811523437500e+01
6.943415832519531250e+01
7.071099853515625000e+01
6.518846130371093750e+01
6.533238983154296875e+01
6.575570678710937500e+01
6.617564392089843750e+01
6.660234832763671875e+01
6.702566528320312500e+01
6.787230682373046875e+01
6.871894836425781250e+01
6.956558990478515625e+01
7.041222381591796875e+01
7.125886535644531250e+01
7.210550689697265625e+01
7.295214843750000000e+01
7.379878234863281250e+01
7.549206542968750000e+01
6.152392578125000000e+01
6.162796783447265625e+01
6.193397521972656250e+01
6.223997879028320312e+01
6.254598617553710938e+01
6.285198974609375000e+01
6.346400070190429688e+01
6.407601165771484375e+01
6.468802642822265625e+01
6.530003356933593750e+01
6.591204833984375000e+01
6.652405548095703125e+01
6.713607025146484375e+01
6.774807739257812500e+01
6.897209930419921875e+01
7.019612121582031250e+01
7.142014312744140625e+01
6.135630798339843750e+01
6.145313262939453125e+01
6.173791122436523438e+01
6.202269363403320312e+01
6.230747222900390625e+01
6.259225082397460938e+01
6.316181182861328125e+01
6.373137283325195312e+01
6.430093383789062500e+01
6.487049102783203125e+01
6.544004821777343750e+01
6.600960540771484375e+01
6.657917022705078125e+01
6.714872741699218750e+01
6.828784942626953125e+01
6.942696380615234375e+01
7.056608581542968750e+01
5.523084640502929688e+01
5.537975692749023438e+01
5.626612472534179688e+01
5.803885650634765625e+01
5.981159210205078125e+01
6.069795989990234375e+01
6.158432769775390625e+01
6.548640441894531250e+01
6.557402038574218750e+01
6.582759857177734375e+01
6.608940887451171875e+01
6.634710693359375000e+01
6.660479736328125000e+01
6.712019348144531250e+01
6.763558197021484375e+01
6.815097045898437500e+01
6.918174743652343750e+01
6.969713592529296875e+01
7.021252441406250000e+01
7.072791290283203125e+01
7.175868988037109375e+01
7.278947448730468750e+01
7.382025146484375000e+01
7.210324859619140625e+01
7.228945922851562500e+01
7.283713531494140625e+01
7.338481140136718750e+01
7.393249511718750000e+01
7.448017120361328125e+01
7.776623535156250000e+01
7.886159515380859375e+01
7.995694732666015625e+01
8.105230712890625000e+01
7.292652130126953125e+01
7.318180084228515625e+01
7.356858825683593750e+01
7.395536804199218750e+01
7.434215545654296875e+01
7.472894287109375000e+01
7.550251007080078125e+01
7.704964447021484375e+01
5.886515426635742188e+01
6.123927307128906250e+01
6.242633438110351562e+01
6.361339569091796875e+01
6.480046081542968750e+01
6.717457580566406250e+01
6.265425109863281250e+01
6.282865905761718750e+01
6.308975219726562500e+01
6.361193466186523438e+01
6.387302780151367188e+01
6.439521026611328125e+01
6.491739654541015625e+01
6.095467376708984375e+01
6.104162597656250000e+01
6.129736328125000000e+01
6.257606124877929688e+01
6.308753967285156250e+01
6.359901809692382812e+01
6.411049652099609375e+01
6.462197113037109375e+01
6.513345336914062500e+01
6.564492797851562500e+01
6.615641021728515625e+01
5.510387039184570312e+01
5.540659332275390625e+01
5.570932006835937500e+01
5.600723266601562500e+01
5.720851898193359375e+01
5.780915832519531250e+01
5.840980148315429688e+01
5.901044464111328125e+01
5.961108779907226562e+01
6.021173095703125000e+01
6.081237030029296875e+01
6.141301345825195312e+01
6.261429595947265625e+01
6.381558227539062500e+01
7.307506561279296875e+01
7.325610351562500000e+01
7.380803680419921875e+01
7.435997772216796875e+01
7.491191101074218750e+01
7.546384429931640625e+01
7.656771850585937500e+01
7.767158508300781250e+01
7.877545928955078125e+01
7.987932586669921875e+01
8.098320007324218750e+01
8.208706665039062500e+01
8.319093322753906250e+01
8.429480743408203125e+01
7.464749145507812500e+01
7.547937011718750000e+01
7.597570800781250000e+01
7.647205352783203125e+01
7.845742797851562500e+01
7.945011901855468750e+01
6.593515777587890625e+01
6.612067413330078125e+01
6.648516082763671875e+01
6.721195220947265625e+01
6.775759124755859375e+01
6.830323791503906250e+01
6.939451599121093750e+01
7.048580169677734375e+01
7.157708740234375000e+01
7.266836547851562500e+01
7.375965118408203125e+01
7.485092926025390625e+01
7.594221496582031250e+01
7.703350067138671875e+01
7.921606445312500000e+01
8.139862823486328125e+01
5.884480667114257812e+01
5.907634353637695312e+01
5.976956558227539062e+01
6.115600585937500000e+01
6.184922790527343750e+01
6.656967926025390625e+01
6.662412261962890625e+01
6.670562744140625000e+01
6.686864471435546875e+01
6.695014953613281250e+01
6.711316680908203125e+01
6.727617645263671875e+01
6.743919372558593750e+01
6.760220336914062500e+01
6.776521301269531250e+01
6.792823028564453125e+01
6.809123992919921875e+01
6.825425720214843750e+01
6.858028411865234375e+01
6.607334899902343750e+01
6.613481903076171875e+01
6.631559753417968750e+01
7.426657867431640625e+01
7.442170715332031250e+01
7.487796783447265625e+01
7.533423614501953125e+01
7.624676513671875000e+01
7.715930175781250000e+01
7.807183074951171875e+01
7.898435974121093750e+01
7.989689636230468750e+01
8.080942535400390625e+01
8.172195434570312500e+01
8.263449096679687500e+01
8.354701995849609375e+01
6.596186065673828125e+01
6.602605438232421875e+01
6.622175598144531250e+01
6.661315917968750000e+01
6.680886077880859375e+01
6.707189178466796875e+01
6.759167480468750000e+01
6.798308563232421875e+01
6.837448883056640625e+01
6.876589202880859375e+01
6.915730285644531250e+01
6.954870605468750000e+01
6.994011688232421875e+01
7.072293090820312500e+01
5.205588531494140625e+01
5.340603637695312500e+01
5.475618743896484375e+01
5.610633850097656250e+01
5.745648956298828125e+01
6.122041320800781250e+01
6.127722549438476562e+01
6.153546905517578125e+01
6.179371261596679688e+01
6.231019592285156250e+01
6.282668304443359375e+01
6.334317016601562500e+01
6.385965347290039062e+01
6.437613677978515625e+01
6.540911102294921875e+01
6.242275619506835938e+01
6.250099182128906250e+01
6.285661315917968750e+01
6.325634002685546875e+01
6.356785583496093750e+01
6.392347717285156250e+01
6.463471984863281250e+01
6.534596252441406250e+01
6.605720520019531250e+01
6.676844787597656250e+01
6.747969055175781250e+01
6.819093322753906250e+01
6.890217590332031250e+01
6.961341857910156250e+01
7.103591156005859375e+01
7.245839691162109375e+01
7.388088226318359375e+01
4.712981414794921875e+01
4.819375610351562500e+01
4.925770187377929688e+01
5.032164382934570312e+01
5.138558578491210938e+01
5.244952774047851562e+01
5.457741546630859375e+01
5.564135742187500000e+01
6.904766845703125000e+01
6.905568695068359375e+01
6.909212493896484375e+01
6.912857055664062500e+01
6.916500854492187500e+01
6.920145416259765625e+01
6.927433776855468750e+01
6.934722137451171875e+01
4.634338378906250000e+01
4.689234161376953125e+01
4.744130325317382812e+01
4.799026489257812500e+01
4.853922271728515625e+01
4.908818435668945312e+01
7.544237518310546875e+01
7.567115783691406250e+01
7.635207366943359375e+01
7.703570556640625000e+01
7.771389770507812500e+01
7.839480590820312500e+01
7.975663757324218750e+01
8.111846160888671875e+01
8.384210968017578125e+01
8.656575775146484375e+01
8.928940582275390625e+01
9.201306152343750000e+01
9.473670959472656250e+01
9.746035766601562500e+01
6.173381423950195312e+01
6.182962036132812500e+01
6.226510238647460938e+01
6.270058059692382812e+01
6.313606262207031250e+01
6.357154083251953125e+01
6.444250488281250000e+01
6.531346130371093750e+01
6.705538177490234375e+01
6.792633819580078125e+01
6.879730224609375000e+01
7.053922271728515625e+01
7.576498413085937500e+01
5.227449417114257812e+01
5.294629287719726562e+01
5.361809158325195312e+01
5.428988647460937500e+01
5.496168518066406250e+01
5.563348388671875000e+01
5.764888000488281250e+01
5.962519073486328125e+01
5.969008636474609375e+01
5.988792800903320312e+01
6.015620803833007812e+01
6.028361892700195312e+01
6.048146438598632812e+01
6.087715530395507812e+01
6.127284240722656250e+01
6.166853332519531250e+01
6.206422424316406250e+01
6.245991516113281250e+01
6.285560226440429688e+01
6.325129318237304688e+01
6.364698410034179688e+01
6.443836212158203125e+01
5.798111343383789062e+01
5.817498016357421875e+01
5.875196838378906250e+01
5.932896041870117188e+01
5.990594863891601562e+01
6.048293685913085938e+01
6.163691711425781250e+01
6.279089355468750000e+01
6.394486999511718750e+01
6.509884643554687500e+01
6.625283050537109375e+01
6.740680694580078125e+01
6.856078338623046875e+01
6.971475982666015625e+01
7.202272033691406250e+01
7.433067321777343750e+01
7.663863372802734375e+01
6.614949035644531250e+01
6.625573730468750000e+01
6.656823730468750000e+01
6.698448944091796875e+01
6.719324493408203125e+01
6.750574493408203125e+01
6.875575256347656250e+01
6.938076019287109375e+01
7.000576019287109375e+01
7.125576782226562500e+01
7.250577545166015625e+01
7.500579071044921875e+01
7.625579833984375000e+01
6.932519531250000000e+01
6.949130249023437500e+01
7.024630737304687500e+01
7.059058380126953125e+01
7.175631713867187500e+01
7.251132202148437500e+01
7.402133178710937500e+01
7.553134155273437500e+01
7.704135894775390625e+01
7.855136871337890625e+01
8.006137847900390625e+01
8.157138824462890625e+01
8.308140563964843750e+01
8.459141540527343750e+01
8.761143493652343750e+01
9.063145446777343750e+01
9.365148162841796875e+01
5.469134902954101562e+01
5.511231231689453125e+01
5.553327560424804688e+01
5.595423507690429688e+01
5.679616165161132812e+01
6.501260375976562500e+01
6.508809661865234375e+01
6.553039550781250000e+01
6.575421142578125000e+01
6.597624206542968750e+01
6.642031860351562500e+01
6.686438751220703125e+01
6.730846405029296875e+01
6.775254058837890625e+01
6.819660949707031250e+01
6.864068603515625000e+01
6.952883148193359375e+01
7.041697692871093750e+01
7.130512237548828125e+01
7.219326782226562500e+01
6.557414245605468750e+01
6.566792297363281250e+01
6.596469116210937500e+01
6.616530609130859375e+01
6.655823516845703125e+01
6.685501098632812500e+01
6.744855499267578125e+01
6.804209899902343750e+01
6.863564300537109375e+01
6.922918701171875000e+01
6.982272338867187500e+01
7.041626739501953125e+01
7.100981140136718750e+01
7.160335540771484375e+01
7.279044342041015625e+01
7.397753143310546875e+01
7.516461944580078125e+01
5.287932968139648438e+01
5.297613143920898438e+01
5.326085281372070312e+01
5.345332717895507812e+01
5.383029556274414062e+01
5.411501693725585938e+01
5.468445587158203125e+01
5.525389862060546875e+01
5.639278411865234375e+01
5.753166580200195312e+01
5.867054748535156250e+01
5.980943298339843750e+01
6.094831466674804688e+01
6.871737670898437500e+01
6.873154449462890625e+01
6.877323150634765625e+01
6.881491851806640625e+01
6.889828491210937500e+01
6.906486511230468750e+01
6.914839935302734375e+01
6.923176574707031250e+01
6.939850616455078125e+01
6.956524658203125000e+01
6.973199462890625000e+01
6.989872741699218750e+01
7.312593841552734375e+01
7.314679718017578125e+01
7.324160766601562500e+01
7.333642578125000000e+01
6.670211029052734375e+01
6.673381805419921875e+01
6.683047485351562500e+01
6.692713165283203125e+01
6.702379608154296875e+01
6.712045288085937500e+01
6.731376647949218750e+01
6.750708770751953125e+01
6.770040893554687500e+01
6.789372253417968750e+01
6.808704376220703125e+01
6.828035736083984375e+01
6.866699218750000000e+01
6.905362701416015625e+01
6.944026184082031250e+01
6.596366119384765625e+01
6.607130432128906250e+01
6.639949035644531250e+01
6.672767639160156250e+01
6.705586242675781250e+01
6.738404846191406250e+01
6.804042053222656250e+01
6.869678497314453125e+01
6.935315704345703125e+01
7.000952911376953125e+01
7.132227325439453125e+01
7.263500976562500000e+01
7.394775390625000000e+01
7.526049804687500000e+01
5.528405761718750000e+01
5.537933731079101562e+01
5.556653213500976562e+01
5.593980407714843750e+01
5.650027084350585938e+01
5.706073760986328125e+01
5.762120437622070312e+01
5.874213790893554688e+01
5.930260467529296875e+01
5.986307144165039062e+01
6.098400497436523438e+01
6.322587203979492188e+01
6.224003982543945312e+01
6.236229705810546875e+01
6.273502731323242188e+01
6.310775756835937500e+01
6.348048782348632812e+01
6.397845840454101562e+01
6.459867858886718750e+01
6.534414672851562500e+01
6.608960723876953125e+01
6.683506774902343750e+01
6.758052825927734375e+01
6.832598876953125000e+01
6.907144927978515625e+01
6.981690979003906250e+01
7.130783843994140625e+01
7.279875946044921875e+01
6.457289886474609375e+01
6.467433929443359375e+01
6.556938934326171875e+01
6.646444702148437500e+01
6.706114959716796875e+01
6.827481842041015625e+01
6.835741424560546875e+01
6.860923767089843750e+01
6.886106109619140625e+01
6.911288452148437500e+01
6.936470794677734375e+01
6.986835479736328125e+01
7.037200164794921875e+01
7.137929534912109375e+01
7.188294219970703125e+01
7.238658905029296875e+01
7.289023590087890625e+01
7.339388275146484375e+01
6.529342651367187500e+01
6.538174438476562500e+01
6.579061126708984375e+01
6.619948577880859375e+01
6.660835266113281250e+01
6.701721954345703125e+01
6.783496093750000000e+01
6.865269470214843750e+01
6.947043609619140625e+01
7.028816986083984375e+01
7.110591125488281250e+01
7.192364501953125000e+01
7.274138641357421875e+01
7.355912017822265625e+01
7.519459533691406250e+01
7.683007049560546875e+01
6.093281936645507812e+01
6.111046600341796875e+01
6.163296890258789062e+01
6.215546798706054688e+01
6.267796707153320312e+01
6.320046615600585938e+01
6.424546051025390625e+01
6.529045867919921875e+01
6.633545684814453125e+01
6.738046264648437500e+01
6.842546081542968750e+01
6.947045898437500000e+01
7.051545715332031250e+01
7.156045532226562500e+01
7.365045166015625000e+01
7.574044799804687500e+01
7.111053466796875000e+01
7.146734619140625000e+01
6.572702026367187500e+01
6.577426147460937500e+01
6.591318511962890625e+01
6.605210876464843750e+01
6.619103240966796875e+01
6.632996368408203125e+01
6.688566589355468750e+01
6.716351318359375000e+01
6.744136810302734375e+01
6.799707031250000000e+01
6.855277252197265625e+01
6.910848236083984375e+01
6.435940551757812500e+01
6.440092468261718750e+01
6.452751159667968750e+01
6.461309051513671875e+01
6.490727233886718750e+01
6.516044616699218750e+01
6.541361999511718750e+01
6.566679382324218750e+01
6.591997528076171875e+01
6.617314910888671875e+01
6.642632293701171875e+01
6.667949676513671875e+01
6.693267059326171875e+01
6.743901824951171875e+01
6.794536590576171875e+01
6.845171356201171875e+01
6.895806121826171875e+01
6.198522949218750000e+01
6.304082870483398438e+01
6.311236572265625000e+01
6.333046722412109375e+01
6.354856491088867188e+01
6.376666641235351562e+01
6.398476409912109375e+01
6.442096710205078125e+01
6.485716247558593750e+01
6.555142974853515625e+01
6.562996673583984375e+01
6.586941528320312500e+01
6.611269378662109375e+01
6.658775329589843750e+01
6.706665039062500000e+01
6.754554748535156250e+01
6.802443695068359375e+01
6.850333404541015625e+01
6.898223114013671875e+01
6.946112060546875000e+01
6.994001770019531250e+01
7.041891479492187500e+01
7.137670135498046875e+01
7.233448791503906250e+01
7.329228210449218750e+01
7.425006866455078125e+01
6.340954589843750000e+01
6.342373657226562500e+01
6.346546936035156250e+01
6.350787353515625000e+01
6.359067916870117188e+01
6.367414855957031250e+01
6.375762176513671875e+01
6.384109497070312500e+01
6.392456436157226562e+01
6.400803375244140625e+01
6.409150695800781250e+01
6.417498016357421875e+01
6.425845336914062500e+01
6.442539215087890625e+01
6.459233856201171875e+01
6.475927734375000000e+01
6.492622375488281250e+01
5.160025024414062500e+01
5.171392822265625000e+01
5.204827117919921875e+01
5.238261795043945312e+01
5.271696472167968750e+01
5.305131149291992188e+01
5.372000122070312500e+01
5.438869476318359375e+01
5.505738830566406250e+01
5.572608184814453125e+01
5.639477157592773438e+01
5.706346511840820312e+01
5.773215484619140625e+01
5.840084838867187500e+01
5.973823165893554688e+01
6.107561492919921875e+01
6.241300201416015625e+01
6.375038528442382812e+01
5.372587585449218750e+01
5.476210021972656250e+01
5.502141571044921875e+01
5.528073120117187500e+01
5.554004669189453125e+01
5.579936218261718750e+01
5.631798934936523438e+01
5.683662033081054688e+01
7.418952941894531250e+01
7.423884582519531250e+01
7.438919067382812500e+01
7.453952789306640625e+01
7.458763885498046875e+01
7.484021759033203125e+01
7.514089965820312500e+01
7.544158935546875000e+01
7.574227142333984375e+01
7.604296112060546875e+01
7.634364318847656250e+01
7.664433288574218750e+01
7.694501495361328125e+01
7.724570465087890625e+01
7.784707641601562500e+01
7.844844818115234375e+01
7.904981994628906250e+01
7.965119171142578125e+01
6.622392272949218750e+01
6.643888854980468750e+01
6.677062225341796875e+01
6.710235595703125000e+01
6.776582336425781250e+01
6.842929840087890625e+01
6.909276580810546875e+01
6.975623321533203125e+01
7.041970825195312500e+01
7.108317565917968750e+01
7.174664306640625000e+01
7.241011810302734375e+01
7.307358551025390625e+01
7.440052032470703125e+01
7.572746276855468750e+01
7.705439758300781250e+01
5.460867691040039062e+01
5.468949890136718750e+01
5.492720031738281250e+01
5.516585540771484375e+01
5.564031982421875000e+01
5.611573028564453125e+01
5.659114074707031250e+01
5.706655120849609375e+01
5.754196166992187500e+01
5.801737213134765625e+01
5.849278259277343750e+01
5.896819305419921875e+01
5.944360351562500000e+01
6.039442443847656250e+01
6.134524536132812500e+01
6.229606628417968750e+01
6.235731887817382812e+01
6.240693283081054688e+01
6.263246154785156250e+01
6.285799026489257812e+01
6.308351898193359375e+01
6.330904769897460938e+01
6.376010513305664062e+01
6.421116638183593750e+01
6.466222381591796875e+01
6.511328125000000000e+01
6.556433868408203125e+01
6.601539611816406250e+01
6.646645355224609375e+01
6.691751098632812500e+01
6.781962585449218750e+01
6.872174072265625000e+01
6.962385559082031250e+01
5.121129989624023438e+01
5.139390563964843750e+01
5.195061874389648438e+01
5.250733566284179688e+01
5.306404876708984375e+01
5.362076568603515625e+01
5.473419189453125000e+01
5.584762191772460938e+01
5.696105194091796875e+01
5.807448196411132812e+01
5.918791198730468750e+01
6.030133819580078125e+01
6.141476821899414062e+01
6.252819824218750000e+01
6.475505828857421875e+01
6.698191833496093750e+01
6.920877075195312500e+01
5.947962951660156250e+01
5.960683059692382812e+01
5.999465942382812500e+01
6.038248825073242188e+01
6.077031326293945312e+01
6.115814208984375000e+01
6.193379592895507812e+01
6.270945358276367188e+01
6.348510742187500000e+01
6.426076507568359375e+01
6.503642272949218750e+01
6.581207275390625000e+01
6.658773040771484375e+01
6.736338806152343750e+01
6.891469573974609375e+01
7.046600341796875000e+01
7.201731872558593750e+01
6.049552154541015625e+01
6.064258193969726562e+01
6.107509994506835938e+01
6.150761795043945312e+01
6.194013214111328125e+01
6.237265014648437500e+01
6.323768615722656250e+01
6.410271453857421875e+01
6.496775054931640625e+01
6.583278656005859375e+01
6.669782257080078125e+01
6.756285095214843750e+01
6.842788696289062500e+01
6.929292297363281250e+01
7.102298736572265625e+01
7.275305938720703125e+01
7.448312377929687500e+01
7.421532440185546875e+01
7.434605407714843750e+01
7.474460601806640625e+01
7.514315795898437500e+01
7.554170989990234375e+01
7.594026184082031250e+01
7.673736572265625000e+01
7.753446960449218750e+01
7.833157348632812500e+01
7.912867736816406250e+01
7.992578125000000000e+01
8.072288513183593750e+01
8.151998901367187500e+01
8.231709289550781250e+01
8.391130828857421875e+01
8.550551605224609375e+01
8.709972381591796875e+01
5.224364852905273438e+01
5.313509750366210938e+01
5.402654647827148438e+01
5.491799545288085938e+01
5.580944442749023438e+01
5.670089340209960938e+01
5.848379135131835938e+01
5.937524032592773438e+01
6.182544708251953125e+01
6.192448425292968750e+01
6.199861145019531250e+01
6.207273864746093750e+01
6.214686965942382812e+01
6.222099685668945312e+01
6.236925506591796875e+01
6.251750946044921875e+01
7.301782989501953125e+01
7.364718627929687500e+01
7.411827087402343750e+01
7.458934783935546875e+01
7.506042480468750000e+01
7.553150939941406250e+01
7.647367095947265625e+01
7.741582489013671875e+01
5.128876495361328125e+01
5.198720169067382812e+01
5.268563842773437500e+01
5.338407135009765625e+01
5.408250808715820312e+01
5.478094482421875000e+01
5.617781066894531250e+01
5.687624740600585938e+01
5.756205749511718750e+01
5.771773147583007812e+01
5.842543029785156250e+01
5.913312911987304688e+01
5.984082794189453125e+01
6.054852676391601562e+01
6.196392440795898438e+01
6.337932205200195312e+01
6.479472351074218750e+01
6.621012115478515625e+01
6.762551879882812500e+01
6.904091644287109375e+01
7.045631408691406250e+01
7.187171173095703125e+01
7.470249938964843750e+01
7.753329467773437500e+01
8.036408996582031250e+01
5.880592346191406250e+01
5.888052749633789062e+01
5.909995651245117188e+01
5.924828720092773438e+01
5.975823593139648438e+01
6.019709014892578125e+01
6.063594436645507812e+01
6.107479858398437500e+01
6.151365280151367188e+01
6.195250701904296875e+01
6.239136123657226562e+01
6.283021545410156250e+01
6.326906967163085938e+01
6.414677429199218750e+01
6.323246002197265625e+01
6.330325317382812500e+01
6.351145935058593750e+01
6.371966171264648438e+01
6.392786788940429688e+01
6.413607025146484375e+01
6.455248260498046875e+01
6.496888732910156250e+01
6.538529968261718750e+01
6.580170440673828125e+01
6.621811676025390625e+01
6.663452148437500000e+01
6.746733856201171875e+01
6.830015563964843750e+01
6.913297271728515625e+01
6.996578979492187500e+01
6.509030914306640625e+01
6.528529357910156250e+01
6.585877990722656250e+01
6.643226623535156250e+01
6.700575256347656250e+01
6.738883972167968750e+01
6.872621154785156250e+01
6.987319183349609375e+01
7.102016448974609375e+01
7.216713714599609375e+01
7.446108245849609375e+01
7.675502777099609375e+01
7.904898071289062500e+01
8.134292602539062500e+01
6.643916320800781250e+01
6.647785949707031250e+01
6.665375518798828125e+01
6.682965087890625000e+01
6.700554656982421875e+01
6.718143463134765625e+01
6.753322601318359375e+01
6.788501739501953125e+01
6.823680877685546875e+01
6.858860015869140625e+01
6.894039154052734375e+01
6.929217529296875000e+01
6.964396667480468750e+01
6.999575805664062500e+01
7.069934082031250000e+01
7.140292358398437500e+01
7.210649871826171875e+01
5.729919433593750000e+01
5.771299743652343750e+01
5.833245849609375000e+01
5.895191955566406250e+01
5.957138442993164062e+01
6.019084930419921875e+01
6.142977142333984375e+01
6.266870117187500000e+01
6.390762329101562500e+01
6.514655303955078125e+01
6.638547515869140625e+01
6.762440490722656250e+01
6.886332702636718750e+01
7.010225677490234375e+01
7.258010864257812500e+01
7.505796051025390625e+01
7.753581237792968750e+01
5.963061141967773438e+01
5.977731323242187500e+01
6.021919250488281250e+01
6.066107177734375000e+01
6.110295104980468750e+01
6.154483032226562500e+01
6.242858886718750000e+01
6.331234741210937500e+01
6.419610595703125000e+01
6.507986450195312500e+01
6.596362304687500000e+01
6.684738159179687500e+01
6.773114013671875000e+01
6.861489105224609375e+01
7.038240814208984375e+01
7.214992523193359375e+01
7.391744232177734375e+01
6.572928619384765625e+01
6.582810211181640625e+01
6.611872863769531250e+01
6.640934753417968750e+01
6.669997406005859375e+01
6.699059295654296875e+01
6.757183837890625000e+01
6.873433685302734375e+01
6.931558227539062500e+01
6.989682769775390625e+01
7.047807312011718750e+01
7.105931854248046875e+01
7.164056396484375000e+01
7.280306243896484375e+01
7.396555328369140625e+01
7.512805175781250000e+01
6.149483108520507812e+01
6.167395019531250000e+01
6.194208908081054688e+01
6.221023178100585938e+01
6.247837066650390625e+01
6.274651336669921875e+01
6.328279495239257812e+01
6.381907653808593750e+01
6.435536193847656250e+01
6.489163970947265625e+01
6.542792510986328125e+01
6.596421051025390625e+01
6.650048828125000000e+01
6.703677368164062500e+01
6.810933685302734375e+01
6.918190002441406250e+01
7.025446319580078125e+01
6.527647399902343750e+01
6.537355804443359375e+01
6.565908050537109375e+01
6.594460296630859375e+01
6.623013305664062500e+01
6.651565551757812500e+01
7.393877410888671875e+01
7.400655364990234375e+01
7.432036590576171875e+01
7.463417053222656250e+01
7.494797515869140625e+01
7.526178741455078125e+01
7.588939666748046875e+01
7.651701354980468750e+01
5.951560211181640625e+01
5.965119552612304688e+01
6.008028030395507812e+01
6.050936126708984375e+01
6.093844223022460938e+01
6.136752700805664062e+01
6.222569274902343750e+01
6.308385467529296875e+01
6.394202041625976562e+01
6.480018615722656250e+01
6.565834808349609375e+01
6.651651763916015625e+01
6.142700576782226562e+01
6.150502777099609375e+01
6.175390625000000000e+01
6.224574279785156250e+01
6.249264907836914062e+01
6.298645782470703125e+01
6.348027038574218750e+01
6.397407913208007812e+01
6.446788787841796875e+01
6.496170043945312500e+01
6.545551300048828125e+01
6.594931793212890625e+01
6.644313049316406250e+01
6.743075561523437500e+01
6.841837310791015625e+01
6.940599060058593750e+01
7.028814697265625000e+01
7.042973327636718750e+01
7.107332611083984375e+01
7.171691894531250000e+01
7.236051940917968750e+01
7.300411224365234375e+01
7.429129791259765625e+01
7.557848358154296875e+01
7.686566925048828125e+01
7.815285491943359375e+01
7.944004821777343750e+01
8.072723388671875000e+01
8.201441955566406250e+01
8.330160522460937500e+01
8.587597656250000000e+01
8.845034790039062500e+01
9.102472686767578125e+01
5.438466644287109375e+01
5.440452575683593750e+01
5.449478149414062500e+01
5.458503723144531250e+01
5.467529678344726562e+01
5.476555252075195312e+01
5.494606781005859375e+01
5.512657928466796875e+01
5.530709457397460938e+01
5.548760986328125000e+01
5.566812133789062500e+01
5.584863662719726562e+01
5.602915191650390625e+01
5.620966339111328125e+01
5.657069015502929688e+01
5.693171691894531250e+01
7.683966827392578125e+01
7.688742828369140625e+01
7.702790069580078125e+01
7.716837310791015625e+01
7.730884552001953125e+01
7.744931793212890625e+01
7.773027038574218750e+01
7.801121520996093750e+01
7.829216003417968750e+01
7.857310485839843750e+01
7.885404968261718750e+01
7.913500213623046875e+01
7.941594696044921875e+01
7.969689178466796875e+01
8.025878906250000000e+01
8.082067871093750000e+01
6.060234832763671875e+01
6.068235778808593750e+01
6.092629241943359375e+01
6.109118652343750000e+01
6.165809249877929688e+01
6.214595794677734375e+01
6.263382339477539062e+01
6.312168884277343750e+01
6.360955810546875000e+01
6.409742736816406250e+01
6.458528900146484375e+01
6.507315826416015625e+01
6.556102752685546875e+01
6.653675842285156250e+01
6.751248931884765625e+01
6.176155853271484375e+01
6.185837936401367188e+01
6.215000152587890625e+01
6.243929672241210938e+01
6.302487564086914062e+01
6.360812759399414062e+01
6.419137573242187500e+01
6.477462768554687500e+01
6.535787200927734375e+01
6.594112396240234375e+01
6.652437591552734375e+01
6.710762786865234375e+01
6.769087219238281250e+01
6.885737609863281250e+01
7.002387237548828125e+01
7.119036865234375000e+01
7.235687255859375000e+01
5.707520294189453125e+01
5.715103530883789062e+01
5.737407302856445312e+01
5.759354400634765625e+01
5.804318618774414062e+01
5.848926162719726562e+01
5.893533706665039062e+01
5.938141250610351562e+01
5.982748794555664062e+01
6.027355957031250000e+01
6.071963500976562500e+01
6.116571044921875000e+01
6.161178588867187500e+01
6.250393676757812500e+01
6.339608764648437500e+01
6.428823852539062500e+01
6.518038940429687500e+01
7.276579284667968750e+01
7.290527343750000000e+01
7.353926086425781250e+01
7.417325592041015625e+01
7.480724334716796875e+01
7.544123077392578125e+01
7.670921325683593750e+01
7.797719573974609375e+01
7.924517822265625000e+01
8.051316070556640625e+01
8.178114318847656250e+01
8.304911804199218750e+01
6.870311737060546875e+01
6.871488952636718750e+01
6.876837921142578125e+01
6.882186889648437500e+01
6.887535858154296875e+01
6.892884826660156250e+01
6.903583526611328125e+01
6.914281463623046875e+01
6.437423706054687500e+01
6.447540283203125000e+01
6.493522644042968750e+01
6.539505767822265625e+01
6.585488128662109375e+01
6.631471252441406250e+01
6.723435974121093750e+01
6.815401458740234375e+01
6.907366943359375000e+01
6.999332427978515625e+01
7.091297912597656250e+01
7.183263397216796875e+01
7.275228881835937500e+01
7.367194366455078125e+01
7.551125335693359375e+01
7.735056304931640625e+01
7.918987274169921875e+01
5.651715850830078125e+01
5.753110504150390625e+01
5.854504776000976562e+01
5.955899429321289062e+01
6.057294082641601562e+01
6.158688735961914062e+01
6.361477661132812500e+01
6.462872314453125000e+01
5.355189895629882812e+01
5.366890716552734375e+01
5.401304626464843750e+01
5.435718154907226562e+01
5.470132064819335938e+01
5.504545593261718750e+01
5.573373031616210938e+01
5.642200469970703125e+01
5.711027908325195312e+01
5.779855346679687500e+01
5.848682785034179688e+01
5.917510223388671875e+01
5.986337661743164062e+01
6.055165100097656250e+01
6.192819595336914062e+01
6.330474472045898438e+01
6.468128967285156250e+01
5.309019851684570312e+01
5.336508941650390625e+01
5.377660751342773438e+01
5.418812561035156250e+01
5.459963989257812500e+01
5.501115798950195312e+01
5.583419036865234375e+01
5.665722274780273438e+01
5.925965881347656250e+01
5.994935607910156250e+01
6.077238845825195312e+01
6.159542465209960938e+01
6.324148941040039062e+01
6.488755798339843750e+01
6.653362274169921875e+01
6.645877838134765625e+01
6.655841827392578125e+01
6.686220550537109375e+01
6.716599273681640625e+01
6.737014007568359375e+01
6.777356719970703125e+01
6.838114166259765625e+01
6.898871612548828125e+01
