0.880400
-0.158683
1.240229
-0.137069
-1.167417
-0.213512
0.504614
-0.459689
0.341355
0.750607
-0.745210
0.311718
0.021819
0.669127
0.170894
1.073753
0.436061
-1.453044
-0.363636
-0.474986
0.797886
-0.862351
-1.027539
-1.506259
-0.275465
1.118829
0.046899
0.415007
0.862287
0.144775
-0.709705
0.138191
0.508200
1.015177
-0.319144
0.245136
-0.303816
-0.067667
-0.329823
0.234137
0.236647
1.459694
0.224708
-0.087842
0.296270
-0.323742
1.289899
-0.140311
-0.579396
-0.711666
-0.176088
-0.852583
0.144470
0.170697
-0.199549
-0.877120
-0.959195
-1.029731
-0.211446
2.377850
-1.058644
-1.017068
-0.760981
-0.136735
-0.790561
-0.880388
-1.444546
-1.204719
-0.344043
0.453283
-0.539040
-0.769840
-1.616613
-0.955248
-0.537484
-1.757465
-0.615987
-0.099135
0.143577
-0.502978
-0.208999
0.727647
0.893509
-0.581632
-0.945474
0.925309
-0.440401
0.327538
0.119639
-3.092532
1.625606
-0.607298
-0.378749
-0.393439
-0.378448
-0.944907
0.353673
0.134409
-0.600720
-0.025728
-0.793060
1.141371
-0.128923
-0.438899
0.013350
-0.954710
-0.697066
0.119016
-0.404095
0.381507
0.171256
-0.088871
-0.508105
-0.013834
0.640941
-1.135183
1.305827
1.217604
0.554040
-0.548067
-0.223255
1.029397
2.484199
-1.101251
1.135532
-0.909602
-0.140102
0.951767
0.184256
-0.578988
-0.331388
-0.800539
0.309357
-0.709344
-0.080944
-0.931346
-1.060772
-0.167732
-1.191493
-0.210944
-0.023542
0.454229
-0.948664
0.605027
0.341843
-0.351730
1.400439
0.652627
-0.020221
-0.305738
0.226902
-0.335428
-0.433666
1.687517
0.008549
-0.787213
0.313519
1.091463
1.184925
1.469876
0.784796
-0.391078
-0.154376
-0.822541
-0.706024
-0.553583
0.389649
0.192309
0.458693
-0.827692
-0.141453
-0.967303
-0.480519
-1.414618
-0.546452
0.228918
1.496790
-2.270500
0.093556
-0.224335
0.254411
0.772998
-0.183086
-0.950840
-0.821023
-0.175336
-0.109669
1.160866
0.465281
-3.225852
1.050721
2.295317
-0.480244
-0.290689
-0.710854
1.296025
6.227710
-0.573657
-0.275254
3.429237
-0.504688
0.264509
-0.580036
-1.192161
-0.386407
-1.718893
-0.333186
1.424626
-0.222166
-0.945667
0.593177
-3.151220
-0.208979
-0.286622
-0.133889
0.054800
1.445289
0.973385
-1.269518
-0.059128
0.177465
0.491241
-1.179782
0.203922
1.258527
0.121613
1.126623
-0.374895
-0.685681
-0.121884
-0.065875
-2.969277
0.384805
0.244775
-0.891734
0.310976
-0.203858
0.410725
-0.358477
-0.708755
