0.454200 0.278818
0.458224 0.282880
0.471545 0.296066
0.485225 0.309232
0.499129 0.322308
0.513424 0.335408
0.542298 0.361214
0.571247 0.386463
0.599739 0.411052
0.627076 0.434786
0.652812 0.457632
0.676911 0.479839
0.699144 0.501471
0.719695 0.522874
0.789150 0.610936
0.825124 0.663453
0.704515 0.651703
0.708120 0.655542
0.724904 0.673631
0.732537 0.682009
0.759867 0.712274
0.778640 0.733216
0.819800 0.778856
0.867268 0.830143
0.923018 0.887904
0.986494 0.950895
1.051674 1.013649
1.111359 1.070257
1.162214 1.118245
1.203532 1.157218
1.310104 1.257907
1.343287 1.289300
0.654950 0.409031
0.659444 0.413021
0.672808 0.424903
0.685524 0.436441
0.697586 0.447644
0.709320 0.458771
0.731612 0.480802
0.751377 0.501759
0.769639 0.522621
0.786478 0.543465
0.801789 0.564075
0.816283 0.585045
0.830333 0.606600
0.844002 0.628529
0.873550 0.676142
0.969669 0.805514
0.249923 -0.077814
0.251308 -0.051072
0.253091 -0.023434
0.255372 0.004919
0.258247 0.033775
0.261892 0.062908
0.278742 0.149792
0.298644 0.409258
0.301106 0.413331
0.304934 0.419415
0.308937 0.425488
0.313112 0.431515
0.317526 0.437647
0.721035 0.675576
0.722646 0.677315
0.612799 0.474442
0.632233 0.491742
0.650853 0.508891
0.668656 0.526029
0.685827 0.543444
0.702157 0.561022
0.734230 0.598638
0.750751 0.619377
0.472388 0.485020
0.488594 0.498083
0.505401 0.511410
0.522737 0.525044
0.540513 0.539029
0.613883 0.599116
0.752337 0.644443
0.759265 0.653002
0.781726 0.680580
0.807568 0.711749
0.838004 0.747330
0.874040 0.788017
0.961965 0.883704
1.052422 0.981839
1.121424 1.058483
1.171139 1.113627
1.211480 1.156812
1.246405 1.192798
1.276753 1.223231
1.302965 1.249058
1.377511 1.321086
1.403023 1.345443
0.787781 0.630886
0.793451 0.638861
0.811539 0.664088
0.839866 0.702188
0.857291 0.724345
0.887976 0.761544
0.972895 0.857056
1.077914 0.973506
1.159186 1.069984
1.203034 1.127303
1.227875 1.161334
1.248722 1.187727
1.269860 1.211872
1.363390 1.306865
0.535100 0.568491
0.541354 0.573214
0.547632 0.577976
0.560354 0.587714
0.579093 0.602292
0.482704 0.387848
0.489015 0.393593
0.498486 0.402108
0.508128 0.410648
0.527555 0.427556
0.547003 0.444232
0.566322 0.460698
0.522884 0.463110
0.530198 0.469248
0.541399 0.478616
0.552643 0.488008
0.563907 0.497440
0.575171 0.506929
0.597632 0.526158
0.620052 0.545992
0.642192 0.566468
0.664151 0.587870
0.686429 0.610762
0.709330 0.635442
0.821026 0.761630
0.898817 0.846448
0.808995 0.672379
0.814068 0.679175
0.830817 0.700989
0.850073 0.725149
0.872469 0.752124
0.898608 0.782403
0.963141 0.854054
1.038641 0.936860
1.107815 1.015399
1.157492 1.075203
1.189332 1.115813
1.312099 1.256525
0.462339 0.389079
0.469197 0.395465
0.479558 0.404942
0.490218 0.414492
0.500803 0.423827
0.511611 0.433218
0.533397 0.451854
0.555264 0.470358
0.577018 0.488799
0.598611 0.507382
0.619605 0.525963
0.722342 0.631255
0.769469 0.686388
0.790148 0.577752
0.790993 0.578943
0.793555 0.582586
0.796224 0.586386
0.798636 0.589929
0.801282 0.593774
0.806187 0.601116
0.616185 0.486870
0.623811 0.493660
0.635015 0.503798
0.645963 0.513928
0.656657 0.524082
0.667109 0.534300
0.687382 0.555097
0.707076 0.576721
0.726671 0.599668
0.746882 0.624548
0.768715 0.652122
0.793535 0.683348
1.062007 0.984099
0.275386 0.420993
0.276513 0.423251
0.279928 0.429781
0.283533 0.436304
0.287339 0.442820
0.291358 0.449332
0.301650 0.464510
0.320654 0.488299
0.332725 0.501281
0.346168 0.514363
0.478048 0.609136
0.850479 0.831408
0.853700 0.834684
0.289041 0.252000
0.290176 0.255114
0.293672 0.264289
0.701442 0.516108
0.706948 0.521861
0.714976 0.530471
0.722765 0.539097
0.730336 0.547766
0.737834 0.556622
0.752143 0.574415
0.770566 0.598923
0.779989 0.612068
0.794517 0.632711
0.873534 0.738912
0.941691 0.818053
0.385633 0.465378
0.387935 0.467496
0.395817 0.474672
0.404110 0.481990
0.412615 0.489201
0.421540 0.496574
0.440438 0.511594
0.460694 0.527048
0.485953 0.545776
0.504842 0.559626
0.528010 0.576591
0.575201 0.611990
0.598073 0.629869
0.639457 0.664116
0.443021 0.534426
0.449934 0.539498
0.456991 0.544624
0.479061 0.560444
0.486612 0.565798
0.251666 0.372952
0.262856 0.404257
0.263674 0.406237
0.266158 0.412055
0.268759 0.417828
0.271502 0.423664
0.274376 0.429458
0.280560 0.441034
0.287380 0.452595
0.294916 0.464188
0.303218 0.475724
0.312343 0.487172
0.322422 0.498677
0.333493 0.510162
0.345619 0.521635
0.373210 0.544641
0.405342 0.568002
0.441637 0.592092
0.403389 0.396451
0.405577 0.398720
0.415916 0.409171
0.426763 0.419713
0.437867 0.430103
0.449462 0.440605
0.473770 0.461699
0.499486 0.483079
0.526396 0.504921
0.554215 0.527423
0.582619 0.550811
0.611313 0.575331
0.640234 0.601343
0.668953 0.628754
0.727624 0.689442
0.790637 0.758792
0.870569 0.844313
0.984669 0.955869
0.809422 0.597523
0.811084 0.600076
0.816455 0.608280
0.821836 0.616618
0.827262 0.625114
0.832768 0.633789
0.844186 0.651787
0.856626 0.671030
0.870097 0.691311
0.885827 0.713746
0.903821 0.738096
0.925484 0.765627
0.951565 0.796985
0.982913 0.833104
1.061198 0.921162
1.144367 1.018245
1.206098 1.097029
1.241406 1.147720
0.648208 0.568974
0.651920 0.572555
0.662866 0.583337
0.666293 0.586787
0.684771 0.605824
0.695959 0.617746
0.719026 0.643117
0.743606 0.670950
0.770541 0.701796
0.800746 0.736210
0.835200 0.774780
0.873797 0.817101
0.916606 0.862994
0.961988 0.910742
1.051700 1.003131
1.129225 1.081115
1.191286 1.142342
1.239410 1.189177
0.328903 0.184545
0.349918 0.220166
0.374431 0.255571
0.402441 0.290641
0.433924 0.325389
0.468262 0.359590
0.541982 0.425740
0.579080 0.457523
0.614860 0.488586
0.866029 0.721731
0.879261 0.738429
0.927270 0.795320
0.928647 0.796892
1.071847 0.956450
1.140635 1.036919
1.215774 1.135077
1.244933 1.178201
1.269668 1.209712
1.297075 1.239881
1.323904 1.267517
1.348139 1.291691
1.369606 1.312729
1.387889 1.330456
1.418566 1.359943
1.442285 1.382586
1.461838 1.401187
0.251587 -0.089179
0.253483 -0.063067
0.255927 -0.035938
0.259051 -0.007918
0.263008 0.020829
0.267963 0.050115
0.281561 0.109481
0.290551 0.139168
0.301217 0.168635
0.823248 0.831468
0.834577 0.842096
0.872843 0.877130
0.961396 0.954652
1.006549 0.993154
1.088116 1.062529
1.153685 1.119117
1.203487 1.162960
1.242357 1.197769
1.273511 1.226034
1.298304 1.248739
1.319264 1.268067
1.337126 1.284622
0.760715 0.679943
0.765719 0.685820
0.781783 0.704482
0.798975 0.724329
0.817471 0.745462
0.837749 0.768272
0.883518 0.818606
0.934481 0.873408
0.987702 0.929833
1.038782 0.983606
1.084439 1.031376
1.124767 1.073113
1.160174 1.109254
0.587186 0.451710
0.591460 0.455392
0.603872 0.466143
0.616025 0.476786
0.627896 0.487339
0.639465 0.497823
0.661808 0.518826
0.682722 0.539707
0.702810 0.561210
0.722337 0.583674
0.741916 0.607671
0.762434 0.633911
0.785134 0.663296
0.811689 0.696981
0.884784 0.783170
0.991350 0.899861
1.097172 1.017498
0.625059 0.414254
0.627058 0.416025
0.637110 0.424780
0.646630 0.433197
0.651045 0.437115
0.665300 0.449914
0.683029 0.466247
0.699836 0.482300
0.715330 0.497822
0.729972 0.513240
0.743691 0.528534
0.756588 0.543803
0.768787 0.559156
0.780441 0.574710
0.803000 0.607112
0.825816 0.641893
0.852133 0.681386
0.323473 0.297803
0.326678 0.303407
0.331829 0.312041
0.337193 0.320596
0.342775 0.329076
0.348576 0.337487
0.360850 0.354116
0.369718 0.365296
0.388173 0.386762
0.403238 0.402842
0.419318 0.418891
0.436405 0.434955
0.454478 0.451081
0.473501 0.467343
0.514122 0.500592
0.557384 0.535398
0.602064 0.572548
0.468990 0.384673
0.477396 0.392451
0.502749 0.415195
0.528418 0.437468
0.554419 0.459616
0.579962 0.481352
0.629517 0.524984
0.637941 0.532781
0.676387 0.570613
0.722996 0.622214
0.776552 0.685999
0.849906 0.770873
0.951625 0.881658
1.057206 0.995032
1.136350 1.080384
1.243678 1.191221
1.313890 1.260096
1.361876 1.306261
0.561925 0.537215
0.565863 0.540425
0.578275 0.550650
0.590751 0.561085
0.603268 0.571749
0.615807 0.582662
0.640903 0.605296
0.645320 0.609399
0.665995 0.629106
0.691124 0.654172
0.716414 0.680535
0.742111 0.708251
0.768699 0.737523
0.797161 0.768940
0.829244 0.803699
0.913049 0.889080
1.021194 0.991288
1.121899 1.083765
0.523474 0.475547
0.527208 0.478641
0.538544 0.488036
0.549958 0.497488
0.561427 0.507015
0.572931 0.516634
0.595975 0.536239
0.618988 0.556502
0.641957 0.577665
0.664988 0.600011
0.688332 0.623860
0.712526 0.649689
0.737849 0.677639
0.764948 0.708092
0.828037 0.778621
0.998557 0.956941
0.247729 -0.104302
0.248342 -0.082419
0.249104 -0.059779
0.250029 -0.036468
0.251233 -0.012612
0.252696 0.011669
0.256730 0.060899
0.259423 0.085542
0.656471 0.552018
0.663647 0.559132
0.684595 0.580760
0.705638 0.603805
0.727385 0.628815
0.750701 0.656452
0.806818 0.722906
0.884152 0.809850
0.981656 0.914811
1.072524 1.012414
1.195388 1.142603
0.329356 0.213648
0.329967 0.214808
0.332989 0.220199
0.336050 0.225555
0.339187 0.230899
0.342400 0.236230
0.349053 0.246852
0.349462 0.247488
0.356015 0.257423
0.363288 0.267940
0.370872 0.278405
0.378767 0.288816
0.386971 0.299174
0.395480 0.309479
0.404289 0.319731
0.442330 0.360198
1.008749 0.828794
1.013325 0.834232
1.020439 0.842629
1.027876 0.851347
1.035948 0.860698
1.043734 0.869791
1.060877 0.889617
1.079520 0.911131
0.812161 0.730087
0.826261 0.746293
0.858399 0.782394
0.903289 0.831567
0.932712 0.863308
0.993932 0.928798
1.050781 0.989723
1.099034 1.041563
1.139629 1.084820
1.174498 1.121325
1.205118 1.152735
1.232429 1.180247
1.256289 1.203948
0.643034 0.581213
0.643931 0.582062
0.646665 0.584662
0.649526 0.587389
0.652137 0.589914
0.654876 0.592567
0.660492 0.598046
0.665994 0.603493
0.469400 0.377724
0.474543 0.382525
0.482313 0.389684
0.487421 0.394335
0.506093 0.411003
0.522031 0.424924
0.538182 0.438815
0.554295 0.452561
0.570296 0.466187
0.586106 0.479716
0.601659 0.493184
0.616911 0.506641
0.631837 0.520152
0.660736 0.547657
0.688706 0.576522
0.248323 -0.084359
0.249152 -0.059859
0.250203 -0.034576
0.251510 -0.008652
0.253213 0.017736
0.255323 0.044406
0.257953 0.071162
0.261204 0.097821
0.407434 0.171566
0.411833 0.176609
0.427037 0.193324
0.443115 0.210303
0.460016 0.227498
0.477921 0.244988
0.515673 0.280273
0.555259 0.315590
0.595229 0.350306
0.634073 0.383857
0.670621 0.415951
0.703714 0.446282
0.733693 0.475524
0.804142 0.558447
0.841298 0.614413
0.511387 0.475128
0.512955 0.476418
0.515644 0.478652
0.518146 0.480710
0.520753 0.482860
0.523367 0.485014
0.528616 0.489332
0.533992 0.493758
0.539291 0.498110
0.544506 0.502385
0.549844 0.506774
0.555199 0.511186
0.560567 0.515621
0.565950 0.520083
0.576743 0.529092
0.284142 0.259828
0.284433 0.260642
0.285684 0.264238
0.286944 0.267796
0.288269 0.271378
0.289605 0.274921
0.292360 0.281957
0.295230 0.288925
0.298216 0.295829
0.301321 0.302668
0.304545 0.309446
0.307892 0.316165
0.311362 0.322827
0.314958 0.329435
0.322536 0.342496
0.361176 0.417424
0.387306 0.445048
0.388686 0.446401
0.392807 0.450385
0.397019 0.454380
0.401324 0.458386
0.405724 0.462405
0.414810 0.470491
0.424283 0.478650
0.576262 0.533198
0.583332 0.539131
0.604641 0.557381
0.625755 0.576134
0.647034 0.595859
0.668339 0.616530
0.712204 0.661893
0.759091 0.713283
0.812191 0.772294
0.876542 0.841567
0.956992 0.923139
1.046339 1.009330
1.126757 1.085240
0.605949 0.635164
0.615322 0.642790
0.653583 0.675599
0.677781 0.698299
0.752872 0.774502
0.950779 0.951255
1.154704 1.121820
1.262629 1.216820
1.323558 1.272374
1.364051 1.309888
1.393144 1.337043
0.361512 0.280054
0.363631 0.283053
0.370162 0.291954
0.376909 0.300815
0.383825 0.309560
0.390990 0.318295
0.405975 0.335633
0.421801 0.352800
0.438412 0.369803
0.455736 0.386647
0.473729 0.403378
0.492082 0.419842
0.510938 0.436274
0.530133 0.452672
0.568388 0.484995
0.606320 0.517648
0.642976 0.551102
0.334369 0.233346
0.335864 0.235934
0.340416 0.243616
0.345144 0.251296
0.349993 0.258882
0.355020 0.266466
0.365518 0.281508
0.376734 0.296480
0.388549 0.311297
0.400992 0.325992
0.414041 0.340567
0.427670 0.355024
0.441840 0.369366
0.456504 0.383594
0.487015 0.411673
0.518756 0.439393
0.550985 0.466768
0.249465 -0.077174
0.250368 -0.057212
0.251460 -0.036734
0.252778 -0.015813
0.254364 0.005468
0.256265 0.027016
0.261220 0.070519
0.264386 0.092280
0.438121 0.511688
0.442015 0.514703
0.454215 0.524008
0.458572 0.527287
0.479992 0.543169
0.493487 0.553049
0.521392 0.573417
0.549967 0.594503
0.578498 0.616112
0.605714 0.637510
0.630576 0.657996
0.652420 0.676988
0.670834 0.694021
0.686692 0.709654
0.723004 0.746877
0.799442 0.820636
0.935898 0.939783
0.364051 0.458524
0.365792 0.460286
0.373971 0.468320
0.382594 0.476403
0.391676 0.484550
0.401228 0.492774
0.421769 0.509517
0.444209 0.526757
0.465931 0.542799
0.494270 0.563272
0.521068 0.582512
0.574982 0.622144
0.600421 0.641733
0.643302 0.676962
0.673414 0.704661
0.703304 0.734625
0.450783 0.540387
0.474564 0.557485
0.512311 0.584211
0.551619 0.612351
0.588029 0.639361
0.620279 0.664557
0.663909 0.702414
0.710529 0.747894
0.848576 0.873280
1.052052 1.039317
1.190157 1.154112
0.249107 -0.083946
0.250839 -0.045648
0.253326 -0.005621
0.256858 0.035548
0.261763 0.077174
0.268503 0.118609
0.288866 0.198775
1.081585 0.798648
1.085703 0.805394
1.096785 0.823960
1.108182 0.842660
1.119946 0.861657
1.133173 0.881995
1.167412 0.930901
1.216528 0.998081
1.273578 1.080522
1.320428 1.157562
1.350110 1.214924
1.364769 1.250975
1.368004 1.269560
1.363781 1.276192
0.277866 0.345580
0.279106 0.348636
0.285076 0.362392
0.291623 0.375950
0.298794 0.389346
0.306646 0.402613
0.324671 0.428866
0.346459 0.455139
0.372685 0.481518
0.404118 0.508587
0.440993 0.536812
0.482898 0.566815
0.527690 0.598338
0.572411 0.630641
0.641564 0.684971
0.684174 0.724916
0.809847 0.841376
0.346913 0.449163
0.347788 0.450105
0.352039 0.454748
0.356492 0.459501
0.360987 0.464085
0.365677 0.468763
0.375520 0.478165
0.385676 0.487360
0.397209 0.497318
0.408947 0.506934
0.421430 0.516791
0.434579 0.526824
0.448468 0.537157
0.462755 0.547512
0.493183 0.569233
0.524740 0.591626
0.379919 0.445018
0.382088 0.447158
0.385468 0.450482
0.385496 0.450508
0.392427 0.457150
0.396008 0.460497
0.403374 0.467219
0.411019 0.473987
0.418946 0.480809
0.427236 0.487781
0.435656 0.494648
0.444436 0.501682
0.453494 0.508803
0.462822 0.516020
0.482241 0.530771
0.502567 0.545987
0.328895 0.275476
0.330769 0.278738
0.336661 0.288620
0.336709 0.288698
0.349251 0.308117
0.355924 0.317711
0.370190 0.336753
0.385535 0.355490
0.401987 0.373995
0.419533 0.392314
0.438178 0.410538
0.457711 0.428570
0.478372 0.446780
0.499659 0.464868
0.544279 0.501738
0.590292 0.540103
0.293635 0.327345
0.295090 0.330507
0.299530 0.339734
0.304218 0.348857
0.309162 0.357884
0.314351 0.366790
0.325642 0.384489
0.338141 0.401929
0.351986 0.419202
0.367378 0.436475
0.384542 0.453931
0.403509 0.471506
0.424365 0.489333
0.447286 0.507735
0.498659 0.546596
0.555179 0.588824
0.318016 0.388698
0.319655 0.391198
0.324628 0.398529
0.328105 0.403435
0.335288 0.413111
0.341001 0.420375
0.353280 0.434923
0.366758 0.449482
0.381503 0.464055
0.397781 0.478965
0.415418 0.493960
0.434639 0.509392
0.455345 0.525268
0.477530 0.541775
0.524758 0.576253
0.573681 0.612763
0.235570 0.269848
0.235653 0.270665
0.235888 0.273098
0.236133 0.275521
0.236292 0.277098
0.236651 0.280340
0.237206 0.285124
0.237801 0.289872
0.238434 0.294586
0.239107 0.299266
0.239819 0.303914
0.240571 0.308531
0.241364 0.313117
0.242197 0.317674
0.243988 0.326705
0.245947 0.335630
0.291772 0.404237
0.293431 0.407200
0.298526 0.415893
0.303963 0.424558
0.309755 0.433167
0.317064 0.443283
0.329702 0.459138
0.345342 0.476387
0.363205 0.493826
0.383522 0.511586
0.406190 0.529524
0.431403 0.548091
0.458870 0.567340
0.488219 0.587420
0.547998 0.628383
0.599841 0.665582
0.266024 0.133815
0.266356 0.135706
0.267331 0.141220
0.269461 0.152271
0.272986 0.168645
0.278282 0.190091
0.281211 0.200647
0.284338 0.211087
0.287666 0.221410
0.294949 0.241702
0.312151 0.280899
0.425415 0.310705
0.428760 0.314292
0.438784 0.324813
0.449073 0.335288
0.459605 0.345713
0.470255 0.355999
0.492403 0.376625
0.514960 0.396874
0.537807 0.416830
0.560555 0.436399
0.582831 0.455501
0.604761 0.474462
0.625691 0.492967
0.645880 0.511440
0.719371 0.588408
0.535183 0.544392
0.538907 0.547293
0.544552 0.551701
0.555791 0.560528
0.561466 0.565018
0.249121 0.101204
0.249243 0.103611
0.249626 0.110724
0.250483 0.124673
0.250968 0.131615
0.252057 0.145371
0.253315 0.158940
0.254759 0.172310
0.256402 0.185474
0.258257 0.198424
0.260336 0.211156
0.262650 0.223671
0.265207 0.235967
0.271090 0.259920
0.278048 0.283051
0.429074 0.597581
0.433713 0.600509
0.449064 0.610083
0.459766 0.616708
0.496434 0.639072
0.526353 0.657250
0.552306 0.672994
0.571822 0.684578
0.583670 0.691057
0.589355 0.693444
0.359160 0.452900
0.360015 0.453767
0.363072 0.456961
0.366093 0.460000
0.369228 0.463125
0.372429 0.466256
0.379032 0.472541
0.385909 0.478859
0.393067 0.485220
0.400510 0.491628
0.408244 0.498092
0.416267 0.504618
0.424666 0.511309
0.433184 0.517890
0.451226 0.531502
0.281639 0.243187
0.282027 0.244412
0.283445 0.248796
0.287727 0.261221
0.289759 0.266740
0.294024 0.277658
0.298564 0.288417
0.303384 0.299025
0.308491 0.309488
0.313870 0.319788
0.319589 0.330010
0.325596 0.340087
0.331919 0.350054
0.345554 0.369703
0.245546 0.413565
0.247120 0.418138
0.249602 0.424984
0.252244 0.431834
0.255054 0.438688
0.258044 0.445548
0.264606 0.459285
0.272016 0.472988
0.280396 0.486722
0.289848 0.500408
0.300499 0.514037
0.325745 0.540841
0.340513 0.554008
0.509271 0.533661
0.511294 0.535225
0.512606 0.536214
0.514032 0.537306
0.517006 0.539596
0.519767 0.541696
0.522653 0.543905
0.525549 0.546125
0.528457 0.548355
0.531375 0.550594
0.534302 0.552843
0.537238 0.555103
0.540183 0.557373
0.546096 0.561943
0.465790 0.430537
0.486730 0.448826
0.508380 0.467144
0.530603 0.485591
0.553336 0.504367
0.576202 0.523416
0.621994 0.563180
0.252919 -0.070108
0.254065 -0.055893
0.255376 -0.041398
0.256872 -0.026640
0.258550 -0.011642
0.260509 0.003569
0.266058 0.171915
0.270373 0.193107
0.271801 0.199378
0.273271 0.205587
0.274846 0.211784
0.276465 0.217917
0.279904 0.230046
0.283617 0.241991
0.287610 0.253753
0.291892 0.265336
0.296470 0.276745
0.301350 0.287985
0.306539 0.299062
0.312043 0.309984
0.324030 0.331400
0.452621 0.434137
0.459148 0.439952
0.468936 0.448517
0.478941 0.457106
0.489240 0.465814
0.499644 0.474481
0.520861 0.491898
0.542731 0.509719
0.565005 0.527967
0.595254 0.553345
0.610186 0.566282
0.632900 0.586658
0.655808 0.608181
0.691868 0.516753
0.694182 0.519119
0.701001 0.526186
0.713821 0.540025
0.720084 0.547046
0.732264 0.561253
0.744217 0.575911
0.755754 0.590794
0.767565 0.606574
0.779413 0.622917
0.791994 0.640454
0.805574 0.659321
0.820636 0.679845
0.908429 0.787599
0.977047 0.863764
0.295175 0.044147
0.309183 0.076769
0.326324 0.110594
0.347007 0.145508
0.371744 0.181457
0.400643 0.218236
0.470710 0.293389
0.510593 0.330984
0.489838 0.514463
0.492505 0.516534
0.495167 0.518598
0.497842 0.520669
0.500532 0.522749
0.503342 0.524934
0.508793 0.529137
0.514187 0.533276
0.251016 0.202424
0.251430 0.206020
0.252747 0.216492
0.254213 0.226806
0.255834 0.236963
0.257615 0.246966
0.261675 0.266521
0.266427 0.285500
0.271899 0.303944
0.278120 0.321897
0.285127 0.339412
0.292966 0.356544
0.301687 0.373324
0.311413 0.389906
0.334234 0.422515
0.362567 0.454941
0.397778 0.487952
0.469705 0.287896
0.472905 0.291024
0.482433 0.300217
0.492118 0.309397
0.501940 0.318555
0.511877 0.327682
0.532000 0.345810
0.552286 0.363713
0.572526 0.381325
0.592432 0.398539
0.611973 0.415423
0.631055 0.432011
0.649263 0.448109
0.666468 0.463705
0.250258 -0.003160
0.250348 -0.001210
0.250626 0.004609
0.250919 0.010445
0.251205 0.016294
0.251554 0.022158
0.252260 0.033912
0.253021 0.045688
0.253913 0.057478
0.254875 0.069255
0.255939 0.081007
0.257090 0.092710
0.258404 0.104375
0.259823 0.115963
0.503557 0.404398
0.512012 0.411843
0.537330 0.433785
0.562882 0.455616
0.611528 0.497606
0.657377 0.540006
0.700567 0.585104
0.745003 0.637327
0.798820 0.702905
0.875973 0.791552
0.981143 0.905631
1.080833 1.014325
1.150286 1.091385
1.244370 1.190910
1.310216 1.256203
0.834249 0.766274
0.842543 0.775514
0.868399 0.804000
0.896399 0.834388
0.956194 0.898187
1.016492 0.961662
1.071746 1.019293
1.119985 1.069004
1.161583 1.111220
1.197422 1.147046
1.228323 1.177552
1.255034 1.203666
1.278235 1.226186
0.213593 0.609691
0.215373 0.614203
0.221174 0.628182
0.227527 0.642194
0.234329 0.655548
0.241725 0.668775
0.258154 0.693615
0.276822 0.715826
0.297758 0.734978
0.320862 0.750954
0.346338 0.764239
0.373600 0.775193
0.402143 0.784477
0.430214 0.791893
0.924296 0.685884
0.927069 0.690534
0.935722 0.704870
0.944786 0.719527
0.954420 0.734629
0.964827 0.750335
0.989227 0.784692
1.019945 0.824393
1.113568 0.935998
1.171673 1.006953
1.224302 1.075993
1.289173 1.173798
1.310920 1.218689
0.254230 0.112330
0.254597 0.116376
0.255759 0.128206
0.257050 0.139927
0.258480 0.151529
0.260057 0.163002
0.263686 0.185539
0.268003 0.207498
0.273042 0.228846
0.278907 0.249636
0.285584 0.269828
0.293127 0.289467
0.301554 0.308566
0.310960 0.327241
0.359012 0.398325
0.547743 0.534935
0.549843 0.536627
0.555591 0.541233
0.561479 0.545983
0.567390 0.550776
0.569406 0.552423
0.585231 0.565439
0.597183 0.575461
0.609154 0.585692
0.621124 0.596140
0.633205 0.606917
0.644995 0.617703
0.656870 0.628821
0.668691 0.640156
0.553562 0.541386
0.554534 0.542175
0.556941 0.544100
0.559468 0.546135
0.562000 0.548177
0.564536 0.550229
0.569620 0.554356
0.574717 0.558517
0.257592 0.081173
0.257869 0.083731
0.258720 0.091243
0.259623 0.098735
0.260580 0.106203
0.261593 0.113645
0.263799 0.128436
0.266258 0.143084
0.268988 0.157572
0.271984 0.171868
0.275328 0.186004
0.278967 0.199926
0.282939 0.213643
0.287255 0.227152
0.296968 0.253544
0.308189 0.279122
0.386827 0.478225
0.387395 0.478737
0.389252 0.480402
0.391127 0.482070
0.393022 0.483741
0.395003 0.485502
0.398825 0.488773
0.402792 0.492146
0.406838 0.495534
0.411039 0.499030
0.415247 0.502454
0.419454 0.505804
0.423818 0.509266
0.428260 0.512749
0.754912 0.645999
0.757856 0.649633
0.767860 0.661992
0.778600 0.675181
0.789726 0.688826
0.801834 0.703467
0.829033 0.735630
0.860990 0.772175
0.898416 0.813643
0.940064 0.858919
0.984402 0.906741
1.027748 0.953743
1.066896 0.996742
1.100354 1.033999
0.453406 0.385880
0.458850 0.391039
0.467410 0.399012
0.476049 0.406913
0.484799 0.414782
0.493648 0.422620
0.511614 0.438236
0.700076 0.694953
0.702667 0.697611
0.710179 0.705404
0.717569 0.713189
0.724902 0.721012
0.732344 0.729012
0.747679 0.745622
0.764811 0.764029
0.785460 0.785653
0.797818 0.798262
0.843320 0.842898
0.882063 0.879134
0.926177 0.919021
1.063164 1.038548
0.250718 -0.079936
0.252033 -0.057985
0.253654 -0.035378
0.255645 -0.012202
0.258075 0.011438
0.260998 0.035423
0.268779 0.083938
0.273812 0.108231
0.279679 0.132384
0.454550 0.513695
0.460867 0.518545
0.467304 0.523443
0.473856 0.528390
0.480622 0.533487
0.487392 0.538539
0.501215 0.548806
0.508138 0.553921
0.537264 0.320346
0.549352 0.331044
0.585010 0.362093
0.619663 0.392050
0.652644 0.420850
0.683357 0.448502
0.736167 0.500486
0.772017 0.541850
0.814456 0.600955
0.849836 0.656579
0.895803 0.724306
0.972377 0.818840
1.098135 0.961407
1.208802 1.098609
1.270287 1.197707
1.296852 1.236636
1.335567 1.278219
1.370907 1.313541
0.257858 0.028453
0.261115 0.055427
0.263029 0.069070
0.265145 0.082715
0.267478 0.096338
0.291075 0.189609
0.300542 0.215204
0.311384 0.240233
0.323671 0.264693
0.337462 0.288599
0.352804 0.311990
0.388224 0.357411
0.430018 0.401560
0.477719 0.445137
0.259014 0.109105
0.259372 0.112184
0.260696 0.122184
0.262103 0.132110
0.263621 0.141965
0.265851 0.155128
0.268890 0.171052
0.273049 0.190002
0.277768 0.208574
0.283078 0.226757
0.288988 0.244527
0.295587 0.261950
0.302835 0.278977
0.310775 0.295646
0.328822 0.328006
0.349901 0.359232
0.374332 0.389722
0.402315 0.419727
0.897529 0.845864
0.902980 0.851692
0.920633 0.870367
0.938347 0.888992
0.956716 0.908118
0.974875 0.926922
1.011466 0.964405
1.047044 1.000421
1.080752 1.034196
1.112049 1.065279
1.140913 1.093727
1.166916 1.119197
1.190181 1.141869
1.211367 1.162423
1.247812 1.197602
1.277859 1.226461
0.265986 0.286163
0.266473 0.287966
0.268828 0.296189
0.271341 0.304333
0.276786 0.320293
0.282845 0.335902
0.289551 0.351200
0.296942 0.366228
0.305072 0.381030
0.314008 0.395655
0.323833 0.410148
0.334630 0.424526
0.346542 0.438911
0.374178 0.467864
0.357971 0.411394
0.358878 0.412456
0.363046 0.417248
0.367352 0.422072
0.370793 0.425835
0.385794 0.441396
0.395868 0.451213
0.406356 0.460921
0.417464 0.470795
0.429142 0.480779
0.441393 0.490899
0.454210 0.501182
0.467577 0.511651
0.495823 0.533245
0.525854 0.555937
0.267248 0.050429
0.276180 0.092962
0.287965 0.135539
0.303080 0.177657
0.321949 0.218975
0.344912 0.259323
0.403822 0.337085
0.248132 -0.072029
0.248746 -0.051878
0.249493 -0.031245
0.250400 -0.010216
0.251501 0.011117
0.252834 0.032650
0.258688 0.097414
0.348921 0.223800
0.379169 0.266969
0.414640 0.309578
0.454865 0.351477
0.498601 0.392393
0.544185 0.432242
0.631691 0.508310
0.671285 0.546249
0.487650 0.412161
0.490271 0.414488
0.501812 0.424654
0.513387 0.434700
0.525132 0.444771
0.536924 0.454797
0.560516 0.474750
0.583927 0.494655
0.606975 0.514661
0.629561 0.534979
0.651698 0.555891
0.673546 0.577751
0.695442 0.601000
0.717943 0.626167
0.768256 0.684920
0.833676 0.760289
0.921324 0.856198
0.253551 -0.025956
0.258186 0.023817
0.265112 0.074747
0.275093 0.125655
0.288891 0.175551
0.307192 0.223798
0.359358 0.314663
0.393828 0.357631
0.280773 0.234049
0.281832 0.237483
0.285182 0.247839
0.288790 0.258096
0.292601 0.268195
0.296640 0.278162
0.305418 0.297711
0.313517 0.313722
0.325911 0.335419
0.337713 0.353682
0.350625 0.371633
0.364691 0.389315
0.380064 0.406906
0.396785 0.424438
0.434547 0.459704
0.478185 0.495973
0.837164 0.783181
0.840518 0.786872
0.856515 0.804372
0.873261 0.822510
0.890896 0.841398
0.908858 0.860486
0.946730 0.900103
0.981678 0.936045
1.024883 0.979795
1.062534 1.017404
1.097992 1.052455
1.130051 1.083902
1.159177 1.112287
1.185493 1.137805
1.229403 1.180160
1.265142 1.214449
1.293918 1.241963
0.771263 0.625567
0.774493 0.629931
0.784306 0.643224
0.794721 0.657296
0.805934 0.672280
0.818333 0.688496
0.846897 0.724513
0.882520 0.766882
0.927460 0.817551
0.981279 0.876505
1.039213 0.940083
1.092943 1.000677
1.135368 1.050626
1.166408 1.088819
1.205902 1.139293
1.234645 1.174441
0.436988 0.543433
0.437323 0.543675
0.438851 0.544778
0.440489 0.545985
0.441930 0.546991
0.443480 0.548101
0.446602 0.550329
0.449751 0.552568
0.452928 0.554816
0.456131 0.557075
0.459360 0.559344
0.462614 0.561624
0.465892 0.563914
0.469192 0.566215
0.475859 0.570847
0.543360 0.302903
0.544131 0.303585
0.547543 0.306630
0.551156 0.309781
0.554675 0.312873
0.558578 0.316294
0.565250 0.322121
0.572302 0.328258
0.579347 0.334370
0.586376 0.340452
0.593282 0.346444
0.600353 0.352517
0.607186 0.358434
0.614168 0.364430
0.455431 0.232784
0.458372 0.235741
0.472033 0.249245
0.486144 0.262828
0.500649 0.276462
0.515484 0.290113
0.545850 0.317331
0.573138 0.341218
0.606962 0.370461
0.636354 0.395906
0.664312 0.420481
0.690135 0.443938
0.714271 0.466818
0.735986 0.488746
0.773974 0.531564
0.719422 0.573214
0.721615 0.575818
0.732288 0.588685
0.743137 0.602189
0.753944 0.616070
0.765272 0.630853
0.790061 0.663411
0.819722 0.701356
0.857270 0.746792
0.905741 0.802008
0.965765 0.867767
1.031368 0.939400
1.090694 1.005983
1.135927 1.058900
1.192055 1.127247
1.230746 1.172452
0.363891 0.394720
0.365592 0.396733
0.370886 0.402860
0.376318 0.408942
0.381944 0.415050
0.387742 0.421156
0.399932 0.433454
0.412760 0.445673
0.426399 0.458042
0.440812 0.470541
0.455995 0.483215
0.472021 0.496202
0.488674 0.509368
0.505868 0.522749
0.542022 0.550794
0.579462 0.580474
0.297646 0.225448
0.298195 0.226852
0.300796 0.233326
0.303487 0.239758
0.306272 0.246147
0.309151 0.252494
0.315195 0.265061
0.321628 0.277464
0.328458 0.289708
0.335691 0.301799
0.343306 0.313718
0.351394 0.325556
0.359847 0.337212
0.368785 0.348812
0.387900 0.371657
0.408763 0.394198
0.365392 0.153915
0.366941 0.156059
0.374176 0.165860
0.381738 0.175750
0.389629 0.185725
0.397850 0.195782
0.415289 0.216122
0.434027 0.236722
0.453995 0.257524
0.475074 0.278449
0.497091 0.299407
0.519732 0.320244
0.542974 0.340996
0.566262 0.361404
0.611905 0.400901
0.654703 0.438379
0.672142 0.252261
0.675259 0.254872
0.684371 0.262540
0.693379 0.270183
0.702270 0.277792
0.711031 0.285361
0.727956 0.300256
0.744527 0.315080
0.760233 0.329539
0.789399 0.357547
0.802860 0.371096
0.815601 0.384360
0.827657 0.397363
0.260842 0.303850
0.262899 0.311339
0.265124 0.318891
0.267470 0.326339
0.269946 0.333713
0.272548 0.340985
0.278202 0.355423
0.284436 0.369601
0.291305 0.383587
0.298869 0.397419
0.307198 0.411135
0.316381 0.424773
0.326533 0.438406
0.337696 0.451921
0.363763 0.479292
0.893058 0.721428
0.900657 0.731714
0.908822 0.742485
0.926771 0.765219
0.958760 0.803611
1.048526 0.905340
1.151028 1.024881
1.221056 1.116118
1.253932 1.166385
1.266901 1.191294
1.274808 1.206980
1.284588 1.221623
1.297558 1.237534
1.312144 1.253752
0.335020 0.417600
0.335998 0.418845
0.338927 0.422545
0.338976 0.422605
0.340995 0.425126
0.348364 0.433877
0.355021 0.441396
0.362064 0.449006
0.369384 0.456508
0.377113 0.464105
0.385286 0.471829
0.393737 0.479441
0.402655 0.487203
0.411986 0.495045
0.347813 0.306550
0.350241 0.310143
0.353979 0.315506
0.359003 0.322512
0.365610 0.331368
0.373757 0.341800
0.440692 0.254734
0.442212 0.256328
0.449266 0.263675
0.456601 0.271114
0.463998 0.278520
0.469855 0.284299
0.486907 0.300742
0.534959 0.344762
0.567767 0.373518
0.583998 0.387568
0.652402 0.554822
0.653679 0.556066
0.657937 0.560237
0.670187 0.572547
0.678539 0.581163
0.468128 0.497073
0.488139 0.512810
0.679543 0.645559
0.680792 0.646805
0.688140 0.654194
0.691813 0.657926
0.695611 0.661787
0.729420 0.746266
0.736284 0.753338
0.762541 0.779753
0.786107 0.802679
0.907508 0.912347
1.032541 1.017727
0.322734 0.189409
0.331513 0.205901
0.345932 0.230411
0.362056 0.254767
0.379794 0.278878
0.399127 0.302723
0.442541 0.349756
0.592204 0.483199
0.640118 0.526029
0.684726 0.570423
0.728993 0.620538
0.780048 0.682425
0.950212 0.874043
0.248077 0.043952
0.248242 0.048464
0.248468 0.055131
0.248712 0.061791
0.248976 0.068442
0.249261 0.075080
0.249900 0.088306
0.250776 0.103646
0.251495 0.114486
0.252475 0.127402
0.253592 0.140180
0.254859 0.152808
0.256268 0.165262
0.257888 0.177572
0.261648 0.201634
0.276936 0.131866
0.277614 0.134694
0.279757 0.143026
0.282038 0.151337
0.284410 0.159596
0.286901 0.167813
0.292252 0.184115
0.298114 0.200227
0.523136 0.580849
0.529491 0.585464
0.542237 0.594775
0.554963 0.604167
0.338619 0.446587
0.344901 0.453715
0.355014 0.464556
0.365931 0.475442
0.377765 0.486503
0.390374 0.497505
0.418493 0.520192
0.450253 0.543820
0.559380 0.621311
0.593896 0.646971
0.623214 0.669926
0.645445 0.688529
0.679004 0.720086
0.759541 0.796355
0.943292 0.952921
0.255218 0.009433
0.255497 0.012297
0.256315 0.021051
0.257193 0.029839
0.258136 0.038655
0.259146 0.047490
0.261362 0.065192
0.263921 0.082901
0.270146 0.118154
0.273850 0.135603
0.277997 0.152888
0.282615 0.169980
0.287731 0.186856
0.299558 0.219902
0.313653 0.251958
0.330163 0.283032
0.437679 0.550920
0.438492 0.551497
0.440894 0.553198
0.443313 0.554905
0.445748 0.556617
0.446580 0.557201
0.458165 0.565270
0.468477 0.572403
0.473534 0.575849
0.478754 0.579420
0.484014 0.583013
0.489434 0.586731
0.374930 0.354477
0.376660 0.356578
0.381832 0.362738
0.387130 0.368874
0.392555 0.374986
0.421533 0.405244
0.434011 0.417281
0.446975 0.429303
0.460518 0.441439
0.474331 0.453433
0.488735 0.465651
0.503340 0.477783
0.533797 0.502699
0.452028 0.407300
0.460110 0.414766
0.472689 0.426116
0.485578 0.437460
0.498770 0.448827
0.539096 0.482695
0.566610 0.505628
0.621662 0.553294
0.648996 0.578796
0.676447 0.606091
0.704592 0.635817
0.734358 0.668702
0.803991 0.747284
0.331134 0.182579
0.336376 0.191860
0.340414 0.198742
0.344581 0.205622
0.348838 0.212472
0.353309 0.219367
0.362568 0.233091
0.372363 0.246788
0.382695 0.260452
0.393560 0.274079
0.404952 0.287661
0.416854 0.301193
0.429243 0.314667
0.442035 0.328036
0.468997 0.354647
0.485223 0.555510
0.486111 0.556150
0.489778 0.558792
0.491561 0.560075
0.497060 0.564030
0.513810 0.576076
0.519458 0.580148
0.525128 0.584244
0.530814 0.588364
0.542204 0.596662
0.428621 0.291826
0.440015 0.303902
0.457725 0.321910
0.476119 0.339799
0.495060 0.357529
0.514309 0.374987
0.628272 0.474216
0.662020 0.505204
0.692570 0.535695
0.720848 0.567044
0.748071 0.600572
0.776724 0.638368
0.998668 0.898823
0.479252 0.380386
0.483411 0.384225
0.687268 0.655536
0.691977 0.660305
0.604438 0.342926
0.613381 0.350627
0.617172 0.353893
0.620947 0.357147
0.624601 0.360327
0.628444 0.363617
0.643197 0.376396
0.415292 0.270131
0.422077 0.277716
0.432523 0.289063
0.443299 0.300392
0.458218 0.315529
0.465750 0.322959
0.489138 0.345295
0.537891 0.389173
0.562470 0.410503
0.586592 0.431276
0.632343 0.471213
0.653748 0.490657
0.692526 0.528569
0.727416 0.567346
0.760374 0.609116
0.477591 0.429998
0.481887 0.433774
0.494903 0.445062
0.508131 0.456339
0.521559 0.467631
0.535119 0.478947
0.562499 0.501754
0.589984 0.524997
0.617480 0.549096
0.644588 0.574152
0.671864 0.600994
0.699838 0.630255
0.728974 0.662288
0.760856 0.698243
0.837877 0.784616
0.351643 0.339571
0.353626 0.342299
0.359518 0.350198
0.365615 0.358047
0.371920 0.365848
0.378435 0.373608
0.392105 0.389023
0.406611 0.404300
0.422097 0.419631
0.438344 0.434830
0.455531 0.450155
0.473646 0.465680
0.492376 0.481215
0.511898 0.497085
0.552624 0.529888
0.594719 0.564674
0.637256 0.602160
0.401727 0.318273
0.404289 0.321210
0.411963 0.329823
0.419839 0.338397
0.427910 0.346932
0.436168 0.355428
0.453206 0.372300
0.470857 0.389010
0.488958 0.405513
0.507482 0.421888
0.526373 0.438213
0.545125 0.454202
0.563930 0.470155
0.582557 0.486028
0.618909 0.517822
0.653948 0.550531
0.687769 0.585146
0.271921 0.161991
0.272956 0.166636
0.279807 0.193883
0.297331 0.246143
0.320553 0.295461
0.334489 0.319140
0.350017 0.342223
0.425802 0.441454
0.428142 0.443592
0.435100 0.449875
0.442313 0.456223
0.449738 0.462664
0.457178 0.468972
0.472721 0.481883
0.489001 0.495090
0.505785 0.508460
0.540716 0.536034
0.558785 0.550422
0.577086 0.565230
0.595511 0.580486
0.632339 0.612396
0.668569 0.646082
0.703722 0.681192
0.988475 0.774905
0.995405 0.784584
1.018762 0.815607
1.048015 0.852039
1.084496 0.895806
1.128679 0.948562
1.310292 1.207044
1.317786 1.230285
1.316097 1.239009
1.314273 1.244134
0.732077 0.662385
0.741512 0.673012
0.756028 0.689533
0.771511 0.707158
0.787964 0.725842
0.805521 0.745654
0.844368 0.788833
0.936891 0.887897
0.280075 0.292836
0.306322 0.352145
0.323239 0.380304
0.343181 0.407892
0.366637 0.435171
0.426802 0.490896
0.449588 0.356172
0.455033 0.361509
0.463294 0.369467
0.480171 0.385268
0.488706 0.393067
0.506112 0.408621
0.523720 0.424000
0.489849 0.283903
0.493735 0.287566
0.505297 0.298336
0.564905 0.351585
0.588812 0.372314
0.612256 0.392560
0.634856 0.412197
0.656714 0.431426
0.677081 0.449854
0.696397 0.467911
0.714527 0.485619
0.313205 0.048888
0.318695 0.059369
0.324568 0.070034
0.330742 0.080710
0.359909 0.125568
0.377413 0.149117
0.396907 0.173346
0.418497 0.198227
0.442159 0.223681
0.467764 0.249585
0.495052 0.275773
0.523624 0.302034
0.582432 0.353813
0.639421 0.403134
0.986655 0.800806
0.996390 0.812801
1.031084 0.854087
1.073944 0.903789
1.123039 0.961308
1.172242 1.021445
1.247118 1.122322
1.284712 1.182481
1.297659 1.211298
1.299665 1.223829
1.300894 1.231997
1.305741 1.241403
1.314372 1.252935
1.325477 1.265805
0.951562 0.830298
1.021157 0.906898
1.064886 0.955628
1.105466 1.002134
1.203193 1.124503
1.224486 1.154407
0.443942 0.451776
0.449202 0.456371
0.459784 0.465442
0.481837 0.483759
0.499267 0.497864
0.517095 0.512068
0.554347 0.541730
0.592865 0.573276
0.631546 0.606835
0.669850 0.642629
0.707326 0.680384
0.744514 0.720146
0.783579 0.763063
0.831218 0.814003
0.981330 0.958583
1.140100 1.102123
0.318718 0.259742
0.322206 0.266410
0.333330 0.286118
0.358732 0.324468
0.373049 0.343175
0.405430 0.477615
0.406911 0.478903
0.409218 0.480922
0.413695 0.484716
0.416004 0.486663
0.420695 0.490574
0.425561 0.494597
0.430367 0.498466
0.435431 0.502543
0.440509 0.506557
0.445592 0.510506
0.450854 0.514578
0.456207 0.518684
0.467178 0.526997
0.406248 0.462086
0.407860 0.463540
0.412672 0.467829
0.702210 0.692226
0.706870 0.697052
0.720592 0.711467
0.734231 0.726096
0.762906 0.757252
0.799234 0.795595
0.851561 0.847438
0.922169 0.912998
1.002554 0.984345
1.078056 1.050338
1.140791 1.105512
1.190416 1.149756
1.229538 1.185099
0.573118 0.455877
0.575186 0.457653
0.581819 0.463337
0.594933 0.474637
0.601405 0.480256
0.610121 0.487881
0.626640 0.502602
0.638955 0.513858
0.650757 0.524948
0.662407 0.536231
0.673815 0.547662
0.685022 0.559305
0.696209 0.571348
0.718121 0.596283
0.264545 0.023167
0.272897 0.066692
0.284173 0.110780
0.298946 0.154824
0.317740 0.198349
0.423620 0.307962
0.425349 0.309834
0.433273 0.318292
0.441482 0.326798
0.458287 0.343640
0.475669 0.360339
0.493511 0.376870
0.511617 0.393162
0.529960 0.409282
0.566593 0.440838
0.319685 0.381971
0.320888 0.383825
0.326452 0.392086
0.333029 0.401290
0.338432 0.408458
0.344917 0.416655
0.358898 0.432991
0.374313 0.449273
0.391415 0.465766
0.410276 0.482508
0.430967 0.499625
0.453480 0.517246
0.477699 0.535498
0.503377 0.554475
0.557492 0.594703
0.610561 0.636318
0.656206 0.675501
0.248762 -0.105264
0.250011 -0.074679
0.251760 -0.042670
0.254085 -0.009465
0.257190 0.024604
0.261284 0.059164
0.273344 0.128234
0.281831 0.162116
0.466313 0.544083
0.466599 0.544291
0.467796 0.545138
0.469105 0.546088
0.470418 0.547039
0.471844 0.548094
0.474380 0.549905
0.477042 0.551826
0.246829 -0.111311
0.247112 -0.095409
0.247441 -0.079071
0.247828 -0.062331
0.248260 -0.045221
0.248798 -0.027800
0.613955 0.694238
0.615884 0.695598
0.622812 0.700835
0.635360 0.711041
0.658113 0.730421
0.694856 0.762694
0.819725 0.869326
0.980173 0.993072
1.195449 1.161672
1.295756 1.248586
1.351188 1.298764
1.387845 1.332561
1.414807 1.357643
1.435962 1.377421
0.333440 0.353909
0.334995 0.356233
0.342424 0.366896
0.350215 0.377405
0.358474 0.387900
0.367128 0.398271
0.385886 0.418978
0.406665 0.439708
0.454815 0.482052
0.482018 0.503913
0.511224 0.526704
0.573574 0.575541
0.748468 0.740843
0.266223 0.027565
0.270382 0.049155
0.275207 0.070961
0.280771 0.092898
0.287230 0.114918
0.294572 0.136922
0.322716 0.202334
0.471684 0.210889
0.474926 0.214007
0.484978 0.223566
0.498988 0.236646
0.505782 0.242897
0.516491 0.252644
0.538394 0.272235
0.560636 0.291799
0.583278 0.311386
0.605722 0.330705
0.627810 0.349703
0.649304 0.368296
0.669905 0.386358
0.689777 0.404053
0.726074 0.437791
0.204419 0.354071
0.204768 0.359246
0.206086 0.374581
0.207844 0.389863
0.210067 0.405156
0.212791 0.420524
0.219945 0.451691
0.229858 0.483631
0.243288 0.516217
0.261107 0.548701
0.284239 0.580120
0.313414 0.609355
0.348785 0.635645
0.390317 0.660064
0.480670 0.704072
0.528574 0.718804
0.521436 0.701244
0.526396 0.456404
0.529825 0.459302
0.539935 0.467820
0.553430 0.479162
0.560198 0.484855
0.570316 0.493391
0.610388 0.527975
0.630084 0.545782
0.649568 0.564177
0.688457 0.603711
0.729269 0.648961
0.834786 0.769560
0.908612 0.850008
0.577139 0.539942
0.582753 0.544641
0.608367 0.566563
0.620079 0.576909
0.659979 0.614028
0.685846 0.639802
0.739644 0.697005
0.799386 0.763133
0.873468 0.842766
0.972881 0.941736
1.080949 1.043733
1.168347 1.125173
1.231481 1.184198
1.276910 1.226863
1.339011 1.285395
1.380218 1.324311
1.410332 1.352764
0.285214 0.104240
0.289546 0.118058
0.294249 0.131876
0.299339 0.145678
0.310746 0.173181
0.610969 0.435699
0.613839 0.438193
0.630367 0.452665
0.638488 0.459869
0.646516 0.467053
0.661656 0.480915
0.676229 0.494670
0.690102 0.508270
0.703300 0.521784
0.715874 0.535291
0.727896 0.548882
0.750707 0.576731
0.772849 0.606308
0.796010 0.638888
0.822707 0.676226
0.463947 0.440589
0.466693 0.442999
0.475580 0.450715
0.481622 0.455887
0.493563 0.465960
0.502813 0.473669
0.521684 0.489210
0.540969 0.504975
0.560560 0.521042
0.580468 0.537599
0.600257 0.554445
0.620213 0.571998
0.640332 0.590390
0.660266 0.609424
0.701041 0.650831
0.743954 0.697263
0.791364 0.749937
0.245647 0.127505
0.245761 0.130652
0.246135 0.139854
0.246404 0.146016
0.247070 0.157996
0.247640 0.166929
0.249008 0.184505
0.250706 0.201683
0.255202 0.234825
0.261319 0.266387
0.269183 0.296459
0.278942 0.325247
0.290728 0.352941
0.472080 0.530490
0.472571 0.530857
0.474018 0.531940
0.475470 0.533024
0.478388 0.535201
0.484389 0.539680
0.487264 0.541791
0.490371 0.544109
0.496419 0.548576
0.502532 0.553084
0.508588 0.557532
0.514813 0.562124
0.713916 0.663645
0.714659 0.664443
0.718047 0.668091
0.721454 0.671777
0.509979 0.469891
0.510883 0.470637
0.513941 0.473181
0.517008 0.475729
0.520086 0.478280
0.523173 0.480834
0.529374 0.485956
0.535609 0.491097
0.541871 0.496258
0.548159 0.501443
0.554469 0.506655
0.560798 0.511896
0.573495 0.522480
0.586341 0.533325
0.598975 0.544159
0.721271 0.482112
0.724824 0.485743
0.735742 0.497087
0.746132 0.508315
0.756154 0.519585
0.765447 0.530551
0.783072 0.552710
0.799513 0.575201
0.814869 0.597898
0.830080 0.621568
0.862802 0.673344
0.906695 0.736393
0.977760 0.823073
1.088840 0.948915
0.297721 0.108732
0.298941 0.111913
0.301406 0.118173
0.306590 0.130684
0.315075 0.149524
0.324442 0.168405
0.334732 0.187301
0.358220 0.225057
0.371466 0.243884
0.385728 0.262656
0.417237 0.299976
0.490439 0.373125
0.190148 0.561753
0.191333 0.566481
0.195226 0.581058
0.199561 0.595839
0.204362 0.610760
0.211541 0.630767
0.221780 0.655567
0.235987 0.684045
0.252437 0.710646
0.271129 0.734325
0.292086 0.754530
0.315417 0.771306
0.340851 0.784574
0.368084 0.794978
0.425031 0.809919
0.470120 0.814207
0.646696 0.428281
0.650866 0.431973
0.685725 0.463678
0.716789 0.493994
0.735562 0.513803
1.001593 0.684002
1.004343 0.688455
1.012621 0.701846
1.020918 0.715188
1.028598 0.727701
1.036255 0.740132
1.050874 0.764009
1.064666 0.786723
1.091491 0.830568
1.105515 0.852710
1.121787 0.876969
1.141522 0.904772
1.166396 0.938312
0.414616 0.437701
0.416891 0.439835
0.427698 0.449740
0.438964 0.459708
0.450689 0.469760
0.462866 0.479918
0.488516 0.500644
0.515714 0.522068
0.544137 0.544363
0.573484 0.567779
0.602909 0.592089
0.632432 0.617692
0.661105 0.644023
0.688943 0.671106
0.741818 0.726607
0.800820 0.790505
0.342267 0.323524
0.345457 0.328239
0.355153 0.341905
0.365443 0.355409
0.376309 0.368741
0.387851 0.382022
0.412729 0.408244
0.440199 0.434395
0.470257 0.460787
0.502426 0.487463
0.536540 0.515026
0.571926 0.543796
0.608076 0.574332
0.644283 0.606890
0.717014 0.679744
0.795220 0.765449
0.574032 0.594516
0.587431 0.605144
0.738647 0.479721
0.740319 0.481452
0.745161 0.486521
0.749897 0.491564
0.754675 0.496711
0.759203 0.501709
0.776351 0.521537
0.784259 0.531253
0.791984 0.541084
0.806598 0.560766
0.820320 0.580590
0.833438 0.600703
1.336535 0.752588
1.341206 0.759916
1.353393 0.779454
1.361924 0.793090
1.387507 0.835131
1.406536 0.867695
1.422735 0.896801
1.436795 0.923377
1.448742 0.947342
1.459040 0.969298
1.467361 0.988523
1.474657 1.006514
1.480467 1.022303
1.489466 1.050225
1.495366 1.073472
1.498884 1.092946
1.500541 1.109357
0.335153 0.361124
0.353864 0.386549
0.355222 0.388256
0.359436 0.393450
0.363763 0.398632
0.368206 0.403803
0.372768 0.408967
0.382285 0.419318
0.392227 0.429561
0.449682 0.440773
0.451987 0.442831
0.458778 0.448791
0.465884 0.454944
0.480117 0.467018
0.495005 0.479387
0.510117 0.491719
0.525681 0.504317
0.541656 0.517227
0.557657 0.530200
0.573944 0.543571
0.590475 0.557393
0.606835 0.571402
0.640014 0.601115
0.673017 0.632738
0.706443 0.666874
0.740788 0.703724
0.975532 0.452120
0.976217 0.453276
0.978226 0.456681
0.980257 0.460143
0.984091 0.466793
0.988150 0.473780
0.992085 0.480670
0.995902 0.487461
0.999939 0.494562
1.003765 0.501434
1.007717 0.508492
1.011693 0.515601
1.015701 0.522764
1.024063 0.537563
1.032162 0.551989
1.040967 0.567270
1.049541 0.582120
0.252449 0.055990
0.252702 0.059749
0.253498 0.070795
0.254375 0.081812
0.255343 0.092789
0.256406 0.103714
0.258828 0.125354
0.261761 0.146686
0.265195 0.167621
0.269183 0.188111
0.273831 0.208173
0.279119 0.227749
0.285104 0.246851
0.291818 0.265489
0.307548 0.301444
0.326536 0.335836
0.349035 0.368955
0.375491 0.401309
0.276762 0.071899
0.286188 0.105842
0.288869 0.114359
0.291691 0.122879
0.294656 0.131397
0.297770 0.139911
0.304426 0.156893
0.311784 0.173853
0.696212 0.688876
0.697808 0.690479
0.702256 0.695044
0.706742 0.699673
0.708166 0.701153
0.715571 0.708914
0.724285 0.718180
0.732996 0.727559
0.741870 0.737181
0.751186 0.747282
0.760974 0.757864
0.771750 0.769374
0.783762 0.781998
0.797331 0.795983
0.830423 0.828951
0.871936 0.868483
0.921375 0.913669
0.975341 0.961513
0.357361 0.486498
0.362607 0.491454
0.371077 0.499138
0.380012 0.506875
0.399391 0.522656
0.420515 0.538612
0.443540 0.555147
0.468159 0.572240
0.493969 0.589881
0.520344 0.607909
0.546543 0.626049
0.571118 0.643416
0.593275 0.659509
0.626413 0.684773
0.646193 0.701426
0.671255 0.724410
0.266411 0.145795
0.266875 0.148350
0.268287 0.155834
0.269760 0.163286
0.272991 0.177993
0.276535 0.192508
0.280403 0.206788
0.284675 0.220879
0.289300 0.234729
0.294310 0.248354
0.299718 0.261758
0.305535 0.274947
0.311770 0.287926
0.325534 0.313299
0.341095 0.337969
0.358540 0.362054
0.254817 0.429970
0.255308 0.431139
0.257632 0.436665
0.260067 0.442156
0.262625 0.447649
0.265311 0.453145
0.271093 0.464140
0.277479 0.475181
0.284477 0.486065
0.292203 0.497010
0.300707 0.507934
0.310026 0.518770
0.320215 0.529523
0.331321 0.540189
0.356415 0.561294
0.385431 0.582288
0.418140 0.603498
0.254087 0.031775
0.254541 0.037750
0.256153 0.056004
0.258047 0.074266
0.260208 0.092465
0.262693 0.110555
0.268763 0.146219
0.276508 0.180963
0.286152 0.214603
0.297888 0.247061
0.311873 0.278345
0.328243 0.308535
0.347123 0.337765
0.368642 0.366215
0.420103 0.421689
0.483386 0.477431
0.556652 0.536537
0.457983 0.207207
0.464062 0.213170
0.482962 0.231414
0.502618 0.249843
0.523165 0.268519
0.544134 0.287204
0.586753 0.324339
0.628640 0.360456
0.668463 0.395156
0.704701 0.427949
0.737331 0.459284
0.765988 0.489277
0.791014 0.518339
0.813331 0.547219
0.852213 0.605407
0.888868 0.666357
0.933152 0.735570
0.340422 0.309101
0.342995 0.313063
0.350944 0.324736
0.359276 0.336260
0.368021 0.347671
0.377185 0.358981
0.396747 0.381315
0.418038 0.403433
0.441085 0.425501
0.465711 0.447536
0.491811 0.469721
0.519079 0.492149
0.547413 0.515204
0.576386 0.539046
0.635239 0.590388
0.694541 0.648501
0.757330 0.716272
0.650924 0.682349
0.654053 0.685151
0.662919 0.693282
0.670958 0.700927
0.678578 0.708407
0.686207 0.716084
0.704738 0.734807
0.733382 0.763073
0.778951 0.806325
0.845156 0.865808
0.925698 0.934088
1.008113 1.001590
1.079946 1.060363
1.139079 1.109692
1.223595 1.182566
1.278783 1.231794
1.317657 1.267171
0.270810 0.000767
0.277688 0.028812
0.286186 0.057661
0.296548 0.087193
0.308948 0.117258
0.323646 0.147732
0.360743 0.209459
0.383433 0.240526
0.188570 0.537893
0.189394 0.541605
0.190028 0.544345
0.190677 0.547096
0.191342 0.549857
0.192023 0.552628
0.193431 0.558201
0.194905 0.563812
0.705706 0.658672
0.728088 0.682710
0.745605 0.701868
0.763494 0.721700
0.782324 0.742633
0.802345 0.764808
0.846613 0.813020
0.899881 0.868570
0.254933 0.031204
0.257036 0.054039
0.259613 0.076907
0.262657 0.099683
0.266258 0.122272
0.270479 0.144586
0.281025 0.188133
0.287437 0.209261
0.302454 0.220815
0.304410 0.225485
0.313921 0.246465
0.324472 0.267038
0.336098 0.287216
0.348827 0.307021
0.377674 0.345644
0.411077 0.383219
0.448934 0.420181
0.490648 0.456888
0.535539 0.494196
0.582021 0.532728
0.628855 0.573755
0.676106 0.619273
0.780188 0.732314
0.928127 0.891070
1.115998 1.073931
0.331793 0.248006
0.333081 0.250264
0.336948 0.256883
0.339628 0.261340
0.349250 0.276554
0.358041 0.289516
0.367272 0.302332
0.377052 0.315094
0.387230 0.327687
0.397952 0.340241
0.409092 0.352668
0.420675 0.365004
0.432638 0.377218
0.457905 0.401566
0.659632 0.384490
0.663215 0.387636
0.673586 0.396801
0.683698 0.405834
0.693541 0.414734
0.703197 0.423569
0.721276 0.440614
0.738558 0.457473
0.754406 0.473730
0.769474 0.489937
0.783226 0.505658
0.796220 0.521371
0.819887 0.552628
0.841206 0.583999
0.861116 0.615814
0.880655 0.648472
0.652516 0.444292
0.660047 0.451054
0.681172 0.470499
0.700841 0.489438
0.719067 0.508003
0.730481 0.520271
0.766321 0.563106
0.793958 0.601391
0.822165 0.643625
0.855676 0.692797
0.977358 0.840848
1.168294 1.061038
1.243381 1.166611
1.269423 1.206619
0.355380 0.495972
0.356333 0.496866
0.360747 0.500935
0.365292 0.505015
0.369971 0.509107
0.374786 0.513214
0.384828 0.521477
0.395423 0.529820
0.406568 0.538261
0.418254 0.546818
0.430459 0.555505
0.443152 0.564337
0.456286 0.573319
0.469798 0.582453
0.497613 0.601102
0.525699 0.619985
0.552943 0.638579
0.302939 0.208448
0.308328 0.221069
0.317039 0.239698
0.326640 0.258081
0.337068 0.276156
0.348371 0.293956
0.373652 0.328795
0.402511 0.362762
0.434824 0.396060
0.470212 0.428883
0.508211 0.461644
0.547967 0.494733
0.588342 0.528593
0.628585 0.564138
0.710499 0.646500
0.808894 0.756516
0.949414 0.906668
0.356346 0.267339
0.359445 0.271844
0.369126 0.285348
0.379283 0.298720
0.390036 0.312053
0.401209 0.325225
0.425090 0.351346
0.450786 0.377131
0.477957 0.402553
0.506053 0.427495
0.535003 0.452324
0.563835 0.476726
0.592448 0.501158
0.620432 0.525831
0.674458 0.577855
0.729328 0.638481
0.796340 0.716975
0.583844 0.451165
0.587412 0.454225
0.597324 0.462792
0.607205 0.471384
0.617038 0.480014
0.626447 0.488392
0.644932 0.505239
0.679623 0.538986
0.695988 0.556242
0.711928 0.574055
0.727842 0.592825
0.743743 0.612516
0.760510 0.633891
0.799284 0.683521
0.851006 0.746284
0.924279 0.828575
0.280755 0.377509
0.282704 0.381694
0.285734 0.387931
0.288903 0.394140
0.292216 0.400324
0.295682 0.406487
0.303102 0.418761
0.311230 0.430984
0.320159 0.443220
0.329942 0.455415
0.340650 0.467568
0.352485 0.479926
0.365337 0.492187
0.379491 0.504748
0.411302 0.530151
0.448018 0.556782
0.488696 0.584864
0.516933 0.433261
0.520118 0.436003
0.529508 0.444043
0.538914 0.452051
0.548321 0.460029
0.557712 0.467983
0.997047 0.835531
1.001932 0.841141
1.026165 0.868745
1.053182 0.899327
1.081348 0.931520
1.110535 0.965384
1.165799 1.032108
1.209424 1.088685
0.349666 0.266312
0.352377 0.270422
0.361230 0.283331
0.370630 0.296192
0.380425 0.308892
0.390767 0.321557
0.412737 0.346542
0.436423 0.371173
0.461625 0.395475
0.488012 0.419433
0.515354 0.443198
0.543262 0.466856
0.516115 0.303347
0.519776 0.306672
0.531529 0.317256
0.554980 0.338017
0.566785 0.348332
0.590163 0.368618
0.613280 0.388559
0.635587 0.407917
0.656865 0.426658
0.677285 0.445020
0.696371 0.462783
0.714039 0.479962
0.730628 0.496896
0.760516 0.530217
0.786391 0.563127
0.810122 0.597118
0.588150 0.567414
0.593020 0.571494
0.615758 0.590980
0.638464 0.611262
0.661042 0.632359
0.683559 0.654356
0.727733 0.700250
0.772992 0.749743
0.826745 0.807840
0.903358 0.884679
1.003275 0.977894
1.100246 1.065718
1.175487 1.134053
1.230299 1.184391
1.303323 1.252265
1.350130 1.296156
1.383848 1.327894
0.256365 0.158397
0.256440 0.159018
0.256784 0.161838
0.257117 0.164636
0.257498 0.167452
0.257869 0.170245
0.258638 0.175807
0.259445 0.181332
0.260291 0.186822
0.261177 0.192275
0.262103 0.197691
0.263071 0.203071
0.264081 0.208413
0.265134 0.213717
0.267373 0.224215
0.269792 0.234563
0.888536 0.849134
0.891356 0.852090
0.899770 0.860875
0.908366 0.869792
0.917138 0.878834
0.926078 0.887992
0.944421 0.906610
0.963282 0.925532
0.982505 0.944616
1.002114 0.963892
1.021287 0.982606
1.040665 1.001380
1.059195 1.019246
1.077386 1.036706
1.111652 1.069445
1.142717 1.099010
0.355775 0.305892
0.357369 0.308146
0.362287 0.314964
0.365745 0.319600
0.378005 0.335317
0.389154 0.348700
0.400852 0.361965
0.413089 0.375126
0.425851 0.388195
0.439076 0.401150
0.452818 0.414081
0.467092 0.427048
0.481627 0.439856
0.511963 0.465705
0.543101 0.491575
0.193651 0.517078
0.194411 0.520402
0.196847 0.530507
0.199492 0.540667
0.205600 0.561590
0.212772 0.582767
0.221111 0.603950
0.230764 0.625184
0.241689 0.645508
0.254041 0.665026
0.267890 0.683412
0.283051 0.699822
0.299749 0.714674
0.337624 0.739387
0.380476 0.758210
0.425813 0.773162
0.465861 0.782713
0.320976 0.174031
0.322247 0.176551
0.326080 0.183957
0.329988 0.191238
0.338389 0.206106
0.347387 0.220862
0.356899 0.235520
0.367099 0.250180
0.377819 0.264724
0.389232 0.279266
0.401198 0.293711
0.413742 0.308083
0.426841 0.322375
0.454550 0.350689
0.483919 0.378574
0.514328 0.405900
0.545331 0.432771
0.760274 0.666573
0.765359 0.672665
0.790497 0.702553
0.819147 0.736000
0.852927 0.774255
0.891485 0.816807
0.979708 0.911774
1.063189 1.001539
1.128183 1.071664
1.179077 1.125478
1.221288 1.168754
1.256899 1.204362
0.463067 0.532473
0.463474 0.532775
0.465228 0.534054
0.467093 0.535435
0.469071 0.536920
0.470850 0.538210
0.474642 0.541001
0.478468 0.543810
0.504990 0.407984
0.508384 0.410977
0.523885 0.424495
0.539472 0.437903
0.555014 0.451169
0.570443 0.464316
0.600690 0.490344
0.629920 0.516381
0.657794 0.542711
0.684558 0.570016
0.711170 0.599448
0.738830 0.632116
0.769628 0.669606
0.806516 0.713963
0.911101 0.831677
1.042737 0.973846
1.139002 1.079852
0.287571 0.193332
0.298484 0.223932
0.311339 0.253637
0.326255 0.282463
0.343326 0.310468
0.362630 0.337748
0.408147 0.390657
0.434416 0.416649
0.278207 0.055614
0.279220 0.059420
0.282329 0.070652
0.285736 0.081962
0.289367 0.093317
0.293261 0.104715
0.301853 0.127592
0.311696 0.150571
0.322773 0.173552
0.335188 0.196506
0.349003 0.219394
0.364263 0.242190
0.380992 0.264871
0.399182 0.287417
0.439703 0.332004
0.484791 0.375689
0.532536 0.418166
0.259772 0.095050
0.260930 0.103994
0.262817 0.117315
0.264901 0.130537
0.267194 0.143646
0.269708 0.156627
0.275450 0.182163
0.282215 0.207079
0.311164 0.281559
0.320929 0.300246
0.333810 0.322037
0.348076 0.343338
0.380971 0.384770
0.420229 0.425483
0.466071 0.466381
0.416219 0.471320
0.418963 0.473700
0.427535 0.481002
0.436415 0.488376
0.442557 0.493377
0.455184 0.503475
0.474950 0.518799
0.495872 0.534698
