0.250969 -0.176471
0.251424 -0.170607
0.251916 -0.164655
0.252448 -0.158612
0.253025 -0.152475
0.253648 -0.146245
0.254324 -0.139917
0.255054 -0.133491
0.255819 -0.126954
0.256674 -0.120325
0.257598 -0.113591
0.258596 -0.106750
0.259700 -0.099809
0.260865 -0.092748
0.262122 -0.085574
0.263478 -0.078287
0.264940 -0.070883
0.266515 -0.063361
0.268210 -0.055721
0.270034 -0.047960
0.271995 -0.040079
0.274100 -0.032075
0.276360 -0.023948
0.278783 -0.015699
0.281379 -0.007326
0.284157 0.001169
0.287127 0.009788
0.290299 0.018530
0.293685 0.027393
0.297294 0.036378
0.301102 0.045477
0.305226 0.054708
0.309571 0.064052
0.314184 0.073512
0.319077 0.083088
0.324259 0.092779
0.329742 0.102583
0.335539 0.112498
0.341659 0.122522
0.348112 0.132655
0.354907 0.142893
0.362055 0.153234
0.369563 0.163676
0.377436 0.174215
0.385682 0.184848
0.394302 0.195569
0.403298 0.206373
0.412667 0.217255
0.422405 0.228208
0.432435 0.239184
0.442881 0.250248
0.453733 0.261395
0.464828 0.272533
0.476210 0.283687
0.487852 0.294842
0.499720 0.305985
0.511775 0.317099
0.523977 0.328167
0.536283 0.339172
0.548646 0.350099
0.561019 0.360931
0.573355 0.371653
0.585606 0.382254
0.597728 0.392720
0.609679 0.403044
0.621502 0.413274
0.632839 0.423185
0.644066 0.433054
0.654996 0.442771
0.665643 0.452366
0.675935 0.461807
0.685886 0.471117
0.695492 0.480310
0.704753 0.489399
0.713675 0.498399
0.722267 0.507328
0.730540 0.516203
0.738509 0.525043
0.746320 0.533990
0.753621 0.542698
0.760932 0.551682
0.767792 0.560463
0.774716 0.569574
0.781258 0.578523
0.787937 0.587865
0.794313 0.597092
0.800796 0.606643
0.807319 0.616419
0.814070 0.626610
0.820726 0.636810
0.827754 0.647519
0.835110 0.658644
0.842890 0.670249
0.851205 0.682408
0.860179 0.695207
0.870136 0.708934
0.880681 0.723130
0.892534 0.738499
0.905695 0.754996
0.920593 0.773021
0.936688 0.792045
0.955122 0.813203
0.974917 0.835608
0.997160 0.860395
1.020446 0.886331
1.045547 0.914287
1.070536 0.942486
1.095530 0.971101
1.119388 0.998986
1.141426 1.025379
1.161206 1.049711
1.178532 1.071648
1.193406 1.091065
1.205967 1.108002
1.216431 1.122609
1.225058 1.135105
1.232221 1.145865
1.237893 1.154798
1.242637 1.162534
1.246598 1.169210
1.250060 1.175149
1.253016 1.180303
1.255883 1.185181
1.258538 1.189606
1.261260 1.193928
1.264055 1.198150
1.267038 1.202418
1.270022 1.206512
1.273229 1.210714
1.276585 1.214947
1.280082 1.219212
1.283702 1.223505
1.287429 1.227816
1.291242 1.232135
1.295122 1.236450
1.299050 1.240751
1.303008 1.245026
1.307122 1.249413
1.310953 1.253461
1.315065 1.257763
1.318849 1.261689
1.322915 1.265880
1.326614 1.269665
1.330603 1.273726
1.334193 1.277359
1.337900 1.281095
1.341549 1.284756
1.345135 1.288341
1.348658 1.291850
1.352117 1.295283
1.355510 1.298642
1.358839 1.301927
1.362101 1.305140
1.365299 1.308281
1.368648 1.311566
1.371503 1.314358
1.374512 1.317295
1.377458 1.320168
1.380570 1.323199
1.383173 1.325726
1.386172 1.328640
1.388657 1.331047
1.391550 1.333850
1.393923 1.336142
1.396713 1.338841
1.398980 1.341026
1.401434 1.343392
1.403840 1.345710
1.406199 1.347982
1.408513 1.350208
1.410783 1.352389
1.413011 1.354529
1.415196 1.356627
1.417341 1.358685
1.419446 1.360703
1.421765 1.362928
1.423544 1.364629
1.425538 1.366538
1.427497 1.368412
1.429677 1.370500
1.431313 1.372061
1.433430 1.374087
1.435001 1.375585
1.436798 1.377301
1.438566 1.378989
1.440566 1.380900
1.442016 1.382280
1.443699 1.383885
1.445356 1.385464
1.446987 1.387019
1.448592 1.388548
1.450173 1.390054
1.451730 1.391537
1.453264 1.392997
1.454774 1.394435
1.456263 1.395851
1.457998 1.397505
1.459176 1.398623
1.460870 1.400237
1.462006 1.401314
