0.308604
0.623306
0.177208
-0.110146
0.063650
-0.617411
-0.525992
-0.667381
0.926049
0.893260
-1.794892
0.137467
0.330598
0.580360
0.289735
-0.843253
0.345744
0.111436
-0.435062
-0.407727
0.119496
0.206136
-1.606550
-0.015214
0.511830
-0.077472
0.329972
0.067066
1.244576
-0.092526
0.647172
0.453073
0.364621
-0.055372
0.255636
1.136400
0.367514
0.343573
-0.284225
1.038341
-0.397454
-0.829761
0.551893
-1.098530
-0.043746
-0.203295
0.439313
-1.119520
-0.647939
-0.383375
0.928300
1.584923
0.163627
-0.014588
-0.404363
0.394522
0.334680
1.373924
0.243516
0.563360
0.836469
-0.203236
-0.558427
0.333451
0.407144
0.240138
-1.029575
0.416455
-0.360574
0.250293
-0.469725
-0.151085
0.446191
-0.608121
-0.220251
0.112190
-1.823692
-0.359633
-0.720731
-0.180606
0.292771
-0.079113
-0.030760
-1.153405
0.353878
-0.069267
-0.335619
1.091587
0.596599
0.385204
0.285594
0.382251
-0.390103
-1.239600
-0.084494
-1.253906
0.167974
0.116085
0.035433
-0.291786
-1.650988
1.085647
0.515621
0.213201
0.107271
0.235379
-0.185204
0.268270
-0.419356
0.276289
0.366053
0.450375
0.380657
0.171441
0.315475
-1.738710
-1.305692
0.208690
0.473240
0.028488
-0.130016
0.019990
-0.862685
0.180433
0.826177
-0.415988
-0.255564
-0.296042
-0.603928
-0.479728
-0.861888
0.941515
1.107242
-0.227265
0.039758
-1.808031
0.641677
0.082627
-1.309103
-0.057559
0.530155
-0.200042
-1.229587
0.729972
-0.240056
-0.582435
-1.254375
0.244386
0.526668
0.202142
0.130255
0.572523
0.030314
0.784226
0.436406
0.171480
0.043412
0.022697
0.183391
0.791970
0.685807
0.780501
0.326741
-1.120777
-0.324147
0.601615
-0.244862
0.300217
0.032440
0.352406
0.061982
-1.925741
-0.599729
1.001973
0.554988
-0.397797
-0.233977
0.836362
0.223150
1.105264
-0.865213
-0.118619
0.171503
0.130048
-1.791316
-0.969569
-0.950273
0.272118
0.114162
0.399396
0.176813
0.007267
0.491934
0.737163
-1.030557
-0.587520
-0.680530
-0.136509
-0.043128
-1.790102
0.290716
0.036582
-0.508542
0.282874
-0.050429
-0.103013
0.800592
0.439100
0.548161
0.466378
-0.114907
-1.215660
0.633567
-0.358912
1.040558
-0.130441
-0.182941
0.830274
-0.351573
0.907392
0.569575
0.150567
0.070053
0.132866
0.227318
0.540188
-0.012456
0.945606
-1.018800
-0.576444
-0.024566
0.154007
-0.114121
0.930573
-1.541953
0.609390
0.013849
0.319579
0.498389
0.194866
