46.343394
46.618077
46.892760
47.167443
47.442126
47.716809
47.991492
48.266175
48.540858
48.815541
49.090224
49.364907
49.639590
49.914273
50.188956
50.463639
50.738322
51.013005
51.287688
51.562371
51.837054
52.111737
52.386420
52.661103
52.935786
53.210469
53.485152
53.759835
54.034518
54.309201
54.583884
54.858567
55.133251
55.407934
55.682617
55.957300
56.231983
56.506666
56.781349
57.056032
57.330715
57.605398
57.880081
58.154764
58.429447
58.704130
58.978813
59.253496
59.528179
59.802862
60.077545
60.352228
60.626911
60.901594
61.176277
61.450960
61.725643
62.000326
62.275009
62.549692
62.824375
63.099058
63.373741
63.648424
63.923107
64.197790
64.472473
64.747156
65.021839
65.296522
65.571205
65.845888
66.120571
66.395254
66.669937
66.944620
67.219304
67.493987
67.768670
68.043353
68.318036
68.592719
68.867402
69.142085
69.416768
69.691451
69.966134
70.240817
70.515500
70.790183
71.064866
71.339549
71.614232
71.888915
72.163598
72.438281
72.712964
72.987647
73.262330
73.537013
73.811696
74.086379
74.361062
74.635745
74.910428
75.185111
75.459794
75.734477
76.009160
76.283843
76.558526
76.833209
77.107892
77.382575
77.657258
77.931941
78.206624
78.481307
78.755990
79.030673
79.305357
79.580040
79.854723
80.129406
80.404089
80.678772
80.953455
81.228138
81.502821
81.777504
82.052187
82.326870
82.601553
82.876236
83.150919
83.425602
83.700285
83.974968
84.249651
84.524334
84.799017
85.073700
85.348383
85.623066
85.897749
86.172432
86.447115
86.721798
86.996481
87.271164
87.545847
87.820530
88.095213
88.369896
88.644579
88.919262
89.193945
89.468628
89.743311
90.017994
90.292677
90.567360
90.842043
91.116726
91.391410
91.666093
91.940776
92.215459
92.490142
92.764825
93.039508
93.314191
93.588874
93.863557
94.138240
94.412923
94.687606
94.962289
95.236972
95.511655
95.786338
96.061021
96.335704
96.610387
96.885070
97.159753
97.434436
97.709119
97.983802
98.258485
98.533168
98.807851
99.082534
99.357217
99.631900
99.906583
100.181266
100.455949
100.730632
101.005315
