68.412225
63.527486
57.760288
78.550666
59.608856
49.147702
79.776833
79.776425
44.190395
56.330305
49.430098
68.672897
59.567374
69.889175
65.045579
49.585299
69.674423
54.933709
48.990520
66.836295
67.304469
74.982884
49.636866
54.855346
72.456068
61.378507
70.598102
76.113346
53.367228
78.652501
72.961439
77.776347
74.652234
54.326193
64.951325
64.277327
71.064369
69.392941
78.444633
74.001536
71.412212
49.214518
74.898867
49.426570
67.463572
78.498267
60.583595
49.973794
69.983956
49.848411
61.986666
67.025784
73.939570
56.475594
78.402326
60.952198
64.381865
58.260186
77.536827
62.007612
62.340984
64.646622
49.282304
66.250996
72.586874
59.149161
70.035256
65.911508
64.740808
62.979806
49.173506
58.635868
68.304219
49.693106
48.096197
60.518997
49.573344
79.879354
78.419949
72.356986
59.188427
60.381795
68.276921
49.748722
69.147955
54.992447
78.577039
61.745864
66.339983
52.234343
56.662187
76.107656
48.965811
49.594663
72.725368
50.365327
55.672955
71.957064
73.308042
78.436192
49.701288
57.818241
80.350836
67.768784
58.053531
67.170239
80.257091
79.272276
78.563809
74.940560
64.399628
79.742502
78.858545
57.810565
80.408856
49.637438
47.428345
55.033537
64.258125
74.686032
78.591647
63.243033
47.583615
75.093673
56.111050
49.492436
48.753008
58.178260
49.323962
49.375090
49.251710
66.034988
64.002941
78.737087
49.342966
49.412595
69.158849
78.820713
49.581968
50.953783
57.198846
71.331071
49.465216
70.195417
49.024609
49.140182
47.926952
68.544196
66.109176
70.197819
57.405016
80.062003
77.671230
66.031363
72.195294
80.119047
55.805227
74.849414
68.601554
65.618352
49.512674
66.176741
73.277904
50.080815
49.344307
69.053003
65.824969
77.182072
55.720577
71.053813
49.401164
49.600252
78.385575
68.414751
69.008631
60.873999
46.173120
51.973498
60.435349
43.812027
78.300329
68.752713
71.050293
71.599961
49.619015
49.274189
49.875457
47.445824
78.879406
50.428576
66.556780
48.731355
71.551990
58.308021
49.370333
49.531698
40.817541
49.766442
68.502844
45.690586
75.279958
49.347823
48.531764
60.506610
67.842168
57.940225
73.630052
54.040759
60.153147
63.695644
78.823608
76.915723
63.955307
78.378487
68.120942
60.407176
63.900938
63.313583
80.039185
56.868169
57.506430
50.488806
60.487215
59.466704
67.317919
66.668020
57.778906
66.872588
78.136246
54.763266
61.332066
57.647663
66.313521
64.107864
49.710473
52.131616
79.233092
71.401092
71.044786
65.824863
