0.191573
0.234762
0.138110
0.082046
0.720520
0.185567
0.457981
0.475823
0.257003
0.357414
0.513782
0.807846
0.333424
0.541852
0.104397
0.276861
0.185838
0.280786
0.268176
0.324725
0.289190
0.276792
0.398509
0.311791
0.287366
0.313151
0.300495
0.253943
0.335876
0.394358
0.193959
0.138620
0.297743
0.473117
0.802962
0.218966
0.232943
0.428225
0.304695
0.506537
0.656928
0.447547
0.215401
0.652406
0.419848
0.262380
0.250111
0.875024
0.386333
0.152706
0.647889
0.335045
0.572543
0.378866
0.276643
0.375025
0.508763
0.321555
0.439803
0.524707
0.232324
0.680824
0.372399
0.482407
0.820848
0.521138
0.290327
0.213527
0.671634
0.444304
0.406000
0.827537
0.137546
0.203273
0.382002
0.606732
0.749036
0.412757
0.462423
0.334809
0.466707
0.479111
0.817056
0.119108
0.504999
0.220784
0.571936
0.213339
0.626071
0.370992
0.439285
0.923666
0.568306
0.422829
0.313220
0.309284
0.345619
0.885441
0.333284
0.350395
0.466604
0.563821
0.517158
0.425662
0.453425
0.623675
0.308937
0.732265
0.183495
0.161576
0.260086
0.434065
0.802627
0.241512
0.622362
0.503540
0.425010
0.586849
0.183245
0.631313
0.165391
0.466960
0.229502
0.284453
0.549160
0.246484
0.339052
0.203504
0.213429
0.302499
0.266845
0.482480
0.235902
1.150636
0.382530
0.338869
0.729892
1.042432
0.170506
0.224807
0.291942
0.440424
0.465794
0.338035
0.439800
0.348171
0.417502
0.177211
0.233149
0.192719
0.229648
0.340119
0.500929
0.326629
0.360475
0.357715
0.703763
0.595931
0.315718
0.350975
0.356174
0.485718
0.207296
0.503040
0.425460
0.461645
0.242433
0.182112
0.185669
0.279385
0.544872
0.388751
0.509899
0.613581
0.274025
0.282167
0.212986
0.755725
0.324053
0.317707
0.625930
0.235329
0.156766
0.442947
0.603030
0.448186
0.256847
0.342511
0.369228
0.595268
0.582204
0.207570
0.589892
0.373381
0.319476
0.626782
0.996433
0.585849
0.124101
0.331327
1.003950
0.465264
0.420746
0.402042
0.550692
0.593303
0.413231
0.359867
0.238917
0.528814
0.625594
0.184369
0.690753
0.511551
0.272336
0.279777
0.264145
0.790114
0.346554
0.340521
0.249868
0.722070
0.446686
0.582673
0.178268
0.312681
0.335788
0.446232
0.503470
0.382518
0.459926
0.349201
0.372067
0.218582
0.286343
0.273094
0.536135
0.215875
0.314059
0.340478
0.235366
0.570274
0.373060
0.400029
0.486754
0.406007
0.403969
0.475712
0.210732
0.226846
0.165108
0.250500
0.449741
0.432239
0.259685
0.228797
0.361066
0.245145
1.162505
0.692217
0.449990
0.523988
0.514636
0.539716
0.198069
0.445111
0.265126
0.293052
0.514414
0.238318
0.313960
0.425715
0.150071
0.352413
0.312811
0.210154
0.489020
0.246837
0.306375
0.401549
0.648504
0.440829
0.246493
0.304643
0.156622
0.190592
0.381006
0.201780
0.418291
0.280699
0.259306
0.235564
0.360918
0.459944
0.730890
0.236012
0.483554
0.694990
0.738026
0.318716
0.542613
0.427265
1.177619
0.187658
0.399598
0.757338
0.147018
0.695579
0.486451
0.525447
0.399067
0.663360
0.364163
0.323816
0.360520
0.449599
0.156405
0.212289
0.315118
0.192646
0.187977
0.312652
0.493087
0.293793
0.601937
0.320400
0.736219
0.832375
0.230251
0.282051
0.141401
0.258311
0.545502
0.217448
0.326112
0.176676
0.494537
0.246795
0.345554
0.344440
0.409616
0.471321
0.182915
0.240945
0.454762
0.222756
0.494144
0.231465
0.611549
0.726802
0.374285
0.315189
0.815600
0.358789
0.482961
0.372395
0.292036
0.287053
0.651201
0.336011
0.444274
0.438617
0.276349
0.908199
0.658951
0.317755
0.457380
0.846367
0.530649
0.420596
0.527854
0.270057
0.283288
0.296067
0.225968
0.290208
0.393711
0.505323
0.422194
0.658438
0.249338
0.471829
0.232565
0.412942
0.383318
0.252627
0.347857
0.676204
0.561263
0.398782
0.787562
0.701227
0.534353
0.619005
0.895861
0.224121
0.266264
0.384375
0.588726
0.445580
0.389472
0.232829
0.614898
0.358289
0.224395
0.831348
0.241640
0.293927
0.219440
0.311817
0.216049
1.045994
0.484779
0.138121
0.215047
0.170906
0.303501
0.378133
0.269670
0.281127
0.166399
0.159111
0.236211
0.151682
0.254864
0.198754
0.286133
0.098944
0.232133
0.211229
