0.257320 0.158477 0.063724
0.257293 0.161457 0.065771
0.258193 0.163988 0.066827
0.260624 0.165862 0.066255
0.261214 0.168442 0.067582
0.261560 0.171280 0.069312
0.264030 0.173126 0.068670
0.265247 0.175583 0.069448
0.265289 0.178458 0.071438
0.267549 0.180537 0.071147
0.269379 0.182844 0.071354
0.269484 0.185786 0.073389
0.271575 0.188316 0.073605
0.273646 0.190164 0.073244
0.274200 0.193572 0.075372
0.275440 0.196349 0.076449
0.277698 0.198153 0.075890
0.278846 0.201386 0.077455
0.279995 0.204684 0.079076
0.281817 0.206338 0.078694
0.283193 0.209074 0.079644
0.284249 0.212714 0.081654
0.286065 0.214717 0.081609
0.287677 0.217184 0.082141
0.288781 0.220857 0.084177
0.290450 0.223398 0.084750
0.292298 0.225633 0.084875
0.293451 0.229358 0.086973
0.294979 0.232353 0.088089
0.296944 0.234234 0.087789
0.298266 0.237833 0.089653
0.299647 0.241412 0.091464
0.301667 0.243272 0.091107
0.303228 0.246475 0.092418
0.304475 0.250740 0.095029
0.306543 0.252606 0.094641
0.308344 0.255407 0.095376
0.309649 0.259903 0.098212
0.311578 0.262474 0.098611
0.313619 0.264677 0.098577
0.314984 0.269227 0.101459
0.316780 0.272516 0.102725
0.318963 0.274453 0.102289
0.320489 0.278680 0.104756
0.322147 0.282739 0.106966
0.324394 0.284819 0.106611
0.326164 0.288528 0.108362
0.327694 0.293035 0.111183
0.330004 0.295680 0.111377
0.332024 0.299063 0.112603
0.333585 0.303197 0.115068
0.335797 0.306522 0.116090
0.338136 0.309809 0.116961
0.340166 0.313969 0.119082
0.342216 0.317862 0.120921
0.344284 0.321074 0.121984
0.346380 0.325268 0.124157
0.348619 0.329321 0.126058
0.351160 0.333037 0.127293
0.353175 0.336880 0.129191
0.355635 0.341115 0.131153
0.357841 0.344350 0.132189
0.360072 0.348427 0.134208
0.362332 0.352726 0.136499
0.364611 0.356168 0.137761
0.366918 0.359835 0.139285
0.369255 0.364393 0.141868
0.371614 0.368279 0.143660
0.374001 0.371775 0.144961
0.376402 0.376496 0.147769
0.378842 0.380720 0.149956
0.381315 0.384491 0.151579
0.383794 0.388746 0.153834
0.386311 0.392958 0.156027
0.388858 0.397059 0.158085
0.391433 0.401365 0.160400
0.394034 0.405722 0.162788
0.396669 0.410136 0.165254
0.399328 0.414712 0.167945
0.402018 0.418724 0.169924
0.404739 0.423212 0.172514
0.407491 0.427968 0.175470
0.410273 0.432097 0.177626
0.413082 0.436676 0.180387
0.415931 0.441784 0.183874
0.418805 0.446017 0.186204
0.421710 0.450174 0.188437
0.424654 0.455600 0.192445
0.427626 0.460178 0.195293
0.430628 0.464146 0.197300
0.433674 0.469195 0.200854
0.436747 0.474004 0.204104
0.439853 0.478241 0.206557
0.442996 0.483237 0.210128
0.446177 0.488232 0.213740
0.449385 0.492727 0.216649
0.452632 0.497346 0.219766
0.455946 0.502408 0.223533
0.459235 0.506760 0.226373
0.462587 0.511342 0.229538
0.465981 0.516508 0.233630
0.469193 0.521226 0.237316
0.472278 0.525824 0.241034
0.476151 0.530930 0.244765
0.479786 0.535730 0.248402
0.483014 0.540305 0.252158
0.486484 0.545106 0.256152
0.490128 0.549837 0.259912
0.493204 0.554371 0.264062
0.496888 0.559207 0.268122
0.500488 0.564011 0.272357
0.504239 0.568875 0.276640
0.508093 0.574057 0.281448
0.511905 0.578609 0.285320
0.515821 0.583477 0.289713
0.519735 0.588516 0.294571
0.522880 0.592808 0.299029
0.526843 0.597521 0.303438
0.530212 0.601993 0.308230
0.534370 0.606935 0.313086
0.538903 0.611696 0.317264
0.542068 0.616200 0.322733
0.545649 0.620597 0.327566
0.549583 0.625197 0.332549
0.553275 0.629396 0.337046
0.557869 0.633905 0.341205
0.561557 0.638496 0.346864
0.565627 0.642977 0.351899
0.570251 0.647405 0.356235
0.574241 0.651931 0.361741
0.578052 0.656115 0.366819
0.582718 0.660642 0.371726
0.586956 0.664848 0.376549
0.590636 0.668663 0.381276
0.595174 0.673092 0.386505
0.599668 0.677508 0.391917
0.602834 0.681120 0.397170
0.606989 0.685106 0.402173
0.612043 0.689307 0.406650
0.615522 0.693178 0.412514
0.618451 0.696673 0.418273
0.623376 0.700714 0.422824
0.626997 0.704373 0.428295
0.628825 0.707458 0.434888
0.634224 0.711721 0.439768
0.639158 0.715717 0.444586
0.640572 0.718622 0.451713
0.644688 0.722151 0.456573
0.649974 0.726119 0.461014
0.652404 0.729090 0.467124
0.655786 0.732278 0.472409
0.660959 0.736132 0.476999
0.664059 0.739185 0.482510
0.666434 0.741928 0.488292
0.671582 0.745753 0.493135
0.675355 0.748978 0.498359
0.677416 0.751415 0.503894
0.681732 0.754953 0.509469
0.686159 0.758370 0.514429
0.688162 0.760681 0.519887
0.691402 0.763471 0.524867
0.696134 0.767132 0.530473
0.697990 0.769280 0.535778
0.700429 0.771475 0.540134
0.704084 0.774724 0.546523
0.707102 0.777342 0.551637
0.709665 0.779192 0.554477
0.713037 0.782466 0.561769
0.716095 0.785234 0.567587
0.718566 0.786941 0.570136
0.721474 0.789494 0.575391
0.724732 0.792407 0.581520
0.726951 0.794376 0.585927
0.729470 0.796525 0.590412
0.732600 0.799073 0.595401
0.734940 0.801175 0.600244
0.737064 0.803095 0.604816
0.740565 0.805884 0.610067
0.743327 0.808258 0.615166
0.745250 0.809864 0.618914
0.748220 0.812393 0.624316
0.750536 0.814585 0.629763
0.752762 0.816298 0.633287
0.754874 0.818283 0.638282
0.757128 0.820524 0.644248
0.759181 0.822417 0.649079
0.761268 0.824398 0.654274
0.763297 0.826224 0.658870
0.765744 0.828305 0.663585
0.767233 0.830033 0.669262
0.769485 0.831856 0.673203
0.771640 0.833897 0.678676
0.772921 0.835290 0.683221
0.774718 0.837019 0.687994
0.777026 0.838971 0.692583
0.778227 0.840381 0.697459
0.779746 0.842016 0.702748
0.781864 0.843985 0.708015
0.783753 0.845692 0.712451
0.784308 0.846500 0.716117
