-0.298701
-0.169459
-0.004303
0.501231
-0.672511
0.085546
-1.149765
0.809116
-0.818332
1.392348
-1.206741
-0.370448
-0.203741
0.431677
0.433812
-0.898896
0.190377
-1.019106
-0.559118
-0.009103
-1.633816
1.252342
-0.027777
0.040956
-0.294540
0.563486
-0.509066
0.254841
0.364437
0.161726
0.471164
0.324574
0.641094
-0.127034
0.856529
-0.320904
0.557254
0.084575
-0.785661
-0.291769
0.168606
-0.735034
-0.530549
-0.573403
0.314907
-0.533321
-1.007153
-0.503930
1.477515
0.787675
-1.469814
0.030128
0.831816
-0.087323
-0.313851
-0.292502
0.847840
0.417036
0.380054
1.059722
-1.587981
0.265449
-0.184415
0.020472
0.347399
-0.293190
0.245381
-0.059882
-0.841832
0.071911
0.606747
-0.342456
0.379535
0.470101
-0.130340
-0.246959
0.443956
0.919721
-0.171874
-1.055349
0.869492
0.192709
-0.389324
-0.594593
-0.564828
1.886911
2.616920
-1.851932
1.787913
0.153307
0.232501
0.950922
0.906106
0.438338
0.132656
-1.086141
-0.685856
-0.152484
0.081815
1.797340
0.107379
1.466364
-0.351178
-0.446302
0.072451
1.212087
-0.776554
0.164689
-0.141249
0.922891
-1.510816
1.050889
0.495120
-0.315848
-0.449654
1.614475
0.190500
1.719443
-0.421335
-0.229732
-0.596042
0.019961
0.729996
-0.123608
-1.560654
0.051459
0.089754
-0.412639
0.453669
-1.293842
0.598381
-1.300532
0.053793
1.092098
-0.695306
-0.946224
1.180103
0.556483
-0.264894
0.264508
-0.251482
-0.163374
-1.609456
0.013515
-0.718202
2.100009
0.474573
0.669111
0.729226
0.469935
1.085382
0.389387
-0.152861
-0.849105
-0.055014
-0.923199
0.190003
-0.278709
1.637160
-0.499128
0.346396
0.146263
0.264731
0.136855
-0.090633
-0.412197
-0.644523
-0.608444
-1.605386
1.465549
2.135642
-0.184091
-0.409988
0.508568
-0.499739
-0.977289
-0.926326
2.020468
-1.099039
-0.909800
-1.183163
0.330627
-0.526113
-0.519466
-0.126404
1.708772
-0.859839
-0.385784
0.646908
0.506600
-0.419880
-0.495887
-0.064022
-1.306187
0.495940
-0.389169
1.033678
0.166158
-0.677485
-0.419207
0.144518
-0.190463
-0.617751
0.338735
1.017188
-0.121021
0.109659
-1.710772
0.030670
1.006143
1.569998
-0.854813
-0.916138
-0.309294
-0.559749
0.564709
-1.106034
-0.047669
0.414221
-0.099460
-1.281410
0.854408
-2.143833
-1.793374
-0.223757
0.417462
0.997336
-0.156242
0.961743
-0.024625
-0.317927
0.450368
-0.032162
0.754044
0.260869
-0.587167
-0.539228
0.586960
1.471012
-0.020006
-0.906846
-0.520453
-0.211739
-0.210805
-2.054594
-0.003914
-0.196060
-0.279127
-0.870016
0.438009
0.795345
-0.001381
-0.023687
-0.857618
0.471897
-0.126922
-0.174816
-0.429291
0.477876
0.647450
0.075722
1.903484
2.227295
-0.775167
-0.615670
-0.656669
1.378742
-0.442045
-0.242387
-0.894523
2.650065
0.556889
0.135242
-0.542372
0.013839
0.631661
-0.365866
0.768132
-0.713608
0.355124
1.466971
-0.134971
-0.873133
-1.351245
-0.054675
-1.288473
0.033169
-0.923495
-0.132787
0.167619
-0.034702
-0.447605
0.930946
0.409033
2.000162
-1.202480
-1.030554
-1.227818
0.792767
0.392356
0.588864
-1.355358
-0.187020
-0.451821
0.563355
1.405652
-0.824193
1.244370
0.586122
0.688000
-1.416098
1.381297
0.753400
0.219856
-0.259952
-0.433499
-0.117670
-1.718840
0.009303
-1.646580
0.402016
1.114348
0.496700
-1.153277
-0.883319
0.574435
-0.551145
-1.271066
-0.349006
-0.252529
0.614259
0.592581
-1.082093
0.595225
0.345715
0.040997
-0.246605
-1.302826
0.838254
0.395702
-1.055185
-0.673753
-0.731857
-0.675891
1.132918
-0.724171
0.744579
0.270157
0.931517
-1.198668
1.145148
-0.357170
6.499706
1.544212
-0.618634
1.341796
0.471371
-1.094377
0.996257
0.285451
2.213468
-1.351600
0.317464
-0.266024
0.820106
-0.286293
0.806025
0.965729
0.404218
0.528723
0.725888
0.748532
-1.538207
-0.900128
-1.223195
-0.303808
-2.535347
1.741288
1.403620
0.550363
-0.643606
-0.393352
-0.460858
0.296983
1.566882
2.738085
-0.503429
0.199113
1.239677
0.224673
1.850367
0.334894
-0.299607
0.680637
1.005096
-1.190494
0.110820
0.445962
-0.532558
0.051255
-0.327746
0.062744
0.602220
-1.397645
-0.052788
-0.317010
-0.190311
-0.676442
-1.209645
0.301261
-1.947750
0.375814
-0.800510
0.087116
-1.646529
-1.158669
-0.914405
-0.770193
0.310013
-0.981189
-0.383547
-0.626711
-1.570600
-0.981120
-1.464345
0.540236
-0.988347
-1.266131
-0.434851
0.196610
