92.261803
96.671769
72.555500
71.755597
89.359617
86.327161
64.471062
71.948716
69.025138
69.857224
85.669377
72.158513
83.649928
87.816313
80.813823
81.047614
84.870885
71.148886
89.235385
63.090101
67.588376
71.323634
75.835912
74.065170
82.394995
74.417323
74.122891
69.110611
66.296714
78.816475
64.155093
76.069469
57.346668
80.287470
77.616878
77.001140
80.586940
72.278726
58.066503
69.201534
73.051430
82.485255
71.072685
66.253878
61.356130
85.401944
65.693527
86.854623
72.091067
80.774053
77.665365
78.296919
81.796710
82.606119
80.032973
94.020655
86.136672
84.163513
65.853602
86.521852
79.348013
77.972714
81.077856
64.376519
70.597705
76.387513
83.706201
80.799612
76.927907
71.125735
92.967362
74.825083
62.895264
89.499484
65.839488
68.577970
59.086098
85.196903
75.938967
82.019635
90.049392
63.811677
77.619714
71.000417
74.770710
80.138135
78.223483
60.167678
75.528007
69.943983
80.610560
65.748987
65.079685
90.487363
64.968098
69.705138
68.016075
63.944072
68.234401
74.703157
76.312001
61.099798
80.863985
76.563737
65.957540
82.987348
78.956165
70.272124
79.700158
71.831139
71.813735
80.435943
63.690385
86.581553
68.252542
92.697385
73.433898
68.756901
90.979996
68.415225
85.450825
73.068550
89.567457
78.348412
67.717405
82.090336
73.610419
82.221715
62.805416
77.195746
94.310226
74.069689
71.155500
63.043831
77.230355
69.875938
46.756135
73.239549
78.911508
77.145910
87.172942
81.084027
80.239178
70.155937
80.190095
64.052154
57.577173
70.798069
91.037302
68.857335
72.717700
80.642066
70.378646
88.600340
73.515567
66.890862
64.658730
71.210404
62.876160
88.553199
77.070815
95.477956
82.416360
85.566760
86.092842
84.587879
72.803079
80.580050
72.055283
70.696523
58.101993
75.496828
80.300349
71.312010
86.096708
76.552944
59.289320
79.800812
65.241946
88.742686
69.339820
50.986116
71.643062
79.482016
70.960200
89.981498
57.819484
68.876070
56.798587
65.588243
63.809319
88.553602
74.689946
71.076580
78.504780
75.499559
59.154909
63.651654
75.406428
84.650708
85.618213
66.946489
83.475630
76.661504
74.754337
79.241750
63.964166
76.626385
78.617337
67.343367
61.275555
71.438719
63.954067
70.327916
67.463761
82.802196
75.497474
71.373512
75.158700
86.473316
79.719731
51.619864
67.191988
68.534677
91.662610
86.130342
86.912317
82.498964
82.215840
71.945433
72.822948
71.741925
86.069791
91.546707
77.551664
83.782007
79.631756
81.484804
78.215301
84.695456
88.327305
83.672733
77.025501
77.939170
76.963598
65.001223
92.453094
74.800839
77.216875
81.029160
81.074769
79.624290
76.197292
83.790129
79.576076
92.735273
85.926334
87.708649
82.783019
82.884683
85.683927
58.711570
71.255865
73.562856
86.142962
73.999047
83.685967
70.002256
78.025537
83.541998
58.512804
77.915175
83.608177
83.358957
73.279008
82.020863
76.881015
80.113075
75.352190
70.104433
59.835426
71.366872
82.126548
82.650315
79.467316
69.461446
84.970456
80.766584
77.269094
87.368601
81.098912
82.690746
64.683717
72.384527
54.441425
83.728548
84.540181
74.787814
61.328034
65.628254
84.627068
70.616722
61.962460
80.366368
82.026354
68.299727
64.066672
60.030547
69.200669
72.152885
71.616650
59.365803
78.354431
79.635947
69.607028
58.596364
79.373482
67.956302
91.353879
82.641681
82.806538
61.215965
78.561129
80.063675
77.100728
76.814565
79.361038
70.741828
83.873196
65.899392
85.000708
77.795969
79.168049
68.779323
74.560650
61.636235
75.748549
78.603421
87.950836
77.885012
78.606041
75.489292
85.989785
79.506505
59.793913
82.950465
61.259877
79.564256
86.155258
83.472384
62.575583
91.136005
63.090341
54.812114
82.441252
88.552033
44.754898
75.326056
78.868461
87.739763
71.166998
63.889723
79.518965
70.252200
59.029241
71.159524
67.146495
68.502591
63.722861
82.503614
73.188679
54.125579
82.893101
91.676164
88.724434
83.169541
75.141263
80.759354
66.736962
76.001009
84.370383
69.040812
81.647258
88.738675
64.010415
63.711824
70.447021
62.206978
69.057195
63.746561
68.458978
72.657574
60.286013
69.775566
74.346504
89.219258
90.042642
76.278767
72.369216
75.709015
69.264321
89.857989
63.358646
74.319888
80.797242
84.608953
62.465618
70.744715
77.899011
69.349290
85.545299
72.892557
75.868611
91.012922
82.523934
87.440098
86.232534
88.718288
81.009790
81.807576
85.294674
90.081454
89.361215
78.045137
70.989413
92.284697
75.124243
83.984535
65.948075
92.730680
