0.024828 -0.025446 0.010756 0.080500 -0.009539 0.000000
0.043655 -0.030392 -0.003705 0.074786 0.004355 0.050816
0.086853 -0.029458 0.024178 0.079753 0.043145 0.060945
0.049712 -0.024737 0.014083 0.086691 -0.011649 0.003270
0.095048 -0.032309 0.001802 0.071841 0.006309 0.041256
0.173051 0.000189 0.050791 0.080914 0.047028 0.000000
0.086124 0.006782 0.006766 0.084908 0.010287 0.150434
0.115006 0.007979 0.015648 0.083709 0.043920 0.151916
0.097847 0.004037 0.013059 0.085280 0.047482 0.030029
0.100387 0.010742 0.034588 0.085945 0.018078 0.023460
0.145143 0.017498 -0.044524 0.081642 -0.055792 0.238746
0.108388 -0.000171 0.046036 0.089349 0.077416 0.175452
0.097299 0.093078 0.069404 0.264888 0.131456 0.000000
0.895875 0.548733 -0.154993 0.844084 -0.470519 0.634903
0.183429 0.052706 0.109977 0.104167 0.097333 0.105786
0.020570 -0.026862 0.022421 0.094311 0.072556 0.027756
0.102261 0.015193 0.039188 0.099262 0.062936 0.257233
0.021349 -0.025691 -0.045854 0.087393 0.055502 0.049979
0.051268 -0.016342 0.034966 0.087497 0.058489 0.073411
0.078674 0.003430 0.004567 0.085058 0.006391 0.235400
0.081079 0.002171 0.003794 0.084121 0.006906 0.200331
0.000184 -0.076783 -0.028312 0.096508 0.046859 0.000000
0.025328 -0.023339 0.047327 0.135987 0.182546 0.239742
0.023919 -0.031595 -0.033670 0.087155 0.040654 0.207998
0.034887 -0.055675 0.022349 0.140460 0.115753 0.000000
0.022566 -0.042609 0.040004 0.130116 0.180258 0.333451
0.000009 -0.066763 -0.093429 0.070073 -0.006905 0.245876
