0.255807 0.171241 0.052118
0.255165 0.174795 0.054703
0.255892 0.177577 0.055826
0.258900 0.179230 0.054550
0.259157 0.182089 0.056067
0.259038 0.185358 0.058163
0.262088 0.186938 0.056771
0.263259 0.189541 0.057456
0.262665 0.192852 0.059922
0.265385 0.194785 0.059023
0.267447 0.197088 0.058851
0.266933 0.200482 0.061358
0.269375 0.203119 0.061169
0.271775 0.204630 0.060167
0.271912 0.208740 0.062755
0.273062 0.211778 0.063817
0.275717 0.213170 0.062506
0.276721 0.216943 0.064247
0.277711 0.220804 0.066061
0.279699 0.221929 0.065007
0.281020 0.224842 0.065851
0.281844 0.229229 0.068193
0.283804 0.230896 0.067598
0.285452 0.233320 0.067820
0.286327 0.237725 0.070173
0.288043 0.240243 0.070433
0.290020 0.242235 0.070050
0.290944 0.246694 0.072463
0.292423 0.249924 0.073472
0.294550 0.251284 0.072464
0.295706 0.255494 0.074515
0.296939 0.259652 0.076481
0.299125 0.260937 0.075367
0.300612 0.264442 0.076605
0.301619 0.269702 0.079673
0.303849 0.270949 0.078488
0.305669 0.273736 0.078882
0.306738 0.279341 0.082228
0.308731 0.281708 0.082123
0.310884 0.283452 0.081409
0.312018 0.289106 0.084781
0.313780 0.292627 0.085868
0.316126 0.293880 0.084557
0.317470 0.298947 0.087308
0.318994 0.303708 0.089687
0.321410 0.305148 0.088456
0.323092 0.309298 0.090166
0.324393 0.314767 0.093367
0.326873 0.317095 0.092862
0.328901 0.320643 0.093797
0.330232 0.325459 0.096466
0.332527 0.328871 0.097084
0.334999 0.332193 0.097474
0.336998 0.336976 0.099601
0.339019 0.341302 0.101328
0.341065 0.344476 0.101964
0.343134 0.349271 0.104123
0.345406 0.353807 0.105887
0.348118 0.357737 0.106696
0.350043 0.361911 0.108441
0.352611 0.366690 0.110237
0.354807 0.369800 0.110752
0.357021 0.374304 0.112610
0.359267 0.379166 0.114831
0.361542 0.382574 0.115615
0.363844 0.386343 0.116746
0.366175 0.391587 0.119321
0.368535 0.395694 0.120789
0.370925 0.399123 0.121565
0.373328 0.404601 0.124402
0.375778 0.409224 0.126367
0.378265 0.413065 0.127536
0.380761 0.417719 0.129564
0.383297 0.422278 0.131487
0.385870 0.426637 0.133208
0.388474 0.431322 0.135265
0.391108 0.436079 0.137407
0.393781 0.440916 0.139635
0.396482 0.446012 0.142158
0.399221 0.450152 0.143686
0.401996 0.455072 0.146035
0.404806 0.460426 0.148868
0.407653 0.464720 0.150588
0.410531 0.469753 0.153118
0.413457 0.475656 0.156629
0.416414 0.480085 0.158533
0.419406 0.484375 0.160289
0.422448 0.490772 0.164462
0.425522 0.495739 0.167026
0.428630 0.499677 0.168418
0.431795 0.505406 0.171917
0.434990 0.510725 0.174982
0.438222 0.515080 0.176936
0.441505 0.520686 0.180408
0.444833 0.526279 0.183921
0.448188 0.531032 0.186451
0.451592 0.535980 0.189251
0.455076 0.541634 0.192923
0.458532 0.546141 0.195317
0.462059 0.551002 0.198136
0.465646 0.556815 0.202216
0.468959 0.561910 0.205721
0.472082 0.566826 0.209255
0.476310 0.572441 0.212792
0.480210 0.577617 0.216199
0.483498 0.582450 0.219735
0.487147 0.587646 0.223606
0.491021 0.592685 0.227135
0.494080 0.597488 0.231177
0.497981 0.602674 0.235088
0.501773 0.607845 0.239242
0.505775 0.613094 0.243461
0.509895 0.618812 0.248386
0.513956 0.623544 0.252015
0.518135 0.628739 0.256345
0.522319 0.634226 0.261325
0.525402 0.638634 0.265708
0.529627 0.643586 0.270046
0.533020 0.648268 0.274897
0.537490 0.653543 0.279847
0.542476 0.658477 0.283867
0.545549 0.663236 0.289631
0.549188 0.667753 0.294514
0.553323 0.672552 0.299633
0.557078 0.676730 0.304027
0.562090 0.681260 0.307999
0.565843 0.686079 0.314042
0.570112 0.690657 0.319222
0.575143 0.695074 0.323452
0.579272 0.699728 0.329284
0.583150 0.703894 0.334508
0.588199 0.708449 0.339543
0.592646 0.712582 0.344430
0.596326 0.716226 0.349156
0.601160 0.720645 0.354638
0.605940 0.725066 0.360396
0.608884 0.728485 0.365835
0.613179 0.732314 0.370987
0.618713 0.736336 0.375463
0.622063 0.740096 0.381807
0.624667 0.743399 0.387977
0.629998 0.747200 0.392549
0.633543 0.750645 0.398366
0.634647 0.753538 0.405706
0.640608 0.757593 0.410800
0.645945 0.761338 0.415790
0.646469 0.764030 0.423896
0.650690 0.767228 0.428899
0.656529 0.770902 0.433406
0.658434 0.773542 0.440109
0.661659 0.776371 0.445702
0.667342 0.779903 0.450424
0.670192 0.782590 0.456346
0.672070 0.784952 0.462640
0.677724 0.788449 0.467742
0.681517 0.791304 0.473323
0.682975 0.793286 0.479233
0.687528 0.796511 0.485408
0.692264 0.799577 0.490702
0.693657 0.801399 0.496502
0.696774 0.803748 0.501722
0.701944 0.807113 0.508020
0.703186 0.808760 0.513632
0.705263 0.810433 0.517894
0.708974 0.813355 0.525292
0.711852 0.815530 0.530745
0.714142 0.816759 0.532724
0.717515 0.819761 0.541523
0.720505 0.822153 0.548101
0.722704 0.823227 0.549626
0.725511 0.825366 0.555331
0.728809 0.827941 0.562406
0.730704 0.829397 0.566781
0.733049 0.831084 0.571333
0.736220 0.833220 0.576662
0.738329 0.834860 0.581736
0.740159 0.836292 0.586386
0.743920 0.838752 0.592199
0.746690 0.840751 0.597753
0.748287 0.841819 0.601126
0.751364 0.844009 0.607152
0.753545 0.845810 0.613202
0.755644 0.847047 0.616306
0.757602 0.848636 0.621692
0.759728 0.850506 0.628534
0.761622 0.851988 0.633653
0.763578 0.853580 0.639343
0.765481 0.855001 0.644117
0.768010 0.856752 0.649143
0.769152 0.858048 0.655524
0.771453 0.859519 0.659364
0.773575 0.861212 0.665496
0.774510 0.862159 0.670178
0.776213 0.863534 0.675287
0.778618 0.865165 0.680097
0.779507 0.866168 0.685337
0.780818 0.867413 0.691182
0.783021 0.869097 0.697070
0.784946 0.870503 0.701707
0.784950 0.870792 0.705025
