0.345801 0.294343 0.141532
0.353877 0.307436 0.148958
0.362302 0.320355 0.156110
0.371074 0.333980 0.164143
0.389727 0.362483 0.182058
0.410281 0.393022 0.202958
0.352097 0.291192 0.154882
0.358164 0.300406 0.160659
0.376910 0.328347 0.179109
0.384403 0.339235 0.186640
0.390579 0.348174 0.193068
0.565916 0.540748 0.426275
0.582725 0.559637 0.447132
0.599984 0.578970 0.468297
0.608574 0.588574 0.478739
0.617130 0.598138 0.489110
0.636411 0.526304 0.559721
0.656242 0.552259 0.581381
0.661989 0.560491 0.588920
0.671096 0.572128 0.597072
0.680657 0.585593 0.608170
0.440936 0.490192 0.201364
0.447235 0.499484 0.207250
0.454194 0.509699 0.214050
0.461151 0.520000 0.221284
0.469001 0.531178 0.229264
0.484385 0.552372 0.245113
0.500585 0.574861 0.264056
0.421911 0.356926 0.250821
0.440599 0.379748 0.274461
0.458681 0.401355 0.297951
0.469609 0.414190 0.312268
0.480154 0.426485 0.326237
0.651167 0.796461 0.396888
0.663153 0.805475 0.413699
0.671622 0.813047 0.431327
0.699938 0.833369 0.479676
0.709570 0.840056 0.497996
0.715446 0.844400 0.511630
0.620926 0.448389 0.572483
0.648432 0.483857 0.598828
0.677043 0.521305 0.620383
0.695334 0.552300 0.645454
0.717135 0.587095 0.667847
0.457723 0.534758 0.203183
0.464299 0.544027 0.208991
0.471369 0.554350 0.216079
0.477629 0.563433 0.222583
0.493077 0.585259 0.239202
0.500591 0.595540 0.247508
0.508226 0.605294 0.255366
0.742662 0.526441 0.716041
0.752762 0.546892 0.725806
0.759654 0.560949 0.732371
0.767584 0.579725 0.742770
0.774764 0.598485 0.754197
0.461364 0.586659 0.167615
0.469823 0.600614 0.176488
0.478225 0.611971 0.183021
0.487670 0.625239 0.191563
0.504287 0.648517 0.208302
0.524516 0.673783 0.227778
0.558605 0.597920 0.371792
0.580245 0.621601 0.398534
0.602900 0.645317 0.426470
0.623879 0.666915 0.453739
0.649519 0.692647 0.488100
0.683186 0.725848 0.536376
0.700813 0.742870 0.562542
0.717578 0.758962 0.588436
0.421985 0.397309 0.224625
0.428510 0.406375 0.232040
0.436418 0.417186 0.241052
0.445133 0.429047 0.251348
0.454675 0.441767 0.262643
0.471057 0.463155 0.282388
0.322916 0.196827 0.160821
0.325445 0.199585 0.162662
0.327145 0.201833 0.164725
0.334034 0.210441 0.172319
0.339653 0.217656 0.179246
0.345330 0.224412 0.185505
0.357236 0.238625 0.199622
0.370924 0.254413 0.216613
0.377522 0.261762 0.224763
0.322851 0.196206 0.160169
0.325829 0.200853 0.165051
0.330045 0.205157 0.167760
0.337469 0.214164 0.175646
0.344671 0.223322 0.184641
0.360067 0.241798 0.203432
0.460976 0.549871 0.197987
0.465346 0.556162 0.201949
0.468773 0.561183 0.205228
0.476962 0.573070 0.213349
0.486083 0.585336 0.221697
0.534224 0.649485 0.276227
0.347029 0.249049 0.172384
0.350248 0.253281 0.175732
0.352714 0.256489 0.178251
0.359021 0.264833 0.185261
0.365652 0.273439 0.192704
0.512158 0.636202 0.236114
0.515944 0.641213 0.240335
0.519818 0.646329 0.244777
0.527504 0.656308 0.253763
0.535755 0.666791 0.263660
0.321709 0.276831 0.107240
0.323707 0.282299 0.110579
0.327977 0.288617 0.112377
0.333095 0.297865 0.116348
0.339477 0.308851 0.120963
0.345895 0.320156 0.126001
0.380269 0.378106 0.153739
0.612943 0.594324 0.483499
0.617293 0.599173 0.488749
0.621922 0.604371 0.494439
0.631103 0.614645 0.505608
0.640200 0.624836 0.516690
0.649728 0.635507 0.528288
0.568988 0.770020 0.233143
0.573746 0.776234 0.240579
0.583876 0.784307 0.248446
0.596845 0.798060 0.265903
0.611779 0.810693 0.282136
0.625701 0.822068 0.298428
0.580129 0.320300 0.562146
0.585562 0.326730 0.570426
0.592889 0.334765 0.578624
0.608362 0.351383 0.592238
0.620481 0.366805 0.606896
0.474706 0.439008 0.306390
0.478639 0.443767 0.311441
0.482615 0.448550 0.316545
0.500936 0.470408 0.340334
0.509905 0.480957 0.351974
0.532766 0.494696 0.389552
0.547623 0.511542 0.408521
0.563667 0.529656 0.428710
0.595607 0.565732 0.468285
0.628210 0.602472 0.507270
0.662554 0.641755 0.548992
0.436088 0.429907 0.232039
0.443069 0.439622 0.239830
0.450845 0.450302 0.248645
0.457204 0.459017 0.256104
0.472293 0.479221 0.273918
0.443141 0.310968 0.326606
0.446283 0.313787 0.330690
0.449832 0.317268 0.336485
0.455855 0.322904 0.345252
0.461468 0.328197 0.353565
0.468586 0.334555 0.362622
0.477451 0.343152 0.376298
0.481099 0.346535 0.381296
0.448652 0.478977 0.225172
0.452430 0.484068 0.228619
0.456860 0.490494 0.233501
0.464919 0.501686 0.241922
0.473998 0.514518 0.252329
0.482905 0.526575 0.262189
0.660963 0.603416 0.566721
0.667012 0.610889 0.573498
0.671672 0.617047 0.579721
0.682683 0.630760 0.592019
0.693322 0.644314 0.604512
0.729988 0.692970 0.652433
0.557079 0.459861 0.456532
0.562065 0.465010 0.461502
0.566071 0.469993 0.468004
0.575350 0.480356 0.478975
0.584678 0.491082 0.490293
0.594016 0.502084 0.501762
0.406913 0.328328 0.239194
0.409316 0.331217 0.242101
0.412105 0.334653 0.245730
0.417233 0.340765 0.252030
0.422793 0.347411 0.259108
0.428352 0.353919 0.266018
0.439443 0.366990 0.280595
0.480967 0.361975 0.371124
0.484525 0.365405 0.375777
0.488822 0.369601 0.381593
0.497120 0.377621 0.392216
0.505029 0.385434 0.402544
0.512880 0.393430 0.413360
0.537152 0.445867 0.427438
0.540611 0.449598 0.431796
0.544760 0.454418 0.437985
0.554351 0.464391 0.448264
0.570934 0.482952 0.468813
0.580959 0.432712 0.512899
0.585330 0.437658 0.517831
0.591038 0.444434 0.524878
0.600965 0.456421 0.536789
0.611539 0.469260 0.548462
0.621513 0.481956 0.559932
0.644908 0.511347 0.582301
0.664152 0.670573 0.534649
0.673540 0.680673 0.546852
0.683134 0.690951 0.559339
0.700260 0.709692 0.583415
0.717336 0.728474 0.608483
0.733882 0.746835 0.634169
0.417914 0.248735 0.319660
0.420632 0.250678 0.322623
0.423250 0.252610 0.325984
0.427072 0.255891 0.333403
0.435493 0.262312 0.345338
0.453495 0.276686 0.373784
0.320909 0.255465 0.119392
0.324141 0.261418 0.122635
0.328053 0.267268 0.125036
0.335443 0.279354 0.131014
0.343608 0.292983 0.138346
0.352518 0.307301 0.146077
0.547146 0.411790 0.463495
0.550444 0.415234 0.467497
0.554383 0.419431 0.472336
0.562086 0.427463 0.480792
0.568886 0.434996 0.489214
0.575593 0.442798 0.498216
0.588189 0.549166 0.464245
0.598507 0.560896 0.476823
0.607829 0.571489 0.487996
0.622087 0.587692 0.504775
0.654186 0.624776 0.543127
0.682513 0.658063 0.577733
0.732572 0.719027 0.645913
0.532461 0.632068 0.288224
0.537812 0.637820 0.293264
0.543404 0.644311 0.299627
0.552392 0.655756 0.312538
0.561445 0.665965 0.323721
0.572124 0.676870 0.335401
0.517421 0.535967 0.329434
0.521038 0.540691 0.334711
0.524961 0.545305 0.339375
0.532751 0.554727 0.349489
0.540572 0.564157 0.359934
0.556874 0.582926 0.380609
0.571078 0.598304 0.397178
0.464161 0.394368 0.314234
0.467477 0.398132 0.318694
0.470616 0.401582 0.322640
0.476869 0.408694 0.331212
0.483502 0.416142 0.340125
0.490614 0.424086 0.349624
0.512340 0.448165 0.378176
0.521346 0.458055 0.389652
0.374032 0.387849 0.136650
0.376929 0.392499 0.138453
0.379528 0.397219 0.140734
0.385109 0.406629 0.144967
0.390978 0.416798 0.149919
0.396425 0.425987 0.154419
0.419545 0.465439 0.176245
0.426861 0.476738 0.182425
0.567511 0.634395 0.363560
0.572809 0.639484 0.368533
0.579175 0.646208 0.376264
0.589492 0.656883 0.388866
0.600409 0.667819 0.402049
0.631743 0.705022 0.438017
0.644193 0.717963 0.459194
0.657492 0.729367 0.475194
0.669219 0.740277 0.493338
0.681289 0.751127 0.511740
0.718136 0.783922 0.573506
0.541027 0.451977 0.431498
0.561395 0.473985 0.455634
0.586749 0.503207 0.487766
0.621340 0.544009 0.527887
0.658201 0.588667 0.567176
0.692409 0.633305 0.607630
0.770630 0.744224 0.721917
0.789311 0.773006 0.759418
0.375348 0.367607 0.152146
0.377776 0.371160 0.153625
0.380399 0.375316 0.155679
0.385576 0.383795 0.160212
0.391105 0.392955 0.165368
0.396234 0.401256 0.170060
0.407370 0.419015 0.180464
0.413948 0.429721 0.187288
0.517944 0.642364 0.243969
0.522361 0.647629 0.248243
0.526295 0.653623 0.254280
0.537073 0.666299 0.265578
0.544492 0.675399 0.274623
0.411863 0.422360 0.187335
0.413395 0.424628 0.188679
0.416567 0.430139 0.192666
0.420495 0.435914 0.196178
0.429126 0.448980 0.204762
0.436494 0.460207 0.212622
0.412255 0.168654 0.369791
0.421134 0.173359 0.386415
0.434144 0.180213 0.407403
0.458556 0.193787 0.443959
0.487605 0.211680 0.483295
0.520295 0.234746 0.522973
0.628018 0.338270 0.629826
0.657621 0.376841 0.656785
0.700232 0.432505 0.678680
0.403834 0.246092 0.292483
0.407240 0.248661 0.296105
0.411910 0.252605 0.303249
0.420329 0.259308 0.314361
0.428530 0.266304 0.328156
0.439061 0.274808 0.343421
0.533255 0.713235 0.210325
0.536097 0.716911 0.213633
0.539656 0.720625 0.216601
0.545620 0.728717 0.224575
0.555694 0.740829 0.236665
0.563265 0.749152 0.245151
0.584589 0.769706 0.266994
0.451825 0.401833 0.283206
0.453552 0.403950 0.285451
0.455827 0.406711 0.288367
0.458721 0.410224 0.292101
0.470238 0.424052 0.306985
0.458524 0.284325 0.378391
0.462275 0.287377 0.384065
0.468847 0.292453 0.392387
0.477231 0.299583 0.405720
0.486754 0.307389 0.418561
0.497404 0.316089 0.431388
0.507093 0.324581 0.444625
0.526329 0.341617 0.467829
0.536516 0.351112 0.480013
0.546752 0.361436 0.493748
0.325375 0.242881 0.135424
0.329409 0.249190 0.139194
0.333540 0.255490 0.142951
0.337370 0.261116 0.146222
0.347903 0.276943 0.156208
0.367754 0.305839 0.175530
0.523869 0.547866 0.335537
0.528475 0.553246 0.340978
0.532024 0.557720 0.345986
0.541586 0.568962 0.358020
0.550201 0.579051 0.369180
0.559410 0.589361 0.380400
0.568739 0.599727 0.392002
0.380798 0.348313 0.173969
0.385229 0.354912 0.178061
0.388075 0.359259 0.180922
0.415627 0.400462 0.209934
0.434516 0.427251 0.230202
0.452937 0.452850 0.251257
0.347427 0.189051 0.215188
0.349768 0.190953 0.217334
0.351184 0.192527 0.219731
0.355048 0.196394 0.226058
0.363445 0.204141 0.237933
0.374009 0.213464 0.252700
0.378599 0.217499 0.259632
0.383620 0.221880 0.267399
0.350073 0.231731 0.190550
0.354351 0.236383 0.194622
0.357117 0.239988 0.198652
0.364127 0.248113 0.206992
0.371697 0.256670 0.215960
0.378529 0.264480 0.224855
0.563475 0.464060 0.466527
0.578478 0.480795 0.484150
0.593922 0.498838 0.502989
0.623426 0.534645 0.537942
0.655076 0.572915 0.569424
0.683697 0.610734 0.602205
0.399499 0.209909 0.310243
0.406847 0.214929 0.321121
0.416248 0.221571 0.337300
0.423506 0.226448 0.348032
0.430590 0.231361 0.359647
0.340156 0.410002 0.062300
0.344417 0.417292 0.063349
0.348215 0.424193 0.064428
0.355603 0.438676 0.067444
0.363810 0.457417 0.072995
0.372108 0.472974 0.076692
0.396551 0.518910 0.090172
0.411642 0.320385 0.254589
0.415887 0.325214 0.260046
0.420461 0.330455 0.266175
0.429281 0.340287 0.277586
0.437666 0.349534 0.288534
0.446409 0.359139 0.300199
0.515746 0.515594 0.340720
0.522513 0.523735 0.349448
0.531180 0.533953 0.360407
0.546582 0.552016 0.380415
0.562798 0.570464 0.400956
0.579658 0.588972 0.421407
0.612591 0.624575 0.462111
0.648198 0.628760 0.529371
0.667931 0.651276 0.553704
0.686024 0.672097 0.576591
0.718752 0.710516 0.621069
0.747448 0.745482 0.666008
0.769766 0.773883 0.707278
0.556101 0.461871 0.452818
0.561993 0.468337 0.459885
0.571094 0.478552 0.471052
0.587037 0.497132 0.491313
0.602966 0.516021 0.510693
0.620714 0.537115 0.530508
0.654035 0.577572 0.565494
0.668580 0.596986 0.583756
0.683185 0.615961 0.600007
0.696110 0.633367 0.615505
0.553116 0.578729 0.375252
0.563641 0.590529 0.388292
0.574760 0.602700 0.401880
0.584978 0.613686 0.414339
0.595836 0.625092 0.427336
0.630261 0.661603 0.472883
0.640899 0.672104 0.485502
0.382583 0.288563 0.216477
0.384243 0.290558 0.218432
0.387110 0.294088 0.222076
0.390506 0.298176 0.226238
0.399071 0.308311 0.236736
0.406474 0.316973 0.246007
0.414446 0.326218 0.256218
0.307557 0.213159 0.121551
0.309704 0.216653 0.123536
0.312732 0.221250 0.125978
0.318132 0.229599 0.130654
0.324451 0.239178 0.136097
0.354142 0.283373 0.163930
0.357578 0.369182 0.116591
0.361279 0.375969 0.119215
0.365977 0.384333 0.122392
0.373949 0.399233 0.128798
0.383317 0.415551 0.135525
0.392216 0.431311 0.142672
0.404110 0.451549 0.152118
0.412090 0.466123 0.160117
0.423938 0.485429 0.170131
0.434850 0.503087 0.180025
0.446429 0.520729 0.190138
0.478231 0.426544 0.322139
0.481988 0.430946 0.327159
0.485922 0.435482 0.332260
0.493806 0.444564 0.342566
0.501756 0.453673 0.352946
0.509350 0.462381 0.362958
0.534054 0.490408 0.394946
0.371317 0.236084 0.229481
0.373438 0.238154 0.231989
0.376075 0.241262 0.237066
0.381059 0.246096 0.243204
0.386568 0.251597 0.250836
0.391969 0.256924 0.258439
0.411310 0.275254 0.285118
0.418509 0.281807 0.294690
0.288970 0.202578 0.094536
0.291922 0.207764 0.096662
0.296353 0.216006 0.100391
0.304674 0.229336 0.105444
0.312624 0.243582 0.112160
0.321418 0.258354 0.118918
0.330520 0.273075 0.125638
0.340199 0.289293 0.133939
0.350365 0.306206 0.143093
0.361483 0.323494 0.152183
0.372734 0.341461 0.162660
0.517593 0.415091 0.409442
0.522934 0.420354 0.415310
0.528858 0.426701 0.423302
0.542054 0.440880 0.440416
0.563991 0.464591 0.466651
0.403639 0.285251 0.262425
0.406591 0.288263 0.266336
0.409652 0.291408 0.270533
0.415843 0.297547 0.278456
0.428444 0.310156 0.295807
0.467133 0.446305 0.285460
0.469235 0.448957 0.288045
0.471795 0.452185 0.291232
0.475790 0.457278 0.296375
0.484125 0.467580 0.306679
0.491778 0.477110 0.316576
0.499997 0.487175 0.327117
0.518965 0.509921 0.351375
0.537266 0.531346 0.374732
0.510453 0.519992 0.326518
0.513765 0.523917 0.330403
0.519558 0.531116 0.338104
0.525515 0.538225 0.345541
0.542084 0.557733 0.366520
0.555651 0.573306 0.383647
0.570971 0.590426 0.402763
0.668709 0.580020 0.591859
0.677366 0.591369 0.600636
0.685521 0.602808 0.610459
0.701717 0.624528 0.626950
0.727422 0.661887 0.659028
0.751320 0.698655 0.693873
0.768965 0.727070 0.724145
0.346484 0.181702 0.218619
0.349362 0.184178 0.222123
0.351767 0.186508 0.225706
0.357530 0.192013 0.235468
0.363313 0.196779 0.242435
0.369366 0.202041 0.251649
0.385046 0.215044 0.275414
0.398767 0.225826 0.296032
0.410279 0.376459 0.214064
0.412947 0.380164 0.216972
0.415384 0.383673 0.219898
0.420910 0.391324 0.226116
0.426617 0.399328 0.232946
0.431937 0.406473 0.238878
0.446245 0.425683 0.255718
0.452379 0.433843 0.263178
0.458220 0.441357 0.269958
0.458141 0.564816 0.179881
0.461075 0.569134 0.182349
0.463928 0.573337 0.184867
0.469510 0.582608 0.191183
0.475053 0.590404 0.196019
0.488187 0.608673 0.208160
0.495434 0.618888 0.215625
0.503331 0.629613 0.223723
0.350092 0.189779 0.220794
0.352573 0.191923 0.223514
0.355020 0.194345 0.227581
0.361142 0.199862 0.235977
0.366586 0.204865 0.244320
0.373171 0.210330 0.252605
0.386419 0.221715 0.272894
0.392406 0.226681 0.282023
0.399290 0.232186 0.291977
0.528155 0.461146 0.401431
0.532390 0.465809 0.406834
0.538880 0.472986 0.415110
0.558885 0.495113 0.439801
0.596540 0.538192 0.486489
0.606723 0.550097 0.498889
0.617588 0.562599 0.511138
0.414995 0.412438 0.200801
0.419242 0.418790 0.205203
0.423976 0.426088 0.210616
0.430921 0.436115 0.217721
0.449132 0.462247 0.237578
0.467373 0.487197 0.257589
0.485463 0.511406 0.278632
0.506376 0.538584 0.304165
0.498606 0.560907 0.271160
0.502049 0.565486 0.275216
0.505447 0.569659 0.278711
0.513005 0.579262 0.287370
0.520334 0.588672 0.296373
0.464271 0.508930 0.235373
0.469253 0.516215 0.241149
0.474954 0.524311 0.247606
0.486778 0.540327 0.260527
0.509492 0.570161 0.286647
0.348863 0.099264 0.291433
0.351169 0.100259 0.296823
0.353645 0.101280 0.301702
0.359186 0.103518 0.312654
0.371028 0.108015 0.333366
0.307393 0.030387 0.255250
0.308493 0.030760 0.258713
0.309872 0.031211 0.260959
0.312185 0.031900 0.264541
0.316327 0.033232 0.273542
0.319631 0.034264 0.287018
0.673492 0.882914 0.359658
0.680220 0.885653 0.364815
0.686632 0.889384 0.373864
0.693429 0.895517 0.392221
0.712024 0.906593 0.427068
0.619328 0.279433 0.638261
0.635868 0.299695 0.655937
0.652415 0.320544 0.670861
0.694939 0.373544 0.693601
0.723481 0.420687 0.717267
0.746985 0.467587 0.740340
0.788429 0.556653 0.773551
0.799056 0.590593 0.792068
0.808707 0.625063 0.812027
0.425659 0.352009 0.261992
0.427256 0.353883 0.263974
0.430053 0.357201 0.267596
0.432530 0.360122 0.270762
0.439627 0.368451 0.279964
0.453322 0.384383 0.298064
0.460555 0.392764 0.307859
0.341601 0.237994 0.169323
0.343642 0.240669 0.171449
0.345970 0.243615 0.173711
0.350077 0.249006 0.178216
0.358186 0.259620 0.187397
0.377873 0.284286 0.209916
0.394830 0.304883 0.230436
0.415711 0.329366 0.256540
0.519242 0.315398 0.473240
0.521750 0.317298 0.475017
0.527338 0.322108 0.481159
0.532382 0.326624 0.487137
0.544317 0.337739 0.501310
0.570319 0.362726 0.527750
0.590022 0.384228 0.550007
0.603003 0.399516 0.564862
0.613837 0.412827 0.576902
0.616471 0.424548 0.576199
0.630150 0.442355 0.591132
0.650221 0.466431 0.604665
0.676945 0.505117 0.631380
0.723433 0.580032 0.678180
0.456810 0.343359 0.333257
0.460581 0.347127 0.338635
0.464696 0.351225 0.344392
0.472582 0.359010 0.355202
0.488161 0.374591 0.376987
0.522844 0.409343 0.421733
0.493701 0.433770 0.349382
0.498009 0.438612 0.355043
0.502383 0.443522 0.360797
0.510792 0.452983 0.371912
0.526933 0.471025 0.392860
0.545076 0.491213 0.415744
0.555509 0.502878 0.428779
0.563291 0.511820 0.439049
0.483933 0.605935 0.200213
0.487813 0.611733 0.204416
0.491257 0.616142 0.207252
0.498498 0.626545 0.215104
0.515049 0.648770 0.232680
0.532052 0.669999 0.250872
0.539982 0.680073 0.260620
0.534145 0.619819 0.302649
0.538491 0.624542 0.306924
0.542935 0.629818 0.312343
0.550077 0.638693 0.322256
0.572263 0.662701 0.348320
0.597731 0.688104 0.378180
0.535591 0.533469 0.370089
0.538636 0.536962 0.373858
0.541904 0.540751 0.378051
0.547990 0.547896 0.386164
0.554489 0.555293 0.394347
0.567980 0.570323 0.410851
0.583863 0.587921 0.430611
0.621829 0.587929 0.504260
0.639593 0.608324 0.525358
0.659153 0.630905 0.548464
0.692865 0.670883 0.590802
0.747870 0.738885 0.670349
0.733827 0.438141 0.726643
0.752752 0.473835 0.740763
0.771901 0.513382 0.755453
0.794103 0.569138 0.779580
0.832316 0.713219 0.873201
0.832316 0.713219 0.873201
0.467571 0.408265 0.312070
0.469166 0.410099 0.314136
0.471101 0.412325 0.316657
0.473932 0.415601 0.320412
0.480446 0.423117 0.329088
0.493634 0.438139 0.346403
0.640365 0.355205 0.639636
0.648826 0.366833 0.648439
0.662700 0.383498 0.656042
0.684195 0.412813 0.670554
0.718888 0.469090 0.698943
0.439342 0.442608 0.230117
0.442589 0.447276 0.233817
0.446203 0.452371 0.237867
0.453108 0.461851 0.245374
0.459380 0.470586 0.252689
0.472964 0.489109 0.268682
0.484796 0.504291 0.281831
0.498218 0.522191 0.299115
0.401780 0.399315 0.182351
0.404115 0.403008 0.184722
0.406676 0.406938 0.187168
0.410587 0.413118 0.191273
0.419990 0.427295 0.200524
0.428647 0.440633 0.209989
0.438211 0.454474 0.219628
0.559489 0.519006 0.427263
0.565663 0.525988 0.435033
0.573107 0.534322 0.444088
0.587187 0.550337 0.461687
0.601901 0.567001 0.479519
0.361306 0.166996 0.262341
0.363097 0.168185 0.264656
0.365181 0.169529 0.267230
0.368862 0.172113 0.273506
0.375422 0.176791 0.285780
0.390700 0.186567 0.309276
0.519913 0.614134 0.272776
0.521901 0.617349 0.276295
0.525882 0.622419 0.281120
0.531492 0.629153 0.287383
0.544042 0.643913 0.301789
0.566827 0.669501 0.329153
0.648377 0.603633 0.542879
0.659738 0.617389 0.556638
0.674574 0.635314 0.574153
0.690674 0.655184 0.594050
0.727458 0.701943 0.643375
0.779501 0.772895 0.733552
0.470213 0.452063 0.288294
0.474579 0.457518 0.293606
0.478103 0.461940 0.297993
0.485500 0.471143 0.307241
0.501718 0.491188 0.328117
0.443434 0.259142 0.364343
0.449366 0.263629 0.373412
0.453134 0.266823 0.381108
0.462016 0.273416 0.393292
0.483649 0.290214 0.423389
0.460832 0.617937 0.139886
0.464248 0.622909 0.142438
0.468638 0.629511 0.145989
0.476156 0.641427 0.153086
0.489877 0.660081 0.164000
0.524174 0.705057 0.195668
0.532534 0.716905 0.206172
0.335145 0.159824 0.210673
0.338416 0.162708 0.215088
0.341507 0.165271 0.218757
0.347256 0.170908 0.229349
0.362101 0.183308 0.252405
0.381261 0.197719 0.280370
0.398646 0.210414 0.308570
0.665416 0.564622 0.588229
0.679462 0.585462 0.607445
0.694011 0.605400 0.622498
0.721916 0.645467 0.653967
0.765568 0.715759 0.720958
0.796127 0.766860 0.778779
0.796127 0.766860 0.778779
0.330732 0.270979 0.127194
0.332558 0.274455 0.129263
0.334810 0.278175 0.131166
0.338361 0.283589 0.133673
0.345943 0.296179 0.140530
0.630750 0.685522 0.451470
0.645703 0.701377 0.475793
0.662202 0.716403 0.496191
0.685818 0.738730 0.530861
0.732495 0.782696 0.608423
0.331573 0.111961 0.240298
0.333551 0.112975 0.241557
0.334782 0.113923 0.244634
0.337504 0.115759 0.250548
0.342539 0.118888 0.259519
0.353631 0.124974 0.277739
0.369212 0.133076 0.308129
0.376040 0.136395 0.320911
0.385335 0.140690 0.336371
0.520792 0.453392 0.391515
0.523618 0.456530 0.395235
0.527330 0.460628 0.400049
0.531622 0.465350 0.405514
0.542482 0.477215 0.418861
0.564000 0.501474 0.446473
0.587531 0.528199 0.475268
0.381272 0.128305 0.339640
0.383101 0.129086 0.342395
0.385109 0.129916 0.345509
0.387961 0.131193 0.352160
0.393502 0.133354 0.357598
0.433762 0.444415 0.217206
0.436889 0.449177 0.220846
0.439988 0.453688 0.224209
0.447380 0.464326 0.232262
0.461133 0.483489 0.247169
0.481408 0.510949 0.270080
0.496541 0.531194 0.288547
0.524465 0.534021 0.346432
0.527642 0.537695 0.350203
0.531205 0.541973 0.354863
0.537283 0.549072 0.362467
0.548881 0.562735 0.377737
0.574233 0.591036 0.409078
0.598798 0.617533 0.439208
0.622882 0.642939 0.469053
0.487047 0.545357 0.257348
0.491954 0.551963 0.262855
0.498406 0.560843 0.270730
0.510670 0.576821 0.285040
0.533418 0.605412 0.312886
0.439824 0.388613 0.266972
0.442616 0.392076 0.270478
0.446004 0.396267 0.274767
0.452438 0.404169 0.282946
0.474254 0.430543 0.311117
0.480192 0.437613 0.318855
0.495154 0.455232 0.338356
0.256902 0.092012 0.110135
0.256902 0.092012 0.110135
0.256902 0.092012 0.110135
0.256902 0.092012 0.110135
0.256902 0.092012 0.110135
0.389971 0.341723 0.195948
0.391782 0.344276 0.197873
0.399767 0.355538 0.206605
0.412424 0.373059 0.220710
0.435078 0.403681 0.247124
0.635366 0.823490 0.319495
0.640154 0.826736 0.324490
0.643673 0.829226 0.328568
0.649006 0.835094 0.340469
0.663332 0.847768 0.367414
0.670957 0.854395 0.383178
0.336329 0.247100 0.153338
0.338019 0.249483 0.154923
0.340056 0.252320 0.156801
0.342630 0.256064 0.159464
0.348901 0.264884 0.165676
0.362353 0.283574 0.179550
0.377101 0.303549 0.195346
0.497030 0.445115 0.348852
0.499477 0.447890 0.352015
0.502292 0.451106 0.355734
0.507479 0.456999 0.362516
0.519021 0.470109 0.377659
0.432314 0.441294 0.216835
0.435568 0.446072 0.220349
0.438359 0.449917 0.223003
0.445321 0.460089 0.230812
0.458376 0.478372 0.245016
0.473876 0.499741 0.262787
0.488687 0.519348 0.279804
0.704470 0.627509 0.632402
0.713822 0.640372 0.642234
0.717929 0.646110 0.646761
0.731146 0.666397 0.665343
0.751334 0.697864 0.695609
0.487682 0.633734 0.181578
0.490553 0.638940 0.185621
0.495434 0.646155 0.190761
0.503605 0.657490 0.198938
0.524314 0.683708 0.219016
0.287318 0.139356 0.132459
0.289523 0.142318 0.134765
0.292483 0.145870 0.137202
0.297205 0.152936 0.143688
0.308774 0.167143 0.155350
0.320491 0.181604 0.168838
0.333483 0.195764 0.181632
0.588135 0.756403 0.291448
0.595145 0.762516 0.298598
0.599196 0.766544 0.303974
0.612979 0.778430 0.319638
0.633258 0.796722 0.348403
0.655595 0.816209 0.385312
0.607801 0.577155 0.484561
0.613554 0.583644 0.491400
0.619095 0.589864 0.497860
0.629823 0.602174 0.511018
0.650729 0.626030 0.535945
0.473915 0.257118 0.428269
0.476938 0.259267 0.432195
0.480451 0.261807 0.436858
0.488038 0.267369 0.446699
0.503967 0.279506 0.466694
0.519251 0.292277 0.487289
0.530409 0.301257 0.498238
0.539010 0.308879 0.508351
0.537523 0.625214 0.305447
0.560856 0.651963 0.333680
0.566616 0.658444 0.341136
0.599590 0.691391 0.379556
0.654856 0.744404 0.459889
0.708414 0.789590 0.544253
0.730017 0.807326 0.583425
0.510976 0.625829 0.243644
0.516496 0.633383 0.250323
0.523054 0.641325 0.256959
0.533440 0.654513 0.269300
0.557287 0.683292 0.299081
0.586813 0.712954 0.331743
0.584027 0.337262 0.562986
0.589950 0.342777 0.566634
0.594502 0.348791 0.574537
0.606159 0.361372 0.584715
0.616122 0.373821 0.596471
0.628293 0.388853 0.608358
0.637461 0.401043 0.617989
0.648294 0.416546 0.630201
0.663118 0.433274 0.635503
0.455609 0.323811 0.344364
0.457197 0.325345 0.346831
0.459444 0.327355 0.349736
0.462976 0.330739 0.355070
0.470241 0.337406 0.364873
0.487947 0.354166 0.389939
0.503181 0.368523 0.409716
0.511087 0.376045 0.419526
0.519061 0.384180 0.431070
0.500509 0.510731 0.311932
0.504055 0.515170 0.316409
0.507418 0.519339 0.320611
0.513484 0.526686 0.327983
0.555004 0.575848 0.380919
0.572104 0.496082 0.464074
0.579717 0.504860 0.473690
0.587533 0.513882 0.483255
0.604265 0.533216 0.502724
0.636541 0.572026 0.540684
0.514157 0.525112 0.330217
0.518274 0.530213 0.335638
0.522940 0.535985 0.341879
0.531795 0.546608 0.353253
0.550997 0.569163 0.378135
0.451605 0.431497 0.263064
0.453748 0.434267 0.265569
0.456648 0.438074 0.269121
0.459892 0.442239 0.272968
0.487009 0.476781 0.306740
0.313774 0.353137 0.049004
0.316299 0.362718 0.052211
0.321167 0.367469 0.050750
0.329289 0.388153 0.055874
0.373673 0.477796 0.075895
0.384365 0.498419 0.081757
0.589549 0.563993 0.457641
0.608617 0.585403 0.480875
0.625322 0.604153 0.501006
0.656825 0.639735 0.539252
0.719527 0.712385 0.621737
0.494314 0.573027 0.251789
0.496960 0.576453 0.254480
0.499486 0.580226 0.257970
0.504156 0.585888 0.262356
0.514010 0.598868 0.273871
0.821725 0.618307 0.839675
0.823785 0.624448 0.842271
0.824748 0.633074 0.848604
0.827256 0.645969 0.856588
0.832459 0.667815 0.869385
0.682396 0.592756 0.608234
0.695096 0.610302 0.621984
0.708792 0.629923 0.637964
0.732034 0.664432 0.667188
0.765608 0.718343 0.720300
0.793144 0.763655 0.771642
0.795694 0.768103 0.777368
0.416395 0.272017 0.299378
0.420211 0.275115 0.303602
0.424135 0.278417 0.308382
0.431953 0.285643 0.321380
0.448695 0.300372 0.346084
0.338058 0.189912 0.195481
0.341076 0.192923 0.198748
0.344527 0.196620 0.203503
0.350238 0.202481 0.210545
0.363744 0.216367 0.229986
0.378157 0.229989 0.249586
0.393963 0.244362 0.271872
0.562543 0.445255 0.473852
0.569375 0.452782 0.481961
0.577258 0.461827 0.491916
0.591719 0.478587 0.509167
0.667630 0.573506 0.591816
0.681208 0.591797 0.606259
0.507280 0.283141 0.469896
0.512183 0.287477 0.477843
0.517426 0.291536 0.482923
0.528801 0.300892 0.495328
0.554253 0.322961 0.520505
0.429842 0.323040 0.289893
0.433593 0.327018 0.295305
0.436756 0.330301 0.299675
0.444948 0.338779 0.311094
0.460838 0.355169 0.333629
0.584455 0.588662 0.431364
0.586926 0.591320 0.434280
0.589466 0.594055 0.437290
0.593523 0.598533 0.442441
0.602307 0.608159 0.453511
0.468984 0.555326 0.210981
0.471886 0.559582 0.213927
0.475731 0.565084 0.217731
0.483244 0.575246 0.224719
0.497212 0.594832 0.239897
0.482348 0.452802 0.313065
0.485516 0.456662 0.317186
0.488636 0.460426 0.321187
0.495418 0.468606 0.330016
0.508588 0.484231 0.346968
0.596455 0.719058 0.345644
0.599843 0.722282 0.349777
0.603739 0.726188 0.355185
0.610533 0.732949 0.364874
0.625833 0.745765 0.382139
0.668177 0.783531 0.449548
0.678284 0.792488 0.469410
0.639243 0.588421 0.535265
0.644610 0.594949 0.541824
0.652077 0.603546 0.549451
0.660027 0.613415 0.559415
0.681197 0.639591 0.585089
0.716587 0.684294 0.629752
0.511612 0.526700 0.323875
0.514125 0.529701 0.326844
0.518344 0.534960 0.332395
0.521958 0.539483 0.337271
0.531291 0.550599 0.348924
0.550369 0.573192 0.373892
0.568687 0.593624 0.396423
0.587911 0.614321 0.419695
0.764279 0.530473 0.749651
0.778018 0.558760 0.759292
0.786445 0.581641 0.771141
0.799169 0.623862 0.797461
0.818321 0.690372 0.843067
0.444548 0.471491 0.221666
0.446654 0.474629 0.224009
0.449262 0.478419 0.226798
0.452794 0.483152 0.230000
0.461086 0.494991 0.239037
0.477631 0.517955 0.257405
0.405686 0.303100 0.253978
0.408136 0.305740 0.257004
0.411144 0.309189 0.261400
0.416771 0.315070 0.268070
0.427521 0.326612 0.282302
0.439092 0.339062 0.298493
0.258458 0.122606 0.091060
0.258458 0.122606 0.091060
0.258458 0.122606 0.091060
0.258458 0.122606 0.091060
0.258458 0.122606 0.091060
0.258458 0.122606 0.091060
0.258458 0.122606 0.091060
0.258458 0.122606 0.091060
0.373578 0.275611 0.207630
0.377600 0.280381 0.212107
0.382160 0.285796 0.217369
0.390639 0.296030 0.228022
0.411722 0.320584 0.254661
0.407373 0.332099 0.237532
0.411136 0.336741 0.242212
0.414579 0.340981 0.246576
0.427928 0.357044 0.263312
0.440649 0.372127 0.279689
0.483314 0.460001 0.310329
0.486603 0.464035 0.314545
0.490307 0.468521 0.319216
0.497361 0.477117 0.328381
0.514636 0.497699 0.350502
0.529879 0.515654 0.370306
0.537841 0.524845 0.380422
0.546051 0.534290 0.390927
0.500834 0.535368 0.294987
0.504023 0.539408 0.298794
0.507656 0.544049 0.303255
0.514700 0.552575 0.311228
0.528948 0.570384 0.329551
0.545230 0.589810 0.350194
0.560191 0.607124 0.369551
0.587528 0.671989 0.371240
0.591288 0.675903 0.376169
0.596582 0.681021 0.382270
0.605832 0.690210 0.394132
0.624198 0.709139 0.421937
0.641357 0.725537 0.447171
0.355151 0.340901 0.129946
0.357902 0.345209 0.131547
0.361339 0.351158 0.134255
0.367446 0.362192 0.139778
0.380921 0.384980 0.150848
0.395284 0.408830 0.163283
0.584861 0.784209 0.255221
0.590947 0.788562 0.259488
0.595527 0.794322 0.267492
0.606544 0.803356 0.278607
0.625908 0.819650 0.301725
0.645395 0.834736 0.326158
0.652832 0.841986 0.340601
0.433266 0.181004 0.402394
0.435983 0.182511 0.407220
0.439138 0.184344 0.413496
0.444969 0.187673 0.423805
0.457856 0.194855 0.441390
0.468410 0.201547 0.459481
0.485247 0.211733 0.479038
0.825881 0.632013 0.851487
0.827605 0.643829 0.859468
0.829474 0.649287 0.861699
0.832814 0.663842 0.870356
0.839081 0.692538 0.888644
0.842388 0.706242 0.897353
0.842388 0.706242 0.897353
0.631817 0.644857 0.485861
0.646324 0.660585 0.505484
0.664344 0.679768 0.529556
0.697494 0.714541 0.574276
0.749249 0.770359 0.656142
0.769839 0.794032 0.697416
0.785998 0.813708 0.736280
0.785998 0.813708 0.736280
0.457060 0.476210 0.243938
0.467972 0.491112 0.255944
0.477438 0.504056 0.267057
0.500841 0.535023 0.295258
0.548262 0.593171 0.354804
0.601443 0.650355 0.420008
0.630246 0.679235 0.456537
0.433667 0.309953 0.307431
0.436073 0.312340 0.311058
0.438472 0.314709 0.314656
0.443466 0.319451 0.321466
0.453011 0.328737 0.335478
0.465782 0.341048 0.353834
0.339136 0.302326 0.123829
0.342967 0.309408 0.127420
0.346742 0.315503 0.129969
0.354483 0.329084 0.136813
0.371297 0.356275 0.149886
0.389368 0.386064 0.166280
0.410084 0.419181 0.186160
0.549920 0.678432 0.285517
0.553005 0.681823 0.288912
0.556050 0.685354 0.292711
0.560364 0.690593 0.298754
0.573785 0.703569 0.311942
0.613249 0.735947 0.368233
0.619187 0.741562 0.376560
0.624646 0.746982 0.385327
0.637265 0.756985 0.399641
0.648973 0.767570 0.418183
0.367196 0.094435 0.338160
0.369677 0.095209 0.341481
0.372124 0.096090 0.348686
0.377365 0.097783 0.356843
0.388430 0.101412 0.375114
0.394612 0.103490 0.386543
0.400357 0.105524 0.399654
0.408328 0.108398 0.414674
0.414110 0.110448 0.422300
0.495914 0.624777 0.211425
0.499699 0.629985 0.215274
0.504611 0.636889 0.220717
0.513360 0.647603 0.228672
0.530515 0.670067 0.248344
0.548404 0.692251 0.270107
0.416301 0.481133 0.157669
0.419418 0.485752 0.159654
0.423512 0.493003 0.163694
0.430440 0.504452 0.169871
0.445471 0.528157 0.183146
0.460172 0.550030 0.196125
0.477432 0.575107 0.212632
0.588911 0.743940 0.305711
0.598547 0.752602 0.316215
0.607133 0.760466 0.326658
0.626456 0.777259 0.350836
0.658658 0.805310 0.401583
0.678235 0.820578 0.434359
0.700217 0.836718 0.474871
0.593191 0.507678 0.497214
0.601138 0.517040 0.506655
0.611071 0.528669 0.517712
0.631316 0.552525 0.538991
0.665232 0.595251 0.577597
0.654645 0.720034 0.476313
0.660160 0.726072 0.487441
0.668720 0.733180 0.497076
0.679147 0.743273 0.514751
0.704282 0.765744 0.553391
0.463355 0.500969 0.239047
0.467393 0.506718 0.243587
0.471136 0.512054 0.247911
0.517378 0.573062 0.301434
0.528087 0.586517 0.314865
0.464931 0.442860 0.283112
0.481531 0.463706 0.303855
0.498592 0.484827 0.325877
0.535067 0.528204 0.372720
0.723242 0.734817 0.617156
0.250787 0.040140 0.136481
0.250787 0.040140 0.136481
0.250787 0.040140 0.136481
0.250787 0.040140 0.136481
0.250787 0.040140 0.136481
0.582684 0.698001 0.338853
0.588455 0.703345 0.344895
0.592326 0.707309 0.349978
0.603563 0.717695 0.362870
0.624349 0.736219 0.387884
0.641304 0.752725 0.415593
0.648766 0.760599 0.431125
0.660816 0.769662 0.445351
0.508562 0.540676 0.307085
0.512516 0.545792 0.312281
0.516540 0.550664 0.316995
0.524745 0.560946 0.327623
0.546248 0.586508 0.354624
0.604329 0.459296 0.540939
0.612594 0.469154 0.549396
0.620315 0.478496 0.557062
0.634839 0.497686 0.573990
0.664834 0.536759 0.601980
0.772832 0.725949 0.732979
0.777429 0.733557 0.741089
0.781860 0.741533 0.750651
0.786765 0.749766 0.759932
0.796372 0.766171 0.779570
0.644477 0.695093 0.475419
0.650115 0.701512 0.486273
0.658830 0.708886 0.494770
0.673078 0.722448 0.514588
0.698735 0.747327 0.554907
0.476250 0.515621 0.256265
0.480074 0.520690 0.260371
0.484659 0.526605 0.265135
0.492598 0.537784 0.275351
0.510383 0.561008 0.296773
0.523674 0.577560 0.312778
0.542178 0.600084 0.336234
0.376203 0.315320 0.185913
0.378644 0.318775 0.188511
0.381384 0.322636 0.191451
0.385789 0.328753 0.196121
0.394446 0.340739 0.205610
0.548234 0.713775 0.243268
0.559130 0.727555 0.258044
0.572150 0.740889 0.271942
0.599103 0.767028 0.303147
0.648753 0.808745 0.366347
0.668124 0.826827 0.406051
0.394813 0.272931 0.252711
0.397757 0.275957 0.256646
0.400588 0.278715 0.259979
0.406621 0.284937 0.268508
0.437314 0.315315 0.311286
0.487865 0.514646 0.281701
0.493771 0.522515 0.289085
0.500641 0.531388 0.297432
0.513904 0.547923 0.313261
0.540826 0.581171 0.348369
0.583029 0.361201 0.548237
0.597970 0.377929 0.564617
0.615248 0.399143 0.584573
0.645839 0.437927 0.612994
0.705791 0.525461 0.664236
0.746085 0.598024 0.706999
0.764433 0.636044 0.732463
0.775550 0.662361 0.753163
0.551088 0.491541 0.427185
0.554696 0.495633 0.431867
0.558436 0.499766 0.436364
0.566105 0.508471 0.446124
0.581242 0.525659 0.464831
0.598616 0.545649 0.486081
0.606159 0.554387 0.495156
0.614167 0.563585 0.504372
0.480380 0.547762 0.240570
0.484305 0.553000 0.244518
0.492137 0.564123 0.253777
0.495921 0.569290 0.258107
0.510728 0.588856 0.275116
0.531475 0.615259 0.300298
0.399224 0.391853 0.181930
0.403462 0.398292 0.185915
0.407126 0.404061 0.189736
0.415320 0.416866 0.198504
0.432337 0.442272 0.216289
0.445767 0.461655 0.230610
0.465073 0.488530 0.251676
0.385664 0.304092 0.212271
0.387504 0.306434 0.214460
0.390136 0.309725 0.217481
0.392603 0.312830 0.220415
0.399416 0.321328 0.228581
0.426442 0.354059 0.261824
0.434217 0.363428 0.272172
0.442109 0.372679 0.282333
0.666793 0.683241 0.531902
0.676432 0.693229 0.544372
0.685779 0.703106 0.557350
0.703395 0.721729 0.582501
0.735058 0.755631 0.631732
0.762881 0.786633 0.682694
0.776341 0.802314 0.711581
0.784522 0.812237 0.731328
0.501995 0.568864 0.272406
0.504191 0.571436 0.274435
0.508497 0.577126 0.279592
0.513797 0.584001 0.285955
0.525538 0.598832 0.300118
0.505600 0.409881 0.388672
0.509448 0.414002 0.394035
0.514633 0.419475 0.400906
0.524422 0.429656 0.413049
0.543204 0.449675 0.436538
0.553193 0.460485 0.448715
0.450561 0.251150 0.385782
0.454572 0.254198 0.392901
0.461717 0.259177 0.402223
0.472282 0.267115 0.418301
0.500121 0.288237 0.454137
0.438948 0.408419 0.251991
0.443083 0.413876 0.257009
0.447290 0.419410 0.262187
0.456493 0.431261 0.273327
0.490296 0.473664 0.315667
0.508800 0.496130 0.339387
0.643785 0.608132 0.532699
0.652806 0.618674 0.543364
0.659379 0.626324 0.550975
0.672131 0.641691 0.567118
0.737968 0.722711 0.655817
0.497124 0.687686 0.151303
0.498072 0.689989 0.153213
0.502290 0.695528 0.156773
0.506543 0.701922 0.161433
0.516868 0.714445 0.169893
0.535696 0.738850 0.189518
0.437386 0.383982 0.264948
0.441111 0.388612 0.269668
0.445086 0.393496 0.274666
0.450931 0.400672 0.282152
0.473103 0.427380 0.310776
0.481776 0.437691 0.322170
0.498341 0.457066 0.343750
0.524203 0.310026 0.482613
0.529867 0.314957 0.489205
0.536107 0.320495 0.496272
0.548251 0.331680 0.510082
0.574888 0.357039 0.535629
0.593558 0.378215 0.558601
0.605663 0.392578 0.572381
0.776012 0.565569 0.754745
0.779814 0.574644 0.758994
0.784903 0.590461 0.768923
0.792392 0.612812 0.782185
0.803390 0.652413 0.810068
0.813476 0.682316 0.829425
0.819440 0.702709 0.845307
0.823185 0.712692 0.851851
0.554355 0.667244 0.305648
0.558563 0.672700 0.312272
0.565102 0.679250 0.318884
0.576421 0.691077 0.332256
0.621061 0.733005 0.385297
0.653737 0.770782 0.428052
0.658714 0.775879 0.439047
0.665172 0.781175 0.449164
0.678376 0.791353 0.468877
0.700883 0.808928 0.508341
0.712181 0.817427 0.529195
0.720870 0.823306 0.543067
0.658190 0.692454 0.507963
0.672263 0.706321 0.526546
0.683024 0.717122 0.541955
0.708509 0.742525 0.579717
0.748087 0.782571 0.645906
0.766644 0.802213 0.683142
0.558649 0.629270 0.348975
0.561205 0.631956 0.351770
0.569057 0.640200 0.360630
0.580510 0.652370 0.374684
0.599819 0.671781 0.397801
0.614800 0.686313 0.416141
0.376952 0.246581 0.234450
0.380235 0.250043 0.239106
0.383599 0.253438 0.243459
0.390476 0.260361 0.252717
0.404875 0.274665 0.273000
0.412830 0.282197 0.283499
0.393344 0.463575 0.123845
0.395043 0.466083 0.124558
0.396993 0.469621 0.126009
0.400407 0.476437 0.129186
0.407240 0.488759 0.134566
0.422250 0.513560 0.145256
0.506121 0.480026 0.344671
0.508045 0.482301 0.347175
0.510418 0.485112 0.350289
0.512772 0.487876 0.353329
0.521087 0.497607 0.364102
0.536653 0.515563 0.383992
0.452727 0.342870 0.324387
0.454680 0.344934 0.327492
0.457066 0.347396 0.330984
0.459401 0.349850 0.334597
0.467941 0.358369 0.346245
0.484001 0.374681 0.368982
0.426869 0.389402 0.239900
0.429672 0.393062 0.243085
0.431487 0.395498 0.245313
0.434040 0.398828 0.248282
0.441359 0.408365 0.256987
0.455450 0.426551 0.274272
0.469848 0.444788 0.292319
0.485237 0.463801 0.311678
0.391945 0.480523 0.110338
0.398261 0.491623 0.114222
0.404462 0.502085 0.117888
0.412908 0.517782 0.124628
0.436184 0.556066 0.141111
0.780233 0.697526 0.757738
0.785849 0.708533 0.767164
0.791156 0.719977 0.778310
0.803314 0.744199 0.801227
0.804722 0.747157 0.804220
0.804722 0.747157 0.804220
0.804722 0.747157 0.804220
0.599895 0.842873 0.222182
0.603797 0.845318 0.224789
0.607756 0.848552 0.228818
0.611952 0.852989 0.235029
0.623682 0.862220 0.247687
0.645480 0.880007 0.276204
0.511322 0.715304 0.158409
0.514430 0.718627 0.160487
0.546271 0.758651 0.192947
0.566302 0.781197 0.214616
0.576276 0.791843 0.226014
0.588123 0.802976 0.238281
0.315512 0.238152 0.119537
0.318331 0.242837 0.121941
0.321858 0.249106 0.125520
0.328445 0.259382 0.130633
0.342613 0.282011 0.143144
0.354337 0.300375 0.153920
0.359350 0.242487 0.201159
0.361003 0.244314 0.202855
0.365229 0.249505 0.208789
0.381552 0.267854 0.228876
0.392792 0.280192 0.243329
0.407344 0.295744 0.262439
0.417836 0.230455 0.332713
0.422472 0.233767 0.339967
0.427658 0.237348 0.347354
0.436486 0.243758 0.361669
0.472572 0.270324 0.416646
0.381628 0.333633 0.184734
0.386135 0.340163 0.189411
0.390437 0.346367 0.193948
0.398287 0.357562 0.202321
0.415250 0.381350 0.221072
0.309252 0.142249 0.174746
0.315773 0.149088 0.183018
0.323577 0.156016 0.190362
0.338113 0.169875 0.208806
0.369872 0.197972 0.254610
0.455479 0.262864 0.388349
0.456671 0.416369 0.283671
0.459281 0.419608 0.287002
0.462064 0.423027 0.290515
0.466664 0.428682 0.296405
0.476577 0.440741 0.309123
0.497225 0.465462 0.335871
0.517775 0.489550 0.362485
0.579244 0.611759 0.404190
0.582663 0.615342 0.408160
0.586907 0.619790 0.413169
0.595336 0.628736 0.423638
0.638048 0.673164 0.479122
0.530545 0.415301 0.433693
0.535076 0.419752 0.438484
0.539496 0.424539 0.444515
0.548463 0.433711 0.454450
0.566263 0.452963 0.475678
0.577120 0.465628 0.490175
0.590011 0.480585 0.505710
0.274245 0.157992 0.096330
0.277815 0.163942 0.099131
0.281719 0.170176 0.102005
0.289933 0.183469 0.108519
0.307370 0.210844 0.122787
0.316997 0.225587 0.131003
0.324650 0.237205 0.137825
0.334598 0.252010 0.146837
0.346416 0.269405 0.158108
0.351258 0.200916 0.212709
0.353616 0.203805 0.217369
0.356506 0.206721 0.221495
0.363395 0.213561 0.231393
0.376022 0.225345 0.248614
0.391011 0.238825 0.269814
0.491562 0.408940 0.361330
0.496370 0.414063 0.367626
0.500990 0.418996 0.373680
0.508914 0.427599 0.384399
0.527378 0.447458 0.408154
0.283302 0.210020 0.081576
0.286502 0.213888 0.081776
0.290013 0.222253 0.085525
0.295040 0.231575 0.088744
0.307021 0.251506 0.094686
0.523046 0.583544 0.306505
0.531868 0.594245 0.317091
0.541567 0.606146 0.329745
0.557798 0.624956 0.350215
0.604989 0.673831 0.406984
0.737064 0.796299 0.607760
0.342552 0.207140 0.191894
0.345578 0.210429 0.195346
0.349094 0.214560 0.200102
0.356651 0.223018 0.210123
0.371938 0.238821 0.228871
0.383728 0.251122 0.245680
0.401317 0.268283 0.269384
0.429750 0.178488 0.397932
0.433150 0.180275 0.402751
0.434903 0.181346 0.407122
0.439920 0.184206 0.416465
0.461767 0.196405 0.447427
0.474060 0.204120 0.466298
0.368276 0.299358 0.180825
0.371811 0.304300 0.184532
0.375814 0.309856 0.188766
0.383286 0.320148 0.196810
0.398888 0.341291 0.214190
0.414052 0.477030 0.156054
0.415839 0.480854 0.158458
0.417695 0.483411 0.159444
0.420992 0.488767 0.162091
0.429056 0.501600 0.168635
0.443337 0.524378 0.181382
0.459801 0.548784 0.195669
0.467562 0.560286 0.203055
0.394843 0.397397 0.169714
0.399034 0.404200 0.173725
0.403613 0.411600 0.178179
0.411076 0.423075 0.184920
0.418772 0.435883 0.193621
0.426914 0.447926 0.201115
0.444871 0.474914 0.219807
0.370713 0.323683 0.169659
0.372974 0.327146 0.171973
0.375141 0.330556 0.174370
0.380307 0.338103 0.179248
0.389949 0.352325 0.189032
0.447204 0.432901 0.253103
0.450988 0.437858 0.257353
0.455146 0.443413 0.262343
0.463556 0.454388 0.272229
0.473197 0.467099 0.284327
0.356559 0.484747 0.041046
0.358210 0.485948 0.040462
0.361031 0.492615 0.042125
0.364927 0.499894 0.043431
0.372674 0.513846 0.045978
0.391075 0.549267 0.054852
0.410982 0.587490 0.067008
0.420881 0.602401 0.071229
0.535548 0.506237 0.387880
0.541034 0.512498 0.394898
0.547049 0.519338 0.402552
0.558823 0.532672 0.417426
0.581360 0.558041 0.445513
0.429255 0.406375 0.233729
0.433056 0.411512 0.237955
0.438440 0.418832 0.244181
0.446680 0.429937 0.253876
0.464441 0.453274 0.274986
0.507671 0.522020 0.319142
0.511086 0.526126 0.323183
0.515691 0.531883 0.329211
0.521885 0.539473 0.337142
0.537346 0.557749 0.356362
0.551361 0.574375 0.375031
0.559417 0.583392 0.384867
0.567283 0.591992 0.394232
0.410403 0.465718 0.155234
0.414214 0.473053 0.159508
0.418799 0.480769 0.163545
0.426263 0.492539 0.169481
0.443372 0.519815 0.184918
0.455569 0.538413 0.196198
0.499226 0.385482 0.390987
0.502876 0.389199 0.396037
0.507234 0.393678 0.402084
0.514768 0.401403 0.412207
0.545648 0.433026 0.449479
0.454091 0.286146 0.367662
0.457672 0.289243 0.373834
0.462012 0.292661 0.379459
0.471499 0.300298 0.392232
0.479613 0.307229 0.404525
0.458791 0.415312 0.288838
0.460709 0.417658 0.291290
0.462806 0.420209 0.293961
0.466466 0.424672 0.298685
0.473963 0.433735 0.308364
0.476073 0.439979 0.308589
0.479367 0.443958 0.312835
0.483488 0.448921 0.318170
0.491822 0.458887 0.328977
0.509505 0.479751 0.351921
0.435046 0.505609 0.179018
0.438278 0.509975 0.181063
0.442990 0.517797 0.185930
0.450912 0.529656 0.192883
0.459562 0.541846 0.200012
0.409028 0.290440 0.269512
0.412063 0.293664 0.274114
0.415669 0.297080 0.278199
0.420325 0.301850 0.284887
0.431450 0.312958 0.300393
0.455910 0.337286 0.335856
0.383982 0.333594 0.189365
0.387220 0.338229 0.192797
0.390992 0.343589 0.196811
0.397286 0.352461 0.203593
0.411469 0.372213 0.219387
0.422431 0.387300 0.232177
0.438052 0.408159 0.250455
0.354786 0.295950 0.157256
0.358610 0.301540 0.160584
0.362897 0.308158 0.164956
0.371367 0.320701 0.173075
0.387005 0.343629 0.188890
0.401947 0.365117 0.204770
0.411434 0.378530 0.215201
0.421321 0.392197 0.226124
0.339273 0.295720 0.127812
0.342080 0.300778 0.130488
0.345114 0.306017 0.133151
0.352466 0.317890 0.138894
0.367643 0.342730 0.151804
0.375654 0.355822 0.159121
0.389671 0.378151 0.172007
0.493232 0.372599 0.387645
0.502990 0.382223 0.400669
0.514424 0.393698 0.415872
0.533733 0.413274 0.440113
0.576245 0.458847 0.490645
0.661474 0.563978 0.586182
0.716124 0.639802 0.646301
0.757532 0.704344 0.705892
0.767805 0.721227 0.723540
0.378651 0.239210 0.243117
0.380925 0.241516 0.246557
0.383551 0.244081 0.250242
0.387966 0.248259 0.256068
0.396342 0.256172 0.267706
0.415150 0.273447 0.294270
0.429542 0.286448 0.315275
0.440850 0.296475 0.331568
0.352814 0.267899 0.171074
0.355874 0.272135 0.174279
0.359284 0.276856 0.177928
0.366826 0.287122 0.186008
0.381830 0.307134 0.202564
0.390521 0.318474 0.212404
0.612139 0.255886 0.639426
0.642356 0.290446 0.667277
0.670134 0.325467 0.689285
0.731313 0.410428 0.721586
0.769234 0.487372 0.755276
0.797798 0.564044 0.790005
0.814045 0.625528 0.825349
0.579371 0.185406 0.630948
0.593080 0.197736 0.643925
0.607979 0.212354 0.658438
0.633463 0.237690 0.677463
0.686694 0.300796 0.715253
0.723915 0.355912 0.741641
0.506161 0.596831 0.258400
0.508334 0.599669 0.260824
0.510745 0.602528 0.263076
0.515135 0.608560 0.268688
0.522890 0.618598 0.277968
0.552006 0.653905 0.313533
0.560523 0.663258 0.323470
0.570259 0.673216 0.334002
0.380613 0.385431 0.150233
0.382891 0.389064 0.151921
0.385570 0.393431 0.154061
0.389824 0.400736 0.157992
0.398895 0.415951 0.166338
0.397779 0.418794 0.161705
0.413293 0.444830 0.176539
0.427146 0.467116 0.189937
0.459534 0.514858 0.220423
0.533023 0.613504 0.303676
0.581367 0.667663 0.362574
0.622777 0.707778 0.413391
0.296656 0.101204 0.176052
0.299376 0.102768 0.176759
0.302449 0.106653 0.184255
0.320181 0.122113 0.211010
0.337137 0.134965 0.235914
0.506453 0.547167 0.297909
0.509297 0.550791 0.301380
0.512780 0.555286 0.305830
0.519150 0.563130 0.313419
0.532329 0.579529 0.330409
0.543379 0.592131 0.343116
0.555759 0.606757 0.359460
0.465129 0.461434 0.270780
0.467744 0.464882 0.273939
0.471120 0.469399 0.278205
0.501096 0.507716 0.315411
0.511557 0.520458 0.328212
0.450007 0.533579 0.189216
0.453795 0.538342 0.191460
0.457929 0.545130 0.196039
0.465112 0.555202 0.202096
0.481489 0.578583 0.217873
0.494380 0.597176 0.232089
0.856759 0.699324 0.932719
0.856759 0.699324 0.932719
0.856759 0.699324 0.932719
0.856759 0.699324 0.932719
0.856759 0.699324 0.932719
0.856759 0.699324 0.932719
0.425508 0.295089 0.299645
0.428104 0.297644 0.303740
0.431520 0.301082 0.309502
0.437620 0.306796 0.318117
0.448815 0.317186 0.333767
0.290314 0.173002 0.115881
0.297383 0.183529 0.121795
0.301861 0.190232 0.125764
0.309618 0.201580 0.132635
0.369766 0.284601 0.193327
0.383468 0.381516 0.157827
0.386315 0.386113 0.160242
0.391558 0.394620 0.164878
0.396652 0.403063 0.169764
0.410489 0.425200 0.182825
0.525655 0.491630 0.377265
0.528774 0.495210 0.381305
0.532642 0.499612 0.386231
0.539757 0.507739 0.395391
0.552959 0.522701 0.412122
0.401648 0.263168 0.274188
0.404732 0.266021 0.278430
0.407448 0.268497 0.282084
0.413627 0.273986 0.289956
0.426530 0.285826 0.308947
0.435269 0.293920 0.322546
0.449636 0.306837 0.343598
0.399248 0.385243 0.186280
0.401580 0.388762 0.188559
0.404434 0.393197 0.191590
0.409084 0.400283 0.196426
0.418845 0.414763 0.206414
0.428320 0.429120 0.217226
0.366033 0.214368 0.234955
0.369124 0.217199 0.238915
0.372449 0.220454 0.244278
0.378557 0.225961 0.252596
0.393517 0.239409 0.274698
0.404611 0.249018 0.291136
0.419627 0.261584 0.312925
0.435839 0.488032 0.192796
0.438782 0.492231 0.195166
0.441779 0.496712 0.197871
0.448121 0.506930 0.204879
0.462426 0.526958 0.217555
0.474567 0.544992 0.230939
0.489059 0.564779 0.245818
0.452023 0.351476 0.317714
0.454038 0.353555 0.320424
0.456693 0.356383 0.324307
0.461230 0.361078 0.330544
0.466770 0.366863 0.338305
0.475706 0.376052 0.350448
0.793259 0.638219 0.789022
0.795736 0.646179 0.794795
0.799108 0.656610 0.801965
0.805694 0.673864 0.812640
0.816569 0.705835 0.836174
0.459359 0.437158 0.275452
0.461358 0.439663 0.277784
0.463893 0.442889 0.280876
0.467272 0.447221 0.285121
0.475100 0.457175 0.295012
0.324890 0.309247 0.091765
0.329212 0.318998 0.095652
0.335963 0.332996 0.101002
0.345782 0.351747 0.107672
0.376115 0.406820 0.128460
0.398008 0.445109 0.145005
0.475590 0.624475 0.167406
0.478570 0.628074 0.169232
0.481683 0.632261 0.171667
0.486099 0.638495 0.175563
0.495072 0.650949 0.183725
0.514702 0.677731 0.203390
0.531663 0.699283 0.221086
0.381185 0.321286 0.191956
0.385211 0.326863 0.196246
0.388673 0.331648 0.199998
0.396368 0.342209 0.208491
0.424966 0.380495 0.241656
0.442464 0.403120 0.262848
0.551699 0.715611 0.248727
0.555557 0.720628 0.254174
0.559215 0.725821 0.260289
0.569532 0.735919 0.270337
0.579092 0.745916 0.281718
0.589386 0.756355 0.294439
0.599072 0.765102 0.305163
0.335026 0.246822 0.150981
0.339448 0.253197 0.155251
0.344093 0.259844 0.159789
0.352186 0.271296 0.167862
0.369613 0.295463 0.185980
0.409531 0.348426 0.231098
0.445186 0.393239 0.275046
0.497236 0.455333 0.342580
0.384500 0.426926 0.130539
0.388851 0.434928 0.134071
0.394168 0.444285 0.138125
0.401470 0.456736 0.143569
0.420983 0.490570 0.160419
0.441444 0.523577 0.178225
0.468223 0.448053 0.286482
0.470049 0.450466 0.288973
0.472188 0.453115 0.291531
0.475731 0.457609 0.296035
0.483509 0.467276 0.305734
0.498215 0.485463 0.324637
0.526925 0.519750 0.361282
0.386612 0.302570 0.215188
0.389837 0.306604 0.219023
0.392953 0.310492 0.222786
0.413376 0.335309 0.247649
0.424456 0.348439 0.261484
0.431753 0.357154 0.271202
0.442590 0.400281 0.264999
0.445973 0.404559 0.269202
0.450087 0.409746 0.274366
0.457728 0.419269 0.283944
0.474326 0.439689 0.305123
0.485105 0.452718 0.318972
0.493556 0.462865 0.329968
0.502266 0.473199 0.341247
0.506680 0.548401 0.297629
0.509518 0.552020 0.301098
0.512710 0.556069 0.305025
0.519053 0.563878 0.312558
0.531478 0.579111 0.328003
0.544032 0.594258 0.344243
0.667433 0.487521 0.626176
0.675354 0.497843 0.630995
0.680034 0.504269 0.634286
0.693511 0.524571 0.646340
0.713225 0.557544 0.667604
0.557392 0.451466 0.461396
0.560424 0.454834 0.465211
0.563292 0.457909 0.468399
0.568463 0.463629 0.474558
0.578776 0.475346 0.487142
0.655061 0.293273 0.684737
0.668184 0.309207 0.693427
0.679942 0.326532 0.705025
0.701880 0.353258 0.712989
0.740659 0.412448 0.734466
0.783562 0.509027 0.777295
0.415214 0.514284 0.133700
0.418705 0.518990 0.135066
0.421360 0.523104 0.136707
0.428615 0.535641 0.142651
0.441652 0.557083 0.153219
0.464002 0.570456 0.187367
0.468010 0.576406 0.191047
0.471957 0.582749 0.195429
0.480892 0.595015 0.203180
0.498677 0.620151 0.221395
0.481432 0.618679 0.183569
0.484640 0.623530 0.186834
0.490679 0.631714 0.192161
0.494420 0.637083 0.195952
0.525253 0.677232 0.226491
0.788090 0.721395 0.771720
0.791788 0.728337 0.778148
0.796915 0.738297 0.787865
0.803125 0.750259 0.799773
0.803125 0.750259 0.799773
0.803125 0.750259 0.799773
0.513760 0.408550 0.405206
0.523431 0.418519 0.417484
0.532683 0.428163 0.429045
0.551166 0.447832 0.451735
0.589382 0.491136 0.498924
0.619172 0.526506 0.532840
0.362883 0.229182 0.217292
0.366023 0.232629 0.221812
0.369951 0.236580 0.226456
0.375600 0.242448 0.234088
0.395925 0.262886 0.262309
0.417445 0.533080 0.121595
0.420836 0.539736 0.124806
0.424732 0.546155 0.127453
0.432579 0.558917 0.132944
0.449261 0.585390 0.145450
0.464243 0.607296 0.156482
0.481842 0.632925 0.171413
0.543862 0.549379 0.376711
0.547990 0.554143 0.381994
0.552152 0.558804 0.387002
0.560825 0.568604 0.397874
0.578242 0.587956 0.419542
0.598669 0.610039 0.444409
0.607316 0.619239 0.454859
0.435152 0.451084 0.216379
0.438283 0.455323 0.219120
0.441563 0.460254 0.222848
0.448113 0.469709 0.229868
0.461882 0.489094 0.244810
0.299950 0.158756 0.144856
0.302275 0.161859 0.147519
0.305507 0.165037 0.149212
0.309944 0.171074 0.154789
0.319523 0.183007 0.165581
0.341423 0.208107 0.189487
0.360042 0.228829 0.212306
0.387937 0.258041 0.249451
0.591664 0.307904 0.587572
0.606640 0.324034 0.602160
0.621380 0.341931 0.618530
0.651210 0.379264 0.644558
0.703843 0.452660 0.680405
0.741242 0.520334 0.713998
0.772768 0.589490 0.749560
0.531926 0.636182 0.281858
0.538281 0.643722 0.289065
0.544688 0.651174 0.296396
0.555023 0.664555 0.311818
0.567966 0.678020 0.325935
0.795662 0.679319 0.792002
0.799255 0.688502 0.798996
0.803511 0.700331 0.808909
0.810954 0.718595 0.823329
0.815659 0.730171 0.832751
0.815659 0.730171 0.832751
0.625487 0.497685 0.559521
0.633338 0.507277 0.566827
0.643182 0.518380 0.573059
0.656075 0.535898 0.587503
0.683108 0.573477 0.616028
0.702146 0.601909 0.638183
0.715180 0.620733 0.651190
0.725885 0.637349 0.664087
0.676491 0.544507 0.614433
0.688151 0.562819 0.629159
0.701527 0.582189 0.641569
0.722146 0.614685 0.664668
0.754544 0.670320 0.708674
0.772648 0.703904 0.739361
0.784821 0.727251 0.763012
0.457307 0.603904 0.146236
0.461229 0.608723 0.148190
0.466507 0.617250 0.153126
0.474789 0.629732 0.160357
0.484717 0.642527 0.167352
0.819728 0.725245 0.842825
0.819728 0.725245 0.842825
0.819728 0.725245 0.842825
0.819728 0.725245 0.842825
0.819728 0.725245 0.842825
0.451021 0.289786 0.358397
0.453353 0.291825 0.362216
0.456378 0.294344 0.366595
0.461654 0.298775 0.374342
0.472681 0.308039 0.390057
0.379692 0.287968 0.211154
0.383319 0.292442 0.215468
0.387778 0.297864 0.220755
0.395836 0.307608 0.230570
0.412609 0.327498 0.251577
0.584776 0.607784 0.418332
0.590531 0.613892 0.425240
0.596509 0.620264 0.432608
0.608114 0.632362 0.446541
0.630795 0.656549 0.476744
0.646608 0.673320 0.498682
0.538529 0.585445 0.339056
0.543752 0.591098 0.344492
0.548287 0.597098 0.351874
0.557779 0.607919 0.363770
0.577831 0.629378 0.387377
0.450610 0.423168 0.266487
0.454419 0.428114 0.271221
0.458176 0.432846 0.275649
0.464823 0.441334 0.283929
0.485376 0.467035 0.309776
0.491303 0.474345 0.317372
0.507148 0.493629 0.337830
0.500722 0.694253 0.154801
0.503743 0.697987 0.157111
0.506091 0.701903 0.160153
0.511251 0.708323 0.164432
0.520382 0.719417 0.172227
0.541811 0.746167 0.194090
0.316691 0.221829 0.132845
0.319660 0.226280 0.135501
0.322876 0.231102 0.138431
0.329382 0.240682 0.144339
0.352362 0.273888 0.166509
0.361728 0.287082 0.176039
0.382082 0.497315 0.077753
0.385633 0.504091 0.079747
0.389484 0.512826 0.082952
0.396980 0.525160 0.086179
0.412729 0.552979 0.095444
0.369419 0.255816 0.212470
0.373225 0.260082 0.216887
0.377414 0.264779 0.221956
0.385610 0.274175 0.232941
0.419320 0.310534 0.277604
0.727113 0.547340 0.688564
0.741300 0.574426 0.704306
0.754418 0.601635 0.721111
0.774591 0.646392 0.751047
0.790244 0.684582 0.780703
0.806094 0.722437 0.812419
0.357991 0.233284 0.205489
0.359934 0.235267 0.207327
0.362755 0.238594 0.211348
0.366966 0.243131 0.216285
0.375563 0.252620 0.227645
0.393797 0.271780 0.251429
0.411103 0.289308 0.274565
0.431947 0.310097 0.304274
0.459414 0.577935 0.171327
0.464954 0.586383 0.176295
0.469133 0.593420 0.180965
0.480979 0.609609 0.190623
0.501209 0.638626 0.211369
0.417947 0.481028 0.161728
0.420767 0.486180 0.164692
0.424823 0.492366 0.167678
0.431457 0.502334 0.172577
0.445097 0.524468 0.185602
0.398496 0.267178 0.264730
0.404347 0.272849 0.272845
0.410343 0.278520 0.280806
0.416091 0.283942 0.288715
0.422130 0.289847 0.298029
0.369448 0.359172 0.145159
0.373132 0.365481 0.148440
0.376393 0.370539 0.150718
0.384398 0.384101 0.158036
0.399557 0.409102 0.172115
0.410712 0.426519 0.182086
0.428602 0.454560 0.199887
0.458173 0.588966 0.159031
0.461524 0.593727 0.161478
0.465778 0.601000 0.166036
0.472263 0.611017 0.172107
0.488531 0.633722 0.186097
0.498486 0.647759 0.195871
0.516028 0.671270 0.213657
0.326258 0.266139 0.121391
0.328535 0.270868 0.124265
0.330641 0.273666 0.125149
0.335284 0.281618 0.129221
0.345099 0.298108 0.137901
0.355946 0.315531 0.147128
0.363014 0.326557 0.153024
0.512241 0.523120 0.328057
0.518701 0.530952 0.336145
0.525092 0.538688 0.344328
0.540512 0.557189 0.364589
0.568505 0.588813 0.399366
0.335138 0.196720 0.185492
0.338255 0.200041 0.188693
0.342795 0.205020 0.194042
0.349812 0.212398 0.201699
0.393623 0.257617 0.261302
0.424223 0.289282 0.302605
0.426960 0.291641 0.305820
0.430010 0.294473 0.310179
0.437183 0.301221 0.321118
0.453516 0.316142 0.344511
0.483946 0.605527 0.200713
0.487410 0.610601 0.204338
0.492154 0.616887 0.208573
0.499899 0.628338 0.217486
0.517989 0.652135 0.236348
0.532862 0.670577 0.252364
0.542062 0.681846 0.263140
0.552038 0.692698 0.273329
0.446468 0.309236 0.334302
0.449705 0.312394 0.339854
0.452812 0.315207 0.344277
0.459007 0.320888 0.353253
0.471846 0.332658 0.371509
0.560299 0.467045 0.458450
0.570383 0.478226 0.470470
0.583421 0.493171 0.486478
0.606031 0.519593 0.512983
0.642291 0.563777 0.553990
0.604227 0.575421 0.478666
0.611544 0.583738 0.487647
0.619901 0.593141 0.497563
0.634952 0.610161 0.515483
0.648064 0.625113 0.531303
0.433571 0.419570 0.233900
0.435698 0.422532 0.236339
0.439044 0.426936 0.239752
0.444222 0.434143 0.245915
0.453966 0.447359 0.257322
0.474851 0.474949 0.282303
0.503193 0.510924 0.317312
0.515398 0.525959 0.332767
0.401402 0.498366 0.113735
0.403367 0.502566 0.115656
0.406064 0.507082 0.117261
0.410143 0.515664 0.121345
0.418777 0.530685 0.127597
0.436027 0.558154 0.139195
0.335455 0.177271 0.196912
0.338146 0.180525 0.201814
0.342736 0.184947 0.207378
0.350535 0.192317 0.217015
0.367057 0.208426 0.242537
0.487357 0.381088 0.370917
0.494316 0.388057 0.379969
0.500935 0.394817 0.388865
0.515147 0.409625 0.408263
0.545098 0.440472 0.444030
0.366035 0.407899 0.108954
0.372961 0.420085 0.112828
0.379602 0.432844 0.117781
0.394822 0.460839 0.129016
0.427405 0.516473 0.153962
0.454806 0.560581 0.177933
0.474974 0.590192 0.195869
0.496146 0.619827 0.216340
0.431088 0.475315 0.191867
0.433848 0.479723 0.194688
0.436929 0.483955 0.196959
0.442992 0.493473 0.203256
0.455739 0.512452 0.215909
0.464842 0.525154 0.224458
0.474832 0.539882 0.235669
0.331575 0.310952 0.105474
0.335365 0.319428 0.109445
0.338925 0.324467 0.110586
0.368798 0.377651 0.132076
0.384759 0.405611 0.144854
0.470168 0.533614 0.230560
0.474522 0.539605 0.234906
0.479268 0.545951 0.239509
0.488072 0.558252 0.249290
0.507082 0.583583 0.270559
0.528203 0.610598 0.295764
0.509159 0.277373 0.477869
0.512760 0.280256 0.482315
0.516605 0.283353 0.486888
0.524404 0.289542 0.495041
0.539767 0.302746 0.512564
0.323571 0.296136 0.101173
0.325758 0.299164 0.101684
0.327898 0.303952 0.103889
0.330835 0.310118 0.106551
0.338994 0.323841 0.111064
0.355218 0.352528 0.122186
0.368086 0.375968 0.132497
0.670363 0.524303 0.610428
0.675234 0.531797 0.616359
0.678015 0.537967 0.623687
0.690625 0.555107 0.633069
0.709679 0.585045 0.653810
0.717452 0.598297 0.663888
0.727249 0.613429 0.673120
0.736016 0.629044 0.685125
0.642719 0.577400 0.545228
0.652279 0.589880 0.558064
0.663564 0.604026 0.571175
0.683067 0.628660 0.593558
0.721394 0.678946 0.640972
0.738945 0.703347 0.666569
0.432837 0.250190 0.350158
0.434621 0.251354 0.351968
0.436588 0.252743 0.354337
0.439891 0.255325 0.360168
0.446919 0.260570 0.370735
0.461447 0.271713 0.393479
0.470417 0.278425 0.405508
0.478141 0.284581 0.417163
0.486585 0.291341 0.429046
0.404612 0.493454 0.124437
0.406612 0.497588 0.126427
0.408701 0.501934 0.128588
0.412369 0.507651 0.130625
0.420009 0.522162 0.137740
0.476217 0.250913 0.436607
0.480517 0.253919 0.442085
0.485255 0.257534 0.449560
0.496750 0.265649 0.462199
0.517346 0.281991 0.488687
0.534024 0.295976 0.508244
0.561835 0.320618 0.535968
0.358911 0.321142 0.149250
0.361481 0.325054 0.151222
0.364363 0.329822 0.154026
0.369692 0.338234 0.158749
0.381111 0.356081 0.169185
0.402028 0.388358 0.189739
0.487201 -0.117056 0.678626
0.500584 -0.111768 0.689947
0.519347 -0.105443 0.700401
0.551874 -0.089359 0.728301
0.634240 -0.045105 0.777246
0.603617 0.298724 0.608591
0.634707 0.335260 0.639160
0.664719 0.373667 0.663293
0.717654 0.452043 0.700177
0.782251 0.588402 0.764982
0.802879 0.656224 0.810369
0.369084 0.366142 0.140449
0.372588 0.372132 0.143325
0.376321 0.378562 0.146493
0.383819 0.391002 0.152541
0.398634 0.415789 0.165746
0.407739 0.430470 0.173841
0.416602 0.444844 0.182348
0.425124 0.458917 0.191395
0.337104 0.137441 0.231315
0.339802 0.139234 0.234086
0.342419 0.141284 0.238956
0.347020 0.145142 0.249308
0.358168 0.152893 0.269344
0.365193 0.157246 0.279959
0.372005 0.161439 0.291130
0.378332 0.165212 0.301418
0.795627 0.768298 0.777149
0.795627 0.768298 0.777149
0.795627 0.768298 0.777149
0.795627 0.768298 0.777149
0.795627 0.768298 0.777149
0.462973 0.576602 0.180267
0.466563 0.582033 0.183589
0.471328 0.589031 0.187901
0.478463 0.599367 0.194508
0.494485 0.622295 0.210537
0.513530 0.647421 0.229590
0.522690 0.658601 0.238559
0.404202 0.220877 0.312137
0.409611 0.224477 0.318477
0.415308 0.228907 0.329553
0.427832 0.237588 0.347318
0.454649 0.257290 0.390975
0.471090 0.269280 0.413957
0.488437 0.282498 0.437644
0.460231 0.371218 0.321709
0.462596 0.373783 0.325018
0.465737 0.377079 0.329074
0.470361 0.381942 0.335125
0.479686 0.392021 0.348194
0.613149 0.219213 0.662338
0.627117 0.232427 0.671193
0.642836 0.250334 0.685475
0.670185 0.283355 0.706780
0.726649 0.359319 0.738592
0.750428 0.396875 0.750701
0.527135 0.692938 0.215187
0.530235 0.698153 0.220390
0.535525 0.703859 0.224920
0.544928 0.715318 0.235542
0.563300 0.736505 0.256967
0.573050 0.746674 0.267907
0.583439 0.757411 0.280449
0.593128 0.766798 0.291907
0.676036 0.611064 0.587753
0.687103 0.626104 0.602145
0.704755 0.649301 0.622570
0.730779 0.685349 0.657128
0.776249 0.752584 0.732926
0.535038 0.553037 0.355742
0.543899 0.563447 0.367100
0.558694 0.580001 0.384858
0.580814 0.604541 0.412655
0.628341 0.654753 0.472144
0.652152 0.679370 0.503423
0.672256 0.700217 0.531711
0.695498 0.723641 0.563814
0.670865 0.510884 0.616459
0.674623 0.515248 0.617795
0.676771 0.519997 0.623311
0.682416 0.529056 0.630261
0.694941 0.547008 0.640429
0.474956 0.481446 0.278069
0.478631 0.486138 0.282271
0.482174 0.490581 0.286231
0.489415 0.500046 0.295320
0.504530 0.519357 0.314439
0.511089 0.527339 0.322319
0.519093 0.537252 0.332605
0.527138 0.546937 0.342701
0.595331 0.417671 0.544254
0.601919 0.425288 0.551024
0.609535 0.434968 0.560579
0.616820 0.444009 0.568399
0.637220 0.470000 0.588776
0.581627 0.372660 0.543405
0.588638 0.379333 0.547779
0.596054 0.388222 0.557333
0.607024 0.401521 0.570212
0.630845 0.431315 0.594755
0.655967 0.463785 0.615938
0.722621 0.661101 0.651121
0.727362 0.667958 0.657299
0.732516 0.675380 0.664059
0.742983 0.691245 0.679612
0.761864 0.720998 0.711329
0.324707 0.191063 0.167504
0.328135 0.196067 0.173203
0.332924 0.201277 0.177573
0.341490 0.211181 0.187220
0.359198 0.231402 0.209021
0.382243 0.256058 0.238627
0.393929 0.268089 0.254358
0.541377 0.374700 0.474429
0.549136 0.383075 0.485900
0.565915 0.399663 0.502516
0.584813 0.420502 0.524332
0.627178 0.472179 0.571677
0.703424 0.578231 0.645508
0.566925 0.396812 0.506940
0.572830 0.402429 0.511224
0.578681 0.409217 0.519140
0.589071 0.421042 0.531214
0.610394 0.446885 0.556145
0.617608 0.456106 0.564589
0.629126 0.470699 0.576491
0.641778 0.485805 0.585874
0.392258 0.505884 0.090940
0.395426 0.512754 0.093586
0.399420 0.519188 0.095396
0.407844 0.535531 0.101647
0.421780 0.559492 0.110576
0.420677 0.488040 0.163105
0.423287 0.491941 0.164911
0.426244 0.495970 0.166512
0.432316 0.506787 0.172990
0.443741 0.524199 0.182421
0.450345 0.534546 0.188658
0.456621 0.543177 0.193364
0.463547 0.553621 0.200044
0.376453 0.444597 0.103677
0.379396 0.450159 0.105567
0.383272 0.457906 0.108493
0.389856 0.469840 0.112641
0.402735 0.492518 0.120967
0.415589 0.516939 0.132037
0.503098 0.520374 0.310341
0.507004 0.525408 0.315502
0.511701 0.531046 0.320954
0.519990 0.541412 0.331789
0.540107 0.565189 0.356634
0.549828 0.576778 0.369689
0.558884 0.586796 0.380392
0.568262 0.597294 0.392206
0.440350 0.667440 0.050442
0.443694 0.672875 0.052610
0.447321 0.677784 0.054329
0.462175 0.697660 0.061905
0.480128 0.724743 0.075250
0.268986 0.053070 0.150725
0.268517 0.054549 0.154591
0.269530 0.055516 0.155535
0.271471 0.058093 0.160069
0.276691 0.062195 0.165159
0.286367 0.071437 0.181175
0.674309 0.408227 0.657020
0.678987 0.417415 0.665203
0.691986 0.433276 0.668938
0.706543 0.455211 0.678752
0.730873 0.499933 0.703034
0.741602 0.520651 0.713148
0.749914 0.539032 0.723554
0.521105 0.387126 0.432313
0.525762 0.391677 0.437866
0.533606 0.399339 0.446817
0.540514 0.406750 0.456600
0.560669 0.427577 0.479477
0.580125 0.449305 0.503021
0.603995 0.477546 0.531252
0.641251 0.524291 0.571953
0.660917 0.549538 0.590733
0.255491 0.162446 0.064670
0.259003 0.167000 0.065060
0.261116 0.171509 0.066499
0.267262 0.181145 0.068353
0.283886 0.212834 0.077868
0.290282 0.225889 0.082517
0.296268 0.237037 0.086143
0.557361 0.600831 0.368472
0.563256 0.607331 0.375601
0.569222 0.613738 0.382598
0.581742 0.627028 0.397543
0.617769 0.663903 0.441669
0.524752 0.573288 0.318450
0.527428 0.576427 0.321485
0.529764 0.579627 0.325154
0.534895 0.585330 0.330535
0.545233 0.597885 0.344209
0.367822 0.265053 0.203032
0.370413 0.268085 0.205802
0.372806 0.270978 0.208648
0.377325 0.276489 0.214300
0.385193 0.285754 0.223751
0.740828 0.488778 0.718222
0.746824 0.502438 0.725996
0.753637 0.516070 0.731746
0.763714 0.539781 0.744163
0.785724 0.593875 0.770794
0.790564 0.399907 0.799357
0.794159 0.412548 0.806982
0.809765 0.437989 0.807954
0.815800 0.462937 0.821782
0.837549 0.527927 0.842292
0.565999 0.627783 0.363571
0.569628 0.631706 0.367969
0.573343 0.636106 0.373517
0.579749 0.642752 0.380999
0.594431 0.657618 0.398224
0.454684 0.378731 0.304688
0.462230 0.387270 0.315017
0.472311 0.398427 0.328322
0.489198 0.417185 0.351211
0.527067 0.458725 0.400710
0.566908 0.503098 0.451069
0.588745 0.528029 0.477947
0.461718 0.227460 0.424909
0.470939 0.233746 0.439299
0.482770 0.241891 0.455741
0.503089 0.256276 0.480139
0.544333 0.289613 0.527259
0.643406 0.398900 0.629032
0.695461 0.468770 0.663246
0.531622 0.458852 0.409289
0.534885 0.462510 0.413689
0.538987 0.467030 0.418931
0.547335 0.476212 0.429354
0.563612 0.494276 0.449352
0.579173 0.511993 0.468752
0.587753 0.521819 0.479139
0.762065 0.479171 0.744728
0.769944 0.500658 0.756782
0.776325 0.519668 0.767614
0.796340 0.571549 0.789191
0.808322 0.614135 0.813315
0.825948 0.685819 0.860357
0.833916 0.711975 0.877026
0.514011 0.419424 0.399324
0.517569 0.423315 0.404397
0.521969 0.427713 0.409281
0.529277 0.435616 0.419093
0.538359 0.445268 0.430336
0.547174 0.454571 0.440587
0.555737 0.463837 0.450834
0.563970 0.473109 0.461388
0.572238 0.482685 0.472339
0.526807 0.548860 0.340728
0.532277 0.555607 0.348137
0.540474 0.565292 0.358578
0.554781 0.581712 0.376478
0.569056 0.597774 0.394581
0.713385 0.602362 0.655063
0.722423 0.616277 0.664479
0.736970 0.640960 0.683709
0.750307 0.663880 0.702123
0.778253 0.715337 0.749317
0.787892 0.733389 0.767752
0.427180 0.236043 0.347818
0.432350 0.239738 0.355892
0.438330 0.243989 0.365122
0.447614 0.250601 0.379237
0.458834 0.258915 0.397163
0.483936 0.277763 0.433159
0.501253 0.291038 0.454175
0.321304 0.332558 0.074407
0.324937 0.339659 0.076026
0.327668 0.348322 0.079595
0.344457 0.380386 0.087700
0.354632 0.398230 0.091799
0.374151 0.437259 0.104833
0.302833 0.193580 0.125716
0.306133 0.198293 0.128377
0.309288 0.203144 0.131468
0.323236 0.223218 0.144064
0.349416 0.259781 0.169747
0.390820 0.274701 0.243220
0.393634 0.277709 0.246917
0.396247 0.280455 0.250264
0.401503 0.285975 0.257156
0.407738 0.292557 0.265751
0.422474 0.307410 0.284841
0.540299 0.603207 0.328162
0.556669 0.622274 0.348833
0.576722 0.644163 0.373564
0.615105 0.683046 0.421449
0.708875 0.770626 0.560292
0.440563 0.384839 0.270994
0.443102 0.387940 0.274217
0.445365 0.390703 0.277102
0.450354 0.396768 0.283512
0.462105 0.410907 0.298731
0.467089 0.416859 0.305251
0.472620 0.423392 0.312425
0.477520 0.429187 0.318885
0.519704 0.545092 0.328453
0.521833 0.547701 0.331157
0.526847 0.553702 0.337308
0.530422 0.558036 0.341912
0.540345 0.569752 0.354368
0.355550 0.273034 0.173172
0.357774 0.276100 0.175468
0.364819 0.285745 0.182894
0.383265 0.310491 0.203116
0.403076 0.336272 0.225968
0.536555 0.392757 0.456230
0.540046 0.396264 0.460377
0.543840 0.400227 0.465349
0.551382 0.407877 0.473879
0.559860 0.416337 0.482273
0.578255 0.437025 0.505578
0.447096 0.586242 0.139920
0.450563 0.591969 0.142906
0.455088 0.598175 0.145669
0.462978 0.609936 0.151758
0.482099 0.637637 0.167577
0.498326 0.660908 0.183022
0.434787 0.392957 0.253584
0.438700 0.398016 0.258410
0.442982 0.403495 0.263669
0.450578 0.413143 0.273099
0.468708 0.435748 0.295896
0.368813 0.332279 0.160482
0.370641 0.335190 0.162253
0.372584 0.338253 0.164114
0.375748 0.343062 0.166929
0.382783 0.354135 0.173962
0.397718 0.376837 0.188706
0.410990 0.396690 0.202493
0.420566 0.410702 0.212646
0.571132 0.580649 0.410185
0.585827 0.596689 0.428105
0.601474 0.613575 0.447319
0.643447 0.658614 0.501301
0.661013 0.677089 0.524087
0.671502 0.687924 0.537398
0.503199 0.578810 0.266448
0.507700 0.584725 0.271647
0.513016 0.591257 0.277200
0.521940 0.603161 0.288723
0.545596 0.631089 0.315846
0.554531 0.642206 0.328532
0.565309 0.653442 0.340130
0.505496 0.650877 0.209768
0.509514 0.655775 0.213258
0.514842 0.662546 0.218463
0.524292 0.673746 0.227131
0.540534 0.694853 0.246625
0.467147 0.376039 0.332876
0.473839 0.383082 0.341802
0.481192 0.391040 0.352354
0.488555 0.398719 0.362005
0.498382 0.408962 0.374676
0.514011 0.425619 0.395558
0.331718 0.425345 0.039089
0.339760 0.438873 0.040034
0.347420 0.454542 0.042554
0.363607 0.487297 0.048858
0.378849 0.517727 0.056051
0.601313 0.508527 0.511609
0.613372 0.523264 0.526279
0.630436 0.543674 0.544310
0.658010 0.577145 0.571493
0.721341 0.663436 0.647576
0.395968 0.432968 0.148922
0.399936 0.439909 0.152397
0.405452 0.449298 0.157094
0.427800 0.486679 0.177473
0.465028 0.542748 0.211565
0.312048 0.208913 0.132668
0.317879 0.217284 0.137697
0.323985 0.226308 0.143608
0.337330 0.245300 0.156352
0.351129 0.264452 0.170053
0.427085 0.579512 0.106346
0.429350 0.582403 0.107092
0.446085 0.608599 0.117974
0.469660 0.643838 0.135027
0.489928 0.671680 0.150424
0.253748 0.187358 0.045360
0.256676 0.193122 0.046246
0.266778 0.214898 0.050449
0.280390 0.243626 0.056175
0.297062 0.277595 0.062927
0.427195 0.500331 0.167289
0.429979 0.504776 0.169645
0.443325 0.525301 0.180655
0.457326 0.546504 0.193189
0.474665 0.572064 0.209857
0.352138 0.352836 0.118129
0.355684 0.358808 0.120336
0.366998 0.378304 0.127778
0.382254 0.405738 0.140119
0.390728 0.420477 0.147026
0.398416 0.433533 0.153317
0.425547 0.329593 0.276138
0.428301 0.332697 0.280117
0.436851 0.342001 0.291706
0.447164 0.353209 0.306038
0.461475 0.368567 0.325971
0.372535 0.412402 0.118631
0.389303 0.441993 0.129854
0.410205 0.479497 0.146927
0.420629 0.496716 0.154974
0.431224 0.514465 0.164222
0.302020 0.228358 0.102115
0.304659 0.233793 0.104901
0.315223 0.252092 0.112924
0.330639 0.277179 0.123732
0.338412 0.291014 0.130970
0.346372 0.303577 0.136896
0.301971 0.247621 0.091605
0.304803 0.252171 0.092833
0.314760 0.270638 0.099573
0.331780 0.300810 0.110679
0.338938 0.314323 0.116598
0.346762 0.328723 0.122967
0.388443 0.503017 0.087235
0.391581 0.507278 0.087888
0.403349 0.529075 0.095172
0.428039 0.574079 0.113092
0.436865 0.587506 0.118253
0.405477 0.470440 0.142230
0.408465 0.476479 0.145506
0.419812 0.496853 0.155958
0.437881 0.524423 0.169103
0.447292 0.540263 0.178569
0.454194 0.550061 0.183750
0.529924 0.708697 0.207544
0.535873 0.716165 0.214052
0.555381 0.738209 0.234120
0.573207 0.757905 0.254909
0.584566 0.769643 0.268497
0.598570 0.782672 0.284340
0.375232 0.247501 0.230435
0.390753 0.263509 0.251019
0.408780 0.281472 0.275710
0.416596 0.288932 0.286060
0.425071 0.297199 0.298341
0.499371 0.616129 0.227165
0.544182 0.672606 0.276410
0.591236 0.722677 0.331925
0.614462 0.744386 0.360789
0.636458 0.763162 0.388539
0.369735 0.435714 0.096204
0.381084 0.457780 0.103593
0.393270 0.480290 0.111433
0.400417 0.493646 0.116649
0.405944 0.503672 0.120641
0.461713 0.486391 0.246513
0.465253 0.491120 0.250189
0.474027 0.503330 0.260483
0.482796 0.515025 0.270380
0.488913 0.523125 0.277503
0.494978 0.531341 0.285186
0.268261 0.135261 0.100096
0.279099 0.152083 0.108948
0.290309 0.169096 0.118610
0.297368 0.179336 0.124562
0.302813 0.187423 0.129660
