5.787997436523437500e+01
5.910665512084960938e+01
6.030408859252929688e+01
6.154538726806640625e+01
6.403649902343750000e+01
6.657755279541015625e+01
5.874848937988281250e+01
5.964820098876953125e+01
6.229272460937500000e+01
6.329270172119140625e+01
6.409483337402343750e+01
8.163964080810546875e+01
8.302434539794921875e+01
8.443570709228515625e+01
8.513717651367187500e+01
8.583794403076171875e+01
8.644494628906250000e+01
8.805945587158203125e+01
8.859040832519531250e+01
8.928952789306640625e+01
9.014492034912109375e+01
7.020005035400390625e+01
7.083935546875000000e+01
7.153524780273437500e+01
7.220878601074218750e+01
7.296826171875000000e+01
7.439150238037109375e+01
7.591813659667968750e+01
6.790516662597656250e+01
6.998834228515625000e+01
7.189414978027343750e+01
7.299555969238281250e+01
7.402890014648437500e+01
8.740788269042968750e+01
8.835353088378906250e+01
8.926382446289062500e+01
9.192114257812500000e+01
9.286122131347656250e+01
9.375567626953125000e+01
8.462270355224609375e+01
8.653379821777343750e+01
8.847188568115234375e+01
9.035213470458984375e+01
9.237892913818359375e+01
7.191613769531250000e+01
7.253233337402343750e+01
7.318572235107421875e+01
7.380377960205078125e+01
7.521779632568359375e+01
7.586746978759765625e+01
7.649543762207031250e+01
9.151640319824218750e+01
9.246171569824218750e+01
9.332772827148437500e+01
9.429126739501953125e+01
9.527212524414062500e+01
7.230189514160156250e+01
7.309661102294921875e+01
7.378028106689453125e+01
7.456120300292968750e+01
7.596047973632812500e+01
7.746063995361328125e+01
8.104768371582031250e+01
8.279574584960937500e+01
8.463024139404296875e+01
8.638890075683593750e+01
8.857618713378906250e+01
9.171953582763671875e+01
9.344467163085937500e+01
9.524565887451171875e+01
6.790985870361328125e+01
6.864947509765625000e+01
6.952537536621093750e+01
7.046580505371093750e+01
7.146721649169921875e+01
7.313381958007812500e+01
5.416163635253906250e+01
5.457965850830078125e+01
5.488025665283203125e+01
5.605541992187500000e+01
5.702485275268554688e+01
5.792571258544921875e+01
5.980258941650390625e+01
6.176025009155273438e+01
6.266298675537109375e+01
5.412895965576171875e+01
5.470954895019531250e+01
5.537101745605468750e+01
5.659617614746093750e+01
5.782254028320312500e+01
6.022215270996093750e+01
7.223312377929687500e+01
7.263607788085937500e+01
7.294287109375000000e+01
7.367856597900390625e+01
7.448293304443359375e+01
7.862005615234375000e+01
5.800640106201171875e+01
5.850094604492187500e+01
5.888455581665039062e+01
5.983979797363281250e+01
6.079504394531250000e+01
7.668515014648437500e+01
7.697698974609375000e+01
7.727284240722656250e+01
7.795245361328125000e+01
7.862065124511718750e+01
5.418193054199218750e+01
5.460256195068359375e+01
5.529437255859375000e+01
5.615481567382812500e+01
5.714365386962890625e+01
5.815933227539062500e+01
6.300962829589843750e+01
8.549820709228515625e+01
8.585401153564453125e+01
8.623818969726562500e+01
8.699963378906250000e+01
8.776414489746093750e+01
8.856853485107421875e+01
8.032125091552734375e+01
8.071830749511718750e+01
8.130963134765625000e+01
8.222788238525390625e+01
8.322668457031250000e+01
8.413451385498046875e+01
8.097709655761718750e+01
8.137064361572265625e+01
8.184877014160156250e+01
8.270922851562500000e+01
8.358608245849609375e+01
7.348974609375000000e+01
7.387539672851562500e+01
7.425770568847656250e+01
7.599189758300781250e+01
7.681172943115234375e+01
7.881582641601562500e+01
8.008583068847656250e+01
8.142465209960937500e+01
8.405462646484375000e+01
8.670578765869140625e+01
8.962683105468750000e+01
6.951317596435546875e+01
7.026267242431640625e+01
7.108482360839843750e+01
7.174016571044921875e+01
7.326435852050781250e+01
7.059893035888671875e+01
7.092078399658203125e+01
7.128713989257812500e+01
7.189305114746093750e+01
7.244715881347656250e+01
7.307623291015625000e+01
7.396072387695312500e+01
7.426795196533203125e+01
7.091854095458984375e+01
7.130695343017578125e+01
7.175263977050781250e+01
7.254772949218750000e+01
7.342747497558593750e+01
7.428813934326171875e+01
8.912339782714843750e+01
8.963918304443359375e+01
9.008930969238281250e+01
9.105904388427734375e+01
9.202781677246093750e+01
9.581441497802734375e+01
8.058626556396484375e+01
8.094895935058593750e+01
8.131537628173828125e+01
8.205567169189453125e+01
8.279818725585937500e+01
8.353997039794921875e+01
6.617092895507812500e+01
6.645973968505859375e+01
6.679193878173828125e+01
6.739435577392578125e+01
6.803581237792968750e+01
6.866550445556640625e+01
6.988892364501953125e+01
7.422509765625000000e+01
7.453437805175781250e+01
7.491276550292968750e+01
7.560795593261718750e+01
7.630315399169921875e+01
7.698260498046875000e+01
7.903353881835937500e+01
7.931256866455078125e+01
7.969732666015625000e+01
8.038787841796875000e+01
8.173284912109375000e+01
8.205532836914062500e+01
8.237369537353515625e+01
8.282939147949218750e+01
8.357890319824218750e+01
8.435603332519531250e+01
8.511244964599609375e+01
8.679635620117187500e+01
8.992068481445312500e+01
9.076539611816406250e+01
9.163996124267578125e+01
9.332409667968750000e+01
9.510307312011718750e+01
9.702603149414062500e+01
6.833943176269531250e+01
6.863753509521484375e+01
6.892009735107421875e+01
6.934074401855468750e+01
7.022228240966796875e+01
7.202008819580078125e+01
5.378401184082031250e+01
5.437500762939453125e+01
5.502775573730468750e+01
5.625511932373046875e+01
5.755304718017578125e+01
5.890138244628906250e+01
7.959729003906250000e+01
7.983563995361328125e+01
8.014469909667968750e+01
8.068888854980468750e+01
8.122397613525390625e+01
8.176656341552734375e+01
8.341293334960937500e+01
8.425190734863281250e+01
8.500986480712890625e+01
8.616249084472656250e+01
8.885192871093750000e+01
9.137147521972656250e+01
9.653080749511718750e+01
7.859590148925781250e+01
7.896266937255859375e+01
7.940883636474609375e+01
8.022573089599609375e+01
8.097594451904296875e+01
8.176427459716796875e+01
7.747888183593750000e+01
7.783017730712890625e+01
7.817037200927734375e+01
7.886186218261718750e+01
7.955960845947265625e+01
8.095509338378906250e+01
8.208397674560546875e+01
7.247420501708984375e+01
7.280693817138671875e+01
7.310540008544921875e+01
7.372786712646484375e+01
7.436093139648437500e+01
7.502950286865234375e+01
7.699848175048828125e+01
7.777610015869140625e+01
6.238610458374023438e+01
6.277561950683593750e+01
6.312065887451171875e+01
6.384947204589843750e+01
6.459407043457031250e+01
6.526765441894531250e+01
6.795839691162109375e+01
6.875751495361328125e+01
8.170490264892578125e+01
8.206933593750000000e+01
8.257106781005859375e+01
8.342028045654296875e+01
8.426695251464843750e+01
8.680527496337890625e+01
8.801197052001953125e+01
8.906552886962890625e+01
9.016114807128906250e+01
9.127941894531250000e+01
9.512379455566406250e+01
7.936419677734375000e+01
8.095959472656250000e+01
8.303121185302734375e+01
8.576100158691406250e+01
8.868490600585937500e+01
9.174833679199218750e+01
1.011084747314453125e+02
1.044145431518554688e+02
6.232189178466796875e+01
6.265008544921875000e+01
6.300015258789062500e+01
6.367982482910156250e+01
6.438912963867187500e+01
6.503280639648437500e+01
6.638508605957031250e+01
6.715650177001953125e+01
7.713935089111328125e+01
7.747747802734375000e+01
7.786793518066406250e+01
7.868467712402343750e+01
7.928999328613281250e+01
6.688818359375000000e+01
6.707036590576171875e+01
6.743646240234375000e+01
6.788497924804687500e+01
6.884445190429687500e+01
6.964257812500000000e+01
6.914040374755859375e+01
7.006463623046875000e+01
7.132058715820312500e+01
7.340479278564453125e+01
7.543267059326171875e+01
7.759197235107421875e+01
8.358380126953125000e+01
8.530915832519531250e+01
8.750185394287109375e+01
6.658311462402343750e+01
6.698207092285156250e+01
6.752576446533203125e+01
6.847492218017578125e+01
6.937490081787109375e+01
7.047991943359375000e+01
7.792903137207031250e+01
7.812129974365234375e+01
7.836415863037109375e+01
7.884915924072265625e+01
7.960305023193359375e+01
8.015744018554687500e+01
8.160594177246093750e+01
7.117228698730468750e+01
7.135282135009765625e+01
7.158642578125000000e+01
7.188796234130859375e+01
7.305013275146484375e+01
7.246491241455078125e+01
7.281719207763671875e+01
7.336861419677734375e+01
7.412711334228515625e+01
7.491339111328125000e+01
7.570442962646484375e+01
7.649703979492187500e+01
7.791091156005859375e+01
7.865196228027343750e+01
7.944934082031250000e+01
5.443303680419921875e+01
5.513025665283203125e+01
5.582247161865234375e+01
5.644207763671875000e+01
5.810439300537109375e+01
6.101468658447265625e+01
7.807264709472656250e+01
7.848099517822265625e+01
7.880200195312500000e+01
7.962406158447265625e+01
8.038405609130859375e+01
8.114329528808593750e+01
8.190635681152343750e+01
6.286446380615234375e+01
6.344821166992187500e+01
6.381874084472656250e+01
6.720469665527343750e+01
6.934069061279296875e+01
7.130137634277343750e+01
5.899500656127929688e+01
5.929727935791015625e+01
5.959777832031250000e+01
6.018640518188476562e+01
6.141905212402343750e+01
6.289799499511718750e+01
6.351902389526367188e+01
6.418367004394531250e+01
5.870577239990234375e+01
5.930908203125000000e+01
5.976771926879882812e+01
6.078537368774414062e+01
6.185027313232421875e+01
6.277935028076171875e+01
8.108483123779296875e+01
8.227506256103515625e+01
8.348707580566406250e+01
8.585788726806640625e+01
8.827707672119140625e+01
9.076641845703125000e+01
6.665455627441406250e+01
6.751367187500000000e+01
6.857801818847656250e+01
6.936005401611328125e+01
7.010050964355468750e+01
5.938452148437500000e+01
5.986528015136718750e+01
6.041621017456054688e+01
6.145418167114257812e+01
6.255500030517578125e+01
6.360135269165039062e+01
6.639476776123046875e+01
6.680144500732421875e+01
6.730037689208984375e+01
6.782975006103515625e+01
6.882760620117187500e+01
6.974982452392578125e+01
7.068580627441406250e+01
7.734571075439453125e+01
7.796580505371093750e+01
7.872022247314453125e+01
8.007574462890625000e+01
8.144347381591796875e+01
8.280983734130859375e+01
8.551137542724609375e+01
8.840632629394531250e+01
9.012685394287109375e+01
9.178106689453125000e+01
9.508284759521484375e+01
9.850399780273437500e+01
1.017361755371093750e+02
8.050050354003906250e+01
8.097074890136718750e+01
8.170552825927734375e+01
8.299362182617187500e+01
8.427788543701171875e+01
8.565541839599609375e+01
8.827249908447265625e+01
8.959509277343750000e+01
9.087552642822265625e+01
9.211376953125000000e+01
8.062975311279296875e+01
8.149790954589843750e+01
8.239943695068359375e+01
8.323338317871093750e+01
8.408358001708984375e+01
8.701565551757812500e+01
8.785388946533203125e+01
6.315179443359375000e+01
6.337051010131835938e+01
6.374490737915039062e+01
6.418424987792968750e+01
6.526351928710937500e+01
6.616895294189453125e+01
6.711736297607421875e+01
5.118050765991210938e+01
5.159840011596679688e+01
5.216045761108398438e+01
5.315014648437500000e+01
5.426744079589843750e+01
5.904444122314453125e+01
6.023456573486328125e+01
6.076881408691406250e+01
6.143458557128906250e+01
6.253100967407226562e+01
6.376128768920898438e+01
6.487982177734375000e+01
6.630680847167968750e+01
6.722515106201171875e+01
6.852759552001953125e+01
6.966941070556640625e+01
7.083217620849609375e+01
7.383969116210937500e+01
7.420675659179687500e+01
7.458035278320312500e+01
7.531882476806640625e+01
7.605367279052734375e+01
7.674717712402343750e+01
7.891980743408203125e+01
6.206605148315429688e+01
6.235498428344726562e+01
6.271932983398437500e+01
6.338529586791992188e+01
6.410834503173828125e+01
6.479968261718750000e+01
6.714924621582031250e+01
6.797730255126953125e+01
4.754549789428710938e+01
4.817814636230468750e+01
4.913267517089843750e+01
5.076108169555664062e+01
5.231020355224609375e+01
5.390372467041015625e+01
5.544967651367187500e+01
5.702893066406250000e+01
5.860977172851562500e+01
6.021121215820312500e+01
6.179998779296875000e+01
7.741342926025390625e+01
7.782148742675781250e+01
7.832594299316406250e+01
7.942111206054687500e+01
8.111569213867187500e+01
6.604742431640625000e+01
6.640287017822265625e+01
6.676750946044921875e+01
6.749111938476562500e+01
6.891291046142578125e+01
7.273162841796875000e+01
7.293889617919921875e+01
7.319599914550781250e+01
7.359708404541015625e+01
7.440084075927734375e+01
7.514367675781250000e+01
7.591658020019531250e+01
7.763879394531250000e+01
7.924550628662109375e+01
7.687084960937500000e+01
7.716278076171875000e+01
7.770400238037109375e+01
7.822326660156250000e+01
7.965963745117187500e+01
8.082991790771484375e+01
8.208931732177734375e+01
8.934463500976562500e+01
9.005526733398437500e+01
9.084576416015625000e+01
9.221192932128906250e+01
9.490294647216796875e+01
9.775372314453125000e+01
1.003869094848632812e+02
5.899863052368164062e+01
5.941028976440429688e+01
5.984606170654296875e+01
6.072106170654296875e+01
6.155816650390625000e+01
6.241593170166015625e+01
6.452677917480468750e+01
6.624059295654296875e+01
6.653275299072265625e+01
6.684680938720703125e+01
6.713690185546875000e+01
6.777889251708984375e+01
6.842971801757812500e+01
6.902566528320312500e+01
7.057955932617187500e+01
7.122533416748046875e+01
7.182949066162109375e+01
7.200252532958984375e+01
7.226318359375000000e+01
7.251916503906250000e+01
7.308460998535156250e+01
7.356645965576171875e+01
7.466152954101562500e+01
7.532666778564453125e+01
7.597467041015625000e+01
5.948346710205078125e+01
5.985786437988281250e+01
6.023060607910156250e+01
6.113199996948242188e+01
6.191749572753906250e+01
6.282640457153320312e+01
6.459085083007812500e+01
6.535132598876953125e+01
6.619769287109375000e+01
7.836081695556640625e+01
7.872213745117187500e+01
7.926909637451171875e+01
8.090083312988281250e+01
8.397782135009765625e+01
8.481200408935546875e+01
8.566450500488281250e+01
6.718008422851562500e+01
6.766793060302734375e+01
6.820676422119140625e+01
6.898403930664062500e+01
7.092816925048828125e+01
7.277218627929687500e+01
7.453064727783203125e+01
7.648932647705078125e+01
7.577120208740234375e+01
7.606595611572265625e+01
7.635877990722656250e+01
7.700181579589843750e+01
7.766548919677734375e+01
7.249335479736328125e+01
7.299298858642578125e+01
7.356232452392578125e+01
7.465348052978515625e+01
7.671534729003906250e+01
6.228609085083007812e+01
6.265423202514648438e+01
6.303183746337890625e+01
6.385010528564453125e+01
6.546379089355468750e+01
5.710813522338867188e+01
5.736914062500000000e+01
5.764453125000000000e+01
5.809456634521484375e+01
5.904741287231445312e+01
6.000409698486328125e+01
8.774510955810546875e+01
8.812177276611328125e+01
8.860559082031250000e+01
8.942239379882812500e+01
9.105598449707031250e+01
8.246459197998046875e+01
8.339096069335937500e+01
8.430024719238281250e+01
8.622891235351562500e+01
8.811390686035156250e+01
9.009572601318359375e+01
9.404987335205078125e+01
9.587983703613281250e+01
9.775534057617187500e+01
6.835811614990234375e+01
6.853855895996093750e+01
6.884936523437500000e+01
6.912776947021484375e+01
6.990551757812500000e+01
7.135937500000000000e+01
7.210398864746093750e+01
5.717473602294921875e+01
5.749955749511718750e+01
5.786370849609375000e+01
5.849685668945312500e+01
5.974665451049804688e+01
6.251524353027343750e+01
6.472428894042968750e+01
6.725686645507812500e+01
7.745744323730468750e+01
7.761093139648437500e+01
7.795708465576171875e+01
7.832641601562500000e+01
7.915382385253906250e+01
8.076307678222656250e+01
8.213328552246093750e+01
8.302784729003906250e+01
8.379849243164062500e+01
8.410189819335937500e+01
8.506114959716796875e+01
8.623969268798828125e+01
8.832625579833984375e+01
9.241736602783203125e+01
7.187767791748046875e+01
7.225261688232421875e+01
7.266242980957031250e+01
7.341810607910156250e+01
7.484227752685546875e+01
7.778652954101562500e+01
7.530371856689453125e+01
7.570106506347656250e+01
7.610211181640625000e+01
7.686936187744140625e+01
7.828006744384765625e+01
7.981012725830078125e+01
8.067449188232421875e+01
8.133203125000000000e+01
7.426625061035156250e+01
7.462073516845703125e+01
7.489674377441406250e+01
7.555536651611328125e+01
7.685952758789062500e+01
7.822582244873046875e+01
7.886678314208984375e+01
7.881366729736328125e+01
7.913117980957031250e+01
7.949697875976562500e+01
8.014524078369140625e+01
8.189089965820312500e+01
8.382177734375000000e+01
7.910969543457031250e+01
7.936873626708984375e+01
7.965206146240234375e+01
8.018956756591796875e+01
8.074380493164062500e+01
8.185335540771484375e+01
8.316258239746093750e+01
8.614788055419921875e+01
8.761610412597656250e+01
8.926438903808593750e+01
9.235913085937500000e+01
9.844313812255859375e+01
8.886125183105468750e+01
9.029470062255859375e+01
9.194757080078125000e+01
9.484956359863281250e+01
1.056121673583984375e+02
1.118432846069335938e+02
7.280041503906250000e+01
7.295845794677734375e+01
7.314736938476562500e+01
7.343011474609375000e+01
7.405673217773437500e+01
7.529947662353515625e+01
8.425410461425781250e+01
8.482025146484375000e+01
8.547975158691406250e+01
8.665995788574218750e+01
8.913091278076171875e+01
6.988459777832031250e+01
7.022866821289062500e+01
7.061370849609375000e+01
7.133188629150390625e+01
7.197087860107421875e+01
7.334444427490234375e+01
7.444561004638671875e+01
7.576523590087890625e+01
6.563985443115234375e+01
6.592649078369140625e+01
6.623175048828125000e+01
6.669947814941406250e+01
6.779014587402343750e+01
6.876180267333984375e+01
6.980176544189453125e+01
8.105954742431640625e+01
8.157387542724609375e+01
8.218182373046875000e+01
8.334571838378906250e+01
8.454196166992187500e+01
6.202182388305664062e+01
6.227542877197265625e+01
6.256790161132812500e+01
6.308967590332031250e+01
6.400206756591796875e+01
6.596579742431640625e+01
7.746636962890625000e+01
7.770508575439453125e+01
7.802466583251953125e+01
7.850115203857421875e+01
7.947914886474609375e+01
8.134465789794921875e+01
8.818826293945312500e+01
8.917156219482421875e+01
9.046284484863281250e+01
9.195820617675781250e+01
9.574671936035156250e+01
1.030491256713867188e+02
7.305187225341796875e+01
7.347338867187500000e+01
7.382823944091796875e+01
7.453793334960937500e+01
7.607586669921875000e+01
7.114009094238281250e+01
7.171983337402343750e+01
7.208414459228515625e+01
7.290735626220703125e+01
7.472191619873046875e+01
7.226284027099609375e+01
7.254056549072265625e+01
7.288571929931640625e+01
7.357135009765625000e+01
7.460748291015625000e+01
7.715974426269531250e+01
7.783736419677734375e+01
5.733483123779296875e+01
5.787834167480468750e+01
5.837736892700195312e+01
5.946221923828125000e+01
6.171328353881835938e+01
6.434512329101562500e+01
6.653326416015625000e+01
8.873067474365234375e+01
9.011170959472656250e+01
9.139407348632812500e+01
9.411776733398437500e+01
9.968294525146484375e+01
1.059496078491210938e+02
1.087006835937500000e+02
5.545915985107421875e+01
5.578591918945312500e+01
5.615970611572265625e+01
5.671543884277343750e+01
5.791478729248046875e+01
8.683234405517578125e+01
8.826454925537109375e+01
8.960694885253906250e+01
9.180867004394531250e+01
9.699863433837890625e+01
5.827416992187500000e+01
5.859227371215820312e+01
5.887753677368164062e+01
5.940395736694335938e+01
6.035170745849609375e+01
6.208392333984375000e+01
6.435758209228515625e+01
6.527717590332031250e+01
6.644825744628906250e+01
7.771866607666015625e+01
7.796923065185546875e+01
7.829010772705078125e+01
7.865334320068359375e+01
7.955106353759765625e+01
8.133838653564453125e+01
8.325009155273437500e+01
6.626845550537109375e+01
6.649343872070312500e+01
6.673560333251953125e+01
6.708985137939453125e+01
6.770753479003906250e+01
6.930999755859375000e+01
6.964567565917968750e+01
6.998062896728515625e+01
7.075906372070312500e+01
7.215964508056640625e+01
7.413970947265625000e+01
7.559600830078125000e+01
7.813311767578125000e+01
7.840849304199218750e+01
7.872037506103515625e+01
7.924504089355468750e+01
8.026726531982421875e+01
8.236385345458984375e+01
8.436344146728515625e+01
8.634217071533203125e+01
7.467420196533203125e+01
7.514667510986328125e+01
7.575384521484375000e+01
7.680344390869140625e+01
7.881455993652343750e+01
6.989044189453125000e+01
7.019242858886718750e+01
7.055546569824218750e+01
7.123492431640625000e+01
7.344924163818359375e+01
7.402826690673828125e+01
7.545020294189453125e+01
2.191183853149414062e+01
2.270124435424804688e+01
2.374609756469726562e+01
2.558035278320312500e+01
2.741638565063476562e+01
6.400743103027343750e+01
6.423652648925781250e+01
6.524470520019531250e+01
6.677927398681640625e+01
6.936661529541015625e+01
8.502433776855468750e+01
8.530895233154296875e+01
8.556217956542968750e+01
8.612753295898437500e+01
8.740137481689453125e+01
8.815775299072265625e+01
5.626155090332031250e+01
5.653455352783203125e+01
5.685880661010742188e+01
5.727669143676757812e+01
5.825340270996093750e+01
6.026100921630859375e+01
6.231988143920898438e+01
7.561384582519531250e+01
7.584071350097656250e+01
7.610034179687500000e+01
7.657442474365234375e+01
7.760749053955078125e+01
6.914801025390625000e+01
6.950211334228515625e+01
6.980300140380859375e+01
7.054121398925781250e+01
7.188188171386718750e+01
7.341563415527343750e+01
7.483748626708984375e+01
9.256028747558593750e+01
9.340495300292968750e+01
9.385700988769531250e+01
9.525421142578125000e+01
9.786352539062500000e+01
7.444636535644531250e+01
7.475514221191406250e+01
7.521647644042968750e+01
7.585591888427734375e+01
7.736695098876953125e+01
4.730292892456054688e+01
4.779457855224609375e+01
4.841162872314453125e+01
4.948952102661132812e+01
5.176410675048828125e+01
5.396829605102539062e+01
5.616039276123046875e+01
8.214739990234375000e+01
8.259374237060546875e+01
8.296028137207031250e+01
8.385461425781250000e+01
8.548120117187500000e+01
8.740451049804687500e+01
8.503808593750000000e+01
8.550194549560546875e+01
8.594789123535156250e+01
8.684337615966796875e+01
8.859135437011718750e+01
7.407460021972656250e+01
7.433806610107421875e+01
7.461267089843750000e+01
7.515686798095703125e+01
7.633548736572265625e+01
7.746733093261718750e+01
7.814575958251953125e+01
7.872393035888671875e+01
7.907771301269531250e+01
8.100771331787109375e+01
8.147110748291015625e+01
8.399587249755859375e+01
8.875637817382812500e+01
9.392295837402343750e+01
9.646684265136718750e+01
7.664050292968750000e+01
7.707228851318359375e+01
7.761056518554687500e+01
7.851250457763671875e+01
8.047948455810546875e+01
8.259710693359375000e+01
8.137261962890625000e+01
8.168971252441406250e+01
8.208114624023437500e+01
8.271398162841796875e+01
8.340137481689453125e+01
8.417195892333984375e+01
8.480548095703125000e+01
8.557470703125000000e+01
8.625186920166015625e+01
7.186182403564453125e+01
7.202006530761718750e+01
7.223889923095703125e+01
7.258768463134765625e+01
7.325699615478515625e+01
7.486426544189453125e+01
7.613822937011718750e+01
7.682032775878906250e+01
7.748963165283203125e+01
7.597067260742187500e+01
7.629526519775390625e+01
7.659524536132812500e+01
7.713602447509765625e+01
8.078382873535156250e+01
8.190734863281250000e+01
8.253324890136718750e+01
8.315783691406250000e+01
8.447657775878906250e+01
8.710615539550781250e+01
7.719712829589843750e+01
7.756021881103515625e+01
7.800196838378906250e+01
7.878455352783203125e+01
8.046810913085937500e+01
7.114364624023437500e+01
7.136708831787109375e+01
7.166442108154296875e+01
7.200000762939453125e+01
7.468557739257812500e+01
5.529398345947265625e+01
5.586246490478515625e+01
5.649768447875976562e+01
5.781578826904296875e+01
6.382951354980468750e+01
6.508563995361328125e+01
8.357365417480468750e+01
8.513011932373046875e+01
8.649880218505859375e+01
8.915647125244140625e+01
9.517749023437500000e+01
7.534976196289062500e+01
7.557532501220703125e+01
7.581332397460937500e+01
7.620805358886718750e+01
7.702321624755859375e+01
9.806486511230468750e+01
9.860520935058593750e+01
9.909617614746093750e+01
9.993732452392578125e+01
1.017092132568359375e+02
9.039281463623046875e+01
9.152262115478515625e+01
9.288172149658203125e+01
9.529658508300781250e+01
9.977517700195312500e+01
1.045093383789062500e+02
1.069289703369140625e+02
6.783596801757812500e+01
6.826227569580078125e+01
6.870088958740234375e+01
6.955525970458984375e+01
7.129476165771484375e+01
5.717316055297851562e+01
5.766166687011718750e+01
5.821291351318359375e+01
5.917346954345703125e+01
6.122314834594726562e+01
6.321934509277343750e+01
6.526387786865234375e+01
8.087554168701171875e+01
8.140515136718750000e+01
8.204874420166015625e+01
8.316092681884765625e+01
8.912480926513671875e+01
9.028880310058593750e+01
7.658284759521484375e+01
7.694805145263671875e+01
7.733693695068359375e+01
7.803649902343750000e+01
7.957624816894531250e+01
6.898842620849609375e+01
6.940096282958984375e+01
6.974433135986328125e+01
7.061739349365234375e+01
7.224391937255859375e+01
8.321566009521484375e+01
8.341568756103515625e+01
8.361154937744140625e+01
8.395812225341796875e+01
8.468043518066406250e+01
7.299088287353515625e+01
7.327082824707031250e+01
7.361404418945312500e+01
7.426853942871093750e+01
7.555450439453125000e+01
7.422966003417968750e+01
7.453963470458984375e+01
7.483549499511718750e+01
7.548246002197265625e+01
7.669535064697265625e+01
8.335762023925781250e+01
8.360174560546875000e+01
8.396167755126953125e+01
8.450104522705078125e+01
8.560900878906250000e+01
8.937940216064453125e+01
9.048213958740234375e+01
8.740824890136718750e+01
8.787353515625000000e+01
8.844727325439453125e+01
8.915571594238281250e+01
9.107109832763671875e+01
9.449082946777343750e+01
7.696856689453125000e+01
7.719117736816406250e+01
7.756218719482421875e+01
7.791165161132812500e+01
7.872229766845703125e+01
8.040899658203125000e+01
8.191378784179687500e+01
8.347762298583984375e+01
9.261708068847656250e+01
9.376303100585937500e+01
9.505442047119140625e+01
9.756698608398437500e+01
1.026623458862304688e+02
7.049351501464843750e+01
7.071165466308593750e+01
7.098045349121093750e+01
7.134075164794921875e+01
7.217001342773437500e+01
7.380731201171875000e+01
6.615801239013671875e+01
6.645231628417968750e+01
6.681054687500000000e+01
6.746878051757812500e+01
6.869220733642578125e+01
6.996056365966796875e+01
2.011004257202148438e+01
2.098349380493164062e+01
2.207157135009765625e+01
2.400323104858398438e+01
2.772472000122070312e+01
3.153019714355468750e+01
3.415240478515625000e+01
3.530765914916992188e+01
6.195718002319335938e+01
6.250337982177734375e+01
6.311100006103515625e+01
6.421326446533203125e+01
6.681044769287109375e+01
6.621153259277343750e+01
6.666513824462890625e+01
6.707233428955078125e+01
6.860738372802734375e+01
7.000986480712890625e+01
7.432987976074218750e+01
7.464547729492187500e+01
7.499688720703125000e+01
7.566660308837890625e+01
7.724322509765625000e+01
7.860697937011718750e+01
7.929493713378906250e+01
8.000181579589843750e+01
7.599317932128906250e+01
7.628000640869140625e+01
7.659822845458984375e+01
7.721375274658203125e+01
7.850450134277343750e+01
7.989989471435546875e+01
8.118571472167968750e+01
8.309394073486328125e+01
8.343336486816406250e+01
8.380233764648437500e+01
8.454749298095703125e+01
8.620138549804687500e+01
8.768303680419921875e+01
5.953665161132812500e+01
5.994387817382812500e+01
6.044357299804687500e+01
6.131493377685546875e+01
6.314834213256835938e+01
6.498797607421875000e+01
8.147721862792968750e+01
8.181304931640625000e+01
8.219137573242187500e+01
8.287400817871093750e+01
8.423995208740234375e+01
8.560590362548828125e+01
8.630224609375000000e+01
7.120540618896484375e+01
7.146010589599609375e+01
7.175288391113281250e+01
7.227412414550781250e+01
7.328263092041015625e+01
7.420418548583984375e+01
7.525077056884765625e+01
9.904769134521484375e+01
9.975829315185546875e+01
1.002206802368164062e+02
1.014532852172851562e+02
1.039355316162109375e+02
1.062802658081054688e+02
1.086858520507812500e+02
8.708956146240234375e+01
8.836679840087890625e+01
8.998404693603515625e+01
9.306183624267578125e+01
9.899269104003906250e+01
1.020527496337890625e+02
1.050240936279296875e+02
1.084152832031250000e+02
7.174855041503906250e+01
7.283004760742187500e+01
7.377159881591796875e+01
7.599401092529296875e+01
8.018009948730468750e+01
8.450614929199218750e+01
8.685791015625000000e+01
6.953063964843750000e+01
6.979013061523437500e+01
7.004660034179687500e+01
7.057264709472656250e+01
7.155469512939453125e+01
7.282092285156250000e+01
5.701638031005859375e+01
5.762741851806640625e+01
5.821712493896484375e+01
5.937405776977539062e+01
6.173172760009765625e+01
6.413676452636718750e+01
6.667916870117187500e+01
7.979556274414062500e+01
8.003290557861328125e+01
8.028607940673828125e+01
8.066666412353515625e+01
8.159273529052734375e+01
8.473042297363281250e+01
8.521001434326171875e+01
8.570786285400390625e+01
8.661803436279296875e+01
8.760509490966796875e+01
6.539437866210937500e+01
6.570540618896484375e+01
6.605040740966796875e+01
6.669271850585937500e+01
6.798061370849609375e+01
6.866735839843750000e+01
6.929399108886718750e+01
7.009899902343750000e+01
7.063938140869140625e+01
7.534548187255859375e+01
7.566343688964843750e+01
7.604856109619140625e+01
7.672010803222656250e+01
7.809885406494140625e+01
7.955092620849609375e+01
6.776091766357421875e+01
6.810060882568359375e+01
6.853894042968750000e+01
6.926431274414062500e+01
7.077066802978515625e+01
7.216354370117187500e+01
7.373739624023437500e+01
8.238367462158203125e+01
8.305258941650390625e+01
8.372555541992187500e+01
8.512814331054687500e+01
8.782406616210937500e+01
8.961775207519531250e+01
9.179714965820312500e+01
8.352130889892578125e+01
8.415458679199218750e+01
8.491967010498046875e+01
8.645700836181640625e+01
8.929671478271484375e+01
8.884213256835937500e+01
8.948368835449218750e+01
9.013381958007812500e+01
9.121736145019531250e+01
9.372727966308593750e+01
7.239675140380859375e+01
7.278890991210937500e+01
7.316235351562500000e+01
7.740745544433593750e+01
7.836172485351562500e+01
7.251026916503906250e+01
7.415153503417968750e+01
7.578951263427734375e+01
7.906875610351562500e+01
9.577412414550781250e+01
2.002992630004882812e+01
2.106690597534179688e+01
2.212861633300781250e+01
2.419431686401367188e+01
2.624971389770507812e+01
8.247724151611328125e+01
8.287532043457031250e+01
8.320992279052734375e+01
8.402096557617187500e+01
8.559760284423828125e+01
8.712957763671875000e+01
8.792572784423828125e+01
8.882611083984375000e+01
7.668304443359375000e+01
7.703025054931640625e+01
7.738334655761718750e+01
7.813219451904296875e+01
7.999107360839843750e+01
8.381076049804687500e+01
8.438667297363281250e+01
8.492716217041015625e+01
8.607214355468750000e+01
8.832781219482421875e+01
1.007473602294921875e+02
1.014987945556640625e+02
1.023516235351562500e+02
1.031881713867187500e+02
1.050187759399414062e+02
8.809813690185546875e+01
8.871382904052734375e+01
8.933454895019531250e+01
9.059616088867187500e+01
9.323016357421875000e+01
7.364852142333984375e+01
7.402234649658203125e+01
7.442494201660156250e+01
7.523411560058593750e+01
7.681490325927734375e+01
7.800669860839843750e+01
7.961225128173828125e+01
6.218102645874023438e+01
6.251268005371093750e+01
6.287924194335937500e+01
6.345876693725585938e+01
6.457359313964843750e+01
7.916518402099609375e+01
8.009242248535156250e+01
8.102528381347656250e+01
8.292845153808593750e+01
8.659053802490234375e+01
8.852931213378906250e+01
6.499359893798828125e+01
6.536020660400390625e+01
6.570805358886718750e+01
6.643910217285156250e+01
6.990889739990234375e+01
7.476551818847656250e+01
7.534590911865234375e+01
7.597808837890625000e+01
7.715063476562500000e+01
7.956518554687500000e+01
8.148412322998046875e+01
8.247940063476562500e+01
8.366235351562500000e+01
8.566133117675781250e+01
9.001356506347656250e+01
9.403051757812500000e+01
9.641539764404296875e+01
9.821616363525390625e+01
8.028740692138671875e+01
8.058998107910156250e+01
8.089067077636718750e+01
8.152845001220703125e+01
8.276761627197265625e+01
8.417689514160156250e+01
8.479083251953125000e+01
8.542798614501953125e+01
7.406439208984375000e+01
7.438613128662109375e+01
7.514937591552734375e+01
7.549830627441406250e+01
7.677232360839843750e+01
7.859660339355468750e+01
6.530923461914062500e+01
6.582821655273437500e+01
6.626667785644531250e+01
6.723577117919921875e+01
6.915357971191406250e+01
7.059023284912109375e+01
7.254975891113281250e+01
6.349477767944335938e+01
6.373281478881835938e+01
6.407396697998046875e+01
6.438934326171875000e+01
6.524523925781250000e+01
6.844282531738281250e+01
6.931075286865234375e+01
7.017008972167968750e+01
9.018968200683593750e+01
9.104424285888671875e+01
9.193247985839843750e+01
9.368945312500000000e+01
9.723709106445312500e+01
1.009744338989257812e+02
1.031445007324218750e+02
1.046160430908203125e+02
7.605487060546875000e+01
7.624664306640625000e+01
7.661057281494140625e+01
7.705746459960937500e+01
7.809841156005859375e+01
7.636367034912109375e+01
7.670626068115234375e+01
7.716304016113281250e+01
7.797107696533203125e+01
7.951311492919921875e+01
8.029752349853515625e+01
7.198544311523437500e+01
7.236212158203125000e+01
7.298280334472656250e+01
7.392884826660156250e+01
7.600491333007812500e+01
6.978990936279296875e+01
7.023402404785156250e+01
7.068604278564453125e+01
7.164636993408203125e+01
7.499608612060546875e+01
7.671976470947265625e+01
8.791236114501953125e+01
8.867170715332031250e+01
8.922611999511718750e+01
9.038146972656250000e+01
9.712500000000000000e+01
7.502895355224609375e+01
7.518613433837890625e+01
7.548234558105468750e+01
7.580407714843750000e+01
7.649927520751953125e+01
7.785472869873046875e+01
6.962348937988281250e+01
7.003168487548828125e+01
7.045909881591796875e+01
7.107859039306640625e+01
7.333408355712890625e+01
7.418409729003906250e+01
7.574645233154296875e+01
7.771313476562500000e+01
7.812638092041015625e+01
7.851748657226562500e+01
7.935216522216796875e+01
8.095021057128906250e+01
8.228833007812500000e+01
8.311235046386718750e+01
9.406597900390625000e+01
9.462205505371093750e+01
9.539482116699218750e+01
9.665576934814453125e+01
9.937609100341796875e+01
1.017779083251953125e+02
1.036497650146484375e+02
1.045256347656250000e+02
8.030247497558593750e+01
8.069715118408203125e+01
8.115872955322265625e+01
8.200059509277343750e+01
8.536971282958984375e+01
8.811111450195312500e+01
8.867569732666015625e+01
8.925303649902343750e+01
9.043089294433593750e+01
9.273445129394531250e+01
9.391926574707031250e+01
9.497539520263671875e+01
8.942434692382812500e+01
9.066124725341796875e+01
9.169630432128906250e+01
9.425928497314453125e+01
9.889237976074218750e+01
1.015915069580078125e+02
8.097199249267578125e+01
8.116614532470703125e+01
8.177175140380859375e+01
8.269534301757812500e+01
8.421096801757812500e+01
8.537025451660156250e+01
6.276950836181640625e+01
6.321025085449218750e+01
6.365545654296875000e+01
6.454409027099609375e+01
6.632314300537109375e+01
6.726541137695312500e+01
6.538165283203125000e+01
6.558203125000000000e+01
6.580990600585937500e+01
6.620358276367187500e+01
6.697129058837890625e+01
6.857428741455078125e+01
7.647012329101562500e+01
7.664524841308593750e+01
7.686317443847656250e+01
7.707266998291015625e+01
7.782049560546875000e+01
7.917930603027343750e+01
7.144394683837890625e+01
7.164050292968750000e+01
7.188510894775390625e+01
7.212023925781250000e+01
7.295960235595703125e+01
7.448254394531250000e+01
6.844902801513671875e+01
6.876447296142578125e+01
6.896731567382812500e+01
6.925038146972656250e+01
7.005017852783203125e+01
7.154105377197265625e+01
7.300878143310546875e+01
7.451044464111328125e+01
6.546862792968750000e+01
6.618814086914062500e+01
6.686869049072265625e+01
6.776921844482421875e+01
7.006522369384765625e+01
1.002528839111328125e+02
1.012928161621093750e+02
1.023848571777343750e+02
1.047447814941406250e+02
1.094168853759765625e+02
1.146599731445312500e+02
1.168245086669921875e+02
8.169841766357421875e+01
8.189675140380859375e+01
8.212425231933593750e+01
8.245602416992187500e+01
8.318665313720703125e+01
8.465374755859375000e+01
7.606620788574218750e+01
7.627788543701171875e+01
7.854792022705078125e+01
7.988918304443359375e+01
8.062663269042968750e+01
8.138037109375000000e+01
5.272430419921875000e+01
5.323830413818359375e+01
5.389291000366210938e+01
5.502233123779296875e+01
5.733189392089843750e+01
5.912398910522460938e+01
6.009622573852539062e+01
6.033702850341796875e+01
6.094545364379882812e+01
6.318328094482421875e+01
6.464012145996093750e+01
6.643087005615234375e+01
6.861386871337890625e+01
6.911792755126953125e+01
6.966489410400390625e+01
7.057746124267578125e+01
7.393526458740234375e+01
6.292273330688476562e+01
6.351639556884765625e+01
6.407345581054687500e+01
6.506661987304687500e+01
6.711801147460937500e+01
5.245937347412109375e+01
5.370970153808593750e+01
5.504521179199218750e+01
5.762604522705078125e+01
6.257975387573242188e+01
7.236186218261718750e+01
7.166733551025390625e+01
7.193907928466796875e+01
7.222069549560546875e+01
7.268907928466796875e+01
7.367031097412109375e+01
7.564561462402343750e+01
7.751815032958984375e+01
8.275512695312500000e+01
8.302518463134765625e+01
8.336259460449218750e+01
8.404324340820312500e+01
8.761616516113281250e+01
7.842810821533203125e+01
7.877142333984375000e+01
7.914540863037109375e+01
7.980605316162109375e+01
8.117666625976562500e+01
8.208062744140625000e+01
8.309126281738281250e+01
4.402986907958984375e+01
4.488665771484375000e+01
4.577537155151367188e+01
4.760069274902343750e+01
5.114136123657226562e+01
5.293828964233398438e+01
5.429886627197265625e+01
5.597872924804687500e+01
5.786791992187500000e+01
5.932054901123046875e+01
5.977788543701171875e+01
6.021129989624023438e+01
6.122167587280273438e+01
6.298017501831054688e+01
6.493743133544921875e+01
7.511536407470703125e+01
7.554384613037109375e+01
7.595707702636718750e+01
7.667298126220703125e+01
7.826110076904296875e+01
4.662339019775390625e+01
4.722354888916015625e+01
4.808538055419921875e+01
4.914286041259765625e+01
5.147027587890625000e+01
7.793283843994140625e+01
7.867395019531250000e+01
7.952215576171875000e+01
8.090879821777343750e+01
8.462586212158203125e+01
9.737210845947265625e+01
5.767774963378906250e+01
5.815334320068359375e+01
5.876277160644531250e+01
5.993848037719726562e+01
6.211847305297851562e+01
6.370784759521484375e+01
6.592765045166015625e+01
7.088348388671875000e+01
7.120606994628906250e+01
7.137471771240234375e+01
7.183800506591796875e+01
7.358279418945312500e+01
7.455348205566406250e+01
6.108967971801757812e+01
6.158240509033203125e+01
6.213020324707031250e+01
6.313166809082031250e+01
6.513259887695312500e+01
6.751031494140625000e+01
6.770422363281250000e+01
6.791068267822265625e+01
6.826431274414062500e+01
6.911944580078125000e+01
7.056118011474609375e+01
7.212915802001953125e+01
7.283363342285156250e+01
6.484494781494140625e+01
6.536712646484375000e+01
6.592461395263671875e+01
6.681194305419921875e+01
6.769741821289062500e+01
6.861354827880859375e+01
7.053594207763671875e+01
6.145374679565429688e+01
6.176652908325195312e+01
6.206503677368164062e+01
6.276132965087890625e+01
6.402673339843750000e+01
7.068651580810546875e+01
7.108467102050781250e+01
7.151670837402343750e+01
7.237484741210937500e+01
7.335073852539062500e+01
6.257297134399414062e+01
6.276995468139648438e+01
6.311445617675781250e+01
6.357768630981445312e+01
6.445917510986328125e+01
6.638765716552734375e+01
6.824687194824218750e+01
6.911128234863281250e+01
7.907447814941406250e+01
7.954598999023437500e+01
8.005829620361328125e+01
8.104908752441406250e+01
8.291526031494140625e+01
6.873131561279296875e+01
6.915409851074218750e+01
6.974436950683593750e+01
7.062886810302734375e+01
7.246304321289062500e+01
7.661704254150390625e+01
7.692463684082031250e+01
7.733187866210937500e+01
7.790522003173828125e+01
7.924188995361328125e+01
8.049153900146484375e+01
8.115389251708984375e+01
8.179034423828125000e+01
6.706443786621093750e+01
6.749141693115234375e+01
6.799671936035156250e+01
6.879845428466796875e+01
7.054679870605468750e+01
7.172499847412109375e+01
7.578910064697265625e+01
7.611199951171875000e+01
7.649636840820312500e+01
7.715186309814453125e+01
7.959848785400390625e+01
7.199206542968750000e+01
7.233713531494140625e+01
7.274710845947265625e+01
7.355252838134765625e+01
7.428619384765625000e+01
7.189103698730468750e+01
7.208762359619140625e+01
7.229841613769531250e+01
7.267141723632812500e+01
7.341815948486328125e+01
7.362194824218750000e+01
7.394506835937500000e+01
7.434548187255859375e+01
7.514089965820312500e+01
7.677502441406250000e+01
6.969944763183593750e+01
7.003118896484375000e+01
7.050280761718750000e+01
7.127712249755859375e+01
7.209806060791015625e+01
6.669533538818359375e+01
6.705375671386718750e+01
6.747297668457031250e+01
6.800745391845703125e+01
6.924863433837890625e+01
7.181459808349609375e+01
6.322851181030273438e+01
6.365210723876953125e+01
6.413911437988281250e+01
6.493305206298828125e+01
6.666633605957031250e+01
6.794642639160156250e+01
6.968986511230468750e+01
5.916073989868164062e+01
5.971519088745117188e+01
6.033796310424804688e+01
6.153422927856445312e+01
6.363441085815429688e+01
6.552400970458984375e+01
6.667098999023437500e+01
6.782692718505859375e+01
5.696526336669921875e+01
5.740772247314453125e+01
5.788719940185546875e+01
5.895353317260742188e+01
6.115654754638671875e+01
6.226638793945312500e+01
6.411581420898437500e+01
7.526856994628906250e+01
7.612085723876953125e+01
7.711408996582031250e+01
7.865802764892578125e+01
8.192616271972656250e+01
8.860343933105468750e+01
9.355648803710937500e+01
9.857508850097656250e+01
1.000895080566406250e+02
6.313293075561523438e+01
6.343684005737304688e+01
6.378289794921875000e+01
6.435633087158203125e+01
6.541334533691406250e+01
6.765383148193359375e+01
6.926320648193359375e+01
7.046331024169921875e+01
5.885266113281250000e+01
5.931221771240234375e+01
5.982192993164062500e+01
6.090685272216796875e+01
6.296105957031250000e+01
6.409510803222656250e+01
8.200969696044921875e+01
8.347085571289062500e+01
8.489954376220703125e+01
8.793108367919921875e+01
9.100098419189453125e+01
9.446938323974609375e+01
9.835695648193359375e+01
8.027792358398437500e+01
8.086273193359375000e+01
8.156175231933593750e+01
8.264833831787109375e+01
8.494953918457031250e+01
8.687010192871093750e+01
7.634709930419921875e+01
7.652624511718750000e+01
7.672415161132812500e+01
7.708106231689453125e+01
7.778446960449218750e+01
8.020648193359375000e+01
8.090225982666015625e+01
8.162094116210937500e+01
6.311586380004882812e+01
6.341549682617187500e+01
6.376412963867187500e+01
6.430757904052734375e+01
6.544004821777343750e+01
6.534627532958984375e+01
6.718392944335937500e+01
6.873072052001953125e+01
7.205239868164062500e+01
7.868579864501953125e+01
8.261231231689453125e+01
8.586124420166015625e+01
5.065264511108398438e+01
5.111090087890625000e+01
5.191139984130859375e+01
5.550290298461914062e+01
5.868628692626953125e+01
7.648663330078125000e+01
7.673561859130859375e+01
7.703855133056640625e+01
7.759890747070312500e+01
7.878817749023437500e+01
7.968237304687500000e+01
8.078733825683593750e+01
7.253520202636718750e+01
7.279606628417968750e+01
7.314154052734375000e+01
7.602382659912109375e+01
7.696688079833984375e+01
7.120265197753906250e+01
7.156464385986328125e+01
7.195229339599609375e+01
7.261456298828125000e+01
7.411454010009765625e+01
7.530315399169921875e+01
1.140556945800781250e+02
1.149538269042968750e+02
1.159105224609375000e+02
1.176357727050781250e+02
1.212069854736328125e+02
1.242989578247070312e+02
6.869436645507812500e+01
6.898169708251953125e+01
6.935646820068359375e+01
7.001107025146484375e+01
7.117599487304687500e+01
4.767812728881835938e+01
4.915399169921875000e+01
5.006133270263671875e+01
5.156731414794921875e+01
6.134297943115234375e+01
6.341233444213867188e+01
6.378310394287109375e+01
6.445526885986328125e+01
6.509314727783203125e+01
6.676040649414062500e+01
7.820838165283203125e+01
7.848373413085937500e+01
7.881624603271484375e+01
7.943103790283203125e+01
8.054804992675781250e+01
6.603918457031250000e+01
6.641084289550781250e+01
6.673408508300781250e+01
6.745532989501953125e+01
6.890778350830078125e+01
6.985685729980468750e+01
7.134420776367187500e+01
6.527602386474609375e+01
6.556328582763671875e+01
6.591114044189453125e+01
6.646995544433593750e+01
6.761002349853515625e+01
6.868500518798828125e+01
6.162108612060546875e+01
6.205500411987304688e+01
6.251831436157226562e+01
6.334466171264648438e+01
6.528259277343750000e+01
6.663620758056640625e+01
6.836582946777343750e+01
6.969163513183593750e+01
7.000016784667968750e+01
7.030485534667968750e+01
7.094496154785156250e+01
7.234169006347656250e+01
7.350348663330078125e+01
7.483043670654296875e+01
7.132836914062500000e+01
7.153537750244140625e+01
7.180642700195312500e+01
7.226139831542968750e+01
7.281539916992187500e+01
7.367620086669921875e+01
9.803491973876953125e+01
9.868395996093750000e+01
9.939324951171875000e+01
1.007543258666992188e+02
1.035394439697265625e+02
7.194440460205078125e+01
7.214841461181640625e+01
7.240557861328125000e+01
7.274559020996093750e+01
7.353113555908203125e+01
5.523992919921875000e+01
5.601164245605468750e+01
5.709030532836914062e+01
5.862145996093750000e+01
6.286769104003906250e+01
6.562308502197265625e+01
7.355363464355468750e+01
7.374659729003906250e+01
7.397634887695312500e+01
7.435927581787109375e+01
7.508458709716796875e+01
7.662680816650390625e+01
7.793625640869140625e+01
6.285272216796875000e+01
6.338301849365234375e+01
6.383380889892578125e+01
6.481586456298828125e+01
6.822930908203125000e+01
7.016918945312500000e+01
7.942201995849609375e+01
7.975332641601562500e+01
8.012020111083984375e+01
8.084558105468750000e+01
8.152772521972656250e+01
8.225868225097656250e+01
8.296732330322265625e+01
5.604551315307617188e+01
5.676393890380859375e+01
5.750530242919921875e+01
5.875363922119140625e+01
6.128599929809570312e+01
6.643984985351562500e+01
7.047021484375000000e+01
7.563936614990234375e+01
6.403165435791015625e+01
6.457758331298828125e+01
6.522871398925781250e+01
6.609757995605468750e+01
6.827816009521484375e+01
7.038301086425781250e+01
7.283776855468750000e+01
7.303260803222656250e+01
7.323968505859375000e+01
7.359198760986328125e+01
7.434764099121093750e+01
7.575541687011718750e+01
7.834593200683593750e+01
6.363059234619140625e+01
6.404776000976562500e+01
6.444590759277343750e+01
6.694225311279296875e+01
6.822511291503906250e+01
6.904786682128906250e+01
7.018379974365234375e+01
7.054635620117187500e+01
7.098240661621093750e+01
7.177856445312500000e+01
7.345090484619140625e+01
7.449937438964843750e+01
7.530614471435546875e+01
7.611536407470703125e+01
7.650538635253906250e+01
7.675352478027343750e+01
7.703091430664062500e+01
7.758135986328125000e+01
7.868334197998046875e+01
7.978424072265625000e+01
8.759530639648437500e+01
8.806597900390625000e+01
8.838802337646484375e+01
8.942570495605468750e+01
9.128454589843750000e+01
8.054968261718750000e+01
8.079114532470703125e+01
8.100939178466796875e+01
8.141633605957031250e+01
8.224161529541015625e+01
8.407227325439453125e+01
8.463266754150390625e+01
8.530838012695312500e+01
8.616010284423828125e+01
8.827624511718750000e+01
9.231432342529296875e+01
6.793188476562500000e+01
6.829089355468750000e+01
6.856519317626953125e+01
6.928971099853515625e+01
7.053676605224609375e+01
7.252426147460937500e+01
7.287461853027343750e+01
7.327523803710937500e+01
7.406024169921875000e+01
7.560164642333984375e+01
7.404776000976562500e+01
7.430698394775390625e+01
7.479420471191406250e+01
7.512265777587890625e+01
7.749418640136718750e+01
1.021437072753906250e+02
1.028605880737304688e+02
1.038441314697265625e+02
1.051100387573242188e+02
1.119603576660156250e+02
1.134678497314453125e+02
7.707462310791015625e+01
7.785791015625000000e+01
7.860518646240234375e+01
8.007572937011718750e+01
8.312484741210937500e+01
8.543720245361328125e+01
6.084708023071289062e+01
6.129742813110351562e+01
6.184775543212890625e+01
6.262415313720703125e+01
6.526769256591796875e+01
6.829970550537109375e+01
6.863903808593750000e+01
6.902032470703125000e+01
6.976716613769531250e+01
7.127433776855468750e+01
7.254853057861328125e+01
7.402498626708984375e+01
7.984085083007812500e+01
8.019381713867187500e+01
8.054533386230468750e+01
8.127292633056640625e+01
8.271149444580078125e+01
8.436154937744140625e+01
8.506531524658203125e+01
6.947532653808593750e+01
6.981195831298828125e+01
7.016046905517578125e+01
7.084282684326171875e+01
7.223686218261718750e+01
4.999950408935546875e+01
5.048162841796875000e+01
5.105140686035156250e+01
5.194991302490234375e+01
5.374144744873046875e+01
5.746511077880859375e+01
6.039621353149414062e+01
6.421484375000000000e+01
8.151689147949218750e+01
8.239463806152343750e+01
8.331482696533203125e+01
8.502137756347656250e+01
8.814735412597656250e+01
9.125703430175781250e+01
9.490182495117187500e+01
7.848845672607421875e+01
7.896347808837890625e+01
7.947213745117187500e+01
8.045877838134765625e+01
8.141275787353515625e+01
1.004615783691406250e+02
1.012898483276367188e+02
1.023391189575195312e+02
1.040998916625976562e+02
1.059738464355468750e+02
1.077094421386718750e+02
8.555393981933593750e+01
8.610774230957031250e+01
8.669070434570312500e+01
8.779272460937500000e+01
9.002700805664062500e+01
9.187454223632812500e+01
9.300345611572265625e+01
9.415143585205078125e+01
8.900640869140625000e+01
9.013532257080078125e+01
9.125839996337890625e+01
9.324280548095703125e+01
9.712959289550781250e+01
9.989526367187500000e+01
1.021082000732421875e+02
7.197123718261718750e+01
7.229673767089843750e+01
7.272904968261718750e+01
7.341469573974609375e+01
7.417755889892578125e+01
1.181879119873046875e+02
1.191511306762695312e+02
1.202121505737304688e+02
1.224404907226562500e+02
1.266909484863281250e+02
7.163283538818359375e+01
7.186491394042968750e+01
7.215875244140625000e+01
7.266326141357421875e+01
7.366678619384765625e+01
6.274893188476562500e+01
6.323202896118164062e+01
6.381297302246093750e+01
6.483890533447265625e+01
6.688150787353515625e+01
8.322899627685546875e+01
8.369756317138671875e+01
8.417575836181640625e+01
8.510227966308593750e+01
8.703920745849609375e+01
8.844683074951171875e+01
7.931694793701171875e+01
7.970994567871093750e+01
8.017221069335937500e+01
8.097766876220703125e+01
8.255590057373046875e+01
7.103637695312500000e+01
7.143431854248046875e+01
7.182264709472656250e+01
7.249945068359375000e+01
7.452467346191406250e+01
7.509349060058593750e+01
7.656986999511718750e+01
7.536954498291015625e+01
7.557781982421875000e+01
7.577006530761718750e+01
7.611518096923828125e+01
7.672731018066406250e+01
7.824660491943359375e+01
5.287811279296875000e+01
5.341196441650390625e+01
5.398434066772460938e+01
5.510266876220703125e+01
5.877577209472656250e+01
6.015937042236328125e+01
6.487928009033203125e+01
6.528358459472656250e+01
6.570733642578125000e+01
6.651188659667968750e+01
6.809426116943359375e+01
6.151697158813476562e+01
6.204335403442382812e+01
6.261241531372070312e+01
6.370018768310546875e+01
6.781710815429687500e+01
9.148903656005859375e+01
9.301764678955078125e+01
9.448451232910156250e+01
9.742999267578125000e+01
1.003578491210937500e+02
1.038912429809570312e+02
6.000197982788085938e+01
6.028411102294921875e+01
6.069416046142578125e+01
6.129309082031250000e+01
6.248377990722656250e+01
6.486396026611328125e+01
6.697158050537109375e+01
6.933143615722656250e+01
7.212963867187500000e+01
7.261167144775390625e+01
7.303107452392578125e+01
7.398879241943359375e+01
7.576078033447265625e+01
6.791601562500000000e+01
6.821921539306640625e+01
6.865609741210937500e+01
6.935070037841796875e+01
7.072198486328125000e+01
6.556385803222656250e+01
6.627337646484375000e+01
6.698843383789062500e+01
6.765291595458984375e+01
6.834303283691406250e+01
6.152944183349609375e+01
6.203794097900390625e+01
6.248262023925781250e+01
6.354447174072265625e+01
6.545879364013671875e+01
6.679383850097656250e+01
6.881884002685546875e+01
7.203431701660156250e+01
7.232209777832031250e+01
7.267892456054687500e+01
7.328288269042968750e+01
7.460823059082031250e+01
7.545932006835937500e+01
7.678466033935546875e+01
5.472057342529296875e+01
5.514658355712890625e+01
5.546703720092773438e+01
5.625070571899414062e+01
5.780817413330078125e+01
5.942335510253906250e+01
6.043635559082031250e+01
7.702692413330078125e+01
7.760654449462890625e+01
7.818615722656250000e+01
7.955473327636718750e+01
8.190102386474609375e+01
5.649658203125000000e+01
5.702575302124023438e+01
5.775452423095703125e+01
5.886624908447265625e+01
6.502019500732421875e+01
6.860175323486328125e+01
6.890048217773437500e+01
6.923735046386718750e+01
7.000854492187500000e+01
7.168653106689453125e+01
7.427305603027343750e+01
7.458960723876953125e+01
7.497332763671875000e+01
7.569860839843750000e+01
7.708199310302734375e+01
7.828889465332031250e+01
7.901488494873046875e+01
7.972730255126953125e+01
7.097855377197265625e+01
7.130921936035156250e+01
7.161933898925781250e+01
7.223333740234375000e+01
7.346071624755859375e+01
8.085988616943359375e+01
8.166114044189453125e+01
8.269665527343750000e+01
8.447849273681640625e+01
8.737983703613281250e+01
8.474960327148437500e+01
8.535326385498046875e+01
8.603103637695312500e+01
8.727180480957031250e+01
8.837392425537109375e+01
6.922308349609375000e+01
6.945654296875000000e+01
6.982086944580078125e+01
7.037678527832031250e+01
7.139962005615234375e+01
7.350915527343750000e+01
7.621752166748046875e+01
7.730735778808593750e+01
6.656385803222656250e+01
6.677813720703125000e+01
6.707032775878906250e+01
6.750225067138671875e+01
6.838983154296875000e+01
7.006165313720703125e+01
5.682063293457031250e+01
5.738219451904296875e+01
5.812350082397460938e+01
5.934950256347656250e+01
6.191556167602539062e+01
7.475905609130859375e+01
7.535726928710937500e+01
7.594094085693359375e+01
7.719426727294921875e+01
7.958103942871093750e+01
6.180716705322265625e+01
6.274364852905273438e+01
6.361129379272460938e+01
6.548608398437500000e+01
6.906175231933593750e+01
7.169913482666015625e+01
7.354492950439453125e+01
7.538348388671875000e+01
6.916741180419921875e+01
6.946074676513671875e+01
6.978492736816406250e+01
7.041188812255859375e+01
7.168405914306640625e+01
7.256470489501953125e+01
7.355235290527343750e+01
5.616553497314453125e+01
5.685607910156250000e+01
5.731501770019531250e+01
6.166531372070312500e+01
6.379884338378906250e+01
7.311008453369140625e+01
7.349482727050781250e+01
7.391754150390625000e+01
7.475367736816406250e+01
7.646814727783203125e+01
7.827880096435546875e+01
7.673973846435546875e+01
7.700345611572265625e+01
7.728245544433593750e+01
7.771720123291015625e+01
7.874243164062500000e+01
5.482292938232421875e+01
5.516455078125000000e+01
5.555396652221679688e+01
5.608073425292968750e+01
5.731347274780273438e+01
5.970367813110351562e+01
6.155515670776367188e+01
8.824647521972656250e+01
8.867570495605468750e+01
8.909701538085937500e+01
9.000736236572265625e+01
9.174361419677734375e+01
9.265396118164062500e+01
9.356430816650390625e+01
9.447465515136718750e+01
8.747344970703125000e+01
8.835718536376953125e+01
8.932359313964843750e+01
9.104878234863281250e+01
9.481152343750000000e+01
9.682884216308593750e+01
7.008559417724609375e+01
7.026479339599609375e+01
7.046656036376953125e+01
7.080238342285156250e+01
7.149660491943359375e+01
7.286725616455078125e+01
7.361482238769531250e+01
7.428305053710937500e+01
7.497589874267578125e+01
6.678990936279296875e+01
6.700928497314453125e+01
6.723589324951171875e+01
6.762563323974609375e+01
6.842359161376953125e+01
7.433506011962890625e+01
7.467217254638671875e+01
7.505236053466796875e+01
7.581652832031250000e+01
7.734107971191406250e+01
7.838641357421875000e+01
8.004625701904296875e+01
5.984774780273437500e+01
6.022261047363281250e+01
6.063687896728515625e+01
6.138814544677734375e+01
6.294554138183593750e+01
6.560974884033203125e+01
7.696346282958984375e+01
7.740147399902343750e+01
7.782121276855468750e+01
7.871814727783203125e+01
8.041970825195312500e+01
8.202093505859375000e+01
8.372598266601562500e+01
8.542453002929687500e+01
8.863653564453125000e+01
9.517095184326171875e+01
9.953587341308593750e+01
6.155630493164062500e+01
6.204011917114257812e+01
6.254851913452148438e+01
6.354172515869140625e+01
6.541110992431640625e+01
6.650363159179687500e+01
6.752928161621093750e+01
6.848217010498046875e+01
5.840430450439453125e+01
5.884941864013671875e+01
5.931810760498046875e+01
6.023464202880859375e+01
6.195710754394531250e+01
6.296429443359375000e+01
6.391073608398437500e+01
6.475655364990234375e+01
1.061381607055664062e+02
1.070624694824218750e+02
1.081049957275390625e+02
1.098550872802734375e+02
1.136418609619140625e+02
7.243693542480468750e+01
7.275045776367187500e+01
7.317565155029296875e+01
7.383807373046875000e+01
7.523435211181640625e+01
7.673606872558593750e+01
7.742970275878906250e+01
6.706479644775390625e+01
6.768141937255859375e+01
6.833500671386718750e+01
6.968048858642578125e+01
7.233710479736328125e+01
7.376179504394531250e+01
7.513236236572265625e+01
7.212502288818359375e+01
7.236341094970703125e+01
7.267731475830078125e+01
7.311405181884765625e+01
7.402028656005859375e+01
8.182127380371093750e+01
8.238973999023437500e+01
8.312353515625000000e+01
8.436983489990234375e+01
8.689423370361328125e+01
8.815071105957031250e+01
7.751151275634765625e+01
7.783366394042968750e+01
7.820558929443359375e+01
7.889682006835937500e+01
8.031626129150390625e+01
8.102313995361328125e+01
8.175135803222656250e+01
8.244258880615234375e+01
9.021490478515625000e+01
9.131780242919921875e+01
9.293939971923828125e+01
9.569665527343750000e+01
1.020437774658203125e+02
7.907261657714843750e+01
7.984426879882812500e+01
8.107739257812500000e+01
8.290216827392578125e+01
8.680640411376953125e+01
8.884181976318359375e+01
9.071255493164062500e+01
9.285135650634765625e+01
8.801175689697265625e+01
8.821807098388671875e+01
8.851898956298828125e+01
8.903703308105468750e+01
8.997943115234375000e+01
7.352584838867187500e+01
7.387763977050781250e+01
7.419934844970703125e+01
7.490991973876953125e+01
7.633456420898437500e+01
7.692414093017578125e+01
7.764800262451171875e+01
7.835857391357421875e+01
8.281085205078125000e+01
8.322525787353515625e+01
8.384613037109375000e+01
8.435491943359375000e+01
8.578099822998046875e+01
8.156053924560546875e+01
8.196025085449218750e+01
8.249210357666015625e+01
8.326052856445312500e+01
8.489035797119140625e+01
8.651203918457031250e+01
9.447994232177734375e+01
9.502598571777343750e+01
9.563226318359375000e+01
9.688198852539062500e+01
9.948912811279296875e+01
5.455940628051757812e+01
5.521850585937500000e+01
5.600743103027343750e+01
5.742978286743164062e+01
6.022312164306640625e+01
6.342161560058593750e+01
6.492528533935546875e+01
7.905190277099609375e+01
7.970545959472656250e+01
8.076712799072265625e+01
8.215705871582031250e+01
8.525925445556640625e+01
9.125069427490234375e+01
8.084059906005859375e+01
8.121031951904296875e+01
8.166194152832031250e+01
8.242009735107421875e+01
8.399179077148437500e+01
8.457055664062500000e+01
8.538409423828125000e+01
8.616799163818359375e+01
6.586538696289062500e+01
6.620836639404296875e+01
6.663802337646484375e+01
6.750928497314453125e+01
6.886774444580078125e+01
6.822438049316406250e+01
6.850667572021484375e+01
6.882053375244140625e+01
6.945067596435546875e+01
7.059744262695312500e+01
7.123728942871093750e+01
7.183222961425781250e+01
7.247208404541015625e+01
6.349176025390625000e+01
6.386408615112304688e+01
6.434491729736328125e+01
6.513796997070312500e+01
6.661244964599609375e+01
6.799092102050781250e+01
7.620761871337890625e+01
7.655545043945312500e+01
7.697344970703125000e+01
7.773778533935546875e+01
7.946649169921875000e+01
8.034353637695312500e+01
8.108697509765625000e+01
8.185727691650390625e+01
7.076959991455078125e+01
7.100629425048828125e+01
7.126304626464843750e+01
7.228221893310546875e+01
7.353809356689453125e+01
4.435193634033203125e+01
4.469099426269531250e+01
4.506065750122070312e+01
4.569715881347656250e+01
4.691630554199218750e+01
4.945374298095703125e+01
8.619084930419921875e+01
8.663675689697265625e+01
8.725100708007812500e+01
8.819190979003906250e+01
9.024708557128906250e+01
9.121003723144531250e+01
9.218601989746093750e+01
7.762897491455078125e+01
7.798097229003906250e+01
7.856194305419921875e+01
7.915719604492187500e+01
8.062247467041015625e+01
8.213067626953125000e+01
8.394366455078125000e+01
8.681555175781250000e+01
8.832804107666015625e+01
4.012501525878906250e+01
4.081543350219726562e+01
4.142289352416992188e+01
4.276091766357421875e+01
4.672012329101562500e+01
4.817856597900390625e+01
4.943497467041015625e+01
8.096566772460937500e+01
8.144411468505859375e+01
8.191354370117187500e+01
8.292359924316406250e+01
8.580733489990234375e+01
7.810828399658203125e+01
7.833344268798828125e+01
7.857820892333984375e+01
7.896625518798828125e+01
7.988394165039062500e+01
6.118380355834960938e+01
6.154708480834960938e+01
6.187807464599609375e+01
6.249391174316406250e+01
6.353876876831054688e+01
9.024788665771484375e+01
9.091952514648437500e+01
9.150407409667968750e+01
9.285525512695312500e+01
9.557215881347656250e+01
8.903973388671875000e+01
8.959849548339843750e+01
9.021109771728515625e+01
9.138006591796875000e+01
9.376825714111328125e+01
8.155854797363281250e+01
8.184436035156250000e+01
8.217180633544921875e+01
8.268267059326171875e+01
8.380679321289062500e+01
7.151779174804687500e+01
7.228664398193359375e+01
7.328022766113281250e+01
7.489565277099609375e+01
7.826337432861328125e+01
8.157025146484375000e+01
8.335296630859375000e+01
7.327124786376953125e+01
7.403321838378906250e+01
7.494932556152343750e+01
7.634236907958984375e+01
7.900051879882812500e+01
8.507004547119140625e+01
8.816734313964843750e+01
7.862954711914062500e+01
7.891799163818359375e+01
7.926042938232421875e+01
7.995124053955078125e+01
8.126371765136718750e+01
8.253865814208984375e+01
8.322025299072265625e+01
9.046799468994140625e+01
9.152222442626953125e+01
9.258284759521484375e+01
9.473597717285156250e+01
9.739497375488281250e+01
1.028829956054687500e+02
1.055419921875000000e+02
7.710942840576171875e+01
7.742353057861328125e+01
7.775891876220703125e+01
7.838583374023437500e+01
7.913077545166015625e+01
7.981251525878906250e+01
8.047813415527343750e+01
8.115664672851562500e+01
8.184677124023437500e+01
7.832798004150390625e+01
7.882966613769531250e+01
7.953889465332031250e+01
8.076523590087890625e+01
8.194767761230468750e+01
9.244120025634765625e+01
9.337249755859375000e+01
9.494132995605468750e+01
9.662266540527343750e+01
1.008437194824218750e+02
1.026521606445312500e+02
6.963127899169921875e+01
7.017127990722656250e+01
7.077648162841796875e+01
7.168135070800781250e+01
7.273411560058593750e+01
7.481726837158203125e+01
7.608798217773437500e+01
5.541294097900390625e+01
5.601947784423828125e+01
5.660828399658203125e+01
5.903324890136718750e+01
6.045678710937500000e+01
6.313713836669921875e+01
5.026098251342773438e+01
5.089570617675781250e+01
5.151187133789062500e+01
5.404952239990234375e+01
5.834410858154296875e+01
6.442411804199218750e+01
6.478086090087890625e+01
6.510838317871093750e+01
6.575730895996093750e+01
6.651087951660156250e+01
6.821846771240234375e+01
7.938553619384765625e+01
8.079920959472656250e+01
8.240425109863281250e+01
8.548780059814453125e+01
9.418284606933593750e+01
6.997624206542968750e+01
7.024736785888671875e+01
7.049266815185546875e+01
7.102148437500000000e+01
7.223455810546875000e+01
7.274117279052734375e+01
7.328806304931640625e+01
7.377040100097656250e+01
7.771009826660156250e+01
7.789453887939453125e+01
7.832601928710937500e+01
7.864650726318359375e+01
7.949861907958984375e+01
5.926528930664062500e+01
5.959780120849609375e+01
6.061778259277343750e+01
6.314524841308593750e+01
6.566207885742187500e+01
7.877849578857421875e+01
7.904817962646484375e+01
7.934544372558593750e+01
7.989364624023437500e+01
8.044515991210937500e+01
8.189286804199218750e+01
7.109641265869140625e+01
7.139622497558593750e+01
7.178398895263671875e+01
7.244224548339843750e+01
7.405458831787109375e+01
7.537909698486328125e+01
6.933240509033203125e+01
6.976142120361328125e+01
7.022218322753906250e+01
7.103302764892578125e+01
7.288895416259765625e+01
6.124085998535156250e+01
6.149606323242187500e+01
6.176359558105468750e+01
6.219715499877929688e+01
6.314016723632812500e+01
6.505750274658203125e+01
6.667029571533203125e+01
6.778692626953125000e+01
8.211500549316406250e+01
8.331146240234375000e+01
8.458262634277343750e+01
8.813092041015625000e+01
8.966477966308593750e+01
9.057487487792968750e+01
7.613954925537109375e+01
7.651948547363281250e+01
7.696397399902343750e+01
7.777020263671875000e+01
7.968312072753906250e+01
8.052576446533203125e+01
8.133943939208984375e+01
7.604870605468750000e+01
7.635107421875000000e+01
7.674709320068359375e+01
7.744480895996093750e+01
7.875059509277343750e+01
7.282217407226562500e+01
7.347352600097656250e+01
7.418616485595703125e+01
7.484784698486328125e+01
7.571677398681640625e+01
7.711725616455078125e+01
5.911617660522460938e+01
6.007538986206054688e+01
6.114716720581054688e+01
6.322529602050781250e+01
6.497727966308593750e+01
8.410854339599609375e+01
8.507727050781250000e+01
8.637254333496093750e+01
8.848313140869140625e+01
9.445329284667968750e+01
6.529005432128906250e+01
6.576866912841796875e+01
6.642002868652343750e+01
6.890441131591796875e+01
7.259798431396484375e+01
5.202571868896484375e+01
5.308819580078125000e+01
5.417915344238281250e+01
5.642569732666015625e+01
5.859992980957031250e+01
6.942694854736328125e+01
6.962808227539062500e+01
7.107013702392578125e+01
7.294632720947265625e+01
7.448857116699218750e+01
4.057615280151367188e+01
4.131480789184570312e+01
4.391304779052734375e+01
4.707986450195312500e+01
5.067594146728515625e+01
6.892787933349609375e+01
6.922000122070312500e+01
7.056363677978515625e+01
7.190073394775390625e+01
7.350597381591796875e+01
5.938890075683593750e+01
5.983985900878906250e+01
6.146978759765625000e+01
6.352640533447265625e+01
6.460628509521484375e+01
6.555067443847656250e+01
6.844095611572265625e+01
6.874999237060546875e+01
6.968832397460937500e+01
7.079238128662109375e+01
7.226032257080078125e+01
6.256391906738281250e+01
6.471511840820312500e+01
6.716116333007812500e+01
6.829198455810546875e+01
6.939518737792968750e+01
5.029618453979492188e+01
5.085752868652343750e+01
5.285636901855468750e+01
5.551894760131835938e+01
5.683760833740234375e+01
5.803867340087890625e+01
5.063016510009765625e+01
5.115762329101562500e+01
5.304877471923828125e+01
5.599243545532226562e+01
5.715068054199218750e+01
5.838702011108398438e+01
6.548800659179687500e+01
6.583529663085937500e+01
6.708634185791015625e+01
6.947003936767578125e+01
7.025618743896484375e+01
6.662867736816406250e+01
6.696603393554687500e+01
6.820484161376953125e+01
7.006304168701171875e+01
7.097555541992187500e+01
7.162261199951171875e+01
7.770648193359375000e+01
7.811140441894531250e+01
7.947898864746093750e+01
8.084657287597656250e+01
8.163469696044921875e+01
8.255624389648437500e+01
6.250096130371093750e+01
6.454287719726562500e+01
6.675593566894531250e+01
6.766378784179687500e+01
6.862573242187500000e+01
7.570148468017578125e+01
7.928315734863281250e+01
8.287177276611328125e+01
8.464089965820312500e+01
8.633710479736328125e+01
6.269906234741210938e+01
6.414574432373046875e+01
6.559676361083984375e+01
6.640880584716796875e+01
6.701460266113281250e+01
7.221693420410156250e+01
7.256972503662109375e+01
7.342730712890625000e+01
7.427571868896484375e+01
7.485681152343750000e+01
7.545339202880859375e+01
4.253497695922851562e+01
4.518344116210937500e+01
4.769877624511718750e+01
4.916842651367187500e+01
5.027616119384765625e+01
