0.258395 0.119852 0.092911
0.260008 0.121635 0.093371
0.261321 0.123533 0.094185
0.262139 0.125592 0.095567
0.263591 0.127521 0.096327
0.265137 0.129404 0.096964
0.265993 0.131524 0.098425
0.267284 0.133528 0.099423
0.268982 0.135463 0.100030
0.269960 0.137584 0.101427
0.271096 0.139669 0.102674
0.272829 0.141649 0.103322
0.273917 0.143716 0.104598
0.275022 0.145966 0.106112
0.276665 0.147886 0.106773
0.278091 0.149966 0.107824
0.279202 0.152288 0.109475
0.280690 0.154295 0.110388
0.282205 0.156312 0.111308
0.283518 0.158738 0.112980
0.284984 0.160922 0.114186
0.286603 0.162927 0.115041
0.287970 0.165326 0.116659
0.289414 0.167631 0.118090
0.291080 0.169696 0.119010
0.292560 0.172034 0.120482
0.293985 0.174450 0.122138
0.295699 0.176572 0.123117
0.297293 0.178870 0.124475
0.298753 0.181439 0.126379
0.300464 0.183648 0.127521
0.302175 0.185881 0.128713
0.303686 0.188520 0.130729
0.305381 0.190883 0.132165
0.307196 0.193024 0.133148
0.308774 0.195736 0.135279
0.310456 0.198252 0.137024
0.312324 0.200413 0.138019
0.314024 0.203034 0.139960
0.315692 0.205748 0.142096
0.317616 0.207971 0.143177
0.319438 0.210505 0.144905
0.321119 0.213334 0.147296
0.323077 0.215709 0.148648
0.325023 0.218148 0.150140
0.326764 0.221013 0.152616
0.328712 0.223567 0.154354
0.330783 0.225986 0.155740
0.332586 0.228797 0.158132
0.334528 0.231487 0.160190
0.336656 0.234057 0.161836
0.338590 0.236803 0.164056
0.340507 0.239576 0.166376
0.342561 0.242199 0.168275
0.344636 0.244905 0.170331
0.346730 0.247777 0.172732
0.348849 0.250469 0.174758
0.350948 0.253210 0.176933
0.352972 0.256031 0.179404
0.355206 0.258875 0.181694
0.357320 0.261643 0.183996
0.359546 0.264652 0.186719
0.361799 0.267513 0.189118
0.364073 0.270353 0.191468
0.366369 0.273391 0.194273
0.368688 0.276406 0.197034
0.371032 0.279264 0.199443
0.373399 0.282283 0.202220
0.375801 0.285414 0.205255
0.378207 0.288302 0.207751
0.380645 0.291322 0.210557
0.383120 0.294468 0.213656
0.385596 0.297520 0.216556
0.388109 0.300614 0.219553
0.390646 0.303755 0.222671
0.393209 0.306878 0.225753
0.395797 0.310013 0.228874
0.398410 0.313162 0.232035
0.401049 0.316301 0.235174
0.403713 0.319576 0.238664
0.406403 0.322780 0.241984
0.409120 0.325954 0.245230
0.411862 0.329277 0.248865
0.414633 0.332533 0.252332
0.417428 0.335710 0.255586
0.420251 0.339082 0.259370
0.423100 0.342493 0.263264
0.425978 0.345679 0.266533
0.428883 0.349054 0.270333
0.431813 0.352573 0.274537
0.434773 0.355905 0.278207
0.437761 0.359308 0.282069
0.440776 0.362851 0.286321
0.443821 0.366267 0.290206
0.446893 0.369708 0.294147
0.449996 0.373276 0.298439
0.453126 0.376845 0.302722
0.456314 0.380378 0.306843
0.459474 0.384027 0.311355
0.462693 0.387684 0.315832
0.465942 0.391248 0.320014
0.469298 0.394951 0.324426
0.472743 0.398721 0.328892
0.475987 0.402383 0.333443
0.479279 0.406096 0.338043
0.482844 0.409991 0.342714
0.486284 0.413783 0.347299
0.489742 0.417642 0.352060
0.493455 0.421630 0.356727
0.497029 0.425567 0.361513
0.500608 0.429494 0.366236
0.504153 0.433410 0.370978
0.507787 0.437350 0.375625
0.511390 0.441396 0.380620
0.515082 0.445469 0.385519
0.518770 0.449495 0.390250
0.522783 0.453806 0.395161
0.526528 0.457972 0.400138
0.530488 0.462247 0.404958
0.534277 0.466441 0.409863
0.537912 0.470632 0.415027
0.542097 0.475054 0.419698
0.546155 0.479492 0.424636
0.550062 0.483827 0.429513
0.554182 0.488407 0.434641
0.557937 0.492796 0.439900
0.562062 0.497277 0.444589
0.566061 0.501770 0.449525
0.569817 0.506196 0.454705
0.573930 0.510766 0.459507
0.578076 0.515423 0.464420
0.581905 0.519906 0.469427
0.585904 0.524537 0.474439
0.590072 0.529304 0.479413
0.594015 0.533898 0.484311
0.597922 0.538451 0.489097
0.602337 0.543392 0.493856
0.606364 0.548114 0.498737
0.609979 0.552618 0.503792
0.614296 0.557476 0.508341
0.618755 0.562451 0.512840
0.622424 0.567033 0.517840
0.626573 0.571851 0.522432
0.631333 0.576962 0.526482
0.634796 0.581403 0.531372
0.638353 0.585901 0.536195
0.643230 0.591080 0.540015
0.647030 0.595758 0.544726
0.650288 0.600073 0.549586
0.654703 0.605083 0.553773
0.658656 0.609832 0.558227
0.661876 0.614126 0.563001
0.665839 0.618856 0.567317
0.669970 0.623659 0.571435
0.673102 0.627869 0.576100
0.676647 0.632318 0.580488
0.680784 0.637165 0.584641
0.684007 0.641322 0.588915
0.687070 0.645405 0.593328
0.691103 0.650187 0.597485
0.694548 0.654557 0.601814
0.697368 0.658378 0.606035
0.701205 0.662986 0.610133
0.704697 0.667415 0.614503
0.707785 0.671338 0.618404
0.710985 0.675461 0.622593
0.714283 0.679908 0.627428
0.717220 0.683556 0.630949
0.720147 0.687330 0.634838
0.723331 0.691706 0.639755
0.726235 0.695517 0.643824
0.728946 0.699067 0.647642
0.731963 0.703041 0.651894
0.734745 0.706786 0.656085
0.737356 0.710375 0.660246
0.740128 0.714068 0.664341
0.742910 0.717787 0.668492
0.745130 0.720976 0.672519
0.747493 0.724254 0.676484
0.750209 0.727995 0.680882
0.752429 0.731121 0.684798
0.754822 0.734360 0.688649
0.757176 0.737777 0.693052
0.759453 0.740923 0.696954
0.761743 0.744003 0.700668
0.763978 0.747132 0.704645
0.766144 0.750151 0.708506
0.768267 0.753189 0.712530
0.770124 0.755969 0.716481
0.772389 0.758993 0.720185
0.774197 0.761788 0.724331
0.776114 0.764537 0.728112
0.778219 0.767490 0.732056
0.780025 0.770150 0.735896
0.781725 0.772782 0.739914
0.783635 0.775482 0.743668
0.785509 0.778149 0.747413
0.787060 0.780531 0.751130
0.788576 0.782931 0.755013
0.790634 0.785859 0.759156
