0.150000 0.150000 0.150000
0.150000 0.150000 0.500000
0.150000 0.150000 0.850000
0.500000 0.150000 0.150000
0.500000 0.150000 0.500000
0.500000 0.150000 0.850000
0.850000 0.150000 0.150000
0.850000 0.150000 0.500000
0.850000 0.150000 0.850000
0.150000 0.500000 0.150000
0.150000 0.500000 0.500000
0.150000 0.500000 0.850000
0.500000 0.500000 0.150000
0.500000 0.500000 0.500000
0.500000 0.500000 0.850000
0.850000 0.500000 0.150000
0.850000 0.500000 0.500000
0.850000 0.500000 0.850000
0.150000 0.850000 0.150000
0.150000 0.850000 0.500000
0.150000 0.850000 0.850000
0.500000 0.850000 0.150000
0.500000 0.850000 0.500000
0.500000 0.850000 0.850000
0.850000 0.850000 0.150000
0.850000 0.850000 0.500000
0.850000 0.850000 0.850000
