0.257411 0.098924 0.106093
0.259826 0.100294 0.105735
0.261318 0.101911 0.106404
0.261307 0.103883 0.108733
0.263162 0.105543 0.109195
0.265273 0.107066 0.109263
0.265302 0.109120 0.111753
0.266600 0.110882 0.112837
0.269087 0.112474 0.112739
0.269403 0.114462 0.114955
0.270160 0.116340 0.116694
0.272672 0.117976 0.116633
0.273239 0.119757 0.118390
0.273812 0.121961 0.120849
0.275986 0.123372 0.120712
0.277474 0.125132 0.121714
0.277962 0.127421 0.124482
0.279605 0.128969 0.125002
0.281281 0.130501 0.125505
0.282278 0.132977 0.128247
0.283753 0.134869 0.129554
0.285635 0.136296 0.129742
0.286724 0.138636 0.132214
0.288037 0.140733 0.134091
0.289965 0.142230 0.134362
0.291307 0.144346 0.136275
0.292462 0.146620 0.138712
0.294441 0.148181 0.139039
0.296028 0.150129 0.140480
0.297163 0.152667 0.143541
0.299047 0.154359 0.144239
0.300892 0.156080 0.145043
0.302075 0.158698 0.148311
0.303799 0.160662 0.149764
0.305881 0.162104 0.149799
0.307141 0.164797 0.153262
0.308705 0.167023 0.155511
0.310848 0.168439 0.155428
0.312370 0.170837 0.158161
0.313771 0.173421 0.161447
0.315971 0.174905 0.161463
0.317757 0.177029 0.163386
0.319095 0.179787 0.167292
0.321252 0.181523 0.167958
0.323311 0.183361 0.168987
0.324711 0.186110 0.172975
0.326709 0.188152 0.174639
0.329025 0.189875 0.175163
0.330506 0.192416 0.178699
0.332354 0.194666 0.181150
0.334733 0.196656 0.182289
0.336472 0.198967 0.185094
0.338117 0.201297 0.188134
0.340152 0.203302 0.189824
0.342197 0.205458 0.191924
0.344240 0.207940 0.195013
0.346337 0.210015 0.196873
0.348327 0.212159 0.199112
0.350045 0.214425 0.202170
0.352342 0.216751 0.204618
0.354250 0.218866 0.207006
0.356419 0.221470 0.210618
0.358645 0.223742 0.213152
0.360897 0.225950 0.215452
0.363142 0.228535 0.219063
0.365415 0.231046 0.222457
0.367744 0.233218 0.224678
0.370074 0.235691 0.227942
0.372428 0.238349 0.231901
0.374828 0.240521 0.234128
0.377238 0.242922 0.237207
0.379673 0.245539 0.241080
0.382128 0.247969 0.244273
0.384619 0.250449 0.247656
0.387130 0.252998 0.251309
0.389674 0.255489 0.254757
0.392249 0.257985 0.258224
0.394849 0.260484 0.261710
0.397486 0.262947 0.265032
0.400131 0.265653 0.269333
0.402818 0.268199 0.273004
0.405542 0.270668 0.276343
0.408277 0.273408 0.280776
0.411059 0.276000 0.284588
0.413879 0.278420 0.287634
0.416710 0.281201 0.292209
0.419568 0.284036 0.297019
0.422492 0.286424 0.299792
0.425426 0.289157 0.304095
0.428377 0.292153 0.309542
0.431385 0.294771 0.313229
0.434424 0.297513 0.317408
0.437483 0.300511 0.322681
0.440595 0.303249 0.326713
0.443738 0.306023 0.330816
0.446913 0.309030 0.335899
0.450123 0.312027 0.340847
0.453405 0.314911 0.345161
0.456657 0.318076 0.350650
0.459979 0.321215 0.355896
0.463348 0.324152 0.360133
0.466986 0.327392 0.364991
0.470843 0.330786 0.369927
0.473980 0.333806 0.374967
0.477326 0.337016 0.380158
0.481332 0.340607 0.385411
0.485023 0.344000 0.390390
0.488660 0.347476 0.395786
0.493021 0.351312 0.400824
0.496847 0.354912 0.406097
0.500734 0.358549 0.411175
0.504496 0.362148 0.416264
0.508357 0.365707 0.420909
0.512194 0.369583 0.426643
0.516130 0.373425 0.431935
0.520067 0.377184 0.436711
0.524956 0.381724 0.441981
0.528971 0.385796 0.447402
0.533663 0.390248 0.452351
0.537655 0.394301 0.457424
0.541192 0.398328 0.463296
0.546374 0.403103 0.467636
0.551124 0.407860 0.472756
0.555434 0.412340 0.477723
0.560227 0.417396 0.483318
0.563923 0.421874 0.489356
0.568714 0.426684 0.493652
0.573086 0.431473 0.498690
0.576749 0.436059 0.504518
0.581337 0.440988 0.509097
0.586067 0.446228 0.514051
0.589796 0.450872 0.519321
0.594028 0.455977 0.524597
0.598831 0.461586 0.529798
0.602777 0.466478 0.534721
0.606675 0.471304 0.539387
0.612122 0.477407 0.543918
0.616368 0.482768 0.548879
0.619424 0.487466 0.554486
0.624486 0.493234 0.558430
0.630063 0.499485 0.562269
0.633223 0.504388 0.567733
0.637872 0.510131 0.571949
0.644480 0.517010 0.574549
0.646994 0.521411 0.579770
0.649901 0.526126 0.584856
0.656860 0.533251 0.586795
0.660567 0.538656 0.591557
0.662751 0.542954 0.596947
0.668331 0.549513 0.600068
0.672627 0.555317 0.604134
0.674763 0.559604 0.609313
0.679198 0.565466 0.613032
0.684275 0.571747 0.616219
0.686245 0.575851 0.621132
0.689603 0.580949 0.625227
0.694798 0.587501 0.628516
0.697344 0.591763 0.632417
0.699559 0.595949 0.636822
0.704575 0.602427 0.640147
0.707991 0.607678 0.644187
0.709652 0.611140 0.648119
0.714405 0.617401 0.651428
0.718276 0.623239 0.655656
0.720922 0.627250 0.658604
0.724039 0.632142 0.662382
0.727469 0.638228 0.667929
0.730051 0.641723 0.669952
0.732742 0.645852 0.673060
0.736013 0.651909 0.678829
0.738720 0.656272 0.682401
0.740979 0.659860 0.685340
0.744177 0.664991 0.689393
0.746873 0.669563 0.693405
0.749001 0.673495 0.697278
0.751776 0.678000 0.700980
0.754665 0.682698 0.704836
0.756036 0.685725 0.708518
0.757998 0.689272 0.712052
0.760861 0.694256 0.716554
0.762513 0.697399 0.719941
0.764759 0.701024 0.723106
0.766930 0.705356 0.727791
0.769103 0.709000 0.731194
0.771243 0.712294 0.733962
0.773375 0.715972 0.737526
0.775401 0.719383 0.740797
0.777376 0.722962 0.744531
0.778756 0.725893 0.748204
0.781248 0.729502 0.750969
0.782640 0.732687 0.755201
0.784277 0.735576 0.758279
0.786617 0.739359 0.761825
0.788269 0.742374 0.765240
0.789493 0.745160 0.769041
0.791607 0.748492 0.772207
0.793512 0.751566 0.775230
0.794646 0.753902 0.778328
0.795827 0.756509 0.781973
0.798454 0.760722 0.786076
