0.197332
-0.110669
-0.354574
-0.359946
-0.358546
0.030801
-0.071751
0.656717
-0.478175
-0.092571
-0.320527
0.567551
-0.109246
-0.062539
0.188180
-0.270280
-0.061661
-0.399158
-0.042721
-0.265511
-0.053792
-0.147289
-0.178457
0.972999
-0.299297
-0.494997
-0.186389
-0.049563
-0.294696
-0.478408
-0.379440
-0.401762
-0.265063
0.563119
-0.089431
0.231213
-0.624326
0.960746
-0.230825
-0.364892
-0.473061
-0.332206
-0.165444
0.075447
1.109585
-0.348448
-0.373030
-0.142111
0.735388
-0.074926
-0.324617
-0.435273
-0.231409
0.224535
-0.266404
-0.053772
-0.528958
-0.015932
0.883431
-0.143831
0.046310
-0.018022
0.305182
1.198474
0.245194
-0.156265
-0.045939
-0.026238
0.151805
-0.321004
-0.349945
0.460959
-0.321863
-0.347211
-0.234337
0.255959
1.013188
-0.149410
-0.461022
-0.655400
-0.181692
-0.183300
0.599027
-0.438546
0.054763
-0.237857
-0.041277
-0.193322
0.640955
-0.305838
0.238096
-0.223861
0.717674
0.373791
-0.299340
-0.424582
-0.413266
-0.616807
1.132716
1.073436
-0.482308
0.205473
-0.381723
0.034195
0.144790
-0.028748
-0.038124
1.311188
-0.300008
-0.132671
-0.404054
0.081441
1.008002
0.213265
0.886855
-0.063618
-0.103890
-0.200745
-0.323732
0.042179
0.035490
-0.420857
0.573204
-0.134220
-0.596940
-0.014530
-0.700324
-0.382326
0.279026
-0.314760
0.095216
-0.184929
-0.110394
-0.585180
0.870714
-0.041338
-0.382820
-0.395500
-0.534609
0.271680
-0.230035
-0.139954
0.175448
1.045730
-0.187214
-0.089611
0.870700
-0.128989
0.028040
0.140916
-0.331986
-0.206200
-0.364510
-0.447619
-0.488061
0.042364
0.559170
-0.225806
0.919307
-0.202103
-0.457419
0.623980
0.092382
-0.054480
-0.391867
-0.485286
-0.327604
-0.117499
-0.377793
-0.664468
0.196212
1.084028
0.751705
-0.685431
0.169037
-0.182966
-0.039667
-0.425535
-0.377956
-0.298833
0.299094
0.359595
0.202407
-0.248931
1.190615
0.723472
-0.243835
-0.307059
0.133383
0.593707
0.230386
-0.224662
0.151603
0.627647
-0.326185
0.163184
0.746042
-0.465627
-0.434842
-0.030398
-0.151596
0.572635
-0.114304
-0.238820
-0.032201
-0.128490
0.228873
-0.397967
-0.222660
-0.198540
0.266460
-0.166125
0.147826
0.853164
-0.224449
-0.112054
-0.241075
-0.432949
-0.317481
-0.259716
0.136024
0.775211
-0.315848
-0.387970
0.141910
-0.219817
-0.025347
0.016408
0.918554
-0.011924
-0.434451
-0.405504
0.573170
-0.083168
-0.271258
0.182586
1.062951
0.100780
-0.712844
0.001464
-0.360254
-0.073494
-0.432437
-0.165903
-0.105941
-0.005249
-0.099467
-0.408945
-0.171776
-0.435280
-0.269926
-0.291033
-0.257474
-0.268695
0.236270
-0.167820
0.113415
-0.077273
1.187231
0.103595
0.023245
1.082427
0.142790
-0.364729
0.130421
1.195478
0.359087
-0.576189
-0.538581
-0.366043
0.573774
-0.470608
0.632585
-0.226461
-0.549449
-0.339695
0.115214
-0.145745
-0.446117
-0.294863
0.314289
-0.246359
0.561849
-0.286569
-0.031023
-0.360277
0.935166
0.050595
-0.329911
-0.191094
-0.202642
-0.612897
-0.086111
-0.862419
0.704623
-0.428408
-0.256953
-0.652908
0.450220
0.405834
-0.104588
-0.288899
-0.325993
-0.358938
0.602252
1.182656
-0.010444
0.585950
0.114285
0.669448
-0.326106
0.754378
-0.697094
0.029610
-0.036536
-0.250745
-0.301546
-0.404169
0.095964
-0.210441
0.090154
1.078276
0.178540
-0.096747
-0.372387
-0.366887
-0.002960
-0.438114
-0.275266
0.190666
0.148821
-0.347825
-0.336086
-0.473659
0.479614
0.178442
0.045847
-0.166147
0.214822
0.191400
0.594091
-0.462865
0.065129
-0.169918
-0.045541
0.177733
-0.128331
0.608282
-0.379858
-0.218676
-0.279913
-0.257601
-0.138329
1.177953
-0.016771
-0.098100
0.582934
-0.365813
0.277925
-0.094454
0.240384
-0.340880
1.004283
0.649602
-0.104307
-0.357559
0.388487
0.489479
0.248247
0.355314
1.084271
-0.248463
-0.291387
-0.499104
-0.247741
-0.292465
-0.715297
0.202158
0.002032
0.358325
0.291193
0.003034
-0.159161
0.142596
0.277268
0.179391
0.118008
0.524595
1.067554
-0.417725
0.754005
-0.438543
0.170595
0.734022
-0.027391
0.167492
0.212912
-0.386392
1.127081
-0.660830
-0.180817
0.168286
-0.595095
-0.406083
-0.153112
-0.052657
0.219147
-0.189051
-0.402046
-0.373190
-0.038638
0.784670
0.095547
0.091062
-0.275784
0.482336
-0.319266
0.011060
-0.528018
0.099221
0.234508
0.183567
-0.236605
-0.235654
-0.253972
-0.016553
0.551667
-0.326867
-0.555759
0.256630
