0.258392 0.139870 0.078716
0.259187 0.142188 0.079989
0.260303 0.144393 0.080934
0.261939 0.146429 0.081336
0.262967 0.148665 0.082388
0.263923 0.150987 0.083587
0.265596 0.153047 0.083991
0.266860 0.155287 0.084884
0.267740 0.157649 0.086196
0.269369 0.159808 0.086747
0.270864 0.162044 0.087476
0.271791 0.164457 0.088833
0.273391 0.166782 0.089588
0.274996 0.168922 0.090147
0.276098 0.171509 0.091576
0.277442 0.173933 0.092652
0.279143 0.176102 0.093176
0.280468 0.178676 0.094444
0.281810 0.181285 0.095744
0.283395 0.183445 0.096356
0.284828 0.185915 0.097441
0.286174 0.188663 0.098915
0.287780 0.190957 0.099679
0.289323 0.193392 0.100653
0.290716 0.196187 0.102173
0.292305 0.198673 0.103191
0.293959 0.201084 0.104061
0.295400 0.203933 0.105643
0.296974 0.206587 0.106890
0.298707 0.208944 0.107651
0.300232 0.211795 0.109191
0.301790 0.214654 0.110725
0.303574 0.217049 0.111508
0.305215 0.219832 0.112896
0.306756 0.222921 0.114757
0.308597 0.225365 0.115576
0.310355 0.228082 0.116806
0.311950 0.231278 0.118796
0.313781 0.233965 0.119942
0.315657 0.236560 0.120946
0.317308 0.239814 0.123005
0.319132 0.242746 0.124510
0.321086 0.245310 0.125420
0.322836 0.248524 0.127386
0.324652 0.251713 0.129282
0.326665 0.254365 0.130276
0.328537 0.257484 0.132044
0.330349 0.260842 0.134215
0.332422 0.263699 0.135465
0.334419 0.266777 0.137105
0.336274 0.270070 0.139205
0.338362 0.273167 0.140816
0.340507 0.276272 0.142394
0.342562 0.279627 0.144442
0.344637 0.282923 0.146409
0.346732 0.286049 0.148116
0.348851 0.289460 0.150250
0.351032 0.292850 0.152310
0.353330 0.296172 0.154157
0.355464 0.299532 0.156259
0.357763 0.303023 0.158416
0.359992 0.306253 0.160256
0.362242 0.309728 0.162479
0.364518 0.313279 0.164826
0.366815 0.316614 0.166825
0.369136 0.320025 0.168945
0.371482 0.323695 0.171479
0.373850 0.327197 0.173751
0.376251 0.330617 0.175874
0.378656 0.334370 0.178569
0.381098 0.338012 0.181069
0.383573 0.341555 0.183395
0.386051 0.345228 0.185974
0.388564 0.348913 0.188562
0.391103 0.352583 0.191131
0.393667 0.356324 0.193824
0.396256 0.360093 0.196575
0.398871 0.363893 0.199384
0.401511 0.367752 0.202307
0.404176 0.371473 0.204999
0.406868 0.375338 0.207947
0.409586 0.379289 0.211061
0.412331 0.383085 0.213913
0.415100 0.387017 0.217018
0.417899 0.391106 0.220424
0.420723 0.394974 0.223435
0.423573 0.398835 0.226443
0.426453 0.403052 0.230137
0.429358 0.407055 0.233435
0.432290 0.410906 0.236456
0.435254 0.415063 0.240080
0.438242 0.419169 0.243623
0.441259 0.423133 0.246905
0.444305 0.427317 0.250630
0.447380 0.431513 0.254402
0.450482 0.435587 0.257947
0.453614 0.439707 0.261599
0.456803 0.443981 0.265533
0.459966 0.448035 0.269133
0.463184 0.452184 0.272893
0.466434 0.456507 0.277025
0.469638 0.460710 0.281036
0.472813 0.464884 0.285087
0.476301 0.469265 0.289183
0.479685 0.473523 0.293247
0.482981 0.477749 0.297407
0.486342 0.482022 0.301654
0.489801 0.486313 0.305853
0.493075 0.490533 0.310221
0.496601 0.494895 0.314590
0.500083 0.499223 0.319023
0.503627 0.503577 0.323488
0.507261 0.508075 0.328190
0.510861 0.512363 0.332544
0.514553 0.516795 0.337132
0.518240 0.521267 0.341891
0.521670 0.525493 0.346530
0.525408 0.529891 0.351157
0.528929 0.534177 0.355928
0.532788 0.538691 0.360754
0.536778 0.543160 0.365328
0.540290 0.547489 0.370394
0.543968 0.551816 0.375235
0.547765 0.556209 0.380115
0.551531 0.560516 0.384865
0.555615 0.564951 0.389470
0.559383 0.569368 0.394626
0.563301 0.573779 0.399556
0.567410 0.578188 0.404213
0.571342 0.582639 0.409330
0.575198 0.586958 0.414282
0.579373 0.591434 0.419153
0.583401 0.595788 0.424002
0.587210 0.599968 0.428809
0.591380 0.604434 0.433803
0.595518 0.608874 0.438837
0.599174 0.612981 0.443842
0.603193 0.617261 0.448729
0.607519 0.621634 0.453384
0.611314 0.625857 0.458589
0.614883 0.629900 0.463743
0.619180 0.634223 0.468420
0.622995 0.638344 0.473437
0.626125 0.642150 0.478854
0.630601 0.646575 0.483618
0.634875 0.650854 0.488341
0.637852 0.654573 0.493936
0.641805 0.658628 0.498675
0.646148 0.662859 0.503203
0.649485 0.666636 0.508411
0.653129 0.670497 0.513279
0.657410 0.674663 0.517846
0.660916 0.678432 0.522773
0.664115 0.682016 0.527777
0.668356 0.686145 0.532416
0.672048 0.689955 0.537190
0.675096 0.693382 0.542109
0.678941 0.697293 0.546956
0.682776 0.701117 0.551560
0.685757 0.704457 0.556445
0.689137 0.707979 0.561097
0.693032 0.711870 0.565893
0.695855 0.715052 0.570673
0.698834 0.718222 0.575090
0.702284 0.721876 0.580167
0.705444 0.725209 0.584816
0.708408 0.728194 0.588736
0.711640 0.731756 0.594055
0.714698 0.735054 0.598871
0.717568 0.737925 0.602700
0.720538 0.741104 0.607347
0.723604 0.744415 0.612255
0.726265 0.747290 0.616635
0.728973 0.750192 0.620993
0.731927 0.753296 0.625541
0.734538 0.756151 0.630031
0.737042 0.758903 0.634432
0.740004 0.762006 0.638999
0.742642 0.764874 0.643502
0.745010 0.767439 0.647652
0.747689 0.770349 0.652259
0.750106 0.773086 0.656891
0.752458 0.775592 0.660908
0.754711 0.778160 0.665356
0.757047 0.780871 0.670161
0.759249 0.783378 0.674573
0.761435 0.785899 0.679093
0.763570 0.788327 0.683416
0.765792 0.790810 0.687726
0.767713 0.793181 0.692422
0.769809 0.795502 0.696476
0.771907 0.797956 0.701074
0.773639 0.800080 0.705362
0.775494 0.802293 0.709668
0.777563 0.804635 0.713958
0.779157 0.806670 0.718296
0.780900 0.808839 0.722813
0.782793 0.811094 0.727269
0.784549 0.813181 0.731425
0.785882 0.814932 0.735425
