0.256106 0.082937 0.115228
0.259108 0.084068 0.114270
0.260723 0.085495 0.114825
0.260091 0.087349 0.117825
0.262233 0.088833 0.118068
0.264749 0.090133 0.117715
0.264158 0.092077 0.120936
0.265451 0.093661 0.122074
0.268503 0.095043 0.121462
0.268322 0.096890 0.124257
0.268789 0.098591 0.126338
0.271861 0.100021 0.125760
0.272040 0.101586 0.127844
0.272198 0.103676 0.130981
0.274763 0.104800 0.130248
0.276286 0.106341 0.131203
0.276291 0.108514 0.134771
0.278048 0.109786 0.134986
0.279839 0.111028 0.135165
0.280570 0.113426 0.138685
0.282038 0.115104 0.140053
0.284114 0.116201 0.139732
0.284971 0.118413 0.142820
0.286167 0.120320 0.145010
0.288290 0.121495 0.144787
0.289509 0.123415 0.147008
0.290437 0.125510 0.150004
0.292612 0.126754 0.149834
0.294180 0.128454 0.151319
0.295035 0.130845 0.155219
0.297044 0.132233 0.155570
0.298983 0.133646 0.156070
0.299882 0.136112 0.160246
0.301614 0.137802 0.161693
0.303899 0.138873 0.161007
0.304881 0.141406 0.165437
0.306331 0.143377 0.168037
0.308688 0.144411 0.167137
0.310047 0.146570 0.170433
0.311207 0.148934 0.174549
0.313621 0.150042 0.173757
0.315362 0.151868 0.175802
0.316393 0.154403 0.180805
0.318700 0.155789 0.180944
0.320835 0.157275 0.181609
0.321934 0.159773 0.186687
0.323953 0.161481 0.188273
0.326450 0.162831 0.188141
0.327657 0.165069 0.192492
0.329410 0.166982 0.195207
0.331961 0.168631 0.195954
0.333531 0.170593 0.199162
0.334948 0.172556 0.202699
0.336960 0.174182 0.204206
0.338968 0.175972 0.206312
0.340935 0.178108 0.209885
0.343008 0.179800 0.211595
0.344905 0.181552 0.213850
0.346376 0.183402 0.217302
0.348695 0.185360 0.219844
0.350444 0.187054 0.222260
0.352528 0.189279 0.226499
0.354715 0.191151 0.229105
0.356938 0.192954 0.231342
0.359106 0.195141 0.235520
0.361312 0.197244 0.239352
0.363623 0.198994 0.241406
0.365897 0.201051 0.245000
0.368173 0.203285 0.249613
0.370565 0.205030 0.251614
0.372935 0.206997 0.254867
0.375306 0.209174 0.259282
0.377726 0.211167 0.262663
0.380180 0.213205 0.266302
0.382647 0.215307 0.270323
0.385159 0.217348 0.274014
0.387706 0.219392 0.277710
0.390282 0.221436 0.281410
0.392906 0.223445 0.284840
0.395511 0.225690 0.289714
0.398184 0.227775 0.293618
0.400910 0.229785 0.297003
0.403620 0.232061 0.302000
0.406404 0.234193 0.306045
0.409251 0.236157 0.308920
0.412073 0.238474 0.314055
0.414923 0.240843 0.319520
0.417903 0.242783 0.321914
0.420858 0.245057 0.326571
0.423811 0.247592 0.332912
0.426870 0.249763 0.336602
0.429960 0.252059 0.341002
0.433054 0.254615 0.347012
0.436238 0.256917 0.351146
0.439458 0.259261 0.355364
0.442705 0.261849 0.361020
0.445999 0.264434 0.366455
0.449386 0.266903 0.370910
0.452733 0.269690 0.377117
0.456169 0.272453 0.382929
0.459678 0.275008 0.387215
0.463571 0.277932 0.392417
0.467782 0.281062 0.397722
0.470906 0.283676 0.403123
0.474359 0.286559 0.408760
0.478756 0.289939 0.414470
0.482710 0.293085 0.419763
0.486563 0.296318 0.425646
0.491489 0.300067 0.431001
0.495598 0.303475 0.436660
0.499816 0.306959 0.442035
0.503847 0.310396 0.447412
0.507991 0.313774 0.452098
0.512122 0.317577 0.458407
0.516366 0.321329 0.464028
0.520620 0.324990 0.468883
0.526298 0.329752 0.474477
0.530659 0.333841 0.480266
0.536046 0.338506 0.485369
0.540343 0.342565 0.490615
0.543963 0.346572 0.497040
0.550054 0.351713 0.501213
0.555491 0.356811 0.506522
0.560269 0.361515 0.511609
0.565745 0.367035 0.517591
0.569571 0.371696 0.524232
0.575037 0.376885 0.528309
0.579866 0.382026 0.533473
0.583631 0.386853 0.539811
0.588752 0.392188 0.544288
0.594097 0.398000 0.549318
0.597921 0.402891 0.554830
0.602497 0.408483 0.560340
0.607942 0.414865 0.565734
0.612053 0.420107 0.570730
0.616101 0.425256 0.575368
0.622474 0.432386 0.579757
0.627029 0.438353 0.584813
0.629800 0.443293 0.590864
0.635557 0.449879 0.594414
0.642093 0.457239 0.597794
0.644986 0.462466 0.603637
0.650113 0.469021 0.607612
0.658191 0.477399 0.609165
0.660097 0.481805 0.614705
0.662608 0.486730 0.620042
0.671180 0.495482 0.620620
0.674874 0.501499 0.625449
0.676326 0.505788 0.631298
0.682799 0.513621 0.633649
0.687372 0.520282 0.637452
0.688752 0.524541 0.643010
0.693543 0.531308 0.646316
0.699305 0.538775 0.648826
0.700453 0.542743 0.654024
0.703673 0.548325 0.657960
0.709593 0.556224 0.660598
0.711659 0.560508 0.664337
0.713255 0.564708 0.668831
0.718913 0.572505 0.671528
0.722259 0.578395 0.675389
0.723098 0.581475 0.679265
0.728424 0.589004 0.681974
0.732462 0.595901 0.686066
0.734788 0.599886 0.688461
0.737778 0.605302 0.691985
0.741137 0.612614 0.697951
0.743489 0.615882 0.699071
0.745974 0.620195 0.701711
0.749118 0.627497 0.707985
0.751620 0.632201 0.711258
0.753538 0.635710 0.713692
0.756742 0.641662 0.717583
0.759274 0.646790 0.721479
0.760991 0.650882 0.725211
0.763671 0.655927 0.728650
0.766521 0.661296 0.732292
0.767256 0.664079 0.735839
0.768875 0.667732 0.739134
0.771694 0.673598 0.743656
0.772902 0.676642 0.746760
0.774985 0.680468 0.749498
0.776895 0.685422 0.754348
0.778921 0.689359 0.757432
0.780915 0.692716 0.759611
0.782896 0.696727 0.762907
0.784758 0.700347 0.765804
0.786547 0.704255 0.769347
0.787533 0.707207 0.772876
0.790124 0.711179 0.775009
0.791138 0.714581 0.779309
0.792535 0.717478 0.781956
0.794951 0.721830 0.785200
0.796433 0.725036 0.788340
0.797265 0.727850 0.792025
0.799454 0.731596 0.794777
0.801329 0.734900 0.797318
0.802137 0.737106 0.800046
0.803028 0.739794 0.803548
0.805939 0.744953 0.807530
