80.075173
83.038013
63.714411
81.878927
83.038013
81.065550
63.714411
73.835619
83.038013
79.234312
83.038013
75.733864
63.714411
83.038013
63.714411
83.038013
79.429671
63.714411
75.360246
74.120968
63.714411
75.585571
74.675334
74.068403
63.714411
63.714411
73.579198
63.714411
75.147576
63.714411
63.714411
63.714411
63.714411
63.714411
70.025205
72.098393
81.373337
72.317331
63.714411
71.859547
63.714411
75.724624
63.714411
73.707648
65.613495
63.714411
69.890672
77.672439
72.202710
63.714411
63.714411
63.714411
83.038013
83.038013
76.029135
63.714411
63.714411
63.714411
70.033122
63.714411
83.038013
63.714411
80.736017
67.130201
76.156883
76.710498
81.553613
83.038013
74.579946
74.926257
82.428302
83.038013
63.714411
63.714411
77.215092
71.406683
65.727434
80.169958
70.823109
83.038013
63.714411
68.639125
74.475133
78.294766
72.865766
63.714411
69.072179
63.714411
75.709711
83.038013
82.719697
71.629319
68.301601
82.627903
63.714411
71.495582
74.054998
66.605114
71.199840
76.198827
70.642446
63.714411
77.584306
83.038013
63.714411
63.714411
63.714411
72.543476
83.038013
71.355556
71.572140
81.734825
64.160413
73.029174
69.784489
63.714411
73.491614
63.714411
83.038013
70.646704
81.651163
72.802124
63.714411
81.669003
63.714411
67.633249
63.714411
63.714411
63.714411
63.714411
83.038013
69.475202
77.834446
63.714411
74.125728
71.799254
63.714411
79.243758
83.038013
80.276264
83.038013
83.038013
80.633414
68.489811
63.714411
75.541098
66.852476
63.714411
83.038013
70.122461
63.714411
75.424615
77.541353
63.714411
73.188855
63.714411
69.745516
74.426209
68.200610
63.714411
69.076379
83.038013
80.632636
75.537083
83.038013
83.038013
79.600326
80.545539
63.714411
63.714411
73.357919
75.692020
77.998480
65.606832
83.038013
63.714411
63.714411
63.714411
73.125137
63.714411
71.289796
63.714411
78.368349
79.417560
71.127354
63.714411
67.945785
69.872878
63.714411
75.574878
65.426093
80.304569
68.447095
72.788443
63.714411
74.795601
66.366636
67.355254
78.257104
79.383523
78.111723
71.533441
83.038013
76.825590
74.007613
76.129305
72.611146
63.714411
63.714411
66.702256
72.087300
70.964560
70.109802
64.895502
74.185929
83.038013
83.038013
63.714411
70.075256
63.714411
83.038013
63.714411
70.083794
63.714411
77.189353
63.714411
83.038013
72.882989
79.445147
75.417392
78.853929
74.309556
83.038013
83.038013
83.038013
83.038013
77.890022
83.038013
63.714411
77.979439
74.821660
77.672818
63.714411
63.714411
75.174594
70.153712
81.540790
63.714411
73.350480
83.038013
83.038013
63.714411
75.110673
79.096999
63.714411
82.874591
83.038013
83.038013
79.340559
75.625201
63.714411
64.132055
74.514067
76.367029
63.714411
73.407110
63.714411
71.083143
75.987240
79.180978
63.714411
63.714411
83.038013
63.714411
63.714411
77.435470
63.714411
83.038013
63.714411
63.714411
73.774942
68.607482
77.937798
79.253570
83.038013
63.714411
83.038013
74.369026
63.714411
77.787943
81.451009
82.827443
74.295155
63.714411
63.714411
74.618168
79.285249
63.714411
73.269282
71.912397
63.714411
78.209817
71.370432
63.714411
75.583198
69.641354
66.759212
66.909759
74.171125
75.631514
63.714411
68.430812
63.714411
83.038013
76.544005
63.714411
75.941676
63.714411
83.038013
74.609774
74.127097
66.223912
83.038013
76.408449
77.516080
63.714411
83.038013
63.714411
70.456526
63.714411
83.038013
72.040422
76.677956
68.535867
76.997691
69.498047
71.213044
63.714411
83.038013
75.219281
74.675272
83.038013
73.292896
78.425148
65.652374
63.714411
70.882788
79.436034
63.714411
76.674661
63.714411
83.038013
68.334967
63.714411
83.038013
83.038013
64.804774
75.367286
74.331452
63.714411
74.917664
63.714411
80.403633
71.944001
68.750648
83.038013
71.976815
72.690334
69.040933
80.335026
73.317519
63.714411
76.205151
63.714411
83.038013
69.415907
63.714411
65.288740
73.259192
78.077384
63.714411
63.714411
80.473571
63.714411
74.558091
65.627263
73.509219
65.979622
69.871478
66.178614
68.388549
74.760292
63.714411
73.050034
72.073526
83.038013
83.038013
63.714411
73.393527
77.406605
63.714411
83.038013
70.626151
63.714411
63.714411
83.038013
63.714411
70.913761
63.714411
80.307898
79.413139
63.714411
72.679396
83.038013
82.301698
80.356487
80.524435
63.714411
63.714411
77.223387
83.038013
83.038013
83.038013
73.138309
70.022412
63.714411
74.746050
71.962966
63.714411
83.038013
