0.295016
0.159349
-0.737129
0.211785
0.082529
0.389474
-0.737129
0.492646
-0.737129
0.447152
-0.024229
0.317956
-0.737129
-0.469707
-0.737129
-0.251189
0.201027
-0.737129
0.311519
0.493776
-0.737129
0.494162
0.432781
0.551252
-0.737129
-0.737129
0.329704
-0.737129
0.097637
-0.737129
-0.737129
-0.737129
-0.737129
-0.737129
0.457045
0.269884
0.368080
0.458891
-0.737129
0.351290
-0.737129
0.224952
-0.737129
0.435037
0.508530
-0.737129
-0.378094
0.514836
0.469357
-0.737129
-0.737129
-0.737129
0.189104
-0.002401
0.293199
-0.737129
-0.737129
-0.737129
0.628552
-0.737129
-0.216358
-0.737129
0.425139
0.513590
0.356077
0.170470
0.221699
-0.737129
0.232922
0.313550
0.034939
-0.043551
-0.737129
-0.737129
0.069866
0.509892
0.566683
0.271400
0.086626
-0.047433
-0.737129
0.391134
0.518302
0.146638
0.447158
-0.737129
0.391375
-0.171679
0.438098
-0.009031
0.155029
0.303140
0.401944
0.512466
-0.042804
0.325630
0.139672
0.117477
0.585963
0.506637
0.389705
-0.737129
0.338718
-0.143498
-0.737129
-0.737129
-0.737129
0.620597
-0.026448
0.460231
0.104325
0.224329
0.398954
0.529382
0.485933
-0.737129
0.456539
0.454656
-0.340533
0.296891
0.564872
-0.737129
-0.737129
0.010369
0.195252
0.516865
-0.737129
-0.737129
-0.737129
-0.737129
-0.160969
0.271108
0.528852
-0.737129
0.305530
0.346967
0.339407
0.234820
0.142441
0.431579
0.533446
-0.060888
0.167930
0.439944
-0.737129
0.376949
0.555003
-0.737129
0.128385
0.330552
-0.737129
0.404186
0.562009
-0.737129
0.473906
-0.737129
0.514798
0.235344
0.512015
-0.737129
0.156819
-0.009615
0.257116
0.496917
0.307317
0.214129
0.500462
0.129168
-0.737129
-0.737129
0.464798
0.412172
0.436840
0.389643
-0.004889
-0.737129
-0.737129
-0.737129
-0.121849
-0.737129
0.199322
-0.737129
0.535370
0.173388
0.506851
-0.737129
0.345377
0.164142
-0.737129
0.613772
0.286329
0.352632
0.432485
0.587098
-0.737129
0.444990
0.532471
0.331547
0.085955
0.296698
0.239782
0.449835
-0.033452
0.376759
0.486245
0.346157
0.417031
-0.737129
-0.737129
0.333296
0.455624
0.333695
0.367136
0.318208
0.383942
0.089135
0.018361
-0.737129
0.168668
-0.737129
0.033402
0.442817
0.299421
-0.737129
0.372000
-0.737129
0.375317
0.514752
0.394795
0.219229
0.392655
0.270048
-0.737129
-0.737129
-0.074150
-0.737129
0.483896
-0.737129
-0.737129
0.324119
0.234513
0.347598
-0.737129
-0.737129
0.216967
0.621859
0.483914
-0.737129
0.283573
0.109981
0.060011
-0.737129
0.442839
0.274712
-0.737129
0.252623
0.211036
-0.003379
0.494006
0.431039
-0.737129
0.544139
0.429792
0.288337
-0.737129
0.540190
-0.737129
0.303962
0.292686
0.118265
0.288915
-0.737129
0.234222
-0.737129
-0.737129
0.304116
-0.737129
-0.737129
-0.737129
-0.737129
0.533481
0.594618
0.294366
0.175842
-0.035249
-0.737129
0.041336
0.384684
-0.737129
0.348615
0.229205
0.378972
0.492251
-0.737129
0.450749
0.336799
0.296901
-0.737129
0.434786
0.371825
-0.737129
-0.005342
0.242014
-0.737129
0.403580
0.524375
0.317753
0.380051
0.399736
0.484123
-0.737129
0.384112
-0.737129
-0.737129
0.555938
-0.737129
0.275221
-0.737129
0.116291
0.043533
0.460223
0.495257
0.155678
0.431865
0.085325
-0.737129
-0.001637
-0.737129
0.243628
0.311140
0.121600
0.352400
0.309468
0.324105
0.448763
0.289728
0.202678
-0.737129
0.244083
0.379840
0.395778
-0.037430
0.342737
0.345144
0.594441
-0.737129
0.304029
0.476476
-0.737129
0.242329
-0.737129
0.176989
0.564404
0.542475
-0.737129
-0.386034
0.573827
0.142295
0.430265
-0.737129
0.482935
0.152838
0.545184
0.517521
0.459981
0.028562
0.552284
0.578888
0.332660
0.172159
0.547070
-0.737129
0.034807
-0.737129
-0.078984
0.046433
-0.737129
0.455866
0.443961
0.466928
-0.737129
-0.737129
0.585268
-0.737129
0.610848
0.342283
0.496443
0.489267
0.537840
0.161644
0.368049
0.198676
-0.737129
0.490329
0.459624
0.086642
-0.014144
-0.737129
0.589264
0.146228
-0.737129
0.277068
0.620681
-0.737129
-0.737129
0.096262
-0.737129
0.301977
-0.737129
0.123061
0.242013
-0.737129
0.288780
0.073718
0.078493
0.257908
0.228327
-0.737129
-0.737129
0.288191
-0.737129
0.121851
-0.086335
0.275387
0.242725
-0.737129
0.442854
0.263441
-0.737129
-0.278353
