0.682018
-0.027317
-0.823799
-0.902461
-1.437000
-0.404456
-1.713310
1.848938
-1.478077
1.713222
-1.501981
-1.813613
-0.218334
-0.034408
0.103075
-1.206286
0.132389
-0.495693
0.310948
-0.195944
-1.345001
1.570166
-0.562470
0.803226
0.028317
0.072300
-0.894712
0.592187
-0.719101
-0.001467
-0.241345
0.103394
1.778644
-0.010107
3.158801
0.275361
1.267825
0.733499
-1.691052
-0.194475
0.766364
-0.855246
-1.076534
-0.785310
0.758011
-0.133274
-1.643120
-0.347048
1.791499
0.967806
-1.820310
-0.901879
0.446634
-0.245595
0.546167
0.580927
1.337447
-0.347027
0.396336
0.954425
-0.732409
-0.168454
-0.753741
1.240355
-0.667389
-1.125898
-0.272181
-0.039578
-0.267567
-0.854278
1.508326
0.100467
-0.203581
-0.099164
-0.930829
-0.368087
0.451428
0.265434
0.355824
-1.349572
0.401395
0.829353
0.105323
-1.577939
-0.866093
1.295519
2.186164
-0.331214
1.431553
-0.791381
0.361728
0.443704
0.317621
1.832436
0.098143
-1.488705
-1.680190
0.164101
0.625850
0.526645
1.553638
0.140387
-0.821314
-0.764409
-0.792084
0.257346
-0.854663
0.521211
-0.354830
0.282426
-1.545949
-0.028770
1.729059
0.237262
1.278484
0.721864
1.644546
2.841791
-0.409323
-0.180612
-0.845274
-0.078844
0.773509
0.161922
-0.061136
1.146437
-0.666670
-0.567497
-0.859353
-0.898969
0.261063
0.152333
0.572974
2.190790
-0.743606
-1.100386
1.281415
-0.322885
-1.443446
-0.918957
0.507952
-0.724852
-0.438916
1.406978
-0.151220
1.800824
-0.472982
0.290306
-0.098202
1.012184
-0.121077
0.491684
0.243956
-1.142973
-0.727795
-1.166787
1.420883
-0.928044
1.561571
0.050766
0.923101
0.307601
-0.601168
1.413832
-0.885550
-1.094589
-0.727242
-0.455946
-1.341476
1.763163
0.884059
-0.921829
-0.357789
1.108420
-0.398476
-1.847658
-0.163972
1.113512
-1.794892
-0.422143
-2.039253
0.367276
-0.850156
-1.223808
0.097489
1.245219
-1.402416
-0.252611
0.422569
0.751869
0.300496
0.826074
-0.050104
-0.450267
-0.333617
-0.889774
0.278266
1.823697
-1.097237
-0.743168
-0.001704
0.609612
-1.355356
0.678391
0.669245
0.005786
-0.718354
-1.824753
0.032203
2.976079
0.820380
-0.015796
-1.149325
1.253752
-1.256961
0.171479
-1.184065
-0.091498
1.085851
0.871444
-1.076538
0.982574
-1.698272
-1.781988
0.426279
0.513944
-0.260254
0.432320
0.395518
-0.673031
-0.553136
0.704593
-0.009402
-0.162211
-0.757937
-0.054944
-0.513234
0.217047
1.038849
-0.240571
0.513852
-0.630240
0.101005
-0.486854
-1.111160
0.653622
0.432485
-0.699695
-0.958955
-0.344679
-0.177985
0.009812
-0.821674
-1.409981
0.722596
0.017008
-0.399066
-0.515127
1.549337
0.363057
-0.175699
1.991778
2.013961
-1.658984
0.529754
-0.640727
1.744210
-0.011265
-0.763701
-0.772744
1.523470
0.302772
-0.043480
0.824350
-0.495198
0.004317
-0.307388
0.306820
-0.439174
0.539295
0.931001
0.680437
-0.116492
-1.501598
-0.575760
-1.438758
0.062546
-0.763754
-0.780559
0.307398
-0.712654
-1.191881
0.910330
-0.661260
2.908235
-0.984564
-1.228600
-1.446299
0.769505
-0.847776
1.710198
-1.323302
-0.580753
0.053595
0.603585
2.080559
-0.863372
1.660837
0.704185
1.101758
-0.774334
1.453699
-0.217824
-0.493525
-0.558898
-1.398396
-0.062613
-1.275482
0.001512
-0.163381
0.224432
1.064446
0.155539
-1.386222
-0.333071
0.880213
-1.008468
-1.587865
0.284163
2.127736
-0.022465
0.783923
-1.160873
0.437118
-0.458077
-0.942958
0.288273
-0.120667
0.367119
0.822149
-0.572685
-1.144199
0.558226
-1.270068
0.498404
0.147750
-0.084994
1.060960
1.304945
-0.293986
0.402392
-0.643352
2.606767
1.878087
-0.611912
0.118503
-1.309080
-1.424598
2.116978
-0.033377
1.771479
-1.268337
-0.405015
0.449500
2.375198
-1.301788
0.585733
0.795297
1.388417
1.158221
1.462409
-0.394284
-0.702434
0.617440
-0.705498
0.066018
-1.902744
1.685859
1.943749
-0.186201
0.591731
-1.187101
-0.129898
0.043295
-0.130437
2.434311
-0.189810
0.268009
2.173113
0.289852
2.237565
-0.066219
-1.162469
1.067225
1.709599
-0.558353
0.294298
1.490572
-0.628886
-0.243741
-0.120990
0.020048
1.269408
-0.980860
-0.454704
-0.673351
-0.966258
-0.474025
-0.385995
-0.670854
-1.022294
0.462199
-0.283760
0.203068
-1.510651
-0.152883
-1.141182
-0.653064
0.318224
-1.027110
0.369778
-0.422213
-1.349757
-0.874658
-1.203304
1.064713
-0.677979
-0.059807
-1.244463
0.214027
