2.431642
0.743434
-0.279256
-0.099630
-0.145336
-1.818935
-0.330715
-0.829972
1.168271
-0.042963
-0.698988
-0.172769
-0.272506
-1.567591
-0.146414
-0.976740
-1.240976
-0.038814
-0.688413
-0.218927
-0.318491
0.037613
-0.294624
0.197586
-0.058491
0.222557
0.957855
0.934207
-0.301624
1.153978
-0.421306
0.689920
0.882118
1.419923
-0.410170
-0.188929
-0.557479
-0.463221
-0.230607
-0.145586
0.094612
0.022172
-0.155460
-0.220719
-0.127461
2.443490
-0.471195
-0.144347
-1.191573
-1.030721
0.543216
-0.364862
-0.247504
0.583785
0.236934
-1.520545
-0.153049
-0.026173
-1.924078
0.568589
-0.413912
-0.600061
1.914051
0.993408
0.020137
1.019222
0.684515
-0.095679
-0.252217
-0.459239
0.811789
0.465999
-0.212427
0.070924
3.300638
-0.092967
-0.002644
-0.388108
0.109677
0.117938
-0.085177
0.008132
-0.474805
-0.094150
-0.157673
-0.050485
0.594930
-0.589718
-1.166275
0.075675
-2.091642
-1.132962
-0.016332
1.436002
0.497673
-0.813601
-0.044500
0.402886
-1.410030
-0.572480
0.211490
2.862219
1.392611
0.019516
1.612458
-0.588103
0.114600
-0.173801
1.639756
-0.230617
0.155549
1.799272
-0.903043
0.106964
-0.389317
0.042838
1.523513
-1.334762
2.527257
-0.050486
-0.718091
-0.372523
0.095574
-0.799153
-1.092185
-0.585779
1.756081
-0.202888
-0.118950
-0.237631
0.017550
-0.123483
-0.023669
-0.008673
1.860035
-0.431741
-0.315676
-0.415001
-0.017791
0.309452
0.642255
-0.466266
0.955156
-0.092122
-0.168573
-0.083239
0.118353
0.032528
-0.095670
-0.119341
1.875315
-0.000032
0.047042
-0.129996
-0.368367
-0.727861
-0.342156
0.146904
-1.140462
0.137601
-0.112391
0.442570
0.677294
-0.271700
-0.189864
-0.040704
0.068803
-0.902265
-0.575619
0.109268
-0.956430
-0.434000
-0.017424
-0.724381
-0.194100
0.436400
0.130369
0.016620
-0.144628
-0.169299
-0.137045
-1.191838
-1.220374
-0.877417
0.853238
0.328518
0.095087
-0.810270
-0.444231
-0.071190
0.322452
-0.466915
2.944571
1.082940
0.184780
-0.637161
-0.231098
0.285366
-0.076866
1.688652
0.070265
-0.258809
-0.729877
0.236876
-1.893929
1.073440
-0.789518
-0.221938
0.031227
1.220599
-0.217585
-0.143242
0.016016
-0.057132
-0.508832
0.419490
-0.172046
1.099363
1.042526
0.316848
0.955279
-1.066844
0.196392
-0.073983
-0.173330
-0.458127
-0.829924
1.451511
1.448426
1.077696
-0.977714
-0.004314
-0.263969
0.156022
1.272859
-0.293457
-0.534393
-0.627032
0.392334
0.889508
0.678321
-0.907352
-0.273679
-0.221059
-0.272341
0.043173
0.000819
-1.049556
-0.352857
0.457184
-0.873106
-0.151723
-0.035827
-0.043838
-0.665921
-0.139289
0.821969
0.037896
0.024650
-1.282440
0.408560
-0.166400
0.837389
-0.844866
-0.284127
0.127076
0.031283
-0.599240
-0.065442
-0.175266
-0.909430
-0.668977
0.311612
0.745908
0.985969
0.046664
0.700614
-0.110709
-0.278860
-0.188003
-0.146654
-0.354157
-0.049816
2.911363
-0.431725
1.057024
-1.218374
0.123841
-0.441219
0.319325
1.102930
-0.151497
-0.215009
0.549178
3.625313
0.319425
0.053030
1.000289
-0.106435
-1.646038
0.895362
-0.105262
-0.226531
-0.075889
-0.935017
-1.748158
-0.524010
0.451977
0.006043
-0.291110
0.954517
-0.188597
0.009637
-0.047356
0.218638
0.468380
-0.364334
2.568652
-0.226306
0.773603
1.451862
-0.137458
-1.529259
-0.001386
-0.073236
-0.857483
1.339392
2.295148
-0.324787
1.311147
-0.038357
-0.767912
-0.521225
1.386876
0.671931
0.789872
-0.413553
1.422860
-0.868613
1.167945
2.251880
-0.264861
-0.884598
2.059792
-0.286968
-0.992878
-0.122972
-0.105645
0.129468
1.057234
0.253939
-0.311934
2.842269
0.209378
-1.109975
-0.144831
-0.551415
-0.022829
-0.102150
-0.241849
-0.193454
-0.187215
-1.250562
-1.079147
-0.490988
-0.195846
-0.157667
-0.394514
-0.005931
0.806795
-1.355023
-0.548688
0.003684
-0.010109
-0.805307
0.110456
-0.121363
0.054274
1.381950
-0.572312
0.132509
1.766678
2.529785
-0.163454
0.134528
-0.027773
0.758824
0.472944
-0.121020
0.051714
0.131843
-0.417184
0.058247
-0.556004
2.136784
0.867152
-0.085307
1.013765
-0.661786
-0.886183
-0.259396
-1.787713
0.287781
-0.067992
-0.390148
-0.084653
-0.084212
0.171757
0.555551
0.903071
2.423918
-0.285042
1.432353
0.407264
-0.459508
-0.512401
-0.108041
1.548743
2.290086
0.025085
0.044601
-0.222682
-0.111438
1.939265
-0.100404
-0.748005
-0.656889
-0.407079
-0.788635
-2.087336
3.151060
0.036637
-0.179859
-1.105337
0.084047
-0.060155
-0.209937
0.916431
-0.660360
-1.042102
-0.173067
-0.179808
1.870767
-1.141759
-0.138077
0.947946
0.097614
-0.399689
0.867179
-0.533161
-1.571239
-0.079236
0.830543
0.988516
3.019103
-1.415383
-1.738008
-1.216543
-0.169885
0.012708
-0.175982
-0.054197
0.476638
-0.249391
2.334837
1.579442
0.004022
3.270421
-0.367243
-0.723529
-0.635055
-1.337851
-0.868241
2.524460
-0.088170
-0.380055
-0.770515
2.014591
-0.743502
0.166035
-0.028374
0.108789
-0.051206
-0.002474
0.119862
-0.558484
0.108224
0.068450
-1.149830
-0.521125
-0.360661
-0.091784
-1.487046
-0.498237
-1.284891
-0.162180
0.062446
-0.561336
-0.318360
0.031301
-1.350428
1.354680
-0.078662
-0.098889
-0.154922
0.667794
-0.294595
-0.116632
0.064693
-1.628671
0.020256
-0.252712
0.452669
2.190266
2.593761
-0.157755
-1.752365
-0.161987
-1.117148
-0.520512
0.824834
0.514752
0.239259
0.071632
-0.136326
-0.120494
-0.015541
0.004362
-0.208554
0.297369
-0.099834
-0.431636
1.561317
0.051416
-0.267439
-0.091719
-0.112102
-0.470432
-0.691585
-0.244132
-0.947494
-0.690258
-1.064411
0.880050
0.091534
-0.042284
0.072280
0.230092
-0.052768
0.044499
-0.030900
-0.463954
-0.774251
-0.515961
-0.003753
-1.248137
-0.769676
0.117606
-0.200350
0.317147
-0.156678
0.566268
0.087617
0.454719
-0.200928
-0.206817
-0.087398
0.686625
-0.535934
-0.133538
2.303934
0.308458
-0.123760
0.998917
-0.387122
-0.137366
-1.222999
0.977803
-0.030756
-0.049204
-0.501844
-0.324109
-0.894740
-1.096109
-0.165112
0.090507
-0.037578
-1.057921
0.536440
-0.526530
0.853212
-0.770039
-1.532076
-0.052046
1.327746
-0.165477
-0.395751
1.790711
0.667618
-0.451930
-0.327111
-0.510135
-0.976735
2.809367
-0.018954
-1.617147
-0.100302
-0.777597
1.542566
-0.105382
0.562871
-1.629321
1.068826
0.386486
0.260770
-1.248625
-0.321128
-0.683047
0.255290
-1.379240
2.006323
0.104047
-0.096681
0.297538
-0.853557
-0.418620
-0.171197
-0.037278
-0.540580
0.934077
-0.018364
-0.463476
0.135958
-0.919762
0.015700
-0.068134
-0.174638
-0.051935
1.253737
-0.630255
-0.442166
0.085223
-1.407608
-0.143649
0.008559
0.029577
-0.250949
0.002443
0.697409
0.208501
-0.068231
0.269240
1.034017
0.210143
-0.031018
-0.414175
-1.196071
0.033105
-0.228587
1.857172
-0.880482
1.349356
3.087073
0.020716
0.744636
-0.068379
-0.219456
2.298359
-0.071518
0.181950
-0.826250
0.694266
-0.382925
0.032933
-0.097850
-0.185024
-0.511767
0.223663
-0.180624
-0.205884
-0.204275
-0.403086
-0.220245
-0.303129
-0.973941
1.225454
-0.148598
-0.741460
-0.343786
0.069468
-1.007330
-0.295044
-0.865700
-0.295687
1.592085
0.028163
2.088021
0.844923
2.296077
2.349211
-1.085383
-0.108458
-1.288790
-0.257264
1.055885
-0.966545
0.097987
-0.804386
-1.313340
-0.338045
-0.390170
-0.106861
1.036434
0.631238
2.386799
0.081021
0.813883
-0.012448
-0.316749
-0.194429
-0.041675
-0.142836
2.539489
-0.863544
-0.771948
-0.123433
0.906726
-1.187046
-0.097008
-1.880489
-0.488874
-0.538192
-0.315198
-0.348755
-0.679979
1.390707
1.537593
-0.806093
-0.667662
-0.013421
-1.687423
-1.814118
-1.363720
-1.098195
-0.279215
0.875363
0.360301
-0.214525
2.519321
1.111123
-0.317758
0.284220
-1.654039
1.632111
0.276502
1.163240
0.210460
-0.877565
-0.161345
-0.408396
-0.372228
-0.304826
-0.327735
0.250388
-1.676980
-0.225778
0.233711
-0.153275
-0.116928
-0.033292
-0.070634
0.522515
-0.210917
-0.191886
-1.549375
-2.233357
-1.455388
-0.476773
3.151806
-0.488324
0.289193
-0.353698
1.722177
-0.514588
1.206919
-0.233277
-0.014079
0.600062
-0.331012
2.027671
-0.725074
-0.153421
-0.051522
0.334643
2.044766
-0.059727
-0.445575
-0.003694
0.014545
-1.003844
-0.145107
-0.214625
-0.340518
-0.122807
-0.184690
0.297811
-0.946766
-0.377204
-0.034021
-0.232319
-0.648344
0.001195
0.837163
-0.041377
-0.172763
0.023619
-0.118508
0.270394
0.592139
-0.090008
-0.469704
3.218863
-0.083210
1.078476
2.401848
0.310493
-0.070724
-1.037779
-0.640527
1.025323
-0.183547
-1.280711
-0.652133
-0.347620
0.024930
-0.155341
-0.120464
-0.671681
0.305828
-0.437358
0.106814
-0.065431
-0.223822
-0.106940
-0.807743
0.211249
-0.074194
-0.239830
1.215049
-0.035364
0.102097
-0.101265
0.007500
-0.332367
-0.426908
-0.055779
-0.682506
-0.093708
-0.640397
-0.081716
-0.468967
-0.224045
0.513825
-0.440563
-0.092646
-0.067238
-0.044145
0.024004
-0.840545
-0.199292
0.151672
0.297063
-0.068018
-1.035740
-0.898842
-0.810977
-0.170681
-0.090714
0.119063
0.034512
-1.015007
-1.381683
3.735578
-0.558484
-0.019145
0.988431
-0.216360
-0.521488
-0.637275
-0.166871
-0.555666
-0.546551
-1.664539
-0.180086
0.542804
0.077177
0.043645
0.012639
-0.431793
-0.175881
-0.330913
-1.105086
-0.073878
-0.058236
-0.079621
-0.038988
-0.680338
0.191158
-0.785787
0.076770
-0.162753
-0.096252
-0.705088
0.954433
-0.013951
-0.795163
0.099014
-0.783307
-0.743931
-0.142019
-0.341145
-0.687291
0.677621
-0.978701
-0.160317
-0.508207
-0.231308
-1.721075
-0.041909
-0.006771
-0.016060
-0.096202
-0.537501
-1.171360
-0.849450
-0.101639
0.043731
-0.184277
-0.769821
-0.348977
2.993176
-0.343613
-0.032472
-0.146243
-0.020807
0.157510
-1.446678
0.043112
-0.090938
0.947162
-0.796200
2.491943
-0.585149
-0.135198
-0.004218
3.198201
-1.202761
-0.088933
-1.207583
1.252815
0.590479
-0.066244
-0.153864
1.022536
-0.822618
-0.631694
-0.002206
-0.114046
-0.006137
-0.117370
-0.093006
0.060718
0.046967
-0.552627
0.178159
-0.379388
-0.189513
-1.038164
0.061544
-0.676680
-0.681995
-0.184918
-0.864800
-0.416519
-1.326901
-0.667998
-0.429025
-0.069922
0.115775
-0.098559
1.271758
-0.007499
-0.063041
-0.286106
-0.011481
-0.319007
-0.679528
-0.877715
-0.506758
-0.307059
-0.626078
-0.280693
-0.085726
0.029186
0.915043
-0.022335
2.546750
-1.129189
-0.250961
-0.004859
1.763810
-1.039728
-2.026824
-0.067126
0.628062
0.204433
-0.550055
-0.225799
-1.502133
-0.125119
1.179134
0.747477
1.836630
1.163810
-0.583221
-1.147048
-0.177924
0.785984
0.077165
2.561424
0.390747
-0.099656
0.003659
1.065392
0.019593
-0.145539
1.250261
-1.062677
0.048598
0.004981
-1.062656
0.997321
-0.558623
0.013920
-0.174548
2.717887
-0.847374
-0.086305
0.380980
2.271365
1.348828
-0.138937
-0.448868
0.444633
0.007691
-0.053395
-0.411426
0.725675
-0.377749
-0.225572
1.229649
0.467071
-0.309496
-0.454251
-0.009233
-0.029716
-0.177554
-0.093790
-0.423901
0.062132
-0.057625
-0.338139
0.593618
0.038500
-1.214124
-0.197229
-0.232513
-0.995379
-0.067491
0.016981
2.072947
-0.221316
-1.100239
-0.111016
0.089359
0.554227
1.253696
0.927587
-0.005404
1.733646
0.070033
-0.560804
0.103551
-0.098482
-0.346252
-0.156570
0.444172
0.523731
0.717461
-0.887982
3.556560
1.495784
-0.380664
0.267912
1.260440
-0.003756
-0.527957
-0.842119
-0.276590
-0.031171
-0.566365
0.092930
-0.702944
-0.176033
0.038005
-0.131167
-0.206480
-0.592889
-0.836361
-0.162025
-0.332443
-0.432735
0.273809
0.852429
-0.668813
-1.085678
-0.067915
-0.282557
-0.022598
-0.206520
0.352835
-0.032510
-0.235254
-0.222826
-0.078461
0.456458
-0.065567
-0.081104
0.012671
0.101243
-0.297135
-0.666034
-0.175214
-0.083439
-0.078512
0.035997
-0.512216
-0.081602
-0.252563
-0.327406
-0.220898
-0.487459
-0.210049
-0.197354
-0.716291
2.122871
1.747135
-0.290267
-1.137624
-1.467493
0.228517
-0.426973
-0.064229
-0.071163
0.022635
1.878901
-1.027097
2.163500
-0.028523
-0.135345
0.192125
-0.200618
0.851966
-1.388268
-0.582953
-0.518797
2.133449
-0.552575
-0.849450
-0.066031
-0.059424
-0.694381
-0.661757
-0.116889
-0.658348
-0.314491
0.004189
-0.269390
2.238352
-0.221665
0.133449
-0.103828
-0.067692
-0.920412
0.642095
-1.125160
-0.202249
-0.347960
1.503084
1.625778
-0.001419
0.035280
-0.862036
-1.095002
-0.298711
0.073531
-0.145917
-0.286203
-0.138615
0.020930
-0.926025
0.179121
-0.167984
-0.216630
0.059881
-0.703226
-1.764563
0.431126
0.319725
2.002398
0.203668
-0.027181
-0.204444
-0.599284
0.479205
0.038095
0.595954
0.002243
-0.361213
-0.737575
-1.217300
0.727247
0.335665
0.846415
-0.065569
-0.104954
-0.153553
0.770246
-1.042036
0.509922
-0.463597
-0.303715
0.528986
0.072450
0.064279
0.259836
0.080870
-0.223040
-0.022841
-0.149576
-1.242281
-0.386498
0.178359
-0.073874
0.721062
-0.598440
-0.159805
-0.074408
-0.297803
-0.656686
-0.225463
0.548809
-0.028080
-0.446724
-0.048325
-0.052939
-0.787590
0.423937
0.097157
-1.018246
-0.512311
-1.352813
-0.625837
-0.113851
-0.189048
-0.634553
-0.003135
0.622115
0.344259
0.591672
0.246516
-0.227797
2.455074
-0.129847
0.000297
-0.752714
0.054888
-0.700752
0.300908
1.997205
0.501124
1.266595
-0.542187
-0.127416
-1.070922
-0.033423
0.601405
-0.448498
-0.120926
0.442663
-0.732393
-0.219239
0.172420
-0.037532
0.919313
0.003777
-0.117357
0.060144
-1.041952
-0.173403
-0.310938
-0.985219
-0.124584
-1.203872
-0.003173
-1.464322
-0.472488
1.422136
1.771021
-0.363585
-0.745157
0.074379
-0.095290
0.197257
-0.855701
-0.941562
-0.014787
-0.155610
-0.841122
0.445284
0.151395
-1.042099
-0.274073
-1.113685
-0.064956
-0.682726
-0.241598
-1.900016
-0.925929
0.427053
-0.607095
2.061561
-0.061660
-0.855201
1.706746
-0.278295
1.702993
0.626452
-0.103033
1.414187
-0.487257
0.173072
0.823861
0.456682
-0.306280
-0.945306
-0.304222
0.020733
-0.265965
-0.090404
0.675374
-1.905048
0.016366
1.548226
-1.424068
1.345078
-0.332075
0.235963
0.514058
-1.046358
0.085082
-0.049140
0.009471
-1.373353
0.000549
-0.176641
-0.742246
-0.765785
2.246649
-1.169225
-0.776139
-0.064345
0.333092
0.096559
-0.471969
1.871557
-0.552849
-0.082555
-0.728778
0.058926
-0.643204
0.358939
-1.768282
-0.784913
-0.378126
-0.670474
1.561167
-0.425279
-0.607654
0.438214
0.010963
0.006428
0.146890
0.357467
-0.132216
-0.122581
-0.548767
-0.300486
-0.066358
-0.036213
2.429780
-1.046044
-1.103279
2.988662
-0.140342
-1.230412
-0.575048
-0.451666
-0.320478
0.054230
-0.264024
-0.005313
-0.376218
0.066401
-0.005207
-0.126099
-1.587975
-0.416755
-0.393065
0.187028
-0.946720
0.080670
-0.121393
-0.329106
-1.086492
-1.352079
-0.155439
-0.058477
-0.001417
1.760447
-0.726740
-0.787009
0.124934
0.629309
-0.448260
-0.090918
-0.683941
0.397249
0.409984
-0.335192
-0.806254
-0.185447
-1.570420
-0.216044
-0.624689
0.471692
-0.093988
1.003897
0.158920
0.004605
0.366306
-1.206061
0.184131
-0.233400
0.136969
-1.001864
-1.122388
-0.763465
-0.195402
-1.454545
-0.106524
-0.619543
-0.088171
0.014558
1.357966
0.264559
-0.612365
-0.120590
-0.065032
1.225850
0.138032
-0.241968
0.060864
-0.777813
0.654097
-2.040326
-1.173725
2.337472
1.363658
2.434799
-0.708728
-0.577809
0.732700
-0.687682
1.907869
-0.264990
1.405521
-1.297936
-0.042019
-0.266146
-0.908811
0.735091
-0.652189
-1.056508
-0.398153
-1.693964
-1.003212
-0.388046
-0.505935
0.592087
-0.990264
-1.274336
2.798850
-1.522488
1.874689
2.304466
-0.643786
-0.711648
-0.017082
0.069398
-0.158498
-1.065801
-1.194520
-0.939112
0.007323
-0.302570
1.508898
-0.314609
-0.048188
0.753318
-0.125519
0.229852
-0.093123
0.085891
-1.617324
0.167918
-0.154699
0.537339
0.052314
-0.019935
-1.269307
0.027911
-0.162009
0.280965
1.054424
-0.563600
-0.261080
-0.238171
0.290048
-0.749858
-0.060864
-0.978423
0.004040
0.071492
1.022644
2.093866
-0.277055
0.163568
0.076754
-0.691927
0.489729
1.402163
-0.954244
-0.536940
-0.182089
0.356300
-0.391324
-0.927101
-0.222490
0.470057
0.152000
0.833892
-0.305996
-0.495690
-1.868049
0.722485
0.487621
-0.864532
-0.458158
0.018836
-0.182288
-0.186834
-0.044430
-0.073896
-0.478741
-1.825361
0.026581
-0.560260
-0.186681
-0.501556
-0.971452
-1.212212
-0.053428
-0.297769
0.023704
0.573545
-0.063511
0.201960
-2.020332
-0.006961
-0.489155
-0.058020
-0.295868
0.515958
-0.927948
-0.125239
-0.221557
-1.211001
-1.039310
0.395218
-0.185677
0.131922
1.318205
-0.802063
2.899910
0.121318
-0.139672
-0.027510
-0.529777
-0.424898
-0.278239
0.341944
-0.144037
-0.335811
-0.490164
-0.297188
0.012849
-0.674183
-0.389150
-0.032738
1.183452
0.226554
-0.864210
-0.619202
0.283477
-0.151219
0.622034
0.606500
-0.055582
-0.058415
0.052265
-0.038857
-0.209527
2.703881
0.528278
0.916015
-0.084374
-0.757851
-0.372841
-0.475151
-0.074040
-1.209116
