-0.164164 0.120971 0.213517
-0.160395 0.120764 0.214312
-0.156607 0.120576 0.215126
-0.152799 0.120417 0.215983
-0.149014 0.120282 0.216882
-0.145200 0.120169 0.217810
-0.141289 0.120097 0.218943
-0.137378 0.120048 0.220081
-0.133441 0.120037 0.221259
-0.129502 0.120059 0.222482
-0.125526 0.120113 0.223733
-0.121580 0.120204 0.224991
-0.117647 0.120320 0.226238
-0.113760 0.120464 0.227499
-0.109817 0.120659 0.228808
-0.105833 0.120892 0.230148
-0.101850 0.121163 0.231653
-0.097828 0.121474 0.233252
-0.093808 0.121819 0.234896
-0.089763 0.122217 0.236590
-0.085719 0.122659 0.238337
-0.081749 0.123120 0.240044
-0.077806 0.123630 0.241741
-0.073866 0.124172 0.243502
-0.069935 0.124761 0.245303
-0.065993 0.125404 0.247136
-0.062033 0.126084 0.249136
-0.058037 0.126825 0.251298
-0.054070 0.127602 0.253454
-0.050124 0.128424 0.255691
-0.046203 0.129296 0.257907
-0.042297 0.130208 0.260188
-0.038444 0.131166 0.262457
-0.034605 0.132170 0.264716
-0.030771 0.133231 0.267003
-0.026965 0.134332 0.269422
-0.023157 0.135483 0.271915
-0.019344 0.136706 0.274428
-0.015550 0.137966 0.277063
-0.011749 0.139291 0.279743
-0.007990 0.140661 0.282475
-0.004263 0.142079 0.285138
-0.000553 0.143563 0.287807
0.003133 0.145089 0.290540
0.006799 0.146669 0.293334
0.010456 0.148307 0.296191
0.014116 0.150009 0.299010
0.017780 0.151779 0.301973
0.021440 0.153614 0.304870
0.025124 0.155520 0.307821
0.028779 0.157479 0.310777
0.032455 0.159514 0.313724
0.036066 0.161574 0.316770
0.039709 0.163714 0.319858
0.043346 0.165908 0.322954
0.046984 0.168162 0.326080
0.050658 0.170493 0.329231
0.054413 0.172930 0.332311
0.058186 0.175432 0.335404
0.061991 0.178008 0.338404
0.065846 0.180658 0.341447
0.069753 0.183383 0.344462
0.073658 0.186147 0.347575
0.077650 0.188993 0.350746
0.081696 0.191905 0.353878
0.085829 0.194891 0.357076
0.090034 0.197946 0.360189
0.094378 0.201098 0.363227
0.098829 0.204332 0.366099
0.103401 0.207633 0.369061
0.108080 0.210991 0.372014
0.112861 0.214409 0.374900
0.117805 0.217896 0.377832
0.122941 0.221457 0.380833
0.128252 0.225085 0.383816
0.133731 0.228772 0.386741
0.139413 0.232528 0.389602
0.145321 0.236348 0.392435
0.151400 0.240214 0.395159
0.157688 0.244127 0.397843
0.164260 0.248112 0.400559
0.171062 0.252159 0.403256
0.178126 0.256262 0.405888
0.185489 0.260428 0.408497
0.193122 0.264656 0.411078
0.201032 0.268951 0.413632
0.209194 0.273308 0.416160
0.217656 0.277741 0.418679
0.226345 0.282228 0.421041
0.235354 0.286813 0.423461
0.244620 0.291485 0.425874
0.254090 0.296246 0.428232
0.263856 0.301134 0.430517
0.273839 0.306107 0.432895
0.284061 0.311215 0.435272
0.294448 0.316443 0.437569
0.304987 0.321798 0.439876
0.315632 0.327275 0.442095
0.326386 0.332857 0.444362
0.337197 0.338554 0.446637
0.348004 0.344344 0.448905
0.358745 0.350202 0.451186
0.369618 0.356237 0.453481
0.380359 0.362272 0.455718
0.391024 0.368365 0.458028
0.401615 0.374516 0.460301
0.411962 0.380597 0.462570
0.422246 0.386743 0.464937
0.432376 0.392831 0.467184
0.442419 0.398915 0.469386
0.452280 0.404953 0.471675
0.461914 0.410860 0.473958
0.471363 0.416691 0.476279
0.480684 0.422466 0.478653
0.489694 0.428015 0.480983
0.498592 0.433503 0.483226
0.507266 0.438800 0.485416
0.515815 0.444044 0.487785
0.524173 0.449153 0.490191
0.532443 0.454165 0.492443
0.540531 0.459082 0.494924
0.548427 0.463797 0.497265
0.556180 0.468417 0.499589
0.563829 0.472954 0.501931
0.571436 0.477448 0.504267
0.578818 0.481784 0.506565
0.586083 0.485985 0.508842
0.593158 0.490082 0.511251
0.600143 0.494102 0.513604
0.607029 0.498050 0.515994
0.613776 0.501927 0.518443
0.620554 0.505770 0.520879
0.627199 0.509545 0.523352
0.633769 0.513263 0.525852
0.640256 0.516918 0.528347
0.646635 0.520498 0.530868
0.652851 0.523957 0.533306
0.659065 0.527409 0.535772
0.665240 0.530821 0.538200
0.671387 0.534201 0.540589
0.677483 0.537534 0.542959
0.683610 0.540903 0.545555
0.689542 0.544160 0.548328
0.695466 0.547390 0.551033
0.701426 0.550618 0.553688
0.707371 0.553858 0.556543
0.713266 0.556971 0.558942
0.719276 0.560127 0.561156
0.725147 0.563195 0.563436
0.730996 0.566237 0.565786
0.736861 0.569280 0.568078
0.742772 0.572304 0.570401
0.748557 0.575276 0.572936
0.754317 0.578228 0.575631
0.760181 0.581210 0.578261
0.766015 0.584176 0.580983
0.771748 0.587047 0.583706
0.777723 0.589991 0.585849
0.783559 0.592844 0.587973
0.789546 0.595758 0.590094
0.795569 0.598686 0.592237
0.801501 0.601526 0.594312
0.807325 0.604333 0.596701
0.813283 0.607219 0.599283
0.819107 0.610002 0.601804
0.825047 0.612845 0.604255
0.830958 0.615635 0.606568
0.837029 0.618510 0.608934
0.843158 0.621396 0.611039
0.849173 0.624190 0.612975
0.855312 0.627057 0.614913
0.861285 0.629821 0.616816
0.867237 0.632576 0.618665
0.873461 0.635494 0.620868
0.879637 0.638370 0.623054
0.885787 0.641252 0.625285
0.891956 0.644121 0.627426
0.898058 0.646968 0.629582
0.904283 0.649871 0.631523
0.910319 0.652650 0.633158
0.916411 0.655478 0.634837
0.922466 0.658268 0.636418
0.928506 0.661066 0.638023
0.934555 0.663884 0.639675
0.940704 0.666758 0.641636
0.946885 0.669672 0.643623
0.953086 0.672579 0.645528
0.959293 0.675501 0.647433
0.965419 0.678388 0.649309
0.971479 0.681224 0.650841
0.977505 0.684038 0.652233
0.983491 0.686828 0.653509
0.989511 0.689646 0.654878
0.995491 0.692446 0.656215
1.001520 0.695281 0.657666
1.007532 0.698122 0.659314
1.013519 0.700952 0.660931
1.019530 0.703794 0.662528
1.025368 0.706550 0.664100
1.031412 0.709393 0.665455
