65.536231
71.691423
65.756279
77.902841
76.579460
66.308857
94.602609
71.188977
81.410428
87.555389
77.702574
79.910915
94.338764
68.261351
81.937556
58.031346
77.767982
87.199645
79.254022
83.474336
79.495403
80.676323
66.249295
68.612928
82.234557
78.511564
77.916114
85.379306
83.213178
66.652960
69.592997
71.023735
68.614640
81.214758
85.819216
79.282295
86.427288
72.591362
78.042369
81.539291
85.583579
82.458549
80.309542
77.787795
80.125231
77.690615
75.813149
72.317989
69.954006
86.776515
77.643573
68.499190
73.211216
87.904565
67.574796
60.528792
78.687967
83.738499
66.727517
63.715369
59.796412
86.337238
85.710823
81.583698
81.563433
69.717348
62.121464
72.977793
69.747442
76.223373
64.050129
75.456540
71.472407
80.102661
75.407246
82.438282
83.050231
83.175796
77.943802
78.830154
75.384775
77.974651
61.654459
69.649911
86.006571
92.434078
90.293331
63.773060
80.171808
84.050347
52.265269
85.260824
71.243224
77.996827
78.654481
91.337813
90.030723
69.243800
85.236015
69.842996
76.310888
71.900910
76.744820
77.072576
78.535617
85.420754
76.929945
73.922989
75.248752
77.510126
74.947042
67.830090
90.720579
83.920885
76.176017
88.297742
64.020656
71.922748
73.819772
81.845810
87.904058
68.638164
88.534039
85.790479
62.911824
63.243312
79.273074
84.003188
73.161056
57.822839
83.081732
77.524576
86.897602
79.149154
62.168464
90.501365
77.526486
60.905081
83.330900
75.558117
78.574113
65.671045
70.177529
71.789278
66.504242
84.938018
69.636256
78.430883
88.614150
90.735723
79.731347
64.369896
89.187534
62.292485
79.503940
84.926991
90.744839
73.698851
70.566449
57.288852
64.014845
72.589779
82.049510
71.080075
86.504909
78.256256
90.359848
81.803177
88.359038
85.955660
56.992696
91.888010
91.465615
74.359599
81.652084
78.660450
81.223373
82.169100
73.137223
81.368380
75.992193
83.479271
69.136375
78.081889
65.257456
73.327106
73.536852
72.327154
59.214285
64.530591
63.733517
76.140307
76.558058
64.183083
65.885858
77.190054
70.067290
82.760564
79.863611
68.325376
89.814648
70.283019
71.508962
70.006676
52.755383
81.185019
75.483348
70.131068
73.672228
68.643349
84.669570
70.248755
87.280813
90.302281
85.113782
67.170811
69.242336
77.183946
70.828869
83.940794
77.018616
74.527189
63.866950
66.475287
78.909598
81.499510
80.650187
69.713084
77.269864
69.122271
72.470622
90.978551
76.969209
80.810614
66.485743
89.038573
80.355970
70.359317
73.257652
76.979840
82.754643
64.524756
76.428586
91.839573
67.932065
87.935830
73.488180
84.383780
84.391025
82.515201
66.117504
69.199272
88.193984
73.034889
79.062608
75.510987
74.514698
85.174740
80.232335
81.844290
78.236172
86.679838
70.106119
70.213088
70.920505
79.561477
84.879908
80.126733
62.651951
69.667136
87.000188
82.118836
67.183274
82.232042
63.123589
78.955097
78.753589
79.302383
77.430312
83.717872
50.367777
55.659986
68.315046
65.677393
94.255924
73.334933
66.951315
85.539186
91.691136
79.964248
82.266189
91.294837
71.948860
69.051161
75.478062
74.679412
69.942605
87.025298
69.492406
65.477823
74.018160
84.576733
84.882673
73.908689
84.219671
69.358106
69.283676
54.643886
92.672040
63.276898
72.812985
90.463148
80.361891
83.346908
79.111218
60.451387
75.008729
64.650545
78.361181
74.165840
77.868749
80.620327
69.480385
80.875676
73.649057
59.742198
63.642022
75.341952
82.013510
78.157039
84.270410
64.862184
81.509028
66.895271
85.838610
66.251747
92.432594
66.367903
63.579574
75.964609
59.718748
84.059204
56.323104
66.767077
66.807572
74.427089
78.165876
86.251989
74.440267
64.329632
79.558087
87.978401
64.291318
80.188091
83.715832
84.845515
82.155197
81.594920
73.050536
63.304468
80.158963
71.583614
55.113261
80.308100
78.628253
76.596707
88.678535
82.678134
86.233067
85.369776
59.408159
93.998228
94.793809
83.113231
58.202070
71.931992
50.675994
79.228250
64.993056
69.634671
81.192840
71.954162
73.859123
78.530366
82.257627
82.973820
68.652920
77.147986
79.915956
82.618606
66.625955
71.012113
73.774678
80.137062
71.233167
77.136076
81.304791
64.799033
68.456150
63.189353
85.199176
56.151880
74.735397
79.349456
67.694681
87.334895
81.189515
64.187373
70.950389
66.355671
69.311519
77.272279
53.417656
62.234178
72.262727
61.634531
83.686750
73.317392
54.685989
78.802945
83.519902
78.189583
79.189438
75.030674
77.982453
73.830734
70.129902
79.470094
78.305906
64.908750
74.314398
82.931793
86.582501
75.803959
78.086829
63.880927
85.117500
60.416965
68.637463
87.503396
78.878821
85.027459
80.815291
63.563270
72.061389
70.481230
59.629057
70.706609
67.332297
77.122519
76.687708
79.011817
66.714471
62.601056
67.326844
73.258756
72.367882
81.290380
79.854332
73.518702
55.753536
68.648929
84.287141
77.991106
81.704057
69.520181
91.899546
68.158949
76.759261
72.449796
74.974611
63.768025
72.436519
78.278423
77.539265
82.965826
67.564209
67.481818
65.938353
72.396058
70.326772
81.738771
85.919139
80.225260
80.205100
63.000480
98.210335
69.217105
68.769008
82.991925
49.781752
76.529439
73.642719
72.745699
76.115272
71.179984
81.929729
70.555560
65.378203
92.457460
69.495907
71.826535
76.919519
79.139081
78.374996
68.624121
91.375872
73.460984
83.983327
76.799207
64.073954
70.814779
77.700370
65.195616
68.503958
78.556309
72.553297
70.959794
70.488712
76.120734
67.223322
68.361437
79.363744
80.093346
75.954141
84.987787
74.917804
79.090854
73.329867
78.067564
94.927940
74.546944
73.247416
82.302678
69.614793
67.853756
69.367487
52.564017
73.343776
80.084079
78.609417
62.799463
58.025865
81.731994
68.479384
71.446331
76.918634
69.583773
77.151223
88.075643
56.267429
94.756994
72.708496
88.025536
88.311145
57.514720
68.260202
73.235729
65.814089
74.608543
70.860242
74.212749
87.886312
68.363644
82.451873
72.953124
61.172854
64.658947
60.340702
85.307159
67.605610
69.392131
72.561653
63.958195
74.345076
62.132121
62.604034
76.696588
73.529766
79.297430
69.678625
69.898317
81.087013
64.010455
88.384069
75.557613
82.517725
69.015328
65.665972
79.488753
72.532592
57.992376
72.230177
78.788394
80.648990
69.117806
90.611950
72.644081
74.121189
71.407883
79.353498
79.050455
69.395467
69.628248
81.883424
70.361271
78.273704
75.347858
63.375019
80.114838
78.808908
70.727875
78.943829
75.924541
75.721684
51.865331
86.112485
82.090606
75.869949
70.176811
79.601084
84.071645
72.932536
69.729331
65.218864
86.329791
71.198180
67.768900
68.456887
68.340910
66.666933
76.617156
73.074937
61.479274
84.453497
88.972039
80.053133
67.355237
67.013240
77.945680
82.284047
86.798442
55.932185
84.607590
79.340685
90.954328
86.234088
75.677706
88.553016
85.735247
86.061858
82.070843
65.670636
76.219132
87.265433
73.606170
75.817147
78.086503
66.145408
72.879428
89.116163
64.635435
67.985951
63.779456
82.582504
60.889084
86.983217
77.050535
77.286663
80.429523
69.679504
78.628097
85.289827
63.159181
76.521940
86.164607
76.083579
73.888771
75.337774
87.478180
68.419584
81.312316
89.938585
89.075534
61.678746
72.591202
73.622560
90.087637
75.784953
77.569482
62.714672
56.057913
83.481389
90.140646
78.843467
77.515596
69.575024
77.730686
71.210162
80.638037
71.378688
83.419349
75.481166
72.013722
73.661185
78.578111
81.981255
74.005363
73.016116
74.835234
69.754148
75.939343
70.806098
72.017182
72.210668
65.705929
74.248447
86.365520
69.667219
73.090463
74.241419
69.735942
63.126076
90.246598
80.088314
77.302865
75.120806
70.977435
63.149677
65.919059
72.858565
63.957455
66.044585
72.300987
60.430782
58.487093
67.259474
68.282333
64.851639
94.301387
55.057481
68.884218
70.212204
60.223494
80.832851
59.692175
75.959600
67.109029
82.075088
71.218700
43.246061
66.167514
67.896904
69.360076
71.365767
75.663620
70.264671
43.589291
67.405930
74.946501
63.542321
78.447437
76.222210
84.506067
49.814365
75.069348
54.926240
80.434521
64.627891
86.804388
78.983027
77.855266
75.378093
67.360245
73.665325
63.510606
77.646056
85.127864
71.209910
80.145032
81.762979
79.897252
78.595987
75.602762
74.367848
80.883724
73.759307
63.289035
86.950384
75.895063
78.786538
78.302156
73.618764
82.656207
78.062852
83.697035
79.880265
78.418282
80.063620
80.247589
76.732644
80.038160
69.661253
85.755174
67.790902
78.480980
73.331198
77.245493
86.098766
92.079261
78.027674
74.020192
59.034251
75.456509
75.669013
76.079361
83.562035
79.879202
76.171355
64.860887
80.234943
69.888815
84.451276
74.700602
68.848883
79.992708
80.597964
75.285174
86.199258
84.088633
76.385357
74.986875
84.867629
77.230765
85.096682
89.304363
77.723680
78.476945
83.723828
84.880190
77.654247
68.565443
62.655232
70.410708
88.458315
84.260565
83.644292
75.750501
69.549736
84.994895
63.308721
75.043979
84.617482
86.382460
78.398969
77.261888
75.761583
73.591013
90.886137
78.903282
79.104464
69.403403
74.040429
89.083601
69.401473
70.556754
61.960013
75.288091
79.944200
75.258942
68.665451
87.941814
77.096956
66.372964
75.178849
88.189962
69.881678
76.720515
80.431091
78.059978
82.773209
77.097867
62.512799
80.488733
83.457639
77.419893
65.848081
82.011063
71.122671
71.363019
72.188143
91.668658
74.167498
69.441354
81.718459
77.471957
69.604887
67.947056
76.077506
78.696286
70.047692
77.079557
78.351211
73.708204
72.895146
79.788332
86.473951
84.712649
82.856938
81.875006
70.128042
80.649830
72.862490
73.550350
73.527078
51.380063
83.653404
77.091353
75.020772
66.014220
87.629810
70.079022
68.288228
92.152028
76.606094
50.381892
79.632193
59.296731
88.354507
79.655787
72.293167
71.769796
86.131917
77.428553
81.364350
70.121524
86.870529
79.498776
87.385977
78.247555
67.615363
77.113772
78.374564
77.057672
78.598971
70.530717
62.764807
79.386148
76.749858
82.434247
83.583624
73.307459
64.875620
82.287444
81.321560
65.826738
62.958132
77.906413
77.291910
79.241097
59.403702
72.579345
77.130724
73.742538
56.955481
71.296633
87.540701
81.879637
92.431149
66.083203
81.915649
83.925461
72.614928
69.606775
81.466825
79.989831
69.898646
75.608335
61.603361
69.044937
85.902694
75.555019
80.412748
77.658143
81.036525
73.655972
82.379319
80.639012
89.642913
78.671487
69.690221
68.621121
75.124371
65.974811
88.401945
72.607350
92.322559
67.800187
62.411744
86.333230
84.497166
82.896598
91.382727
89.772740
81.847648
77.712467
79.498680
74.343675
71.792151
68.168121
73.949710
78.709833
59.392617
93.496592
76.318451
83.395432
69.851003
87.541301
81.036525
76.277278
71.968590
82.001662
63.590875
80.945901
71.617199
74.861892
80.285208
77.818411
91.437837
73.249885
65.724932
55.787249
82.791389
76.283506
83.695955
87.396081
78.226589
62.280505
80.662843
76.906719
90.416695
62.281963
79.809507
75.023519
66.295118
76.533055
64.219810
73.155841
71.039216
76.902891
62.131708
75.238427
81.373857
74.882547
88.991008
77.530779
74.040077
81.613454
66.812824
78.495681
71.853145
69.514446
79.128758
75.671998
77.592716
79.092946
65.426309
72.132545
72.305816
81.293748
81.701698
86.236538
71.058015
83.719826
74.802952
81.116802
75.141714
75.406228
79.601242
72.895714
76.177737
82.549478
71.131540
70.620235
73.377680
77.177200
71.900289
69.683060
77.327242
63.760833
74.187010
86.239924
79.874051
76.018847
77.905783
87.589257
82.976467
57.957896
79.062636
82.709820
56.862618
72.299742
90.900239
68.510858
71.962051
85.761337
79.824595
87.334348
78.522263
68.681308
73.853554
84.682622
91.716136
76.883591
84.189420
52.276393
81.002644
90.891227
88.300002
83.970132
83.203735
71.865585
75.202914
61.775013
78.392686
79.623957
75.918470
85.457435
85.745718
81.645530
80.413448
84.822475
76.416326
90.767734
83.371863
82.698053
70.070651
95.853454
81.155635
81.175076
84.683843
86.866342
81.632019
77.933715
84.221920
81.831709
79.346068
85.088578
92.156161
89.000106
85.924497
68.052314
74.717202
84.016521
81.874851
73.075317
70.146603
80.003006
62.627240
77.966728
85.918468
85.372009
78.438048
81.912860
77.395898
74.013923
81.206369
65.982461
75.603749
79.386793
89.691542
69.895654
73.194106
61.470393
79.764161
73.783637
66.176703
81.897114
79.970485
77.720197
84.636382
80.315342
76.971312
75.548277
76.538144
74.224915
73.704403
73.871256
73.029512
72.023704
67.042102
72.222743
88.245870
84.969043
83.340796
65.693847
64.694023
76.023582
74.370427
84.726264
79.452232
93.342139
71.832765
83.402272
87.705071
85.199950
81.315212
82.042751
85.694421
86.922125
67.637252
87.065813
77.529648
86.381196
83.592065
71.465141
54.983336
88.253960
95.370485
70.910405
72.133421
85.449551
70.263682
86.526708
73.181812
66.114772
67.095158
83.241131
75.930919
81.023188
70.091420
68.656739
73.394617
72.347846
68.129560
79.061011
77.428986
81.882071
79.261199
67.043985
84.382624
84.850158
64.435773
78.467419
80.008517
69.211068
72.314976
89.209296
77.839354
77.849019
88.023914
74.641673
80.636057
76.704828
59.010615
88.355630
88.846752
67.009473
76.343742
88.260552
83.804272
87.989085
84.647865
81.028934
64.152183
78.741476
79.139326
83.680446
73.381370
74.078533
86.797708
63.399812
77.146150
72.720718
65.749180
70.729010
83.373853
80.702418
78.954854
73.871051
90.623609
71.858735
82.089373
74.404960
69.861395
78.666430
67.945977
76.183636
76.624125
82.659655
89.699288
65.860472
73.551053
78.984951
61.436910
68.530654
78.190696
77.640078
81.098100
78.180464
90.268035
81.130057
80.589866
73.461075
69.885785
78.938861
79.201325
86.299257
66.652367
79.762067
77.941449
86.889927
74.776881
59.669837
84.187296
72.843169
73.281448
64.126493
77.187255
62.476252
87.195274
76.300348
78.794915
78.343097
70.770319
65.455433
69.255240
85.305085
66.087111
72.454221
57.810767
66.417399
60.535529
84.945378
74.190739
73.303015
87.681917
66.740994
56.881189
66.969883
75.995353
74.274138
83.790877
88.834652
63.669176
74.304007
69.412886
63.221995
63.645482
68.378264
70.943171
78.644804
56.258221
78.725971
66.751122
87.624129
71.614128
70.787828
91.679821
65.402537
75.661824
66.417436
77.826556
82.649503
75.359442
69.900211
75.376456
65.632909
74.825160
81.520524
81.589765
81.286407
77.161766
73.905157
77.883753
76.310766
83.348028
66.360912
82.195727
75.035827
67.088056
77.604322
68.462146
74.767587
84.352659
75.276958
71.351475
55.281122
70.335469
73.803379
88.633608
74.741772
68.746754
73.930472
63.831392
75.866849
78.520432
78.723365
66.658427
84.928856
89.949643
69.361817
89.390017
89.191244
88.337823
58.504249
71.035754
65.626807
67.462589
87.471666
66.585489
65.417203
76.666146
61.221642
79.084634
69.499554
59.875616
77.619641
78.766448
76.752426
78.600410
79.685520
84.992836
75.588679
84.359467
86.921642
76.568111
93.028697
73.288354
67.785249
72.146284
74.182908
71.035947
73.234309
70.446708
55.475010
71.939763
72.045528
77.715639
66.976343
82.881639
71.710463
73.009893
60.458783
68.785076
69.879716
73.151746
72.192770
69.908794
64.498726
63.047659
71.897694
67.002861
82.062215
68.285908
72.953053
74.658083
67.291296
62.288083
76.890896
70.726429
73.819415
61.656445
62.534502
75.837125
61.535867
76.943829
55.171421
75.791405
77.919337
89.007788
89.925675
64.598957
70.772369
66.378396
71.646624
75.416655
74.802313
59.702284
68.453571
69.740439
62.880931
74.874342
72.688878
80.238093
42.497869
53.071616
74.459930
70.635926
65.106059
78.649030
64.646823
49.354531
69.257750
67.926428
70.914453
62.744713
61.704970
71.564858
63.769945
66.851767
72.345192
69.695450
64.715936
76.005357
69.974820
59.562919
73.860894
72.873966
68.833250
62.533176
68.239743
69.699480
75.414447
53.167927
76.174476
90.224108
71.701201
69.609011
71.990226
60.460749
60.583175
67.201239
61.671676
77.081658
64.645207
62.069818
72.214286
88.399421
82.244354
83.905904
83.717782
79.789245
57.261228
52.605287
81.982335
77.966887
61.146236
80.065810
68.916362
74.380327
73.847094
70.532808
52.907115
77.537147
79.278099
70.076232
75.387993
87.492617
69.531191
82.021599
72.691265
77.848919
75.791890
73.988744
79.429420
84.839774
77.927377
71.673715
87.424106
73.031341
69.780683
70.853333
79.825551
80.825008
73.136195
86.076990
72.857589
83.096975
82.375037
80.523587
84.752072
85.874259
82.137880
65.832020
57.895889
62.266858
84.027856
82.786541
86.019833
81.155316
86.860726
74.465619
85.530521
81.067976
61.849024
81.043923
48.735456
79.237429
77.305632
83.572423
71.217609
80.390261
89.474651
68.386098
91.230405
70.769262
74.193297
48.279041
75.842573
59.986767
75.381387
65.391578
75.839203
75.620024
77.653939
84.358313
83.983998
74.144738
61.812464
75.664363
85.873091
74.831178
68.577514
72.646748
78.406523
89.211325
83.642336
83.400928
82.187927
90.056140
79.850894
65.424953
54.567909
75.761525
77.218911
90.240972
87.329502
81.855673
75.938051
77.160108
84.564765
86.050591
82.563039
82.939294
78.871392
77.802007
62.706404
76.323315
83.827683
81.308680
73.829984
82.431983
68.175166
85.250481
86.207153
62.110986
79.143862
84.602992
79.139654
72.678328
77.141020
