-0.236823 0.215663 0.223359
-0.234187 0.216436 0.224512
-0.231509 0.217249 0.225700
-0.228827 0.218097 0.226922
-0.226065 0.219034 0.228189
-0.223290 0.219999 0.229475
-0.220653 0.220943 0.230412
-0.217956 0.221941 0.231441
-0.215280 0.222962 0.232521
-0.212584 0.224036 0.233650
-0.209902 0.225120 0.234809
-0.207159 0.226291 0.236148
-0.204355 0.227531 0.237631
-0.201459 0.228886 0.239261
-0.198656 0.230222 0.240929
-0.195895 0.231558 0.242634
-0.193135 0.232974 0.244134
-0.190426 0.234398 0.245542
-0.187705 0.235878 0.246983
-0.185040 0.237369 0.248477
-0.182385 0.238913 0.250021
-0.179604 0.240609 0.251812
-0.176809 0.242396 0.253840
-0.174014 0.244243 0.255839
-0.171235 0.246159 0.257929
-0.168512 0.248110 0.260124
-0.165832 0.250097 0.262036
-0.163252 0.252091 0.263750
-0.160654 0.254170 0.265612
-0.158068 0.256340 0.267462
-0.155495 0.258603 0.269553
-0.152936 0.260938 0.271610
-0.150361 0.263433 0.273911
-0.147814 0.266002 0.276362
-0.145332 0.268640 0.278922
-0.142862 0.271407 0.281330
-0.140452 0.274220 0.283666
-0.138136 0.277094 0.286155
-0.135840 0.280061 0.288438
-0.133636 0.283079 0.290777
-0.131442 0.286265 0.293151
-0.129283 0.289589 0.295796
-0.127198 0.293050 0.298615
-0.125144 0.296635 0.301356
-0.123142 0.300372 0.304092
-0.121212 0.304234 0.306811
-0.119374 0.308176 0.309700
-0.117612 0.312233 0.312387
-0.115945 0.316413 0.315327
-0.114379 0.320634 0.318204
-0.112860 0.325088 0.321194
-0.111458 0.329653 0.324326
-0.110012 0.334540 0.327242
-0.108681 0.339540 0.330181
-0.107397 0.344726 0.333127
-0.106174 0.350144 0.336093
-0.105050 0.355698 0.339086
-0.104086 0.361228 0.342274
-0.103188 0.367028 0.345538
-0.102380 0.373009 0.349043
-0.101638 0.379168 0.352506
-0.100979 0.385550 0.356110
-0.100260 0.392289 0.359443
-0.099593 0.399184 0.362682
-0.098961 0.406379 0.366045
-0.098333 0.413762 0.369257
-0.097743 0.421473 0.372711
-0.097241 0.429381 0.376423
-0.096769 0.437487 0.380454
-0.096245 0.445877 0.384300
-0.095675 0.454697 0.388234
-0.095003 0.463807 0.392214
-0.094247 0.473223 0.396110
-0.093369 0.482813 0.399782
-0.092364 0.492671 0.403462
-0.091209 0.502884 0.407262
-0.089899 0.513348 0.411179
-0.088407 0.524117 0.415172
-0.086635 0.535220 0.419269
-0.084584 0.546708 0.423473
-0.082257 0.558318 0.427569
-0.079558 0.569993 0.431486
-0.076516 0.581925 0.435550
-0.073097 0.593952 0.439558
-0.069252 0.606078 0.443533
-0.064954 0.618264 0.447459
-0.060140 0.630548 0.451345
-0.054833 0.642845 0.455194
-0.048951 0.655163 0.459201
-0.042550 0.667318 0.462977
-0.035546 0.679431 0.466719
-0.027923 0.691315 0.470330
-0.019791 0.702935 0.474083
-0.010969 0.714363 0.477428
-0.001606 0.725401 0.480638
0.008382 0.736133 0.483954
0.019027 0.746544 0.487196
0.030221 0.756428 0.490411
0.042081 0.765931 0.493438
0.054547 0.774934 0.496326
0.067675 0.783441 0.499120
0.081522 0.791442 0.501757
0.095528 0.798647 0.504330
0.110057 0.805217 0.506782
0.125044 0.811153 0.508985
0.140362 0.816411 0.511279
0.156193 0.821003 0.513290
0.172187 0.824891 0.515085
0.188201 0.828041 0.516959
0.204153 0.830526 0.518971
0.220259 0.832404 0.520720
0.236338 0.833659 0.522213
0.252442 0.834363 0.523604
0.268187 0.834536 0.524787
0.284234 0.834251 0.525993
0.299893 0.833533 0.527514
0.315259 0.832423 0.528958
0.330164 0.831006 0.529948
0.344788 0.829317 0.530798
0.358738 0.827448 0.532119
0.372414 0.825420 0.532847
0.385652 0.823271 0.533792
0.398581 0.821036 0.534892
0.410927 0.818788 0.535974
0.422470 0.816599 0.537141
0.434117 0.814368 0.538496
0.445127 0.812224 0.539771
0.456137 0.810102 0.540746
0.466713 0.808078 0.541934
0.476910 0.806166 0.543054
0.487004 0.804350 0.544116
0.496053 0.802756 0.545140
0.505095 0.801255 0.546165
0.513828 0.799895 0.547155
0.522328 0.798672 0.548190
0.530705 0.797584 0.549174
0.539230 0.796618 0.550392
0.547302 0.795823 0.551589
0.555119 0.795182 0.552936
0.562674 0.794690 0.554439
0.570071 0.794347 0.556021
0.576951 0.794142 0.557003
0.584195 0.794090 0.557414
0.591235 0.794175 0.558054
0.597934 0.794386 0.558885
0.604567 0.794728 0.559234
0.611039 0.795200 0.560743
0.617136 0.795779 0.562944
0.623549 0.796537 0.564901
0.629909 0.797427 0.566655
0.636259 0.798468 0.568674
0.642102 0.799513 0.570439
0.648395 0.800780 0.571619
0.654700 0.802171 0.572313
0.660664 0.803595 0.573219
0.666840 0.805200 0.573926
0.673072 0.806903 0.574394
0.678743 0.808624 0.576712
0.684876 0.810605 0.579025
0.690562 0.812533 0.581360
0.696318 0.814594 0.583703
0.702121 0.816730 0.586000
0.708442 0.819123 0.587404
0.714551 0.821494 0.588325
0.720860 0.823983 0.589161
0.727179 0.826603 0.590385
0.733374 0.829207 0.591763
0.739308 0.831751 0.593061
0.745297 0.834438 0.595188
0.751411 0.837207 0.597539
0.757531 0.840061 0.600054
0.763936 0.843024 0.602378
0.770638 0.846188 0.604907
0.776762 0.849031 0.606447
0.782807 0.851784 0.607739
0.789326 0.854809 0.609040
0.795542 0.857640 0.610311
0.802200 0.860696 0.611562
0.808703 0.863734 0.613497
0.815509 0.866904 0.616033
0.822544 0.870196 0.618586
0.829410 0.873333 0.621115
0.836549 0.876571 0.623601
0.843890 0.879862 0.625970
0.850610 0.882686 0.627062
0.857621 0.885629 0.628212
0.864213 0.888291 0.629273
0.870981 0.890997 0.630342
0.878018 0.893749 0.631393
0.885244 0.896584 0.633390
0.892563 0.899406 0.635709
0.899988 0.902210 0.638274
0.907272 0.904844 0.640445
0.914643 0.907423 0.642604
0.921795 0.909805 0.644289
0.928938 0.912044 0.645240
0.936084 0.914197 0.646162
0.943052 0.916201 0.647026
0.950511 0.918265 0.647849
0.957120 0.920029 0.649217
