-0.098015 0.024958 0.209487
-0.092815 0.023851 0.209821
-0.087646 0.022782 0.210158
-0.082428 0.021755 0.210536
-0.077446 0.020782 0.210984
-0.072406 0.019843 0.211462
-0.066769 0.018908 0.212709
-0.061263 0.018027 0.213870
-0.055650 0.017202 0.215032
-0.050081 0.016433 0.216228
-0.044390 0.015717 0.217421
-0.038935 0.015070 0.218437
-0.033667 0.014477 0.219274
-0.028738 0.013933 0.220002
-0.023484 0.013455 0.220731
-0.018050 0.013039 0.221446
-0.012609 0.012662 0.222737
-0.006964 0.012347 0.224291
-0.001381 0.012087 0.225889
0.004353 0.011907 0.227491
0.010067 0.011793 0.229132
0.015273 0.011706 0.230449
0.020315 0.011680 0.231477
0.025320 0.011697 0.232655
0.030282 0.011771 0.233797
0.035327 0.011920 0.234858
0.040493 0.012108 0.236547
0.045919 0.012368 0.238738
0.051161 0.012673 0.240743
0.056313 0.013013 0.242913
0.061330 0.013409 0.244762
0.066275 0.013840 0.246760
0.070950 0.014294 0.248473
0.075546 0.014800 0.249984
0.080154 0.015368 0.251414
0.084647 0.015929 0.253261
0.089179 0.016534 0.255308
0.093779 0.017216 0.257205
0.098300 0.017891 0.259551
0.102895 0.018626 0.261902
0.107282 0.019348 0.264310
0.111488 0.020108 0.266299
0.115630 0.020908 0.268111
0.119654 0.021702 0.270127
0.123576 0.022493 0.272262
0.127465 0.023292 0.274531
0.131355 0.024155 0.276554
0.135269 0.025001 0.279054
0.139136 0.025907 0.281181
0.143105 0.026848 0.283479
0.146877 0.027772 0.285690
0.150696 0.028743 0.287755
0.154131 0.029599 0.290254
0.157655 0.030478 0.292827
0.161067 0.031352 0.295439
0.164378 0.032204 0.298120
0.167757 0.033074 0.300855
0.171411 0.034072 0.303291
0.174981 0.035051 0.305725
0.178542 0.036097 0.307801
0.182157 0.037136 0.310049
0.185802 0.038200 0.312166
0.189239 0.039167 0.314807
0.192836 0.040127 0.317704
0.196417 0.041105 0.320487
0.200129 0.042062 0.323608
0.203856 0.043070 0.326420
0.207840 0.044160 0.328912
0.211963 0.045384 0.330864
0.216242 0.046559 0.333248
0.220564 0.047728 0.335628
0.224963 0.048956 0.337934
0.229595 0.050168 0.340490
0.234571 0.051367 0.343465
0.239799 0.052604 0.346482
0.245210 0.053898 0.349363
0.250920 0.055274 0.352092
0.256947 0.056701 0.354775
0.263129 0.058226 0.357229
0.269536 0.059807 0.359593
0.276421 0.061444 0.362173
0.283661 0.063176 0.364932
0.291238 0.065021 0.367490
0.299265 0.066974 0.370095
0.307667 0.069055 0.372715
0.316454 0.071280 0.375364
0.325543 0.073650 0.378031
0.335050 0.076187 0.380741
0.344778 0.078956 0.383013
0.354998 0.081908 0.385614
0.365519 0.085066 0.388242
0.376284 0.088476 0.390868
0.387471 0.092214 0.393211
0.398897 0.096122 0.396088
0.410669 0.100349 0.399054
0.422594 0.104901 0.401746
0.434658 0.109735 0.404499
0.446834 0.114919 0.407054
0.459075 0.120338 0.409836
0.471328 0.126031 0.412713
0.483468 0.131955 0.415613
0.495381 0.138037 0.418623
0.507576 0.144562 0.421670
0.519466 0.151211 0.424643
0.531179 0.158013 0.427933
0.542728 0.165027 0.431023
0.553772 0.171986 0.434279
0.564713 0.179132 0.437885
0.575387 0.186377 0.441126
0.585917 0.193781 0.444123
0.596090 0.201157 0.447485
0.605848 0.208433 0.451009
0.615237 0.215636 0.454662
0.624434 0.222899 0.458588
0.632944 0.229726 0.462332
0.641269 0.236584 0.465602
0.649189 0.243206 0.468786
0.656907 0.249811 0.472726
0.664256 0.256209 0.476829
0.671522 0.262626 0.480198
0.678419 0.268834 0.484525
0.684999 0.274771 0.488334
0.691302 0.280518 0.491926
0.697477 0.286213 0.495554
0.703709 0.292029 0.499111
0.709428 0.297341 0.502320
0.715048 0.302543 0.505541
0.720214 0.307352 0.509200
0.725281 0.312054 0.512515
0.730201 0.316623 0.515919
0.734812 0.320910 0.519404
0.739783 0.325519 0.522948
0.744441 0.329824 0.526464
0.749008 0.334019 0.530009
0.753457 0.338060 0.533441
0.757694 0.341865 0.536886
0.761539 0.345207 0.539840
0.765504 0.348644 0.542847
0.769468 0.352014 0.545599
0.773464 0.355347 0.548096
0.777403 0.358564 0.550432
0.781550 0.362023 0.553734
0.785074 0.364952 0.557745
0.788674 0.367865 0.561388
0.792510 0.370894 0.564761
0.796276 0.373907 0.568889
0.800175 0.376734 0.571119
0.804538 0.379787 0.572411
0.808443 0.382449 0.573970
0.812321 0.385060 0.575822
0.816247 0.387640 0.577323
0.820609 0.390474 0.579165
0.824424 0.392946 0.581857
0.828192 0.395381 0.585276
0.832440 0.398063 0.588444
0.836523 0.400608 0.591945
0.840463 0.403004 0.595684
0.845379 0.405798 0.596813
0.849765 0.408216 0.597903
0.854833 0.410997 0.599047
0.859982 0.413781 0.600258
0.865036 0.416450 0.601426
0.869559 0.418852 0.603957
0.874588 0.421550 0.607328
0.879335 0.424051 0.610698
0.884376 0.426665 0.613647
0.889581 0.429323 0.616267
0.895401 0.432303 0.619113
0.901365 0.435298 0.620804
0.907120 0.438147 0.622032
0.913186 0.441155 0.623168
0.918824 0.443947 0.624443
0.924263 0.446630 0.625475
0.930836 0.449976 0.628060
0.937497 0.453396 0.630857
0.943818 0.456653 0.633747
0.950519 0.460143 0.636529
0.956824 0.463449 0.639373
0.963526 0.466981 0.641275
0.969666 0.470214 0.642141
0.975807 0.473486 0.643098
0.982076 0.476876 0.643924
0.988178 0.480221 0.644849
0.994217 0.483587 0.645979
1.001049 0.487530 0.648727
1.007771 0.491479 0.651478
1.014877 0.495736 0.654149
1.021895 0.500015 0.656813
1.028590 0.504173 0.659438
1.034987 0.508163 0.660698
1.041255 0.512119 0.661463
1.047380 0.516028 0.661839
1.053699 0.520163 0.662695
1.059895 0.524284 0.663511
1.066349 0.528683 0.664896
1.072806 0.533205 0.667189
1.079199 0.537762 0.669440
1.085724 0.542502 0.671683
1.091621 0.546845 0.673917
1.098333 0.551850 0.675328
