-0.125248 0.066589 0.210042
-0.120705 0.065857 0.210582
-0.116168 0.065147 0.211133
-0.111596 0.064473 0.211727
-0.107155 0.063827 0.212374
-0.102670 0.063208 0.213052
-0.097841 0.062615 0.214259
-0.093076 0.062056 0.215419
-0.088244 0.061542 0.216600
-0.083431 0.061070 0.217821
-0.078537 0.060640 0.219057
-0.073775 0.060256 0.220194
-0.069112 0.059908 0.221225
-0.064642 0.059590 0.222195
-0.059977 0.059335 0.223195
-0.055199 0.059133 0.224206
-0.050419 0.058959 0.225612
-0.045514 0.058834 0.227213
-0.040641 0.058751 0.228858
-0.035672 0.058734 0.230534
-0.030713 0.058769 0.232256
-0.026047 0.058820 0.233769
-0.021474 0.058923 0.235115
-0.016921 0.059062 0.236575
-0.012392 0.059249 0.238031
-0.007811 0.059500 0.239460
-0.003158 0.059782 0.241320
0.001651 0.060126 0.243542
0.006356 0.060508 0.245655
0.011006 0.060924 0.247898
0.015579 0.061391 0.249949
0.020111 0.061891 0.252114
0.024480 0.062422 0.254108
0.028804 0.062999 0.255984
0.033137 0.063633 0.257828
0.037399 0.064272 0.259967
0.041686 0.064954 0.262255
0.046020 0.065706 0.264467
0.050306 0.066463 0.266991
0.054643 0.067278 0.269539
0.058853 0.068098 0.272142
0.062957 0.068957 0.274472
0.067025 0.069862 0.276704
0.071023 0.070775 0.279080
0.074963 0.071700 0.281549
0.078889 0.072646 0.284124
0.082823 0.073651 0.286540
0.086781 0.074662 0.289294
0.090720 0.075730 0.291803
0.094734 0.076840 0.294434
0.098636 0.077950 0.297013
0.102582 0.079109 0.299503
0.106293 0.080199 0.302283
0.110079 0.081323 0.305123
0.113806 0.082454 0.307985
0.117487 0.083583 0.310897
0.121233 0.084741 0.313849
0.125180 0.086006 0.316593
0.129099 0.087270 0.319337
0.133035 0.088591 0.321827
0.137035 0.089920 0.324431
0.141086 0.091278 0.326941
0.145023 0.092576 0.329791
0.149101 0.093886 0.332809
0.153202 0.095216 0.335737
0.157424 0.096545 0.338883
0.161692 0.097913 0.341805
0.166179 0.099348 0.344500
0.170795 0.100882 0.346802
0.175563 0.102392 0.349386
0.180406 0.103900 0.351954
0.185336 0.105455 0.354443
0.190477 0.107008 0.357088
0.195909 0.108567 0.359995
0.201564 0.110159 0.362910
0.207397 0.111794 0.365713
0.213492 0.113490 0.368391
0.219870 0.115227 0.371021
0.226401 0.117035 0.373465
0.233148 0.118885 0.375833
0.240299 0.120787 0.378331
0.247751 0.122775 0.380918
0.255506 0.124848 0.383355
0.263651 0.127011 0.385803
0.272124 0.129281 0.388243
0.280935 0.131675 0.390685
0.290019 0.134195 0.393123
0.299469 0.136860 0.395579
0.309124 0.139711 0.397719
0.319202 0.142737 0.400070
0.329551 0.145950 0.402435
0.340109 0.149393 0.404780
0.351032 0.153120 0.406934
0.362164 0.157029 0.409438
0.373585 0.161235 0.411997
0.385137 0.165734 0.414371
0.396805 0.170508 0.416792
0.408550 0.175603 0.419072
0.420342 0.180937 0.421509
0.432125 0.186542 0.424011
0.443792 0.192381 0.426533
0.455245 0.198395 0.429131
0.466893 0.204813 0.431763
0.478250 0.211361 0.434339
0.489423 0.218075 0.437131
0.500422 0.224987 0.439802
0.510965 0.231878 0.442572
0.521381 0.238954 0.445586
0.531532 0.246107 0.448350
0.541527 0.253391 0.450963
0.551195 0.260669 0.453822
0.560487 0.267862 0.456776
0.569453 0.275002 0.459822
0.578229 0.282186 0.463049
0.586443 0.289011 0.466158
0.594485 0.295847 0.468967
0.602184 0.302473 0.471709
0.609703 0.309093 0.474958
0.616920 0.315541 0.478320
0.624052 0.321970 0.481207
0.630890 0.328248 0.484736
0.637470 0.334278 0.487921
0.643834 0.340157 0.490981
0.650091 0.345980 0.494075
0.656378 0.351871 0.497134
0.662282 0.357381 0.499985
0.668100 0.362771 0.502840
0.673587 0.367885 0.506005
0.678998 0.372901 0.508958
0.684302 0.377810 0.511985
0.689386 0.382519 0.515090
0.694720 0.387414 0.518232
0.699836 0.392094 0.521378
0.704889 0.396683 0.524561
0.709861 0.401147 0.527685
0.714688 0.405434 0.530833
0.719239 0.409379 0.533670
0.723883 0.413376 0.536556
0.728534 0.417307 0.539286
0.733214 0.421192 0.541858
0.737862 0.424976 0.544333
0.742666 0.428924 0.547465
0.747043 0.432505 0.551081
0.751480 0.436049 0.554461
0.756093 0.439645 0.557669
0.760675 0.443234 0.561400
0.765334 0.446616 0.563845
0.770329 0.450127 0.565674
0.775013 0.453355 0.567682
0.779684 0.456528 0.569887
0.784403 0.459664 0.571865
0.789409 0.462924 0.574051
0.794051 0.465940 0.576814
0.798662 0.468915 0.580060
0.803605 0.472025 0.583134
0.808444 0.475033 0.586434
0.813160 0.477893 0.589865
0.818555 0.480975 0.591543
0.823584 0.483779 0.593180
0.829075 0.486803 0.594845
0.834628 0.489818 0.596552
0.840085 0.492710 0.598197
0.845181 0.495427 0.600756
0.850620 0.498339 0.603878
0.855833 0.501076 0.606966
0.861262 0.503887 0.609775
0.866768 0.506681 0.612330
0.872689 0.509683 0.615033
0.878716 0.512677 0.616953
0.884569 0.515532 0.618525
0.890647 0.518495 0.620040
0.896399 0.521282 0.621613
0.902022 0.523992 0.623018
0.908395 0.527143 0.625469
0.914788 0.530306 0.628033
0.920966 0.533371 0.630665
0.927363 0.536550 0.633195
0.933497 0.539608 0.635762
0.939912 0.542803 0.637689
0.945925 0.545768 0.638881
0.951956 0.548772 0.640140
0.958042 0.551818 0.641280
0.964019 0.554839 0.642484
0.969957 0.557879 0.643825
0.976382 0.561257 0.646241
0.982753 0.564652 0.648670
0.989358 0.568206 0.651019
0.995912 0.571775 0.653364
1.002246 0.575264 0.655675
1.008390 0.578637 0.657039
1.014450 0.581981 0.658052
1.020413 0.585292 0.658787
1.026504 0.588738 0.659842
1.032507 0.592172 0.660861
1.038684 0.595773 0.662263
1.044854 0.599449 0.664286
1.050981 0.603142 0.666273
1.057204 0.606942 0.668250
1.062984 0.610503 0.670211
1.069355 0.614451 0.671597
