0.561647
0.231697
0.179041
0.162806
0.255213
0.543176
0.506635
0.342727
0.879816
0.172508
0.339237
0.101963
0.491993
0.243994
0.346463
0.389118
0.477728
0.460621
0.514825
0.169425
0.190382
0.165078
0.448982
1.169531
0.105468
0.067869
0.199228
0.713915
0.182083
0.250919
0.886528
0.153003
0.283157
1.114244
0.596668
0.637486
0.784262
0.223320
1.018057
0.089471
0.203612
0.286114
0.441892
0.075692
0.658098
1.103874
0.352082
0.187716
0.360628
0.454254
0.552526
0.246585
0.361515
0.611526
0.244391
0.292742
0.307663
0.092553
0.554405
0.352309
0.242253
0.210289
1.337362
0.482116
0.183951
0.929602
0.433357
0.737337
0.265131
0.429923
0.582874
0.357798
0.118632
0.996183
0.789100
0.609748
0.513285
0.413827
0.952212
0.700796
1.247399
0.585678
0.596748
0.154513
0.512855
0.333419
0.886658
0.373016
0.569188
0.913529
0.698135
0.281284
0.530187
0.684171
1.040622
0.392339
0.485910
0.821246
1.010323
0.249255
1.140548
0.205172
0.277965
0.592680
1.211497
0.413637
0.492838
0.226166
0.533755
0.393480
0.331729
0.417541
0.227637
0.577816
0.303926
0.357284
0.529220
0.203693
0.499505
0.086265
0.610792
0.364338
0.284881
0.510697
0.220137
1.003367
0.188600
0.719910
0.122574
0.300731
0.266921
0.297948
0.579208
0.627712
0.230939
0.313998
1.160376
0.225973
0.285760
0.503038
0.706353
0.156748
0.309741
0.506985
0.633955
0.377093
0.231266
0.809329
0.438075
0.308528
0.244651
0.485835
0.250205
0.157192
0.558556
0.388311
0.214478
0.130174
0.679857
0.242053
1.147277
0.418605
0.865615
0.665234
0.231583
0.494942
0.251325
0.687313
0.516288
0.188324
0.373879
0.304872
0.605873
0.313353
0.567289
0.440078
0.572494
0.079466
0.347441
0.544934
0.216348
0.215315
0.285714
0.644043
0.467975
0.532133
0.257461
0.324067
1.021862
0.274606
0.174218
0.392744
0.885139
0.174604
0.172809
0.648867
0.347037
0.516297
0.040386
0.207015
0.653715
0.949799
0.612864
0.219288
0.573232
0.625597
0.381357
0.386963
0.286481
0.934847
0.659218
0.630960
0.379072
0.845546
0.263825
0.554217
0.444320
0.492356
0.190929
0.315536
0.472617
0.177981
0.224390
0.232965
0.132953
0.250798
0.108556
0.368351
0.778728
0.147985
0.451340
0.470618
0.303207
0.458829
0.170642
1.247514
0.550676
0.294700
0.354128
0.706730
0.425828
0.358889
0.132835
0.260613
0.532948
0.435159
0.215165
0.323977
0.151187
0.688689
0.525558
0.226727
0.466490
0.234638
0.210258
0.190931
0.245274
0.119649
0.984745
0.262520
0.259700
0.400746
0.230439
0.247025
0.252323
0.295033
0.250108
0.129050
0.203827
0.157395
0.413679
0.229521
0.054071
0.615329
0.176515
0.315601
0.620099
0.397712
0.161871
0.676969
0.548607
0.240779
0.152026
0.887298
0.233130
0.257255
0.520135
0.494500
0.371038
0.606832
0.600669
0.158116
0.250494
0.298925
0.231500
0.255919
0.261557
0.872764
0.400246
0.312808
0.578632
0.570585
0.579366
0.081494
1.130843
0.283348
0.400327
0.182127
0.524350
0.197326
1.283575
0.233500
0.360522
0.107009
0.565485
0.252038
0.890212
0.380466
0.253352
0.861018
0.544966
0.099643
0.408657
0.081852
0.070403
0.669099
0.533235
0.573334
0.751104
0.601410
0.528930
0.289798
0.309847
0.805902
1.131352
0.449608
0.398512
0.340989
0.495695
0.832305
0.522502
0.723844
0.435829
0.319164
0.312378
0.294053
0.275511
0.482825
0.288416
0.250099
0.128669
0.192872
0.539078
0.159352
0.359434
0.632864
0.369523
0.253204
0.474150
0.814429
0.815988
0.139592
1.568205
0.345555
0.568653
0.123394
0.469830
0.400085
0.459238
0.301349
0.516761
0.384171
0.382211
0.409928
0.269345
0.104148
0.317768
0.132305
0.341426
0.321602
0.241798
0.927238
0.737317
0.529131
0.614086
0.152587
0.106139
0.341802
0.365319
0.215465
0.135243
0.107602
0.579544
0.312144
0.204060
0.507328
0.071341
0.489219
0.803988
0.229646
0.383369
0.410910
0.745439
0.260693
0.165500
0.971410
0.362129
0.123879
0.237962
0.646368
0.886091
0.545305
0.181154
0.300742
0.150783
0.155352
0.294522
0.375886
0.732313
0.476427
0.136031
0.689905
0.094727
0.436664
0.186827
0.265291
0.330567
0.566331
0.373534
0.422015
0.210073
0.753515
0.298797
0.239052
0.254989
0.245144
0.131322
0.181060
0.247965
0.367166
0.157609
0.604643
0.172674
0.416433
0.194906
0.401262
0.355879
0.442375
0.234433
0.445744
0.136677
0.350343
1.072294
0.287164
0.426327
0.346783
0.515081
0.448390
0.094357
0.103259
0.157115
0.118089
0.498958
0.224372
0.831128
0.632659
0.126093
0.590937
0.499165
0.480359
0.365675
0.619007
0.697769
0.291537
0.076077
0.278766
0.575451
0.234236
0.128868
0.136709
0.694233
0.751843
0.251603
0.127285
0.231438
0.816491
0.311790
0.567410
0.628999
0.301537
0.220503
0.891525
0.571672
0.319900
0.142217
0.476283
0.466982
0.280403
0.560158
0.753363
0.159863
1.215995
0.275605
0.113473
0.162632
0.343894
0.160702
0.100184
0.284533
0.420517
0.238187
0.248495
0.269191
0.546851
1.165543
0.413086
0.597893
0.078633
0.308035
0.147256
0.335112
0.332088
0.412745
0.212997
0.388927
0.252749
0.150845
0.146425
0.450405
0.247893
0.434853
0.230749
1.295045
0.379974
0.172447
0.333389
0.234833
1.161206
0.434570
0.088889
0.644788
0.486485
0.368333
0.673432
0.427649
0.580257
0.059433
0.605219
0.076423
0.161469
0.061940
0.640104
0.269622
0.126610
0.436254
0.292145
0.272137
0.225980
0.895524
0.452008
0.068090
0.742292
0.222227
0.095328
0.213938
0.153100
0.252380
0.385637
0.182732
0.770987
0.682938
0.070415
0.362048
0.377533
0.266011
0.405535
0.577751
0.234975
0.178713
0.155892
0.770988
0.500841
0.626274
0.470250
0.936658
0.225316
0.348701
0.913635
0.227654
0.595061
0.154687
0.231226
0.161094
0.129092
0.265247
0.094845
0.210689
0.319498
0.302102
0.568600
0.525273
0.178713
0.269771
0.065277
0.236486
0.152830
0.376382
0.378321
0.167765
0.155440
0.659914
0.667923
0.963000
0.395984
0.362618
0.563457
1.296923
0.612133
0.407782
0.745148
0.609862
0.185492
0.200904
0.261836
0.414447
0.415383
0.163913
0.179369
0.304427
0.183521
0.899721
0.321439
0.168383
0.238248
0.220464
0.137983
0.662352
0.248780
0.354461
0.271907
0.272385
0.141523
0.140555
0.452433
0.536415
0.201737
0.511498
0.151566
0.874418
0.508222
0.101173
0.354954
0.242185
0.488604
0.241257
0.172050
0.351619
0.327606
0.287741
0.521640
0.603534
0.440756
0.507905
0.524752
0.518055
0.174882
0.372980
0.295814
0.403967
0.377473
0.382533
0.191994
0.302783
0.319868
0.100933
0.147569
0.940793
0.100073
0.182228
0.556543
0.175847
0.833353
0.742298
0.299641
0.466755
0.265748
0.568823
0.376875
0.220523
0.475271
0.274130
0.148763
0.398484
0.134599
1.072740
0.291262
0.684989
0.540979
0.580683
0.104863
0.485409
0.289524
0.502228
0.338181
0.584930
0.348458
0.480596
0.334384
0.166096
0.154056
0.238214
0.450667
0.113439
0.363644
0.321629
0.368734
1.343109
0.247276
0.142116
0.086324
0.106493
0.293957
0.350194
0.309914
0.347422
1.104401
0.282395
0.288220
0.480695
0.323322
0.429756
0.147155
0.179728
0.165085
0.228025
0.458271
1.513417
0.196470
1.353348
0.588553
0.149137
0.135502
0.137572
0.206995
0.216936
0.168864
0.327992
0.460224
0.562818
0.692686
0.325741
0.251900
0.410111
0.927217
0.349441
0.697454
0.457791
0.376516
0.227370
0.116763
0.222155
0.287204
0.423883
0.550867
0.110803
0.045070
0.253204
0.566815
0.382103
0.504649
0.242995
0.204186
0.171150
0.033375
0.766133
1.422950
0.180553
0.240671
0.591053
0.343979
0.474461
0.188254
0.715384
0.191783
1.090109
0.189501
0.256536
0.501497
0.155705
1.007123
0.432515
0.340863
0.679878
0.086477
0.243445
0.435820
0.393253
0.422140
0.184744
0.095885
0.426964
0.253275
0.415815
0.273441
0.245684
0.626763
0.622292
0.564978
0.120469
0.212016
0.285613
0.252255
1.113293
0.199179
0.236089
0.138327
0.252099
0.376848
0.797970
0.241062
0.194823
0.177313
0.324342
0.807048
0.590465
0.211698
0.571149
0.520048
0.366378
1.035597
0.131850
0.205472
0.617232
0.191385
0.405879
0.163406
0.152141
0.306895
0.408555
0.248681
0.216218
0.021238
1.242978
0.342956
0.701971
0.444018
0.287731
0.530868
0.746405
0.374345
0.827323
0.416378
0.316565
0.309998
0.250789
0.558050
0.140113
0.422100
0.410594
0.090854
0.753546
0.187400
0.605504
0.463913
0.199037
0.431954
0.443945
0.168752
0.541047
0.241074
0.234554
0.435204
0.523023
0.298024
0.284993
0.456152
0.235063
0.585255
0.280702
0.269513
0.522913
0.529457
0.206274
0.579061
0.239192
0.638498
0.412181
0.521585
0.485018
0.509022
0.415466
0.367241
0.612052
0.247155
0.641034
0.197186
0.682921
0.566414
0.310058
0.491277
0.810655
0.465169
0.420579
0.319643
0.211381
0.180605
0.313700
0.222040
0.376692
0.221809
0.785273
0.249762
0.374176
0.536145
0.151107
0.341371
0.145167
0.277564
0.297428
0.451172
0.226489
0.272566
0.966878
0.431061
0.257289
0.329012
0.211985
0.493361
0.194906
0.131168
0.404459
0.272901
0.418798
0.288791
0.319029
0.057683
0.289154
0.147178
0.323583
0.281198
0.481236
0.331965
0.292876
0.142369
0.137119
0.231982
0.390850
0.119840
0.205545
0.654520
0.301768
0.899702
0.280825
0.155449
0.286286
0.197692
0.947601
0.122552
0.235065
0.734861
0.142434
0.100653
0.107189
0.960718
0.678057
0.616093
0.247450
0.228820
0.112075
0.096110
0.329344
0.617379
0.270288
0.264385
0.335762
0.201570
0.316472
0.252179
0.312331
0.326198
0.266483
0.135978
0.438578
0.441987
1.345133
0.314873
0.267260
0.352132
0.177656
0.175536
0.852821
0.338478
0.210640
0.259735
0.375274
0.210033
0.415775
0.376546
0.331915
0.148202
0.253207
0.565458
0.115355
0.325754
0.611285
0.159547
0.809848
0.468694
0.174890
0.157707
0.358051
0.313785
0.299644
0.169785
0.673022
0.413322
0.694984
0.179517
1.389586
0.165687
0.559141
0.960621
0.853114
0.725577
0.149767
0.591476
0.244541
0.688527
0.211664
0.780680
0.330177
0.214158
0.235861
0.812320
0.154246
0.432679
0.551752
0.354830
0.085232
0.180236
0.552160
0.838099
0.294925
0.288458
0.419731
0.176207
0.421218
0.127372
0.225066
0.387284
0.601606
0.170176
0.165342
0.125018
0.227829
0.271632
0.205661
0.473138
0.266482
0.271127
1.204687
0.304370
0.164542
0.294959
0.277285
0.216802
0.477999
0.513412
0.222155
0.251229
0.117816
0.196385
0.597811
0.282670
0.529076
0.450966
0.123998
0.871359
0.457640
0.281002
0.845727
0.313346
0.675573
0.205104
0.144926
0.808617
0.992179
0.540669
0.200773
0.222023
0.194628
0.459012
0.231426
0.536409
0.310209
0.293461
0.568899
0.617652
0.619028
0.345847
0.608095
0.486817
0.403919
0.431368
0.306750
0.214360
0.145413
0.327508
0.543719
0.323860
0.112571
0.120459
0.463162
0.187601
0.280460
0.182991
0.256845
0.354037
0.368510
0.337398
0.434443
0.282779
0.426639
0.099291
0.213201
0.325416
0.179843
0.388058
0.236497
0.057452
0.117164
0.469285
0.549954
0.305181
0.195556
0.596597
0.247738
0.204499
0.222961
0.321479
0.100537
0.418314
0.150449
0.211794
0.183401
0.196624
0.374209
0.154281
0.241102
0.357143
0.226359
0.245572
0.058881
0.487267
0.266805
0.690321
0.304540
0.161013
0.563782
0.544122
0.327538
0.421760
0.108733
0.091718
0.208279
0.230909
0.259808
0.447156
0.403944
0.241061
0.274970
0.320835
0.466192
0.802011
0.116740
0.515680
0.411271
0.219487
0.202983
0.412619
0.148210
0.243597
0.351421
0.089538
0.322237
0.186657
0.179525
0.373201
0.136684
0.446951
0.175592
0.192507
0.290249
0.290025
0.718046
0.384816
0.602931
0.218670
1.077629
0.390893
0.201193
0.223690
0.260336
0.278539
0.178168
0.328727
0.296384
0.352510
0.242166
0.270220
0.374218
0.246687
0.400738
0.322184
0.398728
0.393693
0.393421
0.275412
0.223692
1.009872
0.279860
0.338264
0.282512
0.295576
0.394398
0.716814
0.405193
0.239633
0.133320
0.375335
0.748465
0.896144
0.265472
0.383339
0.387355
0.246633
0.237775
0.568210
0.137975
0.579625
0.388090
0.141842
0.153308
0.384696
0.285921
0.092568
0.317754
0.188705
0.388276
0.324535
0.656622
0.322589
0.250832
0.138757
0.332024
0.360675
0.219795
0.182284
0.187761
0.414772
0.106891
0.525206
0.156919
0.218347
0.224051
0.113811
0.451810
0.383227
0.719049
0.232314
0.366570
0.497157
0.302052
0.398601
0.147920
0.292323
0.168637
0.343600
0.218218
0.498029
0.266079
0.251067
0.330856
0.379104
0.315273
0.236736
0.336030
0.412313
0.180842
0.478022
0.492624
0.903723
0.459245
0.306026
0.533485
0.220628
0.365500
0.893585
0.199900
0.356179
0.273734
0.238046
0.137174
0.247359
0.442697
0.156233
0.172754
0.313895
0.368592
0.256267
0.133626
0.540411
0.399596
0.318030
0.156259
0.360283
0.365817
0.192083
0.661720
0.181274
0.522653
0.269353
0.398955
0.731202
0.313101
0.368308
0.167191
0.108995
0.362306
0.112169
0.203391
0.640755
0.164036
0.176255
0.109123
0.487821
0.422224
0.518350
0.531126
0.192315
0.376242
0.544295
0.434697
0.298972
0.227765
0.396200
0.364160
0.124270
0.107929
0.604280
0.114290
0.160169
0.672167
0.523863
0.169497
0.691878
0.069235
0.281216
0.157583
0.352520
0.257922
0.450296
0.262806
0.617481
0.467477
0.935472
0.181319
0.106293
0.261749
0.231653
0.158335
0.186625
0.203998
0.220112
0.663822
0.085976
0.414321
0.121103
0.215897
0.335567
0.344517
0.172461
0.216969
0.204813
0.149727
0.612836
0.351989
0.210315
0.420663
0.344637
0.458464
0.368216
0.489824
0.527354
0.237515
0.142369
0.505836
0.283971
0.299875
0.256089
0.279031
0.233274
0.434412
0.328997
0.313902
0.108832
0.319014
0.135415
0.075929
0.148891
0.759714
0.563616
0.466827
0.066317
0.146648
0.346417
0.223137
0.378984
0.288494
0.313482
0.437723
0.211586
0.251423
0.282108
0.098088
0.284296
0.323127
0.199351
0.339709
0.116503
0.680332
0.187645
0.524326
0.323002
0.506235
0.305159
0.247451
0.276266
0.295032
0.370753
0.319834
0.418549
0.290582
0.328792
0.182905
0.138917
0.100909
0.252136
0.424102
0.198019
0.244984
0.247368
0.314418
0.247336
0.198858
0.317036
0.356340
0.420729
0.494207
0.532798
0.234601
0.710194
0.139803
0.137422
0.163034
0.223342
0.673395
0.547456
0.185163
0.327920
0.282540
0.335989
0.090271
0.118337
0.423102
0.219168
0.497258
0.187777
0.110611
0.781798
0.184291
0.163649
0.233515
0.119286
0.151265
0.447537
0.363177
0.171821
0.391883
0.358947
0.324325
0.274389
0.158461
0.120040
0.613108
0.307297
0.207555
0.307891
0.261278
0.146400
0.261296
0.305180
0.364759
0.201623
0.265780
0.341629
0.363251
0.150449
0.351522
0.179381
0.268964
0.264833
0.173455
0.196956
0.311966
0.178011
0.358010
0.420593
0.107992
0.135463
0.175189
0.270573
0.421368
0.359208
0.407159
0.198065
0.372916
0.126772
0.252727
0.405088
0.082789
0.169307
0.331928
0.131659
0.160393
0.279375
0.127306
0.313376
0.090360
0.107063
0.387593
0.204985
0.089162
0.136585
0.826032
0.439194
0.127374
0.316572
0.335563
0.317098
0.175504
0.479619
0.349500
0.243782
0.563942
0.783900
0.166401
0.538790
0.107617
0.357294
0.666634
0.524072
0.293180
0.439928
0.069410
0.526086
0.171445
0.169295
0.098812
0.325712
0.085920
0.567573
0.111518
0.210376
0.280393
0.137714
0.470279
0.208391
0.186668
0.137593
0.057409
0.135450
0.124825
0.230376
0.153589
0.125775
0.040871
0.184263
0.064090
0.203889
0.215629
0.305261
0.212678
0.204999
0.253564
0.349788
0.166171
0.237784
0.446370
0.093354
0.112550
0.105637
0.084579
0.212943
0.183011
0.085224
0.141218
0.290680
0.209687
0.100132
0.092410
0.219252
0.663521
0.109774
0.303203
0.148614
0.044712
0.081102
0.153764
0.315026
0.144845
0.154857
0.051266
0.141489
0.145736
0.199523
0.255102
0.146668
0.132058
0.303077
0.556256
0.186059
0.167066
0.401189
0.250582
0.076446
0.568680
0.122163
0.106125
0.155886
0.069373
0.218140
0.105807
0.094602
0.240591
0.498719
0.191684
0.143520
0.128183
0.174739
0.029359
0.106368
