0.501058
1.617487
1.286176
0.479298
0.988471
1.423733
0.933086
1.551242
1.209744
0.886287
0.523719
1.323933
0.609550
1.275950
1.048468
1.848321
1.453248
1.076710
1.397621
1.030684
0.471856
0.489111
1.630539
1.243367
0.819789
1.445951
1.461661
1.207985
1.281877
1.682287
1.292525
1.500118
1.577356
0.409991
1.035409
0.905692
0.998073
0.494802
1.106859
1.304363
0.505929
1.147134
0.820857
0.485399
0.945414
0.507245
1.307719
1.481298
1.906166
1.098457
1.160247
1.668535
1.152024
1.164811
1.258533
1.940211
0.903874
0.534480
1.456790
1.927298
2.046160
0.547224
0.662671
0.934556
1.466074
1.385180
2.000265
1.082219
1.001959
1.733522
1.977429
1.366220
1.520406
1.165074
0.918815
1.071969
1.320502
0.815906
1.086257
0.744913
1.241422
0.615277
1.464319
0.867093
0.865560
0.760972
1.097941
1.514970
1.365532
1.088429
1.570571
1.345069
1.182403
1.384098
1.078598
0.464172
0.870645
1.393731
1.113195
1.266437
1.419892
1.112102
0.428447
1.020469
1.158344
0.740210
1.094495
1.058276
1.359012
0.691540
1.834293
1.856328
1.201456
1.069735
1.488054
1.001567
0.547503
0.478843
1.398206
1.367249
0.579683
1.556696
0.559770
0.990400
1.595432
1.481188
1.496258
1.556580
1.713790
2.006797
1.035537
1.693855
1.120885
1.899027
0.574603
1.154609
1.718024
1.368101
0.924782
0.433088
1.181236
1.744271
1.104339
1.403323
1.842424
1.161552
1.630105
1.095719
0.901767
1.048154
1.396520
1.903439
0.615304
1.197876
0.877447
0.526307
0.487397
1.835766
1.206858
1.930845
1.402307
1.439953
1.390951
1.079453
1.499062
1.146303
1.193830
0.943329
1.030986
1.547660
1.215895
0.822282
0.776626
0.929775
0.850947
1.675583
1.301748
1.399086
1.388615
0.924190
1.504075
0.534883
1.445169
0.470362
1.493539
1.329206
0.662652
1.362841
1.595539
1.937578
0.570789
1.363658
0.368542
1.590437
1.772727
1.164438
1.010629
1.133667
0.967623
1.006694
0.989487
1.329343
1.457940
1.215676
1.572035
1.117623
1.244550
1.821219
1.704919
1.316405
0.901460
1.492548
0.914739
0.367259
0.526501
1.562613
1.399345
1.670642
1.614990
1.491168
1.483829
1.804446
1.948474
1.090987
1.304342
1.425740
1.467610
1.663903
1.129580
1.412418
0.514652
0.542160
1.504559
1.278987
1.683717
0.559054
1.111850
0.868086
1.493893
1.230299
1.329487
1.437632
1.611365
1.054813
1.737024
0.535375
1.391077
0.541223
0.392459
1.124122
1.335845
1.423208
1.070195
1.608693
1.429629
0.476189
1.616391
1.207800
1.147497
1.336757
1.276975
0.508673
1.583452
1.336291
0.512484
1.391817
1.129312
0.513571
1.502683
1.291948
0.549485
0.499388
0.523867
1.259111
1.335198
0.952059
0.946708
1.144560
1.315676
0.938546
1.899975
1.401313
1.511530
0.924296
0.392426
2.030494
1.552604
0.485684
0.553045
0.973439
0.510792
1.310912
1.557435
1.523811
0.465181
0.755572
1.298541
1.142943
1.601874
1.528771
1.417968
0.846979
1.162117
1.121443
1.658867
1.542121
1.371477
1.682621
0.859032
1.770264
0.987658
0.547071
1.151703
1.148894
1.180673
1.853580
1.709350
0.915104
1.569912
1.187043
0.421467
1.297405
1.723867
0.503686
0.972955
1.801022
0.528513
1.126507
0.964071
0.628221
0.974898
1.451572
1.479974
1.364733
0.962697
1.794976
0.804349
1.724455
1.319003
1.567978
2.025960
1.035345
1.863846
1.518071
1.686652
1.872102
0.438542
0.779336
1.708139
1.944785
1.600848
0.554253
1.229611
1.031180
0.513811
1.558313
1.370615
1.141778
1.127087
1.771574
0.665899
0.434742
1.351040
0.973243
1.236839
1.439051
0.548158
0.544896
0.732414
1.111884
1.924907
1.061319
0.347678
0.752371
1.886370
1.412165
2.147094
1.152336
1.797704
1.959759
1.357386
1.070601
1.431508
1.490266
0.907439
0.964599
1.496699
1.153677
1.237293
1.332787
1.468826
0.502439
0.823604
1.411395
1.233130
1.517892
1.170437
1.452701
1.296866
1.894894
1.040800
1.577743
0.871415
1.245156
1.663246
0.779299
0.984468
1.730285
1.539205
1.532836
1.063593
1.505034
1.717201
1.894005
1.450405
1.752999
0.730527
1.073742
1.489669
0.912896
0.494994
1.246712
1.429756
0.695916
1.474782
0.478313
1.775899
1.979969
1.134762
1.774160
0.458637
0.931581
0.962600
1.592402
0.434776
2.012435
0.509413
1.900029
1.291350
0.514016
1.399645
1.038472
1.311402
1.607396
1.178664
1.683450
1.804142
1.427671
0.517646
1.680195
1.809042
1.119516
0.996628
0.586162
1.511128
1.590518
0.478894
1.600626
1.212193
1.443232
1.599315
0.503891
1.517800
1.224801
0.907448
1.231768
0.475792
0.796127
1.531939
0.486991
1.380480
1.493824
1.685749
1.338874
1.434257
0.826824
1.845984
1.489233
0.492320
1.503009
1.579375
1.083681
1.299353
0.445907
1.545243
1.452719
0.512476
0.470741
1.237586
0.490363
1.805979
1.044720
1.636678
1.811097
0.501227
0.851464
1.123663
1.383251
1.554358
0.531432
1.788649
1.007801
1.266169
1.438096
1.626121
1.410458
1.299619
1.343354
0.798930
1.113114
1.999795
1.466917
1.502224
1.608079
0.785240
1.643123
1.356270
1.869152
1.426839
0.486605
0.499557
1.698113
1.064601
1.329865
0.810378
1.216734
1.393306
1.469833
1.339820
1.712922
0.878857
1.476979
1.242767
1.162487
1.547311
0.901085
1.380170
1.288088
1.328703
0.694169
1.557362
1.845029
1.919332
0.936753
1.670687
1.358719
1.448073
1.953327
0.470500
1.093622
1.753663
0.552716
1.377813
1.841119
0.830332
0.566897
1.365835
1.636825
1.325371
1.381977
1.300851
1.192204
0.390131
1.552799
1.651230
0.479487
1.593151
1.509558
1.613664
1.018586
1.075056
1.600821
0.913205
1.486505
1.782034
1.880354
1.411626
1.437133
0.466199
1.428937
1.802191
1.563717
0.566631
1.471219
1.108307
0.508139
0.417247
1.227157
1.642996
1.464057
1.447544
1.811616
1.630924
0.445030
1.359037
1.437860
0.543360
1.539527
1.517334
1.238209
1.373735
0.459059
1.243686
1.440848
0.990739
0.502213
1.283479
1.606127
0.551666
1.476808
1.232424
1.223036
1.068586
1.495300
1.498759
1.814674
0.786690
1.384521
1.435532
1.222693
1.210547
1.031687
1.417283
2.076532
1.619567
1.420329
1.554575
1.650219
1.398827
1.153325
0.449968
1.730364
1.356968
1.814230
0.440082
0.449086
0.964247
0.564119
1.691524
0.487429
1.173466
0.767278
1.820467
1.303412
0.908169
0.454431
1.227120
0.470192
1.527727
1.001186
0.432472
1.507613
1.128222
1.154422
1.093681
0.479972
0.521241
1.096141
0.512819
0.458966
0.790371
1.947396
1.249908
1.640559
1.397542
1.338086
0.972900
1.291315
1.549847
1.140350
1.121607
1.641267
1.063428
1.686373
1.039240
0.918922
1.239033
1.751627
1.119917
0.495892
1.647481
1.413515
0.512631
0.528073
1.737323
1.745813
1.584277
0.583147
0.482353
1.172804
1.837709
0.540619
1.523586
0.552874
1.148756
1.301381
1.453912
1.516922
1.368224
1.399092
1.473915
0.800835
1.421623
1.806955
0.446898
1.345656
1.033062
1.045578
1.670027
1.593814
1.973860
1.725389
1.350211
1.482968
1.462370
1.456828
1.041654
0.530682
1.457698
1.347725
1.581534
1.408381
1.549470
0.536808
1.412809
1.665304
1.136725
1.697706
1.760007
0.491446
1.518962
1.951334
0.511808
1.689618
0.555156
0.528270
0.954061
1.827467
1.703598
0.488243
1.728933
1.697454
1.541443
1.638965
1.488572
1.826030
1.719931
0.475351
1.442199
0.471751
0.743804
1.578815
1.365031
1.543557
1.772030
1.721435
1.786353
1.936257
1.920735
0.474424
2.074603
0.891056
1.240384
0.904810
1.808057
1.582100
0.873232
1.055185
0.492934
0.984436
1.351205
1.666887
1.481369
1.443925
1.400682
0.794238
1.488614
0.698795
1.220386
0.813888
1.187590
0.904878
1.235918
0.882587
1.006178
0.955463
0.471000
1.099553
0.546247
1.031131
1.471991
1.263424
1.455969
0.520972
1.650989
0.512089
0.513633
0.511579
1.135294
0.490888
0.686219
0.537753
0.495733
0.424633
0.624931
0.538773
1.306694
0.831198
1.424112
0.374084
1.389368
1.276030
0.506035
0.961701
0.860922
0.888652
0.415490
1.183816
1.066492
1.262811
1.707128
1.143960
0.529720
0.500607
0.478826
0.998655
1.167196
1.174171
0.531650
1.164891
1.150197
0.516060
1.018728
0.990448
1.143840
1.105252
1.122014
0.572250
1.363905
0.567683
1.371678
1.549530
1.649122
1.222624
0.488127
0.545039
1.264958
0.943621
0.480220
1.179718
1.772221
1.111128
1.213531
0.543407
0.591274
0.685363
0.522951
1.033707
0.582516
1.175952
0.806614
0.781595
1.347987
0.547186
0.716700
1.181541
1.411601
0.478533
0.878400
0.519719
0.504579
0.550855
0.589162
0.513627
0.553464
0.567597
1.174000
1.276674
0.506114
0.978855
0.583617
0.845966
1.293671
1.258823
1.181961
1.102261
1.075490
0.679809
0.921023
1.244338
0.519720
1.327907
1.430427
0.875312
0.530134
0.482684
0.497781
1.684288
1.545130
0.478303
1.131449
1.285919
0.961565
1.060513
1.273674
1.041831
1.248434
0.536058
0.732720
1.029162
1.943305
0.987371
1.079383
1.194133
0.456405
1.593627
0.505159
0.985521
0.616709
1.857545
0.574422
1.637791
1.708930
0.551133
1.163306
1.653398
1.317953
1.543002
0.982548
1.053558
1.011669
1.453032
0.569784
1.422556
1.416065
1.476753
1.424543
0.483301
0.709800
0.525889
0.978843
0.824627
0.469408
1.036646
1.089431
0.960967
1.439708
1.324297
0.998482
1.018730
1.002526
1.248954
1.761555
0.514630
1.339962
0.507954
1.143112
1.781575
1.675926
1.342493
1.838921
1.265777
1.350277
1.070956
1.085851
1.113450
0.444575
1.196178
1.107656
1.322963
0.500271
0.534748
1.238360
0.800793
0.790170
0.919834
0.487460
0.497933
1.055851
1.019630
1.030692
0.478999
0.493694
1.172663
1.962962
1.412481
1.321964
1.477856
1.047038
0.492567
0.741079
1.445708
1.132879
1.607006
0.706208
0.898543
0.671390
1.634599
1.408784
0.553765
1.488121
1.000423
0.517318
0.405655
1.017468
0.672241
0.821882
0.515442
1.111428
1.490836
1.487684
0.559216
1.621203
0.518167
1.295441
1.186211
0.494308
0.562660
1.962962
0.473791
1.413548
1.046380
0.495877
0.459712
1.277449
1.031820
1.475388
0.471136
0.499641
0.901067
0.536964
0.486175
0.471549
0.446301
0.460136
0.547410
1.097493
2.070542
1.268046
0.893454
0.708138
0.509236
1.446261
0.478156
1.100947
1.192478
1.729472
0.496473
1.490161
1.162128
0.543022
1.531807
0.510911
1.401718
1.252045
0.916440
0.519939
1.010366
0.513387
0.551163
1.169297
1.343870
1.089814
0.791855
0.706401
1.311441
1.126289
0.484885
0.968945
0.493068
1.042920
0.546209
1.091302
0.947152
1.136043
1.077929
0.481010
1.266308
0.806116
0.483206
0.480909
0.508312
1.006229
0.918103
0.467917
1.079297
1.132032
1.137107
1.322294
1.716847
0.833022
0.561825
0.491990
1.021538
0.498040
0.482071
0.851769
1.769719
1.095261
0.551649
0.906516
1.064266
0.582161
0.501753
0.933904
0.417342
0.983104
1.107830
0.890527
1.272426
1.285211
0.524178
0.572408
0.503584
0.418081
1.293888
0.463706
0.619049
0.698428
0.466774
0.630396
1.276636
0.459076
1.559687
0.912880
0.523177
0.508607
0.542330
0.525219
0.531918
1.534500
0.528247
0.442507
0.519817
0.513155
0.601866
1.121121
0.430564
0.812407
0.541934
1.248277
0.480079
0.481475
0.441695
0.517675
1.088223
1.102005
1.183199
0.504072
0.567956
0.576928
1.165529
0.486393
1.218564
0.982930
1.260846
0.494606
0.985167
1.508810
1.211171
0.500112
0.615192
0.448721
1.225082
1.143579
1.792991
1.037735
0.521375
0.484953
0.920849
0.564342
1.599609
1.296256
1.218919
1.263608
0.922490
0.518480
1.217476
1.458451
0.819453
0.461995
1.067732
1.021321
0.992595
0.933612
0.506273
0.875022
0.447104
1.286518
1.356134
1.492471
1.005273
0.566616
0.641521
1.190222
1.269195
1.210449
0.978530
0.462030
1.605134
1.580814
0.380484
1.488982
0.786077
1.179807
0.543022
0.485631
0.992857
0.499177
1.049451
1.580347
0.499476
1.143336
0.809532
1.677366
1.570344
1.617172
0.551521
0.491371
0.942081
1.217193
0.469021
1.207520
0.555962
0.835113
0.734965
1.920921
0.513838
0.811901
1.214268
1.631692
0.994068
1.664511
1.624428
1.563755
0.452309
1.180066
0.548369
0.490941
1.604235
0.523270
0.539541
1.936230
1.359069
0.418437
1.468430
0.507041
0.594135
0.817720
1.233493
1.268044
1.395258
0.531404
0.788463
1.524244
0.438831
1.181255
1.381915
0.539411
0.575575
0.416323
0.580482
1.387716
1.050484
1.406762
1.411981
0.819907
1.077575
0.863533
1.898861
0.691125
1.510085
0.516397
1.752264
1.177735
1.539568
0.525318
0.500129
1.351917
1.101273
1.175933
0.969907
0.915410
0.506698
1.262747
1.266263
0.499783
0.887914
0.995633
1.093700
0.496418
0.500101
0.515311
1.221422
1.589631
1.195584
0.990914
0.518949
0.513066
0.899801
0.565851
1.310385
1.104687
0.480198
1.492054
0.535554
1.055320
0.487136
0.493475
0.976302
1.275155
1.145841
0.465776
1.807763
1.030357
1.390409
1.623224
1.706027
1.435376
1.303405
0.466441
1.553648
0.456666
1.021724
1.396133
1.621801
1.777722
1.348164
1.763636
1.008856
1.915970
0.732485
1.906870
0.504148
1.143331
1.196029
0.555454
1.160806
1.362500
1.913168
1.224387
0.448213
0.524586
0.587412
1.818923
1.810896
1.666941
0.966320
0.536679
1.526625
1.647861
0.538383
1.289018
0.921623
1.763357
0.550449
1.427011
1.132167
0.429661
0.515309
1.000861
1.427743
1.319177
1.110419
1.108570
0.987308
0.547557
1.577679
1.901116
1.694799
1.303317
0.514360
0.484701
0.743872
1.475719
1.001585
0.556170
0.522965
1.959791
0.530165
1.314978
0.505426
1.771317
1.682650
1.674428
1.242188
0.490698
1.207473
0.933642
1.159470
0.609703
0.812565
1.221075
1.430364
0.973651
1.287758
1.419392
1.561402
0.506995
0.662999
0.469462
0.497145
0.548737
0.540664
1.114398
1.758094
1.477361
1.635014
1.718721
0.410358
0.489987
1.489093
0.818857
0.550572
1.264726
1.235621
0.576691
1.201223
1.294140
0.516105
0.963911
1.377317
0.566416
1.276412
1.097028
0.532720
1.564494
0.543425
1.337959
1.490029
1.261281
0.704122
0.504850
1.771570
1.405541
2.000259
0.486929
0.485157
1.104438
0.519536
0.626447
1.397453
1.145477
1.057246
1.093092
1.577501
0.998936
1.384667
2.126786
0.527889
1.609335
1.816362
0.501908
0.480551
0.498893
1.346930
1.517223
1.867075
1.268451
1.298895
1.623893
1.453585
1.469568
0.612242
0.544188
0.562970
0.506345
1.657298
1.403510
1.366586
0.562385
0.599165
0.492956
1.768212
1.496476
1.131798
0.537769
1.778734
0.620921
0.931270
1.833681
1.721221
1.494667
0.512157
1.596814
1.990025
0.667903
1.542686
0.479851
1.098921
0.568455
1.712776
1.180700
1.591560
0.491690
0.847103
2.109676
1.688450
1.208600
0.541518
1.409456
1.174369
1.745543
1.932008
1.665209
1.641729
1.745835
1.089949
1.735819
1.609775
1.494693
1.797838
1.248998
1.517623
0.624214
1.593666
0.564701
1.073585
1.233281
1.410996
1.723869
2.143730
1.797598
1.823528
0.453000
0.544141
1.839132
1.432909
0.433171
0.550261
0.509253
0.656733
1.185038
1.464166
0.512983
0.511926
1.113252
1.942172
1.308549
0.498837
0.624435
0.491097
1.484466
0.678429
0.457727
1.240038
1.792725
0.458382
0.580575
1.613432
0.466468
1.272113
1.459634
0.521947
1.330806
0.468285
1.135175
0.769625
0.494308
0.583152
0.474690
0.491599
0.508505
1.081851
0.953007
1.058400
0.492709
1.637218
1.146323
0.949391
0.552642
0.505434
0.555516
1.136155
1.818323
0.640126
1.562728
0.575550
1.081891
0.484034
1.031299
0.463920
0.508866
0.533506
0.501647
0.543338
0.804896
0.579005
1.114834
1.212506
0.582873
1.253819
1.242573
0.594946
1.353905
0.525487
0.873105
1.147798
0.567376
1.613431
0.537371
0.472005
0.546148
1.557416
1.376204
0.750031
1.638913
0.486636
0.949456
0.569767
0.803701
1.245071
0.480962
1.845046
0.472735
0.522191
1.277905
1.284158
0.559033
0.517147
0.521952
1.314765
1.629846
0.481265
1.155771
1.189480
0.496154
1.026903
1.038427
1.363549
0.477042
0.541828
0.558009
0.566325
1.304722
0.507567
0.405375
0.558537
1.371470
0.456255
0.539746
0.458527
0.508612
1.337508
1.262206
0.439349
1.498879
1.213350
1.144871
0.514757
0.484312
0.976160
