-0.691034
0.480873
0.251673
-0.735433
-0.011596
0.353282
-0.069258
0.439056
0.190409
-0.120715
-0.646801
0.280607
-0.495034
0.243691
0.047330
0.614277
0.373801
0.073910
0.334772
0.030222
-0.751081
-0.715166
0.488911
0.217823
-0.198708
0.368767
0.379574
0.188954
0.248326
0.520154
0.256598
0.405544
0.455750
-0.891620
0.034796
-0.099056
-0.001929
-0.703597
0.101526
0.265715
-0.681358
0.137266
-0.197407
-0.722783
-0.056132
-0.678760
0.268285
0.392919
0.645094
0.093906
0.148633
0.511946
0.141520
0.152559
0.229947
0.662797
-0.101066
-0.626461
0.376236
0.656119
0.715965
-0.602897
-0.411476
-0.067684
0.382588
0.325830
0.693280
0.079014
0.001957
0.550155
0.681798
0.312048
0.418977
0.152784
-0.084670
0.069497
0.278012
-0.203457
0.082738
-0.294488
0.216258
-0.485682
0.381390
-0.142609
-0.144378
-0.273159
0.093437
0.415396
0.311544
0.084736
0.451439
0.296445
0.167549
0.325049
0.075662
-0.767499
-0.138521
0.331984
0.107235
0.236207
0.350581
0.106252
-0.847588
0.020262
0.146991
-0.300821
0.090293
0.056641
0.306758
-0.368834
0.606659
0.618600
0.183534
0.067411
0.397469
0.001566
-0.602387
-0.736382
0.335190
0.312800
-0.545275
0.442566
-0.580229
-0.009647
0.467145
0.392844
0.402967
0.442491
0.538707
0.696540
0.034920
0.527007
0.114118
0.641342
-0.554076
0.143762
0.541175
0.313423
-0.078198
-0.836815
0.166561
0.556337
0.099247
0.338843
0.611082
0.149757
0.488644
0.091410
-0.103399
0.047031
0.333983
0.643662
-0.485640
0.180550
-0.130738
-0.641871
-0.718677
0.607462
0.188020
0.657957
0.338119
0.364611
0.329988
0.076455
0.404839
0.136542
0.177166
-0.058340
0.030516
0.436744
0.195480
-0.195672
-0.252796
-0.072813
-0.161406
0.516161
0.263708
0.335819
0.328307
-0.078838
0.408178
-0.625707
0.368226
-0.754252
0.401148
0.284581
-0.411505
0.309572
0.467211
0.661439
-0.560736
0.310171
-0.998200
0.464009
0.572519
0.152238
0.010573
0.125458
-0.032913
0.006672
-0.010569
0.284685
0.377025
0.195300
0.452371
0.111204
0.218774
0.599506
0.533518
0.274905
-0.103739
0.400484
-0.089117
-1.001688
-0.641502
0.446359
0.336004
0.513208
0.479329
0.399560
0.394626
0.590253
0.667047
0.087083
0.265699
0.354691
0.383635
0.509166
0.121846
0.345303
-0.664265
-0.612193
0.408500
0.246068
0.521004
-0.581510
0.106025
-0.141465
0.401385
0.207257
0.284793
0.362997
0.477082
0.053364
0.552173
-0.624788
0.330078
-0.613925
-0.935322
0.117003
0.289564
0.352913
0.067841
0.475422
0.357415
-0.741940
0.480196
0.188800
0.137583
0.290247
0.244494
-0.675949
0.459607
0.289898
-0.668486
0.330610
0.121608
-0.666368
0.407252
0.256151
-0.598774
-0.694372
-0.646517
0.230406
0.289079
-0.049128
-0.054764
0.135020
0.274351
-0.063423
0.641841
0.337409
0.413123
-0.078723
-0.935407
0.708279
0.439934
-0.722196
-0.592315
-0.026920
-0.671793
0.270723
0.443040
0.421214
-0.765329
-0.280280
0.261241
0.133607
0.471174
0.424464
0.349225
-0.166080
0.150243
0.114617
0.506135
0.433159
0.315888
0.520352
-0.151949
0.571129
-0.012419
-0.603176
0.141242
0.138800
0.166085
0.617119
0.536113
-0.088718
0.451020
0.171465
-0.864014
0.260366
0.544570
-0.685803
-0.027418
0.588354
-0.637688
0.119121
-0.036590
-0.464863
-0.025422
0.372647
0.392024
0.310959
-0.038017
0.584992
-0.217722
0.544911
0.276876
0.449787
0.706043
0.034734
0.622642
0.417440
0.522746
0.627062
-0.824299
-0.249314
0.535404
0.665151
0.470533
-0.590134
0.206698
0.030704
-0.665900
0.443604
0.315259
0.132587
0.119636
0.571869
-0.406617
-0.833002
0.300875
-0.027122
0.212559
0.363984
-0.601191
-0.607160
-0.311409
0.106056
0.654878
0.059512
-1.056480
-0.284526
0.634654
0.345124
0.764116
0.141791
0.586510
0.672822
0.305561
0.068220
0.358729
0.398955
-0.097129
-0.036043
0.403262
0.142955
0.212926
0.287272
0.384463
-0.688282
-0.194065
0.344579
0.209556
0.417323
0.157377
0.373425
0.259951
0.639163
0.039990
0.455996
-0.137637
0.219261
0.508771
-0.249361
-0.015653
0.548286
0.431266
0.427120
0.061653
0.408816
0.540696
0.638694
0.371843
0.561328
-0.313990
0.071150
0.398554
-0.091133
-0.703209
0.220510
0.357504
-0.362526
0.388510
-0.737490
0.574307
0.683081
0.126423
0.573327
-0.779496
-0.070872
-0.038117
0.465243
-0.832924
0.699346
-0.674497
0.641869
0.255689
-0.665501
0.336218
0.037750
0.271097
0.474616
0.164382
0.520845
0.590085
0.356044
-0.658463
0.518910
0.592797
0.112896
-0.003378
-0.534158
0.412856
0.464060
-0.736277
0.470395
0.192431
0.366885
0.469575
-0.685395
0.417262
0.202779
-0.097119
0.208451
-0.742775
-0.227997
0.426534
-0.719509
0.322431
0.401339
0.522210
0.291829
0.360647
-0.190163
0.613012
0.398261
-0.708625
0.407469
0.457030
0.080364
0.261867
-0.807645
0.435181
0.373437
-0.668502
-0.753447
0.213163
-0.712609
0.591103
0.043749
0.492669
0.593932
-0.690696
-0.160799
0.116594
0.324436
0.441063
-0.632181
0.581460
0.007770
0.235996
0.363320
0.486197
0.343915
0.262071
0.295170
-0.224482
0.107162
0.693045
0.383163
0.406947
0.475040
-0.241766
0.496599
0.304739
0.625485
0.355462
-0.720303
-0.694034
0.529518
0.062600
0.285077
-0.210254
0.196170
0.331680
0.385149
0.292535
0.538201
-0.129133
0.389999
0.217340
0.150562
0.436519
-0.104155
0.322206
0.253159
0.284203
-0.365040
0.442993
0.612495
0.651977
-0.065336
0.513235
0.306542
0.370234
0.669534
-0.753960
0.089495
0.561707
-0.592910
0.320497
0.610373
-0.185929
-0.567578
0.311766
0.492758
0.281692
0.323515
0.263019
0.175804
-0.941273
0.440059
0.501520
-0.735038
0.465714
0.411817
0.478508
0.018415
0.072373
0.470517
-0.090795
0.396428
0.577756
0.631460
0.344742
0.362650
-0.763142
0.356931
0.589003
0.447066
-0.568047
0.386091
0.102834
-0.677000
-0.874077
0.204700
0.496522
0.381211
0.369869
0.594219
0.489147
-0.809614
0.306777
0.363156
-0.609984
0.431475
0.416955
0.213666
0.317534
-0.778577
0.218079
0.365232
-0.009304
-0.688730
0.249574
0.473826
-0.594813
0.389883
0.208983
0.201336
0.066336
0.402327
0.404638
0.595906
-0.239921
0.325354
0.361535
0.201056
0.191072
0.031195
0.348742
0.730699
0.482159
0.350889
0.441202
0.500908
0.335634
0.142649
-0.798579
0.548332
0.305253
0.595661
-0.820795
-0.800540
-0.036408
-0.572490
0.525630
-0.718610
0.159961
-0.264906
0.599093
0.264986
-0.096325
-0.788709
0.204670
-0.754613
0.423781
0.001186
-0.838238
0.410527
0.120643
0.143600
0.089549
-0.734028
-0.651543
0.091796
-0.667833
-0.778780
-0.235252
0.666493
0.223070
0.495037
0.334715
0.291240
-0.027474
0.255661
0.438156
0.131336
0.114762
0.495468
0.061498
0.522580
0.038490
-0.084554
0.214331
0.560545
0.113254
-0.701398
0.499247
0.346080
-0.668199
-0.638522
0.552346
0.557220
0.460128
-0.539315
-0.729080
0.159398
0.608520
-0.615040
0.421067
-0.592626
0.138680
0.263426
0.374258
0.416683
0.313514
0.335824
0.387922
-0.222101
0.351799
0.591643
-0.805426
0.296882
0.032527
0.044570
0.512840
0.466130
0.679991
0.545453
0.300261
0.394046
0.380058
0.376261
0.040810
-0.633592
0.376858
0.298418
0.458395
0.342441
0.437913
-0.622114
0.345580
0.510008
0.128151
0.529278
0.565318
-0.710404
0.418027
0.668513
-0.669806
0.524503
-0.588506
-0.638147
-0.047028
0.602931
0.532742
-0.716941
0.547504
0.529130
0.432719
0.494065
0.397817
0.602144
0.542284
-0.743702
0.366169
-0.751304
-0.295977
0.456674
0.311177
0.434090
0.572126
0.543158
0.580176
0.660757
0.652708
-0.745653
0.729770
-0.115348
0.215421
-0.100030
0.592253
0.458753
-0.135554
0.053716
-0.707381
-0.015686
0.300997
0.510958
0.392967
0.367365
0.336959
-0.230372
0.397846
-0.358397
0.199167
-0.205932
0.171926
-0.099955
0.211814
-0.124898
0.006158
-0.045559
-0.752897
0.094904
-0.604683
0.030656
0.386616
0.233825
0.375672
-0.652059
0.501374
-0.669257
-0.666247
-0.670252
0.126892
-0.711539
-0.376558
-0.620356
-0.701718
-0.856531
-0.470113
-0.618460
0.267500
-0.184887
0.353548
-0.983275
0.328849
0.243754
-0.681150
-0.039052
-0.149751
-0.118049
-0.878296
0.168743
0.064374
0.233340
0.534812
0.134496
-0.635407
-0.691933
-0.736418
-0.001346
0.154604
0.160563
-0.631769
0.152627
0.139933
-0.661531
0.018554
-0.009598
0.134391
0.100074
0.115125
-0.558179
0.310352
-0.566192
0.316035
0.437952
0.500243
0.201000
-0.717179
-0.606899
0.235039
-0.058030
-0.733511
0.165276
0.572233
0.105376
0.193534
-0.609897
-0.525475
-0.377807
-0.648268
0.033151
-0.540398
0.162078
-0.214910
-0.246418
0.298612
-0.602966
-0.333098
0.166819
0.344724
-0.737031
-0.129653
-0.654466
-0.684031
-0.596284
-0.529053
-0.666259
-0.591559
-0.566344
0.160417
0.244258
-0.680994
-0.021372
-0.538511
-0.167276
0.257484
0.230177
0.167175
0.097363
0.072776
-0.385944
-0.082270
0.218604
-0.654465
0.283604
0.357973
-0.133175
-0.634626
-0.728392
-0.697595
0.521343
0.435108
-0.737511
0.123499
0.251474
-0.039193
0.058753
0.241905
0.040980
0.221890
-0.623512
-0.310992
0.028745
0.664390
-0.012709
0.076389
0.177420
-0.784376
0.466012
-0.682883
-0.014584
-0.483358
0.619256
-0.554391
0.493348
0.535867
-0.595779
0.151266
0.502833
0.276080
0.433730
-0.017606
0.052173
0.011602
0.373653
-0.562498
0.352455
0.347882
0.389846
0.353851
-0.727115
-0.342772
-0.642665
-0.021384
-0.192824
-0.756283
0.035990
0.085655
-0.039816
0.364441
0.280882
-0.001519
0.018557
0.002523
0.222307
0.566197
-0.664308
0.292641
-0.677364
0.133754
0.577498
0.516366
0.294528
0.609179
0.235686
0.300310
0.068552
0.082364
0.107463
-0.810635
0.179132
0.102246
0.279874
-0.692605
-0.625960
0.213788
-0.222153
-0.235508
-0.083562
-0.718547
-0.697289
0.054347
0.019439
0.030231
-0.736056
-0.705839
0.159277
0.674455
0.345348
0.279119
0.390593
0.045966
-0.708125
-0.299648
0.368599
0.124763
0.474373
-0.347846
-0.106980
-0.398405
0.491398
0.342727
-0.591016
0.397515
0.000423
-0.659097
-0.902251
0.017317
-0.397139
-0.196159
-0.662731
0.105646
0.399337
0.397221
-0.581219
0.483168
-0.657458
0.258851
0.170764
-0.704596
-0.575081
0.674455
-0.746988
0.346103
0.045336
-0.701427
-0.777155
0.244865
0.031324
0.388921
-0.752608
-0.693866
-0.104176
-0.621824
-0.721186
-0.751733
-0.806761
-0.776234
-0.602557
0.093028
0.727810
0.237477
-0.112660
-0.345116
-0.674844
0.368981
-0.737818
0.096171
0.176033
0.547816
-0.700227
0.398884
0.150253
-0.610606
0.426448
-0.671559
0.337699
0.224778
-0.087259
-0.654044
0.010313
-0.666725
-0.595725
0.156403
0.295553
0.086007
-0.233377
-0.347572
0.271127
0.118928
-0.723843
-0.031548
-0.707108
0.042024
-0.604753
0.087372
-0.054296
0.127551
0.075041
-0.731868
0.236106
-0.215528
-0.727313
-0.732078
-0.676659
0.006210
-0.085446
-0.759463
0.076310
0.124014
0.128487
0.279368
0.540489
-0.182696
-0.576564
-0.709296
0.021310
-0.697074
-0.729664
-0.160440
0.570821
0.090993
-0.594843
-0.098147
0.062285
-0.541008
-0.689646
-0.068381
-0.873850
-0.017040
0.102403
-0.115942
0.240925
0.250923
-0.645924
-0.557904
-0.686006
-0.872079
0.257651
-0.768505
-0.479571
-0.358923
-0.761910
-0.461407
0.244228
-0.778539
0.444485
-0.091151
-0.647835
-0.676079
-0.611880
-0.643939
-0.631265
0.428204
-0.638190
-0.815299
-0.654278
-0.667177
-0.507721
0.114329
-0.842659
-0.207754
-0.612611
0.221764
-0.733805
-0.730900
-0.817136
-0.658408
0.084546
0.097131
0.168221
-0.685036
-0.565712
-0.550038
0.153175
-0.720738
0.197673
-0.017217
0.231783
-0.703993
-0.014944
0.411321
0.191588
-0.692924
-0.485820
-0.801354
0.203008
0.134162
0.583885
0.037041
-0.651286
-0.723703
-0.082459
-0.572095
0.469759
0.259480
0.197965
0.233971
-0.080679
-0.656854
0.196780
0.377375
-0.199119
-0.772200
0.065536
0.021097
-0.007433
-0.068694
-0.680679
-0.133506
-0.804963
0.251940
0.304638
0.400433
0.005260
-0.568073
-0.443914
0.174140
0.238383
0.190991
-0.021704
-0.772126
0.473207
0.457940
-0.966310
0.398093
-0.240701
0.165351
-0.610605
-0.722306
-0.007169
-0.694794
0.048267
0.457645
-0.694195
0.133950
-0.211299
0.517225
0.451294
0.480679
-0.595076
-0.710556
-0.059664
0.196548
-0.757108
0.188569
-0.587055
-0.180188
-0.307933
0.652804
-0.665846
-0.208377
0.194141
0.489618
-0.005950
0.509531
0.485155
0.447090
-0.793389
0.165570
-0.600806
-0.711432
0.472647
-0.647658
-0.617036
0.660743
0.306800
-0.871228
0.384194
-0.679164
-0.520648
-0.201235
0.209850
0.237475
0.333079
-0.632233
-0.237670
0.421499
-0.823642
0.166577
0.323470
-0.617277
-0.552385
-0.876293
-0.543896
0.327659
0.049251
0.341290
0.344994
-0.198565
0.074713
-0.146723
0.641254
-0.369434
0.412166
-0.660879
0.560909
0.163593
0.431502
-0.643751
-0.692889
0.301523
0.096466
0.162062
-0.030555
-0.088384
-0.679840
0.233289
0.236070
-0.693581
-0.118880
-0.004377
0.089567
-0.700337
-0.692944
-0.662985
0.200016
0.463502
0.178634
-0.009128
-0.655950
-0.667350
-0.105582
-0.569424
0.270321
0.099562
-0.733557
0.400154
-0.624453
0.053844
-0.719212
-0.706283
-0.023983
0.243068
0.136139
-0.764050
0.592090
0.029906
0.329598
0.484414
0.534167
0.361427
0.264980
-0.762624
0.440606
-0.783802
0.021492
0.333706
0.483537
0.575333
0.298744
0.567378
0.008817
0.650224
-0.311312
0.645463
-0.684885
0.133946
0.179007
-0.587969
0.149114
0.309321
0.648761
0.202440
-0.802487
-0.645146
-0.532029
0.598245
0.593822
0.510990
-0.034260
-0.622356
0.423059
0.499478
-0.619185
0.253881
-0.081619
0.567219
-0.597021
0.355582
0.124133
-0.844760
-0.662989
0.000860
0.356095
0.277008
0.104737
0.103071
-0.012773
-0.602288
0.455955
0.642441
0.527564
0.264913
-0.664832
-0.724224
-0.295887
0.389145
0.001584
-0.586682
-0.648241
0.672838
-0.634567
0.273820
-0.682354
0.571723
0.520370
0.515471
0.216874
-0.711926
0.188530
-0.068663
0.147963
-0.494784
-0.207559
0.199732
0.357929
-0.026702
0.252903
0.350228
0.445584
-0.679254
-0.410983
-0.756167
-0.698873
-0.600137
-0.614956
0.108314
0.564230
0.390258
0.491651
0.541580
-0.890726
-0.713377
0.398167
-0.199846
-0.596797
0.234856
0.211574
-0.550448
0.183340
0.257847
-0.661444
-0.036756
0.320138
-0.568426
0.244053
0.092605
-0.629759
0.447563
-0.609863
0.291145
0.398795
0.232128
-0.350804
-0.683494
0.571866
0.340422
0.693276
-0.719636
-0.723284
0.099337
-0.654819
-0.467691
0.334651
0.135821
0.055667
0.089010
0.455842
-0.001064
0.325459
0.754612
-0.638870
0.475821
0.596835
-0.689338
-0.732821
-0.695363
0.297828
0.416882
0.624373
0.237796
0.261514
0.484826
0.374033
0.384968
-0.490627
-0.608460
-0.574528
-0.680538
0.505189
0.338976
0.312316
-0.575569
-0.512219
-0.707334
0.569969
0.403113
0.123808
-0.620326
0.575902
-0.476552
-0.071207
0.606325
0.543034
0.401904
-0.669123
0.468010
0.688147
-0.403612
0.433525
-0.734279
0.094329
-0.564833
0.538116
0.166108
0.464714
-0.709906
-0.165933
0.746534
0.523811
0.189463
-0.613379
0.343204
0.160731
0.557066
0.658560
0.509950
0.495750
0.557233
0.086131
0.551479
0.476094
0.401921
0.586585
0.222341
0.417146
-0.471263
0.466037
-0.571460
0.071004
0.209678
0.344296
0.544571
0.762548
0.586451
0.600773
-0.791862
-0.608547
0.609294
0.359706
-0.836623
-0.597363
-0.674809
-0.420477
0.169775
0.381285
-0.667513
-0.669574
0.107285
0.663807
0.268919
-0.695477
-0.470907
-0.711113
0.395055
-0.387975
-0.781483
0.215142
0.583737
-0.780053
-0.543736
0.478364
-0.762567
0.240679
0.378186
-0.650189
0.285785
-0.758679
0.126786
-0.261853
-0.704596
-0.539308
-0.745094
-0.710091
-0.676280
0.078673
-0.048133
0.056758
-0.707837
0.492998
0.136559
-0.051935
-0.593044
-0.682338
-0.587857
0.127650
0.597915
-0.446090
0.446433
-0.552429
0.078710
-0.725601
0.030819
-0.768043
-0.675570
-0.628285
-0.689859
-0.610024
-0.217043
-0.546445
0.108705
0.192689
-0.539785
0.226194
0.217184
-0.519284
0.302993
-0.643429
-0.135699
0.137845
-0.566734
0.478363
-0.621067
-0.750765
-0.604866
0.443028
0.319329
-0.287641
0.494033
-0.720239
-0.051866
-0.562527
-0.218528
0.219192
-0.731967
0.612504
-0.749220
-0.649721
0.245222
0.250103
-0.581547
-0.659427
-0.650179
0.273658
0.488485
-0.731338
0.144768
0.173516
-0.700869
0.026547
0.037707
0.310091
-0.740151
-0.612806
-0.583380
-0.568587
0.265990
-0.678127
-0.902942
-0.582434
0.315883
-0.784704
-0.616657
-0.779736
-0.676070
0.290808
0.232861
-0.822462
0.404717
0.193385
0.135292
-0.664061
-0.725025
-0.024129
