62.390347
57.552246
64.137612
79.454035
68.226123
57.089269
104.257199
70.315363
84.033545
93.661944
78.310965
87.041991
101.741264
81.832378
88.303408
60.890986
77.079871
93.263851
79.293101
87.629179
84.140055
82.556352
65.627608
70.869079
89.872174
72.389856
75.641785
86.333932
91.782274
65.889062
68.437873
64.047034
66.778810
84.344405
98.151604
90.861386
99.557890
70.369644
80.612783
86.588834
85.238386
91.978812
84.170294
77.773126
87.387816
70.377032
69.875393
66.836480
70.260139
84.780125
80.411623
70.483974
68.591213
96.511073
67.444247
59.709445
87.633433
82.268666
72.376809
52.449668
55.451823
89.363800
92.030819
82.031121
70.582919
72.370905
64.148571
75.601580
77.319854
76.976880
66.126063
64.742259
66.760694
77.787819
71.015229
82.703865
82.871372
89.958124
81.364149
81.480325
76.423170
82.380049
64.534253
66.487338
92.851258
99.473006
90.177752
62.105465
75.192896
82.660283
52.722070
82.866638
65.945408
66.847572
78.772146
92.790573
101.297690
67.000655
81.394209
57.631808
73.678825
59.593212
84.394839
79.043633
76.604250
90.544070
75.992939
66.385017
76.301306
92.061557
74.593808
68.048030
93.970402
84.245019
65.442198
90.361852
64.614390
66.407295
72.469324
91.467987
94.054499
68.455325
96.758529
95.563487
57.887576
65.359274
76.084093
82.794688
66.294873
64.191118
74.953038
78.419402
86.889914
77.996730
45.390415
97.944319
81.091948
59.165407
89.721465
80.268581
72.090088
50.162871
69.663490
70.638469
66.830182
88.311094
66.361225
75.732662
98.660091
98.251552
75.005106
66.113808
112.871066
57.764710
85.007269
85.883619
91.319119
71.470956
69.969042
61.214529
68.269838
67.587000
82.286316
63.986730
81.577708
74.640440
92.637271
77.509296
98.523051
75.952811
53.728145
101.951621
98.147727
74.284804
81.493218
78.898262
79.872862
79.198990
71.983359
92.214604
58.077587
85.099229
66.970494
74.424326
50.251421
62.821163
72.551636
72.176464
63.357592
63.523839
60.983432
74.477778
72.796693
56.352589
66.407668
75.211942
70.571225
86.209013
82.172171
64.287554
95.696702
74.133593
67.965267
66.170134
55.075156
84.989046
73.603363
74.411926
70.182796
70.728510
84.653524
68.858132
95.354656
101.716775
86.924103
66.762646
63.299520
79.764036
63.258870
75.396859
77.397933
70.748760
67.675596
68.270476
79.499692
60.158783
84.277227
73.276369
75.679443
67.419313
75.077183
100.747439
68.790893
82.977300
55.052842
101.227870
80.857723
73.585849
74.963023
71.603654
81.283931
61.411654
68.555002
100.673816
72.098551
90.236417
68.661744
81.611252
90.563636
75.007118
64.765756
63.836727
89.932692
74.850491
67.413450
73.205800
65.932651
86.975149
83.907741
74.760805
81.595912
98.763798
71.401955
65.494020
69.892865
80.627811
80.738064
83.416537
56.075315
55.995334
88.158358
90.617686
74.658333
82.338997
67.675720
91.422364
79.010269
78.013592
79.265638
83.556660
54.022870
50.719703
67.940337
72.771658
96.437240
69.919793
67.085679
84.273339
95.754507
86.906805
78.790111
100.051662
72.093350
63.785052
69.912968
84.052258
61.374407
87.806859
68.623415
60.514276
71.493755
99.952003
85.895488
64.220410
77.521864
66.127888
71.686727
56.632068
97.492796
61.979631
70.725037
94.512183
79.070990
86.878427
77.458421
60.808949
76.480162
53.884888
74.587339
73.827615
80.570965
84.320749
59.464171
81.395827
79.600092
62.360675
60.454411
77.670037
88.444669
68.083579
87.302638
63.199661
81.083773
68.472114
90.563095
67.068129
92.850673
68.125030
61.381385
78.072587
65.797302
79.426649
57.929864
62.490728
67.425563
78.002315
74.398585
95.314634
74.128374
65.326898
68.746524
86.205302
65.198894
84.388223
89.178499
83.749593
78.942762
86.848168
70.948661
64.452093
83.028102
73.224785
60.998931
82.690032
74.921372
74.741732
103.824044
86.158598
91.206708
86.743404
63.097009
104.787976
98.773664
89.667384
52.463454
66.556370
45.781795
80.265261
69.545012
69.151971
66.763610
72.284283
78.236081
75.370959
68.064662
89.832162
62.168291
74.290435
80.403223
85.651776
68.877741
73.862042
73.670246
79.399040
70.139153
76.077223
79.486356
61.847271
66.415617
43.405447
100.797511
57.238224
73.386562
71.631298
60.904010
92.857270
86.482642
62.588416
72.852418
74.433996
62.894784
78.239091
55.534045
63.675944
64.666791
63.737706
88.416009
72.005987
56.960053
85.484171
83.725305
75.358748
76.708394
68.566355
72.737695
71.330622
68.037302
82.351851
83.344074
52.958726
56.722660
86.319213
89.401763
73.386953
81.331040
66.771718
87.282939
62.525076
65.262197
92.210755
76.553561
89.031458
74.763433
63.133094
69.166918
76.316219
59.883126
68.737792
75.736706
78.219813
72.146951
79.620233
64.892105
66.295243
71.106799
70.906676
68.870744
79.104487
69.965647
66.687237
45.233757
71.676411
86.127341
83.230981
81.105894
64.857292
88.485834
63.732321
77.500119
66.093256
72.519297
65.482530
72.130667
64.326982
77.046567
91.199301
68.332241
59.805188
64.792084
64.301164
73.918801
84.120421
89.658726
82.209481
82.312164
66.384066
103.115467
69.089698
57.844351
83.990748
51.872651
75.098704
77.830205
76.193888
77.635021
79.306051
80.611312
67.722985
65.591320
93.796153
64.531222
63.982326
77.743612
76.575165
64.335625
64.965809
97.874228
65.637080
95.261792
70.793068
64.025091
70.310841
72.630163
68.553024
78.214219
79.059125
65.366036
55.576200
74.485454
79.391405
65.081178
68.554200
86.680360
87.165495
79.691576
85.825362
72.301946
69.537268
71.235704
80.823691
100.844095
72.694181
75.733814
80.890091
70.942912
70.265561
62.052537
56.378446
63.459584
77.490183
78.096861
58.894070
61.929217
82.525848
70.149973
69.327205
78.149030
72.849032
79.623737
91.002976
52.540106
107.189863
73.215997
89.179282
98.120282
53.564676
61.917238
71.954562
69.441224
76.009683
65.538896
73.321548
95.130672
66.257066
79.774466
69.772455
46.766568
65.227814
59.641984
83.539343
62.672303
62.428324
71.667431
58.194473
71.422688
67.694360
62.073641
61.882645
74.061668
78.721833
71.417036
68.706381
89.145819
62.113709
87.500022
78.542814
83.152885
70.068416
63.652575
80.680462
63.223640
66.229515
70.514494
77.675841
77.001468
68.802815
89.674906
66.676268
66.026473
69.621935
79.835919
79.846588
60.480298
53.063638
74.822268
69.933054
78.645584
74.086519
66.774741
80.371695
76.060688
68.510386
77.538713
76.641444
68.177778
54.811618
91.543029
82.375555
70.933542
67.236492
77.082514
88.469677
69.099795
63.309057
61.680074
85.379158
67.123513
66.262947
68.079386
67.334477
76.013159
80.079878
69.782481
55.717957
89.244889
93.262219
85.466447
63.557687
66.873965
75.966268
95.257835
92.263560
56.532139
84.991628
75.447987
93.604773
94.980020
76.820214
88.236531
93.157990
88.972034
78.785480
61.991707
72.314545
91.164844
75.349527
76.939648
81.619893
63.188690
74.130462
100.328704
72.264600
73.800719
67.866435
84.423110
56.973276
94.501507
59.091173
76.503022
76.524869
75.767962
78.806317
95.967057
58.895296
79.596955
89.674182
73.329404
70.177782
84.267004
102.337212
56.472155
77.514370
104.133843
88.249228
61.920194
69.382500
76.532400
82.134654
75.299246
79.661672
65.637638
59.809316
83.035100
94.538225
74.972268
78.519408
69.487498
77.174561
69.855528
67.979852
73.735395
87.444126
72.077783
75.669514
78.426726
69.859708
85.584349
78.094228
63.093190
75.246209
69.690520
76.491706
70.575777
52.910453
71.545466
67.569712
77.053458
90.112666
66.489786
63.701363
71.798024
67.088788
59.728741
89.719223
72.423311
83.242405
53.645253
56.872059
64.786964
63.202992
74.003053
61.623112
64.470864
77.039321
58.135581
59.492549
69.589474
63.098273
72.556374
100.875178
48.640768
60.974573
57.767050
53.874040
80.714702
54.188902
63.648530
67.509369
66.443993
74.637942
45.935917
60.890519
62.309170
73.860754
72.731796
79.337869
74.163612
45.146809
71.716109
76.350260
56.040786
87.994476
73.345158
105.992159
50.866408
79.048933
53.190107
85.718542
63.217397
90.254633
77.266597
74.401317
74.213660
57.785874
76.098284
63.305978
72.895793
90.041423
82.170474
80.081936
84.837401
90.382992
80.375263
80.322405
76.412469
81.310898
71.252609
63.422432
90.623763
72.832997
79.000964
79.247609
76.350600
87.214984
77.575165
90.037821
89.798558
79.029533
69.204634
82.595502
77.999142
85.698532
72.443089
88.780756
65.110446
80.017794
72.773297
80.686425
89.044161
93.333408
76.086234
69.096034
60.764371
78.366624
76.120044
81.697567
82.364349
81.486606
76.318829
64.861629
75.773825
68.369059
86.172115
74.415830
66.355600
92.015953
92.742382
76.170577
85.380228
85.920062
78.148098
75.787128
88.733304
77.304581
86.096744
103.821492
85.962991
78.767593
84.133797
87.486584
78.554473
62.261928
68.657669
69.616682
90.080216
91.559052
80.057761
77.982164
64.229128
85.256772
67.466326
71.976219
85.565111
88.214756
77.102868
87.839597
83.969522
78.620779
90.499209
79.666124
82.118883
72.384343
73.562131
94.483924
80.722848
68.824151
59.369674
77.674714
83.533712
78.442110
67.640276
86.829821
84.960688
66.310649
94.029451
89.881366
69.917320
78.968814
78.044065
80.191353
75.488086
77.881983
63.063493
79.267324
82.509119
76.025842
70.934874
83.483142
70.217269
71.836007
72.354773
91.818896
73.967876
71.790306
80.853006
80.297435
68.996543
70.215793
66.827079
81.773850
67.955990
71.110488
87.748239
78.397844
73.590447
82.351824
83.629809
84.575357
79.901494
82.495539
72.097474
84.883018
81.687883
78.035207
76.870124
46.139053
82.074188
79.214524
74.684593
67.942280
83.729046
66.713870
71.367746
93.571634
75.814314
46.259133
79.415959
60.005565
92.414056
83.460023
72.029125
67.835205
83.873638
72.724132
75.250526
67.417376
90.053099
82.251962
91.250456
82.898882
61.044983
96.830791
79.121303
79.941689
86.302278
67.425006
55.806944
80.641344
80.384213
83.925644
103.835981
75.498728
65.307258
79.214462
80.249982
65.477648
63.321241
65.302449
87.318899
79.717222
53.489710
73.489009
82.739035
75.514587
54.851420
74.809764
93.894006
80.023776
95.566548
63.977051
82.410000
91.557693
70.095981
60.877720
80.936540
87.731782
54.845251
75.458235
57.913750
75.583858
85.515319
75.575271
83.168177
83.747804
40.888995
72.278225
92.805630
77.797565
97.603855
80.771140
65.037678
64.025469
76.576878
65.075617
92.806445
78.806895
87.452986
62.613921
54.719859
81.609929
88.898499
87.290862
100.288222
93.912663
82.244255
80.089449
75.065598
75.442307
61.140168
68.869543
75.899004
81.364246
47.777580
92.949382
72.299687
89.680843
79.468294
81.848635
48.885134
78.992588
70.744733
82.568762
63.639028
82.837880
58.465122
74.695405
78.494868
73.171475
100.570097
65.659799
64.853735
49.483034
85.172700
78.940899
85.028369
85.046612
67.565407
62.388992
85.230957
88.450888
92.072122
63.149127
89.656122
74.191966
66.201584
64.751698
67.036736
73.254511
68.551723
73.990166
58.551806
67.421552
86.891392
75.052713
92.006225
81.652577
70.855327
81.537566
51.055206
79.391284
74.382037
60.621051
91.068833
75.884797
78.492535
87.672633
68.738300
70.665244
74.391000
83.338237
89.453327
91.750213
66.370654
80.579197
72.583088
84.337566
73.656265
77.614125
96.701072
72.418989
77.706312
86.516924
68.264076
65.649630
76.508513
77.898474
67.524638
62.170598
74.043818
64.445484
73.661515
89.820389
74.661730
79.584541
80.286312
90.765731
88.875253
59.960550
75.446667
90.303478
68.157398
76.570533
88.742537
71.741926
72.888442
91.222815
81.048225
90.824018
85.530910
65.695963
84.391066
82.857537
90.493060
75.917587
88.689219
48.723148
83.859535
88.491636
93.776650
85.626746
82.271199
69.947239
78.943131
59.574563
87.352055
77.914451
88.810752
93.151670
87.065636
81.593865
72.457500
88.981784
81.351156
95.993255
84.783550
90.244472
70.881797
99.866446
87.638264
83.381733
85.540557
89.235186
85.314003
78.036916
88.944009
91.329288
83.211633
90.558946
92.350633
94.082220
94.630769
62.638177
76.181336
84.058636
95.411060
70.942508
71.427313
82.093485
61.258012
76.307084
84.381778
87.774640
78.690535
92.548508
80.259854
63.927520
98.139224
64.677357
77.875251
86.366258
85.712125
68.625143
72.307089
55.654390
83.685722
77.450478
70.606616
84.271483
82.014196
89.557690
85.356048
79.952845
80.235557
86.682943
84.220850
82.635894
75.130438
75.914028
68.517160
58.168280
65.571134
75.125227
88.156859
79.756644
86.438821
69.302558
68.968602
94.451487
74.982829
82.479471
72.212175
96.708534
69.291250
89.194886
89.380612
92.927985
84.291454
89.615090
89.656036
91.035293
65.187224
82.574678
71.861575
88.044285
77.451395
71.196335
53.602415
86.892510
89.344085
68.450038
68.901276
94.904697
72.144670
100.292912
78.273485
60.619984
71.129327
84.879558
79.426083
89.377975
69.358968
70.160117
69.485173
68.684487
67.698754
76.592384
68.762715
85.748849
77.351089
72.173997
93.559807
87.151379
56.289050
77.406505
78.146050
68.160640
71.523390
99.435781
77.774866
83.762231
88.887202
88.006137
81.959146
81.728890
49.802096
94.574744
97.037235
62.434018
77.267847
83.972237
84.090268
98.251837
82.669548
80.774759
60.462910
76.681569
82.252222
86.655908
78.478150
67.638992
82.931938
65.333064
74.793583
74.961681
61.614275
71.608360
89.920296
77.274711
88.168781
76.610342
93.432600
70.063989
84.296192
80.899561
72.740710
85.785413
68.350905
80.151758
62.668163
78.886459
88.142151
66.026755
75.660577
76.295513
57.392357
64.520843
87.114584
97.922646
87.352286
89.946725
99.667104
85.442631
94.233460
72.455116
66.028081
80.521304
79.390476
90.321762
65.527363
90.837796
74.179474
88.933774
71.703087
58.236662
74.465530
66.144162
72.877581
57.725012
70.624218
60.407643
90.510469
76.699772
76.699829
81.296251
70.854415
62.920878
61.907420
97.529818
65.155822
65.690729
52.317038
69.534017
58.021651
84.406239
72.261422
55.426104
94.831910
66.584592
54.927147
66.088595
65.508109
73.506502
82.087018
99.202303
52.994725
76.508680
72.218867
51.822717
61.809555
62.447355
62.690760
80.331735
51.121370
86.672346
66.057452
93.996064
86.851914
67.809117
92.644749
64.614963
76.432052
63.005220
86.739356
84.197151
69.315648
72.630955
74.619495
39.116345
72.095748
70.973086
78.568737
81.655679
83.208932
75.042437
73.874410
84.863005
89.924195
65.698545
74.037087
77.738630
66.957111
83.100184
68.953837
73.083354
88.757410
63.577261
67.981454
49.171534
66.395948
65.532872
93.379480
72.268744
65.389622
72.704584
65.172570
59.683488
77.620921
88.086428
62.993262
86.038722
92.749694
64.172496
85.905221
88.333585
91.639960
57.886006
89.534382
66.574899
55.819027
91.072647
67.446156
64.813732
81.544793
60.537364
80.101176
64.332712
63.407397
75.377982
78.991570
80.295470
87.042322
65.273576
77.628150
76.058942
81.742290
80.844507
70.987835
90.782394
67.996743
67.915592
65.973061
72.555079
73.805959
65.869242
71.425674
56.340864
72.819271
69.103063
80.862730
67.063024
92.302637
69.585573
68.945906
58.483430
63.267259
68.101155
80.618994
64.622435
55.719002
67.006700
61.419575
62.043213
64.927643
82.833499
67.399567
78.004258
65.323440
68.136197
58.236281
68.806991
68.755636
74.651537
40.550968
69.977201
77.014047
58.529495
84.717928
55.269038
75.533869
74.079213
96.216350
82.989094
64.396108
67.696191
61.104920
62.574741
75.749629
65.861579
66.625046
72.932628
64.767817
43.198299
76.009861
73.550642
65.937446
44.480067
52.046641
63.008982
69.385156
56.900182
86.115262
62.333220
45.081429
71.026267
65.993178
83.482703
58.818207
45.108458
69.917625
67.209780
62.540661
68.660346
67.817096
61.766282
71.296630
66.196924
55.319754
77.264140
81.623156
69.129613
61.067044
69.499187
60.413814
70.738851
52.618902
74.394218
90.033779
72.804346
67.018604
67.625383
56.462575
54.031627
59.924440
55.699567
78.760397
70.417316
60.852316
70.476168
91.135922
77.533933
86.202647
81.346675
98.977100
51.541261
44.928990
78.081432
88.030645
51.481728
78.705263
69.423253
76.014398
77.688113
75.630384
58.785143
81.430668
79.864174
58.709558
72.612227
86.511381
66.452075
85.367004
68.412186
78.174868
72.134274
75.173413
81.074334
93.449253
84.573293
72.272952
91.511235
77.621710
67.794298
77.677333
95.440617
83.028720
69.684082
88.821239
83.207365
91.451055
89.171854
78.494127
82.431689
83.298075
78.297715
47.430762
68.083588
61.228218
94.111090
92.952543
90.951051
90.398502
87.310741
78.327682
100.505409
76.118422
55.130085
87.708123
44.266103
84.355453
78.888164
83.132882
65.615592
82.978877
92.528330
70.784092
91.841365
76.044427
87.902670
40.610002
76.476933
61.967170
76.224567
71.805426
74.398354
87.543159
80.623475
92.715789
82.869672
79.629473
61.981688
80.926427
90.312848
76.700541
65.952426
68.665586
73.951563
97.100189
90.737389
82.033642
85.612207
90.494157
87.914578
63.061632
47.329748
83.490258
84.405738
87.636530
96.492321
83.297339
75.016829
80.499290
88.012938
83.489796
91.580969
83.480995
84.625439
83.056036
65.094965
83.683368
90.185381
80.909556
70.866012
83.174953
58.111769
86.536235
90.548192
65.020243
91.446626
94.912876
92.745128
73.387831
80.313733
