0.866749
0.837554
1.533615
0.600945
0.660797
0.955003
0.465424
1.974345
0.638743
0.702216
0.872029
0.990172
0.707546
0.473809
0.930396
4.806682
1.277650
0.884234
1.941050
0.930649
0.578187
0.581512
2.089895
2.056494
0.539654
1.070859
1.441996
0.706842
0.686772
1.771305
1.799028
1.119271
1.572940
0.291835
0.749317
0.594457
0.706414
0.594818
1.903219
1.221613
1.033846
0.836739
0.510660
0.847139
0.700394
0.293648
0.880434
1.177547
3.041246
0.836666
0.755001
3.514708
0.916177
0.526100
1.688652
3.040406
0.745108
1.115027
1.612791
1.693352
1.649577
0.807007
0.352298
1.014303
0.653492
2.089286
3.003451
1.720565
0.735863
3.186498
4.905499
0.779666
1.203922
1.140576
0.718821
0.995408
1.086053
0.617326
1.170203
0.401672
2.034098
0.395355
3.256120
0.977506
0.738796
0.659133
0.781568
1.733218
0.706481
0.747212
3.031859
1.421472
0.932242
0.657187
0.623734
0.701830
0.635844
1.316185
1.798460
0.447855
2.890781
1.189564
0.730123
0.650683
1.428885
0.764196
0.598599
0.465770
0.894924
0.391558
2.340787
4.439733
1.309997
0.532851
0.582380
0.662451
0.964510
0.570428
3.168371
0.559479
0.611127
2.358384
0.623524
0.648519
0.780351
2.387807
1.899823
2.652055
0.692284
5.359178
0.571996
5.121071
1.098508
3.179252
0.998234
0.987557
2.839945
1.094934
0.485736
0.618816
0.560013
0.455760
0.786657
1.756672
2.780195
0.787786
1.384675
1.569075
0.572510
0.653876
1.535292
4.955002
0.382999
0.706889
0.503518
1.115987
0.847006
1.806101
1.396207
4.061370
3.966730
0.777526
0.901852
0.813415
0.988229
0.934940
1.141284
0.530264
0.558068
0.612364
0.800072
0.726979
0.443512
0.717283
0.414602
2.499746
0.786616
1.119825
1.359928
0.509527
0.557183
0.999209
0.945698
0.486609
0.570138
0.488990
0.766772
2.026631
2.514386
2.147585
0.681631
1.280580
0.256370
1.127112
2.564707
1.223815
0.594439
0.674793
1.068137
1.647973
0.850714
1.935611
1.214310
0.580776
7.354531
0.585064
0.745532
4.100505
1.362909
1.516859
0.626360
2.947093
0.748263
0.231485
0.749668
1.821235
0.954701
5.867303
1.867462
0.463547
2.106973
0.763261
7.361009
0.618264
0.996547
0.451995
1.327921
3.334732
1.432716
1.590092
0.863099
0.495582
0.787142
0.968958
0.983412
0.698972
1.065526
0.837163
2.633415
0.622974
0.781086
1.043973
1.046059
0.852132
5.633009
0.779760
0.781570
0.933639
0.625808
0.603698
1.589313
0.777733
0.929957
2.303279
0.612052
0.521972
0.915176
0.682447
2.560421
0.984213
0.954294
0.407650
2.482933
1.136534
0.876306
1.815091
0.626813
0.887663
0.871127
0.643048
1.005152
1.006233
1.128508
0.829832
2.446529
0.487464
0.885619
1.133039
0.719181
0.604766
6.675636
1.017868
2.261739
0.659334
0.733773
1.670510
2.167988
0.646526
0.719465
0.599317
0.775165
0.946626
0.893782
1.106559
1.355405
0.529824
0.907811
0.778168
1.942656
1.700922
0.923552
0.449637
1.208372
0.510179
4.028819
1.632866
1.286289
3.387152
0.636721
1.911957
0.792063
0.720123
1.121602
0.892361
1.340963
3.873070
2.368893
1.287360
1.177912
1.363526
0.591779
0.955681
0.944355
0.628785
0.894160
3.420231
0.502754
0.755963
0.777822
0.393683
0.881353
1.632422
2.512698
7.388914
0.459258
2.873902
1.227087
2.529922
1.062317
1.465704
2.441468
0.726717
7.351407
1.210303
2.036921
3.999126
0.523791
0.494071
1.924574
2.488196
0.752349
1.216133
0.810106
0.902329
0.539106
1.943557
0.971447
0.580220
0.966483
2.940282
0.354087
0.549569
2.088278
1.038692
0.813583
1.596266
0.490681
0.654288
0.528330
1.335603
2.826650
0.754624
0.571577
0.626374
1.482149
1.179077
2.441759
0.930914
3.714742
2.987072
0.630302
1.950788
2.104728
1.891440
0.351519
0.695790
1.116429
0.705122
1.340337
0.720274
2.264200
0.494163
0.353903
1.011492
2.710537
1.503299
0.814521
1.068008
2.779341
0.689674
0.638304
6.795968
0.499011
0.719434
1.031658
0.353474
0.643109
1.815455
2.438624
7.396157
0.436865
2.383198
2.274312
3.289718
0.991787
2.816180
0.763560
1.052923
1.563811
0.700296
0.783181
1.646355
1.080249
0.602200
0.875772
0.736670
1.723475
7.336627
0.662946
1.033779
0.326293
0.796319
0.666918
1.405480
0.362913
3.648986
0.736556
2.626042
1.227806
0.661366
1.000121
0.760993
1.096225
2.699979
0.685590
4.768524
2.625672
1.537678
1.368069
4.055329
0.826984
1.088140
0.893995
0.964920
2.053995
1.698825
0.603411
1.575700
0.735410
0.718053
0.831488
0.944598
3.661711
0.758515
0.508054
0.861110
1.595540
1.189040
2.020933
0.331368
1.403078
2.767144
4.266681
0.782682
1.041131
0.733643
2.454751
1.485302
0.560275
1.009889
6.782439
0.555094
0.608092
0.530568
3.870553
3.757865
0.426506
0.228257
0.418971
0.754049
3.251729
0.967716
2.904208
4.131561
0.665923
0.458706
1.105965
1.175183
2.217822
0.968173
0.684448
0.639685
1.480674
1.473651
0.663418
1.258041
0.886332
0.676993
0.677514
0.856780
2.330018
2.243957
1.002236
3.072648
0.602009
2.674288
0.768917
0.763588
1.180948
0.595958
0.768339
2.295636
0.584707
0.661742
0.425438
1.581489
1.384064
0.587769
1.323366
3.063813
0.733629
1.568483
3.013177
1.152114
2.133406
0.348968
1.211900
3.993683
0.659905
0.779283
2.598575
1.723295
2.775557
0.703780
2.697010
1.451739
0.802141
5.670915
0.648501
0.873771
1.214527
0.495020
0.846902
0.911847
0.583198
0.947198
0.620068
1.926356
2.809412
2.489158
0.914670
0.802343
0.574275
1.401393
1.323273
0.425282
0.849822
2.183045
2.129460
0.849549
1.035394
1.057550
0.566460
1.113001
1.596453
5.429534
3.450045
0.689656
0.790186
1.723759
3.619574
1.967026
0.555812
1.245349
1.250008
0.475067
0.655972
1.441636
1.557537
1.995172
1.009411
6.687987
0.698863
0.497708
1.315479
2.271813
1.060150
0.777161
0.997191
1.371423
1.855359
0.642322
0.553237
0.880679
0.429738
0.618441
1.660530
1.849454
1.370413
1.565817
1.067815
2.378379
0.977750
1.100775
0.629601
6.005652
1.046470
1.876126
1.026060
1.085635
2.062804
0.602506
1.153405
2.126640
1.401722
1.051888
1.322144
2.005292
1.981651
1.396656
0.251659
2.966388
1.304586
1.290711
0.545342
0.680941
0.580879
0.750945
2.344231
0.760521
0.494646
0.592214
3.448919
1.694761
0.380824
0.824865
0.856342
0.485679
1.551434
0.564975
0.796884
1.138273
1.330317
0.732308
0.880364
0.948377
1.073367
0.652053
0.768133
0.883144
0.490191
6.777652
1.134995
6.038864
2.387568
1.234539
0.927617
0.646414
1.185006
0.797843
0.666997
2.042497
0.747677
1.403490
0.873340
1.148771
1.167948
1.394221
0.670593
0.435670
0.749766
2.219493
0.683976
1.191633
4.936213
1.488980
2.921194
1.685852
0.525685
1.052989
2.753181
2.402769
1.549235
0.815814
0.581182
1.283647
5.380252
0.861491
2.095340
1.012780
0.667814
0.879202
1.214628
5.684643
0.760174
0.564006
0.839736
0.947085
0.822374
2.442698
2.477316
4.120642
1.703565
0.388750
3.582203
2.596748
1.195570
0.828543
1.389456
0.607768
1.587979
0.767177
1.873552
0.900607
0.807324
5.017857
0.462183
0.486729
3.178593
0.617134
2.697740
1.007205
0.956953
4.937692
0.790581
0.810261
1.801640
1.465965
5.382220
0.388394
1.280327
0.656025
0.655154
1.303221
2.241555
2.291238
0.820415
0.363472
2.340387
0.762742
1.203532
1.231733
0.953404
1.932106
3.302360
4.503647
4.272489
2.072806
3.574072
0.866520
1.296826
0.764460
1.008960
0.402875
2.611528
0.563267
0.861674
0.506866
0.570144
0.572625
1.016951
0.835453
1.310481
0.611559
5.293735
1.473434
1.298352
0.765361
4.096761
1.193084
0.678258
0.717623
1.280330
0.953337
0.464807
1.355090
0.498826
1.372295
0.927510
1.193264
1.596590
1.322431
3.134282
0.655274
3.155877
0.676450
0.394878
0.884977
0.536896
0.499454
0.532249
0.628352
0.531152
0.458892
0.408741
0.717988
1.637742
1.042764
1.028621
0.507546
0.997136
0.816655
0.495419
0.697397
1.204477
0.994528
0.410854
0.591089
0.740975
1.170220
0.933581
1.182155
0.892766
0.582301
0.455435
0.573150
0.655943
1.234163
0.951088
0.786695
1.174487
0.600672
0.963649
1.448577
0.526952
0.601885
0.511662
0.783320
0.869099
0.743900
1.123667
0.827367
5.657897
0.768303
0.861825
0.674762
0.855335
1.435176
0.448292
0.953981
6.087153
0.733582
0.809369
0.802090
0.911846
0.729401
0.509622
0.824966
0.978970
0.710229
1.013275
0.566824
0.882850
0.695006
0.379948
0.801445
1.386370
0.844288
0.960267
0.692168
0.570124
0.601302
0.624040
0.960569
0.447204
0.829401
1.222789
1.200396
0.700421
1.041614
1.503438
1.028785
1.478502
1.153830
0.739411
0.920628
0.919453
0.964016
0.595763
0.795299
0.853262
1.561264
2.832208
0.799741
0.562176
0.383971
0.513239
3.618156
0.792006
0.622071
0.635478
1.049316
0.769004
1.004498
0.662051
0.598471
1.170276
0.751728
1.279021
0.629937
4.594999
0.741609
0.567410
0.788625
0.912154
1.247748
0.900852
1.049650
0.929580
5.349076
1.371482
1.297550
4.989877
0.839677
0.695728
1.513678
1.059349
1.849916
1.088844
0.536907
0.544934
1.240932
1.096586
1.146913
0.892999
1.309290
1.082353
0.669547
0.804258
0.711249
0.704690
0.513254
0.529516
0.770616
0.821981
0.870338
0.837396
0.890050
0.780501
0.873397
0.529149
0.822579
2.043433
1.565157
1.623636
1.019794
0.845116
0.835513
0.939836
0.825694
1.323474
0.802843
1.088522
0.435151
0.767760
0.771222
0.512500
0.916076
1.027085
1.438615
1.028412
0.726691
0.934730
0.612580
0.813152
0.880631
0.383994
0.901068
0.890093
0.777881
1.548852
0.603918
0.489149
0.921964
2.661254
1.624536
0.759660
1.080393
0.549039
0.661677
0.453476
1.143244
0.730856
2.078681
0.727647
0.799726
1.336191
1.095165
1.022361
1.365987
1.525922
1.281107
0.460142
0.837379
0.635199
0.989122
0.554979
0.702639
0.646202
2.466397
3.096926
0.807005
0.911772
1.061756
0.860855
0.680251
0.405740
1.533935
0.756825
0.505316
1.376097
0.685933
0.590973
0.610811
0.613168
1.455634
1.339008
0.617285
0.514574
0.599681
0.664447
0.407108
0.712104
0.443673
0.883354
1.382829
0.410628
2.333886
1.088614
0.477010
1.198041
0.446604
0.779985
0.601815
0.700491
1.083763
3.309849
0.754018
1.519506
1.052737
0.613691
0.887668
0.660023
1.728297
0.875946
0.780007
1.051464
0.565226
0.339257
0.977465
1.949594
0.666413
0.745501
1.276775
1.303943
0.687914
0.577062
0.479455
1.365105
0.499530
0.836905
0.642983
0.724253
0.429723
1.304880
0.689426
0.634033
1.384834
0.507924
0.379368
0.584777
0.757434
0.716932
0.843065
0.731881
0.633621
0.662021
0.731985
1.161969
1.962790
0.538750
0.765858
1.142900
0.556361
0.615896
0.881398
0.931398
3.753248
0.584117
0.652937
0.657704
0.602000
1.246394
0.704172
1.489724
0.555412
1.312016
1.166015
0.995264
1.256390
0.815105
0.921857
1.154781
0.988144
0.558009
1.282738
0.460686
1.086341
0.814322
0.818735
1.039807
1.373979
0.487567
1.644249
0.754718
1.002069
0.432455
0.764195
0.912686
1.056293
0.953371
0.891432
0.614690
0.877852
0.806203
0.739070
0.589977
0.747720
0.594677
0.845483
1.549453
0.624760
0.602061
0.773997
0.609382
0.741742
1.031645
1.245479
0.985211
0.842811
0.684744
0.915499
0.872525
0.844616
0.545072
0.943428
0.764662
1.256043
4.013186
0.696762
0.606241
0.911936
0.659869
0.803639
1.277528
0.903503
0.588106
1.061626
0.508990
0.738922
1.147732
1.594354
0.833712
0.900769
0.792870
0.997029
1.567121
1.363771
1.606777
0.698674
0.809002
1.596645
1.163777
0.665273
0.828245
0.392755
1.253635
0.611179
1.494227
0.618434
1.696416
0.978293
1.157562
1.165786
0.653066
0.776686
0.886247
0.524092
0.434470
0.987863
0.985290
0.728126
1.383146
0.794384
1.619986
0.696697
0.750835
0.939864
0.725770
0.704142
1.583959
0.986396
0.536612
0.620181
1.255787
1.874576
1.826267
0.811421
1.335125
0.498089
1.142731
0.591756
1.065306
0.442434
0.740835
0.455677
4.912308
0.872947
0.855827
0.975692
4.492864
0.607384
1.380047
0.981257
1.999984
0.441974
0.570000
0.509397
0.842209
3.063089
0.495364
0.757452
1.232332
0.892209
0.326901
1.685812
0.534002
0.618311
1.671490
0.908684
1.334066
0.642855
0.610900
0.940949
0.747041
0.463802
0.744914
1.121267
0.847162
1.529359
0.541773
0.552306
0.989495
1.735905
1.282839
0.713749
0.991972
0.938116
0.893634
0.752108
1.159542
3.365822
0.878729
5.051601
0.677865
1.021561
0.642849
0.776136
0.920992
0.911304
1.075670
1.636473
0.763971
0.763836
0.843827
1.101112
0.398915
0.853050
0.541171
0.790368
0.593399
0.440067
0.683403
0.459681
1.246368
0.798480
0.390142
0.552336
0.615501
0.537687
0.569245
0.800666
0.730985
0.531341
1.009778
0.882260
1.898429
0.689142
0.594126
0.872237
0.972323
0.908905
0.406801
1.818315
0.447690
1.001101
3.127901
1.496937
0.383927
1.436011
0.632077
2.459116
0.448536
0.703533
0.874955
1.695336
0.879210
0.668193
2.333683
0.815832
2.134979
0.529654
1.875515
0.989845
1.071613
0.302450
0.772954
0.603629
1.109082
2.102895
0.502540
0.681020
1.292822
0.568257
1.511902
5.394346
3.368984
0.716061
0.904199
1.425203
0.825280
0.715617
1.048207
0.455526
2.438491
0.770776
0.860927
0.887859
0.731563
0.978477
1.300467
1.349196
0.712676
0.943776
0.793536
0.632028
0.973388
0.545599
1.527376
0.779275
1.224434
1.045071
0.348993
1.316659
1.275110
0.801532
0.724409
1.019905
1.585005
0.826098
1.803273
0.592312
2.425072
1.829081
0.690488
0.409445
0.593329
0.569098
0.800898
0.746502
0.837445
0.596479
1.134535
1.378499
0.612372
0.609346
1.322299
1.109100
0.642605
0.866117
0.797447
0.473013
1.323029
0.842466
0.831320
2.034600
0.436180
1.177201
0.743760
0.448274
0.488176
1.599900
0.801109
2.054809
0.695475
0.744267
1.259866
0.919046
1.023023
0.592685
0.945624
0.542358
1.172556
0.705105
0.497880
2.392385
1.055233
1.135846
0.926202
2.105942
0.846429
0.606817
0.884800
0.823285
1.115763
3.425987
0.454440
0.591497
0.551835
1.095174
0.728840
1.471832
0.864539
0.848112
0.855585
1.866290
0.629812
0.760793
1.775130
1.273216
1.750154
0.845026
0.950268
0.707135
0.707622
0.792081
0.631172
2.415267
0.563779
0.598513
1.704745
2.909385
0.632999
1.039261
0.734699
0.887199
0.595773
3.432768
0.721010
0.772867
0.845924
1.619267
0.632950
1.013692
0.936490
0.616310
0.895633
0.979859
1.238680
0.505955
1.549661
1.069884
0.715298
0.693430
0.723750
1.835458
1.126665
1.298747
0.618543
0.850209
0.602874
1.792580
1.145522
2.627460
0.638390
0.481916
2.410122
0.749547
0.780425
1.260296
0.916407
0.590498
1.868560
0.661240
1.218447
1.564210
1.393533
1.235724
0.679245
2.300439
0.693269
2.071267
0.881907
1.092786
1.506833
3.187503
1.115828
0.633403
1.370819
1.015038
1.036309
1.871314
1.378202
1.327022
0.644241
1.237217
2.507844
1.784936
1.595528
0.898641
0.910167
1.290187
0.676601
1.292862
0.803332
0.974706
0.843683
1.045268
0.753583
0.438476
0.748640
0.416125
1.051127
1.531791
0.387726
1.811980
0.755006
1.058906
1.141321
1.592560
0.647959
0.856934
1.164455
1.234955
1.173308
0.598623
1.013462
0.840088
0.558054
0.870193
0.416002
0.484930
0.468741
0.751758
1.217828
0.576511
0.730304
0.950116
0.642664
0.675744
1.022896
0.727113
1.130833
0.870756
0.608638
1.797085
1.346263
0.640017
0.914838
0.828290
0.841139
1.224394
0.628838
0.584798
1.327404
0.889749
0.919090
0.890360
1.117199
1.538428
1.248113
0.778762
0.761212
0.971723
0.578132
0.820500
0.730413
0.654137
1.020558
0.571659
1.601305
0.662218
1.112906
0.627072
0.756922
0.958479
0.751528
0.933233
0.651011
0.916178
0.561416
1.556063
0.496564
1.744510
0.564146
1.343267
0.678642
0.767728
1.217901
1.195859
1.115225
0.538136
1.046083
0.816550
0.788721
1.036426
1.886404
0.864292
1.077570
1.186160
0.529705
0.847845
1.386713
0.749234
0.580863
0.662017
0.528483
0.949128
1.005261
0.965828
1.086108
0.626452
1.396427
1.143226
0.936098
0.794224
0.767470
0.724089
0.861614
0.574847
0.877239
0.779276
