3.028474
0.780856
-0.449041
-0.104483
-0.253077
-2.090324
-0.612558
-0.862235
0.848100
0.140307
-0.846441
-0.042660
-0.141292
-1.706301
-0.166827
-1.224967
-1.351616
0.127698
-0.854355
-0.337460
-0.423073
0.240764
-0.449436
0.537727
0.003003
0.309551
1.072878
0.747993
-0.420272
1.311008
-0.651021
0.888412
1.067996
1.170422
-0.372141
-0.339819
-0.665221
-0.604948
-0.415379
0.015249
0.377202
0.349240
-0.288684
-0.340621
-0.171469
2.382948
-0.559746
-0.198494
-1.398880
-1.101000
0.617645
-0.479171
-0.420821
0.713800
0.345816
-1.751946
-0.098716
0.195268
-3.097838
0.733925
-0.555141
-0.501851
1.696197
0.943903
0.089360
1.026497
0.859091
0.023091
-0.435629
-0.659014
1.095036
0.518238
-0.301773
0.347745
4.440720
-0.117131
0.141179
-0.607365
0.347201
0.459869
-0.128918
0.177268
-0.698096
-0.136594
-0.096334
0.123070
0.684662
-0.714181
-1.264812
0.333499
-2.781606
-1.152309
0.124692
1.456431
0.741000
-0.909472
0.124947
0.631371
-1.802716
-0.672620
0.561451
3.538582
0.853784
0.200343
1.619607
-0.696580
0.408035
-0.310636
1.129303
-0.408394
0.254727
2.127544
-0.757009
0.412677
-0.510587
0.287445
1.692448
-1.182807
3.135242
0.075012
-0.787905
-0.557381
0.592143
-0.937445
-1.034920
-0.849662
1.961208
-0.371579
-0.140095
-0.382327
0.174461
-0.185980
0.048096
0.011335
1.979892
-0.244130
-0.476870
-0.622434
0.101651
0.397362
0.730279
-0.558645
0.640385
-0.118693
-0.272281
-0.044932
0.313259
0.207767
-0.042400
-0.145891
2.083608
0.014350
0.416559
-0.222105
-0.727823
-0.833020
-0.383604
0.225076
-1.378056
0.196089
-0.075833
0.559954
0.668913
-0.463379
-0.348648
-0.004044
0.357313
-1.100488
-0.778656
0.292898
-0.971718
-0.258277
0.136508
-0.803322
-0.386854
0.552643
0.494446
0.156465
-0.273207
-0.301072
-0.191166
-1.103830
-1.270125
-0.980350
0.928498
0.463135
0.363722
-0.900572
-0.688527
-0.063064
0.400450
-0.611696
3.257584
1.276741
0.234806
-0.850287
-0.457504
0.624282
-0.043338
1.912167
0.418811
-0.500698
-0.879728
0.264746
-2.263534
0.845718
-0.798049
-0.243354
0.152794
1.068330
-0.425436
-0.196821
0.313517
0.005983
-0.662899
0.582616
-0.309525
1.129053
1.200734
0.369836
1.293119
-1.010431
0.258174
-0.042685
-0.320931
-0.558499
-0.782473
1.797135
1.753013
1.304785
-1.412905
0.228936
-0.378981
0.497705
1.480636
-0.531571
-0.783178
-0.718191
0.508447
0.880286
0.531417
-1.012805
-0.335602
-0.259980
-0.482469
0.356045
0.074553
-1.078583
-0.473336
0.673265
-0.975974
-0.230057
0.054297
-0.074880
-0.770493
-0.288149
0.969286
0.279059
0.289385
-1.505403
0.523453
-0.233148
0.971720
-0.986369
-0.330815
0.492831
0.243200
-0.672968
-0.000027
-0.289665
-1.147378
-0.764393
0.434885
0.602932
1.113071
0.369333
0.582648
-0.152892
-0.463379
-0.401018
-0.193339
-0.456150
0.024286
3.150290
-0.574861
1.270419
-1.357018
0.432443
-0.602347
0.671258
0.895894
-0.062153
-0.385123
0.688001
4.778482
0.615301
0.155777
0.792218
-0.165916
-1.979864
0.716743
-0.002958
-0.454905
-0.062025
-1.013313
-1.882141
-0.600789
0.588420
0.178813
-0.265866
1.141383
-0.123302
0.155600
0.004922
0.517844
0.443077
-0.627759
2.871380
-0.366037
1.016614
1.053222
-0.136178
-1.810222
0.102125
0.115722
-1.136699
1.042288
1.851599
-0.605061
1.127802
0.060383
-0.828541
-0.753810
1.256726
0.810123
1.088229
-0.341374
1.650917
-0.958563
0.882819
2.578017
-0.563217
-0.858207
2.080867
-0.396060
-1.125069
-0.154027
-0.115275
0.202186
1.168433
0.442400
-0.115483
3.382253
0.450605
-1.120556
-0.284087
-0.678227
0.088097
-0.116178
-0.381534
-0.390580
-0.366816
-1.608909
-1.030824
-0.660326
-0.314336
-0.080173
-0.446284
0.165211
0.971798
-1.539119
-0.476943
0.190380
0.159210
-0.822843
0.170917
-0.145939
0.239165
1.690523
-0.565793
0.241039
1.898424
3.282987
-0.309698
0.462845
0.118528
0.874746
0.469212
-0.175969
0.292775
0.150041
-0.468945
0.315582
-0.650356
2.362685
0.820699
-0.094674
1.007238
-0.887395
-0.993917
-0.203507
-2.339206
0.603590
-0.104325
-0.368139
-0.097487
-0.039548
0.213775
0.632230
0.988053
2.510115
-0.369702
1.644791
0.575458
-0.558554
-0.605460
-0.089078
1.226055
2.348267
0.260934
0.336183
-0.427936
-0.162029
1.852027
-0.143438
-0.775890
-0.736578
-0.323182
-0.952973
-2.552926
3.953495
0.286030
-0.335367
-1.324209
0.271637
-0.011473
-0.286778
1.101815
-0.683947
-1.180455
-0.287705
-0.290680
2.107471
-1.294149
-0.217801
1.181494
0.213131
-0.681600
0.768880
-0.621761
-1.481399
-0.075179
0.973202
1.250993
3.801437
-1.600943
-2.095052
-1.272169
-0.170159
0.176840
-0.236032
-0.033832
0.614291
-0.367647
2.022721
1.621837
0.290060
5.063259
-0.478012
-0.902285
-0.803641
-1.461221
-1.025162
2.909599
-0.119008
-0.387693
-0.921481
2.210174
-0.673850
0.281485
0.042122
0.403099
0.032075
0.165899
0.312757
-0.788143
0.472667
0.333010
-1.252621
-0.678990
-0.457394
-0.116897
-2.096668
-0.607228
-1.306837
-0.298053
0.268233
-0.671308
-0.534429
0.334459
-1.315872
1.491936
-0.062959
-0.087484
-0.209113
0.787662
-0.400306
-0.116583
0.448731
-1.855719
0.058676
-0.411714
0.527669
2.632079
2.657265
-0.283573
-2.042881
-0.104464
-1.309423
-0.630687
0.486075
0.657370
0.383849
0.255098
-0.247508
-0.195999
0.090499
0.153471
-0.433848
0.351037
-0.073233
-0.530318
1.944293
0.319434
-0.274050
-0.081106
-0.255024
-0.781816
-0.821471
-0.307642
-1.128772
-0.885056
-1.244912
0.724063
0.183105
0.034703
0.310793
0.282561
-0.042901
0.207079
-0.003436
-0.708077
-0.897799
-0.542427
0.254414
-1.325182
-0.734522
0.257503
-0.312633
0.488163
-0.259402
0.681317
0.407548
0.466896
-0.316139
-0.410976
-0.113038
0.760275
-0.592237
-0.216548
2.703867
0.299742
-0.194728
1.162856
-0.475770
-0.171485
-1.464257
1.154243
-0.012545
0.018782
-0.756264
-0.404014
-1.147914
-1.205189
-0.299464
0.348222
0.039080
-1.367382
0.545647
-0.735496
1.051076
-1.029995
-1.419192
0.021639
1.471020
-0.127559
-0.318592
1.494323
0.795312
-0.677934
-0.583860
-0.589989
-0.908308
3.333365
0.068517
-1.670311
-0.087901
-0.857392
1.678805
-0.149602
0.745717
-2.194109
1.113768
0.457416
0.356566
-1.482867
-0.792451
-0.965415
0.406313
-1.616121
2.531156
0.377939
-0.136083
0.318925
-0.930023
-0.629157
-0.204458
-0.034146
-0.683284
1.004610
0.112602
-0.556877
0.259833
-1.033011
0.247171
0.061782
-0.309471
0.037047
1.303172
-0.762081
-0.593687
0.316002
-1.492444
-0.278064
0.161381
0.342884
-0.348361
-0.003713
0.679829
0.591329
-0.030116
0.422945
1.159736
0.435077
0.101136
-0.369821
-1.153616
0.228136
-0.354654
2.201235
-0.975475
1.635840
3.608457
0.301225
0.780373
-0.181133
-0.102896
2.874285
-0.084729
0.420720
-0.958992
0.661584
-0.355693
0.097092
-0.149553
0.174251
-0.791109
0.370187
-0.270341
-0.304396
-0.226833
-0.677806
-0.328306
-0.269009
-0.964955
1.376238
-0.217241
-0.722432
-0.586774
0.378376
-1.236493
-0.320306
-1.009474
-0.046823
1.426788
0.241252
2.525323
0.616775
2.327952
2.727243
-1.128494
0.013834
-1.381383
-0.372197
0.900604
-0.966799
0.394042
-0.668476
-1.385109
-0.359138
-0.479614
-0.192681
1.103630
0.691735
3.093198
0.181795
0.938917
0.296103
-0.344492
-0.257333
0.011091
-0.209440
3.199809
-0.999120
-0.969079
-0.187620
1.030858
-1.183618
-0.151696
-2.139137
-0.720349
-0.559304
-0.426344
-0.418049
-0.748407
0.994196
1.635262
-0.886064
-0.881922
0.143105
-1.892497
-1.764041
-1.309737
-1.315873
-0.333619
0.914208
0.420358
-0.395738
2.839012
1.122045
-0.354121
0.444477
-1.811924
2.272680
0.441219
1.336148
0.316878
-1.041483
-0.223674
-0.546815
-0.377531
-0.077516
-0.524580
0.732978
-2.205953
-0.271460
0.275471
-0.282847
-0.172276
0.042561
-0.036285
0.368130
-0.382415
-0.243201
-1.982382
-3.247889
-1.664712
-0.285755
4.336527
-0.430714
0.416399
-0.147284
1.368318
-0.390183
0.940377
-0.068370
0.094352
0.621775
-0.097350
1.690057
-0.750525
-0.265636
-0.035578
0.630567
2.472046
0.048553
-0.684827
0.156642
0.170109
-0.860326
-0.242804
-0.253545
-0.637050
-0.135593
-0.350949
0.470345
-1.058383
-0.348983
0.070880
-0.472021
-0.782983
0.178354
0.810139
0.080940
-0.252865
0.461708
-0.156170
0.483264
0.608144
-0.076820
-0.440028
4.237949
0.119709
0.923405
2.215181
0.695008
0.011267
-1.323650
-0.783025
0.882293
-0.259337
-1.239040
-0.933655
-0.196593
0.209548
-0.048598
-0.135273
-0.587696
0.473487
-0.450482
0.180894
-0.033561
-0.396251
-0.143316
-1.110300
0.773512
-0.053201
-0.365211
1.075905
0.040802
0.252963
-0.144319
0.169133
-0.385682
-0.186336
0.209672
-0.623645
-0.035007
-0.714969
-0.081073
-0.390868
-0.420677
0.517084
-0.618797
-0.071365
-0.042594
0.036892
0.173635
-0.988947
-0.231366
0.358092
0.516222
0.025650
-1.065867
-0.910048
-0.927359
-0.287976
-0.069254
0.358716
0.271915
-1.150881
-1.673879
5.598078
-0.764186
0.076810
0.872006
-0.384613
-0.579615
-0.890601
-0.293031
-0.681116
-0.770793
-2.307256
-0.290935
0.739174
0.371652
0.301864
0.131326
-0.597700
-0.308024
-0.608977
-1.387152
0.027252
0.089538
-0.029101
0.102024
-0.786344
0.504757
-0.780385
0.403047
-0.216399
-0.130823
-0.771792
0.953172
0.084012
-1.007190
0.358430
-0.705509
-0.863393
-0.238209
-0.158838
-0.677239
0.846627
-1.093965
-0.278638
-0.614584
-0.451732
-2.286620
0.082840
0.139496
0.148096
-0.060105
-0.619721
-1.227339
-0.915071
-0.115553
0.295494
-0.267894
-0.585367
-0.383687
4.027331
-0.204445
0.062414
-0.276865
0.218560
0.337150
-1.647881
0.254266
-0.120208
0.880022
-0.714414
2.552082
-0.718425
-0.121878
0.140705
3.675882
-1.586216
-0.175282
-1.265693
0.888745
0.732730
-0.062430
-0.090470
0.798164
-1.035630
-0.909112
0.161588
-0.163420
0.143233
-0.114523
-0.079463
0.472581
0.281338
-0.632846
0.401747
-0.203706
-0.254054
-1.142212
0.318844
-0.827470
-0.630846
-0.353915
-1.037681
-0.623951
-1.547974
-0.730397
-0.493165
-0.068172
0.397179
-0.126061
1.018448
0.093934
-0.006084
-0.457589
0.124379
-0.389067
-0.508052
-0.883549
-0.529229
-0.206654
-0.343360
-0.388558
-0.044960
0.275203
0.707572
0.318619
2.638733
-1.437639
-0.421502
0.043636
2.054345
-1.142931
-2.579565
0.194052
0.700782
0.502026
-0.842437
0.001181
-1.485627
-0.188255
0.935889
0.715981
1.536496
0.867322
-0.481050
-1.403871
-0.310492
0.709020
0.494171
3.073960
0.549512
-0.108434
0.213292
0.804382
0.210862
-0.018917
1.048525
-1.484342
0.342352
0.198028
-1.204114
0.797069
-0.645380
0.212435
-0.315061
3.347580
-1.083374
-0.111793
0.510256
2.794699
1.409333
-0.221026
-0.499484
0.601819
0.174219
0.032604
-0.479404
0.535795
-0.535625
-0.045885
1.058549
0.634313
-0.217449
-0.456061
0.302565
0.180497
-0.313442
-0.102087
-0.412965
0.287937
0.100877
-0.320174
0.590918
0.298659
-1.326207
-0.412979
-0.475601
-1.352002
0.094502
0.246376
1.634553
-0.332278
-1.257757
-0.089242
0.147655
0.645856
1.072309
1.022764
0.081681
1.987819
0.388528
-0.610280
0.426329
-0.173434
-0.656304
-0.139784
0.985146
0.709183
0.604741
-1.020293
5.284599
1.121996
-0.270761
0.390386
1.344882
0.209541
-0.322278
-0.857990
-0.420758
0.055174
-0.433066
0.387745
-0.737564
-0.299653
0.303431
-0.155297
-0.399863
-0.483732
-0.899889
-0.277208
-0.133517
-0.554158
0.450442
1.025029
-0.659144
-1.169412
0.008597
-0.161820
0.138284
-0.210616
0.462508
0.264354
-0.207743
-0.136613
0.021373
1.185573
-0.061943
0.096967
0.218217
0.519804
-0.489659
-0.885078
-0.279995
-0.091176
0.021025
0.310649
-0.636365
0.157661
-0.246897
-0.250565
-0.067185
-0.618256
-0.266094
-0.394855
-0.722338
2.171156
1.252154
-0.102078
-1.352976
-1.627460
0.514205
-0.308087
-0.070811
0.108150
0.223064
1.970450
-1.009108
2.503816
0.083107
-0.161019
0.447507
-0.308530
0.615493
-1.579370
-0.607860
-0.734548
2.443557
-0.343808
-0.900144
0.113756
0.028433
-0.806192
-0.806259
-0.034947
-0.646197
-0.505750
0.240827
-0.502731
2.451519
-0.335973
0.288611
-0.112009
0.265324
-0.805006
0.623544
-1.281720
-0.371424
-0.268539
1.159742
1.222352
-0.022935
0.300698
-1.134115
-1.163290
-0.145557
0.568327
-0.155525
-0.212952
-0.124941
0.225702
-1.019034
0.394947
-0.256377
-0.425597
0.148682
-0.813211
-2.039730
0.706912
0.601956
1.631969
0.468405
0.245963
-0.421796
-0.528751
0.801706
0.315816
0.728676
0.300333
-0.393499
-0.728318
-1.427151
0.691282
0.488389
0.748479
-0.050146
-0.158902
-0.269819
0.984863
-1.005713
0.665967
-0.576108
-0.180066
0.631084
0.348656
0.306277
0.325903
0.304511
0.027334
0.291937
-0.239738
-1.548865
-0.481235
0.464439
0.002659
0.835227
-0.779471
-0.230312
-0.083061
-0.308797
-0.624837
-0.454993
1.117889
0.108792
-0.297010
0.062346
0.025437
-0.830099
0.599140
0.386666
-0.948155
-0.276084
-1.524082
-0.791285
-0.148383
-0.332953
-0.800524
0.350018
1.013020
0.669030
0.785573
0.478637
0.092762
1.996382
-0.190335
0.186032
-0.636288
0.319640
-0.858514
0.383058
1.639762
0.627459
0.981029
-0.720612
-0.175605
-1.155774
0.063097
0.577523
-0.956102
-0.095263
0.807386
-0.677741
-0.428799
0.718167
0.072274
0.881070
0.320177
0.193399
0.359960
-1.143964
0.221087
-0.495535
-1.055549
-0.186208
-1.567687
0.130312
-1.711062
-0.622638
1.693546
1.330508
-0.523389
-0.989390
0.253533
-0.147835
0.331218
-0.934638
-1.049243
0.096491
-0.099521
-0.947069
0.465578
0.069837
-1.311940
-0.293038
-1.060224
-0.025961
-0.849731
-0.097388
-2.614137
-1.089273
0.522668
-0.777631
2.386142
0.159235
-0.818255
2.048160
-0.416725
1.934285
0.780792
-0.056117
1.597671
-0.515712
0.414816
0.999927
0.581678
-0.317679
-1.302949
0.036264
0.217308
-0.405883
-0.103078
0.676614
-2.258179
0.178207
1.042616
-1.540384
1.064893
-0.163821
0.378791
0.539376
-1.092513
0.235428
0.134612
0.180027
-1.388090
0.076545
0.091627
-0.811765
-0.808018
2.597383
-1.251779
-0.944888
0.021967
0.478882
0.129072
-0.623450
1.621922
-0.627949
-0.091122
-0.763414
0.232064
-0.581565
0.423796
-2.135631
-0.918401
-0.651420
-0.837559
1.353219
-0.280547
-0.677644
0.855529
0.312634
0.130581
0.663276
0.762782
-0.225665
-0.127875
-0.634735
-0.443073
-0.035796
0.073385
2.218127
-1.182679
-1.247056
3.472044
-0.265519
-1.307018
-0.643377
-0.672396
-0.504692
0.246620
-0.296342
0.126917
-0.105855
0.365806
0.150847
0.040310
-1.973110
-0.338080
-0.564751
0.348641
-1.147520
0.354063
-0.098816
-0.367298
-1.210702
-1.629684
-0.288012
0.024126
0.153881
2.007708
-0.557833
-0.886037
0.274506
0.537902
-0.578384
-0.002725
-0.631276
0.492583
0.465062
-0.436834
-0.906503
-0.193358
-1.524686
-0.384206
-0.758650
0.566696
-0.168438
1.232679
0.445988
0.156482
0.502538
-1.353914
0.281450
-0.262697
0.441163
-1.018131
-1.685691
-0.822915
-0.364488
-1.502870
0.246474
-0.470794
-0.125973
0.138648
1.098677
0.413932
-0.668857
-0.072939
0.023717
0.952604
0.214661
-0.367683
0.322841
-0.795499
0.719149
-2.713313
-1.488741
2.836524
1.404129
2.790682
-0.710976
-0.685421
0.931683
-0.814834
1.797670
-0.345282
1.572585
-1.543388
0.043257
-0.299045
-0.922133
0.579456
-0.659094
-0.940730
-0.417426
-2.006918
-1.020107
-0.249204
-0.649993
0.851811
-0.933788
-1.569348
3.449431
-1.584397
2.079997
2.817771
-0.775791
-0.841234
0.084483
0.180034
-0.236296
-1.397500
-1.356415
-1.175679
0.159721
-0.385619
1.909524
-0.418143
0.197528
0.793879
-0.041941
0.679552
0.151825
0.124386
-1.633615
0.283631
0.080106
0.702452
0.281441
0.157873
-1.618857
0.230684
-0.136038
0.292780
0.751841
-0.606941
-0.371807
-0.390488
0.932271
-0.873085
0.021077
-1.043279
0.191658
0.257860
0.928551
1.676714
-0.045566
0.573532
0.389539
-0.587596
0.534500
1.076188
-0.952195
-0.651505
-0.329804
0.501959
-0.457763
-0.857534
-0.325374
0.749372
0.458606
0.682321
0.001404
-0.477739
-2.079179
0.916348
0.548584
-0.679008
-0.108819
0.345814
-0.039551
-0.262500
0.068224
0.167316
-0.559434
-2.064904
0.463833
-0.617909
-0.106358
-0.268504
-0.749754
-1.213656
-0.020987
0.055273
0.178232
0.922591
-0.022166
0.527956
-2.395970
0.122954
-0.496839
0.008529
-0.308906
0.369228
-0.656786
-0.039596
-0.306062
-1.233837
-1.169133
0.470762
-0.205996
0.597139
0.902944
-0.814602
3.285347
0.328233
-0.144662
0.161444
-0.374645
-0.590459
-0.004618
0.327588
-0.185807
-0.360595
-0.427717
-0.265660
0.540478
-0.586542
-0.471562
0.091102
0.743495
0.696429
-0.583148
-0.635901
0.352297
-0.119136
0.550288
0.728617
0.139859
0.033416
0.377606
-0.055421
-0.097832
3.208700
0.429331
0.762628
-0.095236
-0.478140
-0.132608
-0.539383
-0.111950
-1.210698
