-0.006763 0.193062 0.181593
-0.004240 0.194357 0.183817
-0.001739 0.195647 0.186094
0.000772 0.196982 0.188399
0.003247 0.198324 0.190736
0.005718 0.199676 0.193125
0.008201 0.201042 0.195697
0.010682 0.202403 0.198393
0.013156 0.203795 0.201139
0.015599 0.205194 0.203924
0.018048 0.206629 0.206764
0.020442 0.208092 0.209507
0.022814 0.209595 0.212210
0.025154 0.211115 0.214944
0.027485 0.212653 0.217716
0.029781 0.214211 0.220502
0.032088 0.215805 0.223380
0.034409 0.217394 0.226531
0.036708 0.219019 0.229694
0.038980 0.220641 0.232936
0.041248 0.222312 0.236215
0.043504 0.224025 0.239528
0.045690 0.225795 0.242570
0.047854 0.227600 0.245663
0.050006 0.229423 0.248818
0.052145 0.231295 0.251999
0.054242 0.233180 0.255228
0.056358 0.235082 0.258662
0.058471 0.237039 0.262157
0.060562 0.239034 0.265671
0.062635 0.241076 0.269220
0.064677 0.243132 0.272797
0.066698 0.245250 0.276359
0.068667 0.247422 0.279726
0.070628 0.249654 0.283115
0.072576 0.251940 0.286538
0.074513 0.254272 0.289954
0.076431 0.256646 0.293444
0.078346 0.259025 0.297136
0.080253 0.261471 0.300844
0.082168 0.263992 0.304604
0.084054 0.266552 0.308296
0.085919 0.269158 0.312008
0.087765 0.271863 0.315521
0.089613 0.274646 0.319005
0.091436 0.277465 0.322481
0.093238 0.280318 0.325966
0.095061 0.283273 0.329451
0.096895 0.286254 0.333075
0.098745 0.289311 0.336789
0.100592 0.292412 0.340477
0.102470 0.295624 0.344143
0.104346 0.298894 0.347801
0.106207 0.302206 0.351325
0.108026 0.305559 0.354693
0.109863 0.308962 0.358038
0.111745 0.312483 0.361322
0.113621 0.316027 0.364635
0.115522 0.319611 0.367940
0.117516 0.323330 0.371391
0.119534 0.327087 0.374790
0.121563 0.330893 0.378104
0.123637 0.334760 0.381419
0.125720 0.338643 0.384686
0.127824 0.342592 0.387764
0.129966 0.346577 0.390770
0.132167 0.350609 0.393702
0.134421 0.354717 0.396625
0.136738 0.358862 0.399470
0.139068 0.362960 0.402378
0.141496 0.367129 0.405273
0.144009 0.371334 0.408100
0.146578 0.375585 0.410898
0.149226 0.379847 0.413624
0.151941 0.384127 0.416231
0.154720 0.388416 0.418704
0.157590 0.392708 0.421081
0.160539 0.397045 0.423378
0.163566 0.401361 0.425545
0.166686 0.405649 0.427773
0.169932 0.409944 0.430006
0.173256 0.414178 0.432211
0.176662 0.418407 0.434422
0.180149 0.422590 0.436482
0.183746 0.426724 0.438515
0.187464 0.430899 0.440405
0.191268 0.435001 0.442093
0.195210 0.439117 0.443819
0.199241 0.443148 0.445506
0.203405 0.447124 0.447156
0.207649 0.451054 0.448837
0.211976 0.454901 0.450374
0.216401 0.458661 0.451862
0.220951 0.462417 0.453332
0.225595 0.466081 0.454756
0.230400 0.469720 0.456129
0.235293 0.473278 0.457464
0.240282 0.476745 0.458745
0.245394 0.480194 0.460049
0.250572 0.483534 0.461300
0.255874 0.486818 0.462547
0.261231 0.490007 0.463767
0.266792 0.493183 0.464920
0.272425 0.496282 0.466147
0.278069 0.499288 0.467378
0.283788 0.502200 0.468610
0.289647 0.505067 0.469724
0.295653 0.507920 0.470876
0.301711 0.510696 0.472026
0.307924 0.513467 0.473209
0.314216 0.516158 0.474457
0.320471 0.518731 0.475625
0.326712 0.521232 0.476864
0.333014 0.523688 0.478107
0.339420 0.526114 0.479454
0.345934 0.528541 0.480782
0.352475 0.530886 0.482061
0.359118 0.533233 0.483416
0.365854 0.535566 0.484835
0.372661 0.537882 0.486222
0.379508 0.540187 0.487664
0.386303 0.542403 0.489166
0.393150 0.544625 0.490697
0.400023 0.546830 0.492216
0.406969 0.549041 0.493743
0.413957 0.551265 0.495333
0.420868 0.553432 0.496912
0.427949 0.555641 0.498616
0.435010 0.557852 0.500305
0.442162 0.560097 0.502080
0.449359 0.562375 0.503915
0.456554 0.564644 0.505666
0.463598 0.566859 0.507391
0.470703 0.569125 0.509253
0.477796 0.571403 0.511004
0.484905 0.573723 0.512949
0.492064 0.576072 0.514888
0.499311 0.578470 0.516841
0.506566 0.580914 0.518741
0.513709 0.583349 0.520633
0.520927 0.585861 0.522537
0.528185 0.588414 0.524429
0.535309 0.590946 0.526405
0.542326 0.593490 0.528158
0.549437 0.596113 0.529898
0.556554 0.598798 0.531752
0.563555 0.601468 0.533530
0.570543 0.604172 0.535389
0.577739 0.607023 0.537231
0.584960 0.609941 0.539144
0.592236 0.612946 0.541030
0.599374 0.615935 0.542933
0.606536 0.618989 0.544872
0.613441 0.621972 0.546528
0.620366 0.625029 0.547986
0.627259 0.628136 0.549436
0.634123 0.631273 0.550996
0.641001 0.634471 0.552524
0.647991 0.637765 0.554170
0.654973 0.641119 0.555763
0.662009 0.644565 0.557409
0.669086 0.648078 0.558985
0.676191 0.651655 0.560592
0.683086 0.655167 0.561992
0.689699 0.658604 0.563065
0.696275 0.662081 0.564273
0.702889 0.665606 0.565247
0.709429 0.669134 0.566205
0.715988 0.672712 0.567314
0.722878 0.676526 0.568678
0.729812 0.680422 0.570029
0.736634 0.684288 0.571314
0.743496 0.688217 0.572556
0.750198 0.692089 0.573709
0.756504 0.695793 0.574490
0.762781 0.699525 0.575186
0.769086 0.703289 0.575689
0.775401 0.707094 0.576318
0.781614 0.710874 0.576907
0.788141 0.714860 0.577814
0.794760 0.718954 0.578800
0.801279 0.723008 0.579723
0.807761 0.727070 0.580613
0.814252 0.731162 0.581467
0.820491 0.735114 0.581975
0.826585 0.739029 0.582338
0.832548 0.742876 0.582557
0.838493 0.746731 0.582797
0.844590 0.750683 0.582856
0.850747 0.754693 0.583221
0.856941 0.758774 0.583940
0.863063 0.762816 0.584601
0.869103 0.766823 0.585237
0.875112 0.770823 0.585846
0.881078 0.774793 0.586281
0.886935 0.778718 0.586284
0.892648 0.782555 0.586238
0.898494 0.786476 0.586169
0.904230 0.790337 0.586078
0.909919 0.794164 0.585932
