-0.031362 0.225500 0.196098
-0.028996 0.227025 0.198173
-0.026669 0.228520 0.200329
-0.024295 0.230115 0.202472
-0.022001 0.231689 0.204609
-0.019695 0.233286 0.206830
-0.017337 0.234883 0.209486
-0.014962 0.236458 0.212439
-0.012582 0.238088 0.215443
-0.010267 0.239707 0.218475
-0.007913 0.241405 0.221582
-0.005677 0.243142 0.224308
-0.003478 0.244957 0.226819
-0.001338 0.246777 0.229329
0.000805 0.248635 0.231885
0.002875 0.250499 0.234390
0.005002 0.252443 0.237086
0.007188 0.254351 0.240518
0.009339 0.256318 0.243893
0.011445 0.258253 0.247449
0.013562 0.260286 0.251028
0.015669 0.262398 0.254627
0.017635 0.264613 0.257346
0.019559 0.266863 0.260132
0.021479 0.269140 0.263055
0.023391 0.271504 0.265979
0.025208 0.273831 0.268973
0.027099 0.276203 0.272549
0.029002 0.278677 0.276234
0.030870 0.281209 0.279924
0.032705 0.283806 0.283653
0.034484 0.286399 0.287445
0.036221 0.289082 0.291124
0.037862 0.291838 0.294191
0.039496 0.294694 0.297276
0.041108 0.297625 0.300414
0.042716 0.300639 0.303526
0.044276 0.303680 0.306810
0.045836 0.306702 0.310711
0.047382 0.309830 0.314630
0.048947 0.313108 0.318676
0.050457 0.316416 0.322533
0.051913 0.319755 0.326434
0.053339 0.323257 0.329729
0.054776 0.326901 0.332937
0.056149 0.330540 0.336131
0.057464 0.334166 0.339370
0.058825 0.338002 0.342603
0.060200 0.341871 0.346315
0.061584 0.345865 0.350294
0.062959 0.349909 0.354257
0.064395 0.354194 0.358174
0.065801 0.358528 0.362088
0.067168 0.362870 0.365677
0.068407 0.367113 0.368816
0.069677 0.371438 0.371968
0.071029 0.376022 0.374981
0.072325 0.380536 0.378127
0.073651 0.385100 0.381350
0.075145 0.390040 0.385055
0.076668 0.395019 0.388711
0.078170 0.400002 0.392175
0.079735 0.405092 0.395722
0.081268 0.410104 0.399213
0.082803 0.415157 0.402215
0.084383 0.420244 0.405110
0.086061 0.425433 0.407920
0.087776 0.430710 0.410727
0.089595 0.436070 0.413444
0.091347 0.441183 0.416458
0.093262 0.446496 0.419543
0.095326 0.451921 0.422567
0.097413 0.457343 0.425547
0.099624 0.462802 0.428456
0.101912 0.468259 0.431132
0.104263 0.473682 0.433526
0.106757 0.479137 0.435791
0.109322 0.484621 0.437861
0.111992 0.490054 0.439699
0.114767 0.495423 0.441837
0.117736 0.500847 0.444104
0.120788 0.506134 0.446445
0.123884 0.511339 0.448843
0.127078 0.516449 0.450943
0.130436 0.521497 0.453108
0.133945 0.526619 0.454890
0.137578 0.531625 0.456257
0.141394 0.536668 0.457761
0.145309 0.541546 0.459289
0.149445 0.546383 0.460836
0.153588 0.551053 0.462495
0.157815 0.555571 0.463858
0.162166 0.559950 0.465201
0.166663 0.564312 0.466484
0.171274 0.568521 0.467746
0.176172 0.572753 0.468922
0.181142 0.576823 0.470050
0.186240 0.580749 0.471116
0.191479 0.584624 0.472215
0.196760 0.588296 0.473248
0.202234 0.591893 0.474302
0.207693 0.595289 0.475313
0.213618 0.598759 0.476172
0.219569 0.602056 0.477241
0.225366 0.605110 0.478302
0.231252 0.608011 0.479413
0.237438 0.610884 0.480215
0.243888 0.613733 0.481076
0.250350 0.616418 0.481925
0.257113 0.619091 0.482804
0.264001 0.621621 0.483894
0.270682 0.623907 0.484775
0.277159 0.626006 0.485803
0.283704 0.628011 0.486807
0.290441 0.629956 0.488076
0.297369 0.631874 0.489198
0.304341 0.633658 0.490219
0.311488 0.635408 0.491364
0.318818 0.637111 0.492643
0.326285 0.638756 0.493773
0.333746 0.640328 0.494973
0.341038 0.641746 0.496383
0.348370 0.643126 0.497778
0.355713 0.644448 0.499083
0.363212 0.645749 0.500353
0.370736 0.647023 0.501707
0.377996 0.648186 0.503029
0.385760 0.649409 0.504687
0.393365 0.650587 0.506211
0.401201 0.651789 0.507936
0.409081 0.652999 0.509742
0.416955 0.654191 0.511298
0.424366 0.655292 0.512792
0.431877 0.656430 0.514606
0.439313 0.657573 0.516057
0.446715 0.658742 0.518004
0.454283 0.659958 0.519948
0.462142 0.661257 0.521942
0.469949 0.662601 0.523716
0.477388 0.663922 0.525460
0.484976 0.665338 0.527180
0.492719 0.666838 0.528896
0.500086 0.668306 0.530920
0.507057 0.669771 0.532248
0.514299 0.671364 0.533537
0.521497 0.673028 0.535134
0.528385 0.674674 0.536578
0.535288 0.676393 0.538332
0.542758 0.678359 0.540006
0.550304 0.680447 0.541922
0.557954 0.682673 0.543746
0.565254 0.684881 0.545723
0.572630 0.687212 0.547854
0.579311 0.689403 0.549257
0.586009 0.691703 0.550073
0.592572 0.694048 0.550878
0.599131 0.696468 0.552126
0.605757 0.699004 0.553342
0.612800 0.701782 0.555029
0.619792 0.704641 0.556583
0.626909 0.707658 0.558319
0.634245 0.710866 0.559968
0.641699 0.714217 0.561794
0.648643 0.717418 0.563142
0.654753 0.720341 0.563551
0.660739 0.723284 0.564401
0.666952 0.726368 0.564680
0.673004 0.729427 0.564998
0.679223 0.732641 0.565904
0.686396 0.736423 0.567608
0.693685 0.740356 0.569303
0.700770 0.744235 0.570939
0.708037 0.748267 0.572533
0.714969 0.752168 0.573997
0.720757 0.755507 0.574388
0.726458 0.758841 0.574556
0.732380 0.762292 0.574271
0.738392 0.765841 0.574444
0.744177 0.769294 0.574575
0.751008 0.773380 0.575795
0.758039 0.777645 0.577225
0.764922 0.781835 0.578591
0.771773 0.786035 0.579934
0.778726 0.790306 0.581237
0.785096 0.794218 0.581630
0.790970 0.797891 0.581547
0.796607 0.801415 0.581150
0.802264 0.804963 0.580881
0.808454 0.808776 0.580130
0.814970 0.812825 0.580416
0.821508 0.816959 0.581727
0.827991 0.821046 0.582975
0.834311 0.825040 0.584204
0.840617 0.829018 0.585407
0.846964 0.832978 0.586195
0.852909 0.836686 0.585624
0.858580 0.840227 0.585005
0.864734 0.844015 0.584366
0.870635 0.847656 0.583705
0.876561 0.851286 0.582977
