0.046217 0.129645 0.150841
0.049057 0.130642 0.153310
0.051910 0.131682 0.155766
0.054679 0.132670 0.158335
0.057515 0.133711 0.160997
0.060298 0.134750 0.163645
0.062972 0.135857 0.165971
0.065577 0.137014 0.168074
0.068141 0.138166 0.170221
0.070744 0.139360 0.172422
0.073260 0.140523 0.174635
0.075895 0.141662 0.177303
0.078541 0.142755 0.180264
0.081222 0.143881 0.183314
0.083852 0.144995 0.186378
0.086533 0.146140 0.189579
0.089096 0.147266 0.192670
0.091513 0.148515 0.195126
0.093932 0.149758 0.197720
0.096350 0.151063 0.200195
0.098707 0.152340 0.202728
0.101033 0.153606 0.205322
0.103518 0.154738 0.208815
0.106010 0.155900 0.212331
0.108451 0.157081 0.215757
0.110859 0.158243 0.219252
0.113339 0.159488 0.222755
0.115646 0.160793 0.225737
0.117887 0.162093 0.228680
0.120125 0.163400 0.231673
0.122359 0.164723 0.234692
0.124607 0.166090 0.237682
0.126876 0.167447 0.240851
0.129251 0.168710 0.244625
0.131599 0.169964 0.248432
0.133936 0.171232 0.252238
0.136235 0.172481 0.256079
0.138556 0.173802 0.259817
0.140793 0.175270 0.262980
0.143015 0.176738 0.266163
0.145173 0.178201 0.269258
0.147379 0.179662 0.272529
0.149630 0.181176 0.275792
0.151943 0.182559 0.279637
0.154230 0.183907 0.283568
0.156589 0.185312 0.287524
0.159013 0.186789 0.291444
0.161371 0.188218 0.295375
0.163659 0.189766 0.298819
0.165916 0.191374 0.302024
0.168184 0.193006 0.305200
0.170387 0.194582 0.308407
0.172649 0.196203 0.311609
0.175009 0.197815 0.315063
0.177625 0.199461 0.318950
0.180225 0.201122 0.322754
0.182774 0.202703 0.326656
0.185440 0.204406 0.330407
0.188103 0.206153 0.333999
0.190562 0.207904 0.337087
0.193049 0.209683 0.340125
0.195666 0.211486 0.343299
0.198277 0.213321 0.346315
0.201029 0.215234 0.349313
0.203941 0.217095 0.352715
0.206909 0.218970 0.356118
0.209864 0.220831 0.359475
0.212918 0.222724 0.362809
0.215970 0.224607 0.366095
0.219215 0.226692 0.368991
0.222393 0.228759 0.371696
0.225534 0.230804 0.374304
0.228839 0.232898 0.376917
0.232153 0.234991 0.379439
0.235575 0.237074 0.382070
0.239135 0.239145 0.384858
0.242707 0.241198 0.387609
0.246436 0.243247 0.390509
0.250246 0.245286 0.393481
0.254100 0.247425 0.396021
0.257930 0.249584 0.398283
0.261844 0.251811 0.400302
0.265945 0.254108 0.402223
0.270157 0.256385 0.404285
0.274375 0.258691 0.406107
0.278728 0.260920 0.408274
0.283164 0.263098 0.410668
0.287647 0.265304 0.412881
0.292215 0.267564 0.414919
0.296742 0.269818 0.416772
0.301510 0.272176 0.418502
0.306411 0.274527 0.420406
0.311368 0.276905 0.422194
0.316438 0.279296 0.424041
0.321573 0.281722 0.425788
0.326639 0.284093 0.427526
0.331841 0.286512 0.429251
0.337090 0.288950 0.430937
0.342442 0.291429 0.432620
0.347916 0.293965 0.434293
0.353387 0.296510 0.435894
0.359055 0.299144 0.437528
0.364458 0.301636 0.439211
0.370001 0.304239 0.440702
0.375872 0.307010 0.442278
0.381779 0.309827 0.443757
0.387575 0.312554 0.445494
0.393307 0.315272 0.447206
0.399167 0.318077 0.448963
0.404929 0.320857 0.450732
0.410655 0.323674 0.452260
0.416671 0.326642 0.454044
0.422995 0.329826 0.455805
0.429370 0.333071 0.457641
0.435654 0.336333 0.459234
0.441926 0.339611 0.461072
0.448189 0.342911 0.462987
0.454417 0.346242 0.464870
0.460559 0.349572 0.466662
0.466675 0.352917 0.468670
0.472896 0.356379 0.470729
0.479224 0.359955 0.472569
0.485618 0.363619 0.474544
0.492061 0.367357 0.476686
0.498420 0.371088 0.478915
0.504833 0.374912 0.481171
0.511457 0.378916 0.483505
0.517634 0.382662 0.485451
0.524014 0.386593 0.487660
0.530210 0.390441 0.489692
0.536423 0.394350 0.491736
0.542616 0.398269 0.494032
0.549156 0.402447 0.496422
0.555644 0.406636 0.498556
0.562199 0.410905 0.501091
0.568805 0.415241 0.503190
0.575214 0.419452 0.505242
0.581315 0.423454 0.507178
0.587487 0.427541 0.509394
0.593948 0.431840 0.511661
0.600302 0.436088 0.513981
0.606444 0.440182 0.516225
0.612830 0.444430 0.518108
0.619583 0.448955 0.520742
0.626065 0.453292 0.523361
0.632599 0.457667 0.525681
0.639328 0.462158 0.528078
0.645963 0.466541 0.530060
0.652099 0.470595 0.532093
0.658128 0.474550 0.533823
0.664072 0.478454 0.535635
0.670251 0.482482 0.537201
0.676324 0.486422 0.538546
0.682963 0.490713 0.540534
0.689619 0.495009 0.543095
0.696440 0.499399 0.545653
0.703190 0.503700 0.547643
0.709860 0.507921 0.549592
0.716043 0.511805 0.550929
0.722313 0.515749 0.552381
0.728498 0.519638 0.553627
0.734385 0.523312 0.554829
0.740131 0.526903 0.555780
0.746316 0.530749 0.557099
0.753408 0.535125 0.559352
0.760678 0.539613 0.561140
0.767662 0.543919 0.563368
0.774805 0.548327 0.565483
0.781683 0.552556 0.566875
0.787604 0.556237 0.567433
0.793452 0.559888 0.567976
0.799422 0.563619 0.568454
0.805182 0.567245 0.568900
0.811197 0.571028 0.569354
0.818471 0.575568 0.570869
0.825888 0.580222 0.572584
0.832990 0.584714 0.574619
0.839948 0.589150 0.576123
0.847104 0.593736 0.577594
0.853017 0.597600 0.577854
0.858825 0.601443 0.577942
0.864668 0.605337 0.577974
0.870502 0.609253 0.577963
0.876185 0.613114 0.577926
0.882363 0.617312 0.578672
0.889155 0.621931 0.579929
0.896057 0.626660 0.581377
0.902869 0.631382 0.582634
0.909103 0.635797 0.584299
0.914824 0.639903 0.584832
0.920580 0.644082 0.584414
0.926250 0.648239 0.583951
0.932017 0.652499 0.583457
0.937732 0.656767 0.582938
0.943270 0.660955 0.582720
0.949323 0.665538 0.583874
0.955478 0.670229 0.584969
0.961098 0.674598 0.586035
0.966884 0.679120 0.587072
0.972486 0.683545 0.588074
