0.087014 -0.038476 -0.007779 0.074007 -0.014154 0.089598
0.097553 -0.067292 -0.015557 0.031737 -0.021470 0.084323
0.081763 -0.044752 -0.010772 0.041842 -0.014569 0.096399
0.091091 -0.009334 -0.001248 0.095247 -0.001146 0.097484
0.095513 -0.019403 -0.004692 0.062000 -0.011880 0.092235
0.089023 -0.024895 -0.011969 0.018736 -0.021659 0.087215
0.073683 -0.013589 -0.007016 0.021237 -0.019066 0.095951
0.091299 -0.001739 -0.000600 0.079044 -0.003605 0.097262
0.096171 -0.001032 0.000114 0.077944 -0.006972 0.095201
0.078519 0.002061 0.000233 0.026190 -0.020859 0.090017
0.067433 0.008540 0.000496 0.025366 -0.019619 0.091458
0.087348 0.012759 0.001461 0.075123 -0.005505 0.095976
0.094171 0.003775 0.000609 0.097972 -0.002012 0.096214
0.076030 0.021763 0.002810 0.056779 -0.011478 0.094154
0.070903 0.026495 0.002980 0.046109 -0.011625 0.093923
0.086891 0.015198 0.000981 0.086003 -0.001969 0.096113
0.084721 0.015232 0.001436 0.092181 -0.002120 0.096079
0.078613 0.022719 0.001370 0.082819 -0.001494 0.095904
0.091408 0.007403 -0.000394 0.098935 0.000619 0.096408
0.071126 -0.022783 -0.006310 0.092334 -0.005807 0.094723
0.032564 -0.038031 -0.013198 0.041908 -0.011093 0.114433
0.033523 -0.035979 -0.010784 0.053004 0.003291 0.135238
0.082021 -0.009930 0.001812 0.101554 0.004663 0.103322
0.079961 -0.012755 -0.005481 0.077611 -0.005036 0.095753
0.037034 -0.021183 -0.019789 0.021334 -0.011250 0.109922
0.045514 -0.029800 -0.024273 0.029562 0.003367 0.118308
0.090799 -0.012149 -0.003963 0.098372 0.004931 0.099403
0.096835 -0.000225 -0.000067 0.106201 0.000186 0.096576
0.091806 0.002453 -0.000278 0.090904 -0.002303 0.096371
0.060167 0.013539 0.000271 0.036702 -0.009031 0.098076
0.062204 0.019657 0.005236 0.032494 -0.004242 0.102250
0.090786 0.020630 0.005396 0.086919 0.000244 0.098839
0.096894 0.001064 0.000378 0.105604 0.000113 0.096669
0.093358 0.004248 0.000570 0.101296 -0.000773 0.096484
0.072003 0.031090 0.004919 0.064285 -0.005149 0.096595
0.083175 0.037717 0.009015 0.046330 -0.004002 0.097570
0.091175 0.024872 0.003216 0.086320 0.001843 0.096894
0.097093 0.001220 0.000062 0.105489 0.000319 0.096548
0.084176 0.014630 0.000702 0.093787 -0.000028 0.096192
0.077339 0.025079 0.000542 0.081269 0.002839 0.095626
0.091823 0.009684 -0.001456 0.098374 0.003119 0.096112
0.082359 -0.001335 -0.000303 0.106247 0.001133 0.098149
0.028537 -0.003883 -0.002278 0.099580 0.006476 0.110683
0.028668 0.010988 0.001704 0.114555 0.007802 0.110880
0.083702 0.007980 0.000873 0.112975 0.000603 0.097941
0.090299 -0.007160 -0.003182 0.104437 0.000032 0.096216
0.106060 -0.099351 -0.039092 0.132575 -0.002749 0.085612
0.253542 -0.319150 -0.085546 0.303727 -0.056730 0.069121
0.126414 -0.028429 -0.016221 0.144098 -0.003184 0.087559
0.097937 -0.000445 -0.000319 0.107136 -0.000027 0.096224
0.096848 -0.002156 -0.000452 0.106603 0.000375 0.096550
0.110955 -0.030854 0.000882 0.132223 0.009485 0.099103
0.163625 -0.058306 0.025908 0.192924 0.036639 0.110452
0.140829 0.000932 0.016851 0.131201 0.011776 0.103785
0.100186 0.000638 0.001148 0.107435 0.000660 0.096999
0.095570 0.001118 0.000352 0.105629 0.000055 0.096692
0.086514 0.017733 0.004700 0.104027 0.002424 0.098833
0.120821 0.046826 0.009253 0.122635 0.012159 0.099994
0.144721 0.026831 0.003200 0.133067 0.008648 0.096372
0.102036 0.001468 0.000178 0.109245 0.000723 0.096424
0.092299 0.006577 -0.001330 0.103780 0.001133 0.095829
0.097857 0.016955 -0.006962 0.109209 0.006831 0.093087
0.108077 0.005854 -0.006159 0.117037 0.005440 0.094202
0.098437 0.000083 -0.000604 0.107704 0.000541 0.096319
0.091299 0.002492 -0.000255 0.104539 -0.000359 0.096535
0.053982 0.028177 -0.002951 0.084438 -0.006564 0.095579
0.045716 0.046746 -0.007081 0.064077 -0.013526 0.093942
0.074124 0.024963 -0.000774 0.087421 -0.006915 0.095768
0.095553 0.000276 -0.000904 0.103364 -0.000870 0.095913
0.086293 0.009241 -0.012364 0.063570 -0.010678 0.087477
0.078697 0.015297 -0.021790 0.033045 -0.016098 0.079863
0.090354 0.008556 -0.003095 0.055675 -0.011545 0.092230
0.096402 0.000703 0.000078 0.101580 -0.000997 0.096412
0.096544 -0.001199 -0.000177 0.104019 -0.000213 0.096482
0.094424 -0.016820 -0.000421 0.067656 -0.004733 0.096737
0.105394 -0.029218 0.007450 0.033238 -0.014171 0.099980
0.118853 -0.014972 0.007987 0.060447 -0.007493 0.098693
0.099564 -0.001420 0.000724 0.102950 -0.000456 0.096690
0.089326 -0.010420 -0.002866 0.105490 -0.001585 0.095604
0.117352 -0.037446 -0.008747 0.131706 -0.004685 0.090576
0.146901 -0.019464 -0.004311 0.145022 -0.002577 0.092228
0.102910 -0.001019 -0.000233 0.110830 -0.000240 0.096136
0.094514 -0.001328 -0.002684 0.109178 -0.000451 0.095450
0.102693 -0.008419 -0.012087 0.134728 -0.002072 0.091157
0.112944 -0.006940 -0.008844 0.135652 -0.001291 0.092702
0.099200 -0.000673 -0.000840 0.109590 -0.000110 0.096151
0.094832 0.001783 0.000018 0.104100 -0.000321 0.096530
0.074463 0.023672 0.000168 0.075642 -0.005882 0.096305
0.060049 0.034598 -0.000577 0.047043 -0.013277 0.095753
0.078376 0.022301 0.001053 0.071694 -0.007838 0.096139
0.095830 0.000850 0.000060 0.100755 -0.000796 0.096480
0.083716 0.002588 0.001047 0.041133 -0.011523 0.095288
0.069066 -0.005698 0.004037 0.024037 -0.020949 0.092678
0.085698 -0.006539 0.003145 0.034342 -0.016267 0.094724
0.096085 -0.000070 0.000318 0.095397 -0.002112 0.096416
0.099014 -0.021880 0.002500 0.043953 -0.010541 0.095617
0.140094 -0.072291 0.017833 0.022432 -0.021405 0.093271
0.123896 -0.047675 0.009278 0.035949 -0.017337 0.094863
0.098424 -0.004406 0.000501 0.096598 -0.002293 0.096419
0.099600 -0.013814 -0.000064 0.094324 -0.003944 0.095896
0.138204 -0.066357 0.003902 0.081638 -0.014536 0.093712
0.128430 -0.042759 0.002592 0.101226 -0.010828 0.094771
0.099366 -0.003435 0.000106 0.106746 -0.001139 0.096384
0.096807 -0.002919 -0.000667 0.107475 -0.000901 0.096232
0.102882 -0.017565 -0.002784 0.118677 -0.005437 0.094938
0.104334 -0.013989 -0.001922 0.119366 -0.004645 0.095357
0.097644 -0.001442 -0.000218 0.107744 -0.000539 0.096417
