-0.048910 0.249924 0.206344
-0.046665 0.251649 0.208289
-0.044471 0.253326 0.210335
-0.042208 0.255148 0.212335
-0.040053 0.256923 0.214299
-0.037878 0.258730 0.216370
-0.035630 0.260539 0.219061
-0.033358 0.262321 0.222176
-0.031075 0.264179 0.225339
-0.028880 0.266009 0.228522
-0.026627 0.267958 0.231794
-0.024531 0.269939 0.234472
-0.022478 0.272017 0.236805
-0.020505 0.274087 0.239111
-0.018521 0.276211 0.241468
-0.016634 0.278320 0.243725
-0.014665 0.280554 0.246244
-0.012622 0.282754 0.249841
-0.010622 0.285025 0.253330
-0.008685 0.287244 0.257076
-0.006728 0.289605 0.260833
-0.004784 0.292071 0.264598
-0.003013 0.294631 0.267032
-0.001295 0.297223 0.269542
0.000419 0.299850 0.272246
0.002127 0.302593 0.274931
0.003706 0.305246 0.277707
0.005377 0.307998 0.281342
0.007065 0.310896 0.285124
0.008708 0.313861 0.288900
0.010305 0.316902 0.292721
0.011828 0.319919 0.296634
0.013299 0.323035 0.300360
0.014663 0.326193 0.303165
0.016020 0.329477 0.305986
0.017348 0.332849 0.308876
0.018677 0.336328 0.311728
0.019936 0.339817 0.314828
0.021176 0.343297 0.318860
0.022397 0.346912 0.322912
0.023638 0.350740 0.327150
0.024816 0.354570 0.331113
0.025919 0.358404 0.335139
0.027009 0.362408 0.338257
0.028119 0.366600 0.341247
0.029146 0.370731 0.344221
0.030097 0.374796 0.347271
0.031108 0.379161 0.350313
0.032117 0.383590 0.354090
0.033124 0.388192 0.358270
0.034120 0.392842 0.362445
0.035197 0.397840 0.366555
0.036232 0.402865 0.370671
0.037235 0.407835 0.374319
0.038090 0.412528 0.377298
0.038985 0.417329 0.380321
0.039993 0.422502 0.383148
0.040918 0.427514 0.386185
0.041879 0.432588 0.389365
0.043032 0.438282 0.393276
0.044226 0.444008 0.397142
0.045399 0.449671 0.400734
0.046648 0.455483 0.404471
0.047854 0.461119 0.408143
0.049080 0.466736 0.411104
0.050364 0.472374 0.413932
0.051780 0.478165 0.416665
0.053234 0.484038 0.419400
0.054825 0.490032 0.422032
0.056298 0.495615 0.425132
0.057980 0.501513 0.428363
0.059857 0.507593 0.431537
0.061750 0.513610 0.434652
0.063802 0.519687 0.437695
0.065952 0.525734 0.440420
0.068178 0.531699 0.442753
0.070588 0.537721 0.444932
0.073076 0.543740 0.446830
0.075694 0.549684 0.448422
0.078420 0.555551 0.450483
0.081384 0.561524 0.452765
0.084434 0.567309 0.455192
0.087506 0.572948 0.457709
0.090692 0.578454 0.459822
0.094073 0.583906 0.462068
0.097637 0.589440 0.463754
0.101351 0.594831 0.464874
0.105278 0.600278 0.466199
0.109304 0.605519 0.467595
0.113605 0.610743 0.469050
0.117860 0.615718 0.470674
0.122197 0.620499 0.471894
0.126669 0.625121 0.473116
0.131299 0.629720 0.474247
0.136046 0.634140 0.475377
0.141163 0.638628 0.476395
0.146333 0.642910 0.477360
0.151643 0.647029 0.478258
0.157104 0.651081 0.479197
0.162579 0.654884 0.480060
0.168286 0.658614 0.480964
0.173923 0.662087 0.481816
0.180195 0.665703 0.482456
0.186453 0.669096 0.483405
0.192439 0.672165 0.484340
0.198511 0.675061 0.485361
0.204984 0.677947 0.485938
0.211796 0.680811 0.486589
0.218584 0.683472 0.487223
0.225766 0.686118 0.487888
0.233092 0.688594 0.488869
0.240089 0.690767 0.489553
0.246744 0.692700 0.490442
0.253464 0.694520 0.491290
0.260428 0.696269 0.492520
0.267635 0.697974 0.493515
0.274889 0.699525 0.494371
0.282363 0.701022 0.495391
0.290075 0.702449 0.496596
0.297964 0.703795 0.497570
0.305813 0.705036 0.498629
0.313400 0.706098 0.500010
0.321015 0.707097 0.501348
0.328625 0.708018 0.502542
0.336445 0.708897 0.503671
0.344271 0.709725 0.504903
0.351697 0.710431 0.506091
0.359853 0.711167 0.507766
0.367749 0.711844 0.509226
0.375967 0.712519 0.510967
0.384222 0.713182 0.512807
0.392464 0.713819 0.514275
0.400016 0.714377 0.515660
0.407685 0.714952 0.517497
0.415230 0.715532 0.518788
0.422696 0.716124 0.520796
0.430403 0.716754 0.522798
0.438538 0.717453 0.524869
0.446571 0.718203 0.526596
0.454045 0.718942 0.528279
0.461713 0.719774 0.529903
0.469608 0.720693 0.531525
0.476949 0.721589 0.533620
0.483682 0.722504 0.534668
0.490805 0.723550 0.535651
0.497839 0.724662 0.537080
0.504426 0.725766 0.538298
0.511042 0.726947 0.539993
0.518471 0.728393 0.541542
0.526008 0.729981 0.543457
0.533680 0.731728 0.545224
0.540852 0.733464 0.547245
0.548137 0.735348 0.549504
0.554428 0.737080 0.550711
0.560735 0.738937 0.551037
0.566841 0.740834 0.551350
0.572968 0.742819 0.552349
0.579204 0.744943 0.553312
0.586072 0.747378 0.555003
0.592867 0.749906 0.556500
0.599844 0.752630 0.558273
0.607169 0.755621 0.559946
0.614682 0.758806 0.561902
0.621496 0.761799 0.563183
0.627117 0.764395 0.563080
0.632566 0.766995 0.563649
0.638386 0.769794 0.563391
0.643999 0.772547 0.563215
0.649887 0.775523 0.563954
0.657153 0.779285 0.565890
0.664598 0.783249 0.567825
0.671790 0.787152 0.569711
0.679274 0.791275 0.571554
0.686315 0.795223 0.573241
0.691718 0.798339 0.573338
0.697004 0.801429 0.573107
0.702657 0.804695 0.572229
0.708459 0.808099 0.572058
0.713953 0.811362 0.571844
0.721001 0.815560 0.573299
0.728332 0.819987 0.575063
0.735494 0.824319 0.576765
0.742633 0.828665 0.578451
0.749953 0.833112 0.580097
0.756468 0.837044 0.580408
0.762243 0.840594 0.579997
0.767711 0.843941 0.579144
0.773225 0.847322 0.578497
0.779559 0.851083 0.577144
0.786405 0.855206 0.577381
0.793262 0.859432 0.579146
0.800083 0.863603 0.580846
0.806683 0.867640 0.582530
0.813290 0.871656 0.584192
0.820005 0.875655 0.585257
0.826107 0.879255 0.584263
0.831838 0.882634 0.583223
0.838318 0.886367 0.582165
0.844437 0.889894 0.581086
0.850636 0.893423 0.579931
