-0.143006
-0.177269
0.427628
-0.509252
-0.414308
-0.046041
-0.764808
0.680237
-0.448253
-0.353514
-0.136933
-0.009876
-0.345952
-0.746950
-0.072145
1.570007
0.245022
-0.123033
0.663229
-0.071873
-0.547859
-0.542124
0.737114
0.721003
-0.616827
0.068462
0.366028
-0.346948
-0.375753
0.571717
0.587247
0.112678
0.452946
-1.231567
-0.288594
-0.520107
-0.347553
-0.519500
0.643547
0.200172
0.033286
-0.178243
-0.672051
-0.165891
-0.356112
-1.225372
-0.127340
0.163433
1.112267
-0.178330
-0.281036
1.256957
-0.087546
-0.642263
0.523931
1.111991
-0.294226
0.108878
0.477966
0.526710
0.500519
-0.214423
-1.043278
0.014202
-0.425425
0.736822
1.099762
0.542653
-0.306711
1.158923
1.590357
-0.248890
0.185585
0.131533
-0.330143
-0.004603
0.082550
-0.482358
0.157177
-0.912120
0.710053
-0.927972
1.180536
-0.022751
-0.302733
-0.416831
-0.246453
0.549980
-0.347459
-0.291406
1.109176
0.351693
-0.070163
-0.419787
-0.472031
-0.354065
-0.452802
0.274737
0.586931
-0.803286
1.061527
0.173587
-0.314543
-0.429733
0.356894
-0.268931
-0.513164
-0.764064
-0.111016
-0.937622
0.850487
1.490594
0.270025
-0.629513
-0.540633
-0.411809
-0.036135
-0.561369
1.153218
-0.580749
-0.492451
0.857977
-0.472368
-0.433064
-0.248011
0.870375
0.641761
0.975335
-0.367758
1.678811
-0.558623
1.633364
0.093953
1.156646
-0.001768
-0.012521
1.043785
0.090694
-0.722091
-0.479947
-0.579795
-0.785790
-0.239963
0.563421
1.022521
-0.238529
0.325465
0.450486
-0.557725
-0.424838
0.428720
1.600398
-0.959723
-0.346881
-0.686136
0.109739
-0.166048
0.591170
0.333759
1.401520
1.377942
-0.251638
-0.103305
-0.206513
-0.011841
-0.067273
0.132154
-0.634380
-0.583274
-0.490428
-0.223053
-0.318857
-0.813030
-0.332285
-0.880436
0.916189
-0.240016
0.113172
0.307432
-0.674272
-0.584861
-0.000791
-0.055832
-0.720295
-0.561877
-0.715413
-0.265566
0.706375
0.922029
0.764344
-0.383267
0.247313
-1.361133
0.119658
0.941844
0.201973
-0.520137
-0.393349
0.065916
0.499546
-0.161679
0.660423
0.194176
-0.543390
1.995317
-0.536034
-0.293658
1.411110
0.309621
0.416642
-0.467831
1.080819
-0.290001
-1.463239
-0.288125
0.599515
-0.046357
1.769395
0.624581
-0.768848
0.745252
-0.270155
1.996197
-0.480840
-0.003459
-0.794084
0.283614
1.204392
0.359572
0.463792
-0.147225
-0.702023
-0.239346
-0.031534
-0.016727
-0.358145
0.063469
-0.177737
0.968282
-0.473251
-0.247070
0.043033
0.045030
-0.160014
1.728644
-0.248769
-0.246450
-0.068665
-0.468711
-0.504681
0.463302
-0.251372
-0.072617
0.834334
-0.490937
-0.650141
-0.088638
-0.382071
0.940172
-0.015913
-0.046784
-0.897346
0.909441
0.127983
-0.132040
0.596136
-0.467107
-0.119163
-0.137967
-0.441536
0.005138
0.006214
0.120897
-0.186532
0.894670
-0.718540
-0.121468
0.124903
-0.329642
-0.502913
1.898464
0.017710
0.816134
-0.416525
-0.309555
0.513129
0.773800
-0.436141
-0.329248
-0.511965
-0.254679
-0.054851
-0.112294
0.101255
0.304100
-0.635211
-0.096719
-0.250812
0.664056
0.531170
-0.079528
-0.799314
0.189274
-0.672994
1.393473
0.490337
0.251761
1.219989
-0.451423
0.648128
-0.233114
-0.328333
0.114758
-0.113885
0.293388
1.354048
0.862423
0.252593
0.163744
0.310074
-0.524623
-0.045331
-0.057253
-0.463967
-0.111870
1.229708
-0.687653
-0.279763
-0.251258
-0.932209
-0.126297
0.490065
0.921357
1.999981
-0.778142
1.055671
0.204643
0.928189
0.060452
0.382335
0.892600
-0.319218
1.994892
0.190871
0.711439
1.386076
-0.646662
-0.705077
0.654705
0.911558
-0.284554
0.195676
-0.210590
-0.102776
-0.617844
0.664520
-0.028969
-0.544349
-0.034091
1.078506
-1.038213
-0.598620
0.736340
0.037962
-0.206308
0.467667
-0.711962
-0.424208
-0.638034
0.289383
1.039092
-0.281535
-0.559356
-0.467808
0.393493
0.164732
0.892719
-0.071588
1.312309
1.094294
-0.461556
0.668233
0.744186
0.637338
-1.045491
-0.362707
0.110136
-0.349385
0.292921
-0.328124
0.817222
-0.704891
-1.038732
0.011426
0.997147
0.407662
-0.205156
0.065795
1.022214
-0.371536
-0.448940
1.916330
-0.695127
-0.329291
0.031168
-1.039944
-0.441440
0.596336
0.891434
2.000961
-0.828131
0.868443
0.821678
1.190802
-0.008247
1.035381
-0.269763
0.051570
0.447126
-0.356252
-0.244392
0.498564
0.077191
-0.507166
-0.132650
-0.305615
0.544343
1.992879
-0.411061
0.033221
-1.119960
-0.227756
-0.405088
0.340379
-1.013593
1.294449
-0.305770
0.965478
0.205229
-0.413448
0.000121
-0.273131
0.091872
0.993244
-0.377476
1.562037
0.965337
0.430273
0.313400
1.400032
-0.189969
0.084470
-0.112055
-0.035711
0.719787
0.529937
-0.505157
0.454700
-0.307327
-0.331212
-0.184538
-0.056996
1.297931
-0.276393
-0.677168
-0.149533
0.467212
0.173147
0.703559
-1.104525
0.338669
1.017816
1.450836
-0.245028
0.040308
-0.309733
0.898025
0.395618
-0.579328
0.009840
1.914337
-0.588618
-0.497429
-0.633808
1.353397
1.323851
-0.852128
-1.477285
-0.869954
-0.282298
1.179187
-0.032816
1.066161
1.418655
-0.406581
-0.779346
0.100718
0.161424
0.796526
-0.032345
-0.379142
-0.446780
0.392497
0.387743
-0.410350
0.229556
-0.120664
-0.390095
-0.389325
-0.154574
0.845876
0.808241
0.002233
1.122540
-0.507483
0.983683
-0.262773
-0.269727
0.166317
-0.517585
-0.263525
0.831010
-0.536644
-0.412880
-0.854636
0.458367
0.325024
-0.531420
0.280179
1.119660
-0.309752
0.450109
1.102995
0.141598
0.757720
-1.052775
0.192189
1.384714
-0.415659
-0.249381
0.954963
0.544238
1.020852
-0.351289
0.992144
0.372762
-0.220471
1.735351
-0.433092
-0.134937
0.194355
-0.703156
-0.166170
-0.092283
-0.539228
-0.054247
-0.477927
0.655630
1.032975
0.911945
-0.089192
-0.220219
-0.554646
0.337467
0.280108
-0.855002
-0.162729
0.780721
0.755868
-0.163049
0.034782
0.055955
-0.568350
0.107060
0.467784
1.691853
1.238387
-0.371562
-0.235487
0.544507
1.286356
0.676523
-0.587325
0.219416
0.223150
-0.744300
-0.421637
0.365779
0.443106
0.690730
0.009367
1.900313
-0.358301
-0.697741
0.274201
0.820578
0.058411
-0.252108
-0.002813
0.315849
0.618078
-0.442666
-0.591969
-0.127063
-0.844579
-0.480553
0.507137
0.614890
0.315112
0.448408
0.065614
0.866419
-0.022501
0.096014
-0.462669
1.792701
0.045422
0.629209
0.025726
0.082165
0.724066
-0.506658
0.142718
0.754543
0.337702
0.050587
0.279255
0.695790
0.683930
0.334080
-1.379679
1.087345
0.265886
0.255193
-0.606342
-0.384279
-0.543213
-0.286423
0.851957
-0.273752
-0.703912
-0.523886
1.238061
0.527542
-0.965419
-0.192536
-0.155085
-0.722208
0.439180
-0.570974
-0.227047
0.129513
0.285417
-0.311554
-0.127420
-0.053003
0.070801
-0.427630
-0.263792
-0.124267
-0.712959
1.913631
0.126628
1.798216
0.870275
0.210697
-0.075137
-0.436316
0.169748
-0.225843
-0.404969
0.714173
-0.290784
0.338962
-0.135430
0.138693
0.155249
0.332336
-0.399593
-0.830870
-0.287995
0.797279
-0.379833
0.175325
1.596598
0.398091
1.071992
0.522271
-0.643053
0.051633
1.012757
0.876622
0.437761
-0.203568
-0.542691
0.249706
1.682735
-0.149091
0.739716
0.012699
-0.403746
-0.128741
0.194438
1.737768
-0.274208
-0.572691
-0.174667
-0.054367
-0.195560
0.893103
0.907176
1.416009
0.532723
-0.944819
1.275978
0.954260
0.178623
-0.188087
0.328912
-0.497962
0.462462
-0.265038
0.627836
-0.104686
-0.214031
1.613003
-0.771793
-0.720049
1.156439
-0.482670
0.992414
0.007179
-0.044001
1.596898
-0.234987
-0.210399
0.588697
0.382513
1.683101
-0.945735
0.247116
-0.421557
-0.422885
0.264839
0.807170
0.829092
-0.197944
-1.012053
0.850316
-0.270835
0.185261
0.208422
-0.047717
0.658611
1.194637
1.504888
1.452197
0.728903
1.273705
-0.143270
0.259919
-0.268585
0.008921
-0.909130
0.959936
-0.574001
-0.148878
-0.679508
-0.561865
-0.557524
0.016809
-0.179781
0.270395
-0.491744
1.666524
0.387596
0.261096
-0.267408
1.410197
0.176542
-0.388227
-0.331811
0.247118
-0.047787
-0.766133
0.303868
-0.695499
0.316484
-0.075252
0.176692
0.467870
0.279472
1.142400
-0.422702
1.149266
-0.390897
-0.929177
-0.122194
-0.621951
-0.694239
-0.630643
-0.464655
-0.632707
-0.778941
-0.894673
-0.331302
0.493318
0.041875
0.028219
-0.678168
-0.002868
-0.202538
-0.702351
-0.360400
0.186046
-0.005487
-0.889518
-0.525788
-0.299788
0.157192
-0.068727
0.167339
-0.113431
-0.540768
-0.786503
-0.556608
-0.421682
0.210393
-0.050149
-0.239914
0.160831
-0.509706
-0.037029
0.370581
-0.640646
-0.507690
-0.670091
-0.244214
-0.140298
-0.295849
0.116597
-0.189507
1.733052
-0.263571
-0.148703
-0.393395
-0.156262
0.361288
-0.802310
-0.047111
1.806180
-0.309816
-0.211500
-0.220534
-0.092284
-0.315532
-0.674085
-0.192414
-0.021255
-0.342168
0.013188
-0.567707
-0.124600
-0.363834
-0.967721
-0.221339
0.326689
-0.169262
-0.040544
-0.367927
-0.561901
-0.508658
-0.471541
-0.040230
-0.804741
-0.187051
0.201135
0.182652
-0.356073
0.040772
0.407754
0.028379
0.391029
0.143087
-0.301902
-0.082699
-0.083976
-0.036647
-0.517912
-0.229038
-0.158689
0.445496
1.041057
-0.223468
-0.575940
-0.957189
-0.667013
1.285964
-0.233187
-0.474700
-0.453378
0.048138
-0.262658
0.004487
-0.412413
-0.513378
0.157240
-0.285381
0.246095
-0.462136
1.524969
-0.298933
-0.566674
-0.237464
-0.091947
0.221340
-0.104414
0.048457
-0.073023
1.676924
0.315892
0.260478
1.607411
-0.174738
-0.362797
0.414542
0.057655
0.615140
0.085117
-0.621931
-0.607091
0.215863
0.092202
0.137074
-0.113169
0.269485
0.079138
-0.401154
-0.217835
-0.340732
-0.349998
-0.666984
-0.635792
-0.260565
-0.196037
-0.138874
-0.177458
-0.116478
-0.247819
-0.135365
-0.636486
-0.195311
0.714631
0.447986
0.484668
0.019601
-0.168281
-0.179709
-0.062049
-0.191532
0.280260
-0.219596
0.084821
-0.832063
-0.264279
-0.259779
-0.668455
-0.087656
0.026725
0.363681
0.028016
-0.319253
-0.067498
-0.490076
-0.206837
-0.127117
-0.957127
-0.104175
-0.116429
-0.251181
0.437514
-0.504316
-0.715089
-0.081249
0.978798
0.485222
-0.274885
0.077324
-0.599586
-0.412978
-0.790813
0.133870
-0.313539
0.731733
-0.317940
-0.223487
0.289823
0.090905
0.022115
0.311877
0.422599
0.247724
-0.776219
-0.177478
-0.453817
-0.010937
-0.588825
-0.352913
-0.436642
0.902758
1.130410
-0.214425
-0.092365
0.059924
-0.149829
-0.385294
-0.902043
0.427836
-0.278623
-0.682572
0.319252
-0.376976
-0.525985
-0.492967
-0.489116
0.375442
0.291929
-0.482425
-0.664415
-0.511358
-0.408801
-0.898676
-0.339532
-0.812667
-0.124029
0.324132
-0.890068
0.847535
0.084905
-0.740217
0.180688
-0.806083
-0.248480
-0.507805
-0.355974
0.080439
1.196902
-0.282340
0.418385
0.051393
-0.488264
-0.119157
-0.415481
0.547137
-0.132451
-0.248453
0.050183
-0.570530
-1.080996
-0.022793
0.667621
-0.405845
-0.293699
0.244337
0.265393
-0.374092
-0.549805
-0.735105
0.311231
-0.694087
-0.178044
-0.441638
-0.322615
-0.844615
0.266111
-0.371896
-0.455654
0.325580
-0.677423
-0.969248
-0.536524
-0.277819
-0.332774
-0.170711
-0.312138
-0.456305
-0.412458
-0.311996
0.150116
0.674367
-0.618503
-0.266758
0.133569
-0.586338
-0.484677
-0.126245
-0.071069
1.322622
-0.537653
-0.426274
-0.419000
-0.507498
0.220255
-0.350733
0.398591
-0.588045
0.271565
0.153592
-0.004747
0.228242
-0.204439
-0.081365
0.143910
-0.011927
-0.583380
0.248997
-0.775038
0.082815
-0.205400
-0.199994
0.039035
0.317711
-0.718329
0.497284
-0.281412
0.002067
-0.838276
-0.268932
-0.091364
0.054766
-0.047751
-0.114926
-0.486638
-0.130277
-0.215419
-0.302362
-0.527672
-0.290726
-0.519737
-0.167848
0.437902
-0.470388
-0.507397
-0.256187
-0.495309
-0.298753
0.031154
0.219520
-0.014899
-0.171013
-0.378710
-0.088286
-0.136364
-0.168873
-0.606837
-0.058236
-0.268321
0.227966
1.389585
-0.361312
-0.500478
-0.092186
-0.415714
-0.218605
0.244927
-0.101476
-0.530848
0.059801
-0.675327
-0.302562
0.137788
0.466469
-0.181867
-0.104507
-0.232096
-0.002975
0.449240
0.310254
0.474230
-0.358571
-0.211954
0.467904
0.151670
-0.407557
-0.188446
-0.934570
0.226047
-0.492365
0.401609
-0.480565
0.528518
-0.021946
0.146316
0.153395
-0.426077
-0.252719
-0.120760
-0.646087
-0.833630
-0.012212
-0.014819
-0.317281
0.324360
-0.230189
0.482418
-0.361405
-0.286569
-0.062020
-0.320522
-0.350776
0.459927
-0.013698
-0.622480
-0.477743
0.227762
0.628382
0.602274
-0.208968
0.289025
-0.696977
0.133421
-0.524660
0.063262
-0.815464
-0.299977
-0.785971
1.591744
-0.135880
-0.155687
-0.024608
1.502490
-0.498594
0.322117
-0.018920
0.693139
-0.816505
-0.562118
-0.674528
-0.171727
1.119424
-0.702462
-0.277796
0.208908
-0.114055
-1.118097
0.522247
-0.627356
-0.480764
0.513716
-0.095757
0.288231
-0.441836
-0.492822
-0.060867
-0.291636
-0.768298
-0.294486
0.114459
-0.165864
0.424849
-0.612908
-0.593653
-0.010561
0.551529
0.249076
-0.337224
-0.008061
-0.063882
-0.112459
-0.284875
0.148025
1.213672
-0.129278
1.619705
-0.388807
0.021332
-0.441845
-0.253428
-0.082304
-0.092879
0.072943
0.492543
-0.269226
-0.269403
-0.169808
0.096320
-0.919007
-0.158937
-0.614020
-0.235257
-0.521888
-0.820828
-0.380671
-0.777223
0.220234
-0.225046
-0.941245
-0.593598
-0.485318
-0.620478
-0.563445
-0.222311
-0.313362
-0.632351
0.009730
-0.125268
0.641027
-0.372308
-0.520664
-0.136694
-0.028067
-0.095515
-0.899430
0.597910
-0.803653
0.001101
1.140362
0.403421
-0.957303
0.361869
-0.458744
0.899802
-0.801767
-0.351641
-0.133582
0.527881
-0.128731
-0.403179
0.847448
-0.203547
0.758457
-0.635531
0.628883
-0.010207
0.069165
-1.195838
-0.257535
-0.504795
0.103533
0.743315
-0.688080
-0.384163
0.256828
-0.565181
0.413369
1.685351
1.214611
-0.333990
-0.100705
0.354314
-0.192033
-0.334610
0.047081
-0.786303
0.891379
-0.260357
-0.149745
-0.118943
-0.312572
-0.021758
0.262723
0.299509
-0.338729
-0.057866
-0.231256
-0.458821
-0.026972
-0.605871
0.423551
-0.249391
0.202479
0.044085
-1.052704
0.275098
0.243032
-0.221230
-0.322399
0.019709
0.460588
-0.191042
0.589603
-0.523721
0.885861
0.603813
-0.370356
-0.892953
-0.522007
-0.563702
-0.222022
-0.292357
-0.177399
-0.516711
0.126223
0.320995
-0.490416
-0.495370
0.279372
0.103549
-0.442225
-0.143736
-0.226340
-0.748633
0.279924
-0.171422
-0.184741
0.710299
-0.829699
0.163140
-0.296037
-0.802352
-0.717079
0.469941
-0.221759
0.720183
-0.363161
-0.295355
0.231006
-0.084419
0.022761
-0.523092
-0.055910
-0.611829
0.159186
-0.349408
-0.697396
0.872291
0.053762
0.127378
-0.076663
0.744763
-0.166729
-0.499528
-0.122394
-0.194453
0.109538
1.231390
-0.788690
-0.525099
-0.594505
0.090913
-0.316301
0.386508
-0.145559
-0.164742
-0.155970
0.623953
-0.462334
-0.273394
0.573874
0.241546
0.559704
-0.168388
-0.051011
-0.346533
-0.345845
-0.233092
-0.460176
0.881810
-0.573093
-0.513308
0.533416
1.067942
-0.457286
0.038510
-0.308294
-0.119686
-0.517896
1.233367
-0.327102
-0.257649
-0.167326
0.481974
-0.457363
0.013599
-0.065616
-0.484005
-0.110225
-0.020346
0.214046
-0.681307
0.438036
0.067550
-0.335056
-0.366106
-0.323310
0.607294
0.119262
0.261400
-0.480389
-0.162273
-0.506047
0.583656
0.135861
0.966017
-0.448805
-0.729985
0.879678
-0.288286
-0.247916
0.231346
-0.087295
-0.526790
0.625168
-0.413638
0.197577
0.447381
0.331843
0.211657
-0.386773
0.833100
-0.366337
0.728161
-0.125669
0.088730
0.410010
1.159238
0.109597
-0.456648
0.315408
0.014926
0.035665
0.626641
0.320780
0.282938
-0.439682
0.212864
0.919424
0.579382
0.467205
-0.106871
-0.094127
0.254787
-0.390673
0.256858
-0.218988
-0.025619
-0.169979
0.044273
-0.282916
-0.824450
-0.289497
-0.876771
0.049863
0.426438
-0.947457
0.594420
-0.281030
0.057236
0.132186
0.465343
-0.433928
-0.154394
0.152253
0.211035
0.159827
-0.513123
0.013373
-0.174249
-0.583300
-0.139040
-0.877065
-0.723751
-0.757705
-0.285341
0.197069
-0.550761
-0.314295
-0.051171
-0.442133
-0.391941
0.022638
-0.318674
0.122955
-0.138394
-0.496532
0.586166
0.297333
-0.446261
-0.089008
-0.188392
-0.172998
0.202446
-0.463881
-0.536489
0.283225
-0.116816
-0.084372
-0.116130
0.110824
0.430761
0.221633
-0.250049
-0.272844
-0.028685
-0.547952
-0.197841
-0.314145
-0.424438
0.020349
-0.559213
0.470819
-0.412160
0.106974
-0.466694
-0.278495
-0.042407
-0.285647
-0.069100
-0.429229
-0.087545
-0.577294
0.442159
-0.700042
0.556474
-0.572442
0.295105
-0.387661
-0.264320
0.197129
0.178864
0.109056
-0.619644
0.045052
-0.202667
-0.237342
0.035778
0.634672
-0.145845
0.074709
0.170721
-0.635434
-0.165058
0.326936
-0.288704
-0.543241
-0.412464
-0.637745
-0.052212
0.005247
-0.034770
0.082600
-0.467683
0.333917
0.133854
-0.066035
-0.230390
-0.264655
-0.322842
-0.148948
-0.553652
-0.130976
-0.249390
