0.019156 0.161024 0.166401
0.021835 0.162143 0.168754
0.024510 0.163280 0.171128
0.027150 0.164411 0.173571
0.029804 0.165574 0.176080
0.032432 0.166739 0.178609
0.035018 0.167943 0.181066
0.037574 0.169167 0.183472
0.040108 0.170402 0.185926
0.042644 0.171661 0.188429
0.045144 0.172920 0.190964
0.047669 0.174184 0.193683
0.050187 0.175443 0.196531
0.052706 0.176728 0.199442
0.055198 0.178015 0.202379
0.057695 0.179328 0.205394
0.060145 0.180645 0.208400
0.062540 0.182016 0.211219
0.064926 0.183400 0.214115
0.067299 0.184812 0.216989
0.069643 0.186231 0.219912
0.071967 0.187664 0.222884
0.074325 0.189064 0.226180
0.076677 0.190497 0.229514
0.079001 0.191945 0.232833
0.081304 0.193406 0.236201
0.083622 0.194917 0.239597
0.085873 0.196457 0.242829
0.088096 0.198016 0.246071
0.090307 0.199596 0.249349
0.092510 0.201204 0.252656
0.094706 0.202842 0.255961
0.096901 0.204505 0.259351
0.099117 0.206158 0.262953
0.101318 0.207833 0.266584
0.103510 0.209539 0.270230
0.105680 0.211256 0.273890
0.107855 0.213029 0.277532
0.109997 0.214869 0.280977
0.112131 0.216737 0.284440
0.114243 0.218630 0.287882
0.116364 0.220546 0.291378
0.118498 0.222513 0.294879
0.120648 0.224471 0.298579
0.122788 0.226445 0.302308
0.124952 0.228472 0.306043
0.127138 0.230556 0.309761
0.129308 0.232655 0.313482
0.131458 0.234815 0.317021
0.133609 0.237030 0.320479
0.135766 0.239279 0.323908
0.137913 0.241538 0.327341
0.140089 0.243850 0.330764
0.142301 0.246191 0.334248
0.144608 0.248599 0.337871
0.146920 0.251034 0.341439
0.149231 0.253473 0.345026
0.151600 0.255995 0.348545
0.153982 0.258553 0.351977
0.156328 0.261133 0.355225
0.158700 0.263744 0.358420
0.161138 0.266402 0.361639
0.163600 0.269096 0.364778
0.166134 0.271850 0.367880
0.168749 0.274627 0.371093
0.171410 0.277431 0.374267
0.174094 0.280242 0.377383
0.176855 0.283104 0.380479
0.179646 0.285972 0.383513
0.182541 0.288938 0.386376
0.185455 0.291905 0.389139
0.188394 0.294864 0.391820
0.191440 0.297878 0.394488
0.194529 0.300891 0.397076
0.197698 0.303914 0.399660
0.200962 0.306947 0.402255
0.204272 0.309967 0.404785
0.207696 0.313012 0.407350
0.211192 0.316049 0.409886
0.214759 0.319116 0.412236
0.218377 0.322180 0.414454
0.222074 0.325254 0.416537
0.225904 0.328371 0.418573
0.229821 0.331466 0.420604
0.233792 0.334548 0.422505
0.237882 0.337614 0.424509
0.242042 0.340630 0.426525
0.246294 0.343659 0.428473
0.250627 0.346680 0.430315
0.255000 0.349666 0.432052
0.259534 0.352698 0.433740
0.264165 0.355700 0.435440
0.268867 0.358680 0.437061
0.273683 0.361666 0.438702
0.278572 0.364632 0.440272
0.283494 0.367551 0.441819
0.288523 0.370467 0.443338
0.293615 0.373357 0.444813
0.298815 0.376264 0.446297
0.304103 0.379160 0.447749
0.309443 0.382037 0.449166
0.314907 0.384928 0.450580
0.320317 0.387733 0.451998
0.325834 0.390570 0.453356
0.331524 0.393465 0.454748
0.337264 0.396347 0.456091
0.342999 0.399166 0.457510
0.348762 0.401980 0.458939
0.354612 0.404812 0.460386
0.360475 0.407638 0.461861
0.366356 0.410454 0.463251
0.372367 0.413302 0.464717
0.378536 0.416232 0.466197
0.384756 0.419176 0.467714
0.390978 0.422122 0.469168
0.397234 0.425086 0.470734
0.403494 0.428028 0.472314
0.409782 0.430997 0.473918
0.416065 0.433968 0.475511
0.422362 0.436950 0.477196
0.428732 0.439992 0.478932
0.435144 0.443047 0.480584
0.441613 0.446154 0.482316
0.448118 0.449293 0.484124
0.454612 0.452442 0.485983
0.461157 0.455648 0.487885
0.467784 0.458906 0.489816
0.474256 0.462083 0.491628
0.480829 0.465347 0.493560
0.487353 0.468602 0.495452
0.493910 0.471909 0.497381
0.500459 0.475218 0.499394
0.507134 0.478603 0.501436
0.513817 0.482026 0.503423
0.520535 0.485490 0.505554
0.527300 0.489009 0.507568
0.533990 0.492491 0.509561
0.540565 0.495912 0.511511
0.547190 0.499394 0.513575
0.553928 0.502956 0.515660
0.560652 0.506539 0.517781
0.567294 0.510076 0.519864
0.574014 0.513656 0.521810
0.580888 0.517352 0.524017
0.587671 0.521012 0.526218
0.594496 0.524719 0.528329
0.601378 0.528456 0.530443
0.608214 0.532160 0.532393
0.614895 0.535804 0.534366
0.621541 0.539433 0.536226
0.628178 0.543082 0.538117
0.634881 0.546763 0.539893
0.641548 0.550432 0.541578
0.648391 0.554201 0.543441
0.655257 0.558005 0.545491
0.662195 0.561873 0.547536
0.669085 0.565708 0.549353
0.675942 0.569532 0.551134
0.682604 0.573248 0.552669
0.689309 0.577015 0.554233
0.695998 0.580797 0.555720
0.702556 0.584503 0.557149
0.709055 0.588196 0.558467
0.715671 0.591960 0.559862
0.722600 0.595922 0.561556
0.729597 0.599951 0.563083
0.736459 0.603916 0.564712
0.743357 0.607926 0.566274
0.750127 0.611868 0.567550
0.756583 0.615666 0.568534
0.763018 0.619484 0.569502
0.769453 0.623316 0.570402
0.775798 0.627124 0.571263
0.782185 0.630971 0.572081
0.788990 0.635092 0.573241
0.795844 0.639281 0.574457
0.802544 0.643406 0.575736
0.809175 0.647520 0.576811
0.815849 0.651689 0.577849
0.822064 0.655609 0.578437
0.828269 0.659570 0.578978
0.834437 0.663533 0.579457
0.840577 0.667506 0.579897
0.846642 0.671468 0.580305
0.852817 0.675522 0.580933
0.859221 0.679759 0.581744
0.865611 0.684013 0.582580
0.871946 0.688266 0.583330
0.878059 0.692423 0.584198
0.883952 0.696456 0.584646
0.889887 0.700555 0.584790
0.895741 0.704623 0.584881
0.901602 0.708722 0.584942
0.907419 0.712821 0.584976
0.913120 0.716869 0.585076
0.919018 0.721088 0.585657
0.924899 0.725311 0.586184
0.930572 0.729427 0.586687
0.936276 0.733584 0.587165
0.941863 0.737678 0.587600
