0.365962
0.222270
0.140912
0.167467
0.215066
0.306276
0.479944
0.184103
0.316263
0.125212
0.143616
0.202706
0.397975
0.160433
0.184094
0.173212
0.151962
0.351684
0.350123
0.169613
0.156952
0.136464
0.391810
1.012036
0.096893
0.043703
0.088547
0.152517
0.172858
0.189466
0.739396
0.110206
0.303496
0.220724
0.320334
0.467400
0.317412
0.111163
0.798257
0.127204
0.189678
0.195721
0.282058
0.060341
0.449423
0.353811
0.275388
0.190689
0.230364
0.110801
0.143141
0.178280
0.331175
0.314409
0.192312
0.137685
0.384799
0.153304
0.353263
0.350603
0.233880
0.094061
0.310118
0.055846
0.185181
0.459077
0.373224
0.526903
0.183850
0.284132
0.440308
0.280523
0.104122
0.556466
0.498511
0.483670
0.534954
0.316408
0.725505
0.483049
1.112449
0.411832
0.231575
0.144484
0.733556
0.400140
0.368395
0.259109
0.270539
0.661960
0.307362
0.109835
0.535301
0.416784
0.403369
0.251421
0.310442
0.696785
0.584264
0.095738
0.654526
0.230465
0.097299
0.446805
0.733520
0.172879
0.310852
0.213722
0.106384
0.260023
0.290436
0.303647
0.199827
0.438594
0.296167
0.341997
0.329407
0.072558
0.330355
0.088529
0.499798
0.287404
0.509849
0.235723
0.086993
0.782715
0.097376
0.561521
0.132771
0.227459
0.256471
0.264913
0.522008
0.584482
0.092259
0.569010
0.899833
0.129238
0.182740
0.270550
0.354756
0.112770
0.121443
0.517084
0.541221
0.445390
0.224162
0.561499
0.268639
0.245159
0.149390
0.282650
0.358267
0.176712
0.310050
0.207431
0.276002
0.117511
0.349591
0.184578
0.900820
0.252618
0.272859
0.608620
0.256061
0.459481
0.231240
0.216764
0.586525
0.194473
0.157557
0.490658
0.512564
0.158455
0.471083
0.324696
0.511758
0.099733
0.385090
0.336722
0.219185
0.167429
0.102533
0.444996
0.306794
0.354399
0.202308
0.233689
0.623110
0.259857
0.136374
0.282567
0.355300
0.120596
0.144177
0.479898
0.323219
0.327282
0.045671
0.101978
0.473874
0.520911
0.438261
0.099568
0.353155
0.125012
0.200765
0.269598
0.300461
0.316111
0.564883
0.447421
0.438886
0.796301
0.120915
0.421480
0.432856
0.233619
0.210471
0.162181
0.351317
0.067306
0.115071
0.217944
0.159538
0.219837
0.022088
0.247116
0.529065
0.104057
0.293267
0.585328
0.306341
0.271736
0.144786
0.938556
0.325398
0.151328
0.256960
0.266265
0.163908
0.185890
0.129273
0.145958
0.238539
0.468066
0.224480
0.352338
0.071733
0.422758
0.253257
0.279436
0.340506
0.258811
0.073462
0.176827
0.138173
0.152402
0.749163
0.094541
0.080396
0.288001
0.165370
0.126025
0.152779
0.258444
0.261449
0.028379
0.211905
0.148888
0.131394
0.097060
0.018918
0.141630
0.160720
0.196316
0.137706
0.371789
0.146884
0.531523
0.434605
0.215258
0.152367
0.494984
0.173467
0.199362
0.245387
0.380454
0.208531
0.357197
0.198029
0.095286
0.284036
0.215991
0.246261
0.118902
0.248326
0.239224
0.389238
0.124597
0.272414
0.634400
0.485769
0.094090
0.518424
0.127191
0.353198
0.115770
0.284554
0.204245
0.777849
0.423442
0.328494
0.118350
0.460164
0.346254
0.753889
0.318294
0.274924
0.456888
0.164880
0.079813
0.337379
0.087782
0.158579
0.514932
0.229669
0.154795
0.515792
0.290243
0.391601
0.138841
0.170927
0.543603
0.389521
0.318110
0.329151
0.238119
0.231473
0.352326
0.384625
0.683014
0.248314
0.175289
0.349181
0.111460
0.274276
0.435651
0.297521
0.223737
0.093416
0.227094
0.277438
0.067167
0.211164
0.591720
0.222344
0.307569
0.430980
0.727251
0.561671
0.140009
0.710033
0.173230
0.506358
0.122507
0.277024
0.483278
0.264679
0.121335
0.274129
0.598945
0.269528
0.274466
0.175957
0.084497
0.310947
0.118778
0.164646
0.246772
0.305458
0.553969
0.593953
0.355425
0.482997
0.170526
0.046581
0.058762
0.335311
0.204852
0.143055
0.040175
0.464222
0.175452
0.120061
0.288886
0.057605
0.243250
0.310371
0.118765
0.188294
0.240796
0.375291
0.238056
0.114776
0.910074
0.289668
0.148888
0.217985
0.383761
0.326288
0.464465
0.125162
0.223422
0.167514
0.104872
0.333555
0.156781
0.407573
0.361518
0.148700
0.410050
0.129031
0.232204
0.215083
0.081133
0.230266
0.466969
0.161479
0.302789
0.184015
0.777646
0.227273
0.197633
0.079192
0.207604
0.206134
0.138001
0.110109
0.175035
0.158499
0.715682
0.081385
0.217656
0.183144
0.286857
0.300146
0.399048
0.104905
0.275425
0.070759
0.261018
0.551170
0.253119
0.411669
0.203506
0.337675
0.390487
0.068823
0.118982
0.167043
0.111232
0.276454
0.248028
0.267066
0.215710
0.093611
0.355234
0.466397
0.217713
0.222239
0.453048
0.348653
0.172521
0.126293
0.151451
0.529410
0.143529
0.039045
0.143847
0.216496
0.515481
0.270339
0.087208
0.192686
0.335417
0.234183
0.427491
0.377597
0.131066
0.198209
0.843067
0.413434
0.201986
0.043409
0.330124
0.382302
0.148229
0.551275
0.691372
0.050847
0.599504
0.260099
0.121956
0.170150
0.242225
0.148466
0.121014
0.219439
0.288082
0.209337
0.248182
0.147862
0.366071
0.347388
0.316348
0.142396
0.077913
0.127056
0.058278
0.068303
0.228791
0.243650
0.223462
0.243995
0.276133
0.156420
0.185023
0.421755
0.207084
0.443215
0.181686
1.018411
0.351452
0.180225
0.290356
0.326439
0.599979
0.327020
0.064044
0.431439
0.349111
0.177216
0.177491
0.463352
0.599761
0.082622
0.337847
0.032929
0.149415
0.069283
0.329788
0.079405
0.067865
0.326775
0.149924
0.092900
0.203479
0.490523
0.292809
0.062647
0.167786
0.113025
0.018010
0.223232
0.115905
0.233995
0.203990
0.106774
0.748641
0.407978
0.054335
0.308957
0.269792
0.159501
0.266812
0.387421
0.144348
0.156716
0.181426
0.616274
0.494965
0.255770
0.207371
0.942480
0.163429
0.329240
0.530171
0.234880
0.421678
0.120212
0.171568
0.053072
0.111516
0.133914
0.093029
0.220710
0.103142
0.255651
0.500128
0.457648
0.062014
0.096656
0.079229
0.221372
0.078902
0.400381
0.218272
0.094310
0.155408
0.419648
0.390342
0.518097
0.115901
0.251804
0.220834
1.127180
0.481504
0.330491
0.443651
0.475271
0.175204
0.200673
0.229823
0.248873
0.348709
0.167090
0.177378
0.213331
0.064283
0.755203
0.276438
0.182928
0.226467
0.160246
0.149463
0.730043
0.247306
0.198672
0.102479
0.130815
0.099984
0.040716
0.384571
0.478842
0.180358
0.388636
0.108044
0.385361
0.450637
0.060876
0.226285
0.133771
0.399042
0.201520
0.114769
0.149338
0.227838
0.289941
0.323148
0.551857
0.317952
0.155966
0.276779
0.152944
0.183312
0.270233
0.183999
0.429396
0.277667
0.156632
0.075016
0.321273
0.315648
0.106828
0.247792
0.854288
0.074460
0.157595
0.367288
0.199905
0.549257
0.575661
0.136790
0.343639
0.233015
0.249254
0.448841
0.136112
0.478775
0.111065
0.055044
0.180537
0.286808
0.430843
0.278225
0.352215
0.147662
0.303838
0.089045
0.340505
0.438309
0.305232
0.188491
0.202066
0.141484
0.303163
0.381242
0.079493
0.114687
0.172400
0.397065
0.055573
0.178867
0.226620
0.338235
0.353838
0.186727
0.103841
0.098807
0.100532
0.316005
0.231590
0.079146
0.159632
0.678269
0.161385
0.144669
0.366357
0.127168
0.394697
0.085960
0.142359
0.103332
0.130058
0.114187
1.181653
0.177040
0.333019
0.563829
0.072700
0.075891
0.038574
0.067928
0.193427
0.341161
0.304068
0.375098
0.294138
0.263694
0.211717
0.225809
0.229225
0.505365
0.242350
0.437847
0.402361
0.255607
0.250289
0.054884
0.194159
0.529073
0.359632
0.281998
0.086086
0.035240
0.155371
0.628447
0.367198
0.379094
0.262229
0.052882
0.223467
0.039965
0.355319
1.183717
0.111165
0.429044
0.314027
0.092579
0.318165
0.223579
0.150425
0.079552
0.303314
0.311316
0.238986
0.306916
0.131102
0.302276
0.232906
0.312226
0.290447
0.014286
0.166599
0.378656
0.191475
0.384304
0.157467
0.031088
0.394416
0.270681
0.315641
0.235135
0.192886
0.407844
0.383434
0.188745
0.122079
0.178366
0.130277
0.247856
0.382385
0.184661
0.316672
0.225522
0.229205
0.121102
0.378745
0.246950
0.107685
0.174921
0.197023
0.226184
0.175919
0.172125
0.637330
0.211156
0.175722
0.224108
0.123685
0.083646
0.360990
0.292029
0.328847
0.188790
0.151451
0.264757
0.154805
0.310542
0.164218
0.031039
0.734260
0.299163
0.398447
0.223142
0.282495
0.437915
0.302788
0.272709
0.577550
0.360786
0.271590
0.134718
0.300010
0.356445
0.078415
0.330691
0.149272
0.083490
0.316057
0.098496
0.252792
0.224548
0.116726
0.386110
0.463678
0.125989
0.172880
0.195558
0.155087
0.199914
0.493153
0.119643
0.078118
0.128745
0.195736
0.592970
0.160730
0.279963
0.225405
0.198985
0.234334
0.368803
0.169931
0.238108
0.309195
0.207264
0.154039
0.524710
0.208392
0.240380
0.416442
0.171387
0.303960
0.134503
0.664257
0.526927
0.238233
0.442161
0.810713
0.292687
0.407080
0.270479
0.258027
0.165601
0.108233
0.172070
0.431306
0.148967
0.709678
0.214551
0.149397
0.145260
0.172079
0.227402
0.105109
0.301110
0.084468
0.248364
0.121814
0.148330
0.825554
0.281227
0.234061
0.262679
0.202116
0.365570
0.124430
0.058655
0.370982
0.272377
0.176309
0.093232
0.147851
0.063859
0.271979
0.215548
0.390904
0.132465
0.471172
0.198920
0.275176
0.135209
0.100939
0.168122
0.141856
0.125881
0.178524
0.061427
0.183207
0.328328
0.188070
0.104819
0.289713
0.141657
0.774527
0.131533
0.075312
0.182798
0.114857
0.092960
0.123195
0.319147
0.410151
0.453613
0.196456
0.217374
0.093027
0.092906
0.305404
0.390120
0.275792
0.179597
0.205742
0.069395
0.283445
0.131588
0.279746
0.117079
0.148116
0.115945
0.192092
0.306367
0.178368
0.169158
0.140645
0.353812
0.140957
0.191381
0.189402
0.358354
0.164046
0.213839
0.314789
0.307992
0.144418
0.242878
0.200583
0.194921
0.070597
0.415211
0.096357
0.287668
0.107760
0.139036
0.267433
0.165295
0.149921
0.149898
0.226697
0.063313
0.162978
0.268196
0.261792
0.253809
0.481738
0.200539
0.242639
0.176206
0.208991
0.244008
0.275911
0.131925
0.107525
0.209945
0.250170
0.150160
0.178266
0.328027
0.220562
0.164935
0.202081
0.178474
0.134408
0.256562
0.194540
0.149027
0.141673
0.221105
0.190868
0.106776
0.123704
0.269977
0.403362
0.190607
0.353823
0.122343
0.196880
0.283629
0.253697
0.197442
0.055072
0.133789
0.187428
0.278446
0.160730
0.107596
0.176601
0.395131
0.442842
0.178079
0.132625
0.152382
0.189537
0.219355
0.531933
0.497309
0.115337
0.182593
0.142134
0.311509
0.264422
0.255434
0.371219
0.410916
0.113841
0.653277
0.412793
0.281326
0.306219
0.217457
0.393320
0.184788
0.049558
0.195170
0.450009
0.291373
0.180092
0.164284
0.131702
0.187482
0.128835
0.542287
0.220519
0.224529
0.371311
0.436430
0.203336
0.073900
0.336538
0.112508
0.153835
0.240874
0.107273
0.139952
0.117409
0.161325
0.386970
0.314311
0.037813
0.120695
0.184939
0.167697
0.245698
0.170582
0.222739
0.217307
0.079402
0.308309
0.159710
0.182065
0.182814
0.056634
0.160305
0.126639
0.176095
0.189409
0.197056
0.103830
0.072882
0.380284
0.327662
0.135459
0.262796
0.374055
0.204809
0.214633
0.153688
0.207412
0.043446
0.178820
0.102163
0.192107
0.249388
0.227979
0.168824
0.072364
0.114845
0.132859
0.118586
0.156336
0.033497
0.450832
0.241945
0.203634
0.072548
0.306374
0.263441
0.313341
0.200741
0.111537
0.098557
0.080358
0.175262
0.128097
0.095125
0.251298
0.372941
0.271899
0.198068
0.404449
0.168706
0.605985
0.019641
0.317819
0.305762
0.125523
0.058158
0.305712
0.162912
0.104772
0.113633
0.145862
0.079367
0.131678
0.103674
0.291234
0.077928
0.469742
0.154077
0.208528
0.127708
0.353241
0.175072
0.172995
0.647271
0.061312
0.295703
0.059091
0.174414
0.152821
0.212332
0.109019
0.180300
0.208649
0.259573
0.146345
0.154611
0.226058
0.195836
0.171293
0.409077
0.290369
0.407998
0.332625
0.279917
0.135134
0.154782
0.463259
0.264504
0.342713
0.222039
0.380208
0.150706
0.641247
0.314552
0.178060
0.099769
0.125302
0.354023
0.190119
0.238388
0.087937
0.413791
0.232993
0.227627
0.160124
0.021669
0.477722
0.271902
0.213409
0.102885
0.334739
0.208960
0.086195
0.200616
0.457618
0.269684
0.264062
0.365346
0.222075
0.105226
0.141377
0.142000
0.192871
0.156577
0.199733
0.134179
0.134552
0.117133
0.288095
0.166991
0.057190
0.241506
0.142935
0.161454
0.192304
0.645158
0.103352
0.100744
0.214392
0.119296
0.368391
0.123114
0.191093
0.332966
0.225451
0.168462
0.221081
0.185894
0.187311
0.037928
0.417801
0.264666
0.080270
0.285173
0.143299
0.103567
0.121607
0.188421
0.283648
0.249773
0.260495
0.370970
0.214183
0.117516
0.762875
0.158766
0.125911
0.302029
0.227227
0.126785
0.233813
0.126955
0.175247
0.098138
0.278865
0.108749
0.095808
0.078172
0.446437
0.376058
0.108906
0.100245
0.185050
0.263505
0.073550
0.112176
0.112215
0.264432
0.264190
0.392135
0.571365
0.093310
0.192094
0.173018
0.087193
0.264652
0.057745
0.288629
0.400846
0.114796
0.028242
0.093487
0.297608
0.169311
0.322319
0.291785
0.142916
0.150858
0.289828
0.300889
0.299646
0.283950
0.332192
0.240660
0.080918
0.095898
0.344360
0.058822
0.080360
0.505741
0.194497
0.110607
0.353637
0.040925
0.252264
0.138589
0.358957
0.102798
0.144009
0.245935
0.103357
0.127971
0.166982
0.135132
0.128079
0.146690
0.156962
0.147004
0.128943
0.190454
0.088376
0.645801
0.162344
0.188145
0.075834
0.183412
0.120149
0.232117
0.128831
0.187614
0.201128
0.065088
0.223975
0.169466
0.196558
0.259026
0.365358
0.225172
0.062347
0.212421
0.312022
0.107795
0.060458
0.217300
0.119692
0.177537
0.095301
0.232809
0.237278
0.304274
0.186812
0.295162
0.106782
0.172376
0.115258
0.092143
0.124373
0.427191
0.334280
0.107864
0.047046
0.144055
0.104919
0.161556
0.205321
0.230878
0.259943
0.253009
0.225955
0.154415
0.295683
0.095926
0.166535
0.142211
0.224406
0.259798
0.113955
0.444687
0.135386
0.464000
0.298838
0.263632
0.156219
0.203668
0.270641
0.314182
0.230440
0.078056
0.304783
0.228772
0.106068
0.109953
0.130096
0.019945
0.152438
0.379423
0.138186
0.143181
0.242467
0.140870
0.283348
0.059479
0.102680
0.344341
0.319204
0.455903
0.548370
0.154475
0.570474
0.125382
0.138992
0.172061
0.123667
0.461315
0.412840
0.185008
0.079088
0.111911
0.087269
0.088561
0.136747
0.168802
0.116582
0.254250
0.204320
0.087169
0.324916
0.165533
0.121830
0.235291
0.021880
0.093895
0.172903
0.141150
0.128232
0.145564
0.154039
0.139826
0.154886
0.132905
0.031626
0.211757
0.242797
0.270744
0.158808
0.252229
0.125824
0.068455
0.056884
0.250729
0.130971
0.260664
0.224783
0.221902
0.045605
0.290410
0.143915
0.077331
0.168289
0.155156
0.058232
0.218415
0.084416
0.132471
0.218596
0.105483
0.113403
0.184132
0.114982
0.290013
0.213514
0.443151
0.161033
0.212807
0.064395
0.188204
0.090190
0.059307
0.057902
0.301649
0.122109
0.040082
0.195411
0.271425
0.251336
0.093379
0.111210
0.170392
0.199685
0.099180
0.055597
0.258813
0.195787
0.104373
0.240227
0.174174
0.215027
0.162412
0.294513
0.383283
0.201220
0.062914
0.332888
0.089946
0.420723
0.094703
0.079241
0.266145
0.188601
0.173108
0.273950
0.059093
0.198102
0.142908
0.063112
0.052460
0.139621
0.055167
0.223953
0.193579
0.085359
0.180533
0.089011
0.316846
0.183595
0.076636
0.076821
0.069693
0.085641
0.110025
0.171948
0.052968
0.036495
0.096177
0.039182
0.098586
0.059091
0.148927
0.064506
0.226105
0.096634
0.257810
0.160015
0.132734
0.136891
0.256398
0.119106
0.065505
0.081262
0.064662
0.033359
0.189164
0.062201
0.132166
0.115948
0.094157
0.040345
0.058639
0.146954
0.151948
0.065380
0.204599
0.088488
0.062160
0.092083
0.142809
0.207176
0.209470
0.053263
0.051028
0.043207
0.108862
0.111790
0.209881
0.066295
0.039100
0.319681
0.190984
0.102848
0.095016
0.160242
0.067497
0.098927
0.131308
0.031566
0.096535
0.065669
0.043502
0.164096
0.019873
0.130675
0.093180
0.129687
0.179822
0.139578
0.066114
0.078693
0.027335
0.022119
