0.458443
0.238787
-0.080559
0.170859
0.452206
0.224317
-0.989413
0.231474
-0.145789
0.263314
0.084698
0.155903
-0.989413
-0.989413
0.406507
-0.069159
0.249912
0.121741
0.382605
0.453344
0.009595
-0.024339
0.023244
-0.185050
0.187988
0.281007
-0.989413
0.133374
0.107543
0.114670
-0.018657
0.254831
0.364384
0.137210
0.514814
0.354821
0.143508
-0.088852
-0.989413
0.384000
0.052911
0.078664
0.404771
0.325671
0.032877
0.504205
0.113650
0.089348
0.049488
0.168632
0.119885
0.377809
-0.034816
0.459332
0.016567
0.316132
0.107731
0.297069
0.182753
-0.989413
0.135255
0.325870
0.220352
0.199150
0.331147
-0.187729
0.114777
0.120602
0.268236
0.548683
-0.019551
0.005383
0.407417
-0.989413
0.408385
-0.989413
0.354487
0.505986
0.027731
-0.190716
0.350810
0.355243
-0.989413
0.473229
0.225545
0.514576
0.287377
0.064652
0.389447
0.536090
-0.046632
0.213318
0.115901
-0.989413
-0.989413
0.245679
0.300272
0.315531
0.155945
0.429246
0.163274
0.059441
0.082185
0.245059
-0.234869
0.118416
0.267531
0.335836
0.138773
-0.392587
0.414478
0.416645
0.408602
0.209746
-0.003924
0.246781
0.083818
0.311948
0.387630
0.150386
0.246452
0.558211
0.378281
0.104248
0.366832
-0.053758
-0.989413
0.513616
0.333900
0.393888
0.101822
0.291119
0.323174
0.322230
-0.989413
-0.258982
0.402301
0.221479
-0.235078
0.179993
0.162393
0.297557
0.346513
0.059213
0.587592
-0.989413
-0.989413
-0.002767
0.320411
0.163885
0.364088
0.142303
0.253553
0.409067
0.210145
-0.146619
0.301122
0.183956
0.388965
-0.989413
0.188831
0.123959
0.007470
0.322418
-0.025212
0.471068
0.393721
0.409722
0.042285
-0.989413
0.512221
-0.054803
0.218128
0.029934
0.200721
0.441396
-0.062250
0.259738
0.279918
0.372918
0.325158
-0.129878
0.236042
0.201911
0.429067
0.501583
0.314955
0.507354
0.101236
-0.989413
0.244062
-0.989413
0.387064
0.464875
-0.597800
0.551893
-0.051054
0.081970
0.227810
-0.156247
0.096458
0.064282
0.282582
0.448689
0.080782
0.523203
-0.349814
0.431264
0.145043
0.558675
0.060493
-0.989413
0.486609
0.048620
-0.018751
0.197430
0.326711
0.227292
0.538691
-0.311460
0.044378
0.386472
-0.044180
-0.030083
-0.126576
0.101555
0.202240
-0.989413
-0.989413
0.153053
-0.989413
-0.989413
0.438513
0.213896
0.289236
0.020721
0.439422
0.371276
0.405575
0.045796
0.616805
0.272117
0.272943
-0.081577
0.060234
0.421018
0.667056
0.178277
0.523671
-0.140381
-0.989413
0.289356
0.365536
0.271668
0.546342
-0.989413
0.110542
0.047609
0.455115
-0.314358
-0.989413
-0.989413
0.185012
0.517297
0.517122
0.337364
0.499001
0.224336
0.252016
0.467636
0.470103
0.329513
0.114235
0.313147
-0.386921
0.418025
-0.989413
0.422241
0.528175
0.526909
0.355258
0.388079
0.141445
0.238962
-0.989413
0.477544
0.416540
0.236932
-0.989413
0.580177
0.262228
0.596928
0.044412
0.273626
-0.026221
0.103573
0.322605
0.421211
0.315673
-0.129226
0.409299
0.463962
0.527301
0.044638
0.225990
-0.989413
0.226059
0.337083
0.357006
0.537529
-0.069367
0.439791
0.217115
0.139673
0.093341
0.462116
0.307493
0.451652
0.304081
0.559288
0.107321
0.348353
-0.065242
0.557684
0.407906
0.220501
0.397495
-0.255926
0.195464
0.107649
0.493621
0.352559
0.592180
-0.989413
0.444083
0.248038
0.181567
0.313222
-0.989413
-0.989413
0.253062
0.260041
0.104948
0.343888
0.491213
0.158425
0.402026
0.228386
0.611947
-0.103240
0.280331
0.305707
0.225042
0.355927
0.256231
0.429512
-0.989413
0.539373
-0.989413
0.137806
0.129616
0.527692
-0.989413
0.127935
0.270284
0.119104
0.103206
0.369846
0.020786
0.233483
0.208778
0.025758
0.556616
0.293131
0.146546
-0.057344
0.265058
0.096687
0.524924
0.106698
0.288926
-0.989413
0.475501
0.297646
-0.989413
0.455044
0.157585
0.023748
0.204030
0.405518
-0.989413
0.321030
0.217439
0.429070
0.390941
-0.099092
0.551401
0.245146
0.054473
0.036573
0.671493
0.584496
0.432357
0.258014
-0.989413
0.443781
0.374398
0.357075
0.471224
0.370837
0.475424
-0.629371
0.208506
0.322736
0.544749
0.563528
-0.989413
0.149858
0.063792
0.344987
0.396046
0.250876
-0.155301
-0.219260
0.162789
-0.174871
-0.047075
0.077576
0.041642
-0.372003
0.193761
0.155750
0.336894
0.473280
-0.989413
0.198818
-0.989413
-0.989413
-0.191326
-0.989413
-0.026810
-0.989413
0.196587
-0.989413
0.389948
0.358321
0.085430
0.020501
0.132626
0.196766
0.368853
-0.830011
-0.316065
0.194922
-0.362413
0.217836
0.026788
-0.229759
-0.116974
-0.989413
0.369626
-0.989413
0.525533
0.148131
-0.147233
0.265745
0.050367
0.578092
0.221563
0.257218
0.121588
-0.989413
0.096659
0.239406
-0.165725
-0.989413
-0.378006
0.373984
0.343368
-0.048660
0.353362
0.398565
0.094824
-0.989413
0.182289
-0.348340
0.355461
0.122650
-0.989413
0.115142
0.314708
-0.000238
-0.050455
0.311006
0.252719
-0.989413
0.477096
0.452066
-0.989413
0.186963
-0.454226
0.244921
0.338856
0.139016
-0.989413
0.581380
0.139258
0.204283
0.038015
-0.482326
0.572399
-0.989413
0.228602
0.182965
0.306391
0.508326
-0.004617
0.193491
0.398524
0.357979
-0.989413
0.155008
0.270371
0.107304
0.375587
0.014667
-0.081583
0.391604
0.092915
0.326208
0.306222
0.143629
0.241683
0.148007
0.238966
0.119341
-0.087706
-0.989413
0.347064
-0.227392
0.240459
0.061212
-0.071839
-0.334990
0.135074
0.372961
0.029872
-0.989413
-0.012353
0.398179
0.459837
-0.989413
0.063149
0.141066
-0.989413
-0.081899
-0.989413
-0.004455
-0.206057
0.097128
-0.989413
0.217799
0.420676
-0.989413
0.010897
-0.046016
-0.086587
-0.989413
0.185651
-0.261491
-0.989413
0.331462
-0.283165
0.259867
0.504331
0.367425
0.324520
-0.989413
0.189025
0.359792
0.129373
-0.989413
-0.989413
0.079463
0.213885
-0.989413
-0.989413
0.338161
-0.989413
-0.040998
0.314958
-0.989413
-0.531710
-0.989413
-0.989413
-0.168917
0.613431
-0.989413
-0.989413
0.051866
-0.989413
-0.989413
0.152078
0.043889
-0.989413
0.055123
0.229439
-0.989413
-0.989413
0.026103
-0.989413
0.037502
-0.989413
-0.008110
-0.989413
-0.150422
0.121640
-0.020695
-0.989413
-0.366880
-0.193168
0.159459
-0.039116
-0.989413
0.310137
-0.989413
0.010743
0.521326
-0.989413
0.226537
0.171505
-0.989413
-0.066580
-0.040872
0.113903
-0.989413
-0.170272
0.493268
0.084009
0.011795
-0.989413
-0.183615
0.012067
0.005695
-0.989413
0.490471
-0.989413
0.372656
0.577261
0.598176
0.385376
-0.764760
-0.061287
0.339681
0.645826
-0.989413
0.139436
0.521047
0.176764
0.530057
-0.989413
-0.989413
0.183253
0.255528
-0.090837
-0.989413
-0.308177
-0.989413
-0.093424
0.363992
0.391180
0.423104
0.620041
0.000530
-0.989413
0.070065
0.067144
0.542341
0.238977
-0.989413
-0.989413
0.368007
0.121314
0.290597
-0.989413
-0.989413
-0.989413
-0.989413
0.272829
-0.989413
0.395219
-0.989413
-0.989413
0.346526
0.525575
0.599580
0.244637
-0.989413
-0.989413
0.580857
0.111934
-0.184569
-0.989413
-0.989413
-0.094050
-0.989413
-0.109566
0.376632
0.170043
0.171536
-0.989413
0.451767
0.223772
0.254435
-0.989413
0.032319
0.451975
0.506840
0.236527
0.269664
-0.989413
-0.989413
0.610591
0.420000
-0.989413
-0.036766
0.503691
0.343298
-0.989413
-0.989413
-0.989413
-0.989413
-0.989413
-0.101409
0.053541
