0.126203
0.918028
-0.078890
0.742647
1.612293
-1.851658
0.592203
-0.284226
-0.205728
1.521581
-0.151076
-0.820388
0.022684
-0.830198
-0.420649
-0.415584
-1.613496
0.507342
0.059192
0.007027
0.003892
0.007994
0.238182
0.749561
-0.199557
-0.325677
-0.957581
-0.774260
0.156745
-0.281586
-2.784020
1.170912
1.116409
-1.428510
1.276290
0.889719
0.351688
-0.248237
-0.622863
1.921555
-2.744849
-1.831731
-1.269186
-0.619553
0.071277
1.390914
-1.220102
-0.156292
0.462356
-0.883822
-1.174180
0.180685
-0.637888
1.083118
-0.268871
1.868885
-0.896206
0.254291
-1.731982
0.842914
-0.429625
-0.025125
1.192899
-1.241560
-1.792376
0.356611
-1.105578
0.601773
-2.139643
0.819351
0.437968
-1.053156
1.010692
0.458942
1.267553
0.533920
0.959067
0.520509
-0.657755
-0.233294
-0.125246
0.908750
-0.576016
1.246232
-0.235790
-0.201464
-0.885060
-0.344759
-1.423870
0.740368
-0.802260
0.400990
0.600133
0.453940
0.155077
1.251613
-0.022428
-1.450859
1.128503
0.051971
-0.992817
1.519061
0.466959
1.404544
-0.013399
0.466580
-1.214755
0.569927
0.000219
1.306914
-0.610594
1.152052
-0.306937
1.374080
0.616596
-1.412432
-1.098754
0.744970
1.483748
-1.802000
1.080393
0.154376
-1.659476
0.357858
0.135179
-0.833881
-0.054490
-0.156742
0.829370
-0.470989
-0.105351
0.297249
1.371787
-1.351419
0.875645
-0.678102
0.996149
-1.449586
0.026160
0.688786
0.538156
-0.959003
1.378485
-0.042996
0.796377
-0.513941
0.698681
-1.043522
1.359284
-0.470666
1.460392
0.245683
-0.606795
-0.708563
-1.179820
-0.022665
-1.085887
-0.471102
0.256631
0.592403
-1.460768
-0.929661
-1.335294
0.473598
0.394226
0.858112
1.065701
0.090380
-2.766111
0.509024
2.201111
-1.067574
-1.596526
-1.799367
-0.262171
0.482901
-1.149888
0.615696
-1.725721
0.611971
-1.089961
-0.385524
0.416897
0.211679
1.104839
2.380585
0.539215
0.043533
-0.656294
-0.144786
-0.442519
-0.648161
1.494328
0.845636
-1.720670
2.651729
-0.559977
-0.451038
-2.810675
0.158761
-1.393302
-0.796461
0.421999
-2.021629
-1.782234
-0.277984
-0.015285
-1.576354
0.878346
1.740820
0.468664
-0.258606
0.717777
-2.745682
-0.986608
0.341848
1.170698
0.204528
0.921452
0.279167
0.255111
2.028200
0.619211
-0.225343
0.324777
-0.574048
-1.657777
-0.672051
-0.681231
-0.770841
-2.193493
-2.280048
0.566059
-0.632652
0.104407
-0.881263
-0.828458
-1.005749
1.398795
-0.142838
2.484610
-1.232034
0.472151
-0.154402
-0.337145
0.256025
-0.930420
-2.535923
1.764900
-0.235375
-0.831064
0.575109
0.313121
0.200581
1.591950
0.779527
-0.963880
0.244497
2.388628
-0.671438
-0.016024
0.852983
0.088539
1.860431
0.253708
1.335426
1.433754
-0.184476
-1.064100
2.372979
1.011163
0.167437
-2.934835
-1.679668
-0.774328
1.016728
1.127689
1.492361
1.910922
1.670547
-0.018712
1.442407
-1.254697
-0.353492
-0.511729
1.334630
-0.679307
1.705950
0.581701
1.507517
2.348280
1.641263
-0.004778
-0.673721
1.343760
-0.641799
-0.145687
0.560258
0.480460
-0.865218
-0.259328
0.896239
-0.203946
-1.072359
-0.821669
-0.010509
-0.028723
0.097479
0.501098
0.635923
-0.463995
1.312546
-1.740545
-0.483116
-0.004403
1.142703
1.650252
0.511834
0.176787
0.525455
0.514831
0.994312
-0.792658
0.157598
0.089167
-1.215059
-0.592387
0.255163
-2.152928
0.255478
1.448050
-0.081986
1.165795
0.657179
1.775832
0.515385
-0.151907
1.772467
-0.123976
0.084411
1.272371
0.048839
-0.149338
-0.111841
1.525103
-0.924628
2.409554
-1.580045
2.271908
0.384623
0.461836
2.198437
-0.986984
0.545180
0.539142
1.060670
-0.480882
2.245776
-0.888013
0.077735
0.237838
-0.983230
0.794032
0.326838
0.367609
-0.483440
-0.328829
-1.460807
-1.354172
-0.650896
-0.684425
-1.645764
-0.092136
1.141362
-0.216490
-0.379891
0.875208
0.050740
0.470671
-0.197515
1.328671
0.079275
1.025242
0.017980
-0.077638
0.680073
0.561715
0.746480
-0.984427
1.092435
-0.192411
-1.943815
-0.822537
-1.281271
1.276116
-0.310037
1.269109
1.597591
-1.112594
0.413082
1.531190
0.465992
0.433519
-1.945017
-0.685317
0.795245
0.368697
1.657570
0.854690
-1.580984
1.241035
0.570478
-1.219515
2.435617
0.273903
0.390852
-1.440697
0.125122
-0.457553
-0.008148
0.508058
3.581191
0.043095
0.029958
-1.210780
-0.134722
0.076067
-1.980180
-0.308422
-0.262629
-0.604561
-2.876434
0.815505
-0.173751
0.479370
-0.772487
-0.062827
0.139860
-0.091236
0.504415
0.143067
0.362085
0.915538
-0.170873
-0.500784
-0.135412
-0.448971
-0.045188
-0.715820
-1.193913
-0.116992
-1.825215
-0.458627
0.998605
0.560791
-1.976489
-0.061133
0.586138
-0.692165
0.382951
-1.150195
0.158927
0.373114
-0.243257
-1.092424
0.165680
0.087559
-0.497437
0.085123
-0.609142
0.123236
-0.000243
-0.492061
-0.239159
0.399790
-0.186781
0.320297
-1.078151
0.379395
-0.237691
-0.257229
0.019176
0.595237
0.000900
-0.308745
0.531754
-0.454891
-0.949070
0.812864
1.084430
1.033711
-1.234204
0.069020
0.437333
1.584176
-0.669384
-0.256737
1.020776
0.173674
0.744421
-0.455513
-0.444305
-0.213805
-0.390147
0.603545
-0.059032
0.665330
-1.854287
0.391619
0.580174
0.586036
-0.171124
0.833101
0.316275
0.334856
1.867255
-0.549325
-0.493514
1.655496
-0.886205
0.196337
-0.019070
0.082889
-0.631401
2.224743
-1.807484
0.324320
-0.144897
1.322565
-1.820066
-0.177544
-1.809704
1.256988
0.763396
0.199549
-0.606411
-0.171355
-0.830244
-0.509236
-1.030891
-0.274555
0.631693
0.247470
1.025886
0.358409
1.605882
-1.037679
-0.204729
-1.621420
0.181563
1.089198
-0.737473
0.092346
-0.003169
0.025197
-0.689805
1.198855
0.795525
-0.260702
-1.602767
-2.123900
0.884221
0.581114
-1.633807
-2.782151
0.277127
-0.685626
-1.618020
-1.432741
-0.749371
0.525424
0.331121
-0.674935
0.291802
0.590150
0.476544
-0.409831
-0.209453
-2.293994
-0.564544
0.140443
-0.027069
-0.881665
-0.503757
-0.827188
0.498356
0.737037
-0.413793
0.097347
1.495776
-1.396775
0.462030
-0.263955
0.413927
-0.081954
-1.375270
-0.157559
-0.112409
-0.639869
0.609682
0.338460
0.048051
-0.720100
0.461057
0.190101
0.555908
0.122998
-0.267303
-0.997947
0.297505
1.005572
-0.357783
-0.125833
-0.060476
-0.413156
-0.450987
-0.740937
-0.897117
0.699936
0.107816
-0.387430
-0.904974
0.314728
-0.069479
0.377552
0.378153
-0.142615
1.552392
1.570309
-1.103244
-0.501860
-1.149835
-0.507062
0.455774
-0.322994
-0.767386
0.332784
0.006566
-0.522312
-1.579733
-0.948567
-0.302582
-0.874118
-0.096670
-0.854979
1.781325
-1.131764
0.490882
0.754303
2.481251
0.090917
0.300498
-1.559003
-0.496496
0.228778
-0.651851
0.155940
1.730353
-1.556456
0.121974
-1.749805
0.615539
-0.061278
-1.074596
-0.372998
0.683548
0.095136
0.207593
-1.500107
0.270785
-0.184935
-1.331058
0.585861
-1.624313
-0.790981
0.593281
0.550649
0.141375
-0.070708
-0.232340
-1.429218
0.043234
-1.133460
-0.626484
-0.931244
0.856411
0.411077
-0.245689
1.159891
0.906540
-0.231098
0.092443
-1.146090
1.116526
1.256969
1.764828
2.111189
-0.534546
0.581568
0.662971
-1.468345
0.733885
-0.075142
-0.500067
-0.601627
-0.416015
0.367278
2.381228
0.672117
-1.386270
-1.052644
1.407816
0.893635
0.001855
-0.281605
0.087030
0.979582
1.759849
-0.682201
0.943297
-0.683519
0.244381
-0.466832
2.069883
-0.952340
1.177694
1.093653
0.385441
0.074076
0.495856
0.362377
-0.416612
-0.271365
-1.090958
-0.378667
