75.655889
67.308649
78.447971
73.645779
73.455283
77.139989
64.433223
79.971573
84.727707
71.829325
84.587190
84.727707
84.727707
64.433223
72.111940
84.727707
80.591518
70.454038
73.528009
74.745445
84.727707
84.727707
84.727707
77.295026
80.059516
80.026621
64.433223
82.777914
78.313003
80.068849
64.433223
75.068587
74.262878
74.625290
72.431521
73.830844
64.433223
84.727707
84.727707
68.915074
74.802892
76.634883
72.667970
74.836525
78.270684
77.547973
75.609657
80.565515
84.727707
77.344246
74.253979
76.388273
75.073896
67.895864
84.727707
80.064766
77.315038
71.497338
74.002238
64.433223
84.727707
70.776300
70.652332
71.818363
75.029927
84.727707
72.593919
72.038615
72.941818
77.821004
84.727707
77.902842
76.244074
84.727707
71.178779
84.727707
68.396526
77.155114
82.858049
84.727707
79.061150
64.947727
64.433223
70.240772
82.138837
71.647040
74.309937
84.727707
77.412662
68.657381
84.727707
64.635936
79.344919
64.433223
84.727707
73.295716
69.106752
78.319985
68.548048
77.370401
84.727707
80.857507
84.727707
64.433223
84.727707
79.858944
77.827089
73.090047
80.063706
84.727707
68.885362
67.399554
69.045860
76.571046
71.316306
77.956855
84.727707
74.671099
72.319733
75.993213
75.951203
75.060955
70.863404
82.348566
70.217690
84.727707
64.433223
71.352089
70.760180
77.504615
68.264010
77.832409
80.507342
75.518485
64.433223
84.727707
76.970397
77.457321
84.727707
79.968340
72.576730
80.458875
67.124952
84.727707
72.936469
64.433223
84.727707
67.661201
68.976298
83.682891
78.861219
74.343127
81.113775
80.526556
75.334199
84.727707
77.231768
79.924436
66.035957
64.433223
77.216819
77.823460
73.528364
76.797668
81.079184
64.433223
64.433223
70.112719
64.433223
64.433223
71.241858
78.074681
74.564016
72.262544
84.727707
72.560967
77.822856
69.717388
80.734688
71.466618
73.480010
84.727707
82.035476
72.542367
77.398593
70.863634
70.880229
64.433223
84.727707
64.433223
77.234555
64.433223
76.488015
78.000370
64.433223
72.506848
77.089035
78.609285
72.569857
84.727707
71.275390
83.729453
80.678048
68.623797
78.156958
70.798652
84.727707
75.118314
80.271766
74.579376
75.851958
64.433223
78.103723
64.433223
82.794153
80.614153
80.457608
72.589725
69.916992
84.727707
72.036150
66.434002
84.727707
84.727707
84.727707
81.517733
79.805944
64.433223
64.433223
77.318481
64.433223
64.433223
76.365544
77.887896
77.803515
71.540347
77.279899
67.595834
69.325659
84.727707
64.433223
72.461688
77.097322
84.727707
81.786726
74.110045
74.816488
65.181607
68.985561
84.727707
64.433223
75.420488
77.944333
76.267370
73.857182
64.433223
80.777290
84.727707
79.727312
64.433223
84.727707
64.433223
82.942910
67.667845
66.049817
72.372552
77.766348
77.044346
66.520650
76.014538
64.433223
76.554113
71.680192
69.225943
84.727707
78.958708
64.433223
76.205542
69.297580
73.563261
76.517312
71.945243
77.160995
82.772930
64.433223
69.128686
66.516184
71.097623
64.433223
64.433223
75.835109
77.377075
74.800969
77.900492
64.433223
84.569236
75.207542
78.922690
73.486638
84.727707
77.938921
78.994291
72.296500
78.113120
78.335450
64.433223
82.455825
74.477640
73.418298
80.919578
84.727707
76.816011
70.380852
76.775268
68.994512
64.433223
74.917650
72.028368
71.411393
73.331805
84.727707
73.446170
84.727707
75.573358
70.562138
72.766660
68.069767
75.345113
64.433223
72.075123
66.022230
77.740100
73.762080
64.433223
68.791189
83.402403
80.202688
73.271932
64.433223
84.727707
72.117989
78.706574
76.437476
76.493840
76.508924
72.498798
71.329815
74.597303
64.433223
84.727707
80.838904
72.594695
79.755652
73.443635
84.013261
74.091540
64.433223
69.440577
64.433223
79.474303
67.603411
70.760856
64.433223
84.084166
82.113580
75.055638
84.727707
82.759809
83.673421
74.008572
75.990483
64.433223
69.597179
64.797700
84.654053
64.433223
71.313443
84.727707
68.044908
77.893863
75.851270
64.433223
71.746413
77.562610
84.727707
76.399207
83.409198
76.334897
76.003374
81.528123
64.433223
77.815940
76.128163
77.160791
72.303610
84.727707
75.552077
77.436538
80.591407
84.727707
75.153994
76.468132
70.393168
73.792915
64.433223
76.036588
70.914093
79.623532
68.009140
70.343019
73.368378
84.727707
74.990730
70.442670
74.563356
75.080201
84.727707
79.208637
83.557893
77.455171
75.258077
68.320900
84.727707
84.727707
78.191022
84.727707
84.727707
69.746129
84.727707
64.433223
64.433223
68.204454
78.660811
75.973198
64.433223
74.291513
64.433223
64.433223
84.727707
84.727707
82.370091
64.433223
75.522088
84.727707
82.505448
74.038925
75.878717
82.005783
77.154502
76.523978
67.219825
64.433223
84.727707
77.278157
84.727707
78.676995
82.100313
84.727707
78.651943
84.727707
80.280196
64.433223
70.387259
71.706314
84.727707
80.335875
80.674625
69.683680
74.363950
80.936201
81.533670
64.433223
77.030100
73.517407
84.727707
84.727707
84.727707
74.843171
78.994763
76.318832
71.208694
65.937466
81.871447
84.727707
71.768343
84.727707
75.465809
77.738870
84.727707
77.779941
79.258286
64.433223
78.261172
84.727707
76.316325
64.433223
71.516162
77.113005
64.433223
71.167737
84.727707
73.434516
72.894057
78.232079
84.727707
73.680582
76.463534
70.946774
84.727707
84.727707
70.230011
64.433223
81.933269
76.069319
78.465913
64.433223
84.727707
71.633388
80.859897
82.884626
64.433223
76.201535
76.056464
80.135643
66.798583
77.558242
84.727707
79.331153
69.607038
77.022329
76.543342
70.874012
64.433223
74.452707
79.573446
84.727707
83.953366
64.433223
72.413177
72.436775
64.433223
76.453477
84.727707
84.727707
79.782436
75.530911
84.727707
64.433223
64.433223
70.779344
69.938931
64.433223
79.006494
81.058214
64.433223
84.727707
64.433223
72.869546
84.727707
75.677991
64.433223
74.486100
79.060283
64.433223
64.433223
64.433223
81.754437
64.433223
73.493013
84.727707
64.433223
78.286926
69.510273
68.268770
76.688260
77.095482
75.056975
84.727707
71.400936
71.489720
68.980892
64.433223
64.433223
84.687508
70.335484
64.433223
64.433223
75.790670
64.433223
74.986230
75.532179
64.433223
84.727707
64.433223
64.433223
84.727707
65.423920
64.433223
64.433223
84.727707
64.433223
64.433223
80.702745
78.903224
84.727707
84.727707
79.018455
64.433223
64.433223
84.727707
64.433223
76.838799
64.433223
76.004204
64.433223
84.727707
79.075326
80.232074
64.433223
84.727707
84.727707
80.579707
84.727707
84.727707
81.565524
84.727707
84.727707
65.445279
64.433223
75.439873
82.561217
64.433223
84.727707
84.727707
78.883003
64.433223
84.727707
70.859356
84.727707
77.466380
64.433223
84.727707
84.102864
84.727707
64.433223
71.437326
64.433223
76.620511
84.727707
64.433223
70.649088
84.727707
79.778840
68.537739
73.408231
64.433223
82.800147
71.609810
67.454214
76.478637
64.433223
64.433223
77.687139
76.256537
84.727707
64.433223
84.727707
64.433223
84.727707
66.977063
77.503047
76.915114
75.730730
76.836243
64.433223
80.312801
74.241710
77.391198
68.575439
64.433223
64.433223
78.818294
81.828329
71.448644
64.433223
64.433223
64.433223
64.433223
65.365664
64.433223
76.436685
64.433223
64.433223
72.202923
67.431217
70.673129
70.673338
64.433223
64.433223
76.566288
74.068126
84.727707
64.433223
64.433223
74.247321
64.433223
84.727707
71.455624
67.250422
76.790707
64.433223
70.354279
76.795891
76.834641
64.433223
84.727707
74.627774
74.575836
73.176493
73.590311
64.433223
64.433223
73.550045
75.673081
64.433223
83.389280
64.433223
75.590466
84.727707
64.433223
64.433223
64.433223
64.433223
84.727707
84.727707
