68.349795
69.511188
74.665323
65.678671
47.458329
58.282587
48.700616
72.668197
67.419081
74.660709
96.121705
71.547204
97.393856
93.498983
74.545766
71.456797
67.196780
79.814486
81.390562
85.035573
76.313790
85.589086
67.433297
84.319682
61.414126
39.117386
80.559562
73.257676
51.645146
92.773150
61.567663
87.048462
63.541866
89.376208
73.427285
77.170753
72.287113
78.181133
69.234969
69.418598
76.390588
75.615033
65.393677
61.541347
54.902648
85.568116
79.079336
79.973221
93.274878
84.569578
81.675496
71.632347
77.231695
71.227947
62.734442
50.025496
59.606644
75.386909
74.511397
52.045724
85.225052
80.998889
69.563335
79.555296
62.333838
66.277548
88.278807
103.050635
85.575548
86.861933
77.071380
69.188872
65.045264
56.111590
66.580953
37.840694
64.127567
63.059357
79.429086
67.454440
53.505109
49.418595
76.203872
68.303772
73.558233
77.812205
81.803844
47.242033
67.514119
87.203785
92.881640
51.693100
65.277188
57.000081
73.033170
90.127114
57.514939
82.242115
87.737467
66.524024
49.731708
49.118006
73.354617
87.754875
54.660344
84.412355
62.086988
61.242306
75.027457
62.929986
83.400328
85.101875
67.933899
58.223579
70.230172
71.949937
71.541286
78.611735
60.794005
76.864809
81.308306
72.451629
80.500545
74.620569
65.439539
78.821340
61.737479
77.909088
63.682872
77.413533
90.697798
66.633445
90.539208
73.119538
69.531037
55.080410
81.647370
70.555824
92.246692
67.497506
37.320556
75.576311
58.439635
83.788938
66.373028
52.236408
72.141809
87.623074
65.206619
71.626690
71.505504
75.242753
53.363309
52.831913
55.797821
79.735572
92.647717
87.201233
67.205694
112.728358
90.020747
75.057868
60.702654
71.043668
75.070272
68.633695
73.056981
78.335964
67.335999
72.947591
86.971490
75.004379
74.984190
71.992350
59.775179
61.063200
58.293710
55.141238
67.035100
78.055948
71.853254
71.334541
67.287158
70.811160
69.168636
69.622068
63.921914
72.474011
75.777016
76.087268
80.012010
78.244012
71.939281
68.421340
68.729149
55.887079
54.016786
46.190442
60.374388
59.507451
