-0.110650
-0.015320
-0.134713
-0.107329
0.326704
1.888591
0.130387
-0.184420
0.033896
-0.000190
-0.175582
-0.024851
-0.271182
0.350756
0.025584
-0.204191
-0.031811
0.005509
-0.088613
0.262241
0.209190
-0.629299
-0.018772
-0.198700
-0.076067
0.083346
-0.016752
-0.035659
0.101723
-0.171768
2.245160
0.344801
0.822476
-0.361550
0.394611
0.017136
-0.007128
-1.505084
0.001978
0.093696
-1.372667
2.184803
1.079066
-0.381189
2.802767
-0.778063
-2.568778
-0.937819
-0.204845
-0.088296
-0.903010
-0.031715
-0.001650
-1.360037
-0.024718
0.323372
-0.015934
0.088419
-0.047617
0.305527
-0.111549
0.199469
0.067038
0.014836
-0.028456
0.679404
0.015941
-0.262526
-0.169884
-0.141066
0.543207
-0.004628
0.343492
0.347923
-0.088493
0.162224
-0.015182
-0.495244
0.230029
-0.028793
0.094628
0.098841
-0.133513
-0.186870
-0.367330
0.348185
0.112487
0.161398
0.194147
-0.137908
-0.783621
0.122372
-0.015617
0.147281
-0.029408
-0.123023
0.212563
0.095438
-0.096499
-0.015227
-0.234907
0.091363
-0.113246
-0.029029
-0.072601
-0.337705
0.032855
-0.132834
-0.085025
1.287140
-1.339346
-1.168983
-0.008595
-0.463742
-0.020006
-0.340577
1.420675
0.041134
0.021841
0.027159
0.010121
-0.182628
0.647652
0.007410
-0.129682
0.167691
-0.060415
-0.021277
-0.009119
-1.077872
0.007632
-0.212841
0.083056
-0.337786
0.089949
-0.041148
-0.071404
0.630543
-0.065923
0.073107
0.115058
-0.465899
-0.137578
0.246369
-0.256192
-0.411975
2.452996
-2.025326
-1.235643
0.118038
1.137961
-0.068419
-0.042343
-0.081159
-0.043033
-0.023308
-1.175436
0.490156
0.246966
-0.217524
-0.309168
-0.086035
0.706021
-0.151359
-0.180391
-0.083215
-0.751686
-0.259990
0.185832
0.280250
0.626102
-1.238937
-0.018857
-0.029614
0.017718
1.805458
-0.030750
0.213597
1.333709
-0.038840
-0.058452
-0.011680
-1.198448
-0.018056
0.029934
-0.082566
-0.253736
-0.138233
0.029935
0.002910
-0.988342
-0.084622
-0.158309
0.030622
-0.147432
-0.013765
-0.227465
0.113891
-0.620591
0.024112
