8.160084533691406250e+01
8.207408142089843750e+01
8.254731750488281250e+01
8.302055358886718750e+01
8.349378967285156250e+01
8.396702575683593750e+01
8.444026184082031250e+01
8.491349792480468750e+01
8.538673400878906250e+01
8.585997009277343750e+01
8.633320617675781250e+01
8.680644226074218750e+01
6.176981735229492188e+01
6.221235275268554688e+01
6.265488433837890625e+01
6.309741973876953125e+01
6.353995132446289062e+01
6.398248672485351562e+01
6.442501831054687500e+01
6.486755371093750000e+01
6.531008911132812500e+01
6.575261688232421875e+01
6.619515228271484375e+01
6.663768768310546875e+01
6.974069213867187500e+01
7.017724609375000000e+01
7.061380004882812500e+01
7.105035400390625000e+01
7.148690032958984375e+01
7.192345428466796875e+01
7.236000823974609375e+01
7.279656219482421875e+01
7.323311614990234375e+01
7.366967010498046875e+01
7.410622406005859375e+01
7.454277801513671875e+01
7.996662902832031250e+01
8.062391662597656250e+01
8.128120422363281250e+01
8.193849182128906250e+01
8.259577941894531250e+01
8.325306701660156250e+01
8.391035461425781250e+01
8.456764221191406250e+01
8.522492980957031250e+01
8.588221740722656250e+01
8.653950500488281250e+01
8.719679260253906250e+01
9.320877838134765625e+01
9.357077789306640625e+01
9.393277740478515625e+01
9.429477691650390625e+01
9.465677642822265625e+01
9.501877593994140625e+01
9.538077545166015625e+01
9.574277496337890625e+01
9.610477447509765625e+01
9.646677398681640625e+01
9.682877349853515625e+01
9.719077301025390625e+01
6.850515747070312500e+01
6.882618713378906250e+01
6.914721679687500000e+01
6.946824645996093750e+01
6.978927612304687500e+01
7.011030578613281250e+01
7.043133544921875000e+01
7.075236511230468750e+01
7.107339477539062500e+01
7.139442443847656250e+01
7.171544647216796875e+01
7.203647613525390625e+01
8.945430755615234375e+01
8.993885803222656250e+01
9.042341613769531250e+01
9.090795898437500000e+01
9.139251708984375000e+01
9.187705993652343750e+01
9.236161804199218750e+01
9.284616088867187500e+01
9.333071899414062500e+01
9.381526184082031250e+01
9.429981994628906250e+01
9.478437042236328125e+01
6.694191741943359375e+01
6.758404541015625000e+01
6.822618103027343750e+01
6.886830902099609375e+01
6.951043701171875000e+01
7.015256500244140625e+01
7.079469299316406250e+01
7.143682098388671875e+01
7.207894897460937500e+01
7.272107696533203125e+01
7.336320495605468750e+01
7.400533294677734375e+01
6.006920242309570312e+01
6.050332641601562500e+01
6.093745040893554688e+01
6.137157440185546875e+01
6.180569839477539062e+01
6.223982238769531250e+01
6.267395019531250000e+01
6.310807418823242188e+01
6.354219818115234375e+01
6.397632217407226562e+01
6.441044616699218750e+01
6.484457397460937500e+01
7.071889495849609375e+01
7.136603546142578125e+01
7.201317596435546875e+01
7.266030883789062500e+01
7.330744934082031250e+01
7.395458221435546875e+01
7.460172271728515625e+01
7.524886322021484375e+01
7.589599609375000000e+01
7.654313659667968750e+01
7.719026947021484375e+01
7.783740997314453125e+01
4.412861633300781250e+01
4.454813385009765625e+01
4.496765136718750000e+01
4.538716888427734375e+01
4.580668640136718750e+01
4.622620391845703125e+01
4.664572143554687500e+01
4.706524276733398438e+01
4.748476028442382812e+01
4.790427780151367188e+01
4.832379531860351562e+01
4.874331665039062500e+01
6.245927047729492188e+01
6.297214889526367188e+01
6.348502349853515625e+01
6.399790191650390625e+01
6.451078033447265625e+01
6.502365875244140625e+01
6.553652954101562500e+01
6.604940795898437500e+01
6.656228637695312500e+01
6.707516479492187500e+01
6.758804321289062500e+01
6.810092163085937500e+01
4.280213928222656250e+01
4.321770858764648438e+01
4.363327789306640625e+01
4.404885101318359375e+01
4.446442031860351562e+01
4.487999343872070312e+01
4.529556274414062500e+01
4.571113586425781250e+01
4.612670898437500000e+01
4.654228210449218750e+01
4.695785140991210938e+01
4.737342453002929688e+01
5.128810882568359375e+01
5.185923767089843750e+01
5.243036651611328125e+01
5.300149917602539062e+01
5.357263183593750000e+01
5.414376068115234375e+01
5.471488952636718750e+01
5.528602218627929688e+01
5.585715484619140625e+01
5.642828369140625000e+01
5.699941635131835938e+01
5.757054519653320312e+01
7.092623901367187500e+01
7.134437561035156250e+01
7.176251220703125000e+01
7.218064117431640625e+01
7.259877777099609375e+01
7.301691436767578125e+01
7.343504333496093750e+01
7.385317993164062500e+01
7.427131652832031250e+01
7.468944549560546875e+01
7.510758209228515625e+01
7.552571868896484375e+01
6.252922821044921875e+01
6.299600982666015625e+01
6.346279144287109375e+01
6.392957305908203125e+01
6.439635467529296875e+01
6.486313629150390625e+01
6.532991790771484375e+01
6.579669952392578125e+01
6.626348114013671875e+01
6.673026275634765625e+01
6.719704437255859375e+01
6.766382598876953125e+01
6.944923400878906250e+01
6.984038543701171875e+01
7.023153686523437500e+01
7.062268066406250000e+01
7.101383209228515625e+01
7.140497589111328125e+01
7.179612731933593750e+01
7.218727874755859375e+01
7.257842254638671875e+01
7.296957397460937500e+01
7.336072540283203125e+01
7.375186920166015625e+01
5.870192337036132812e+01
5.921611404418945312e+01
5.973030853271484375e+01
6.024449920654296875e+01
6.075869369506835938e+01
6.127288818359375000e+01
6.178707885742187500e+01
6.230127334594726562e+01
6.281546783447265625e+01
6.332965850830078125e+01
6.384384918212890625e+01
6.435804748535156250e+01
6.474411010742187500e+01
6.516316223144531250e+01
6.558220672607421875e+01
6.600125885009765625e+01
6.642030334472656250e+01
6.683935546875000000e+01
6.725840759277343750e+01
6.767745208740234375e+01
6.809650421142578125e+01
6.851554870605468750e+01
6.893460083007812500e+01
6.935364532470703125e+01
4.959563827514648438e+01
5.007440185546875000e+01
5.055316543579101562e+01
5.103192901611328125e+01
5.151069641113281250e+01
5.198945999145507812e+01
5.246822357177734375e+01
5.294698715209960938e+01
5.342575073242187500e+01
5.390451431274414062e+01
5.438327789306640625e+01
5.486204147338867188e+01
7.613978576660156250e+01
7.682738494873046875e+01
7.751498413085937500e+01
7.820259094238281250e+01
7.889019012451171875e+01
7.957778930664062500e+01
8.026539611816406250e+01
8.095299530029296875e+01
8.164059448242187500e+01
8.232820129394531250e+01
8.301580047607421875e+01
8.370339965820312500e+01
4.458991241455078125e+01
4.540084838867187500e+01
4.621178436279296875e+01
4.702272033691406250e+01
4.783366012573242188e+01
4.864459609985351562e+01
4.945553588867187500e+01
5.026647186279296875e+01
5.107740783691406250e+01
5.188834381103515625e+01
5.269927978515625000e+01
5.351021575927734375e+01
6.842203521728515625e+01
6.880975341796875000e+01
6.919746398925781250e+01
6.958516693115234375e+01
6.997287750244140625e+01
7.036058807373046875e+01
7.074829864501953125e+01
7.113600921630859375e+01
7.152371978759765625e+01
7.191143035888671875e+01
7.229914093017578125e+01
7.268685150146484375e+01
5.496735000610351562e+01
5.560259246826171875e+01
5.623783493041992188e+01
5.687307739257812500e+01
5.750831985473632812e+01
5.814356231689453125e+01
5.877880477905273438e+01
5.941404724121093750e+01
6.004928970336914062e+01
6.068453216552734375e+01
6.131977462768554688e+01
6.195501708984375000e+01
8.026351165771484375e+01
8.091753387451171875e+01
8.157154846191406250e+01
8.222557067871093750e+01
8.287959289550781250e+01
8.353360748291015625e+01
8.418762969970703125e+01
8.484164428710937500e+01
8.549566650390625000e+01
8.614968109130859375e+01
8.680370330810546875e+01
8.745771789550781250e+01
9.136517333984375000e+01
9.158374023437500000e+01
9.180231475830078125e+01
9.202088928222656250e+01
9.223946380615234375e+01
9.245803833007812500e+01
9.267660522460937500e+01
9.289517974853515625e+01
9.311375427246093750e+01
9.333232116699218750e+01
9.355089569091796875e+01
9.376947021484375000e+01
6.689384460449218750e+01
6.733582305908203125e+01
6.777780151367187500e+01
6.821977996826171875e+01
6.866175842285156250e+01
6.910373687744140625e+01
6.954571533203125000e+01
6.998769378662109375e+01
7.042967224121093750e+01
7.087165069580078125e+01
7.131362915039062500e+01
7.175561523437500000e+01
7.695389556884765625e+01
7.758049774169921875e+01
7.820709991455078125e+01
7.883369445800781250e+01
7.946029663085937500e+01
8.008689117431640625e+01
8.071349334716796875e+01
8.134008789062500000e+01
8.196669006347656250e+01
8.259329223632812500e+01
8.321988677978515625e+01
8.384648895263671875e+01
8.963347625732421875e+01
9.008328247070312500e+01
9.053309631347656250e+01
9.098291015625000000e+01
9.143271636962890625e+01
9.188252258300781250e+01
9.233233642578125000e+01
9.278215026855468750e+01
9.323195648193359375e+01
9.368176269531250000e+01
9.413157653808593750e+01
9.458139038085937500e+01
4.356317901611328125e+01
4.397416687011718750e+01
4.438515472412109375e+01
4.479614257812500000e+01
4.520713424682617188e+01
4.561812591552734375e+01
4.602911376953125000e+01
4.644010162353515625e+01
4.685108947753906250e+01
4.726207733154296875e+01
4.767306900024414062e+01
4.808406066894531250e+01
7.850628662109375000e+01
7.888371276855468750e+01
7.926114654541015625e+01
7.963857269287109375e+01
8.001600646972656250e+01
8.039344024658203125e+01
8.077086639404296875e+01
8.114830017089843750e+01
8.152573394775390625e+01
8.190316009521484375e+01
8.228059387207031250e+01
8.265802764892578125e+01
4.975258255004882812e+01
5.020798492431640625e+01
5.066338348388671875e+01
5.111878204345703125e+01
5.157418441772460938e+01
5.202958679199218750e+01
5.248498535156250000e+01
5.294038772583007812e+01
5.339579010009765625e+01
5.385118865966796875e+01
5.430659103393554688e+01
5.476199340820312500e+01
7.883287048339843750e+01
7.940621185302734375e+01
7.997956085205078125e+01
8.055290985107421875e+01
8.112625122070312500e+01
8.169960021972656250e+01
8.227294921875000000e+01
8.284629821777343750e+01
8.341963958740234375e+01
8.399298858642578125e+01
8.456633758544921875e+01
8.513967895507812500e+01
6.821382904052734375e+01
6.873152160644531250e+01
6.924921417236328125e+01
6.976690673828125000e+01
7.028459930419921875e+01
7.080229187011718750e+01
7.131998443603515625e+01
7.183767700195312500e+01
7.235536956787109375e+01
7.287306213378906250e+01
7.339075469970703125e+01
7.390844726562500000e+01
6.845507812500000000e+01
6.909455871582031250e+01
6.973404693603515625e+01
7.037353515625000000e+01
7.101302337646484375e+01
7.165250396728515625e+01
7.229199218750000000e+01
7.293148040771484375e+01
7.357096862792968750e+01
7.421044921875000000e+01
7.484993743896484375e+01
7.548942565917968750e+01
6.998875427246093750e+01
7.057901763916015625e+01
7.116928100585937500e+01
7.175954437255859375e+01
7.234980773925781250e+01
7.294007873535156250e+01
7.353034210205078125e+01
7.412060546875000000e+01
7.471086883544921875e+01
7.530113220214843750e+01
7.589139556884765625e+01
7.648165893554687500e+01
6.406254577636718750e+01
6.465390777587890625e+01
6.524527740478515625e+01
6.583664703369140625e+01
6.642801666259765625e+01
6.701938629150390625e+01
6.761075592041015625e+01
6.820211791992187500e+01
6.879348754882812500e+01
6.938485717773437500e+01
6.997622680664062500e+01
7.056759643554687500e+01
4.937683868408203125e+01
4.989022827148437500e+01
5.040361785888671875e+01
5.091700744628906250e+01
5.143039703369140625e+01
5.194378662109375000e+01
5.245717620849609375e+01
5.297056579589843750e+01
5.348395538330078125e+01
5.399734497070312500e+01
5.451073455810546875e+01
5.502412414550781250e+01
6.880465698242187500e+01
6.937795257568359375e+01
6.995125579833984375e+01
7.052455139160156250e+01
7.109784698486328125e+01
7.167114257812500000e+01
7.224443817138671875e+01
7.281773376464843750e+01
7.339102935791015625e+01
7.396432495117187500e+01
7.453762054443359375e+01
7.511091613769531250e+01
6.819270324707031250e+01
6.893138885498046875e+01
6.967008209228515625e+01
7.040876770019531250e+01
7.114745330810546875e+01
7.188614654541015625e+01
7.262483215332031250e+01
7.336352539062500000e+01
7.410221099853515625e+01
7.484089660644531250e+01
7.557958984375000000e+01
7.631827545166015625e+01
4.917108154296875000e+01
4.973467254638671875e+01
5.029826736450195312e+01
5.086186218261718750e+01
5.142545318603515625e+01
5.198904800415039062e+01
5.255264282226562500e+01
5.311623382568359375e+01
5.367982482910156250e+01
5.424342346191406250e+01
5.480701446533203125e+01
5.537060546875000000e+01
8.024665832519531250e+01
8.080068969726562500e+01
8.135472869873046875e+01
8.190876770019531250e+01
8.246279907226562500e+01
8.301683807373046875e+01
8.357087707519531250e+01
8.412491607666015625e+01
8.467894744873046875e+01
8.523298645019531250e+01
8.578702545166015625e+01
8.634106445312500000e+01
7.813860321044921875e+01
7.864310455322265625e+01
7.914760589599609375e+01
7.965210723876953125e+01
8.015660858154296875e+01
8.066110992431640625e+01
8.116561126708984375e+01
8.167011260986328125e+01
8.217461395263671875e+01
8.267912292480468750e+01
8.318362426757812500e+01
8.368812561035156250e+01
7.503507232666015625e+01
7.556195068359375000e+01
7.608883666992187500e+01
7.661572265625000000e+01
7.714260864257812500e+01
7.766948699951171875e+01
7.819637298583984375e+01
7.872325897216796875e+01
7.925014495849609375e+01
7.977702331542968750e+01
8.030390930175781250e+01
8.083079528808593750e+01
7.856010437011718750e+01
7.898740386962890625e+01
7.941469573974609375e+01
7.984199523925781250e+01
8.026929473876953125e+01
8.069659423828125000e+01
8.112388610839843750e+01
8.155118560791015625e+01
8.197848510742187500e+01
8.240577697753906250e+01
8.283307647705078125e+01
8.326037597656250000e+01
6.057964324951171875e+01
6.095721435546875000e+01
6.133478546142578125e+01
6.171235656738281250e+01
6.208992767333984375e+01
6.246749877929687500e+01
6.284506607055664062e+01
6.322263717651367188e+01
6.360020828247070312e+01
6.397777938842773438e+01
6.435534667968750000e+01
6.473291778564453125e+01
7.174294281005859375e+01
7.218649291992187500e+01
7.263004302978515625e+01
7.307359313964843750e+01
7.351714324951171875e+01
7.396068572998046875e+01
7.440423583984375000e+01
7.484778594970703125e+01
7.529133605957031250e+01
7.573488616943359375e+01
7.617842864990234375e+01
7.662197875976562500e+01
5.986762237548828125e+01
6.028146362304687500e+01
6.069530105590820312e+01
6.110913848876953125e+01
6.152297973632812500e+01
6.193681716918945312e+01
6.235065460205078125e+01
6.276449584960937500e+01
6.317833328247070312e+01
6.359217071533203125e+01
6.400601196289062500e+01
6.441984558105468750e+01
4.321290969848632812e+01
4.364413452148437500e+01
4.407536315917968750e+01
4.450659179687500000e+01
4.493781661987304688e+01
4.536904144287109375e+01
4.580027008056640625e+01
4.623149490356445312e+01
4.666271972656250000e+01
4.709394836425781250e+01
4.752517700195312500e+01
4.795640182495117188e+01
3.932099151611328125e+01
3.979446411132812500e+01
4.026793289184570312e+01
4.074140167236328125e+01
4.121487426757812500e+01
4.168834686279296875e+01
4.216181182861328125e+01
4.263528442382812500e+01
4.310875701904296875e+01
4.358222579956054688e+01
4.405569458007812500e+01
4.452916717529296875e+01
7.789849853515625000e+01
7.833335113525390625e+01
7.876821136474609375e+01
7.920306396484375000e+01
7.963791656494140625e+01
8.007276916503906250e+01
8.050762939453125000e+01
8.094248199462890625e+01
8.137733459472656250e+01
8.181219482421875000e+01
8.224704742431640625e+01
8.268190002441406250e+01
7.704118347167968750e+01
7.768667602539062500e+01
7.833216094970703125e+01
7.897765350341796875e+01
7.962314605712890625e+01
8.026863098144531250e+01
8.091412353515625000e+01
8.155960845947265625e+01
8.220510101318359375e+01
8.285058593750000000e+01
8.349607849121093750e+01
8.414157104492187500e+01
6.702983093261718750e+01
6.769776153564453125e+01
6.836569213867187500e+01
6.903362274169921875e+01
6.970155334472656250e+01
7.036948394775390625e+01
7.103741455078125000e+01
7.170535278320312500e+01
7.237328338623046875e+01
7.304121398925781250e+01
7.370914459228515625e+01
7.437707519531250000e+01
5.652492904663085938e+01
5.714884948730468750e+01
5.777276992797851562e+01
5.839669036865234375e+01
5.902061080932617188e+01
5.964453125000000000e+01
6.026844787597656250e+01
6.089236831665039062e+01
6.151628875732421875e+01
6.214020919799804688e+01
6.276412963867187500e+01
6.338805007934570312e+01
6.462045288085937500e+01
6.505638885498046875e+01
6.549232482910156250e+01
6.592826843261718750e+01
6.636420440673828125e+01
6.680014801025390625e+01
6.723608398437500000e+01
6.767201995849609375e+01
6.810796356201171875e+01
6.854389953613281250e+01
6.897983551025390625e+01
6.941577911376953125e+01
9.311542510986328125e+01
9.349980163574218750e+01
9.388418579101562500e+01
9.426856231689453125e+01
9.465293884277343750e+01
9.503731536865234375e+01
9.542169189453125000e+01
9.580607604980468750e+01
9.619045257568359375e+01
9.657482910156250000e+01
9.695920562744140625e+01
9.734358215332031250e+01
8.781037902832031250e+01
8.817726898193359375e+01
8.854415893554687500e+01
8.891105651855468750e+01
8.927793884277343750e+01
8.964483642578125000e+01
9.001172637939453125e+01
9.037861633300781250e+01
9.074550628662109375e+01
9.111239624023437500e+01
9.147928619384765625e+01
9.184617614746093750e+01
7.502848815917968750e+01
7.559564208984375000e+01
7.616279602050781250e+01
7.672994232177734375e+01
7.729709625244140625e+01
7.786425018310546875e+01
7.843139648437500000e+01
7.899855041503906250e+01
7.956570434570312500e+01
8.013285064697265625e+01
8.070000457763671875e+01
8.126715850830078125e+01
6.863742828369140625e+01
6.905097198486328125e+01
6.946451568603515625e+01
6.987805175781250000e+01
7.029159545898437500e+01
7.070513153076171875e+01
7.111867523193359375e+01
7.153221130371093750e+01
7.194575500488281250e+01
7.235929107666015625e+01
7.277283477783203125e+01
7.318637847900390625e+01
9.265093994140625000e+01
9.308798217773437500e+01
9.352502441406250000e+01
9.396206665039062500e+01
9.439910888671875000e+01
9.483615112304687500e+01
9.527319335937500000e+01
9.571023559570312500e+01
9.614727783203125000e+01
9.658431243896484375e+01
9.702135467529296875e+01
9.745839691162109375e+01
4.581645584106445312e+01
4.626702117919921875e+01
4.671758270263671875e+01
4.716814804077148438e+01
4.761871337890625000e+01
4.806927490234375000e+01
4.851984024047851562e+01
4.897040557861328125e+01
4.942096710205078125e+01
4.987153244018554688e+01
5.032209777832031250e+01
5.077265930175781250e+01
6.843617248535156250e+01
6.902124786376953125e+01
6.960632324218750000e+01
7.019139862060546875e+01
7.077647399902343750e+01
7.136154937744140625e+01
7.194662475585937500e+01
7.253170776367187500e+01
7.311678314208984375e+01
7.370185852050781250e+01
7.428693389892578125e+01
7.487200927734375000e+01
6.022358703613281250e+01
6.066667938232421875e+01
6.110977172851562500e+01
6.155286026000976562e+01
6.199595260620117188e+01
6.243904113769531250e+01
6.288213348388671875e+01
6.332522583007812500e+01
6.376831817626953125e+01
6.421141052246093750e+01
6.465449523925781250e+01
6.509758758544921875e+01
5.869635772705078125e+01
5.934399414062500000e+01
5.999163055419921875e+01
6.063926696777343750e+01
6.128690338134765625e+01
6.193453598022460938e+01
6.258217239379882812e+01
6.322980880737304688e+01
6.387744140625000000e+01
6.452507781982421875e+01
6.517271423339843750e+01
6.582035064697265625e+01
7.909707641601562500e+01
7.962518310546875000e+01
8.015328979492187500e+01
8.068140411376953125e+01
8.120951080322265625e+01
8.173761749267578125e+01
8.226573181152343750e+01
8.279383850097656250e+01
8.332194519042968750e+01
8.385005187988281250e+01
8.437815856933593750e+01
8.490627288818359375e+01
7.505936431884765625e+01
7.558769226074218750e+01
7.611602020263671875e+01
7.664434814453125000e+01
7.717268371582031250e+01
7.770101165771484375e+01
7.822933959960937500e+01
7.875766754150390625e+01
7.928600311279296875e+01
7.981433105468750000e+01
8.034265899658203125e+01
8.087098693847656250e+01
4.614891052246093750e+01
4.661090087890625000e+01
4.707288742065429688e+01
4.753487396240234375e+01
4.799686431884765625e+01
4.845885467529296875e+01
4.892084121704101562e+01
4.938282775878906250e+01
4.984481811523437500e+01
5.030680465698242188e+01
5.076879119873046875e+01
5.123078155517578125e+01
4.202540969848632812e+01
4.251670074462890625e+01
4.300798797607421875e+01
4.349927520751953125e+01
4.399056625366210938e+01
4.448185729980468750e+01
4.497314453125000000e+01
4.546443176269531250e+01
4.595572280883789062e+01
4.644701385498046875e+01
4.693830108642578125e+01
4.742958831787109375e+01
4.460382080078125000e+01
4.542367553710937500e+01
4.624353790283203125e+01
4.706339263916015625e+01
4.788325119018554688e+01
4.870310974121093750e+01
4.952296447753906250e+01
5.034282684326171875e+01
5.116268157958984375e+01
5.198254013061523438e+01
5.280239868164062500e+01
5.362225341796875000e+01
4.506618881225585938e+01
4.561941528320312500e+01
4.617263793945312500e+01
4.672586059570312500e+01
4.727908325195312500e+01
4.783231353759765625e+01
4.838553619384765625e+01
4.893876266479492188e+01
4.949198913574218750e+01
5.004521179199218750e+01
5.059843826293945312e+01
5.115166473388671875e+01
7.975983428955078125e+01
8.026048278808593750e+01
8.076113128662109375e+01
8.126177978515625000e+01
8.176242065429687500e+01
8.226306915283203125e+01
8.276371765136718750e+01
8.326436614990234375e+01
8.376501464843750000e+01
8.426566314697265625e+01
8.476631164550781250e+01
8.526696014404296875e+01
6.958062744140625000e+01
7.018198394775390625e+01
7.078334808349609375e+01
7.138471221923828125e+01
7.198606872558593750e+01
7.258743286132812500e+01
7.318878936767578125e+01
7.379015350341796875e+01
7.439151000976562500e+01
7.499287414550781250e+01
7.559423828125000000e+01
7.619559478759765625e+01
6.872536468505859375e+01
6.943476104736328125e+01
7.014416503906250000e+01
7.085356140136718750e+01
7.156295776367187500e+01
7.227236175537109375e+01
7.298175811767578125e+01
7.369116210937500000e+01
7.440055847167968750e+01
7.510996246337890625e+01
7.581935882568359375e+01
7.652875518798828125e+01
9.353099060058593750e+01
9.384767150878906250e+01
9.416436004638671875e+01
9.448104095458984375e+01
9.479772949218750000e+01
9.511441040039062500e+01
9.543109130859375000e+01
9.574777984619140625e+01
9.606446075439453125e+01
9.638114166259765625e+01
9.669783020019531250e+01
9.701451110839843750e+01
8.028736114501953125e+01
8.098550415039062500e+01
8.168363952636718750e+01
8.238178253173828125e+01
8.307992553710937500e+01
8.377806854248046875e+01
8.447620391845703125e+01
8.517434692382812500e+01
8.587248992919921875e+01
8.657063293457031250e+01
8.726876831054687500e+01
8.796691131591796875e+01
9.216684722900390625e+01
9.239660644531250000e+01
9.262637329101562500e+01
9.285613250732421875e+01
9.308589172363281250e+01
9.331565856933593750e+01
9.354541778564453125e+01
9.377518463134765625e+01
9.400494384765625000e+01
9.423471069335937500e+01
9.446446990966796875e+01
9.469422912597656250e+01
6.311519241333007812e+01
6.366970443725585938e+01
6.422422027587890625e+01
6.477873229980468750e+01
6.533325195312500000e+01
6.588776397705078125e+01
6.644227600097656250e+01
6.699678802490234375e+01
6.755130767822265625e+01
6.810581970214843750e+01
6.866033172607421875e+01
6.921484375000000000e+01
8.433654785156250000e+01
8.479595184326171875e+01
8.525535583496093750e+01
8.571475219726562500e+01
8.617415618896484375e+01
8.663356018066406250e+01
8.709295654296875000e+01
8.755236053466796875e+01
8.801176452636718750e+01
8.847116851806640625e+01
8.893057250976562500e+01
8.938996887207031250e+01
6.290361404418945312e+01
6.346775817871093750e+01
6.403189849853515625e+01
6.459603881835937500e+01
6.516017913818359375e+01
6.572431945800781250e+01
6.628846740722656250e+01
6.685260772705078125e+01
6.741674804687500000e+01
6.798088836669921875e+01
6.854502868652343750e+01
6.910916900634765625e+01
6.358077239990234375e+01
6.402815246582031250e+01
6.447553253173828125e+01
6.492291259765625000e+01
6.537029266357421875e+01
6.581767272949218750e+01
6.626505279541015625e+01
6.671243286132812500e+01
6.715982055664062500e+01
6.760720062255859375e+01
6.805458068847656250e+01
6.850196075439453125e+01
9.119462585449218750e+01
9.157437133789062500e+01
9.195411682128906250e+01
9.233385467529296875e+01
9.271359252929687500e+01
9.309333801269531250e+01
9.347307586669921875e+01
9.385282135009765625e+01
9.423255920410156250e+01
9.461230468750000000e+01
9.499204254150390625e+01
9.537178039550781250e+01
9.135622406005859375e+01
9.170439147949218750e+01
9.205255889892578125e+01
9.240072631835937500e+01
9.274889373779296875e+01
9.309706115722656250e+01
9.344522857666015625e+01
9.379339599609375000e+01
9.414155578613281250e+01
9.448973083496093750e+01
9.483789062500000000e+01
9.518606567382812500e+01
5.998722839355468750e+01
6.048654174804687500e+01
6.098585891723632812e+01
6.148517227172851562e+01
6.198448944091796875e+01
6.248380279541015625e+01
6.298311996459960938e+01
6.348243713378906250e+01
6.398175048828125000e+01
6.448106384277343750e+01
6.498038482666015625e+01
6.547969818115234375e+01
7.196486663818359375e+01
7.260882568359375000e+01
7.325278472900390625e+01
7.389674377441406250e+01
7.454071044921875000e+01
7.518466949462890625e+01
7.582862854003906250e+01
7.647258758544921875e+01
7.711654663085937500e+01
7.776051330566406250e+01
7.840447235107421875e+01
7.904843139648437500e+01
5.297640609741210938e+01
5.353557205200195312e+01
5.409473419189453125e+01
5.465390014648437500e+01
5.521306610107421875e+01
5.577223205566406250e+01
5.633139419555664062e+01
5.689056015014648438e+01
5.744972229003906250e+01
5.800888824462890625e+01
5.856805419921875000e+01
5.912722015380859375e+01
7.161055755615234375e+01
7.243946838378906250e+01
7.326838684082031250e+01
7.409729766845703125e+01
7.492620849609375000e+01
7.575511932373046875e+01
7.658403778076171875e+01
7.741294860839843750e+01
7.824185943603515625e+01
7.907077026367187500e+01
7.989968872070312500e+01
8.072859954833984375e+01
4.951780319213867188e+01
4.980979156494140625e+01
5.010178375244140625e+01
5.039377212524414062e+01
5.068576049804687500e+01
5.097775268554687500e+01
5.126974105834960938e+01
5.156172943115234375e+01
5.185372161865234375e+01
5.214570999145507812e+01
5.243769836425781250e+01
5.272969055175781250e+01
9.149870300292968750e+01
9.191704559326171875e+01
9.233538818359375000e+01
9.275373840332031250e+01
9.317208099365234375e+01
9.359042358398437500e+01
9.400877380371093750e+01
9.442711639404296875e+01
9.484545898437500000e+01
9.526380920410156250e+01
9.568215179443359375e+01
9.610049438476562500e+01
7.205858612060546875e+01
7.254338073730468750e+01
7.302818298339843750e+01
7.351297760009765625e+01
7.399777984619140625e+01
7.448257446289062500e+01
7.496737670898437500e+01
7.545217132568359375e+01
7.593696594238281250e+01
7.642176818847656250e+01
7.690656280517578125e+01
7.739136505126953125e+01
4.870868301391601562e+01
4.942162322998046875e+01
5.013456726074218750e+01
5.084751129150390625e+01
5.156045150756835938e+01
5.227339172363281250e+01
5.298633575439453125e+01
5.369927978515625000e+01
5.441222000122070312e+01
5.512516021728515625e+01
5.583810424804687500e+01
5.655104827880859375e+01
6.020523834228515625e+01
6.071175765991210938e+01
6.121827697753906250e+01
6.172480010986328125e+01
6.223131561279296875e+01
6.273783874511718750e+01
6.324435806274414062e+01
6.375087738037109375e+01
6.425739288330078125e+01
6.476391601562500000e+01
6.527043151855468750e+01
6.577695465087890625e+01
9.061415863037109375e+01
9.098338317871093750e+01
9.135260772705078125e+01
9.172183227539062500e+01
9.209106445312500000e+01
9.246028900146484375e+01
9.282951354980468750e+01
9.319874572753906250e+01
9.356797027587890625e+01
9.393719482421875000e+01
9.430641937255859375e+01
9.467564392089843750e+01
7.526347351074218750e+01
7.597287750244140625e+01
7.668227386474609375e+01
7.739167785644531250e+01
7.810108184814453125e+01
7.881048583984375000e+01
7.951988983154296875e+01
8.022929382324218750e+01
8.093869781494140625e+01
8.164810180664062500e+01
8.235749816894531250e+01
8.306690216064453125e+01
9.099114227294921875e+01
9.133640289306640625e+01
9.168166351318359375e+01
9.202692413330078125e+01
9.237218475341796875e+01
9.271744537353515625e+01
9.306270599365234375e+01
9.340797424316406250e+01
9.375323486328125000e+01
9.409849548339843750e+01
9.444375610351562500e+01
9.478901672363281250e+01
6.677770233154296875e+01
6.725434112548828125e+01
6.773097991943359375e+01
6.820761871337890625e+01
6.868426513671875000e+01
6.916090393066406250e+01
6.963754272460937500e+01
7.011418151855468750e+01
7.059082031250000000e+01
7.106746673583984375e+01
7.154410552978515625e+01
7.202074432373046875e+01
6.239249801635742188e+01
6.292224121093750000e+01
6.345198059082031250e+01
6.398171997070312500e+01
6.451145935058593750e+01
6.504119873046875000e+01
6.557093811035156250e+01
6.610067749023437500e+01
6.663041687011718750e+01
6.716015625000000000e+01
6.768989562988281250e+01
6.821963500976562500e+01
9.218775939941406250e+01
9.247456359863281250e+01
9.276136779785156250e+01
9.304817199707031250e+01
9.333498382568359375e+01
9.362178802490234375e+01
9.390859222412109375e+01
9.419539642333984375e+01
9.448220062255859375e+01
9.476900482177734375e+01
9.505580902099609375e+01
9.534261322021484375e+01
5.028620910644531250e+01
5.080785369873046875e+01
5.132949829101562500e+01
5.185114288330078125e+01
5.237278747558593750e+01
5.289443206787109375e+01
5.341607666015625000e+01
5.393772125244140625e+01
5.445936965942382812e+01
5.498101425170898438e+01
5.550265884399414062e+01
5.602430343627929688e+01
4.501028442382812500e+01
4.554608154296875000e+01
4.608188629150390625e+01
4.661768341064453125e+01
4.715348815917968750e+01
4.768928527832031250e+01
4.822509002685546875e+01
4.876088714599609375e+01
4.929669189453125000e+01
4.983248901367187500e+01
5.036828994750976562e+01
5.090409088134765625e+01
6.365860366821289062e+01
6.436140441894531250e+01
6.506420898437500000e+01
6.576701354980468750e+01
6.646981811523437500e+01
6.717261505126953125e+01
6.787541961669921875e+01
6.857822418212890625e+01
6.928102874755859375e+01
6.998382568359375000e+01
7.068663024902343750e+01
7.138943481445312500e+01
8.462619018554687500e+01
8.520606231689453125e+01
8.578593444824218750e+01
8.636581420898437500e+01
8.694568634033203125e+01
8.752555847167968750e+01
8.810543060302734375e+01
8.868530273437500000e+01
8.926518249511718750e+01
8.984505462646484375e+01
9.042492675781250000e+01
9.100480651855468750e+01
7.800015258789062500e+01
7.875586700439453125e+01
7.951157379150390625e+01
8.026728820800781250e+01
8.102299499511718750e+01
8.177870178222656250e+01
8.253441619873046875e+01
8.329012298583984375e+01
8.404583740234375000e+01
8.480154418945312500e+01
8.555725097656250000e+01
8.631296539306640625e+01
6.170721054077148438e+01
6.213171768188476562e+01
6.255622863769531250e+01
6.298073577880859375e+01
6.340524291992187500e+01
6.382975387573242188e+01
6.425426483154296875e+01
6.467877197265625000e+01
6.510327911376953125e+01
6.552778625488281250e+01
6.595229339599609375e+01
6.637680053710937500e+01
6.647627258300781250e+01
6.691992187500000000e+01
6.736357879638671875e+01
6.780723571777343750e+01
6.825088500976562500e+01
6.869454193115234375e+01
6.913819122314453125e+01
6.958184814453125000e+01
7.002549743652343750e+01
7.046915435791015625e+01
7.091281127929687500e+01
7.135646057128906250e+01
8.915592956542968750e+01
8.958767700195312500e+01
9.001942443847656250e+01
9.045117187500000000e+01
9.088291931152343750e+01
9.131466674804687500e+01
9.174641418457031250e+01
9.217816162109375000e+01
9.260990905761718750e+01
9.304165649414062500e+01
9.347340393066406250e+01
9.390515136718750000e+01
3.903612899780273438e+01
3.953214263916015625e+01
4.002815628051757812e+01
4.052416992187500000e+01
4.102018737792968750e+01
4.151620101928710938e+01
4.201221466064453125e+01
4.250823211669921875e+01
4.300424575805664062e+01
4.350025939941406250e+01
4.399627685546875000e+01
4.449229049682617188e+01
8.777714538574218750e+01
8.814189147949218750e+01
8.850663757324218750e+01
8.887138366699218750e+01
8.923612976074218750e+01
8.960087585449218750e+01
8.996562194824218750e+01
9.033036804199218750e+01
9.069511413574218750e+01
9.105986022949218750e+01
9.142460632324218750e+01
9.178935241699218750e+01
8.874427032470703125e+01
8.909157562255859375e+01
8.943887329101562500e+01
8.978617858886718750e+01
9.013347625732421875e+01
9.048077392578125000e+01
9.082807922363281250e+01
9.117538452148437500e+01
9.152268218994140625e+01
9.186997985839843750e+01
9.221728515625000000e+01
9.256458282470703125e+01
7.823751831054687500e+01
7.883796691894531250e+01
7.943842315673828125e+01
8.003887939453125000e+01
8.063932800292968750e+01
8.123978424072265625e+01
8.184023284912109375e+01
8.244068908691406250e+01
8.304113769531250000e+01
8.364159393310546875e+01
8.424205017089843750e+01
8.484249877929687500e+01
7.864678192138671875e+01
7.919545745849609375e+01
7.974413299560546875e+01
8.029280090332031250e+01
8.084147644042968750e+01
8.139015197753906250e+01
8.193882751464843750e+01
8.248750305175781250e+01
8.303617858886718750e+01
8.358484649658203125e+01
8.413352203369140625e+01
8.468219757080078125e+01
5.069407272338867188e+01
5.114811706542968750e+01
5.160216522216796875e+01
5.205620956420898438e+01
5.251025390625000000e+01
5.296430206298828125e+01
5.341834640502929688e+01
5.387239837646484375e+01
5.432643890380859375e+01
5.478048706054687500e+01
5.523453521728515625e+01
5.568857955932617188e+01
5.688999557495117188e+01
5.750183486938476562e+01
5.811367797851562500e+01
5.872551727294921875e+01
5.933736038208007812e+01
5.994919967651367188e+01
6.056104278564453125e+01
6.117288208007812500e+01
6.178472518920898438e+01
6.239656448364257812e+01
6.300840759277343750e+01
6.362024688720703125e+01
7.262602996826171875e+01
7.324513244628906250e+01
7.386423492431640625e+01
7.448333740234375000e+01
7.510243988037109375e+01
7.572154235839843750e+01
7.634064483642578125e+01
7.695974731445312500e+01
7.757884979248046875e+01
7.819795227050781250e+01
7.881706237792968750e+01
7.943615722656250000e+01
6.214774322509765625e+01
6.271305084228515625e+01
6.327836227416992188e+01
6.384367370605468750e+01
6.440898132324218750e+01
6.497429656982421875e+01
6.553960418701171875e+01
6.610491943359375000e+01
6.667022705078125000e+01
6.723553466796875000e+01
6.780084991455078125e+01
6.836615753173828125e+01
6.084915161132812500e+01
6.149118041992187500e+01
6.213320922851562500e+01
6.277523422241210938e+01
6.341726303100585938e+01
6.405928802490234375e+01
6.470131683349609375e+01
6.534334564208984375e+01
6.598537445068359375e+01
6.662739562988281250e+01
6.726942443847656250e+01
6.791145324707031250e+01
8.402394866943359375e+01
8.433600616455078125e+01
8.464805603027343750e+01
8.496011352539062500e+01
8.527217102050781250e+01
8.558422088623046875e+01
8.589627838134765625e+01
8.620833587646484375e+01
8.652038574218750000e+01
8.683244323730468750e+01
8.714450073242187500e+01
8.745655059814453125e+01
7.638526916503906250e+01
7.674976348876953125e+01
7.711425781250000000e+01
7.747875213623046875e+01
7.784324645996093750e+01
7.820774841308593750e+01
7.857224273681640625e+01
7.893673706054687500e+01
7.930123138427734375e+01
7.966572570800781250e+01
8.003022003173828125e+01
8.039472198486328125e+01
6.914897918701171875e+01
6.979780578613281250e+01
7.044664001464843750e+01
7.109546661376953125e+01
7.174429321289062500e+01
7.239311981201171875e+01
7.304194641113281250e+01
7.369077301025390625e+01
7.433959960937500000e+01
7.498842620849609375e+01
7.563725280761718750e+01
7.628608703613281250e+01
7.678318023681640625e+01
7.732210540771484375e+01
7.786102294921875000e+01
7.839994812011718750e+01
7.893887329101562500e+01
7.947779846191406250e+01
8.001671600341796875e+01
8.055564117431640625e+01
8.109455871582031250e+01
8.163348388671875000e+01
8.217240905761718750e+01
8.271133422851562500e+01
6.909237670898437500e+01
6.950115203857421875e+01
6.990992736816406250e+01
7.031869506835937500e+01
7.072747039794921875e+01
7.113624572753906250e+01
7.154502105712890625e+01
7.195379638671875000e+01
7.236257171630859375e+01
7.277133941650390625e+01
7.318011474609375000e+01
7.358889007568359375e+01
6.970925903320312500e+01
7.029980468750000000e+01
7.089035797119140625e+01
7.148091125488281250e+01
7.207146453857421875e+01
7.266201782226562500e+01
7.325257110595703125e+01
7.384312438964843750e+01
7.443367767333984375e+01
7.502423095703125000e+01
7.561477661132812500e+01
7.620532989501953125e+01
4.776074218750000000e+01
4.825093841552734375e+01
4.874113464355468750e+01
4.923133087158203125e+01
4.972152328491210938e+01
5.021171951293945312e+01
5.070191574096679688e+01
5.119210815429687500e+01
5.168230438232421875e+01
5.217250061035156250e+01
5.266269683837890625e+01
5.315289306640625000e+01
8.545788574218750000e+01
8.617145538330078125e+01
8.688502502441406250e+01
8.759859466552734375e+01
8.831216430664062500e+01
8.902573394775390625e+01
8.973930358886718750e+01
9.045288085937500000e+01
9.116644287109375000e+01
9.188002014160156250e+01
9.259358978271484375e+01
9.330715942382812500e+01
6.883700561523437500e+01
6.935883331298828125e+01
6.988066101074218750e+01
7.040248870849609375e+01
7.092431640625000000e+01
7.144614410400390625e+01
7.196797180175781250e+01
7.248979949951171875e+01
7.301162719726562500e+01
7.353345489501953125e+01
7.405528259277343750e+01
7.457711029052734375e+01
6.884403228759765625e+01
6.938784027099609375e+01
6.993165588378906250e+01
7.047546386718750000e+01
7.101927185058593750e+01
7.156307983398437500e+01
7.210688781738281250e+01
7.265069580078125000e+01
7.319450378417968750e+01
7.373831176757812500e+01
7.428211975097656250e+01
7.482592773437500000e+01
4.899468994140625000e+01
4.955294036865234375e+01
5.011119461059570312e+01
5.066944503784179688e+01
5.122769927978515625e+01
5.178594970703125000e+01
5.234420013427734375e+01
5.290245056152343750e+01
5.346070098876953125e+01
5.401895141601562500e+01
5.457720184326171875e+01
5.513545989990234375e+01
7.662116241455078125e+01
7.719213867187500000e+01
7.776310729980468750e+01
7.833408355712890625e+01
7.890505981445312500e+01
7.947602844238281250e+01
8.004700469970703125e+01
8.061798095703125000e+01
8.118894958496093750e+01
8.175992584228515625e+01
8.233090209960937500e+01
8.290187072753906250e+01
6.452774047851562500e+01
6.503056335449218750e+01
6.553337860107421875e+01
6.603619384765625000e+01
6.653900909423828125e+01
6.704183197021484375e+01
6.754464721679687500e+01
6.804746246337890625e+01
6.855027770996093750e+01
6.905310058593750000e+01
6.955591583251953125e+01
7.005873107910156250e+01
6.836859893798828125e+01
6.878836059570312500e+01
6.920811462402343750e+01
6.962786865234375000e+01
7.004762268066406250e+01
7.046737670898437500e+01
7.088713073730468750e+01
7.130688476562500000e+01
7.172664642333984375e+01
7.214640045166015625e+01
7.256615447998046875e+01
7.298590850830078125e+01
5.311548233032226562e+01
5.365915298461914062e+01
5.420282363891601562e+01
5.474649429321289062e+01
5.529016113281250000e+01
5.583383178710937500e+01
5.637750244140625000e+01
5.692117309570312500e+01
5.746484375000000000e+01
5.800851440429687500e+01
5.855218505859375000e+01
5.909585571289062500e+01
5.426585388183593750e+01
5.484891128540039062e+01
5.543196868896484375e+01
5.601502990722656250e+01
5.659808731079101562e+01
5.718114471435546875e+01
5.776420593261718750e+01
5.834726333618164062e+01
5.893032073974609375e+01
5.951338195800781250e+01
6.009643936157226562e+01
6.067950057983398438e+01
4.933507537841796875e+01
4.995998382568359375e+01
5.058489227294921875e+01
5.120980072021484375e+01
5.183470916748046875e+01
5.245961761474609375e+01
5.308452224731445312e+01
5.370943069458007812e+01
5.433433914184570312e+01
5.495924758911132812e+01
5.558415603637695312e+01
5.620906066894531250e+01
4.759118652343750000e+01
4.806060028076171875e+01
4.853002166748046875e+01
4.899943923950195312e+01
4.946885681152343750e+01
4.993827819824218750e+01
5.040769577026367188e+01
5.087711334228515625e+01
5.134653472900390625e+01
5.181595230102539062e+01
5.228536987304687500e+01
5.275479125976562500e+01
6.462783813476562500e+01
6.519701385498046875e+01
6.576618957519531250e+01
6.633536529541015625e+01
6.690454864501953125e+01
6.747372436523437500e+01
6.804290008544921875e+01
6.861207580566406250e+01
6.918125915527343750e+01
6.975043487548828125e+01
7.031961059570312500e+01
7.088879394531250000e+01
7.560531616210937500e+01
7.628964233398437500e+01
7.697396087646484375e+01
7.765827941894531250e+01
7.834260559082031250e+01
7.902692413330078125e+01
7.971124267578125000e+01
8.039556884765625000e+01
8.107988739013671875e+01
8.176420593261718750e+01
8.244853210449218750e+01
8.313285064697265625e+01
7.858412170410156250e+01
7.923638916015625000e+01
7.988865661621093750e+01
8.054092407226562500e+01
8.119319152832031250e+01
8.184545898437500000e+01
8.249772644042968750e+01
8.314999389648437500e+01
8.380226135253906250e+01
8.445452880859375000e+01
8.510679626464843750e+01
8.575906372070312500e+01
5.325296783447265625e+01
5.394445419311523438e+01
5.463594055175781250e+01
5.532743072509765625e+01
5.601892089843750000e+01
5.671040725708007812e+01
5.740189743041992188e+01
5.809338378906250000e+01
5.878487396240234375e+01
5.947636413574218750e+01
6.016785049438476562e+01
6.085933685302734375e+01
8.173435974121093750e+01
8.240343475341796875e+01
8.307250976562500000e+01
8.374159240722656250e+01
8.441065979003906250e+01
8.507974243164062500e+01
8.574880981445312500e+01
8.641789245605468750e+01
8.708696746826171875e+01
8.775604248046875000e+01
8.842511749267578125e+01
8.909419250488281250e+01
4.532374572753906250e+01
4.583357238769531250e+01
4.634340667724609375e+01
4.685323715209960938e+01
4.736306762695312500e+01
4.787290191650390625e+01
4.838272857666015625e+01
4.889256286621093750e+01
4.940239334106445312e+01
4.991222381591796875e+01
5.042205810546875000e+01
5.093188858032226562e+01
6.629005432128906250e+01
6.662306213378906250e+01
6.695606994628906250e+01
6.728907775878906250e+01
6.762208557128906250e+01
6.795509338378906250e+01
6.828810119628906250e+01
6.862110900878906250e+01
6.895411682128906250e+01
6.928712463378906250e+01
6.962013244628906250e+01
6.995314025878906250e+01
9.163657379150390625e+01
9.186449432373046875e+01
9.209241485595703125e+01
9.232033538818359375e+01
9.254825592041015625e+01
9.277617645263671875e+01
9.300409698486328125e+01
9.323201751708984375e+01
9.345993804931640625e+01
9.368785858154296875e+01
9.391577911376953125e+01
9.414369964599609375e+01
8.257277679443359375e+01
8.305855560302734375e+01
8.354433441162109375e+01
8.403011322021484375e+01
8.451589202880859375e+01
8.500167083740234375e+01
8.548744201660156250e+01
8.597322082519531250e+01
8.645899963378906250e+01
8.694477844238281250e+01
8.743055725097656250e+01
8.791633605957031250e+01
7.227003479003906250e+01
7.280712890625000000e+01
7.334423065185546875e+01
7.388133239746093750e+01
7.441843414306640625e+01
7.495553588867187500e+01
7.549263763427734375e+01
7.602973937988281250e+01
7.656683349609375000e+01
7.710393524169921875e+01
7.764103698730468750e+01
7.817813873291015625e+01
4.955418395996093750e+01
5.001010894775390625e+01
5.046604156494140625e+01
5.092196655273437500e+01
5.137789535522460938e+01
5.183382415771484375e+01
5.228974914550781250e+01
5.274568176269531250e+01
5.320160675048828125e+01
5.365753555297851562e+01
5.411346435546875000e+01
5.456938934326171875e+01
7.205272674560546875e+01
7.257923126220703125e+01
7.310572814941406250e+01
7.363223266601562500e+01
7.415873718261718750e+01
7.468524169921875000e+01
7.521174621582031250e+01
7.573824310302734375e+01
7.626474761962890625e+01
7.679125213623046875e+01
7.731774902343750000e+01
7.784425354003906250e+01
8.495242309570312500e+01
8.550397491455078125e+01
8.605552673339843750e+01
8.660707855224609375e+01
8.715863037109375000e+01
8.771018218994140625e+01
8.826173400878906250e+01
8.881329345703125000e+01
8.936483764648437500e+01
8.991639709472656250e+01
9.046794128417968750e+01
9.101950073242187500e+01
7.992546844482421875e+01
8.033283233642578125e+01
8.074019622802734375e+01
8.114756011962890625e+01
8.155492401123046875e+01
8.196228790283203125e+01
8.236965179443359375e+01
8.277701568603515625e+01
8.318437957763671875e+01
8.359174346923828125e+01
8.399910736083984375e+01
8.440647125244140625e+01
5.965798187255859375e+01
6.006299591064453125e+01
6.046800613403320312e+01
6.087302017211914062e+01
6.127803039550781250e+01
6.168304443359375000e+01
6.208805465698242188e+01
6.249306488037109375e+01
6.289807891845703125e+01
6.330308914184570312e+01
6.370810317993164062e+01
6.411311340332031250e+01
7.741572570800781250e+01
7.797089385986328125e+01
7.852606964111328125e+01
7.908124542236328125e+01
7.963641357421875000e+01
8.019158935546875000e+01
8.074675750732421875e+01
8.130193328857421875e+01
8.185710906982421875e+01
8.241227722167968750e+01
8.296745300292968750e+01
8.352262115478515625e+01
5.631104660034179688e+01
5.690626525878906250e+01
5.750148773193359375e+01
5.809670639038085938e+01
5.869192504882812500e+01
5.928714370727539062e+01
5.988236236572265625e+01
6.047758483886718750e+01
6.107280349731445312e+01
6.166802215576171875e+01
6.226324081420898438e+01
6.285846328735351562e+01
7.870474243164062500e+01
7.923007202148437500e+01
7.975539398193359375e+01
8.028072357177734375e+01
8.080604553222656250e+01
8.133137512207031250e+01
8.185670471191406250e+01
8.238202667236328125e+01
8.290735626220703125e+01
8.343267822265625000e+01
8.395800781250000000e+01
8.448333740234375000e+01
6.191124343872070312e+01
6.251826858520507812e+01
6.312529373168945312e+01
6.373232269287109375e+01
6.433934783935546875e+01
6.494637298583984375e+01
6.555339813232421875e+01
6.616043090820312500e+01
6.676745605468750000e+01
6.737448120117187500e+01
6.798150634765625000e+01
6.858853149414062500e+01
7.175916290283203125e+01
7.231333923339843750e+01
7.286751556396484375e+01
7.342169952392578125e+01
7.397587585449218750e+01
7.453005218505859375e+01
7.508422851562500000e+01
7.563840484619140625e+01
7.619258117675781250e+01
7.674676513671875000e+01
7.730094146728515625e+01
7.785511779785156250e+01
8.906101989746093750e+01
8.954911804199218750e+01
9.003721618652343750e+01
9.052531433105468750e+01
9.101341247558593750e+01
9.150151062011718750e+01
9.198960876464843750e+01
9.247770690917968750e+01
9.296580505371093750e+01
9.345390319824218750e+01
9.394200134277343750e+01
9.443009948730468750e+01
8.943367767333984375e+01
8.975357055664062500e+01
9.007346343994140625e+01
9.039335632324218750e+01
9.071324157714843750e+01
9.103314208984375000e+01
9.135302734375000000e+01
9.167292022705078125e+01
9.199281311035156250e+01
9.231270599365234375e+01
9.263259887695312500e+01
9.295249176025390625e+01
6.612609100341796875e+01
6.650462341308593750e+01
6.688316345214843750e+01
6.726169586181640625e+01
6.764022827148437500e+01
6.801876831054687500e+01
6.839730072021484375e+01
6.877583312988281250e+01
6.915437316894531250e+01
6.953290557861328125e+01
6.991143798828125000e+01
7.028997802734375000e+01
6.014269638061523438e+01
6.054360961914062500e+01
6.094451904296875000e+01
6.134543228149414062e+01
6.174634552001953125e+01
6.214725494384765625e+01
6.254816818237304688e+01
6.294908142089843750e+01
6.334999084472656250e+01
6.375090408325195312e+01
6.415181732177734375e+01
6.455272674560546875e+01
6.684020996093750000e+01
6.729214477539062500e+01
6.774407958984375000e+01
6.819601440429687500e+01
6.864795684814453125e+01
6.909989166259765625e+01
6.955182647705078125e+01
7.000376892089843750e+01
7.045570373535156250e+01
7.090763854980468750e+01
7.135957336425781250e+01
7.181151580810546875e+01
7.307081604003906250e+01
7.382010650634765625e+01
7.456939697265625000e+01
7.531868743896484375e+01
7.606797790527343750e+01
7.681726837158203125e+01
7.756655883789062500e+01
7.831584930419921875e+01
7.906513977050781250e+01
7.981443023681640625e+01
8.056372070312500000e+01
8.131301116943359375e+01
4.421991729736328125e+01
4.449961471557617188e+01
4.477931213378906250e+01
4.505901336669921875e+01
4.533871078491210938e+01
4.561840820312500000e+01
4.589810943603515625e+01
4.617780685424804688e+01
4.645750427246093750e+01
4.673720550537109375e+01
4.701690292358398438e+01
4.729660034179687500e+01
4.273437500000000000e+01
4.305215454101562500e+01
4.336993408203125000e+01
4.368771362304687500e+01
4.400549316406250000e+01
4.432326889038085938e+01
4.464104843139648438e+01
4.495882415771484375e+01
4.527660369873046875e+01
4.559438323974609375e+01
4.591216278076171875e+01
4.622994232177734375e+01
6.311196899414062500e+01
6.352256774902343750e+01
6.393316268920898438e+01
6.434375762939453125e+01
6.475435638427734375e+01
6.516494750976562500e+01
6.557554626464843750e+01
6.598613739013671875e+01
6.639673614501953125e+01
6.680733489990234375e+01
6.721792602539062500e+01
6.762852478027343750e+01
8.234960174560546875e+01
8.314685821533203125e+01
8.394411468505859375e+01
8.474137115478515625e+01
8.553861999511718750e+01
8.633587646484375000e+01
8.713313293457031250e+01
8.793038940429687500e+01
8.872764587402343750e+01
8.952490234375000000e+01
9.032215881347656250e+01
9.111941528320312500e+01
7.391931915283203125e+01
7.447306823730468750e+01
7.502682495117187500e+01
7.558057403564453125e+01
7.613432312011718750e+01
7.668807220458984375e+01
7.724182128906250000e+01
7.779557037353515625e+01
7.834931945800781250e+01
7.890306854248046875e+01
7.945681762695312500e+01
8.001057434082031250e+01
6.026219177246093750e+01
6.064402770996093750e+01
6.102586364746093750e+01
6.140769958496093750e+01
6.178953552246093750e+01
6.217137145996093750e+01
6.255321121215820312e+01
6.293504714965820312e+01
6.331687927246093750e+01
6.369871520996093750e+01
6.408055114746093750e+01
6.446238708496093750e+01
5.763083648681640625e+01
5.822433853149414062e+01
5.881784057617187500e+01
5.941134262084960938e+01
6.000484466552734375e+01
6.059834289550781250e+01
6.119184494018554688e+01
6.178534698486328125e+01
6.237884902954101562e+01
6.297235107421875000e+01
6.356585311889648438e+01
6.415935516357421875e+01
5.523294830322265625e+01
5.606454467773437500e+01
5.689614486694335938e+01
5.772774505615234375e+01
5.855934524536132812e+01
5.939094543457031250e+01
6.022254562377929688e+01
6.105414581298828125e+01
6.188574218750000000e+01
6.271734619140625000e+01
6.354894256591796875e+01
6.438054656982421875e+01
4.846183776855468750e+01
4.908772277832031250e+01
4.971361541748046875e+01
5.033950042724609375e+01
5.096539306640625000e+01
5.159127807617187500e+01
5.221717071533203125e+01
5.284305572509765625e+01
5.346894454956054688e+01
5.409483337402343750e+01
5.472072219848632812e+01
5.534661102294921875e+01
8.855467224121093750e+01
8.901774597167968750e+01
8.948083496093750000e+01
8.994390869140625000e+01
9.040699768066406250e+01
9.087007141113281250e+01
9.133315277099609375e+01
9.179623413085937500e+01
9.225931549072265625e+01
9.272239685058593750e+01
9.318547821044921875e+01
9.364855957031250000e+01
6.603331756591796875e+01
6.664389038085937500e+01
6.725445556640625000e+01
6.786502838134765625e+01
6.847560119628906250e+01
6.908617401123046875e+01
6.969674682617187500e+01
7.030731201171875000e+01
7.091788482666015625e+01
7.152845764160156250e+01
7.213903045654296875e+01
7.274959564208984375e+01
7.430216979980468750e+01
7.488131713867187500e+01
7.546046447753906250e+01
7.603960418701171875e+01
7.661875152587890625e+01
7.719789886474609375e+01
7.777704620361328125e+01
7.835619354248046875e+01
7.893534088134765625e+01
7.951448822021484375e+01
8.009363555908203125e+01
8.067278289794921875e+01
5.934066772460937500e+01
5.988034057617187500e+01
6.042001342773437500e+01
6.095968627929687500e+01
6.149935913085937500e+01
6.203903198242187500e+01
6.257870483398437500e+01
6.311837768554687500e+01
6.365805053710937500e+01
6.419772338867187500e+01
6.473739624023437500e+01
6.527706909179687500e+01
7.147650909423828125e+01
7.199388122558593750e+01
7.251125335693359375e+01
7.302862548828125000e+01
7.354599761962890625e+01
7.406336975097656250e+01
7.458074188232421875e+01
7.509811401367187500e+01
7.561548614501953125e+01
7.613285827636718750e+01
7.665023803710937500e+01
7.716761016845703125e+01
6.446015167236328125e+01
6.493508148193359375e+01
6.541001129150390625e+01
6.588494110107421875e+01
6.635986328125000000e+01
6.683479309082031250e+01
6.730972290039062500e+01
6.778465270996093750e+01
6.825958251953125000e+01
6.873451232910156250e+01
6.920944213867187500e+01
6.968437194824218750e+01
6.837686157226562500e+01
6.889186859130859375e+01
6.940686798095703125e+01
6.992187500000000000e+01
7.043687438964843750e+01
7.095188140869140625e+01
7.146688842773437500e+01
7.198188781738281250e+01
7.249689483642578125e+01
7.301189422607421875e+01
7.352690124511718750e+01
7.404190063476562500e+01
7.889240264892578125e+01
7.930738067626953125e+01
7.972236633300781250e+01
8.013735198974609375e+01
8.055233001708984375e+01
8.096731567382812500e+01
8.138229370117187500e+01
8.179727935791015625e+01
8.221226501464843750e+01
8.262724304199218750e+01
8.304222869873046875e+01
8.345720672607421875e+01
8.048802185058593750e+01
8.108197021484375000e+01
8.167591094970703125e+01
8.226985931396484375e+01
8.286380004882812500e+01
8.345774841308593750e+01
8.405168914794921875e+01
8.464562988281250000e+01
8.523957824707031250e+01
8.583351898193359375e+01
8.642746734619140625e+01
8.702140808105468750e+01
9.219490051269531250e+01
9.255493164062500000e+01
9.291495513916015625e+01
9.327497863769531250e+01
9.363500976562500000e+01
9.399503326416015625e+01
9.435505676269531250e+01
9.471508789062500000e+01
9.507511138916015625e+01
9.543513488769531250e+01
9.579515838623046875e+01
9.615518951416015625e+01
8.556645202636718750e+01
8.609519958496093750e+01
8.662395477294921875e+01
8.715270996093750000e+01
8.768145751953125000e+01
8.821021270751953125e+01
8.873896026611328125e+01
8.926771545410156250e+01
8.979646301269531250e+01
9.032521820068359375e+01
9.085397338867187500e+01
9.138272094726562500e+01
6.560305023193359375e+01
6.603277587890625000e+01
6.646250152587890625e+01
6.689222717285156250e+01
6.732195281982421875e+01
6.775167846679687500e+01
6.818140411376953125e+01
6.861113739013671875e+01
6.904086303710937500e+01
6.947058868408203125e+01
6.990031433105468750e+01
7.033003997802734375e+01
6.310742950439453125e+01
6.377671051025390625e+01
6.444599151611328125e+01
6.511527252197265625e+01
6.578455352783203125e+01
6.645382690429687500e+01
6.712310791015625000e+01
6.779238891601562500e+01
6.846166992187500000e+01
6.913095092773437500e+01
6.980023193359375000e+01
7.046951293945312500e+01
7.395369720458984375e+01
7.460823822021484375e+01
7.526277160644531250e+01
7.591731262207031250e+01
7.657184600830078125e+01
7.722638702392578125e+01
7.788092803955078125e+01
7.853546142578125000e+01
7.919000244140625000e+01
7.984453582763671875e+01
8.049907684326171875e+01
8.115361022949218750e+01
5.058704757690429688e+01
5.118473434448242188e+01
5.178242111206054688e+01
5.238010787963867188e+01
5.297779464721679688e+01
5.357548141479492188e+01
5.417317199707031250e+01
5.477085876464843750e+01
5.536854553222656250e+01
5.596623229980468750e+01
5.656391906738281250e+01
5.716160583496093750e+01
6.203060150146484375e+01
6.257917022705078125e+01
6.312773895263671875e+01
6.367631149291992188e+01
6.422488403320312500e+01
6.477345275878906250e+01
6.532202148437500000e+01
6.587059020996093750e+01
6.641915893554687500e+01
6.696772766113281250e+01
6.751629638671875000e+01
6.806487274169921875e+01
6.882065582275390625e+01
6.917726898193359375e+01
6.953387451171875000e+01
6.989048004150390625e+01
7.024708557128906250e+01
7.060369873046875000e+01
7.096030426025390625e+01
7.131690979003906250e+01
7.167351531982421875e+01
7.203012847900390625e+01
7.238673400878906250e+01
7.274333953857421875e+01
6.293792724609375000e+01
6.358813476562500000e+01
6.423833465576171875e+01
6.488854217529296875e+01
6.553874206542968750e+01
6.618894958496093750e+01
6.683915710449218750e+01
6.748936462402343750e+01
6.813956451416015625e+01
6.878977203369140625e+01
6.943997955322265625e+01
7.009018707275390625e+01
8.141537475585937500e+01
8.189404296875000000e+01
8.237271118164062500e+01
8.285137176513671875e+01
8.333003997802734375e+01
8.380870819091796875e+01
8.428737640380859375e+01
8.476604461669921875e+01
8.524471282958984375e+01
8.572338104248046875e+01
8.620204925537109375e+01
8.668070983886718750e+01
7.154048919677734375e+01
7.179175567626953125e+01
7.204302978515625000e+01
7.229430389404296875e+01
7.254557800292968750e+01
7.279685211181640625e+01
7.304812622070312500e+01
7.329940032958984375e+01
7.355067443847656250e+01
7.380194854736328125e+01
7.405321502685546875e+01
7.430448913574218750e+01
6.428070068359375000e+01
6.477991485595703125e+01
6.527913665771484375e+01
6.577835083007812500e+01
6.627756500244140625e+01
6.677678680419921875e+01
6.727600097656250000e+01
6.777522277832031250e+01
6.827443695068359375e+01
6.877365112304687500e+01
6.927287292480468750e+01
6.977208709716796875e+01
6.985684204101562500e+01
7.049959564208984375e+01
7.114235687255859375e+01
7.178511047363281250e+01
7.242787170410156250e+01
7.307062530517578125e+01
7.371338653564453125e+01
7.435614013671875000e+01
7.499890136718750000e+01
7.564165496826171875e+01
7.628441619873046875e+01
7.692716979980468750e+01
5.581614685058593750e+01
5.651010513305664062e+01
5.720406341552734375e+01
5.789802169799804688e+01
5.859197998046875000e+01
5.928593444824218750e+01
5.997989273071289062e+01
6.067385101318359375e+01
6.136780929565429688e+01
6.206176757812500000e+01
6.275572204589843750e+01
6.344968032836914062e+01
5.669902801513671875e+01
5.730097961425781250e+01
5.790292739868164062e+01
5.850487518310546875e+01
5.910682678222656250e+01
5.970877456665039062e+01
6.031072616577148438e+01
6.091267395019531250e+01
6.151462554931640625e+01
6.211657333374023438e+01
6.271852111816406250e+01
6.332047271728515625e+01
4.693206024169921875e+01
4.744788360595703125e+01
4.796370697021484375e+01
4.847952651977539062e+01
4.899534988403320312e+01
4.951116943359375000e+01
5.002699279785156250e+01
5.054281616210937500e+01
5.105863571166992188e+01
5.157445526123046875e+01
5.209027862548828125e+01
5.260610198974609375e+01
7.326780700683593750e+01
7.384756469726562500e+01
7.442731475830078125e+01
7.500706481933593750e+01
7.558682250976562500e+01
7.616657257080078125e+01
7.674632263183593750e+01
7.732608032226562500e+01
7.790583038330078125e+01
7.848558044433593750e+01
7.906533813476562500e+01
7.964508819580078125e+01
6.182131195068359375e+01
6.232139587402343750e+01
6.282147598266601562e+01
6.332155990600585938e+01
6.382164001464843750e+01
6.432172393798828125e+01
6.482180786132812500e+01
6.532188415527343750e+01
6.582196807861328125e+01
6.632205200195312500e+01
6.682213592529296875e+01
6.732221221923828125e+01
6.624620819091796875e+01
6.677378082275390625e+01
6.730134582519531250e+01
6.782891082763671875e+01
6.835648345947265625e+01
6.888404846191406250e+01
6.941161346435546875e+01
6.993918609619140625e+01
7.046675109863281250e+01
7.099431610107421875e+01
7.152188873291015625e+01
7.204945373535156250e+01
8.639907836914062500e+01
8.694286346435546875e+01
8.748665618896484375e+01
8.803044128417968750e+01
8.857423400878906250e+01
8.911801910400390625e+01
8.966180419921875000e+01
9.020559692382812500e+01
9.074938201904296875e+01
9.129317474365234375e+01
9.183695983886718750e+01
9.238075256347656250e+01
9.049153900146484375e+01
9.099221038818359375e+01
9.149288940429687500e+01
9.199356079101562500e+01
9.249423980712890625e+01
9.299491882324218750e+01
9.349559020996093750e+01
9.399626922607421875e+01
9.449694824218750000e+01
9.499761962890625000e+01
9.549829864501953125e+01
9.599897003173828125e+01
8.164351654052734375e+01
8.205097961425781250e+01
8.245843505859375000e+01
8.286589813232421875e+01
8.327336120605468750e+01
8.368082427978515625e+01
8.408827972412109375e+01
8.449574279785156250e+01
8.490320587158203125e+01
8.531066894531250000e+01
8.571812438964843750e+01
8.612558746337890625e+01
7.101409912109375000e+01
7.153588104248046875e+01
7.205766296386718750e+01
7.257944488525390625e+01
7.310121917724609375e+01
7.362300109863281250e+01
7.414478302001953125e+01
7.466656494140625000e+01
7.518834686279296875e+01
7.571012878417968750e+01
7.623190307617187500e+01
7.675368499755859375e+01
