0.131201 0.069323
0.134074 0.071656
0.136926 0.074003
0.141308 0.077474
0.146630 0.081708
0.151356 0.085587
0.154176 0.088076
0.157054 0.090633
0.162163 0.094981
0.167615 0.099694
0.171624 0.103309
0.174374 0.105922
0.177486 0.108855
0.182813 0.113717
0.188120 0.118637
0.191174 0.121641
0.193768 0.124256
0.197345 0.127761
0.202428 0.132657
0.207341 0.137439
0.209603 0.139824
0.211707 0.142059
0.215523 0.145876
0.220247 0.150537
0.223973 0.154275
0.225564 0.156028
0.227107 0.157722
0.231060 0.161626
0.235059 0.165532
0.237380 0.167877
0.238275 0.168927
0.239642 0.170376
0.243017 0.173565
0.246286 0.176575
0.247106 0.177476
0.247369 0.177893
0.248750 0.179215
0.251495 0.181591
0.253772 0.183492
0.253734 0.183622
0.253710 0.183754
0.255418 0.185138
0.257818 0.186942
0.259459 0.188162
0.259489 0.188304
0.259654 0.188529
0.262366 0.190353
0.265311 0.192204
0.266856 0.193207
0.267806 0.193862
0.269490 0.194910
0.273384 0.197099
0.277478 0.199321
0.279849 0.200643
0.282261 0.201988
0.286207 0.204005
0.291687 0.206707
0.297208 0.209390
0.301126 0.211324
0.305255 0.213349
0.311696 0.216347
0.319094 0.219746
0.325947 0.222909
0.331583 0.225568
0.337732 0.228428
0.346600 0.232448
0.355785 0.236653
0.363566 0.240277
0.370845 0.243712
0.379014 0.247564
0.389266 0.252358
0.399451 0.257194
0.407854 0.261250
0.416323 0.265379
0.426078 0.270148
0.436704 0.275309
0.447094 0.280444
0.456026 0.284914
0.465125 0.289511
0.475449 0.294721
0.485920 0.300065
0.495925 0.305236
0.504999 0.309993
0.514146 0.314868
0.524080 0.320158
0.533842 0.325471
0.542964 0.330518
0.551662 0.335418
0.560479 0.340472
0.569649 0.345815
0.578407 0.351046
0.586435 0.355939
0.594266 0.360830
0.602256 0.365931
0.610146 0.371100
0.617625 0.376144
0.624988 0.381241
0.632104 0.386328
0.639244 0.391585
0.646050 0.396772
0.652618 0.401950
0.658923 0.407091
0.665226 0.412436
0.671439 0.417899
0.677432 0.423397
0.683229 0.428923
0.689030 0.434708
0.694638 0.440553
0.700034 0.446423
0.705445 0.452619
0.710607 0.458789
0.715677 0.465182
0.720605 0.471689
0.725465 0.478470
0.730253 0.485541
0.734708 0.492453
0.738997 0.499460
0.743426 0.507181
0.747656 0.515025
0.751634 0.522853
0.755466 0.530820
0.759097 0.538876
0.762638 0.547251
0.766208 0.556398
0.769301 0.564717
0.772185 0.572975
0.775182 0.582318
0.778019 0.591814
0.780628 0.601199
0.783163 0.611016
0.785452 0.620592
0.787543 0.629715
0.789594 0.639466
0.791478 0.648980
0.793186 0.658030
0.794766 0.666854
0.796331 0.676046
0.797836 0.685455
0.799213 0.693967
0.800377 0.701268
0.801469 0.708225
0.802707 0.716512
0.803849 0.723796
0.804766 0.729555
0.805615 0.734849
0.806458 0.740222
0.807388 0.745780
0.808240 0.750857
0.808848 0.754384
0.809448 0.757854
0.810107 0.761582
0.810776 0.765259
0.811223 0.767773
0.811570 0.769818
0.811788 0.771303
0.812199 0.773643
0.812640 0.776118
0.812974 0.777989
0.812966 0.778697
0.813036 0.779744
0.813504 0.782218
0.814118 0.784943
0.814217 0.786110
0.814228 0.787052
0.814669 0.789300
0.815390 0.792177
0.816098 0.794980
0.816512 0.797049
0.816724 0.798558
0.817747 0.802026
0.819178 0.806324
0.820206 0.809668
0.820851 0.812116
0.821604 0.814822
0.823367 0.819563
0.825270 0.824495
0.826886 0.828819
0.827964 0.832099
0.829493 0.836223
0.832198 0.842503
0.834817 0.848589
0.836700 0.853350
0.838559 0.858107
0.841182 0.864223
0.844399 0.871507
0.847582 0.878831
0.848948 0.882904
0.850533 0.887398
0.854066 0.895726
0.857063 0.903256
0.859500 0.909928
0.861651 0.916137
0.863941 0.922896
0.866573 0.930693
0.868925 0.938222
0.871011 0.945472
0.872756 0.952219
0.874584 0.959564
0.876429 0.967431
0.878096 0.975326
