0.031120 0.278243
0.034062 0.282589
0.037036 0.286943
0.039686 0.290878
0.042144 0.294548
0.044766 0.298405
0.047850 0.302820
0.050939 0.307222
0.053535 0.310999
0.056069 0.314686
0.058947 0.318784
0.062118 0.323225
0.065219 0.327579
0.067820 0.331309
0.070427 0.335041
0.073543 0.339389
0.076756 0.343855
0.079738 0.348040
0.082368 0.351797
0.085019 0.355584
0.088248 0.360087
0.091487 0.364618
0.094310 0.368652
0.096895 0.372404
0.099663 0.376399
0.102878 0.380992
0.106052 0.385569
0.108632 0.389418
0.111143 0.393204
0.113982 0.397468
0.117078 0.402120
0.120003 0.406608
0.122410 0.410447
0.124774 0.414282
0.127623 0.418858
0.130528 0.423606
0.133116 0.427987
0.135341 0.431893
0.137615 0.435974
0.140342 0.440843
0.143008 0.445751
0.145260 0.450094
0.147333 0.454239
0.149541 0.458720
0.152051 0.463878
0.154504 0.469102
0.156454 0.473484
0.158365 0.477937
0.160546 0.483053
0.162832 0.488563
0.164992 0.493977
0.166800 0.498745
0.168611 0.503640
0.170720 0.509396
0.172838 0.515332
0.174749 0.520948
0.176483 0.526204
0.178257 0.531672
0.180271 0.537943
0.182284 0.544341
0.184047 0.550128
0.185744 0.555786
0.187550 0.561830
0.189533 0.568444
0.191495 0.575088
0.193209 0.580966
0.194949 0.586884
0.196886 0.593392
0.198930 0.600166
0.200941 0.606747
0.202790 0.612759
0.204717 0.618856
0.206895 0.625564
0.209145 0.632278
0.211330 0.638566
0.213488 0.644711
0.215758 0.650861
0.218283 0.657440
0.220892 0.663928
0.223427 0.670012
0.226036 0.675990
0.228802 0.682040
0.231804 0.688291
0.234901 0.694366
0.237978 0.700227
0.241176 0.705960
0.244585 0.711768
0.248180 0.717573
0.251855 0.723200
0.255544 0.728576
0.259418 0.733916
0.263552 0.739333
0.267839 0.744644
0.272173 0.749741
0.276618 0.754701
0.281268 0.759618
0.286032 0.764408
0.290960 0.769101
0.295948 0.773624
0.301129 0.778084
0.306472 0.782458
0.311980 0.786747
0.317563 0.790885
0.323240 0.794904
0.329073 0.798838
0.335050 0.802694
0.341069 0.806403
0.347225 0.810036
0.353527 0.813606
0.359850 0.817035
0.366330 0.820427
0.372932 0.823752
0.379515 0.826944
0.386188 0.830076
0.392886 0.833119
0.399834 0.836196
0.406748 0.839161
0.413561 0.842019
0.420446 0.844840
0.427497 0.847678
0.434445 0.850429
0.441504 0.853180
0.448503 0.855890
0.455323 0.858498
0.462405 0.861211
0.469512 0.863925
0.476308 0.866525
0.483042 0.869122
0.489781 0.871736
0.496347 0.874331
0.502984 0.876978
0.509493 0.879645
0.515826 0.882289
0.522095 0.884970
0.528321 0.887713
0.534451 0.890483
0.540329 0.893244
0.546059 0.896011
0.551651 0.898829
0.557343 0.901787
0.562896 0.904780
0.568033 0.907673
0.573035 0.910612
0.578157 0.913725
0.583151 0.916880
0.587965 0.920043
0.592421 0.923128
0.596814 0.926273
0.601291 0.929589
0.605589 0.932900
0.609649 0.936166
0.613544 0.939423
0.617495 0.942823
0.621381 0.946283
0.625235 0.949821
0.628794 0.953234
0.632257 0.956654
0.635641 0.960109
0.639196 0.963790
0.642606 0.967434
0.645715 0.970893
0.648634 0.974258
0.651834 0.977942
0.655030 0.981693
0.657991 0.985285
0.660725 0.988721
0.663495 0.992239
0.666416 0.995957
0.669334 0.999726
0.671941 1.003223
0.674404 1.006611
0.677065 1.010237
0.679773 1.013956
0.682473 1.017697
0.684845 1.021121
0.687190 1.024540
0.689619 1.028076
0.692186 1.031788
0.694617 1.035376
0.696743 1.038649
0.698894 1.041967
0.701201 1.045477
0.703536 1.049034
0.705596 1.052304
0.707554 1.055469
0.709502 1.058634
0.711822 1.062240
0.713973 1.065672
0.715750 1.068684
0.717593 1.071783
0.719542 1.075011
0.721408 1.078164
0.723243 1.081287
0.724955 1.084278
0.726664 1.087274
0.728362 1.090267
0.730066 1.093276
0.731687 1.096197
0.733232 1.099035
0.734742 1.101838
