0.120488
0.169195
1.231591
0.249993
0.220058
2.364247
0.220000
0.517311
0.119933
0.116454
0.263695
0.147006
0.217810
0.443043
0.154085
0.605699
0.174793
0.332347
0.251448
0.390477
0.371588
0.308579
0.163512
0.108667
0.127935
0.403642
0.163755
0.232913
0.238293
0.251339
1.743582
0.484900
1.169860
1.463293
1.569600
0.135924
0.164366
1.331408
0.123506
0.229048
1.018253
1.496435
1.489590
0.639752
1.668789
1.340308
2.052071
1.372322
0.236573
0.447012
1.048171
0.163722
0.174021
1.226276
0.151351
0.244294
0.200413
0.077115
0.631042
0.217373
0.209951
0.981936
0.146279
0.107163
0.166375
1.534191
0.305935
0.216616
1.004179
0.194306
0.897732
0.132311
1.387375
0.176332
0.147005
0.417932
0.376089
0.547704
0.777609
0.140785
0.291700
0.307523
0.457870
0.578499
0.190058
1.323627
0.308718
0.317627
0.622848
0.131910
1.366482
0.229074
0.138768
0.238514
0.167194
0.314005
0.231616
0.223271
0.224983
0.196581
0.284428
0.261989
0.216422
0.194496
0.322880
0.524355
0.171411
0.301217
0.180242
1.450143
1.294584
1.243477
0.137077
1.218892
0.104640
0.352059
2.002856
0.454541
0.402901
0.184821
0.611181
0.133872
0.582763
0.143527
1.199575
0.286848
0.264990
0.155338
0.156429
1.213098
0.208430
0.136015
0.305196
1.310743
0.113586
0.126060
0.434216
0.690915
0.286656
0.920860
0.425871
0.472480
0.336143
0.399835
0.737909
0.482623
1.542089
1.526275
1.200643
0.170240
1.416060
0.124082
0.734987
0.348338
0.289679
0.167231
1.416857
1.445230
0.887933
0.316100
0.205077
0.284263
0.686603
0.321052
0.345740
0.082890
0.889924
0.105071
0.099477
1.318389
1.521927
1.613123
0.125156
0.186324
0.336907
1.624869
0.132252
0.238283
1.100736
0.239998
0.256419
0.149182
1.070808
0.431937
0.176717
0.746748
0.211681
1.235721
0.290913
0.120749
0.988565
0.091603
0.146786
0.126564
0.366313
0.196176
0.348606
0.293549
0.657133
0.155561
