0.115101 0.120831
0.117797 0.123606
0.120480 0.126399
0.124261 0.130199
0.128706 0.134662
0.132723 0.138799
0.135393 0.141725
0.138108 0.144719
0.142401 0.149249
0.146933 0.154072
0.150457 0.157961
0.153105 0.161015
0.156018 0.164349
0.160485 0.169276
0.164946 0.174239
0.167852 0.177641
0.170450 0.180741
0.173750 0.184572
0.178118 0.189523
0.182389 0.194383
0.184833 0.197349
0.187187 0.200213
0.190768 0.204347
0.195020 0.209159
0.198605 0.213256
0.200711 0.215816
0.202811 0.218347
0.206670 0.222636
0.210612 0.226945
0.213391 0.230051
0.215170 0.232149
0.217328 0.234579
0.221014 0.238405
0.224682 0.242109
0.226568 0.244142
0.228069 0.245794
0.230455 0.248173
0.233933 0.251400
0.237110 0.254253
0.238525 0.255657
0.239975 0.257049
0.242818 0.259439
0.246250 0.262149
0.249109 0.264355
0.250694 0.265648
0.252394 0.266976
0.256170 0.269557
0.260158 0.272120
0.263005 0.273941
0.265359 0.275433
0.268307 0.277191
0.273068 0.279801
0.277980 0.282372
0.281452 0.284174
0.284932 0.285941
0.289661 0.288177
0.295621 0.290869
0.301581 0.293480
0.306192 0.295478
0.310944 0.297497
0.317556 0.300172
0.324910 0.303075
0.331779 0.305758
0.337621 0.308044
0.343854 0.310438
0.352253 0.313579
0.360870 0.316805
0.368322 0.319611
0.375343 0.322271
0.383053 0.325187
0.392411 0.328704
0.401687 0.332239
0.409512 0.335261
0.417368 0.338334
0.426223 0.341831
0.435766 0.345594
0.445087 0.349361
0.453226 0.352706
0.461474 0.356158
0.470677 0.360042
0.479973 0.364049
0.488878 0.367974
0.497029 0.371645
0.505212 0.375434
0.514027 0.379549
0.522685 0.383728
0.530832 0.387762
0.538637 0.391739
0.546537 0.395876
0.554722 0.400282
0.562579 0.404667
0.569861 0.408852
0.576986 0.413093
0.584244 0.417555
0.591425 0.422133
0.598274 0.426671
0.605029 0.431308
0.611578 0.435994
0.618142 0.440871
0.624422 0.445742
0.630497 0.450649
0.636340 0.455566
0.642159 0.460692
0.647884 0.465948
0.653402 0.471263
0.658734 0.476624
0.664034 0.482220
0.669144 0.487880
0.674050 0.493569
0.678924 0.499533
0.683565 0.505473
0.688091 0.511600
0.692462 0.517797
0.696735 0.524207
0.700907 0.530832
0.704786 0.537320
0.708496 0.543848
0.712263 0.550912
0.715838 0.558041
0.719187 0.565139
0.722394 0.572295
0.725413 0.579499
0.728334 0.586910
0.731233 0.594855
0.733771 0.602171
0.736132 0.609422
0.738539 0.617425
0.740808 0.625512
0.742895 0.633500
0.744912 0.641770
0.746732 0.649874
0.748413 0.657626
0.750042 0.665825
0.751543 0.673865
0.752912 0.681594
0.754179 0.689188
0.755427 0.697057
0.756618 0.705125
0.757727 0.712585
0.758677 0.719274
0.759572 0.725773
0.760565 0.733272
0.761504 0.740103
0.762285 0.745944
0.763025 0.751515
0.763768 0.757223
0.764598 0.763095
0.765386 0.768706
0.766016 0.773243
0.766663 0.777790
0.767379 0.782580
0.768132 0.787384
0.768746 0.791355
0.769310 0.795001
0.769801 0.798245
0.770476 0.802162
0.771211 0.806222
0.771885 0.809782
0.772308 0.812460
0.772821 0.815392
0.773700 0.819441
0.774718 0.823624
0.775327 0.826586
0.775880 0.829343
0.776819 0.833095
0.777990 0.837247
0.779160 0.841310
0.780095 0.844773
0.780852 0.847720
0.782273 0.852118
0.784003 0.857073
0.785396 0.861261
0.786459 0.864684
0.787596 0.868265
0.789476 0.873274
0.791416 0.878348
0.793103 0.882915
0.794370 0.886682
0.795927 0.890998
0.798258 0.896758
0.800468 0.902308
0.802136 0.906885
0.803757 0.911430
0.805817 0.916798
0.808204 0.922885
0.810512 0.928919
0.811670 0.932821
0.812925 0.936932
0.815322 0.943423
0.817357 0.949339
0.819038 0.954686
0.820515 0.959669
0.822060 0.964953
0.823788 0.970795
0.825344 0.976427
0.826742 0.981849
0.827939 0.986948
0.829193 0.992348
0.830473 0.998003
0.831670 1.003643
