-0.017146 0.347300
-0.013506 0.353204
-0.009813 0.359098
-0.007050 0.363613
-0.004852 0.367277
-0.002252 0.371482
0.001561 0.377350
0.005340 0.383122
0.007722 0.386929
0.009889 0.390422
0.012932 0.395105
0.016712 0.400771
0.020230 0.406087
0.022352 0.409484
0.024438 0.412833
0.027799 0.417936
0.031335 0.423307
0.034191 0.427771
0.036078 0.430902
0.037961 0.434048
0.041211 0.439178
0.044385 0.444289
0.046464 0.447861
0.047912 0.450526
0.049737 0.453792
0.052496 0.458623
0.055063 0.463297
0.056249 0.465770
0.057253 0.467959
0.058891 0.471336
0.060994 0.475689
0.062676 0.479442
0.063318 0.481217
0.063874 0.482845
0.065321 0.486430
0.066828 0.490374
0.067763 0.493153
0.068104 0.494487
0.068554 0.496163
0.069770 0.500006
0.070892 0.503885
0.071419 0.506076
0.071741 0.507632
0.072321 0.510113
0.073372 0.514539
0.074372 0.519168
0.074776 0.521348
0.075188 0.523691
0.076001 0.528067
0.076980 0.533687
0.077842 0.539090
0.078359 0.542575
0.078931 0.546511
0.079854 0.553180
0.080812 0.560532
0.081579 0.566894
0.082215 0.572217
0.082923 0.578269
0.083879 0.586911
0.084865 0.596003
0.085654 0.603170
0.086421 0.609949
0.087332 0.617954
0.088470 0.627762
0.089650 0.637545
0.090623 0.644928
0.091674 0.652420
0.093020 0.661652
0.094581 0.671610
0.096178 0.680907
0.097599 0.688456
0.099174 0.696229
0.101202 0.705699
0.103410 0.715127
0.105539 0.723368
0.107639 0.731052
0.109941 0.738821
0.112751 0.747744
0.115718 0.756423
0.118510 0.764022
0.121401 0.771385
0.124573 0.778984
0.128204 0.787161
0.131958 0.795005
0.135593 0.802240
0.139388 0.809306
0.143561 0.816658
0.148049 0.824105
0.152597 0.831216
0.157045 0.837806
0.161781 0.844442
0.167009 0.851397
0.172450 0.858224
0.177855 0.864650
0.183374 0.870873
0.189234 0.877131
0.195225 0.883205
0.201453 0.889178
0.207683 0.894857
0.214232 0.900508
0.221028 0.906063
0.228093 0.911527
0.235194 0.916716
0.242395 0.921709
0.249839 0.926580
0.257513 0.931332
0.265165 0.935805
0.273036 0.940149
0.281156 0.944385
0.289211 0.948338
0.297565 0.952224
0.306075 0.955947
0.314535 0.959446
0.323094 0.962788
0.331641 0.965938
0.340697 0.969106
0.349692 0.972078
0.358359 0.974804
0.367155 0.977429
0.376273 0.980021
0.385220 0.982469
0.394360 0.984849
0.403361 0.987117
0.411907 0.989180
0.421108 0.991353
0.430368 0.993472
0.438892 0.995375
0.447294 0.997226
0.455716 0.999045
0.463773 1.000794
0.471956 1.002531
0.480002 1.004293
0.487599 1.005951
0.495084 1.007607
0.502524 1.009294
0.509767 1.010963
0.516481 1.012580
0.522827 1.014131
0.529041 1.015758
0.535487 1.017484
0.541663 1.019211
0.546882 1.020750
0.551974 1.022361
0.557372 1.024123
0.562543 1.025899
0.567316 1.027617
0.571471 1.029264
0.575504 1.030918
0.579839 1.032766
0.583848 1.034576
0.587411 1.036297
0.590690 1.037974
0.594216 1.039829
0.597710 1.041751
0.601247 1.043776
0.604208 1.045603
0.606996 1.047394
0.609845 1.049311
0.613187 1.051544
0.616305 1.053732
0.618757 1.055594
0.620979 1.057397
0.623979 1.059701
0.627104 1.062149
0.629704 1.064315
0.631971 1.066330
0.634388 1.068473
0.637264 1.070958
0.640362 1.073665
0.642717 1.075886
0.644803 1.077947
0.647454 1.080435
0.650454 1.083228
0.653469 1.086061
0.655727 1.088356
0.657999 1.090683
0.660587 1.093269
0.663625 1.096225
0.666388 1.098991
0.668428 1.101213
0.670609 1.103556
0.673284 1.106300
0.676047 1.109121
0.678268 1.111539
0.680234 1.113753
0.682236 1.116002
0.685244 1.119064
0.687976 1.121928
0.689730 1.124006
0.691721 1.126276
0.693995 1.128774
0.696228 1.131263
0.698379 1.133682
0.700269 1.135895
0.702208 1.138148
0.704175 1.140433
0.706214 1.142780
0.708092 1.144999
0.709824 1.147102
0.711515 1.149172
