0.136237 0.016347 0.190534
0.114033 0.043330 0.162421
0.111188 0.043177 0.154372
0.129984 0.030744 0.175226
0.153755 0.062758 0.157032
0.140192 0.062270 0.161406
0.105921 0.052199 0.137836
0.031279 0.054881 0.162364
0.141536 0.056968 0.170719
0.212028 0.019113 0.216053
0.117112 0.013081 0.166601
0.050280 0.068778 0.134145
0.005884 0.076733 0.135646
0.000000 0.074622 0.140701
0.044734 0.053777 0.166856
0.541803 -0.401937 0.298359
0.543994 -0.378504 0.275056
0.059881 0.050255 0.173332
0.000000 0.068039 0.146727
0.016228 0.088107 0.137120
0.077204 0.072877 0.150885
0.188975 -0.038637 0.212602
0.245347 -0.008522 0.240116
0.140342 0.057515 0.192251
0.025530 0.052545 0.180664
0.103725 0.059849 0.156558
0.105359 0.052021 0.156775
0.112642 0.062641 0.140972
0.129466 0.044003 0.148238
0.127940 0.012440 0.189250
0.131133 0.003970 0.205123
