45.000010
45.263620
45.527230
45.790840
46.054450
46.318060
46.581670
46.845280
47.108889
47.372499
47.636109
47.899719
48.163329
48.426939
48.690549
48.954159
49.217769
49.481379
49.744989
50.008599
50.272209
50.535819
50.799429
51.063038
51.326648
51.590258
51.853868
52.117478
52.381088
52.644698
52.908308
53.171918
53.435528
53.699138
53.962748
54.226358
54.489968
54.753578
55.017188
55.280797
55.544407
55.808017
56.071627
56.335237
56.598847
56.862457
57.126067
57.389677
57.653287
57.916897
58.180507
58.444117
58.707727
58.971337
59.234946
59.498556
59.762166
60.025776
60.289386
60.552996
60.816606
61.080216
61.343826
61.607436
61.871046
62.134656
62.398266
62.661876
62.925486
63.189095
63.452705
63.716315
63.979925
64.243535
64.507145
64.770755
65.034365
65.297975
65.561585
65.825195
66.088805
66.352415
66.616025
66.879635
67.143244
67.406854
67.670464
67.934074
68.197684
68.461294
68.724904
68.988514
69.252124
69.515734
69.779344
70.042954
70.306564
70.570174
70.833784
71.097393
71.361003
71.624613
71.888223
72.151833
72.415443
72.679053
72.942663
73.206273
73.469883
73.733493
73.997103
74.260713
74.524323
74.787933
75.051543
75.315152
75.578762
75.842372
76.105982
76.369592
76.633202
76.896812
77.160422
77.424032
77.687642
77.951252
78.214862
78.478472
78.742082
79.005692
79.269301
79.532911
79.796521
80.060131
80.323741
80.587351
80.850961
81.114571
81.378181
81.641791
81.905401
82.169011
82.432621
82.696231
82.959841
83.223450
83.487060
83.750670
84.014280
84.277890
84.541500
84.805110
85.068720
85.332330
85.595940
85.859550
86.123160
86.386770
86.650380
86.913990
87.177599
87.441209
87.704819
87.968429
88.232039
88.495649
88.759259
89.022869
89.286479
89.550089
89.813699
90.077309
90.340919
90.604529
90.868139
91.131748
91.395358
91.658968
91.922578
92.186188
92.449798
92.713408
92.977018
93.240628
93.504238
93.767848
94.031458
94.295068
94.558678
94.822288
95.085898
95.349507
95.613117
95.876727
96.140337
96.403947
96.667557
96.931167
97.194777
97.458387
