-0.055014
-0.122092
-0.135698
0.273513
-0.322966
-0.443077
-0.031386
0.250180
-0.141277
0.257951
-0.175501
0.025428
-0.184953
0.133010
-0.178806
-0.068746
-0.245521
0.027990
-0.176620
-0.043401
0.318602
0.483582
-0.254351
0.239399
0.268528
-0.827489
-0.123346
0.225699
-0.105782
-0.196042
-0.281220
-0.093430
0.136882
0.034775
0.246057
0.165962
0.167831
0.026426
0.136794
0.390268
0.119725
0.102623
0.008964
0.052373
-0.157128
-0.280851
-0.119801
-0.189132
-0.147975
-0.054519
-0.139596
0.255401
0.289577
0.221414
-0.137106
-0.262981
-0.309544
0.126019
-0.189853
-0.134579
-0.104108
0.157134
-0.120833
0.258720
0.054694
0.055112
-0.079068
-0.017575
0.494523
0.101157
0.001295
0.184587
0.349811
-0.456705
0.333813
-0.777564
0.103484
-0.084683
0.120697
-0.111198
-0.275118
-0.361926
-0.001370
0.253029
0.111836
0.505507
-0.537890
-0.178301
-0.030876
0.354792
0.012955
-0.303198
0.349816
-0.370306
-0.047845
0.057778
-0.555807
0.042380
0.069154
0.340468
0.148203
0.413049
-0.163678
-0.119563
-0.146768
-0.008002
-0.315407
-0.364416
0.183076
0.092896
-0.096410
0.201865
0.213663
0.122767
0.250023
-0.471429
-0.316094
0.260559
0.074964
-0.201446
0.166450
-0.019804
0.355673
0.042729
0.083988
0.110201
0.132735
0.005619
-0.174937
0.083735
0.153680
0.222996
-0.063113
0.129585
0.313819
0.265845
0.324238
0.291288
0.019472
-0.406442
-0.785609
-0.028856
0.071577
-0.092273
0.051648
0.098128
-0.204902
-0.210692
0.104671
0.174322
0.049412
0.193964
0.102877
-0.024093
-0.446623
-0.278300
-0.220866
-0.101066
0.404519
-0.580895
-0.453254
-0.196999
0.466567
0.102105
-0.269616
0.171432
0.508743
0.224564
-0.076706
0.199786
0.146948
0.076355
0.034155
-0.051443
0.029566
-0.186372
0.172177
-0.328432
0.055912
-0.151459
0.291594
0.269321
0.178459
0.092707
-0.337973
0.262680
-0.043602
-0.688067
-0.001567
0.251159
0.327802
0.185565
0.031153
0.147993
0.000164
0.053669
0.083952
0.001351
-0.204663
0.042639
