-0.047493 0.391884
-0.043166 0.399410
-0.038772 0.406912
-0.035689 0.412273
-0.033410 0.416319
-0.030587 0.421181
-0.026105 0.428561
-0.021704 0.435758
-0.019259 0.439937
-0.017132 0.443618
-0.013838 0.449063
-0.009593 0.455940
-0.005760 0.462228
-0.003825 0.465615
-0.001966 0.468896
0.001516 0.474705
0.005154 0.480829
0.007860 0.485555
0.009307 0.488296
0.010722 0.491004
0.013766 0.496460
0.016640 0.501786
0.018162 0.504857
0.018919 0.506590
0.020091 0.509085
0.022289 0.513619
0.024218 0.517825
0.024600 0.518957
0.024779 0.519637
0.025640 0.521806
0.026986 0.525163
0.027877 0.527627
0.027685 0.527426
0.027416 0.526974
0.028101 0.528969
0.028867 0.531349
0.029064 0.532173
0.028671 0.531113
0.028418 0.530446
0.029023 0.532496
0.029577 0.534575
0.029535 0.534499
0.029307 0.533615
0.029407 0.533914
0.030106 0.536717
0.030816 0.539829
0.030872 0.539832
0.030978 0.540070
0.031635 0.543006
0.032570 0.547656
0.033419 0.552116
0.033855 0.554100
0.034401 0.556749
0.035485 0.563174
0.036665 0.570660
0.037615 0.576883
0.038393 0.581757
0.039294 0.587722
0.040586 0.597405
0.041930 0.607826
0.042979 0.615590
0.043985 0.622856
0.045195 0.631915
0.046723 0.643594
0.048296 0.655248
0.049537 0.663497
0.050864 0.671917
0.052591 0.682823
0.054597 0.694756
0.056618 0.705744
0.058354 0.714257
0.060268 0.723095
0.062795 0.734321
0.065534 0.745484
0.068110 0.754997
0.070616 0.763711
0.073351 0.772570
0.076759 0.783039
0.080331 0.793176
0.083611 0.801829
0.086978 0.810175
0.090684 0.818864
0.094973 0.828364
0.099373 0.837444
0.103570 0.845689
0.107930 0.853749
0.112761 0.862230
0.117973 0.870879
0.123221 0.879111
0.128293 0.886677
0.133713 0.894356
0.139762 0.902511
0.146060 0.910543
0.152277 0.918079
0.158613 0.925385
0.165376 0.932783
0.172284 0.939970
0.179477 0.947055
0.186642 0.953768
0.194197 0.960467
0.202045 0.967050
0.210212 0.973516
0.218381 0.979614
0.226640 0.985444
0.235169 0.991099
0.243949 0.996578
0.252648 1.001673
0.261575 1.006578
0.270770 1.011314
0.279823 1.015669
0.289206 1.019908
0.298722 1.023912
0.308139 1.027623
0.317621 1.031117
0.327042 1.034361
0.337042 1.037589
0.346937 1.040575
0.356384 1.043262
0.365952 1.045817
0.375870 1.048311
0.385566 1.050638
0.395454 1.052871
0.405148 1.054973
0.414266 1.056851
0.424146 1.058827
0.434066 1.060731
0.443082 1.062410
0.451931 1.064030
0.460775 1.065604
0.469167 1.067103
0.477665 1.068571
0.486001 1.070062
0.493771 1.071437
0.501383 1.072797
0.508916 1.074173
0.516189 1.075516
0.522827 1.076798
0.529001 1.077996
0.535025 1.079262
0.541280 1.080594
0.547201 1.081906
0.551997 1.083023
0.556656 1.084201
0.561640 1.085489
0.566352 1.086767
0.570589 1.087965
0.574141 1.089096
0.577539 1.090205
0.581284 1.091470
0.584662 1.092681
0.587536 1.093794
0.590094 1.094850
0.592950 1.096053
0.595788 1.097302
0.598699 1.098634
0.600963 1.099775
0.603036 1.100864
0.605237 1.102082
0.608039 1.103580
0.610612 1.105036
0.612413 1.106176
0.613997 1.107281
0.616542 1.108852
0.619280 1.110569
0.621408 1.112014
0.623190 1.113339
0.625178 1.114787
0.627760 1.116570
0.630687 1.118601
0.632711 1.120160
0.634431 1.121572
0.636881 1.123410
0.639833 1.125583
0.642827 1.127804
0.644889 1.129501
0.646997 1.131241
0.649535 1.133255
0.652677 1.135656
0.655493 1.137881
0.657403 1.139564
0.659514 1.141381
0.662284 1.143617
0.665176 1.145936
0.667409 1.147870
0.669317 1.149595
0.671287 1.151365
0.674566 1.153971
0.677526 1.156399
0.679221 1.158019
0.681235 1.159845
0.683619 1.161904
0.685987 1.163978
0.688247 1.165978
0.690182 1.167773
0.692188 1.169616
0.694246 1.171498
0.696407 1.173451
0.698367 1.175277
0.700150 1.176990
0.701888 1.178672
