0.946472
0.885067
0.873107
1.314575
0.723998
0.642058
0.969101
1.284257
0.868249
1.294275
0.839036
1.025754
0.831144
1.142262
0.836268
0.933564
0.782297
1.028386
0.838098
0.957527
1.375204
1.621874
0.775420
1.270485
1.308038
0.437146
0.883958
1.253198
0.899620
0.821978
0.754862
0.910802
1.146693
1.035386
1.278973
1.180528
1.182737
1.026779
1.146592
1.477377
1.127187
1.108074
1.009004
1.053768
0.854595
0.755141
0.887097
0.827677
0.862453
0.946941
0.869709
1.290979
1.335863
1.247840
0.871878
0.768756
0.733782
1.134303
0.827081
0.874084
0.901128
1.170153
0.886182
1.295271
1.056217
1.056659
0.923977
0.982578
1.639715
1.106451
1.001296
1.202722
1.418799
0.633367
1.396282
0.459524
1.109028
0.918804
1.128283
0.894761
0.759482
0.696334
0.998631
1.287921
1.118329
1.657825
0.583979
0.836691
0.969596
1.425885
1.013039
0.738453
1.418806
0.690523
0.953281
1.059480
0.573609
1.043290
1.071602
1.405606
1.159748
1.511420
0.849016
0.887308
0.863495
0.992030
0.729492
0.694602
1.200906
1.097348
0.908092
1.223682
1.238205
1.130621
1.284054
0.624110
0.728991
1.297655
1.077845
0.817548
1.181105
0.980391
1.427141
1.043655
1.087616
1.116503
1.141948
1.005634
0.839510
1.087340
1.166118
1.249816
0.938838
1.138356
1.368642
1.304533
1.382977
1.338150
1.019663
0.666016
0.455842
0.971556
1.074201
0.911856
1.053005
1.103104
0.814727
0.810024
1.110345
1.190439
1.050653
1.214053
1.108356
0.976195
0.639785
0.757070
0.801824
0.903874
1.498581
0.559397
0.635557
0.821192
1.594511
1.107500
0.763673
1.187003
1.663200
1.251777
0.926162
1.221142
1.158294
1.079346
1.034745
0.949858
1.030007
0.829965
1.187888
0.720052
1.057504
0.859453
1.338560
1.309075
1.195374
1.097140
0.713215
1.300411
0.957335
0.502547
0.998435
1.285515
1.387915
1.203899
1.031643
1.159505
1.000164
1.055135
1.087577
1.001352
0.814922
1.043561
