0.573165 0.871127
0.581701 0.877270
0.590240 0.883757
0.598193 0.890183
0.605911 0.896777
0.613341 0.903492
0.620302 0.910159
0.627140 0.917038
0.633650 0.923937
0.639977 0.930954
0.645988 0.937941
0.651715 0.944893
0.258792 0.514156
0.265076 0.521908
0.271352 0.529622
0.277705 0.537399
0.284135 0.545241
0.290550 0.553051
0.297018 0.560887
0.303584 0.568839
0.310137 0.576740
0.316753 0.584675
0.323442 0.592645
0.330164 0.600593
0.307315 0.723294
0.314808 0.731183
0.322583 0.738780
0.330658 0.746108
0.339120 0.753252
0.347854 0.760124
0.356868 0.766766
0.366135 0.773145
0.375675 0.779334
0.385421 0.785293
0.395377 0.791067
0.405583 0.796705
0.541493 0.849116
0.554934 0.857334
0.567836 0.865792
0.580117 0.874477
0.591761 0.883390
0.602751 0.892503
0.613048 0.901752
0.622761 0.911160
0.632013 0.920771
0.640744 0.930472
0.649024 0.940249
0.656922 0.950099
0.768435 0.963435
0.770726 0.969450
0.772916 0.975374
0.775096 0.981373
0.777536 0.987946
0.779740 0.994227
0.781816 1.000365
0.783773 1.006410
0.785683 1.012503
0.787471 1.018452
0.789194 1.024412
0.790687 1.030010
0.577484 0.235773
0.589849 0.245622
0.601666 0.255026
0.613208 0.264177
0.624322 0.272978
0.634911 0.281354
0.645302 0.289557
0.655316 0.297466
0.664886 0.305045
0.674007 0.312306
0.682815 0.319368
0.691437 0.326361
0.712849 0.936647
0.716730 0.944409
0.720876 0.952588
0.724636 0.960238
0.728599 0.968239
0.732269 0.975874
0.735899 0.983524
0.739524 0.991253
0.742915 0.998727
0.746349 1.006368
0.749280 1.013339
0.752518 1.020894
0.242559 0.689459
0.250577 0.703608
0.259285 0.717224
0.268724 0.730273
0.278995 0.742799
0.290069 0.754714
0.301903 0.765966
0.314611 0.776665
0.328062 0.786741
0.342217 0.796225
0.356997 0.805152
0.372289 0.813521
0.248788 0.469545
0.255456 0.476303
0.262339 0.483163
0.269360 0.490052
0.276317 0.496797
0.283406 0.503593
0.290664 0.510480
0.297895 0.517300
0.305128 0.524097
0.312550 0.531040
0.319950 0.537960
0.327331 0.544886
0.406648 0.663008
0.418105 0.673784
0.429767 0.684391
0.441625 0.694844
0.453672 0.705176
0.465812 0.715302
0.478064 0.725338
0.490382 0.735310
0.502639 0.745144
0.514843 0.754972
0.526907 0.764794
0.538771 0.774644
0.034192 0.273667
0.034192 0.273667
0.034192 0.273667
0.038298 0.279725
0.042919 0.286452
0.047195 0.292701
0.051323 0.298727
0.055925 0.305299
0.060764 0.312127
0.065172 0.318391
0.069457 0.324495
0.074298 0.331251
0.264827 0.529849
0.271933 0.539030
0.279122 0.548284
0.286328 0.557530
0.293637 0.566850
0.300963 0.576180
0.308427 0.585599
0.315889 0.594937
0.323513 0.604358
0.331190 0.613702
0.339032 0.623058
0.346972 0.632312
0.022180 0.291357
0.022180 0.291357
0.022180 0.291357
0.022180 0.291357
0.022180 0.291357
0.022180 0.291357
0.025381 0.296207
0.029691 0.302714
0.034468 0.309754
0.038894 0.316284
0.042881 0.322209
0.047273 0.328605
0.170675 0.263421
0.176832 0.271055
0.184444 0.280060
0.191955 0.288693
0.198026 0.295625
0.204942 0.303083
0.212885 0.311090
0.219609 0.317614
0.226143 0.323608
0.234713 0.330716
0.243186 0.337205
0.250820 0.342675
0.427443 0.650716
0.434856 0.657677
0.442300 0.664599
0.449793 0.671502
0.457312 0.678369
0.464865 0.685211
0.472436 0.692023
0.480017 0.698804
0.487628 0.705603
0.495192 0.712312
0.502756 0.719039
0.510275 0.725742
0.194576 0.591950
0.197719 0.602688
0.201247 0.614345
0.204902 0.625932
0.208510 0.636798
0.212701 0.648753
0.216766 0.659590
0.221314 0.670811
0.226151 0.681806
0.231182 0.692284
0.236863 0.703181
0.242675 0.713329
0.364167 0.660456
0.370684 0.667292
0.377328 0.674041
0.384092 0.680687
0.390983 0.687236
0.398010 0.693690
0.405168 0.700054
0.412437 0.706315
0.419828 0.712488
0.427315 0.718560
0.434927 0.724581
0.442578 0.730454
0.221783 0.455694
0.228950 0.464189
0.236262 0.472744
0.243642 0.481266
0.251142 0.489814
0.258725 0.498359
0.266409 0.506926
0.274179 0.515512
0.282016 0.524108
0.289950 0.532770
0.297925 0.541443
0.305977 0.550178
0.264774 0.600167
0.269772 0.608925
0.274814 0.617566
0.279886 0.626049
0.285132 0.634548
0.290609 0.643077
0.296210 0.651518
0.301922 0.659742
0.307873 0.667915
0.314084 0.676019
0.320461 0.683916
0.327049 0.691636
0.139255 0.255317
0.145171 0.262896
0.150612 0.269911
0.157155 0.278090
0.162079 0.284409
0.168884 0.292680
0.174213 0.299236
0.180498 0.306663
0.186521 0.313631
0.192305 0.320170
0.199083 0.327433
0.204455 0.333139
0.614879 0.653059
0.623071 0.667890
0.630604 0.682835
0.637625 0.698034
0.644239 0.713549
0.650332 0.728878
0.656082 0.744195
0.661557 0.759428
0.666822 0.774487
0.671891 0.789165
0.676857 0.803499
0.681765 0.817434
-0.020384 0.351908
-0.015195 0.360426
-0.005307 0.376332
0.002768 0.389292
0.013685 0.405973
0.021197 0.417857
0.030739 0.432661
0.038212 0.444856
0.045020 0.456546
0.051600 0.468623
0.055321 0.476621
0.060364 0.488070
0.355889 0.634528
0.362144 0.641412
0.368474 0.648213
0.374925 0.655007
0.381459 0.661699
0.388098 0.668322
0.394845 0.674869
0.401703 0.681338
0.408669 0.687726
0.415734 0.694033
0.422915 0.700289
0.430154 0.706411
0.137575 0.435197
0.143570 0.446156
0.149309 0.457374
0.154842 0.468988
0.160010 0.480721
0.164925 0.492762
0.169678 0.505290
0.174303 0.518349
0.178831 0.531951
0.183341 0.546215
0.187871 0.561097
0.192394 0.576282
0.556338 0.840955
0.568768 0.849828
0.580626 0.858884
0.591952 0.868162
0.602646 0.877575
0.612828 0.887190
0.622494 0.896967
0.631571 0.906779
0.640294 0.916784
0.648588 0.926850
0.656382 0.936833
0.663891 0.946891
0.722111 0.976381
0.723788 0.979714
0.725662 0.983343
0.727300 0.986658
0.728903 0.989928
0.730664 0.993445
0.732232 0.996703
0.733847 1.000046
0.735576 1.003577
0.737011 1.006689
0.738547 1.009973
0.740159 1.013386
0.333258 0.605993
0.340059 0.613934
0.346955 0.621864
0.353958 0.629770
0.361041 0.637600
0.368232 0.645353
0.375587 0.653104
0.383039 0.660727
0.390626 0.668264
0.398348 0.675703
0.406210 0.683044
0.414201 0.690279
0.505207 0.778549
0.517844 0.787338
0.530235 0.796129
0.542347 0.804977
0.554150 0.813932
0.565605 0.823035
0.576591 0.832218
0.587192 0.841587
0.597369 0.851113
0.607116 0.860780
0.616422 0.870569
0.625257 0.880391
0.710074 0.944929
0.714090 0.952543
0.717744 0.959665
0.721422 0.966877
0.725156 0.974210
0.728554 0.981128
0.731947 0.988102
0.735450 0.995309
0.738585 1.002053
0.741735 1.008902
0.744818 1.015733
0.747628 1.022236
0.034672 0.272949
0.034672 0.272949
0.034672 0.272949
0.034672 0.272949
0.037196 0.276605
0.041137 0.282470
0.045313 0.288597
0.049897 0.295183
0.054439 0.301676
0.058569 0.307627
0.062746 0.313608
0.067527 0.320302
0.841984 0.501666
0.848692 0.521197
0.854823 0.540613
0.860354 0.559061
0.865517 0.577002
0.870537 0.594736
0.874978 0.609682
0.878855 0.621609
0.882354 0.631084
0.885317 0.637858
0.888184 0.643590
0.890600 0.647321
0.150992 0.240941
0.156099 0.247453
0.162671 0.255540
0.167517 0.261677
0.173062 0.268504
0.179446 0.276113
0.183951 0.281625
0.189996 0.288596
0.195881 0.295208
0.200351 0.300263
0.206992 0.307167
0.212453 0.312723
0.773507 0.611955
0.778249 0.632013
0.782249 0.651283
0.785760 0.670779
0.788837 0.689988
0.791502 0.707540
0.793634 0.721992
0.795729 0.736382
0.797594 0.748854
0.799045 0.758235
0.800399 0.766721
0.801603 0.774130
0.197130 0.778218
0.205049 0.789629
0.214122 0.801292
0.223509 0.812067
0.233680 0.822519
0.244371 0.832367
0.255800 0.841813
0.267908 0.850795
0.280515 0.859210
0.293640 0.867086
0.307422 0.874556
0.321655 0.881525
0.528863 0.450762
0.545338 0.460241
0.561124 0.470137
0.576225 0.480530
0.590622 0.491461
0.604062 0.502767
0.616898 0.514796
0.628834 0.527293
0.639959 0.540364
0.650312 0.554053
0.659821 0.568266
0.668570 0.583131
0.405425 0.640116
0.415715 0.650054
0.426133 0.659919
0.436649 0.669684
0.447301 0.679407
0.458002 0.688982
0.468793 0.698506
0.479637 0.707962
0.490495 0.717355
0.501353 0.726730
0.512120 0.736010
0.522817 0.745317
0.295527 0.550809
0.304449 0.561158
0.313445 0.571559
0.322507 0.581995
0.331645 0.592456
0.340887 0.602939
0.350246 0.613415
0.359733 0.623851
0.369369 0.634219
0.379181 0.644503
0.389190 0.654676
0.399395 0.664715
-0.027568 0.592305
-0.022681 0.603432
-0.020746 0.608164
-0.018242 0.614372
-0.017134 0.617209
-0.016594 0.618472
-0.016185 0.619275
-0.017103 0.616027
-0.017207 0.614997
-0.019177 0.607812
-0.019457 0.605792
-0.022000 0.596017
0.375410 0.629006
0.385019 0.638897
0.394777 0.648703
0.404693 0.658412
0.414774 0.668009
0.425012 0.677476
0.435425 0.686863
0.445938 0.696065
0.456609 0.705219
0.467336 0.714203
0.478149 0.723128
0.488995 0.731978
0.419738 0.566602
0.433891 0.578203
0.447828 0.590018
0.461556 0.602060
0.475060 0.614302
0.488259 0.626698
0.501229 0.639318
0.513931 0.652181
0.526291 0.665161
0.538283 0.678293
0.549922 0.691598
0.561233 0.705132
-0.022011 0.568700
-0.019074 0.575225
-0.015636 0.582962
-0.011664 0.592320
-0.010833 0.594530
-0.010368 0.595709
-0.009048 0.599122
-0.009642 0.597119
-0.011109 0.592138
-0.011260 0.590858
-0.012423 0.586091
-0.014346 0.578407
0.866367 0.588869
0.873225 0.612941
0.878987 0.630924
0.883345 0.641703
0.887792 0.651172
0.890636 0.654620
0.892291 0.654585
0.893682 0.653887
0.893781 0.650293
0.893004 0.645198
0.891960 0.639729
0.890303 0.633331
0.788845 0.562385
0.794764 0.581520
0.800169 0.601612
0.804843 0.621283
0.808972 0.640855
0.812672 0.659932
0.815907 0.677831
0.818872 0.694492
0.821432 0.708906
0.823726 0.721124
0.825718 0.731447
0.827511 0.740014
0.350639 0.901623
0.366717 0.907460
0.382442 0.912724
0.398775 0.917831
0.415081 0.922636
0.431296 0.927203
0.447399 0.931604
0.462945 0.935798
0.478064 0.939887
0.492675 0.943971
0.506954 0.948117
0.520301 0.952226
0.858151 0.493246
0.865930 0.516211
0.872748 0.537265
0.878732 0.555592
0.884210 0.571515
0.889634 0.585881
0.894054 0.595104
0.897415 0.599577
0.900656 0.602593
0.903579 0.603792
0.905150 0.601732
0.905998 0.598284
0.057378 0.604407
0.058740 0.615666
0.060190 0.627466
0.061790 0.640118
0.063713 0.654778
0.065821 0.669464
0.068202 0.684362
0.070727 0.698527
0.073303 0.711342
0.076168 0.724192
0.079305 0.736865
0.082939 0.750176
0.213368 1.162760
0.235811 1.172994
0.257925 1.181441
0.279194 1.188301
0.299841 1.193974
0.320112 1.198745
0.339592 1.202715
0.359429 1.206269
0.378544 1.209312
0.396776 1.211943
0.415515 1.214474
0.433307 1.216745
0.034688 0.588375
0.036174 0.598179
0.037791 0.609327
0.039959 0.625719
0.042299 0.643249
0.044387 0.657667
0.046564 0.671726
0.049380 0.689108
0.052654 0.707406
0.055893 0.723167
0.059230 0.737610
0.063253 0.753367
0.030510 0.279145
0.030510 0.279145
0.030510 0.279145
0.030510 0.279145
0.030510 0.279145
0.034387 0.284924
0.039225 0.292006
0.043613 0.298465
0.047771 0.304590
0.052713 0.311647
0.057620 0.318616
0.061899 0.324775
0.045132 0.257020
0.045132 0.257020
0.045132 0.257020
0.045132 0.257020
0.045132 0.257020
0.045132 0.257020
0.045132 0.257020
0.045132 0.257020
0.045132 0.257020
0.045132 0.257020
0.045132 0.257020
0.045132 0.257020
0.432409 1.060971
0.447247 1.063719
0.461691 1.066325
0.475597 1.068781
0.489200 1.071173
0.501784 1.073407
0.513923 1.075638
0.525392 1.077826
0.535095 1.079804
0.544654 1.081869
0.554051 1.084019
0.561547 1.085973
0.508826 0.777851
0.521674 0.786976
0.534327 0.796175
0.546588 0.805361
0.558551 0.814708
0.570114 0.824189
0.581240 0.833816
0.591899 0.843586
0.602132 0.853536
0.611853 0.863554
0.621170 0.873723
0.630091 0.884012
0.344297 0.600102
0.354996 0.611826
0.365848 0.623515
0.376881 0.635133
0.388121 0.646644
0.399586 0.658016
0.411290 0.669226
0.423227 0.680254
0.435409 0.691142
0.447749 0.701794
0.460274 0.712315
0.472942 0.722727
-0.014113 0.571628
-0.014564 0.567620
-0.014260 0.566094
-0.013048 0.567836
-0.010718 0.574423
-0.007168 0.587671
-0.003046 0.605791
0.001481 0.628673
0.005986 0.653249
0.010513 0.678375
0.015480 0.705182
0.020952 0.732358
0.295267 0.568798
0.301499 0.576708
0.307842 0.584710
0.314212 0.592686
0.320612 0.600628
0.327120 0.608588
0.333732 0.616586
0.340389 0.624487
0.347167 0.632364
0.354075 0.640206
0.361075 0.647947
0.368216 0.655620
0.767647 0.962926
0.770074 0.969275
0.772365 0.975481
0.774497 0.981505
0.777046 0.988390
0.779411 0.995092
0.781671 1.001712
0.783677 1.007996
0.785565 1.014185
0.787377 1.020355
0.789139 1.026575
0.790787 1.032656
0.676073 0.939305
0.679902 0.945221
0.683584 0.951017
0.687223 0.956823
0.690789 0.962597
0.694266 0.968316
0.697697 0.974034
0.701000 0.979632
0.704261 0.985227
0.707452 0.990780
0.710572 0.996288
0.713623 1.001752
0.538282 0.684380
0.547243 0.694498
0.556048 0.704759
0.564640 0.715116
0.572933 0.725477
0.580971 0.735824
0.588850 0.746366
0.596490 0.756962
0.603842 0.767530
0.611019 0.778235
0.617947 0.788859
0.624612 0.799430
0.341027 0.655221
0.347538 0.662697
0.354249 0.670116
0.361106 0.677399
0.368128 0.684559
0.375310 0.691583
0.382671 0.698485
0.390218 0.705268
0.397911 0.711910
0.405775 0.718452
0.413755 0.724820
0.421880 0.731092
0.761465 0.957157
0.764924 0.965395
0.767679 0.972523
0.770196 0.979379
0.773190 0.987183
0.775840 0.994544
0.778121 1.001386
0.780654 1.008853
0.782947 1.016039
0.784974 1.022869
0.787068 1.030014
0.788996 1.036961
0.050927 0.274036
0.055458 0.280569
0.060183 0.287297
0.065287 0.294460
0.069916 0.301014
0.074880 0.307945
0.080096 0.315157
0.084857 0.321807
0.090014 0.328919
0.095263 0.336139
0.100099 0.342866
0.105425 0.350192
0.474598 0.519154
0.487434 0.527712
0.499840 0.536483
0.512034 0.545658
0.523884 0.555178
0.535232 0.564951
0.546107 0.575006
0.556574 0.585437
0.566588 0.596211
0.576136 0.607331
0.585179 0.618753
0.593689 0.630357
0.259506 0.461191
0.267145 0.467885
0.274674 0.474352
0.282247 0.480739
0.290272 0.487365
0.298186 0.493819
0.306058 0.500182
0.314343 0.506801
0.322501 0.513303
0.330580 0.519749
0.338984 0.526443
0.347280 0.533095
0.223854 0.453068
0.233104 0.463641
0.242544 0.474220
0.252160 0.484784
0.261948 0.495347
0.271901 0.505924
0.282003 0.516527
0.292231 0.527169
0.302570 0.537870
0.312997 0.548628
0.323524 0.559506
0.334093 0.570433
0.550065 0.805723
0.559743 0.813438
0.569177 0.821269
0.578261 0.829123
0.587134 0.837162
0.595592 0.845187
0.603861 0.853414
0.611759 0.861662
0.619413 0.870028
0.626765 0.878433
0.633838 0.886874
0.640676 0.895369
0.710950 0.517739
0.718860 0.531090
0.726533 0.545696
0.733437 0.560503
0.739665 0.575615
0.745429 0.591629
0.750428 0.607458
0.755049 0.624393
0.759093 0.641590
0.762553 0.658251
0.765587 0.674995
0.768174 0.690931
0.069961 0.253301
0.074948 0.260180
0.079966 0.267083
0.085021 0.274017
0.090199 0.281079
0.095356 0.288110
0.100610 0.295237
0.105926 0.302421
0.111230 0.309576
0.116675 0.316879
0.122102 0.324144
0.127583 0.331447
0.023264 0.289781
0.023264 0.289781
0.023264 0.289781
0.023264 0.289781
0.023264 0.289781
0.023264 0.289781
0.023264 0.289781
0.028658 0.297834
0.033325 0.304917
0.038834 0.312998
0.043838 0.320365
0.049256 0.328192
0.034909 0.272594
0.039506 0.279340
0.048021 0.291773
0.056609 0.304139
0.065724 0.317015
0.074414 0.329298
0.084022 0.342646
0.092637 0.354807
0.102383 0.368441
0.111045 0.380919
0.120348 0.394494
0.128917 0.407524
0.039383 0.268355
0.044980 0.276558
0.051060 0.285296
0.056595 0.293287
0.062531 0.301725
0.068848 0.310567
0.074592 0.318678
0.080841 0.327369
0.087268 0.336261
0.093143 0.344484
0.099546 0.353371
0.105998 0.362357
0.739826 0.671402
0.742453 0.685440
0.744963 0.700450
0.746997 0.713576
0.749100 0.728116
0.750685 0.739477
0.752464 0.752319
0.753835 0.762331
0.755455 0.773515
0.756742 0.782353
0.758295 0.792010
0.759487 0.799471
0.384117 0.646374
0.394373 0.656658
0.404830 0.666806
0.415495 0.676809
0.426355 0.686649
0.437400 0.696346
0.448608 0.705895
0.459953 0.715311
0.471421 0.724637
0.482910 0.733799
0.494440 0.742916
0.505935 0.751979
0.525442 0.470154
0.542665 0.480649
0.559173 0.491740
0.575005 0.503553
0.589708 0.515799
0.603723 0.528892
0.616649 0.542509
0.628686 0.556891
0.639773 0.571999
0.649849 0.587624
0.658960 0.603853
0.667145 0.620638
0.773558 0.965483
0.775703 0.971123
0.777657 0.976500
0.779674 0.982075
0.781559 0.987501
0.783368 0.992892
0.785162 0.998324
0.786755 1.003473
0.788397 1.008835
0.789918 1.014024
0.791422 1.019296
0.792836 1.024496
0.553243 0.845979
0.566753 0.855194
0.579576 0.864616
0.591780 0.874309
0.603297 0.884215
0.614185 0.894348
0.624427 0.904634
0.634153 0.915115
0.643300 0.925655
0.651999 0.936294
0.660252 0.946957
0.667998 0.957493
0.738740 0.974895
0.740397 0.978528
0.741914 0.981965
0.743733 0.985887
0.745486 0.989740
0.746892 0.993063
0.748506 0.996741
0.750246 1.000646
0.751520 1.003844
0.752940 1.007285
0.754579 1.011111
0.755896 1.014448
0.278025 0.537662
0.286049 0.547441
0.294175 0.557307
0.302320 0.567165
0.310551 0.577081
0.318881 0.587053
0.327258 0.597000
0.335758 0.606971
0.344386 0.616932
0.353119 0.626815
0.362024 0.636649
0.371093 0.646368
0.586466 1.010810
0.592967 1.014359
0.599709 1.018282
0.605552 1.022061
0.611404 1.026061
0.617088 1.030247
0.621761 1.034023
0.627374 1.038596
0.632273 1.042902
0.636833 1.047138
0.642059 1.052014
0.646235 1.056246
0.349706 0.437646
0.363798 0.444061
0.378196 0.450625
0.391776 0.456895
0.406003 0.463580
0.420482 0.470579
0.434318 0.477510
0.448050 0.484691
0.461938 0.492267
0.475286 0.499949
0.488233 0.507832
0.501138 0.516158
0.278713 0.551700
0.284888 0.559799
0.291188 0.568005
0.297536 0.576264
0.303873 0.584449
0.310345 0.592734
0.316855 0.600981
0.323416 0.609188
0.330123 0.617441
0.336905 0.625628
0.343770 0.633732
0.350809 0.641830
0.722191 0.971562
0.725183 0.977512
0.728145 0.983468
0.731057 0.989390
0.733967 0.995366
0.736829 1.001332
0.739492 1.007055
0.742047 1.012679
0.744488 1.018190
0.746942 1.023777
0.749366 1.029385
0.751645 1.034824
0.724059 0.973372
0.726843 0.978921
0.729573 0.984435
0.732171 0.989788
0.734803 0.995240
0.737392 1.000682
0.739854 1.005975
0.742252 1.011227
0.744514 1.016325
0.746759 1.021446
0.748935 1.026513
0.751035 1.031513
0.198458 0.515847
0.203159 0.526417
0.207589 0.536689
0.212235 0.547580
0.216677 0.558151
0.221325 0.569233
0.225861 0.580047
0.230626 0.591273
0.235356 0.602240
0.240318 0.613390
0.245348 0.624415
0.250646 0.635494
0.324597 0.786134
0.338694 0.795743
0.353414 0.804764
0.368808 0.813293
0.384593 0.821296
0.400856 0.828918
0.417377 0.836168
0.434122 0.843150
0.450971 0.849939
0.467683 0.856561
0.484347 0.863185
0.500329 0.869694
0.092848 0.434409
0.098049 0.443890
0.101636 0.451243
0.105212 0.459042
0.109340 0.468628
0.112268 0.476461
0.115060 0.484655
0.118412 0.495307
0.120908 0.504564
0.123270 0.514314
0.126079 0.527035
0.128341 0.538804
0.591937 0.515244
0.608098 0.530607
0.622973 0.546931
0.636487 0.564118
0.648581 0.582052
0.659556 0.601180
0.669094 0.620760
0.677552 0.641358
0.684655 0.661735
0.691012 0.683255
0.696352 0.704158
0.701209 0.725592
0.119584 0.284545
0.123095 0.289180
0.126660 0.293865
0.130255 0.298579
0.133870 0.303297
0.137313 0.307804
0.140736 0.312266
0.144183 0.316741
0.147658 0.321223
0.151356 0.325929
0.155103 0.330654
0.158892 0.335396
0.733601 0.964268
0.736594 0.970762
0.739727 0.977523
0.742968 0.984517
0.745906 0.991121
0.748616 0.997447
0.751446 1.004049
0.754213 1.010628
0.756749 1.016933
0.759126 1.023066
0.761561 1.029387
0.763908 1.035658
0.545702 0.579322
0.554310 0.587962
0.562625 0.596847
0.570617 0.605947
0.578295 0.615274
0.585635 0.624789
0.592634 0.634471
0.599353 0.644394
0.605716 0.654412
0.611824 0.664667
0.617561 0.674905
0.623134 0.685521
0.078547 0.323009
0.086665 0.334267
0.094832 0.345577
0.103058 0.357006
0.110994 0.368158
0.118894 0.379396
0.126733 0.390745
0.134536 0.402304
0.142421 0.414306
0.150124 0.426490
0.157643 0.438924
0.164840 0.451452
0.055334 0.594050
0.056846 0.605935
0.059243 0.626495
0.061147 0.641112
0.063966 0.662235
0.066526 0.678533
0.070116 0.699311
0.073564 0.716044
0.078123 0.735500
0.082719 0.752243
0.088360 0.770275
0.094260 0.786708
0.721149 0.956951
0.724191 0.963017
0.727143 0.968970
0.730104 0.974980
0.732992 0.980933
0.735692 0.986642
0.738390 0.992408
0.741003 0.998098
0.743514 1.003691
0.745934 1.009204
0.748337 1.014748
0.750764 1.020393
0.481895 0.743909
0.495769 0.754354
0.509604 0.764765
0.523312 0.775194
0.536727 0.785600
0.549825 0.796112
0.562521 0.806742
0.574795 0.817556
0.586512 0.828458
0.597738 0.839551
0.608458 0.850799
0.618680 0.862176
0.727640 0.958496
0.730328 0.964067
0.733030 0.969696
0.735680 0.975289
0.738203 0.980719
0.740783 0.986288
0.743327 0.991856
0.745743 0.997270
0.748115 1.002676
0.750371 1.007961
0.752542 1.013159
0.754665 1.018344
0.324024 0.610707
0.331180 0.619520
0.338396 0.628205
0.345802 0.636893
0.353302 0.645446
0.360984 0.653913
0.368857 0.662321
0.376889 0.670573
0.385107 0.678695
0.393504 0.686671
0.402105 0.694519
0.410871 0.702218
0.224510 0.563506
0.229764 0.575293
0.234855 0.586677
0.240110 0.598225
0.245590 0.609928
0.250999 0.621227
0.256923 0.633021
0.262836 0.644261
0.269152 0.655578
0.275798 0.666735
0.282710 0.677548
0.290174 0.688347
0.745619 0.966169
0.747761 0.970988
0.749882 0.975813
0.751841 0.980425
0.753702 0.984900
0.755480 0.989287
0.757424 0.993992
0.759324 0.998670
0.761228 1.003405
0.762958 1.007901
0.764603 1.012311
0.766173 1.016624
0.126746 0.300339
0.132823 0.308359
0.139387 0.316880
0.145422 0.324745
0.152203 0.333369
0.158493 0.341356
0.165264 0.349760
0.171934 0.357920
0.178712 0.366043
0.185822 0.374334
0.192671 0.382161
0.200277 0.390515
0.044233 0.258779
0.049922 0.266956
0.055410 0.274843
0.061019 0.282826
0.066955 0.291156
0.072504 0.298981
0.078613 0.307444
0.084521 0.315637
0.090467 0.323857
0.096768 0.332490
0.102600 0.340562
0.108947 0.349263
0.285870 0.547268
0.296133 0.559731
0.306516 0.572277
0.317023 0.584889
0.327656 0.597524
0.338457 0.610161
0.349450 0.622748
0.360675 0.635234
0.372173 0.647576
0.383978 0.659734
0.396107 0.671669
0.408575 0.683364
0.607118 0.946717
0.615843 0.953761
0.623973 0.960905
0.631738 0.968235
0.639423 0.975943
0.646213 0.983298
0.652789 0.990793
0.659270 0.998505
0.665655 1.006390
0.671293 1.013764
0.676989 1.021374
0.682840 1.029305
0.584260 0.737132
0.594517 0.751265
0.604339 0.765463
0.613726 0.779675
0.622787 0.793990
0.631506 0.808292
0.639770 0.822312
0.647846 0.836344
0.655747 0.850313
0.663433 0.864081
0.670839 0.877493
0.678160 0.890799
0.221617 0.545792
0.225946 0.554980
0.230247 0.564126
0.234359 0.572909
0.238609 0.581913
0.243093 0.591289
0.247516 0.600416
0.251920 0.609346
0.256556 0.618501
0.261395 0.627750
0.266231 0.636700
0.271183 0.645501
0.319810 0.604988
0.326394 0.613169
0.333037 0.621285
0.339818 0.629398
0.346713 0.637450
0.353706 0.645405
0.360856 0.653282
0.368181 0.661126
0.375627 0.668817
0.383238 0.676402
0.391005 0.683866
0.398943 0.691216
0.682313 0.972084
0.686654 0.978695
0.690757 0.985118
0.694720 0.991450
0.698722 0.997907
0.702569 1.004246
0.706168 1.010345
0.709829 1.016582
0.713415 1.022784
0.716745 1.028723
0.719956 1.034559
0.723239 1.040541
0.013895 0.303301
0.013895 0.303301
0.013895 0.303301
0.013895 0.303301
0.013895 0.303301
0.013895 0.303301
0.013895 0.303301
0.013895 0.303301
0.013895 0.303301
0.013895 0.303301
0.013895 0.303301
0.013895 0.303301
0.682926 0.928363
0.686539 0.934395
0.690046 0.940320
0.693519 0.946244
0.696925 0.952119
0.700271 0.957953
0.703617 0.963833
0.706820 0.969554
0.709993 0.975279
0.713131 0.981002
0.716155 0.986607
0.719134 0.992196
0.670806 0.978255
0.674410 0.983268
0.677865 0.988194
0.681352 0.993224
0.684772 0.998243
0.688127 1.003245
0.691389 1.008197
0.694607 1.013145
0.697699 1.017994
0.700743 1.022826
0.703750 1.027655
0.706659 1.032406
0.511562 0.818456
0.524433 0.825982
0.537033 0.833621
0.549255 0.841390
0.561050 0.849309
0.572459 0.857443
0.583192 0.865625
0.593503 0.874020
0.603380 0.882625
0.612803 0.891399
0.621753 0.900292
0.630120 0.909164
0.808291 0.564666
0.814943 0.588382
0.820778 0.612178
0.825669 0.634101
0.830196 0.656097
0.834367 0.677038
0.837572 0.692184
0.840875 0.707448
0.843610 0.718872
0.845548 0.725932
0.847508 0.732908
0.848696 0.736316
-0.012442 0.580722
-0.009202 0.588410
-0.008631 0.589949
-0.008316 0.590780
-0.006862 0.594630
-0.007911 0.591512
-0.008202 0.590330
-0.008156 0.590079
-0.009891 0.584002
-0.010315 0.581842
-0.010980 0.578775
-0.012651 0.571972
0.001712 0.556005
0.002363 0.557073
0.003321 0.559209
0.004977 0.564617
0.007594 0.575560
0.010959 0.592516
0.014623 0.613347
0.018256 0.635350
0.021936 0.657923
0.025971 0.682033
0.030774 0.708836
0.036523 0.737050
0.435550 0.699347
0.447171 0.709160
0.458911 0.718760
0.470782 0.728253
0.482724 0.737636
0.494688 0.746935
0.506639 0.756214
0.518445 0.765402
0.530128 0.774635
0.541587 0.783900
0.552785 0.793230
0.563681 0.802649
0.117294 0.631339
0.119675 0.647231
0.122804 0.665768
0.126316 0.683347
0.130027 0.699082
0.134680 0.716217
0.140080 0.733048
0.145722 0.748209
0.152293 0.763552
0.159897 0.779000
0.167891 0.793227
0.176637 0.806942
0.244476 0.499740
0.253274 0.510963
0.262173 0.522244
0.271171 0.533578
0.280271 0.545001
0.289463 0.556481
0.298756 0.568032
0.308152 0.579641
0.317658 0.591284
0.327287 0.602931
0.337076 0.614564
0.347046 0.626135
0.588446 0.968701
0.593515 0.971791
0.598439 0.974953
0.603110 0.978123
0.607801 0.981451
0.612330 0.984828
0.616596 0.988180
0.620746 0.991578
0.624655 0.994956
0.628429 0.998344
0.632277 1.001891
0.635816 1.005328
0.778982 0.468237
0.785704 0.480764
0.791842 0.493199
0.797929 0.506828
0.803510 0.520475
0.809023 0.535443
0.814299 0.551326
0.819268 0.567868
0.823740 0.584184
0.827832 0.600259
0.831589 0.616147
0.835190 0.632367
0.406275 0.611608
0.417732 0.622454
0.429200 0.633286
0.440713 0.644119
0.452235 0.654909
0.463814 0.665729
0.475354 0.676455
0.486909 0.687204
0.498431 0.697966
0.509836 0.708646
0.521143 0.719364
0.532317 0.730139
0.530673 0.747767
0.540140 0.756398
0.549398 0.764979
0.558535 0.773701
0.567422 0.782403
0.576092 0.791194
0.584527 0.800053
0.592716 0.808978
0.600697 0.818028
0.608349 0.827025
0.615827 0.836174
0.623018 0.845276
0.396427 0.618929
0.403513 0.625834
0.410628 0.632719
0.417782 0.639585
0.424975 0.646438
0.432207 0.653258
0.439457 0.660037
0.446762 0.666805
0.454116 0.673581
0.461452 0.680259
0.468835 0.686947
0.476226 0.693607
0.395991 0.639638
0.406187 0.649642
0.416527 0.659562
0.427004 0.669365
0.437621 0.679074
0.448362 0.688675
0.459231 0.698213
0.470137 0.707584
0.481122 0.716912
0.492124 0.726170
0.503102 0.735373
0.514023 0.744551
0.062670 0.317515
0.068055 0.325115
0.073382 0.332621
0.079016 0.340485
0.084214 0.347821
0.090040 0.355935
0.095061 0.363097
0.101072 0.371523
0.105835 0.378486
0.111859 0.387122
0.116609 0.394256
0.122301 0.402768
0.777255 0.792436
0.778666 0.801288
0.780072 0.809398
0.781640 0.817561
0.783838 0.826936
0.786586 0.837054
0.789881 0.847747
0.793555 0.858797
0.797412 0.869930
0.801952 0.882246
0.806678 0.894932
0.812403 0.909719
0.379437 0.626336
0.388241 0.635296
0.397148 0.644198
0.406175 0.653033
0.415321 0.661789
0.424582 0.670449
0.433961 0.679029
0.443446 0.687521
0.453024 0.695927
0.462682 0.704252
0.472403 0.712505
0.482158 0.720687
0.295709 0.703892
0.304187 0.714171
0.313244 0.724202
0.322741 0.733798
0.332703 0.742990
0.343234 0.751876
0.354133 0.760328
0.365505 0.768455
0.377223 0.776210
0.389319 0.783666
0.401787 0.790884
0.414449 0.797791
0.120783 0.265622
0.126973 0.273831
0.133726 0.282648
0.140811 0.291796
0.147148 0.300024
0.154091 0.308843
0.161436 0.317974
0.167993 0.326098
0.175155 0.334690
0.182882 0.343633
0.189787 0.351491
0.197361 0.359722
0.486652 0.786158
0.498873 0.793734
0.510922 0.801262
0.522888 0.808888
0.534473 0.816457
0.545843 0.824173
0.556869 0.831984
0.567554 0.839939
0.577869 0.848048
0.587637 0.856174
0.597182 0.864591
0.606288 0.873104
0.295640 0.565510
0.302904 0.574587
0.310298 0.583750
0.317695 0.592852
0.325231 0.602021
0.332815 0.611128
0.340556 0.620259
0.348366 0.629284
0.356369 0.638300
0.364481 0.647186
0.372801 0.656011
0.381272 0.664694
0.361159 0.627935
0.368004 0.635311
0.374923 0.642611
0.381966 0.649907
0.389094 0.657109
0.396331 0.664240
0.403673 0.671295
0.411129 0.678270
0.418684 0.685160
0.426344 0.691972
0.434098 0.698709
0.441938 0.705364
0.011051 0.553250
0.010603 0.552149
0.011464 0.554752
0.010419 0.551347
0.010184 0.550259
0.010416 0.550701
0.009599 0.546829
0.010478 0.549429
0.011157 0.551227
0.011865 0.552898
0.014133 0.562905
0.015744 0.569752
0.163662 0.382094
0.171021 0.391598
0.178503 0.401182
0.186065 0.410769
0.193708 0.420364
0.201451 0.429959
0.209346 0.439613
0.217344 0.449246
0.225456 0.458876
0.233700 0.468505
0.242101 0.478160
0.250625 0.487810
0.075938 0.347641
0.083056 0.357655
0.090164 0.367709
0.097240 0.377820
0.104070 0.387789
0.110521 0.397458
0.116805 0.407180
0.122892 0.416948
0.128973 0.427113
0.135003 0.437714
0.140772 0.448530
0.146273 0.459609
0.093988 0.261201
0.099329 0.268387
0.104506 0.275376
0.110148 0.282893
0.115394 0.289937
0.121001 0.297379
0.126585 0.304769
0.132047 0.311987
0.137992 0.319716
0.143451 0.326851
0.149374 0.334453
0.155213 0.341893
0.163694 0.680732
0.168409 0.696432
0.173411 0.710973
0.179169 0.725567
0.185830 0.740263
0.192959 0.754017
0.200716 0.767147
0.209570 0.780336
0.219036 0.792718
0.229211 0.804525
0.240232 0.815828
0.251934 0.826458
0.548250 0.693918
0.558800 0.706363
0.568993 0.718834
0.578827 0.731410
0.588330 0.744132
0.597512 0.756912
0.606332 0.769758
0.614819 0.782640
0.623004 0.795544
0.630915 0.808449
0.638493 0.821189
0.645885 0.833931
0.535392 0.803825
0.547961 0.812976
0.560182 0.822286
0.571920 0.831711
0.583241 0.841344
0.594000 0.851066
0.604322 0.860992
0.614187 0.871083
0.623528 0.881225
0.632451 0.891483
0.641014 0.901861
0.649127 0.912201
0.139702 0.381940
0.147786 0.393265
0.155852 0.404712
0.163901 0.416312
0.171906 0.428049
0.179932 0.440048
0.187936 0.452248
0.195914 0.464657
0.203863 0.477261
0.211802 0.490068
0.219745 0.503076
0.227712 0.516277
0.764238 0.720353
0.766520 0.737234
0.768578 0.752648
0.770438 0.766266
0.772186 0.778446
0.773749 0.788815
0.775212 0.797984
0.776803 0.806955
0.778319 0.815000
0.780127 0.823383
0.782175 0.831884
0.784842 0.841426
0.051232 0.257443
0.056718 0.265221
0.061861 0.272546
0.067501 0.280436
0.072832 0.287921
0.078575 0.295863
0.084097 0.303527
0.089929 0.311531
0.095613 0.319343
0.101492 0.327374
0.107325 0.335345
0.113242 0.343419
0.372589 0.548149
0.378881 0.553246
0.385151 0.558376
0.391407 0.563550
0.397644 0.568762
0.403869 0.574021
0.410072 0.579317
0.416236 0.584635
0.422387 0.589997
0.428501 0.595380
0.434594 0.600798
0.440681 0.606260
0.728326 0.974734
0.730182 0.978478
0.732045 0.982256
0.733551 0.985517
0.735292 0.989147
0.737116 0.992920
0.738675 0.996326
0.740267 0.999791
0.741999 1.003495
0.743454 1.006802
0.744915 1.010138
0.746541 1.013749
0.556785 0.989880
0.565606 0.993426
0.574669 0.997378
0.582572 1.001210
0.590061 1.005182
0.597056 1.009244
0.603791 1.013486
0.610280 1.017907
0.615865 1.022086
0.622328 1.027075
0.627062 1.031199
0.633095 1.036419
0.353565 0.766884
0.364974 0.774754
0.376807 0.782336
0.388979 0.789585
0.401364 0.796513
0.414127 0.803268
0.427026 0.809773
0.440022 0.816077
0.453222 0.822304
0.466330 0.828385
0.479480 0.834455
0.492417 0.840460
0.136606 0.257662
0.142798 0.265533
0.147658 0.271876
0.153379 0.279137
0.159354 0.286609
0.164231 0.292797
0.170435 0.300327
0.176130 0.307177
0.181295 0.313343
0.187862 0.320769
0.193317 0.326890
0.199085 0.333119
0.300879 0.816929
0.313102 0.824878
0.325776 0.832353
0.338905 0.839404
0.352462 0.846065
0.366385 0.852363
0.380759 0.858393
0.395081 0.864006
0.409990 0.869537
0.424517 0.874681
0.439464 0.879799
0.454286 0.884779
0.598778 0.995868
0.606632 1.001092
0.613848 1.006361
0.621279 1.012157
0.627513 1.017521
0.633720 1.023188
0.640235 1.029360
0.645713 1.035006
0.651531 1.041123
0.657411 1.047494
0.662637 1.053466
0.668420 1.060059
0.870101 0.565003
0.875823 0.584079
0.880971 0.600220
0.885134 0.611440
0.888694 0.619312
0.892048 0.625537
0.895169 0.630092
0.897485 0.631840
0.898745 0.630900
0.899574 0.628916
0.900394 0.626965
0.900821 0.624300
-0.047374 0.612425
-0.044533 0.618162
-0.040411 0.629444
-0.036031 0.643369
-0.032769 0.653505
-0.029316 0.665475
-0.024976 0.683462
-0.020307 0.704568
-0.015843 0.725072
-0.011988 0.741988
-0.007890 0.759781
-0.002580 0.782779
0.423155 1.111406
0.444671 1.114991
0.464023 1.118032
0.482378 1.120827
0.499951 1.123507
0.516206 1.126001
0.530182 1.128281
0.543718 1.130603
0.555167 1.132722
0.564738 1.134660
0.573996 1.136704
0.581291 1.138508
0.207559 0.389248
0.216068 0.397831
0.225064 0.406458
0.234688 0.415196
0.244616 0.423750
0.254489 0.431854
0.264737 0.439857
0.275699 0.447994
0.287101 0.456094
0.298575 0.463963
0.310153 0.471676
0.322020 0.479417
0.799661 0.578984
0.805412 0.600458
0.810454 0.621919
0.814679 0.641758
0.818668 0.662407
0.822092 0.680821
0.825115 0.697144
0.827951 0.712134
0.830120 0.722696
0.832409 0.733532
0.833871 0.739658
0.835410 0.746010
0.240954 0.535523
0.248114 0.547359
0.255263 0.559175
0.262505 0.571077
0.269916 0.583139
0.277495 0.595286
0.285216 0.607397
0.293051 0.619361
0.301122 0.631219
0.309520 0.643066
0.318258 0.654747
0.327364 0.666215
0.397751 0.705780
0.408181 0.714614
0.418824 0.723179
0.429721 0.731581
0.440808 0.739796
0.452058 0.747850
0.463411 0.755752
0.474877 0.763570
0.486353 0.771289
0.497773 0.778930
0.509203 0.786621
0.520438 0.794251
0.680318 0.972406
0.685203 0.979768
0.689890 0.987020
0.694453 0.994228
0.698933 1.001436
0.703145 1.008405
0.707408 1.015519
0.711316 1.022273
0.715301 1.029192
0.718874 1.035660
0.722659 1.042462
0.726040 1.048810
0.688729 0.970355
0.691802 0.975269
0.694847 0.980193
0.697771 0.985008
0.700667 0.989828
0.703544 0.994664
0.706289 0.999367
0.709011 1.004078
0.711718 1.008806
0.714302 1.013408
0.716845 1.017989
0.719362 1.022571
0.317902 0.595558
0.323536 0.602472
0.329217 0.609353
0.334968 0.616263
0.340773 0.623119
0.346650 0.629942
0.352610 0.636729
0.358678 0.643490
0.364821 0.650162
0.371091 0.656831
0.377439 0.663391
0.383898 0.669882
0.011514 0.598894
0.014033 0.613470
0.016125 0.625438
0.018329 0.638497
0.020996 0.655250
0.024020 0.674208
0.027184 0.692899
0.030081 0.708350
0.033222 0.723904
0.037077 0.741751
0.041513 0.760273
0.046266 0.777902
0.495796 0.401832
0.509539 0.408185
0.523185 0.414827
0.535747 0.421267
0.548623 0.428228
0.560885 0.435279
0.572481 0.442355
0.584055 0.449883
0.595103 0.457583
0.605765 0.465565
0.615905 0.473717
0.625565 0.482081
0.586041 0.576309
0.598253 0.590923
0.609521 0.606137
0.619915 0.621986
0.629427 0.638349
0.638016 0.655017
0.645717 0.671821
0.652845 0.689269
0.659377 0.706895
0.665288 0.724353
0.670750 0.741659
0.675923 0.758825
0.028916 0.281502
0.028916 0.281502
0.028916 0.281502
0.029761 0.282723
0.032362 0.286684
0.035431 0.291212
0.038561 0.295802
0.041722 0.300398
0.044506 0.304498
0.047235 0.308505
0.049976 0.312522
0.053106 0.316997
0.017437 0.298216
0.017437 0.298216
0.017437 0.298216
0.017437 0.298216
0.017437 0.298216
0.017437 0.298216
0.017437 0.298216
0.017437 0.298216
0.020596 0.303021
0.023980 0.308165
0.027394 0.313318
0.030843 0.318467
0.247436 0.565653
0.252144 0.574187
0.256764 0.582530
0.261392 0.590807
0.266191 0.599262
0.271121 0.607790
0.276100 0.616225
0.281105 0.624513
0.286244 0.632770
0.291622 0.641098
0.297163 0.649403
0.302770 0.657463
0.778038 0.730782
0.780529 0.749307
0.782598 0.764046
0.784681 0.777995
0.786134 0.787719
0.787621 0.796925
0.789207 0.805828
0.790533 0.813266
0.793216 0.823945
0.796005 0.834142
0.799540 0.845475
0.804481 0.859222
0.383744 0.796870
0.396769 0.803919
0.410108 0.810713
0.423796 0.817335
0.437434 0.823669
0.451206 0.829877
0.465183 0.836064
0.478831 0.842084
0.492477 0.848150
0.505631 0.854121
0.518616 0.860227
0.531230 0.866432
0.186243 0.533115
0.189048 0.541298
0.191844 0.549621
0.194767 0.558442
0.197732 0.567483
0.200710 0.576597
0.203669 0.585649
0.206553 0.594439
0.209496 0.603265
0.212524 0.612137
0.215750 0.621317
0.219122 0.630507
0.187938 0.459050
0.194662 0.469978
0.201190 0.480865
0.207622 0.491801
0.214142 0.503061
0.220779 0.514676
0.227389 0.526390
0.233846 0.537961
0.240350 0.549658
0.247085 0.561754
0.253907 0.573943
0.260698 0.585979
0.047870 0.517694
0.048618 0.521195
0.050541 0.529874
0.051922 0.537061
0.054520 0.552748
0.056705 0.567804
0.059810 0.593088
0.062597 0.616367
0.066482 0.648256
0.070470 0.675206
0.076381 0.708131
0.082653 0.734791
0.061017 0.344069
0.067691 0.353608
0.074337 0.363135
0.080995 0.372717
0.087988 0.382820
0.094868 0.392955
0.101560 0.403094
0.107942 0.413145
0.113700 0.422705
0.119175 0.432295
0.124377 0.441980
0.129447 0.452102
0.713640 0.910351
0.717447 0.918414
0.721219 0.926349
0.724740 0.933885
0.728547 0.941841
0.732030 0.949323
0.735539 0.956878
0.739303 0.964873
0.742347 0.971822
0.745923 0.979675
0.749196 0.987148
0.752207 0.994307
0.440954 0.455674
0.456790 0.463209
0.472306 0.471000
0.487659 0.479173
0.502834 0.487789
0.517368 0.496669
0.531325 0.505851
0.544804 0.515461
0.557788 0.525550
0.570019 0.535927
0.581766 0.546861
0.592815 0.558198
0.692143 0.507963
0.701544 0.521770
0.710480 0.536599
0.718660 0.552009
0.726004 0.567743
0.732610 0.583951
0.738656 0.601143
0.743872 0.618354
0.748582 0.636450
0.752550 0.654193
0.756024 0.672396
0.758981 0.689741
0.001168 0.577099
0.004713 0.594230
0.007321 0.606604
0.010862 0.626603
0.014663 0.649489
0.017885 0.667867
0.022530 0.695461
0.026792 0.717717
0.031736 0.741045
0.037914 0.766843
0.043570 0.786897
0.051004 0.810475
0.407758 0.687002
0.417194 0.695415
0.426801 0.703686
0.436566 0.711820
0.446470 0.719824
0.456487 0.727706
0.466610 0.735495
0.476780 0.743183
0.486997 0.750813
0.497193 0.758377
0.507353 0.765915
0.517444 0.773447
0.290562 0.568091
0.297283 0.576874
0.304010 0.585593
0.310884 0.594413
0.317747 0.603128
0.324765 0.611885
0.331880 0.620637
0.339104 0.629313
0.346478 0.637944
0.353967 0.646460
0.361651 0.654902
0.369500 0.663258
0.378248 0.612391
0.386959 0.621149
0.395773 0.629916
0.404647 0.638633
0.413615 0.647314
0.422672 0.655941
0.431804 0.664492
0.441027 0.672990
0.450324 0.681425
0.459686 0.689797
0.469099 0.698110
0.478552 0.706373
0.834968 0.541568
0.841002 0.561960
0.846565 0.582381
0.851484 0.601499
0.855978 0.619299
0.860187 0.635938
0.864401 0.652144
0.867941 0.664354
0.870686 0.672486
0.873262 0.679261
0.875888 0.685727
0.877650 0.688890
0.574229 0.827072
0.584301 0.835971
0.594007 0.845020
0.603351 0.854207
0.612274 0.863473
0.620827 0.872830
0.629036 0.882277
0.636913 0.891783
0.644507 0.901364
0.651733 0.910877
0.658688 0.920390
0.665440 0.929944
0.745790 0.966068
0.748304 0.971852
0.750856 0.977752
0.753320 0.983571
0.755741 0.989386
0.758132 0.995232
0.760404 1.000940
0.762700 1.006774
0.764868 1.012483
0.766965 1.018137
0.768890 1.023580
0.770759 1.029003
0.852847 0.733052
0.853114 0.733440
0.852308 0.730747
0.852185 0.730525
0.851698 0.729407
0.851261 0.728840
0.851561 0.730340
0.851107 0.730282
0.852890 0.735590
0.853475 0.738297
0.855540 0.744185
0.858481 0.751713
0.301810 0.593804
0.307817 0.601832
0.313954 0.609915
0.320196 0.617990
0.326486 0.625971
0.332902 0.633917
0.339479 0.641843
0.346162 0.649660
0.352974 0.657372
0.359980 0.665026
0.367131 0.672554
0.374444 0.679959
0.259357 0.554897
0.267708 0.567864
0.276158 0.580846
0.284772 0.593933
0.293570 0.606993
0.302578 0.619981
0.311894 0.632907
0.321525 0.645654
0.331536 0.658183
0.341981 0.670431
0.352911 0.682423
0.364311 0.694029
0.458731 0.721918
0.471365 0.731885
0.484103 0.741762
0.496802 0.751479
0.509471 0.761175
0.522016 0.770857
0.534364 0.780563
0.546435 0.790316
0.558188 0.800159
0.569583 0.810123
0.580570 0.820209
0.591169 0.830468
-0.004304 0.556367
-0.000685 0.564668
0.000366 0.567521
0.000716 0.568585
0.001233 0.569956
0.001694 0.571133
0.001435 0.570213
0.000140 0.565567
-0.001076 0.560724
-0.001328 0.558694
-0.001119 0.558259
-0.000835 0.557802
0.261438 0.519685
0.269208 0.529382
0.276995 0.539063
0.284851 0.548791
0.292822 0.558622
0.300800 0.568429
0.308873 0.578300
0.317043 0.588221
0.325256 0.598106
0.333610 0.608030
0.342080 0.617924
0.350660 0.627740
0.393504 0.612732
0.399655 0.618698
0.405870 0.624719
0.412098 0.630719
0.418345 0.636700
0.424622 0.642674
0.430929 0.648638
0.437252 0.654577
0.443589 0.660486
0.449960 0.666392
0.456370 0.672314
0.462753 0.678147
0.247019 0.560888
0.254431 0.574097
0.261956 0.587356
0.269638 0.600636
0.277498 0.613857
0.285603 0.626994
0.294029 0.639992
0.302864 0.652911
0.312095 0.665515
0.321817 0.677838
0.332078 0.689835
0.342888 0.701446
0.544864 0.917014
0.555620 0.921988
0.565223 0.926808
0.574691 0.931922
0.583587 0.937133
0.591871 0.942394
0.599910 0.947893
0.607170 0.953284
0.614584 0.959124
0.621271 0.964835
0.627929 0.970833
0.634003 0.976708
0.338403 0.755926
0.343407 0.759878
0.348528 0.763760
0.353750 0.767583
0.359061 0.771299
0.364439 0.774940
0.369933 0.778526
0.375492 0.782043
0.381121 0.785465
0.386826 0.788839
0.392559 0.792121
0.398464 0.795420
0.315942 0.537682
0.324392 0.545755
0.332846 0.553855
0.341352 0.562032
0.349855 0.570243
0.358376 0.578498
0.366920 0.586818
0.375497 0.595180
0.384072 0.603546
0.392700 0.611949
0.401335 0.620332
0.410036 0.628732
0.393773 0.646528
0.404877 0.657421
0.416184 0.668178
0.427683 0.678777
0.439370 0.689236
0.451219 0.699549
0.463205 0.709726
0.475309 0.719816
0.487420 0.729740
0.499551 0.739623
0.511648 0.749495
0.523582 0.759283
0.019549 0.542459
0.019986 0.543834
0.020808 0.546731
0.022017 0.551419
0.023860 0.559768
0.026264 0.572292
0.029096 0.589315
0.032247 0.610254
0.035713 0.634580
0.039709 0.662281
0.044327 0.691019
0.049733 0.719643
0.177090 0.442646
0.183931 0.453435
0.190739 0.464429
0.197408 0.475465
0.203927 0.486504
0.210430 0.497725
0.217095 0.509391
0.223792 0.521276
0.230425 0.533188
0.236968 0.545041
0.243576 0.557012
0.250387 0.569335
0.056694 0.299903
0.062367 0.307941
0.067772 0.315605
0.073781 0.323978
0.079102 0.331492
0.085378 0.340150
0.090646 0.347587
0.096874 0.356220
0.102345 0.363966
0.108366 0.372446
0.113995 0.380527
0.119717 0.388832
0.472664 0.686381
0.483082 0.695812
0.493526 0.705260
0.503925 0.714670
0.514246 0.724055
0.524491 0.733458
0.534611 0.742881
0.544558 0.752337
0.554256 0.761741
0.563805 0.771290
0.573102 0.780892
0.582121 0.790549
0.210096 0.559002
0.214303 0.569857
0.218781 0.581329
0.223114 0.592410
0.227743 0.603968
0.232323 0.615118
0.237231 0.626606
0.242196 0.637726
0.247521 0.649011
0.252997 0.659933
0.258895 0.670869
0.265073 0.681578
0.325091 0.592742
0.333142 0.602164
0.341332 0.611650
0.349617 0.621075
0.358017 0.630438
0.366585 0.639756
0.375291 0.648965
0.384181 0.658080
0.393244 0.667069
0.402490 0.675925
0.411924 0.684644
0.421530 0.693226
0.632845 0.966817
0.640138 0.974198
0.646403 0.981058
0.652787 0.988316
0.658903 0.995602
0.664439 1.002562
0.670325 1.010067
0.675710 1.017247
0.680867 1.024336
0.686355 1.031900
0.690987 1.038665
0.695895 1.045815
0.719109 0.956752
0.723133 0.964762
0.727186 0.972864
0.730986 0.980684
0.734805 0.988601
0.738449 0.996367
0.742047 1.004156
0.745340 1.011600
0.748652 1.019171
0.751732 1.026504
0.754734 1.033818
0.757546 1.040948
0.535655 1.022443
0.544227 1.024848
0.552701 1.027400
0.560758 1.030031
0.568193 1.032675
0.574561 1.035174
0.580516 1.037703
0.586404 1.040396
0.591854 1.043103
0.597100 1.045909
0.601902 1.048691
0.606500 1.051524
0.428021 0.653079
0.437275 0.661738
0.446611 0.670365
0.455999 0.678935
0.465439 0.687457
0.474913 0.695933
0.484403 0.704366
0.493887 0.712762
0.503341 0.721125
0.512760 0.729484
0.522083 0.737818
0.531337 0.746185
