0.079248 0.199685
0.081858 0.203093
0.084474 0.206519
0.087481 0.210391
0.090726 0.214540
0.093839 0.218556
0.096510 0.222089
0.099210 0.225663
0.102462 0.229865
0.105810 0.234186
0.108833 0.238147
0.111574 0.241792
0.114425 0.245569
0.117821 0.249966
0.121234 0.254384
0.124139 0.258223
0.126959 0.261964
0.130039 0.265997
0.133508 0.270465
0.136969 0.274913
0.139829 0.278672
0.142682 0.282411
0.145986 0.286643
0.149553 0.291150
0.152919 0.295406
0.155808 0.299114
0.158723 0.302824
0.162294 0.307224
0.165932 0.311653
0.169205 0.315654
0.172160 0.319275
0.175291 0.323041
0.179020 0.327380
0.182793 0.331699
0.185967 0.335353
0.189045 0.338857
0.192498 0.342667
0.196406 0.346841
0.200264 0.350879
0.203504 0.354272
0.206800 0.357645
0.210676 0.361451
0.214827 0.365394
0.218802 0.369089
0.222319 0.372319
0.225913 0.375529
0.230355 0.379303
0.234924 0.383055
0.239060 0.386385
0.243020 0.389498
0.247234 0.392697
0.252190 0.396289
0.257214 0.399815
0.261670 0.402881
0.266126 0.405866
0.271097 0.409065
0.276551 0.412451
0.281995 0.415742
0.286901 0.418649
0.291855 0.421520
0.297537 0.424697
0.303496 0.427947
0.309250 0.431031
0.314586 0.433856
0.320077 0.436712
0.326394 0.439912
0.332775 0.443114
0.338695 0.446067
0.344436 0.448918
0.350431 0.451873
0.357051 0.455100
0.363622 0.458315
0.369631 0.461266
0.375638 0.464234
0.382003 0.467391
0.388662 0.470689
0.395205 0.473983
0.401288 0.477082
0.407400 0.480243
0.413881 0.483620
0.420391 0.487071
0.426744 0.490502
0.432796 0.493832
0.438834 0.497233
0.445162 0.500828
0.451404 0.504474
0.457442 0.508076
0.463337 0.511678
0.469267 0.515388
0.475319 0.519256
0.481229 0.523147
0.486903 0.526967
0.492500 0.530848
0.498152 0.534866
0.503766 0.538971
0.509225 0.543087
0.514640 0.547279
0.519946 0.551526
0.525251 0.555889
0.530411 0.560278
0.535460 0.564710
0.540384 0.569166
0.545271 0.573751
0.550095 0.578416
0.554793 0.583131
0.559381 0.587885
0.563921 0.592765
0.568342 0.597690
0.572639 0.602640
0.576883 0.607728
0.580995 0.612811
0.585018 0.618009
0.588932 0.623200
0.592773 0.628508
0.596535 0.633909
0.600135 0.639278
0.603620 0.644620
0.607115 0.650196
0.610493 0.655795
0.613743 0.661404
0.616905 0.666976
0.619959 0.672590
0.622956 0.678272
0.625935 0.684142
0.628720 0.689775
0.631404 0.695383
0.634122 0.701246
0.636772 0.707127
0.639327 0.712970
0.641857 0.718896
0.644285 0.724797
0.646633 0.730515
0.648978 0.736410
0.651257 0.742257
0.653462 0.748009
0.655616 0.753732
0.657783 0.759547
0.659946 0.765474
0.662042 0.771159
0.664029 0.776663
0.665992 0.782133
0.668081 0.787966
0.670112 0.793549
0.672027 0.798890
0.673925 0.804175
0.675861 0.809565
0.677855 0.814955
0.679843 0.820326
0.681711 0.825383
0.683613 0.830461
0.685583 0.835631
0.687595 0.840817
0.689512 0.845747
0.691408 0.850576
0.693269 0.855274
0.695266 0.860182
0.697327 0.865164
0.699311 0.869896
0.701164 0.874359
0.703076 0.878881
0.705217 0.883775
0.707381 0.888610
0.709325 0.893049
0.711230 0.897385
0.713339 0.902041
0.715498 0.906715
0.717645 0.911352
0.719671 0.915785
0.721550 0.919940
0.723716 0.924549
0.725973 0.929290
0.728066 0.933774
0.729946 0.937904
0.731847 0.942077
0.733999 0.946651
0.736131 0.951200
0.738125 0.955548
0.739927 0.959615
0.741801 0.963810
0.743909 0.968395
0.745935 0.972874
0.747733 0.977029
0.749505 0.981175
0.751348 0.985451
0.753286 0.989924
0.755165 0.994342
0.756656 0.998172
0.758112 1.001964
0.759931 1.006398
0.761608 1.010642
0.763166 1.014737
0.764593 1.018633
0.766043 1.022616
0.767531 1.026708
0.768948 1.030716
0.770293 1.034641
0.771556 1.038457
0.772825 1.042320
0.774090 1.046217
0.775317 1.050084
