79.133556
79.633556
80.133556
80.633556
81.133556
81.633556
82.133556
82.633556
83.133556
83.633556
84.133556
84.633556
58.636857
59.136857
59.636857
60.136857
60.636857
61.136857
61.636857
62.136857
62.636857
63.136857
63.636857
64.136857
72.771352
73.271352
73.771352
74.271352
74.771352
75.271352
75.771352
76.271352
76.771352
77.271352
77.771352
78.271352
72.199643
72.699643
73.199643
73.699643
74.199643
74.699643
75.199643
75.699643
76.199643
76.699643
77.199643
77.699643
77.588863
78.088863
78.588863
79.088863
79.588863
80.088863
80.588863
81.088863
81.588863
82.088863
82.588863
83.088863
53.782739
54.282739
54.782739
55.282739
55.782739
56.282739
56.782739
57.282739
57.782739
58.282739
58.782739
59.282739
67.336421
67.836421
68.336421
68.836421
69.336421
69.836421
70.336421
70.836421
71.336421
71.836421
72.336421
72.836421
69.201287
69.701287
70.201287
70.701287
71.201287
71.701287
72.201287
72.701287
73.201287
73.701287
74.201287
74.701287
54.375445
54.875445
55.375445
55.875445
56.375445
56.875445
57.375445
57.875445
58.375445
58.875445
59.375445
59.875445
74.138849
74.638849
75.138849
75.638849
76.138849
76.638849
77.138849
77.638849
78.138849
78.638849
79.138849
79.638849
63.625236
64.125236
64.625236
65.125236
65.625236
66.125236
66.625236
67.125236
67.625236
68.125236
68.625236
69.125236
62.836488
63.336488
63.836488
64.336488
64.836488
65.336488
65.836488
66.336488
66.836488
67.336488
67.836488
68.336488
62.992831
63.492831
63.992831
64.492831
64.992831
65.492831
65.992831
66.492831
66.992831
67.492831
67.992831
68.492831
75.896873
76.396873
76.896873
77.396873
77.896873
78.396873
78.896873
79.396873
79.896873
80.396873
80.896873
81.396873
73.986040
74.486040
74.986040
75.486040
75.986040
76.486040
76.986040
77.486040
77.986040
78.486040
78.986040
79.486040
61.960818
62.460818
62.960818
63.460818
63.960818
64.460818
64.960818
65.460818
65.960818
66.460818
66.960818
67.460818
64.710393
65.210393
65.710393
66.210393
66.710393
67.210393
67.710393
68.210393
68.710393
69.210393
69.710393
70.210393
67.472421
67.972421
68.472421
68.972421
69.472421
69.972421
70.472421
70.972421
71.472421
71.972421
72.472421
72.972421
73.455675
73.955675
74.455675
74.955675
75.455675
75.955675
76.455675
76.955675
77.455675
77.955675
78.455675
78.955675
62.269972
62.769972
63.269972
63.769972
64.269972
64.769972
65.269972
65.769972
66.269972
66.769972
67.269972
67.769972
79.764522
80.264522
80.764522
81.264522
81.764522
82.264522
82.764522
83.264522
83.764522
84.264522
84.764522
85.264522
69.062274
69.562274
70.062274
70.562274
71.062274
71.562274
72.062274
72.562274
73.062274
73.562274
74.062274
74.562274
63.600163
64.100163
64.600163
65.100163
65.600163
66.100163
66.600163
67.100163
67.600163
68.100163
68.600163
69.100163
71.389989
71.889989
72.389989
72.889989
73.389989
73.889989
74.389989
74.889989
75.389989
75.889989
76.389989
76.889989
68.194657
68.694657
69.194657
69.694657
70.194657
70.694657
71.194657
71.694657
72.194657
72.694657
73.194657
73.694657
84.802036
85.302036
85.802036
86.302036
86.802036
87.302036
87.802036
88.302036
88.802036
89.302036
89.802036
90.302036
75.468274
75.968274
76.468274
76.968274
77.468274
77.968274
78.468274
78.968274
79.468274
79.968274
80.468274
80.968274
77.693987
78.193987
78.693987
79.193987
79.693987
80.193987
80.693987
81.193987
81.693987
82.193987
82.693987
83.193987
71.919416
72.419416
72.919416
73.419416
73.919416
74.419416
74.919416
75.419416
75.919416
76.419416
76.919416
77.419416
58.914404
59.414404
59.914404
60.414404
60.914404
61.414404
61.914404
62.414404
62.914404
63.414404
63.914404
64.414404
70.989199
71.489199
71.989199
72.489199
72.989199
73.489199
73.989199
74.489199
74.989199
75.489199
75.989199
76.489199
63.287272
63.787272
64.287272
64.787272
65.287272
65.787272
66.287272
66.787272
67.287272
67.787272
68.287272
68.787272
70.028816
70.528816
71.028816
71.528816
72.028816
72.528816
73.028816
73.528816
74.028816
74.528816
75.028816
75.528816
86.304402
86.804402
87.304402
87.804402
88.304402
88.804402
89.304402
89.804402
90.304402
90.804402
91.304402
91.804402
71.129148
71.629148
72.129148
72.629148
73.129148
73.629148
74.129148
74.629148
75.129148
75.629148
76.129148
76.629148
75.980125
76.480125
76.980125
77.480125
77.980125
78.480125
78.980125
79.480125
79.980125
80.480125
80.980125
81.480125
66.088111
66.588111
67.088111
67.588111
68.088111
68.588111
69.088111
69.588111
70.088111
70.588111
71.088111
71.588111
56.737870
57.237870
57.737870
58.237870
58.737870
59.237870
59.737870
60.237870
60.737870
61.237870
61.737870
62.237870
66.976394
67.476394
67.976394
68.476394
68.976394
69.476394
69.976394
70.476394
70.976394
71.476394
71.976394
72.476394
67.251502
67.751502
68.251502
68.751502
69.251502
69.751502
70.251502
70.751502
71.251502
71.751502
72.251502
72.751502
56.674910
57.174910
57.674910
58.174910
58.674910
59.174910
59.674910
60.174910
60.674910
61.174910
61.674910
62.174910
83.603970
84.103970
84.603970
85.103970
85.603970
86.103970
86.603970
87.103970
87.603970
88.103970
88.603970
89.103970
72.077766
72.577766
73.077766
73.577766
74.077766
74.577766
75.077766
75.577766
76.077766
76.577766
77.077766
77.577766
64.996319
65.496319
65.996319
66.496319
66.996319
67.496319
67.996319
68.496319
68.996319
69.496319
69.996319
70.496319
63.287652
63.787652
64.287652
64.787652
65.287652
65.787652
66.287652
66.787652
67.287652
67.787652
68.287652
68.787652
71.246702
71.746702
72.246702
72.746702
73.246702
73.746702
74.246702
74.746702
75.246702
75.746702
76.246702
76.746702
79.472332
79.972332
80.472332
80.972332
81.472332
81.972332
82.472332
82.972332
83.472332
83.972332
84.472332
84.972332
66.046655
66.546655
67.046655
67.546655
68.046655
68.546655
69.046655
69.546655
70.046655
70.546655
71.046655
71.546655
60.598992
61.098992
61.598992
62.098992
62.598992
63.098992
63.598992
64.098992
64.598992
65.098992
65.598992
66.098992
50.699111
51.199111
51.699111
52.199111
52.699111
53.199111
53.699111
54.199111
54.699111
55.199111
55.699111
56.199111
89.154060
89.654060
90.154060
90.654060
91.154060
91.654060
92.154060
92.654060
93.154060
93.654060
94.154060
94.654060
76.006440
76.506440
77.006440
77.506440
78.006440
78.506440
79.006440
79.506440
80.006440
80.506440
81.006440
81.506440
73.964524
74.464524
74.964524
75.464524
75.964524
76.464524
76.964524
77.464524
77.964524
78.464524
78.964524
79.464524
59.311837
59.811837
60.311837
60.811837
61.311837
61.811837
62.311837
62.811837
63.311837
63.811837
64.311837
64.811837
54.965149
55.465149
55.965149
56.465149
56.965149
57.465149
57.965149
58.465149
58.965149
59.465149
59.965149
60.465149
78.280359
78.780359
79.280359
79.780359
80.280359
80.780359
81.280359
81.780359
82.280359
82.780359
83.280359
83.780359
81.978498
82.478498
82.978498
83.478498
83.978498
84.478498
84.978498
85.478498
85.978498
86.478498
86.978498
87.478498
78.590779
79.090779
79.590779
80.090779
80.590779
81.090779
81.590779
82.090779
82.590779
83.090779
83.590779
84.090779
71.178114
71.678114
72.178114
72.678114
73.178114
73.678114
74.178114
74.678114
75.178114
75.678114
76.178114
76.678114
76.364461
76.864461
77.364461
77.864461
78.364461
78.864461
79.364461
79.864461
80.364461
80.864461
81.364461
81.864461
56.840771
57.340771
57.840771
58.340771
58.840771
59.340771
59.840771
60.340771
60.840771
61.340771
61.840771
62.340771
78.470876
78.970876
79.470876
79.970876
80.470876
80.970876
81.470876
81.970876
82.470876
82.970876
83.470876
83.970876
56.957868
57.457868
57.957868
58.457868
58.957868
59.457868
59.957868
60.457868
60.957868
61.457868
61.957868
62.457868
69.751968
70.251968
70.751968
71.251968
71.751968
72.251968
72.751968
73.251968
73.751968
74.251968
74.751968
75.251968
69.626611
70.126611
70.626611
71.126611
71.626611
72.126611
72.626611
73.126611
73.626611
74.126611
74.626611
75.126611
69.746062
70.246062
70.746062
71.246062
71.746062
72.246062
72.746062
73.246062
73.746062
74.246062
74.746062
75.246062
60.956255
61.456255
61.956255
62.456255
62.956255
63.456255
63.956255
64.456255
64.956255
65.456255
65.956255
66.456255
73.160995
73.660995
74.160995
74.660995
75.160995
75.660995
76.160995
76.660995
77.160995
77.660995
78.160995
78.660995
69.237041
69.737041
70.237041
70.737041
71.237041
71.737041
72.237041
72.737041
73.237041
73.737041
74.237041
74.737041
63.066805
63.566805
64.066805
64.566805
65.066805
65.566805
66.066805
66.566805
67.066805
67.566805
68.066805
68.566805
85.426062
85.926062
86.426062
86.926062
87.426062
87.926062
88.426062
88.926062
89.426062
89.926062
90.426062
90.926062
67.680879
68.180879
68.680879
69.180879
69.680879
70.180879
70.680879
71.180879
71.680879
72.180879
72.680879
73.180879
63.164123
63.664123
64.164123
64.664123
65.164123
65.664123
66.164123
66.664123
67.164123
67.664123
68.164123
68.664123
91.062355
91.562355
92.062355
92.562355
93.062355
93.562355
94.062355
94.562355
95.062355
95.562355
96.062355
96.562355
72.950034
73.450034
73.950034
74.450034
74.950034
75.450034
75.950034
76.450034
76.950034
77.450034
77.950034
78.450034
83.045106
83.545106
84.045106
84.545106
85.045106
85.545106
86.045106
86.545106
87.045106
87.545106
88.045106
88.545106
56.662350
57.162350
57.662350
58.162350
58.662350
59.162350
59.662350
60.162350
60.662350
61.162350
61.662350
62.162350
77.145306
77.645306
78.145306
78.645306
79.145306
79.645306
80.145306
80.645306
81.145306
81.645306
82.145306
82.645306
71.903745
72.403745
72.903745
73.403745
73.903745
74.403745
74.903745
75.403745
75.903745
76.403745
76.903745
77.403745
58.721883
59.221883
59.721883
60.221883
60.721883
61.221883
61.721883
62.221883
62.721883
63.221883
63.721883
64.221883
79.575899
80.075899
80.575899
81.075899
81.575899
82.075899
82.575899
83.075899
83.575899
84.075899
84.575899
85.075899
78.085720
78.585720
79.085720
79.585720
80.085720
80.585720
81.085720
81.585720
82.085720
82.585720
83.085720
83.585720
64.781139
65.281139
65.781139
66.281139
66.781139
67.281139
67.781139
68.281139
68.781139
69.281139
69.781139
70.281139
68.746764
69.246764
69.746764
70.246764
70.746764
71.246764
71.746764
72.246764
72.746764
73.246764
73.746764
74.246764
57.089101
57.589101
58.089101
58.589101
59.089101
59.589101
60.089101
60.589101
61.089101
61.589101
62.089101
62.589101
77.942632
78.442632
78.942632
79.442632
79.942632
80.442632
80.942632
81.442632
81.942632
82.442632
82.942632
83.442632
44.342720
44.842720
45.342720
45.842720
46.342720
46.842720
47.342720
47.842720
48.342720
48.842720
49.342720
49.842720
71.270475
71.770475
72.270475
72.770475
73.270475
73.770475
74.270475
74.770475
75.270475
75.770475
76.270475
76.770475
68.199211
68.699211
69.199211
69.699211
70.199211
70.699211
71.199211
71.699211
72.199211
72.699211
73.199211
73.699211
71.293915
71.793915
72.293915
72.793915
73.293915
73.793915
74.293915
74.793915
75.293915
75.793915
76.293915
76.793915
81.836572
82.336572
82.836572
83.336572
83.836572
84.336572
84.836572
85.336572
85.836572
86.336572
86.836572
87.336572
77.720271
78.220271
78.720271
79.220271
79.720271
80.220271
80.720271
81.220271
81.720271
82.220271
82.720271
83.220271
68.004235
68.504235
69.004235
69.504235
70.004235
70.504235
71.004235
71.504235
72.004235
72.504235
73.004235
73.504235
85.379747
85.879747
86.379747
86.879747
87.379747
87.879747
88.379747
88.879747
89.379747
89.879747
90.379747
90.879747
68.190294
68.690294
69.190294
69.690294
70.190294
70.690294
71.190294
71.690294
72.190294
72.690294
73.190294
73.690294
81.630654
82.130654
82.630654
83.130654
83.630654
84.130654
84.630654
85.130654
85.630654
86.130654
86.630654
87.130654
93.765114
94.265114
94.765114
95.265114
95.765114
96.265114
96.765114
97.265114
97.765114
98.265114
98.765114
99.265114
62.009865
62.509865
63.009865
63.509865
64.009865
64.509865
65.009865
65.509865
66.009865
66.509865
67.009865
67.509865
63.116331
63.616331
64.116331
64.616331
65.116331
65.616331
66.116331
66.616331
67.116331
67.616331
68.116331
68.616331
61.020546
61.520546
62.020546
62.520546
63.020546
63.520546
64.020546
64.520546
65.020546
65.520546
66.020546
66.520546
61.140970
61.640970
62.140970
62.640970
63.140970
63.640970
64.140970
64.640970
65.140970
65.640970
66.140970
66.640970
53.488621
53.988621
54.488621
54.988621
55.488621
55.988621
56.488621
56.988621
57.488621
57.988621
58.488621
58.988621
61.944799
62.444799
62.944799
63.444799
63.944799
64.444799
64.944799
65.444799
65.944799
66.444799
66.944799
67.444799
82.212202
82.712202
83.212202
83.712202
84.212202
84.712202
85.212202
85.712202
86.212202
86.712202
87.212202
87.712202
75.229789
75.729789
76.229789
76.729789
77.229789
77.729789
78.229789
78.729789
79.229789
79.729789
80.229789
80.729789
51.794181
52.294181
52.794181
53.294181
53.794181
54.294181
54.794181
55.294181
55.794181
56.294181
56.794181
57.294181
84.544837
85.044837
85.544837
86.044837
86.544837
87.044837
87.544837
88.044837
88.544837
89.044837
89.544837
90.044837
86.220551
86.720551
87.220551
87.720551
88.220551
88.720551
89.220551
89.720551
90.220551
90.720551
91.220551
91.720551
80.725813
81.225813
81.725813
82.225813
82.725813
83.225813
83.725813
84.225813
84.725813
85.225813
85.725813
86.225813
69.539060
70.039060
70.539060
71.039060
71.539060
72.039060
72.539060
73.039060
73.539060
74.039060
74.539060
75.039060
60.604994
61.104994
61.604994
62.104994
62.604994
63.104994
63.604994
64.104994
64.604994
65.104994
65.604994
66.104994
73.248854
73.748854
74.248854
74.748854
75.248854
75.748854
76.248854
76.748854
77.248854
77.748854
78.248854
78.748854
68.928651
69.428651
69.928651
70.428651
70.928651
71.428651
71.928651
72.428651
72.928651
73.428651
73.928651
74.428651
50.045259
50.545259
51.045259
51.545259
52.045259
52.545259
53.045259
53.545259
54.045259
54.545259
55.045259
55.545259
62.017768
62.517768
63.017768
63.517768
64.017768
64.517768
65.017768
65.517768
66.017768
66.517768
67.017768
67.517768
92.186154
92.686154
93.186154
93.686154
94.186154
94.686154
95.186154
95.686154
96.186154
96.686154
97.186154
97.686154
78.387648
78.887648
79.387648
79.887648
80.387648
80.887648
81.387648
81.887648
82.387648
82.887648
83.387648
83.887648
76.881425
77.381425
77.881425
78.381425
78.881425
79.381425
79.881425
80.381425
80.881425
81.381425
81.881425
82.381425
65.793661
66.293661
66.793661
67.293661
67.793661
68.293661
68.793661
69.293661
69.793661
70.293661
70.793661
71.293661
74.049132
74.549132
75.049132
75.549132
76.049132
76.549132
77.049132
77.549132
78.049132
78.549132
79.049132
79.549132
79.881611
80.381611
80.881611
81.381611
81.881611
82.381611
82.881611
83.381611
83.881611
84.381611
84.881611
85.381611
48.345348
48.845348
49.345348
49.845348
50.345348
50.845348
51.345348
51.845348
52.345348
52.845348
53.345348
53.845348
90.354906
90.854906
91.354906
91.854906
92.354906
92.854906
93.354906
93.854906
94.354906
94.854906
95.354906
95.854906
72.170221
72.670221
73.170221
73.670221
74.170221
74.670221
75.170221
75.670221
76.170221
76.670221
77.170221
77.670221
63.094693
63.594693
64.094693
64.594693
65.094693
65.594693
66.094693
66.594693
67.094693
67.594693
68.094693
68.594693
58.759023
59.259023
59.759023
60.259023
60.759023
61.259023
61.759023
62.259023
62.759023
63.259023
63.759023
64.259023
66.314607
66.814607
67.314607
67.814607
68.314607
68.814607
69.314607
69.814607
70.314607
70.814607
71.314607
71.814607
71.080977
71.580977
72.080977
72.580977
73.080977
73.580977
74.080977
74.580977
75.080977
75.580977
76.080977
76.580977
60.078718
60.578718
61.078718
61.578718
62.078718
62.578718
63.078718
63.578718
64.078718
64.578718
65.078718
65.578718
60.602935
61.102935
61.602935
62.102935
62.602935
63.102935
63.602935
64.102935
64.602935
65.102935
65.602935
66.102935
76.009340
76.509340
77.009340
77.509340
78.009340
78.509340
79.009340
79.509340
80.009340
80.509340
81.009340
81.509340
48.983450
49.483450
49.983450
50.483450
50.983450
51.483450
51.983450
52.483450
52.983450
53.483450
53.983450
54.483450
65.185366
65.685366
66.185366
66.685366
67.185366
67.685366
68.185366
68.685366
69.185366
69.685366
70.185366
70.685366
67.175444
67.675444
68.175444
68.675444
69.175444
69.675444
70.175444
70.675444
71.175444
71.675444
72.175444
72.675444
72.607800
73.107800
73.607800
74.107800
74.607800
75.107800
75.607800
76.107800
76.607800
77.107800
77.607800
78.107800
60.591809
61.091809
61.591809
62.091809
62.591809
63.091809
63.591809
64.091809
64.591809
65.091809
65.591809
66.091809
68.529756
69.029756
69.529756
70.029756
70.529756
71.029756
71.529756
72.029756
72.529756
73.029756
73.529756
74.029756
78.282938
78.782938
79.282938
79.782938
80.282938
80.782938
81.282938
81.782938
82.282938
82.782938
83.282938
83.782938
66.678842
67.178842
67.678842
68.178842
68.678842
69.178842
69.678842
70.178842
70.678842
71.178842
71.678842
72.178842
59.833616
60.333616
60.833616
61.333616
61.833616
62.333616
62.833616
63.333616
63.833616
64.333616
64.833616
65.333616
81.726850
82.226850
82.726850
83.226850
83.726850
84.226850
84.726850
85.226850
85.726850
86.226850
86.726850
87.226850
87.082034
87.582034
88.082034
88.582034
89.082034
89.582034
90.082034
90.582034
91.082034
91.582034
92.082034
92.582034
59.254854
59.754854
60.254854
60.754854
61.254854
61.754854
62.254854
62.754854
63.254854
63.754854
64.254854
64.754854
59.837637
60.337637
60.837637
61.337637
61.837637
62.337637
62.837637
63.337637
63.837637
64.337637
64.837637
65.337637
66.998288
67.498288
67.998288
68.498288
68.998288
69.498288
69.998288
70.498288
70.998288
71.498288
71.998288
72.498288
64.527266
65.027266
65.527266
66.027266
66.527266
67.027266
67.527266
68.027266
68.527266
69.027266
69.527266
70.027266
82.612966
83.112966
83.612966
84.112966
84.612966
85.112966
85.612966
86.112966
86.612966
87.112966
87.612966
88.112966
73.134193
73.634193
74.134193
74.634193
75.134193
75.634193
76.134193
76.634193
77.134193
77.634193
78.134193
78.634193
70.629619
71.129619
71.629619
72.129619
72.629619
73.129619
73.629619
74.129619
74.629619
75.129619
75.629619
76.129619
58.956341
59.456341
59.956341
60.456341
60.956341
61.456341
61.956341
62.456341
62.956341
63.456341
63.956341
64.456341
78.463477
78.963477
79.463477
79.963477
80.463477
80.963477
81.463477
81.963477
82.463477
82.963477
83.463477
83.963477
67.431659
67.931659
68.431659
68.931659
69.431659
69.931659
70.431659
70.931659
71.431659
71.931659
72.431659
72.931659
53.692477
54.192477
54.692477
55.192477
55.692477
56.192477
56.692477
57.192477
57.692477
58.192477
58.692477
59.192477
70.929417
71.429417
71.929417
72.429417
72.929417
73.429417
73.929417
74.429417
74.929417
75.429417
75.929417
76.429417
83.993793
84.493793
84.993793
85.493793
85.993793
86.493793
86.993793
87.493793
87.993793
88.493793
88.993793
89.493793
72.776856
73.276856
73.776856
74.276856
74.776856
75.276856
75.776856
76.276856
76.776856
77.276856
77.776856
78.276856
78.615175
79.115175
79.615175
80.115175
80.615175
81.115175
81.615175
82.115175
82.615175
83.115175
83.615175
84.115175
82.162787
82.662787
83.162787
83.662787
84.162787
84.662787
85.162787
85.662787
86.162787
86.662787
87.162787
87.662787
68.324417
68.824417
69.324417
69.824417
70.324417
70.824417
71.324417
71.824417
72.324417
72.824417
73.324417
73.824417
64.150342
64.650342
65.150342
65.650342
66.150342
66.650342
67.150342
67.650342
68.150342
68.650342
69.150342
69.650342
44.926508
45.426508
45.926508
46.426508
46.926508
47.426508
47.926508
48.426508
48.926508
49.426508
49.926508
50.426508
64.972094
65.472094
65.972094
66.472094
66.972094
67.472094
67.972094
68.472094
68.972094
69.472094
69.972094
70.472094
67.573273
68.073273
68.573273
69.073273
69.573273
70.073273
70.573273
71.073273
71.573273
72.073273
72.573273
73.073273
73.323577
73.823577
74.323577
74.823577
75.323577
75.823577
76.323577
76.823577
77.323577
77.823577
78.323577
78.823577
60.493175
60.993175
61.493175
61.993175
62.493175
62.993175
63.493175
63.993175
64.493175
64.993175
65.493175
65.993175
57.038538
57.538538
58.038538
58.538538
59.038538
59.538538
60.038538
60.538538
61.038538
61.538538
62.038538
62.538538
63.339943
63.839943
64.339943
64.839943
65.339943
65.839943
66.339943
66.839943
67.339943
67.839943
68.339943
68.839943
60.016022
60.516022
61.016022
61.516022
62.016022
62.516022
63.016022
63.516022
64.016022
64.516022
65.016022
65.516022
85.864446
86.364446
86.864446
87.364446
87.864446
88.364446
88.864446
89.364446
89.864446
90.364446
90.864446
91.364446
68.557433
69.057433
69.557433
70.057433
70.557433
71.057433
71.557433
72.057433
72.557433
73.057433
73.557433
74.057433
89.481939
89.981939
90.481939
90.981939
91.481939
91.981939
92.481939
92.981939
93.481939
93.981939
94.481939
94.981939
63.836822
64.336822
64.836822
65.336822
65.836822
66.336822
66.836822
67.336822
67.836822
68.336822
68.836822
69.336822
75.063617
75.563617
76.063617
76.563617
77.063617
77.563617
78.063617
78.563617
79.063617
79.563617
80.063617
80.563617
64.692125
65.192125
65.692125
66.192125
66.692125
67.192125
67.692125
68.192125
68.692125
69.192125
69.692125
70.192125
56.845626
57.345626
57.845626
58.345626
58.845626
59.345626
59.845626
60.345626
60.845626
61.345626
61.845626
62.345626
70.097407
70.597407
71.097407
71.597407
72.097407
72.597407
73.097407
73.597407
74.097407
74.597407
75.097407
75.597407
65.949056
66.449056
66.949056
67.449056
67.949056
68.449056
68.949056
69.449056
69.949056
70.449056
70.949056
71.449056
84.028849
84.528849
85.028849
85.528849
86.028849
86.528849
87.028849
87.528849
88.028849
88.528849
89.028849
89.528849
80.436588
80.936588
81.436588
81.936588
82.436588
82.936588
83.436588
83.936588
84.436588
84.936588
85.436588
85.936588
71.317622
71.817622
72.317622
72.817622
73.317622
73.817622
74.317622
74.817622
75.317622
75.817622
76.317622
76.817622
65.662356
66.162356
66.662356
67.162356
67.662356
68.162356
68.662356
69.162356
69.662356
70.162356
70.662356
71.162356
73.289644
73.789644
74.289644
74.789644
75.289644
75.789644
76.289644
76.789644
77.289644
77.789644
78.289644
78.789644
49.880654
50.380654
50.880654
51.380654
51.880654
52.380654
52.880654
53.380654
53.880654
54.380654
54.880654
55.380654
62.276490
62.776490
63.276490
63.776490
64.276490
64.776490
65.276490
65.776490
66.276490
66.776490
67.276490
67.776490
65.560092
66.060092
66.560092
67.060092
67.560092
68.060092
68.560092
69.060092
69.560092
70.060092
70.560092
71.060092
63.119205
63.619205
64.119205
64.619205
65.119205
65.619205
66.119205
66.619205
67.119205
67.619205
68.119205
68.619205
74.389562
74.889562
75.389562
75.889562
76.389562
76.889562
77.389562
77.889562
78.389562
78.889562
79.389562
79.889562
72.764857
73.264857
73.764857
74.264857
74.764857
75.264857
75.764857
76.264857
76.764857
77.264857
77.764857
78.264857
68.652239
69.152239
69.652239
70.152239
70.652239
71.152239
71.652239
72.152239
72.652239
73.152239
73.652239
74.152239
74.891259
75.391259
75.891259
76.391259
76.891259
77.391259
77.891259
78.391259
78.891259
79.391259
79.891259
80.391259
68.787848
69.287848
69.787848
70.287848
70.787848
71.287848
71.787848
72.287848
72.787848
73.287848
73.787848
74.287848
66.037592
66.537592
67.037592
67.537592
68.037592
68.537592
69.037592
69.537592
70.037592
70.537592
71.037592
71.537592
48.227342
48.727342
49.227342
49.727342
50.227342
50.727342
51.227342
51.727342
52.227342
52.727342
53.227342
53.727342
70.037103
70.537103
71.037103
71.537103
72.037103
72.537103
73.037103
73.537103
74.037103
74.537103
75.037103
75.537103
59.157708
59.657708
60.157708
60.657708
61.157708
61.657708
62.157708
62.657708
63.157708
63.657708
64.157708
64.657708
51.007974
51.507974
52.007974
52.507974
53.007974
53.507974
54.007974
54.507974
55.007974
55.507974
56.007974
56.507974
67.813284
68.313284
68.813284
69.313284
69.813284
70.313284
70.813284
71.313284
71.813284
72.313284
72.813284
73.313284
65.261871
65.761871
66.261871
66.761871
67.261871
67.761871
68.261871
68.761871
69.261871
69.761871
70.261871
70.761871
72.951296
73.451296
73.951296
74.451296
74.951296
75.451296
75.951296
76.451296
76.951296
77.451296
77.951296
78.451296
59.143098
59.643098
60.143098
60.643098
61.143098
61.643098
62.143098
62.643098
63.143098
63.643098
64.143098
64.643098
