70.832759
69.205391
73.847000
64.781870
66.964893
81.114564
64.781870
83.477189
75.622349
78.465057
64.781870
64.781870
86.343019
76.598612
77.846122
75.568139
67.229210
77.203231
76.080703
77.598317
72.067404
84.138423
86.343019
66.955675
64.781870
67.872041
84.596434
64.781870
84.865388
76.706060
81.189894
71.312271
64.781870
82.845296
72.859354
78.485825
66.631401
80.270358
82.362450
67.334394
78.757119
79.505325
86.343019
69.042556
86.343019
78.929498
73.292858
64.781870
67.781938
71.616492
77.881661
78.351183
86.343019
80.952280
86.343019
86.343019
86.343019
78.228303
64.781870
73.809518
78.850229
77.299844
64.781870
69.411456
72.743860
86.343019
86.343019
75.845544
72.842023
64.781870
84.379905
76.134945
86.343019
80.770135
70.961567
80.635287
86.343019
77.369788
86.343019
77.252299
80.642494
86.343019
64.781870
68.366833
72.090812
77.527921
80.494652
79.710938
73.008447
64.781870
82.806888
64.781870
75.060722
64.781870
80.271742
86.343019
71.442408
64.781870
64.781870
73.269272
78.744232
69.397538
72.347177
76.404652
64.781870
64.781870
64.781870
80.140120
82.505388
84.180724
78.041515
86.343019
86.343019
74.860514
73.505683
85.170508
79.205558
74.838789
84.270360
64.781870
64.781870
77.940596
81.785985
64.781870
64.781870
81.821444
72.554613
64.781870
64.781870
65.295008
69.674522
78.536644
64.781870
64.781870
74.822590
81.906883
69.906118
79.240162
85.385829
64.781870
79.622188
66.797403
65.527452
78.649496
76.353409
75.760246
64.781870
85.437766
64.781870
64.781870
77.389900
78.811225
64.781870
72.401825
69.460659
77.720574
64.781870
64.781870
64.781870
80.564707
80.095465
64.781870
83.944804
75.782854
72.970591
78.499786
81.863419
74.277278
79.166077
70.512184
78.220963
81.061682
76.901207
83.018895
64.781870
64.781870
86.343019
78.510467
71.430785
69.860326
64.781870
75.570011
84.342363
64.781870
78.334374
64.781870
70.997066
76.234472
67.750842
64.781870
81.342578
66.009464
64.781870
64.781870
76.400127
82.175122
69.989067
64.781870
71.819335
78.413153
74.158275
69.171839
64.781870
77.019803
85.470322
64.781870
64.781870
64.781870
77.173187
77.127717
64.781870
71.413544
81.586982
68.034969
74.621554
64.781870
77.892033
81.364172
64.781870
74.852190
70.078184
78.127940
77.661900
64.781870
71.692473
82.325434
73.791337
74.962868
75.561800
79.280688
77.840706
76.511022
74.432283
64.781870
78.584917
71.530575
69.669888
64.781870
66.964923
71.819470
82.357758
67.805575
79.329215
67.353983
73.409412
64.781870
81.532007
81.013834
64.781870
74.734527
70.800807
66.909008
81.826145
77.337787
79.326792
