45.000010
45.376894
45.753779
46.130663
46.507547
46.884432
47.261316
47.638200
48.015085
48.391969
48.768853
49.145738
49.522622
49.899506
50.276391
50.653275
51.030159
51.407043
51.783928
52.160812
52.537696
52.914581
53.291465
53.668349
54.045234
54.422118
54.799002
55.175887
55.552771
55.929655
56.306540
56.683424
57.060308
57.437193
57.814077
58.190961
58.567846
58.944730
59.321614
59.698499
60.075383
60.452267
60.829152
61.206036
61.582920
61.959804
62.336689
62.713573
63.090457
63.467342
63.844226
64.221110
64.597995
64.974879
65.351763
65.728648
66.105532
66.482416
66.859301
67.236185
67.613069
67.989954
68.366838
68.743722
69.120607
69.497491
69.874375
70.251260
70.628144
71.005028
71.381913
71.758797
72.135681
72.512565
72.889450
73.266334
73.643218
74.020103
74.396987
74.773871
75.150756
75.527640
75.904524
76.281409
76.658293
77.035177
77.412062
77.788946
78.165830
78.542715
78.919599
79.296483
79.673368
80.050252
80.427136
80.804021
81.180905
81.557789
81.934674
82.311558
82.688442
83.065326
83.442211
83.819095
84.195979
84.572864
84.949748
85.326632
85.703517
86.080401
86.457285
86.834170
87.211054
87.587938
87.964823
88.341707
88.718591
89.095476
89.472360
89.849244
90.226129
90.603013
90.979897
91.356782
91.733666
92.110550
92.487435
92.864319
93.241203
93.618087
93.994972
94.371856
94.748740
95.125625
95.502509
95.879393
96.256278
96.633162
97.010046
97.386931
97.763815
98.140699
98.517584
98.894468
99.271352
99.648237
100.025121
100.402005
100.778890
101.155774
101.532658
101.909543
102.286427
102.663311
103.040196
103.417080
103.793964
104.170848
104.547733
104.924617
105.301501
105.678386
106.055270
106.432154
106.809039
107.185923
107.562807
107.939692
108.316576
108.693460
109.070345
109.447229
109.824113
110.200998
110.577882
110.954766
111.331651
111.708535
112.085419
112.462304
112.839188
113.216072
113.592957
113.969841
114.346725
114.723609
115.100494
115.477378
115.854262
116.231147
116.608031
116.984915
117.361800
117.738684
118.115568
118.492453
118.869337
119.246221
119.623106
119.999990
