0.259050 0.005139 0.181946
0.259917 0.009004 0.185498
0.261415 0.011507 0.187930
0.262305 0.015311 0.191482
0.262952 0.017943 0.193878
0.264312 0.021526 0.197396
0.265478 0.024172 0.199986
0.266843 0.027671 0.203497
0.267674 0.030266 0.206011
0.269360 0.033682 0.209612
0.269810 0.036360 0.212172
0.271082 0.039739 0.215718
0.271689 0.042322 0.218289
0.273250 0.045584 0.221903
0.273576 0.048222 0.224526
0.275142 0.051263 0.228020
0.275456 0.053881 0.230694
0.276751 0.056827 0.234111
0.277419 0.059313 0.236841
0.278224 0.062179 0.240108
0.279030 0.064691 0.243008
0.279721 0.067448 0.246212
0.280911 0.069824 0.249198
0.281081 0.072621 0.252347
0.282264 0.074986 0.255430
0.282745 0.077681 0.258699
0.284078 0.080001 0.261917
0.284471 0.082526 0.265025
0.285477 0.084933 0.268330
0.286069 0.087354 0.271499
0.287141 0.089659 0.274814
0.287691 0.092094 0.278102
0.288530 0.094468 0.281521
0.289281 0.096845 0.284961
0.289788 0.099254 0.288357
0.290661 0.101706 0.292151
0.291361 0.104166 0.295918
0.292325 0.106380 0.299486
0.292862 0.108905 0.303406
0.293827 0.111135 0.307156
0.294517 0.113569 0.311178
0.295613 0.115821 0.315243
0.296100 0.118416 0.319608
0.297447 0.120437 0.323563
0.298052 0.122928 0.327993
0.299744 0.124878 0.332290
0.300380 0.127304 0.336788
0.302036 0.129357 0.341514
0.302597 0.131755 0.346061
0.304308 0.133820 0.351099
0.304494 0.136541 0.356321
0.306330 0.138482 0.361415
0.306688 0.141056 0.366662
0.308591 0.142950 0.371946
0.309241 0.145458 0.377619
0.311134 0.147280 0.382909
0.311996 0.149804 0.389197
0.314131 0.151478 0.394570
0.314517 0.154169 0.401028
0.317269 0.155688 0.406997
0.317157 0.158565 0.413642
0.320058 0.160059 0.420000
0.320293 0.162795 0.426903
0.323738 0.164157 0.433798
0.323989 0.166867 0.440855
0.327219 0.168361 0.448040
0.327813 0.171074 0.455787
0.331559 0.172369 0.463061
0.331862 0.175147 0.470689
0.335866 0.176488 0.478544
0.337109 0.179043 0.486623
0.340317 0.180803 0.494598
0.342048 0.183135 0.502481
0.345635 0.185057 0.511234
0.347584 0.187584 0.519764
0.351346 0.189463 0.528200
0.354114 0.191927 0.536981
0.357284 0.194301 0.545693
0.360746 0.196842 0.554865
0.364497 0.199215 0.563485
0.368620 0.201749 0.572485
0.372939 0.204347 0.581426
0.377358 0.207196 0.590544
0.382348 0.209759 0.598961
0.386304 0.212856 0.607520
0.391345 0.216051 0.616455
0.396688 0.219125 0.624800
0.402336 0.222634 0.633624
0.408382 0.226084 0.641985
0.414158 0.230056 0.650631
0.421067 0.233535 0.658236
0.427348 0.237971 0.666717
0.434928 0.241984 0.674195
0.441603 0.246617 0.681915
0.447953 0.251953 0.690079
0.455250 0.257249 0.697675
0.462172 0.262980 0.705242
0.469842 0.268400 0.711890
0.476821 0.274609 0.718972
0.485161 0.280539 0.725069
0.492948 0.286607 0.730853
0.500806 0.293439 0.736917
0.508733 0.301036 0.743208
0.516840 0.308508 0.748781
0.524661 0.316521 0.754391
0.532311 0.323816 0.758896
0.541204 0.332147 0.763488
0.547677 0.340292 0.768161
0.557567 0.350460 0.772834
0.564125 0.358678 0.776661
0.575660 0.368813 0.779531
0.581056 0.377441 0.783370
0.593057 0.388278 0.785395
0.597002 0.397563 0.789630
0.609950 0.407867 0.789871
0.610460 0.416534 0.794815
0.624284 0.425856 0.793326
0.621880 0.435218 0.799856
0.636638 0.445066 0.797608
0.635590 0.453791 0.802941
0.648907 0.463299 0.800701
0.646405 0.474641 0.807788
0.659761 0.481414 0.803936
0.656098 0.494174 0.812075
0.670041 0.498520 0.806656
0.665105 0.511145 0.815387
0.679416 0.513642 0.808730
0.673451 0.527354 0.818626
0.688527 0.528166 0.810656
0.681746 0.543127 0.821763
0.695512 0.542573 0.813967
0.689253 0.559444 0.825709
0.703836 0.556844 0.816548
0.696409 0.572563 0.828770
0.711762 0.570191 0.819192
0.704011 0.585969 0.832026
0.714863 0.578804 0.822356
0.707995 0.598371 0.836997
0.721573 0.590298 0.825267
0.715128 0.608304 0.839627
0.726386 0.600863 0.829211
0.720683 0.618508 0.843548
0.729454 0.611282 0.834643
0.725757 0.625755 0.846485
0.736199 0.621952 0.838683
0.731217 0.635929 0.851524
0.740704 0.632165 0.844397
0.734954 0.643179 0.855935
0.745024 0.640920 0.849669
0.738496 0.650058 0.860602
0.747353 0.648714 0.855764
0.741596 0.656953 0.865636
0.751091 0.655695 0.860633
0.744069 0.662921 0.870669
0.753183 0.662232 0.866567
0.748235 0.669516 0.876065
0.757500 0.669015 0.871938
0.751222 0.675589 0.881679
0.759267 0.675391 0.878873
0.755072 0.681463 0.887547
0.762709 0.681805 0.885406
0.760424 0.687352 0.893063
0.767331 0.689777 0.893834
0.766082 0.694193 0.899991
0.770871 0.696663 0.901816
0.772395 0.700237 0.906141
0.774404 0.702862 0.909301
0.775629 0.707047 0.914944
0.776296 0.710696 0.920011
0.778967 0.713675 0.923528
0.778230 0.717888 0.929900
0.782416 0.720377 0.932355
0.780209 0.725142 0.939944
0.787039 0.727116 0.940827
0.782985 0.732220 0.949515
0.790705 0.734031 0.950051
0.785159 0.739119 0.959225
0.794276 0.741267 0.959897
0.787183 0.746414 0.969460
0.798012 0.748436 0.969393
0.789427 0.753781 0.979467
0.801723 0.754104 0.976817
0.791561 0.760637 0.988874
0.805468 0.761254 0.986130
0.793721 0.767871 0.998597
0.807738 0.768459 0.996004
0.795531 0.777327 1.010826
0.811425 0.777466 1.007382
0.797842 0.785521 1.021176
0.814888 0.784492 1.016138
0.800042 0.793551 1.031139
0.817064 0.790935 1.024520
0.802113 0.800775 1.040176
0.820348 0.799354 1.034697
0.804391 0.808933 1.049834
0.823992 0.806118 1.042479
0.806611 0.816081 1.058331
0.827579 0.812925 1.050132
0.808797 0.824377 1.067774
0.829281 0.819187 1.057790
