0.280176 0.162688 -0.110302
0.281918 0.165772 -0.108747
0.283273 0.171360 -0.106097
0.285004 0.174470 -0.104561
0.287649 0.179834 -0.101858
0.288719 0.183212 -0.100352
0.290527 0.188406 -0.097938
0.291588 0.191825 -0.096462
0.293928 0.197062 -0.094046
0.294458 0.200461 -0.092712
0.297330 0.205473 -0.090443
0.298478 0.208851 -0.089115
0.301101 0.213925 -0.086992
0.301760 0.217341 -0.085790
0.304758 0.222228 -0.083861
0.305447 0.225954 -0.082639
0.308423 0.230783 -0.080911
0.309539 0.234627 -0.079739
0.311951 0.239588 -0.078194
0.313875 0.243602 -0.077069
0.316000 0.248404 -0.075783
0.318145 0.252623 -0.074761
0.319675 0.257609 -0.073635
0.322681 0.261844 -0.072782
0.324226 0.266852 -0.071852
0.326777 0.271256 -0.071164
0.328109 0.276360 -0.070408
0.331002 0.281326 -0.069812
0.332921 0.286421 -0.069271
0.335643 0.291747 -0.068825
0.337639 0.297271 -0.068420
0.340579 0.302796 -0.068173
0.343120 0.308478 -0.067985
0.345932 0.314354 -0.067895
0.349321 0.320472 -0.067921
0.352055 0.326343 -0.068024
0.355270 0.332506 -0.068224
0.358408 0.339587 -0.068425
0.362221 0.346101 -0.068823
0.365708 0.353627 -0.069193
0.369713 0.360870 -0.069708
0.373303 0.368718 -0.070202
0.377961 0.376053 -0.070889
0.381828 0.385250 -0.071430
0.386885 0.393519 -0.072179
0.390580 0.403238 -0.072711
0.396235 0.412438 -0.073483
0.400356 0.422297 -0.074026
0.406846 0.432426 -0.074764
0.411362 0.442724 -0.075209
0.418665 0.452235 -0.075918
0.423691 0.463546 -0.076146
0.431439 0.474116 -0.076554
0.436939 0.486041 -0.076459
0.444540 0.496803 -0.076473
0.450760 0.509567 -0.075902
0.458121 0.519972 -0.075503
0.464500 0.533411 -0.074284
0.473047 0.543803 -0.073410
0.478464 0.556974 -0.071550
0.488072 0.567131 -0.070123
0.493387 0.580031 -0.067619
0.502554 0.590220 -0.065461
0.507011 0.602717 -0.062311
0.516250 0.612789 -0.059417
0.521121 0.624699 -0.055644
0.529552 0.633851 -0.052311
0.533861 0.645906 -0.047672
0.542831 0.654956 -0.043501
0.546741 0.666202 -0.038397
0.554180 0.674888 -0.033663
0.559178 0.685026 -0.028069
0.566156 0.694138 -0.022292
0.570528 0.703071 -0.016606
0.577094 0.711056 -0.010704
0.581577 0.720230 -0.003992
0.587126 0.727868 0.002374
0.592354 0.735707 0.009219
0.597274 0.742874 0.015878
0.602029 0.750637 0.023434
0.606452 0.757836 0.030849
0.610860 0.764991 0.038633
0.615181 0.771472 0.046233
0.619106 0.778871 0.055057
0.624241 0.785174 0.063671
0.628424 0.791226 0.072073
0.632401 0.797721 0.081391
0.636253 0.803331 0.090039
0.639948 0.809382 0.099584
0.644029 0.814427 0.108462
0.647120 0.820808 0.119161
0.651134 0.825459 0.128278
0.653908 0.831235 0.138916
0.657748 0.835967 0.148974
0.662183 0.839701 0.158096
0.665806 0.843912 0.167924
0.669915 0.847590 0.177520
0.673232 0.852037 0.188424
0.677366 0.855359 0.198135
0.680284 0.859684 0.209385
0.683522 0.863664 0.220676
0.687043 0.867041 0.231212
0.690664 0.869750 0.240611
0.693927 0.872800 0.250874
0.697492 0.875371 0.260539
0.700696 0.878624 0.272104
0.703113 0.881554 0.282307
0.707243 0.883794 0.292783
0.709105 0.885921 0.300601
0.712707 0.888319 0.311663
0.712554 0.891415 0.320901
0.716740 0.893162 0.331158
0.715820 0.896243 0.340157
0.720969 0.897100 0.349025
0.718241 0.901076 0.359862
0.725725 0.901002 0.368881
0.721017 0.905917 0.381826
0.730979 0.904356 0.388317
0.724790 0.909359 0.400545
0.732838 0.908754 0.408354
0.727019 0.913279 0.420409
0.736946 0.910814 0.422757
0.729258 0.916583 0.438832
0.740517 0.913085 0.438035
0.730582 0.920023 0.457726
0.742835 0.916246 0.456088
0.731079 0.923772 0.478428
0.744572 0.919316 0.473574
0.730570 0.927403 0.498018
0.745280 0.922331 0.489812
0.731485 0.930229 0.514839
0.746186 0.924540 0.502711
0.729984 0.933223 0.530123
0.745651 0.927784 0.518657
0.727845 0.936146 0.544461
0.743960 0.930611 0.531673
0.729307 0.939477 0.563509
0.745687 0.932425 0.543324
0.726869 0.942259 0.575986
0.742239 0.935912 0.557211
0.726088 0.944777 0.587208
0.740478 0.938423 0.568214
0.727273 0.946863 0.595910
0.737948 0.942056 0.581891
0.723502 0.948900 0.602968
0.735696 0.943664 0.588365
0.722360 0.950423 0.608363
0.734580 0.946392 0.598162
0.720881 0.952338 0.614939
0.733578 0.949154 0.607141
0.721764 0.954444 0.621457
0.733189 0.951626 0.615348
0.720656 0.957117 0.629660
0.733523 0.954883 0.624271
0.721835 0.960197 0.637250
0.731930 0.957831 0.631785
0.720224 0.963264 0.645197
0.732047 0.961445 0.640286
0.722341 0.967029 0.652415
0.731234 0.965751 0.648848
0.722449 0.971200 0.660572
0.728571 0.970500 0.658484
0.721499 0.973933 0.666247
0.726071 0.974739 0.667002
0.722137 0.978452 0.674268
0.722932 0.980757 0.678194
0.723006 0.984542 0.684219
0.724395 0.986207 0.686476
0.726590 0.988808 0.689996
0.725996 0.992615 0.696100
0.730322 0.994640 0.697994
0.727716 0.999562 0.706177
0.734126 1.000871 0.706356
0.728054 1.007131 0.717606
0.737132 1.008102 0.716251
0.729925 1.014904 0.728469
0.741274 1.016235 0.726578
0.732060 1.022563 0.738826
0.745677 1.024063 0.736358
0.734143 1.030785 0.750205
0.749931 1.032223 0.746890
0.736558 1.041727 0.765268
0.754453 1.041450 0.758635
0.738871 1.050439 0.777518
0.759004 1.050278 0.770053
0.743139 1.058958 0.788686
0.763970 1.055893 0.777317
0.745327 1.065017 0.797652
0.768305 1.063532 0.787701
0.748279 1.074195 0.811135
0.772803 1.071427 0.798652
0.752976 1.083858 0.824922
0.777479 1.080345 0.811096
0.755726 1.090604 0.835527
0.781759 1.087809 0.822220
0.758250 1.099309 0.850121
0.785950 1.096210 0.835018
0.760780 1.107557 0.864692
0.790154 1.103020 0.845919
0.765886 1.116044 0.878859
