2.100000000000000000e+01
5.600000000000000000e+01
6.900000000000000000e+01
3.770000000000000000e+02
4.130000000000000000e+02
7.310000000000000000e+02
7.510000000000000000e+02
7.780000000000000000e+02
1.155000000000000000e+03
1.186000000000000000e+03
1.195000000000000000e+03
1.261000000000000000e+03
1.280000000000000000e+03
2.002000000000000000e+03
2.010000000000000000e+03
2.018000000000000000e+03
2.022000000000000000e+03
2.031000000000000000e+03
2.036000000000000000e+03
2.037000000000000000e+03
2.045000000000000000e+03
2.047000000000000000e+03
2.052000000000000000e+03
2.055000000000000000e+03
2.060000000000000000e+03
2.061000000000000000e+03
2.063000000000000000e+03
2.068000000000000000e+03
2.072000000000000000e+03
2.073000000000000000e+03
2.074000000000000000e+03
2.077000000000000000e+03
2.079000000000000000e+03
2.083000000000000000e+03
2.087000000000000000e+03
2.093000000000000000e+03
2.100000000000000000e+03
2.109000000000000000e+03
2.116000000000000000e+03
2.119000000000000000e+03
2.121000000000000000e+03
2.123000000000000000e+03
2.125000000000000000e+03
2.130000000000000000e+03
2.133000000000000000e+03
2.146000000000000000e+03
2.148000000000000000e+03
2.153000000000000000e+03
2.155000000000000000e+03
2.164000000000000000e+03
2.167000000000000000e+03
2.168000000000000000e+03
2.180000000000000000e+03
2.182000000000000000e+03
2.183000000000000000e+03
2.184000000000000000e+03
2.187000000000000000e+03
2.191000000000000000e+03
2.195000000000000000e+03
2.200000000000000000e+03
2.201000000000000000e+03
2.208000000000000000e+03
2.213000000000000000e+03
2.216000000000000000e+03
2.219000000000000000e+03
2.220000000000000000e+03
2.225000000000000000e+03
2.233000000000000000e+03
2.234000000000000000e+03
2.238000000000000000e+03
2.239000000000000000e+03
2.245000000000000000e+03
2.247000000000000000e+03
2.249000000000000000e+03
2.263000000000000000e+03
2.264000000000000000e+03
2.274000000000000000e+03
2.301000000000000000e+03
2.304000000000000000e+03
2.308000000000000000e+03
2.332000000000000000e+03
2.333000000000000000e+03
2.336000000000000000e+03
2.347000000000000000e+03
2.357000000000000000e+03
2.360000000000000000e+03
2.363000000000000000e+03
2.367000000000000000e+03
2.373000000000000000e+03
2.378000000000000000e+03
2.379000000000000000e+03
2.380000000000000000e+03
2.381000000000000000e+03
2.390000000000000000e+03
2.392000000000000000e+03
2.394000000000000000e+03
2.395000000000000000e+03
2.396000000000000000e+03
2.398000000000000000e+03
2.403000000000000000e+03
2.405000000000000000e+03
2.407000000000000000e+03
4.003000000000000000e+03
4.004000000000000000e+03
4.005000000000000000e+03
4.012000000000000000e+03
4.014000000000000000e+03
4.015000000000000000e+03
4.018000000000000000e+03
4.020000000000000000e+03
4.021000000000000000e+03
4.028000000000000000e+03
4.030000000000000000e+03
4.032000000000000000e+03
4.035000000000000000e+03
4.036000000000000000e+03
4.037000000000000000e+03
4.042000000000000000e+03
4.043000000000000000e+03
4.051000000000000000e+03
4.060000000000000000e+03
4.061000000000000000e+03
4.063000000000000000e+03
4.067000000000000000e+03
4.071000000000000000e+03
4.072000000000000000e+03
4.075000000000000000e+03
4.076000000000000000e+03
4.077000000000000000e+03
4.082000000000000000e+03
4.084000000000000000e+03
4.086000000000000000e+03
4.092000000000000000e+03
4.094000000000000000e+03
4.100000000000000000e+03
4.105000000000000000e+03
4.114000000000000000e+03
4.115000000000000000e+03
4.119000000000000000e+03
4.120000000000000000e+03
4.121000000000000000e+03
4.125000000000000000e+03
4.127000000000000000e+03
4.128000000000000000e+03
4.133000000000000000e+03
4.138000000000000000e+03
4.143000000000000000e+03
4.146000000000000000e+03
4.148000000000000000e+03
4.149000000000000000e+03
4.150000000000000000e+03
4.151000000000000000e+03
4.157000000000000000e+03
4.158000000000000000e+03
4.159000000000000000e+03
4.160000000000000000e+03
4.162000000000000000e+03
4.164000000000000000e+03
4.167000000000000000e+03
4.168000000000000000e+03
4.169000000000000000e+03
4.170000000000000000e+03
4.173000000000000000e+03
4.175000000000000000e+03
4.176000000000000000e+03
4.177000000000000000e+03
4.179000000000000000e+03
4.184000000000000000e+03
4.185000000000000000e+03
4.187000000000000000e+03
4.188000000000000000e+03
4.197000000000000000e+03
4.198000000000000000e+03
4.199000000000000000e+03
4.200000000000000000e+03
4.205000000000000000e+03
4.206000000000000000e+03
4.210000000000000000e+03
4.212000000000000000e+03
4.213000000000000000e+03
4.214000000000000000e+03
4.216000000000000000e+03
4.222000000000000000e+03
4.224000000000000000e+03
4.225000000000000000e+03
4.226000000000000000e+03
4.229000000000000000e+03
4.234000000000000000e+03
4.235000000000000000e+03
4.243000000000000000e+03
4.245000000000000000e+03
4.254000000000000000e+03
4.259000000000000000e+03
4.262000000000000000e+03
4.268000000000000000e+03
4.270000000000000000e+03
4.271000000000000000e+03
4.272000000000000000e+03
4.275000000000000000e+03
4.276000000000000000e+03
4.277000000000000000e+03
4.278000000000000000e+03
4.279000000000000000e+03
4.281000000000000000e+03
4.287000000000000000e+03
4.288000000000000000e+03
4.290000000000000000e+03
4.291000000000000000e+03
4.292000000000000000e+03
4.293000000000000000e+03
4.294000000000000000e+03
4.299000000000000000e+03
4.301000000000000000e+03
4.302000000000000000e+03
4.308000000000000000e+03
4.309000000000000000e+03
4.310000000000000000e+03
4.311000000000000000e+03
4.312000000000000000e+03
4.313000000000000000e+03
4.320000000000000000e+03
4.324000000000000000e+03
4.331000000000000000e+03
4.332000000000000000e+03
4.335000000000000000e+03
4.340000000000000000e+03
4.343000000000000000e+03
4.345000000000000000e+03
4.350000000000000000e+03
4.351000000000000000e+03
4.352000000000000000e+03
4.354000000000000000e+03
4.356000000000000000e+03
4.357000000000000000e+03
4.359000000000000000e+03
4.360000000000000000e+03
4.365000000000000000e+03
4.367000000000000000e+03
4.369000000000000000e+03
4.372000000000000000e+03
4.376000000000000000e+03
4.380000000000000000e+03
4.381000000000000000e+03
4.383000000000000000e+03
4.384000000000000000e+03
4.385000000000000000e+03
4.386000000000000000e+03
4.387000000000000000e+03
4.388000000000000000e+03
4.389000000000000000e+03
4.390000000000000000e+03
4.391000000000000000e+03
4.393000000000000000e+03
4.394000000000000000e+03
4.395000000000000000e+03
4.399000000000000000e+03
4.400000000000000000e+03
4.401000000000000000e+03
4.404000000000000000e+03
4.405000000000000000e+03
4.410000000000000000e+03
4.414000000000000000e+03
4.415000000000000000e+03
4.417000000000000000e+03
4.421000000000000000e+03
4.422000000000000000e+03
4.424000000000000000e+03
4.427000000000000000e+03
4.428000000000000000e+03
4.429000000000000000e+03
4.430000000000000000e+03
4.434000000000000000e+03
4.441000000000000000e+03
4.443000000000000000e+03
4.444000000000000000e+03
4.446000000000000000e+03
4.447000000000000000e+03
4.448000000000000000e+03
4.453000000000000000e+03
4.455000000000000000e+03
4.458000000000000000e+03
4.463000000000000000e+03
4.464000000000000000e+03
4.466000000000000000e+03
4.469000000000000000e+03
4.473000000000000000e+03
4.482000000000000000e+03
4.483000000000000000e+03
4.485000000000000000e+03
4.488000000000000000e+03
4.489000000000000000e+03
4.491000000000000000e+03
4.498000000000000000e+03
4.499000000000000000e+03
4.502000000000000000e+03
4.503000000000000000e+03
4.505000000000000000e+03
4.506000000000000000e+03
4.507000000000000000e+03
4.510000000000000000e+03
4.512000000000000000e+03
4.513000000000000000e+03
4.514000000000000000e+03
4.516000000000000000e+03
4.520000000000000000e+03
4.521000000000000000e+03
4.522000000000000000e+03
4.531000000000000000e+03
4.536000000000000000e+03
4.538000000000000000e+03
4.539000000000000000e+03
4.542000000000000000e+03
4.543000000000000000e+03
4.545000000000000000e+03
4.547000000000000000e+03
4.552000000000000000e+03
4.556000000000000000e+03
4.559000000000000000e+03
4.576000000000000000e+03
4.578000000000000000e+03
4.580000000000000000e+03
4.582000000000000000e+03
4.585000000000000000e+03
4.586000000000000000e+03
4.587000000000000000e+03
4.594000000000000000e+03
4.598000000000000000e+03
4.604000000000000000e+03
4.607000000000000000e+03
4.611000000000000000e+03
4.612000000000000000e+03
4.614000000000000000e+03
4.620000000000000000e+03
4.623000000000000000e+03
4.624000000000000000e+03
4.626000000000000000e+03
4.631000000000000000e+03
4.632000000000000000e+03
4.635000000000000000e+03
4.636000000000000000e+03
4.637000000000000000e+03
4.643000000000000000e+03
4.644000000000000000e+03
4.645000000000000000e+03
4.646000000000000000e+03
4.649000000000000000e+03
4.654000000000000000e+03
4.659000000000000000e+03
4.674000000000000000e+03
4.678000000000000000e+03
4.706000000000000000e+03
4.713000000000000000e+03
4.714000000000000000e+03
4.715000000000000000e+03
4.722000000000000000e+03
4.723000000000000000e+03
4.741000000000000000e+03
4.742000000000000000e+03
4.744000000000000000e+03
4.750000000000000000e+03
4.765000000000000000e+03
4.767000000000000000e+03
4.777000000000000000e+03
4.782000000000000000e+03
4.796000000000000000e+03
4.799000000000000000e+03
4.805000000000000000e+03
4.807000000000000000e+03
4.809000000000000000e+03
4.813000000000000000e+03
4.816000000000000000e+03
4.817000000000000000e+03
4.832000000000000000e+03
4.835000000000000000e+03
4.842000000000000000e+03
4.855000000000000000e+03
4.856000000000000000e+03
4.858000000000000000e+03
4.868000000000000000e+03
4.869000000000000000e+03
4.874000000000000000e+03
4.876000000000000000e+03
4.877000000000000000e+03
4.883000000000000000e+03
4.885000000000000000e+03
4.888000000000000000e+03
4.889000000000000000e+03
4.891000000000000000e+03
4.893000000000000000e+03
4.896000000000000000e+03
4.902000000000000000e+03
4.919000000000000000e+03
4.926000000000000000e+03
4.928000000000000000e+03
4.944000000000000000e+03
4.951000000000000000e+03
4.952000000000000000e+03
4.960000000000000000e+03
4.974000000000000000e+03
5.004000000000000000e+03
5.007000000000000000e+03
5.040000000000000000e+03
5.047000000000000000e+03
5.078000000000000000e+03
5.079000000000000000e+03
5.093000000000000000e+03
5.097000000000000000e+03
5.100000000000000000e+03
5.109000000000000000e+03
5.113000000000000000e+03
5.118000000000000000e+03
5.124000000000000000e+03
5.130000000000000000e+03
5.132000000000000000e+03
5.158000000000000000e+03
5.169000000000000000e+03
5.170000000000000000e+03
5.177000000000000000e+03
5.178000000000000000e+03
5.185000000000000000e+03
5.194000000000000000e+03
5.198000000000000000e+03
5.200000000000000000e+03
5.203000000000000000e+03
5.230000000000000000e+03
5.259000000000000000e+03
5.265000000000000000e+03
5.266000000000000000e+03
5.289000000000000000e+03
5.290000000000000000e+03
