6.332897186279296875e+01
6.401332855224609375e+01
6.468136596679687500e+01
6.537388610839843750e+01
6.676365661621093750e+01
6.818129730224609375e+01
6.275806808471679688e+01
6.345208740234375000e+01
6.549201965332031250e+01
6.626337432861328125e+01
6.688212585449218750e+01
8.198473358154296875e+01
8.300640869140625000e+01
8.404775238037109375e+01
8.456532287597656250e+01
8.508236694335937500e+01
8.600339508056640625e+01
8.771367645263671875e+01
8.827613067626953125e+01
8.901671600341796875e+01
8.992285156250000000e+01
6.944132232666015625e+01
7.048271942138671875e+01
7.161631011962890625e+01
7.271347045898437500e+01
7.395063018798828125e+01
7.626902770996093750e+01
7.875585937500000000e+01
6.811230468750000000e+01
7.027159118652343750e+01
7.224702453613281250e+01
7.338867187500000000e+01
7.445976257324218750e+01
8.821324920654296875e+01
8.912205505371093750e+01
8.999687957763671875e+01
9.255065917968750000e+01
9.345410156250000000e+01
9.431370544433593750e+01
8.686791992187500000e+01
8.738393402099609375e+01
8.790723419189453125e+01
8.841492462158203125e+01
8.896217346191406250e+01
7.259569549560546875e+01
7.323971557617187500e+01
7.392261505126953125e+01
7.456858062744140625e+01
7.604646301269531250e+01
7.672547149658203125e+01
7.738180541992187500e+01
9.162220764160156250e+01
9.314374542236328125e+01
9.453764343261718750e+01
9.608853149414062500e+01
9.766729736328125000e+01
7.105126953125000000e+01
7.185851287841796875e+01
7.255297088623046875e+01
7.334620666503906250e+01
7.476755523681640625e+01
7.629137420654296875e+01
7.619388580322265625e+01
7.855844116210937500e+01
8.103992462158203125e+01
8.341880798339843750e+01
8.637749481201171875e+01
9.062942504882812500e+01
9.296296691894531250e+01
9.539912414550781250e+01
6.765485382080078125e+01
6.822029113769531250e+01
6.888991546630859375e+01
6.960887908935546875e+01
7.037445068359375000e+01
7.164857482910156250e+01
5.373210525512695312e+01
5.426049804687500000e+01
5.464047241210937500e+01
5.612591171264648438e+01
5.735131072998046875e+01
5.849003219604492188e+01
6.086246871948242188e+01
6.333702087402343750e+01
6.447811126708984375e+01
5.900984954833984375e+01
5.941448974609375000e+01
5.987549209594726562e+01
6.072936248779296875e+01
6.158406448364257812e+01
6.325646209716796875e+01
7.199143981933593750e+01
7.240274810791015625e+01
7.271589660644531250e+01
7.346685028076171875e+01
7.428790283203125000e+01
7.851081085205078125e+01
5.993071746826171875e+01
6.076618194580078125e+01
6.141423034667968750e+01
6.302796936035156250e+01
6.464170837402343750e+01
7.659092712402343750e+01
7.694904327392578125e+01
7.731208801269531250e+01
7.814602661132812500e+01
7.896598052978515625e+01
5.708050537109375000e+01
5.745697021484375000e+01
5.807613372802734375e+01
5.884622192382812500e+01
5.973122406005859375e+01
6.064024353027343750e+01
6.498121643066406250e+01
8.455280303955078125e+01
8.494337463378906250e+01
8.536509704589843750e+01
8.620095062255859375e+01
8.704017639160156250e+01
8.792317199707031250e+01
7.838768005371093750e+01
7.888341522216796875e+01
7.962168884277343750e+01
8.076815795898437500e+01
8.201518249511718750e+01
8.314863586425781250e+01
7.911438751220703125e+01
7.970423889160156250e+01
8.042085266113281250e+01
8.171051025390625000e+01
8.302473449707031250e+01
7.264680480957031250e+01
7.315677642822265625e+01
7.366232299804687500e+01
7.595553588867187500e+01
7.703964233398437500e+01
7.912086486816406250e+01
8.022715759277343750e+01
8.139340209960937500e+01
8.368435668945312500e+01
8.599376678466796875e+01
8.853827667236328125e+01
6.923985290527343750e+01
6.991660308837890625e+01
7.065895843505859375e+01
7.125070190429687500e+01
7.262696838378906250e+01
7.052452087402343750e+01
7.082121276855468750e+01
7.115892028808593750e+01
7.171745300292968750e+01
7.222823333740234375e+01
7.280812835693359375e+01
7.362345886230468750e+01
7.390666198730468750e+01
7.044464874267578125e+01
7.070952606201171875e+01
7.101345062255859375e+01
7.155564880371093750e+01
7.215557861328125000e+01
7.274249267578125000e+01
8.788815307617187500e+01
8.850429534912109375e+01
8.904199218750000000e+01
9.020038604736328125e+01
9.135763549804687500e+01
9.588092041015625000e+01
8.028650665283203125e+01
8.062416076660156250e+01
8.096527862548828125e+01
8.165446472167968750e+01
8.234571838378906250e+01
8.303628540039062500e+01
6.654930114746093750e+01
6.679302215576171875e+01
6.707334899902343750e+01
6.758170318603515625e+01
6.812300109863281250e+01
6.865437316894531250e+01
6.968676757812500000e+01
7.479566192626953125e+01
7.505414581298828125e+01
7.537038421630859375e+01
7.595139312744140625e+01
7.653240966796875000e+01
7.710026550292968750e+01
7.817592620849609375e+01
7.848457336425781250e+01
7.891016387939453125e+01
7.967400360107421875e+01
8.116172027587890625e+01
8.271134185791015625e+01
8.298624420166015625e+01
8.337971496582031250e+01
8.402688598632812500e+01
8.469790649414062500e+01
8.535104370117187500e+01
8.680503082275390625e+01
8.788784027099609375e+01
8.863478851318359375e+01
8.940813446044921875e+01
9.089736938476562500e+01
9.247045898437500000e+01
9.417087554931640625e+01
6.884371185302734375e+01
6.922245788574218750e+01
6.958145141601562500e+01
7.011589050292968750e+01
7.123587799072265625e+01
7.351999664306640625e+01
5.834875488281250000e+01
5.908665466308593750e+01
5.990165328979492188e+01
6.143409729003906250e+01
6.305464935302734375e+01
6.473813629150390625e+01
7.832596588134765625e+01
7.868217468261718750e+01
7.914405059814453125e+01
7.995732879638671875e+01
8.075700378417968750e+01
8.156788635253906250e+01
8.005021667480468750e+01
8.127459716796875000e+01
8.238074493408203125e+01
8.406285095214843750e+01
8.798773956298828125e+01
9.166468811035156250e+01
9.919407653808593750e+01
7.921956634521484375e+01
7.953565979003906250e+01
7.992016601562500000e+01
8.062417602539062500e+01
8.127072143554687500e+01
8.195011138916015625e+01
7.672035980224609375e+01
7.713863372802734375e+01
7.754369354248046875e+01
7.836701965332031250e+01
7.919779968261718750e+01
8.085934448242187500e+01
8.220345306396484375e+01
7.119876098632812500e+01
7.160037231445312500e+01
7.196062469482421875e+01
7.271196746826171875e+01
7.347608947753906250e+01
7.428308105468750000e+01
7.665968322753906250e+01
7.759828948974609375e+01
6.506050109863281250e+01
6.537447357177734375e+01
6.565258789062500000e+01
6.624005889892578125e+01
6.684024810791015625e+01
6.738319396972656250e+01
6.955208587646484375e+01
7.019621276855468750e+01
8.003687286376953125e+01
8.036856842041015625e+01
8.082521820068359375e+01
8.159813690185546875e+01
8.236873626708984375e+01
8.579666900634765625e+01
8.689799499511718750e+01
8.785955810546875000e+01
8.885951232910156250e+01
8.988014221191406250e+01
9.338883209228515625e+01
7.854919433593750000e+01
8.046746826171875000e+01
8.295832061767578125e+01
8.624055480957031250e+01
8.975617218017578125e+01
9.343956756591796875e+01
1.046939544677734375e+02
1.086690826416015625e+02
6.357471084594726562e+01
6.398313903808593750e+01
6.441878509521484375e+01
6.526461791992187500e+01
6.614733123779296875e+01
6.694836425781250000e+01
6.863124084472656250e+01
6.959124755859375000e+01
7.652691650390625000e+01
7.693620300292968750e+01
7.740882110595703125e+01
7.839743041992187500e+01
7.913012695312500000e+01
6.863144683837890625e+01
6.877215576171875000e+01
6.905490875244140625e+01
6.940131378173828125e+01
7.014236450195312500e+01
7.075880432128906250e+01
6.994081115722656250e+01
7.085156250000000000e+01
7.208920288085937500e+01
7.414301300048828125e+01
7.614131927490234375e+01
7.826912689208984375e+01
8.417357635498046875e+01
8.587377166748046875e+01
8.803449249267578125e+01
6.663482666015625000e+01
6.702959442138671875e+01
6.756758117675781250e+01
6.850675964355468750e+01
6.939727783203125000e+01
7.049068450927734375e+01
7.626461029052734375e+01
7.652299499511718750e+01
7.684938049316406250e+01
7.750116729736328125e+01
7.851432037353515625e+01
7.925936889648437500e+01
8.120600128173828125e+01
7.001415252685546875e+01
7.021599578857421875e+01
7.047716522216796875e+01
7.081430053710937500e+01
7.211363220214843750e+01
7.289749908447265625e+01
7.322307586669921875e+01
7.373269653320312500e+01
7.443370819091796875e+01
7.516038513183593750e+01
7.589146423339843750e+01
7.662400054931640625e+01
7.793069458007812500e+01
7.861557006835937500e+01
7.935251617431640625e+01
5.674571228027343750e+01
5.734691619873046875e+01
5.794380950927734375e+01
5.847809600830078125e+01
5.991149902343750000e+01
6.242103195190429688e+01
7.727751922607421875e+01
7.773863220214843750e+01
7.810111236572265625e+01
7.902937316894531250e+01
7.988756561279296875e+01
8.074489593505859375e+01
8.160654449462890625e+01
6.349427795410156250e+01
6.416608428955078125e+01
6.459250640869140625e+01
6.848921203613281250e+01
7.094741821289062500e+01
7.320386505126953125e+01
5.827804565429687500e+01
5.861526489257812500e+01
5.895051574707031250e+01
5.960720825195312500e+01
6.098239135742187500e+01
6.263234710693359375e+01
6.332518768310546875e+01
6.406668853759765625e+01
6.038694763183593750e+01
6.091694259643554688e+01
6.131984329223632812e+01
6.221382904052734375e+01
6.314931869506835938e+01
6.396549606323242188e+01
8.318379211425781250e+01
8.399638366699218750e+01
8.482384490966796875e+01
8.644243621826171875e+01
8.809405517578125000e+01
8.979357147216796875e+01
6.912417602539062500e+01
7.008409881591796875e+01
7.127335357666015625e+01
7.214714813232421875e+01
7.297450256347656250e+01
6.147771835327148438e+01
6.188737487792968750e+01
6.235682678222656250e+01
6.324129486083984375e+01
6.417931365966796875e+01
6.507091522216796875e+01
6.745121002197265625e+01
6.838942718505859375e+01
6.892078399658203125e+01
6.948456573486328125e+01
7.054727172851562500e+01
7.152943420410156250e+01
7.252625274658203125e+01
7.562020111083984375e+01
7.632530212402343750e+01
7.718314361572265625e+01
7.872448730468750000e+01
8.027971649169921875e+01
8.183338928222656250e+01
8.490528106689453125e+01
8.601960754394531250e+01
8.827616882324218750e+01
9.044573974609375000e+01
9.477617645263671875e+01
9.926317596435546875e+01
1.035023193359375000e+02
8.204482269287109375e+01
8.237876129150390625e+01
8.290055847167968750e+01
8.381527709960937500e+01
8.472727966308593750e+01
8.570552062988281250e+01
8.756401062011718750e+01
8.850323486328125000e+01
8.941252136230468750e+01
9.029184722900390625e+01
8.076351928710937500e+01
8.160150146484375000e+01
8.247168731689453125e+01
8.327664947509765625e+01
8.409729003906250000e+01
8.692745208740234375e+01
8.773654174804687500e+01
6.544366455078125000e+01
6.561090087890625000e+01
6.589717102050781250e+01
6.623310089111328125e+01
6.705833435058593750e+01
6.775064849853515625e+01
6.847582244873046875e+01
5.438836669921875000e+01
5.480550003051757812e+01
5.536653518676757812e+01
5.635442352294921875e+01
5.746968841552734375e+01
6.223800659179687500e+01
6.154655456542968750e+01
6.215948867797851562e+01
6.292330551147460938e+01
6.418121337890625000e+01
6.559267425537109375e+01
6.687594604492187500e+01
6.851308441162109375e+01
6.956668090820312500e+01
7.106094360351562500e+01
7.237091827392578125e+01
7.370493316650390625e+01
7.403303527832031250e+01
7.439076232910156250e+01
7.475484466552734375e+01
7.547452545166015625e+01
7.619067382812500000e+01
7.686652374267578125e+01
7.898385620117187500e+01
6.044380569458007812e+01
6.088428115844726562e+01
6.143971633911132812e+01
6.245497131347656250e+01
6.355725097656250000e+01
6.461119079589843750e+01
6.819305419921875000e+01
6.945541381835937500e+01
5.499386215209960938e+01
5.535962295532226562e+01
5.591147613525390625e+01
5.685292816162109375e+01
5.774853897094726562e+01
5.866982269287109375e+01
5.956360626220703125e+01
6.047663879394531250e+01
6.139058685302734375e+01
6.231645202636718750e+01
6.323498916625976562e+01
7.627107238769531250e+01
7.680028533935546875e+01
7.745452117919921875e+01
7.887485504150390625e+01
8.107255554199218750e+01
6.640631103515625000e+01
6.684800720214843750e+01
6.730110931396484375e+01
6.820028686523437500e+01
6.996704864501953125e+01
7.275729370117187500e+01
7.292048645019531250e+01
7.312292480468750000e+01
7.343872833251953125e+01
7.407157135009765625e+01
7.465645599365234375e+01
7.526500701904296875e+01
7.662102508544921875e+01
7.788609313964843750e+01
7.605500030517578125e+01
7.637410736083984375e+01
7.696571350097656250e+01
7.753331756591796875e+01
7.910340881347656250e+01
8.038263702392578125e+01
8.175928497314453125e+01
8.976301574707031250e+01
9.025293731689453125e+01
9.079790496826171875e+01
9.173975372314453125e+01
9.359495544433593750e+01
9.556031036376953125e+01
9.737564086914062500e+01
5.979328918457031250e+01
6.028116989135742188e+01
6.079762649536132812e+01
6.183464050292968750e+01
6.282673645019531250e+01
6.384332656860351562e+01
6.634500885009765625e+01
6.837615203857421875e+01
6.596417999267578125e+01
6.623721313476562500e+01
6.648941040039062500e+01
6.704753112792968750e+01
6.761333465576171875e+01
6.813143920898437500e+01
6.948233795166015625e+01
7.004375457763671875e+01
7.056898498535156250e+01
7.099746704101562500e+01
7.130829620361328125e+01
7.161355590820312500e+01
7.228784179687500000e+01
7.286244964599609375e+01
7.416830444335937500e+01
7.496147918701171875e+01
7.573422241210937500e+01
5.954344940185546875e+01
5.994351196289062500e+01
6.034180068969726562e+01
6.130497741699218750e+01
6.214431381225585938e+01
6.311552047729492188e+01
6.500090026855468750e+01
6.581350708007812500e+01
6.671788024902343750e+01
7.600382232666015625e+01
7.645889282226562500e+01
7.714778137207031250e+01
7.920291900634765625e+01
8.307832336425781250e+01
8.412895202636718750e+01
8.520265960693359375e+01
6.839510345458984375e+01
6.884594726562500000e+01
6.934391021728515625e+01
7.006223297119140625e+01
7.185890197753906250e+01
7.356304931640625000e+01
7.518813323974609375e+01
7.699825286865234375e+01
7.572659301757812500e+01
7.605544281005859375e+01
7.638213348388671875e+01
7.709955596923828125e+01
7.784000396728515625e+01
7.191335296630859375e+01
7.227612304687500000e+01
7.268949890136718750e+01
7.348175048828125000e+01
7.497882080078125000e+01
6.092446517944335938e+01
6.138261795043945312e+01
6.185255050659179688e+01
6.287088394165039062e+01
6.487911987304687500e+01
3.958537292480468750e+01
3.992536926269531250e+01
4.028411102294921875e+01
4.087034606933593750e+01
4.211157226562500000e+01
4.335779953002929688e+01
8.552308654785156250e+01
8.609575653076171875e+01
8.683133697509765625e+01
8.807318115234375000e+01
9.055686187744140625e+01
8.284523010253906250e+01
8.390657806396484375e+01
8.494836425781250000e+01
8.715806579589843750e+01
8.931773376464843750e+01
9.158833312988281250e+01
9.611865234375000000e+01
9.821527099609375000e+01
1.003640670776367188e+02
6.931749725341796875e+01
6.949007415771484375e+01
6.978733062744140625e+01
7.005359649658203125e+01
7.079743957519531250e+01
7.218791961669921875e+01
7.290006256103515625e+01
6.092068099975585938e+01
6.113229370117187500e+01
6.136951828002929688e+01
6.178198242187500000e+01
6.259617233276367188e+01
6.439978027343750000e+01
6.583887481689453125e+01
6.748873138427734375e+01
7.855393218994140625e+01
7.867020416259765625e+01
7.893241119384765625e+01
7.921217346191406250e+01
7.983893585205078125e+01
8.105792236328125000e+01
8.209585571289062500e+01
8.277347564697265625e+01
8.335723114013671875e+01
8.468962860107421875e+01
8.539177703857421875e+01
8.625445556640625000e+01
8.778177642822265625e+01
9.077638244628906250e+01
7.101246643066406250e+01
7.157925415039062500e+01
7.219875335693359375e+01
7.334110260009765625e+01
7.549400329589843750e+01
7.994478607177734375e+01
7.486914825439453125e+01
7.531335449218750000e+01
7.576169586181640625e+01
7.661943817138671875e+01
7.819652557373046875e+01
7.990704345703125000e+01
8.087335205078125000e+01
8.160843658447265625e+01
7.396819305419921875e+01
7.427387237548828125e+01
7.451187133789062500e+01
7.507979583740234375e+01
7.620436859130859375e+01
7.738252258300781250e+01
7.793522644042968750e+01
7.769120788574218750e+01
7.804425048828125000e+01
7.845098114013671875e+01
7.917176818847656250e+01
8.111275482177734375e+01
8.325967407226562500e+01
7.907025146484375000e+01
7.936969757080078125e+01
7.969721221923828125e+01
8.031856536865234375e+01
8.095925140380859375e+01
8.224187469482421875e+01
8.375532531738281250e+01
8.895240783691406250e+01
8.956950378417968750e+01
9.026227569580078125e+01
9.156300354003906250e+01
9.412011718750000000e+01
9.495024108886718750e+01
9.586029052734375000e+01
9.690963745117187500e+01
9.875202178955078125e+01
1.055848388671875000e+02
1.095407638549804688e+02
7.282942199707031250e+01
7.304452514648437500e+01
7.330162811279296875e+01
7.368644714355468750e+01
7.453926086425781250e+01
7.623060607910156250e+01
8.558909606933593750e+01
8.602198791503906250e+01
8.652623748779296875e+01
8.742863464355468750e+01
8.931793975830078125e+01
7.021724700927734375e+01
7.057647705078125000e+01
7.097848510742187500e+01
7.172830963134765625e+01
7.239546203613281250e+01
7.382954406738281250e+01
7.497923278808593750e+01
7.635700988769531250e+01
6.698294067382812500e+01
6.731571960449218750e+01
6.767013549804687500e+01
6.821316528320312500e+01
6.947943878173828125e+01
7.060754394531250000e+01
7.181494903564453125e+01
8.015573120117187500e+01
8.068292236328125000e+01
8.130607604980468750e+01
8.249907684326171875e+01
8.372523498535156250e+01
5.856298446655273438e+01
5.879434967041015625e+01
5.906116867065429688e+01
5.953718185424804688e+01
6.036955261230468750e+01
6.216104888916015625e+01
7.619738769531250000e+01
7.639352416992187500e+01
7.665610504150390625e+01
7.704760742187500000e+01
7.785116577148437500e+01
7.938394165039062500e+01
8.531913757324218750e+01
8.649836730957031250e+01
8.804695129394531250e+01
8.984027099609375000e+01
9.438367462158203125e+01
1.031411285400390625e+02
7.302302551269531250e+01
7.345394897460937500e+01
7.381671142578125000e+01
7.454224395751953125e+01
7.611447906494140625e+01
7.088555145263671875e+01
7.137519836425781250e+01
7.168289947509765625e+01
7.237818145751953125e+01
7.391075134277343750e+01
7.170539093017578125e+01
7.196827697753906250e+01
7.229499053955078125e+01
7.294398498535156250e+01
7.392475128173828125e+01
7.634064483642578125e+01
7.698206329345703125e+01
5.587411499023437500e+01
5.652539062500000000e+01
5.712336730957031250e+01
5.842332458496093750e+01
6.112073516845703125e+01
6.427442169189453125e+01
6.689643859863281250e+01
8.814402008056640625e+01
8.896755981445312500e+01
8.973225402832031250e+01
9.135643005371093750e+01
9.467504119873046875e+01
9.841195678710937500e+01
1.000524673461914062e+02
5.785353088378906250e+01
5.810206604003906250e+01
5.838638305664062500e+01
5.880908203125000000e+01
5.972133636474609375e+01
8.732777404785156250e+01
8.887399291992187500e+01
9.032324981689453125e+01
9.270024108886718750e+01
9.830334472656250000e+01
5.820600128173828125e+01
5.839330291748046875e+01
5.856126403808593750e+01
5.887121582031250000e+01
5.942925262451171875e+01
6.044918060302734375e+01
6.178790664672851562e+01
6.232936096191406250e+01
6.301889038085937500e+01
7.797080230712890625e+01
7.823413085937500000e+01
7.857135009765625000e+01
7.895307922363281250e+01
7.989651489257812500e+01
8.177486419677734375e+01
8.378392791748046875e+01
6.468735504150390625e+01
6.489112091064453125e+01
6.511044311523437500e+01
6.543127441406250000e+01
6.599069213867187500e+01
6.868249511718750000e+01
6.899566650390625000e+01
6.930815887451171875e+01
7.003438568115234375e+01
7.134104156494140625e+01
7.318831634521484375e+01
7.454695129394531250e+01
7.708351898193359375e+01
7.739792633056640625e+01
7.775402832031250000e+01
7.835307312011718750e+01
7.952021026611328125e+01
8.191400909423828125e+01
8.419706726074218750e+01
8.645629882812500000e+01
7.439859008789062500e+01
7.487252807617187500e+01
7.548157501220703125e+01
7.653441619873046875e+01
7.855175781250000000e+01
6.970040893554687500e+01
6.997728729248046875e+01
7.031015014648437500e+01
7.093313598632812500e+01
7.296340942382812500e+01
7.349430084228515625e+01
7.479804992675781250e+01
2.643658447265625000e+01
2.715353012084960938e+01
2.810247421264648438e+01
2.976836776733398438e+01
3.143586730957031250e+01
6.502973937988281250e+01
6.536913299560546875e+01
6.686272430419921875e+01
6.913613128662109375e+01
7.296919250488281250e+01
8.486076354980468750e+01
8.525763702392578125e+01
8.561074829101562500e+01
8.639910888671875000e+01
8.817541503906250000e+01
8.923014068603515625e+01
5.986220169067382812e+01
6.008507537841796875e+01
6.034979248046875000e+01
6.069094085693359375e+01
6.148830413818359375e+01
6.312727737426757812e+01
6.480809020996093750e+01
7.457357788085937500e+01
7.487388610839843750e+01
7.521755218505859375e+01
7.584510803222656250e+01
7.721257781982421875e+01
7.152742004394531250e+01
7.185717773437500000e+01
7.213738250732421875e+01
7.282485198974609375e+01
7.407336425781250000e+01
7.550167846679687500e+01
7.682579803466796875e+01
9.249034881591796875e+01
9.310050964355468750e+01
9.342706298828125000e+01
9.443636322021484375e+01
9.632126617431640625e+01
7.336589050292968750e+01
7.365921783447265625e+01
7.409746551513671875e+01
7.470491027832031250e+01
7.614031982421875000e+01
5.485477447509765625e+01
5.512662124633789062e+01
5.546780395507812500e+01
5.606380081176757812e+01
5.732147979736328125e+01
5.854023742675781250e+01
5.975231170654296875e+01
8.072756195068359375e+01
8.130789947509765625e+01
8.178449249267578125e+01
8.294732666015625000e+01
8.506226348876953125e+01
8.756301116943359375e+01
8.447221374511718750e+01
8.513633728027343750e+01
8.577482604980468750e+01
8.705693054199218750e+01
8.955959320068359375e+01
7.411390686035156250e+01
7.442286682128906250e+01
7.474489593505859375e+01
7.538307189941406250e+01
7.676524353027343750e+01
7.809255218505859375e+01
7.888814544677734375e+01
7.956616973876953125e+01
7.741108703613281250e+01
7.937482452392578125e+01
7.984632110595703125e+01
8.241522979736328125e+01
8.725895690917968750e+01
9.251586914062500000e+01
9.510422515869140625e+01
7.587093353271484375e+01
7.631095886230468750e+01
7.685951995849609375e+01
7.777867889404296875e+01
7.978322601318359375e+01
8.194129180908203125e+01
7.932311248779296875e+01
7.993049621582031250e+01
8.068026733398437500e+01
8.189243316650390625e+01
8.320909118652343750e+01
8.468511962890625000e+01
8.589858245849609375e+01
8.737199401855468750e+01
8.866906738281250000e+01
7.273600006103515625e+01
7.291882324218750000e+01
7.317166137695312500e+01
7.357465362548828125e+01
7.434796142578125000e+01
7.620499420166015625e+01
7.767692565917968750e+01
7.846501922607421875e+01
7.923832702636718750e+01
7.564794158935546875e+01
7.599812316894531250e+01
7.632176208496093750e+01
7.690518951416015625e+01
8.084066009521484375e+01
8.186096191406250000e+01
8.231192779541015625e+01
8.276195526123046875e+01
8.371212005615234375e+01
8.560677337646484375e+01
7.628692626953125000e+01
7.669154357910156250e+01
7.718380737304687500e+01
7.805590057373046875e+01
7.993200683593750000e+01
7.205524444580078125e+01
7.226677703857421875e+01
7.254827880859375000e+01
7.286599731445312500e+01
7.540854644775390625e+01
5.851799774169921875e+01
5.892562103271484375e+01
5.938109207153320312e+01
6.032621765136718750e+01
6.463825988769531250e+01
6.553894805908203125e+01
8.736893463134765625e+01
8.807104492187500000e+01
8.868845367431640625e+01
8.988730621337890625e+01
9.260334014892578125e+01
7.632644653320312500e+01
7.659741210937500000e+01
7.688331604003906250e+01
7.735750579833984375e+01
7.833676147460937500e+01
9.949671936035156250e+01
9.998870849609375000e+01
1.004357452392578125e+02
1.012016143798828125e+02
1.028149414062500000e+02
9.403037261962890625e+01
9.449034881591796875e+01
9.504367828369140625e+01
9.602683258056640625e+01
9.785018920898437500e+01
9.977760314941406250e+01
1.007627029418945312e+02
6.805089569091796875e+01
6.857740020751953125e+01
6.911910247802734375e+01
7.017427825927734375e+01
7.232262420654296875e+01
5.874883270263671875e+01
5.912225341796875000e+01
5.954363250732421875e+01
6.027789688110351562e+01
6.184470367431640625e+01
6.337062835693359375e+01
6.493349456787109375e+01
8.090827941894531250e+01
8.148425292968750000e+01
8.218418884277343750e+01
8.339375305175781250e+01
8.987976074218750000e+01
9.114566040039062500e+01
7.650391387939453125e+01
7.686324310302734375e+01
7.724587249755859375e+01
7.793416595458984375e+01
7.944913482666015625e+01
7.031945800781250000e+01
7.066507720947265625e+01
7.095275115966796875e+01
7.168421173095703125e+01
7.304692840576171875e+01
8.201368713378906250e+01
8.229413604736328125e+01
8.256873321533203125e+01
8.305464172363281250e+01
8.406736755371093750e+01
7.150563812255859375e+01
7.199378204345703125e+01
7.259224700927734375e+01
7.373346710205078125e+01
7.597578430175781250e+01
7.480488586425781250e+01
7.519328308105468750e+01
7.556399536132812500e+01
7.637463378906250000e+01
7.789439392089843750e+01
8.336284637451171875e+01
8.353772735595703125e+01
8.379556274414062500e+01
8.418194580078125000e+01
8.497563171386718750e+01
8.767655181884765625e+01
8.846649932861328125e+01
8.691735839843750000e+01
8.777249908447265625e+01
8.882695007324218750e+01
9.012897491455078125e+01
9.364919281005859375e+01
9.993419647216796875e+01
7.707970428466796875e+01
7.724263763427734375e+01
7.751419830322265625e+01
7.776998138427734375e+01
7.836332702636718750e+01
7.959788513183593750e+01
8.069928741455078125e+01
8.184391784667968750e+01
9.559513092041015625e+01
9.619738769531250000e+01
9.687607574462890625e+01
9.819654846191406250e+01
1.008744049072265625e+02
7.140459442138671875e+01
7.162947082519531250e+01
7.190657806396484375e+01
7.227800750732421875e+01
7.313289642333984375e+01
7.482078552246093750e+01
6.556024932861328125e+01
6.615157318115234375e+01
6.687133789062500000e+01
6.819387817382812500e+01
7.065200805664062500e+01
7.320042419433593750e+01
4.477159881591796875e+01
4.530539703369140625e+01
4.597035980224609375e+01
4.715086364746093750e+01
4.942520141601562500e+01
5.175086212158203125e+01
5.335338592529296875e+01
5.405941009521484375e+01
6.292535400390625000e+01
6.347433090209960938e+01
6.408503723144531250e+01
6.519290924072265625e+01
6.780330657958984375e+01
6.743231201171875000e+01
6.776617431640625000e+01
6.806586456298828125e+01
6.919567108154296875e+01
7.022790527343750000e+01
7.228561401367187500e+01
7.265021514892578125e+01
7.305619812011718750e+01
7.382990264892578125e+01
7.565135955810546875e+01
7.722687530517578125e+01
7.802166748046875000e+01
7.883831787109375000e+01
7.510897064208984375e+01
7.546390533447265625e+01
7.585768890380859375e+01
7.661936187744140625e+01
7.821658325195312500e+01
7.994329071044921875e+01
8.153442382812500000e+01
8.038873291015625000e+01
8.102407073974609375e+01
8.171471405029296875e+01
8.310948944091796875e+01
8.620523071289062500e+01
8.897859191894531250e+01
6.222124862670898438e+01
6.253718185424804688e+01
6.292485809326171875e+01
6.360087966918945312e+01
6.502326965332031250e+01
6.645050048828125000e+01
8.096774291992187500e+01
8.139192962646484375e+01
8.186979675292968750e+01
8.273203277587890625e+01
8.445736694335937500e+01
8.618270874023437500e+01
8.706226348876953125e+01
7.064690399169921875e+01
7.092893218994140625e+01
7.125312805175781250e+01
7.183029937744140625e+01
7.294702911376953125e+01
7.396747589111328125e+01
7.512637329101562500e+01
1.015554962158203125e+02
1.025735168457031250e+02
1.032359313964843750e+02
1.050017776489257812e+02
1.085578765869140625e+02
1.119169769287109375e+02
1.153632659912109375e+02
8.704228210449218750e+01
8.830936431884765625e+01
8.991376495361328125e+01
9.296708679199218750e+01
9.885081481933593750e+01
1.018865432739257812e+02
1.048342666625976562e+02
1.081985015869140625e+02
7.268242645263671875e+01
7.363656616210937500e+01
7.446723937988281250e+01
7.642792510986328125e+01
8.012104797363281250e+01
8.393764495849609375e+01
8.601245880126953125e+01
7.045316314697265625e+01
7.085698699951171875e+01
7.125611877441406250e+01
7.207476043701171875e+01
7.360304260253906250e+01
7.557357788085937500e+01
5.812657928466796875e+01
5.869176101684570312e+01
5.923721313476562500e+01
6.030732727050781250e+01
6.248806762695312500e+01
6.471262359619140625e+01
6.706423950195312500e+01
7.971369934082031250e+01
7.990412902832031250e+01
8.010725402832031250e+01
8.041261291503906250e+01
8.115563201904296875e+01
8.422529602050781250e+01
8.481154632568359375e+01
8.542011260986328125e+01
8.653269958496093750e+01
8.773927307128906250e+01
6.470592498779296875e+01
6.505181884765625000e+01
6.543549346923828125e+01
6.614981079101562500e+01
6.758206176757812500e+01
6.834578704833984375e+01
6.904265594482421875e+01
6.993790435791015625e+01
7.053885650634765625e+01
7.418611907958984375e+01
7.452295684814453125e+01
7.493094635009765625e+01
7.564237213134765625e+01
7.710298156738281250e+01
7.864127349853515625e+01
6.786078643798828125e+01
6.816786956787109375e+01
6.856413269042968750e+01
6.921987152099609375e+01
7.058164215087890625e+01
7.184082031250000000e+01
7.326361083984375000e+01
8.373064422607421875e+01
8.443235778808593750e+01
8.513832092285156250e+01
8.660968017578125000e+01
8.943778991699218750e+01
9.131943511962890625e+01
9.360569000244140625e+01
8.287619781494140625e+01
8.328524017333984375e+01
8.377942657470703125e+01
8.477243041992187500e+01
8.660665893554687500e+01
8.871140289306640625e+01
8.930354309082031250e+01
8.990361022949218750e+01
9.090370178222656250e+01
9.322030639648437500e+01
7.228429412841796875e+01
7.271253967285156250e+01
7.312034606933593750e+01
7.775607299804687500e+01
7.879814910888671875e+01
6.920613098144531250e+01
7.144350433349609375e+01
7.367639160156250000e+01
7.814665222167968750e+01
1.009194030761718750e+02
2.810499191284179688e+01
2.873593521118164062e+01
2.938192749023437500e+01
3.063879013061523438e+01
3.188938522338867188e+01
8.251911926269531250e+01
8.290538787841796875e+01
8.323007202148437500e+01
8.401705169677734375e+01
8.554692840576171875e+01
8.703346252441406250e+01
8.780599975585937500e+01
8.867967224121093750e+01
7.585420227050781250e+01
7.620761871337890625e+01
7.656703186035156250e+01
7.732926940917968750e+01
7.922140502929687500e+01
8.348167419433593750e+01
8.391795349121093750e+01
8.432740783691406250e+01
8.519478607177734375e+01
8.690357208251953125e+01
9.866661834716796875e+01
9.935699462890625000e+01
1.001405258178710938e+02
1.009091033935546875e+02
1.025909652709960938e+02
8.944253540039062500e+01
8.973019409179687500e+01
9.002020263671875000e+01
9.060964202880859375e+01
9.184027862548828125e+01
7.198268890380859375e+01
7.246677398681640625e+01
7.298811340332031250e+01
7.403595733642578125e+01
7.608301544189453125e+01
7.762632751464843750e+01
7.970545196533203125e+01
6.329462432861328125e+01
6.352952194213867188e+01
6.378914260864257812e+01
6.419959259033203125e+01
6.498918151855468750e+01
7.566355133056640625e+01
7.706578063964843750e+01
7.847649383544921875e+01
8.135458374023437500e+01
8.689261627197265625e+01
8.982453155517578125e+01
6.578680419921875000e+01
6.615012359619140625e+01
6.649483489990234375e+01
6.721932220458984375e+01
7.065792083740234375e+01
7.345862579345703125e+01
7.438157653808593750e+01
7.538687896728515625e+01
7.725148010253906250e+01
8.109114074707031250e+01
8.073890686035156250e+01
8.192981719970703125e+01
8.334529876708984375e+01
8.573722076416015625e+01
9.094495391845703125e+01
9.575151824951171875e+01
9.860518646240234375e+01
1.007599334716796875e+02
8.004025268554687500e+01
8.034757232666015625e+01
8.065296936035156250e+01
8.130074310302734375e+01
8.255932617187500000e+01
8.399068450927734375e+01
8.461423492431640625e+01
8.526137542724609375e+01
7.305290222167968750e+01
7.342227935791015625e+01
7.429850769042968750e+01
7.469909667968750000e+01
7.616171264648437500e+01
7.825605010986328125e+01
6.670479583740234375e+01
6.717253875732421875e+01
6.756770324707031250e+01
6.844109344482421875e+01
7.016953277587890625e+01
7.146431732177734375e+01
7.323034667968750000e+01
6.143252944946289062e+01
6.176847839355468750e+01
6.224995422363281250e+01
6.269505691528320312e+01
6.390299987792968750e+01
6.841584014892578125e+01
6.964076995849609375e+01
7.085357666015625000e+01
8.559073638916015625e+01
8.674527740478515625e+01
8.794531250000000000e+01
9.031904602050781250e+01
9.511203002929687500e+01
1.001613082885742188e+02
1.030931472778320312e+02
1.050812377929687500e+02
7.637577819824218750e+01
7.659091186523437500e+01
7.699916839599609375e+01
7.750050354003906250e+01
7.866825103759765625e+01
7.552557373046875000e+01
7.594907379150390625e+01
7.651374816894531250e+01
7.751262664794921875e+01
7.941888427734375000e+01
8.038856506347656250e+01
7.255164337158203125e+01
7.305992889404296875e+01
7.389749908447265625e+01
7.517410278320312500e+01
7.797559356689453125e+01
6.964236450195312500e+01
7.020854949951171875e+01
7.078482818603515625e+01
7.200912475585937500e+01
7.627961730957031250e+01
7.847708892822265625e+01
8.497418975830078125e+01
8.590043640136718750e+01
8.657671356201171875e+01
8.798600769042968750e+01
9.621173095703125000e+01
7.541290283203125000e+01
7.555445861816406250e+01
7.582124328613281250e+01
7.611101531982421875e+01
7.673714447021484375e+01
7.795793151855468750e+01
6.981728363037109375e+01
7.020515441894531250e+01
7.061127471923828125e+01
7.119992065429687500e+01
7.334309387207031250e+01
7.415077972412109375e+01
7.563533020019531250e+01
7.853176116943359375e+01
7.891829681396484375e+01
7.928411865234375000e+01
8.006484985351562500e+01
8.155959320068359375e+01
8.281121063232421875e+01
8.358197021484375000e+01
9.431745147705078125e+01
9.524885559082031250e+01
9.654319763183593750e+01
9.865522766113281250e+01
1.032116394042968750e+02
1.072345809936523438e+02
1.103698425292968750e+02
1.118368988037109375e+02
7.993192291259765625e+01
8.023252105712890625e+01
8.058407592773437500e+01
8.122526550292968750e+01
8.379132080078125000e+01
8.651845550537109375e+01
8.708447265625000000e+01
8.766328430175781250e+01
8.884413146972656250e+01
9.115354156494140625e+01
9.234136962890625000e+01
9.340017700195312500e+01
8.983705902099609375e+01
9.129629516601562500e+01
9.251740264892578125e+01
9.554107666015625000e+01
1.010069732666015625e+02
1.041912689208984375e+02
7.955576324462890625e+01
7.978287506103515625e+01
8.049127960205078125e+01
8.157165527343750000e+01
8.334454345703125000e+01
8.470062255859375000e+01
6.357120132446289062e+01
6.398267745971679688e+01
6.439832305908203125e+01
6.522795104980468750e+01
6.688887023925781250e+01
6.776856994628906250e+01
6.595470428466796875e+01
6.610911560058593750e+01
6.628472900390625000e+01
6.658811187744140625e+01
6.717973327636718750e+01
6.841506958007812500e+01
7.565166473388671875e+01
7.585979461669921875e+01
7.611878967285156250e+01
7.636776733398437500e+01
7.725653839111328125e+01
7.887142944335937500e+01
7.209544372558593750e+01
7.227645111083984375e+01
7.250170135498046875e+01
7.271823883056640625e+01
7.349120330810546875e+01
7.489366912841796875e+01
6.815328216552734375e+01
6.843850708007812500e+01
6.862192535400390625e+01
6.887786865234375000e+01
6.960106658935546875e+01
7.094913482666015625e+01
7.227626800537109375e+01
7.363409423828125000e+01
6.635624694824218750e+01
6.678498077392578125e+01
6.719049835205078125e+01
6.772709655761718750e+01
6.909522247314453125e+01
1.014579772949218750e+02
1.025717315673828125e+02
1.037413024902343750e+02
1.062687530517578125e+02
1.112725219726562500e+02
1.168878097534179688e+02
1.192060089111328125e+02
7.997195434570312500e+01
8.029112243652343750e+01
8.065722656250000000e+01
8.119113159179687500e+01
8.236688232421875000e+01
8.472779083251953125e+01
7.460986328125000000e+01
7.484284973144531250e+01
7.734152984619140625e+01
7.881788635253906250e+01
7.962961578369140625e+01
8.045927429199218750e+01
5.779576873779296875e+01
5.836996459960937500e+01
5.910123062133789062e+01
6.036291503906250000e+01
6.294294738769531250e+01
6.494491577148437500e+01
6.159333801269531250e+01
6.180660247802734375e+01
6.234544372558593750e+01
6.432735443115234375e+01
6.561758422851562500e+01
6.720354461669921875e+01
6.872843170166015625e+01
6.914334106445312500e+01
6.959356689453125000e+01
7.034474945068359375e+01
7.310869598388671875e+01
6.421962738037109375e+01
6.478379821777343750e+01
6.531317901611328125e+01
6.625700378417968750e+01
6.820648193359375000e+01
5.736378479003906250e+01
5.819837188720703125e+01
5.908982086181640625e+01
6.081251525878906250e+01
6.411909484863281250e+01
7.064862060546875000e+01
7.085783386230468750e+01
7.121701812744140625e+01
7.158926391601562500e+01
7.220837402343750000e+01
7.350537109375000000e+01
7.611633300781250000e+01
7.859146118164062500e+01
8.196092224121093750e+01
8.223767852783203125e+01
8.258345031738281250e+01
8.328099060058593750e+01
8.694253540039062500e+01
7.814168548583984375e+01
7.847963714599609375e+01
7.884778594970703125e+01
7.949810791015625000e+01
8.084732055664062500e+01
8.173716735839843750e+01
8.273201751708984375e+01
5.425193786621093750e+01
5.461741638183593750e+01
5.499651336669921875e+01
5.577514266967773438e+01
5.728548431396484375e+01
5.805200195312500000e+01
5.863238525390625000e+01
5.934896469116210938e+01
6.015483474731445312e+01
6.115486145019531250e+01
6.149413299560546875e+01
6.181565475463867188e+01
6.256519317626953125e+01
6.386971282958984375e+01
6.532168579101562500e+01
7.591001892089843750e+01
7.623026275634765625e+01
7.653910827636718750e+01
7.707418060302734375e+01
7.826113128662109375e+01
5.441726684570312500e+01
5.493197250366210938e+01
5.567109680175781250e+01
5.657801055908203125e+01
5.857404327392578125e+01
7.514191436767578125e+01
7.603796386718750000e+01
7.706349945068359375e+01
7.874005126953125000e+01
8.323423767089843750e+01
9.864532470703125000e+01
5.857424926757812500e+01
5.891670227050781250e+01
5.935552978515625000e+01
6.020211029052734375e+01
6.177183532714843750e+01
6.291628265380859375e+01
6.451467895507812500e+01
6.906198883056640625e+01
6.941732025146484375e+01
6.960308837890625000e+01
7.011340332031250000e+01
7.203532409667968750e+01
7.310455322265625000e+01
6.498234558105468750e+01
6.558471679687500000e+01
6.625441741943359375e+01
6.747873687744140625e+01
6.992493438720703125e+01
6.749769592285156250e+01
6.770859527587890625e+01
6.793314361572265625e+01
6.831776428222656250e+01
6.924783325195312500e+01
7.081591033935546875e+01
7.252129364013671875e+01
7.328749847412109375e+01
6.556465911865234375e+01
6.637301635742187500e+01
6.723603820800781250e+01
6.860966491699218750e+01
6.998042297363281250e+01
7.139864349365234375e+01
7.437460327148437500e+01
6.335902404785156250e+01
6.386235809326171875e+01
6.434272003173828125e+01
6.546320343017578125e+01
6.749950408935546875e+01
7.104283142089843750e+01
7.149929809570312500e+01
7.199462127685546875e+01
7.297846984863281250e+01
7.409730529785156250e+01
6.286570358276367188e+01
6.308907318115234375e+01
6.347972106933593750e+01
6.400500488281250000e+01
6.500457763671875000e+01
6.719139099121093750e+01
6.929965972900390625e+01
7.027986145019531250e+01
7.841276550292968750e+01
7.900960540771484375e+01
7.965805816650390625e+01
8.091217041015625000e+01
8.327432250976562500e+01
6.758209228515625000e+01
6.801539611816406250e+01
6.862034606933593750e+01
6.952684020996093750e+01
7.140664672851562500e+01
7.610445404052734375e+01
7.645622253417968750e+01
7.692195892333984375e+01
7.757764434814453125e+01
7.910629272460937500e+01
8.053542327880859375e+01
8.129290771484375000e+01
8.202076721191406250e+01
6.819109344482421875e+01
6.859666442871093750e+01
6.907662963867187500e+01
6.983816528320312500e+01
7.149883270263671875e+01
7.261795043945312500e+01
7.470861816406250000e+01
7.509743499755859375e+01
7.556027984619140625e+01
7.634960174560546875e+01
7.929571533203125000e+01
7.218195343017578125e+01
7.249552917480468750e+01
7.286807250976562500e+01
7.359996795654296875e+01
7.426665496826171875e+01
7.034102630615234375e+01
7.057016754150390625e+01
7.081585693359375000e+01
7.125061798095703125e+01
7.212100219726562500e+01
7.323568725585937500e+01
7.352590179443359375e+01
7.388553619384765625e+01
7.459994506835937500e+01
7.606764221191406250e+01
6.891239929199218750e+01
6.924613189697265625e+01
6.972057342529296875e+01
7.049952697753906250e+01
7.132537841796875000e+01
6.714508819580078125e+01
6.739240264892578125e+01
6.768167877197265625e+01
6.805048370361328125e+01
6.890692901611328125e+01
7.067751312255859375e+01
6.308533477783203125e+01
6.360404968261718750e+01
6.420040893554687500e+01
6.517261505126953125e+01
6.729508972167968750e+01
6.886262512207031250e+01
7.099753570556640625e+01
5.976339721679687500e+01
6.039109420776367188e+01
6.109614181518554688e+01
6.245044326782226562e+01
6.482807922363281250e+01
6.696730804443359375e+01
6.826581573486328125e+01
6.957446289062500000e+01
5.749936676025390625e+01
5.818616485595703125e+01
5.893042755126953125e+01
6.058562088012695312e+01
6.400520324707031250e+01
6.572793579101562500e+01
6.859867095947265625e+01
6.904138183593750000e+01
7.020435333251953125e+01
7.155966186523437500e+01
7.366641998291015625e+01
7.812591552734375000e+01
8.723731231689453125e+01
9.399594116210937500e+01
1.008440017700195312e+02
1.029104919433593750e+02
5.978954315185546875e+01
6.026584625244140625e+01
6.080821228027343750e+01
6.170692443847656250e+01
6.336354064941406250e+01
6.687496948242187500e+01
6.939727020263671875e+01
7.127814483642578125e+01
6.111095046997070312e+01
6.159390258789062500e+01
6.212956237792968750e+01
6.326972198486328125e+01
6.542849731445312500e+01
6.662028503417968750e+01
8.742927551269531250e+01
8.785864257812500000e+01
8.827847290039062500e+01
8.916929626464843750e+01
9.007139587402343750e+01
9.109059906005859375e+01
9.223297882080078125e+01
8.103672790527343750e+01
8.165227508544921875e+01
8.238803100585937500e+01
8.353172302246093750e+01
8.595386505126953125e+01
8.797535705566406250e+01
7.524927520751953125e+01
7.540435028076171875e+01
7.557566070556640625e+01
7.588462066650390625e+01
7.649351501464843750e+01
7.859010314941406250e+01
7.919239044189453125e+01
7.981450653076171875e+01
6.366687011718750000e+01
6.397327804565429688e+01
6.432980346679687500e+01
6.488555145263671875e+01
6.604364776611328125e+01
6.510952758789062500e+01
6.737702178955078125e+01
6.928560638427734375e+01
7.338423919677734375e+01
8.156922149658203125e+01
8.641416168212890625e+01
9.042302703857421875e+01
5.161693191528320312e+01
5.188749313354492188e+01
5.236011505126953125e+01
5.448057937622070312e+01
5.636008453369140625e+01
7.537953186035156250e+01
7.568849945068359375e+01
7.606443023681640625e+01
7.675978851318359375e+01
7.823558807373046875e+01
7.934523010253906250e+01
8.071641540527343750e+01
6.967780303955078125e+01
7.007102203369140625e+01
7.059178924560546875e+01
7.493649291992187500e+01
7.635803985595703125e+01
7.162175750732421875e+01
7.202081298828125000e+01
7.244815826416015625e+01
7.317824554443359375e+01
7.483181762695312500e+01
7.614214324951171875e+01
1.125576934814453125e+02
1.136689071655273438e+02
1.148525695800781250e+02
1.169871444702148438e+02
1.214056243896484375e+02
1.252311706542968750e+02
6.956940460205078125e+01
7.001226043701171875e+01
7.058991241455078125e+01
7.159885406494140625e+01
7.339434814453125000e+01
5.508623504638671875e+01
5.586212921142578125e+01
5.633913803100585938e+01
5.713086318969726562e+01
6.227013778686523438e+01
6.569670104980468750e+01
6.617755889892578125e+01
6.704929351806640625e+01
6.787657165527343750e+01
7.003884887695312500e+01
7.723432159423828125e+01
7.751953125000000000e+01
7.786392974853515625e+01
7.850071716308593750e+01
7.965768432617187500e+01
6.573114776611328125e+01
6.611845397949218750e+01
6.645530700683593750e+01
6.720691680908203125e+01
6.872051239013671875e+01
6.970954895019531250e+01
7.125951385498046875e+01
6.539884185791015625e+01
6.561048126220703125e+01
6.586675262451171875e+01
6.627845001220703125e+01
6.711837005615234375e+01
6.791034698486328125e+01
6.457501220703125000e+01
6.476768493652343750e+01
6.497340393066406250e+01
6.534032440185546875e+01
6.620081329345703125e+01
6.680185699462890625e+01
6.756985473632812500e+01
6.888500213623046875e+01
6.930188751220703125e+01
6.971357727050781250e+01
7.057847595214843750e+01
7.246569061279296875e+01
7.403547668457031250e+01
7.582841491699218750e+01
7.205279541015625000e+01
7.226169586181640625e+01
7.253522491455078125e+01
7.299435424804687500e+01
7.355342864990234375e+01
7.442211151123046875e+01
9.454687500000000000e+01
9.531128692626953125e+01
9.614665222167968750e+01
9.774966430664062500e+01
1.010298614501953125e+02
7.185224151611328125e+01
7.217433929443359375e+01
7.258035278320312500e+01
7.311717224121093750e+01
7.435742187500000000e+01
5.943959808349609375e+01
6.003442001342773438e+01
6.086583709716796875e+01
6.204602813720703125e+01
6.531894683837890625e+01
6.744276428222656250e+01
7.338962554931640625e+01
7.354792022705078125e+01
7.373640441894531250e+01
7.405054473876953125e+01
7.464556884765625000e+01
7.591074371337890625e+01
7.698497772216796875e+01
6.396677780151367188e+01
6.453282165527343750e+01
6.501400756835937500e+01
6.606227111816406250e+01
6.970583343505859375e+01
7.177649688720703125e+01
7.959900665283203125e+01
7.983699798583984375e+01
8.010054016113281250e+01
8.062162017822265625e+01
8.111163330078125000e+01
8.163671875000000000e+01
8.214577484130859375e+01
6.131917190551757812e+01
6.155433654785156250e+01
6.179700851440429688e+01
6.220563125610351562e+01
6.303455734252929688e+01
6.472158813476562500e+01
6.604085540771484375e+01
6.773288726806640625e+01
6.513980865478515625e+01
6.586872863769531250e+01
6.673810577392578125e+01
6.789820861816406250e+01
7.080969238281250000e+01
7.362004852294921875e+01
7.294636535644531250e+01
7.310657501220703125e+01
7.327684020996093750e+01
7.356652069091796875e+01
7.418785858154296875e+01
7.534540557861328125e+01
7.747546386718750000e+01
6.488893127441406250e+01
6.535150909423828125e+01
6.579301452636718750e+01
6.856113433837890625e+01
6.998367309570312500e+01
7.089598846435546875e+01
6.951717376708984375e+01
6.983393096923828125e+01
7.021489715576171875e+01
7.091048431396484375e+01
7.237157440185546875e+01
7.328759765625000000e+01
7.399246215820312500e+01
7.469945526123046875e+01
7.562975311279296875e+01
7.592878723144531250e+01
7.626307678222656250e+01
7.692644500732421875e+01
7.825447082519531250e+01
7.958120727539062500e+01
8.602713012695312500e+01
8.684033966064453125e+01
8.739675140380859375e+01
8.918960571289062500e+01
9.240120697021484375e+01
7.893058013916015625e+01
7.933813476562500000e+01
7.970650482177734375e+01
8.039336395263671875e+01
8.178632354736328125e+01
8.630296325683593750e+01
8.661487579345703125e+01
8.699097442626953125e+01
8.746504211425781250e+01
8.864288330078125000e+01
9.089046478271484375e+01
6.787580108642578125e+01
6.843068695068359375e+01
6.885465240478515625e+01
6.997449493408203125e+01
7.190199279785156250e+01
7.063427734375000000e+01
7.107389068603515625e+01
7.157657623291015625e+01
7.256157684326171875e+01
7.449566650390625000e+01
7.413113403320312500e+01
7.449011993408203125e+01
7.516484069824218750e+01
7.561969757080078125e+01
7.890391540527343750e+01
1.006838607788085938e+02
1.011640090942382812e+02
1.018227691650390625e+02
1.026706390380859375e+02
1.072588272094726562e+02
1.082685089111328125e+02
7.355115509033203125e+01
7.476714324951171875e+01
7.592723083496093750e+01
7.821013641357421875e+01
8.294364929199218750e+01
8.653338623046875000e+01
5.915012359619140625e+01
5.963206100463867188e+01
6.022098922729492188e+01
6.105184936523437500e+01
6.388081741333007812e+01
6.823094940185546875e+01
6.857930755615234375e+01
6.897073364257812500e+01
6.973743438720703125e+01
7.128468322753906250e+01
7.259275817871093750e+01
7.410847473144531250e+01
8.011057281494140625e+01
8.050559234619140625e+01
8.089899444580078125e+01
8.171327209472656250e+01
8.332324218750000000e+01
8.516989898681640625e+01
8.595751190185546875e+01
7.035700225830078125e+01
7.087753295898437500e+01
7.141642761230468750e+01
7.247154235839843750e+01
7.462711334228515625e+01
5.358787536621093750e+01
5.399318695068359375e+01
5.447218322753906250e+01
5.522754287719726562e+01
5.673364639282226562e+01
5.986405181884765625e+01
6.232815933227539062e+01
6.553839874267578125e+01
8.551136779785156250e+01
8.592557525634765625e+01
8.635980987548828125e+01
8.716512298583984375e+01
8.864025878906250000e+01
9.010770416259765625e+01
9.182766723632812500e+01
7.834667968750000000e+01
7.867044830322265625e+01
7.901715087890625000e+01
7.968964385986328125e+01
8.033987426757812500e+01
9.900624084472656250e+01
9.991801452636718750e+01
1.010730514526367188e+02
1.030113143920898438e+02
1.050741729736328125e+02
1.069847259521484375e+02
8.333754730224609375e+01
8.408971405029296875e+01
8.488148498535156250e+01
8.637823486328125000e+01
8.941281890869140625e+01
9.192211151123046875e+01
9.345539093017578125e+01
9.501455688476562500e+01
9.146702575683593750e+01
9.217292785644531250e+01
9.287518310546875000e+01
9.411602020263671875e+01
9.654640197753906250e+01
9.827575683593750000e+01
9.965950012207031250e+01
7.048136901855468750e+01
7.078224182128906250e+01
7.118183135986328125e+01
7.181558227539062500e+01
7.252071380615234375e+01
1.124464721679687500e+02
1.133666000366210938e+02
1.143801574707031250e+02
1.165088195800781250e+02
1.205691223144531250e+02
7.205030822753906250e+01
7.235916900634765625e+01
7.275022125244140625e+01
7.342163848876953125e+01
7.475718688964843750e+01
6.305758666992187500e+01
6.333327865600585938e+01
6.366481399536132812e+01
6.425028991699218750e+01
6.541595458984375000e+01
8.070905303955078125e+01
8.143151092529296875e+01
8.216883087158203125e+01
8.359740447998046875e+01
8.658387756347656250e+01
8.875423431396484375e+01
7.736335754394531250e+01
7.780316162109375000e+01
7.832046508789062500e+01
7.922184753417968750e+01
8.098802185058593750e+01
7.125593566894531250e+01
7.171220397949218750e+01
7.215744781494140625e+01
7.293344879150390625e+01
7.525550079345703125e+01
7.590768432617187500e+01
7.760045623779296875e+01
7.434507751464843750e+01
7.458608245849609375e+01
7.480854034423828125e+01
7.520790100097656250e+01
7.591622924804687500e+01
7.767430877685546875e+01
5.742339324951171875e+01
5.793473052978515625e+01
5.848297882080078125e+01
5.955415344238281250e+01
6.307238006591796875e+01
6.439764404296875000e+01
6.461418914794921875e+01
6.513681793212890625e+01
6.568458557128906250e+01
6.672459411621093750e+01
6.877007293701171875e+01
6.303099060058593750e+01
6.358531951904296875e+01
6.418460083007812500e+01
6.533012390136718750e+01
6.966564178466796875e+01
9.314503479003906250e+01
9.445030975341796875e+01
9.570286560058593750e+01
9.821800231933593750e+01
1.007180938720703125e+02
1.037352523803710938e+02
6.332229614257812500e+01
6.354838562011718750e+01
6.387698745727539062e+01
6.435694885253906250e+01
6.531112670898437500e+01
6.721851348876953125e+01
6.890747833251953125e+01
7.079858398437500000e+01
7.045014190673828125e+01
7.113276672363281250e+01
7.172669982910156250e+01
7.308296203613281250e+01
7.559234619140625000e+01
7.002554321289062500e+01
7.037605285644531250e+01
7.088109588623046875e+01
7.168407440185546875e+01
7.326932525634765625e+01
6.552744293212890625e+01
6.638698577880859375e+01
6.725323486328125000e+01
6.805821228027343750e+01
6.889425659179687500e+01
6.354436874389648438e+01
6.388868713378906250e+01
6.418979644775390625e+01
6.490881347656250000e+01
6.620505523681640625e+01
6.710905456542968750e+01
6.848024749755859375e+01
7.141120147705078125e+01
7.176499938964843750e+01
7.220368957519531250e+01
7.294619750976562500e+01
7.457559967041015625e+01
7.562194061279296875e+01
7.725132751464843750e+01
5.598052215576171875e+01
5.657704925537109375e+01
5.702577209472656250e+01
5.812312316894531250e+01
6.030400848388671875e+01
6.256570434570312500e+01
6.398418045043945312e+01
7.398979187011718750e+01
7.494756317138671875e+01
7.590531158447265625e+01
7.816675567626953125e+01
8.204378509521484375e+01
5.786232757568359375e+01
5.837316894531250000e+01
5.907669067382812500e+01
6.014990234375000000e+01
6.609065246582031250e+01
6.723289489746093750e+01
6.746840667724609375e+01
6.773398590087890625e+01
6.834197998046875000e+01
6.966487121582031250e+01
7.402415466308593750e+01
7.428047943115234375e+01
7.459120178222656250e+01
7.517849731445312500e+01
7.629870605468750000e+01
7.727599334716796875e+01
7.786386871337890625e+01
7.844075775146484375e+01
7.208792114257812500e+01
7.234851074218750000e+01
7.259290313720703125e+01
7.307678222656250000e+01
7.404405212402343750e+01
8.068298339843750000e+01
8.131499481201171875e+01
8.213178253173828125e+01
8.353724670410156250e+01
8.582575225830078125e+01
8.306980133056640625e+01
8.352001190185546875e+01
8.402548980712890625e+01
8.495085906982421875e+01
8.577281951904296875e+01
6.905412292480468750e+01
6.928048706054687500e+01
6.963373565673828125e+01
7.017273712158203125e+01
7.116447448730468750e+01
7.320985412597656250e+01
7.583585357666015625e+01
7.689254760742187500e+01
6.707287597656250000e+01
6.732553100585937500e+01
6.767006683349609375e+01
6.817936706542968750e+01
6.922594451904296875e+01
7.119725036621093750e+01
5.734086990356445312e+01
5.781252288818359375e+01
5.843514633178710938e+01
5.946486663818359375e+01
6.162009811401367188e+01
7.461783599853515625e+01
7.513128662109375000e+01
7.563227081298828125e+01
7.670800781250000000e+01
7.875660705566406250e+01
6.406668853759765625e+01
6.472427368164062500e+01
6.533352661132812500e+01
6.664997100830078125e+01
6.916075897216796875e+01
7.101268768310546875e+01
7.230877685546875000e+01
7.359978485107421875e+01
6.789495849609375000e+01
6.824382781982421875e+01
6.862937164306640625e+01
6.937500000000000000e+01
7.088798522949218750e+01
7.193531799316406250e+01
7.310992431640625000e+01
5.783496093750000000e+01
5.872594451904296875e+01
5.931809234619140625e+01
6.493109130859375000e+01
6.768388366699218750e+01
7.237007904052734375e+01
7.283977508544921875e+01
7.335581970214843750e+01
7.437658691406250000e+01
7.646962738037109375e+01
7.868008422851562500e+01
7.545462036132812500e+01
7.565421295166015625e+01
7.586537933349609375e+01
7.619441986083984375e+01
7.697037506103515625e+01
5.889125823974609375e+01
5.917970275878906250e+01
5.950849151611328125e+01
5.995326232910156250e+01
6.099409484863281250e+01
6.301221084594726562e+01
6.457546234130859375e+01
8.855501556396484375e+01
8.899665832519531250e+01
8.943014526367187500e+01
9.036680603027343750e+01
9.215325164794921875e+01
9.308990478515625000e+01
9.402657318115234375e+01
9.496323394775390625e+01
8.796623229980468750e+01
8.837117004394531250e+01
8.881398773193359375e+01
8.960449218750000000e+01
9.132862091064453125e+01
9.225299072265625000e+01
7.040699005126953125e+01
7.057371520996093750e+01
7.076142883300781250e+01
7.107388305664062500e+01
7.171977233886718750e+01
7.299500274658203125e+01
7.369052886962890625e+01
7.431223297119140625e+01
7.495685577392578125e+01
6.831478881835937500e+01
6.855357360839843750e+01
6.880023193359375000e+01
6.922444915771484375e+01
7.009300231933593750e+01
7.474246978759765625e+01
7.504437255859375000e+01
7.538485717773437500e+01
7.606920623779296875e+01
7.743452453613281250e+01
7.837068176269531250e+01
7.985717010498046875e+01
6.064005279541015625e+01
6.125975418090820312e+01
6.194461441040039062e+01
6.318657302856445312e+01
6.576120758056640625e+01
7.016556549072265625e+01
7.742316436767578125e+01
7.788986206054687500e+01
7.833708190917968750e+01
7.929275512695312500e+01
8.110573577880859375e+01
8.275087738037109375e+01
8.505093383789062500e+01
8.734223937988281250e+01
9.167513275146484375e+01
1.004898681640625000e+02
1.063780364990234375e+02
6.518849182128906250e+01
6.551509094238281250e+01
6.585829162597656250e+01
6.652876281738281250e+01
6.779071044921875000e+01
6.852822875976562500e+01
6.922060394287109375e+01
6.986386108398437500e+01
5.237429809570312500e+01
5.338907623291015625e+01
5.445758819580078125e+01
5.654709625244140625e+01
6.047396469116210938e+01
6.277014541625976562e+01
6.492784881591796875e+01
6.685614013671875000e+01
9.779338073730468750e+01
9.853492736816406250e+01
9.937130737304687500e+01
1.007753524780273438e+02
1.038133773803710938e+02
7.423467254638671875e+01
7.446789550781250000e+01
7.478420257568359375e+01
7.527698516845703125e+01
7.631568908691406250e+01
7.743283081054687500e+01
7.794882965087890625e+01
6.843841552734375000e+01
6.892890167236328125e+01
6.944878387451171875e+01
7.051902770996093750e+01
7.263220214843750000e+01
7.376544952392578125e+01
7.485565185546875000e+01
7.154537200927734375e+01
7.184748077392578125e+01
7.224530029296875000e+01
7.279877471923828125e+01
7.394725036621093750e+01
8.378341674804687500e+01
8.425769805908203125e+01
8.486991882324218750e+01
8.590972137451171875e+01
8.801586914062500000e+01
8.906416320800781250e+01
7.778247070312500000e+01
7.805727386474609375e+01
7.837454986572265625e+01
7.896418762207031250e+01
8.017501831054687500e+01
8.077801513671875000e+01
8.139920806884765625e+01
8.198885345458984375e+01
8.814055633544921875e+01
8.985669708251953125e+01
9.237993621826171875e+01
9.667029571533203125e+01
1.065465774536132812e+02
7.882759857177734375e+01
7.946376037597656250e+01
8.048036956787109375e+01
8.198474121093750000e+01
8.520346069335937500e+01
8.688148498535156250e+01
8.842374420166015625e+01
9.018700408935546875e+01
8.703129577636718750e+01
8.728955841064453125e+01
8.766625213623046875e+01
8.831474304199218750e+01
8.949443054199218750e+01
7.365630340576171875e+01
7.396794891357421875e+01
7.425294494628906250e+01
7.488243103027343750e+01
7.614449310302734375e+01
7.666678619384765625e+01
7.730803680419921875e+01
7.793752288818359375e+01
8.301636505126953125e+01
8.334571838378906250e+01
8.383917236328125000e+01
8.424353790283203125e+01
8.537693786621093750e+01
8.193068695068359375e+01
8.236584472656250000e+01
8.294486236572265625e+01
8.378143310546875000e+01
8.555580902099609375e+01
8.732131195068359375e+01
9.169627380371093750e+01
9.248614501953125000e+01
9.336316680908203125e+01
9.517097473144531250e+01
9.894235229492187500e+01
5.788488769531250000e+01
5.825734710693359375e+01
5.870317077636718750e+01
5.950694656372070312e+01
6.108547210693359375e+01
6.289294815063476562e+01
6.374267578125000000e+01
8.140261840820312500e+01
8.202518463134765625e+01
8.303651428222656250e+01
8.436052703857421875e+01
8.731562805175781250e+01
9.302296447753906250e+01
8.108702850341796875e+01
8.138598632812500000e+01
8.175116729736328125e+01
8.236422729492187500e+01
8.363511657714843750e+01
8.410310363769531250e+01
8.476094055175781250e+01
8.539480590820312500e+01
6.710227966308593750e+01
6.744615936279296875e+01
6.787693786621093750e+01
6.875049591064453125e+01
7.011251831054687500e+01
6.926907348632812500e+01
6.945527648925781250e+01
6.966230010986328125e+01
7.007795715332031250e+01
7.083437347412109375e+01
7.125643157958984375e+01
7.164885711669921875e+01
7.207091522216796875e+01
6.551537322998046875e+01
6.605486297607421875e+01
6.675157165527343750e+01
6.790068054199218750e+01
7.003716278076171875e+01
7.203453063964843750e+01
7.669858551025390625e+01
7.697115325927734375e+01
7.729870605468750000e+01
7.789765167236328125e+01
7.925229644775390625e+01
7.993956756591796875e+01
8.052213287353515625e+01
8.112576293945312500e+01
7.065445709228515625e+01
7.097616577148437500e+01
7.132512664794921875e+01
7.271033477783203125e+01
7.441725158691406250e+01
4.755413818359375000e+01
4.788992309570312500e+01
4.825601196289062500e+01
4.888636779785156250e+01
5.009372711181640625e+01
5.260665512084960938e+01
8.362309265136718750e+01
8.481793975830078125e+01
8.646385192871093750e+01
8.898506164550781250e+01
9.449201965332031250e+01
9.707231140136718750e+01
9.968751525878906250e+01
7.713506317138671875e+01
7.751330566406250000e+01
7.813758850097656250e+01
7.877722167968750000e+01
8.035174560546875000e+01
8.197238922119140625e+01
8.392054748535156250e+01
8.700654602050781250e+01
8.863179779052734375e+01
5.179307937622070312e+01
5.250208282470703125e+01
5.312590026855468750e+01
5.449994659423828125e+01
5.856574630737304688e+01
6.006345748901367188e+01
6.135369110107421875e+01
7.955664825439453125e+01
8.007289886474609375e+01
8.057941436767578125e+01
8.166927337646484375e+01
8.478086090087890625e+01
7.725209808349609375e+01
7.746231842041015625e+01
7.769084167480468750e+01
7.805315399169921875e+01
7.890995025634765625e+01
5.937461090087890625e+01
5.999843597412109375e+01
6.056680297851562500e+01
6.162431335449218750e+01
6.341852188110351562e+01
9.009595489501953125e+01
9.089719390869140625e+01
9.159454345703125000e+01
9.320645141601562500e+01
9.644762420654296875e+01
9.181937408447265625e+01
9.253709411621093750e+01
9.332395935058593750e+01
9.482545471191406250e+01
9.789302062988281250e+01
8.129660034179687500e+01
8.155264282226562500e+01
8.184599304199218750e+01
8.230364990234375000e+01
8.331069946289062500e+01
7.374204254150390625e+01
7.438632202148437500e+01
7.521893310546875000e+01
7.657263183593750000e+01
7.939472198486328125e+01
8.216583251953125000e+01
8.365971374511718750e+01
6.987306213378906250e+01
7.087925720214843750e+01
7.208901214599609375e+01
7.392856597900390625e+01
7.743874359130859375e+01
8.545374298095703125e+01
8.954383087158203125e+01
7.963814544677734375e+01
7.987201690673828125e+01
8.014966583251953125e+01
8.070977020263671875e+01
8.177392578125000000e+01
8.280764007568359375e+01
8.336027526855468750e+01
9.108434295654296875e+01
9.158256530761718750e+01
9.208381652832031250e+01
9.310137939453125000e+01
9.435800933837890625e+01
9.695162963867187500e+01
9.820826721191406250e+01
7.539276885986328125e+01
7.592022705078125000e+01
7.648342132568359375e+01
7.753616333007812500e+01
7.878711700439453125e+01
7.993192291259765625e+01
8.104965209960937500e+01
8.218904113769531250e+01
8.334793090820312500e+01
7.869415283203125000e+01
7.931135559082031250e+01
8.018390655517578125e+01
8.169262695312500000e+01
8.314735412597656250e+01
9.011508941650390625e+01
9.100409698486328125e+01
9.250169372558593750e+01
9.410668945312500000e+01
9.813607788085937500e+01
9.986240386962890625e+01
7.032885742187500000e+01
7.092672729492187500e+01
7.159677886962890625e+01
7.259861755371093750e+01
7.376419830322265625e+01
7.607058715820312500e+01
7.747747039794921875e+01
5.919179534912109375e+01
5.962287902832031250e+01
6.004135131835937500e+01
6.176482772827148438e+01
6.277656555175781250e+01
6.468154907226562500e+01
5.581988525390625000e+01
5.624951934814453125e+01
5.666659164428710938e+01
5.838429260253906250e+01
6.129123687744140625e+01
6.588459777832031250e+01
6.624594116210937500e+01
6.657769012451171875e+01
6.723498535156250000e+01
6.799827575683593750e+01
6.972789764404296875e+01
7.751197814941406250e+01
7.946994018554687500e+01
8.169293212890625000e+01
8.596368408203125000e+01
9.800640869140625000e+01
6.951665496826171875e+01
6.984385681152343750e+01
7.013990020751953125e+01
7.077810668945312500e+01
7.224211120605468750e+01
7.285351562500000000e+01
7.351353454589843750e+01
7.409564208984375000e+01
7.732353973388671875e+01
7.752554321289062500e+01
7.799811553955078125e+01
7.834911346435546875e+01
7.928236389160156250e+01
6.168084716796875000e+01
6.209066009521484375e+01
6.334778213500976562e+01
6.646286773681640625e+01
6.956484985351562500e+01
7.901527404785156250e+01
7.941481781005859375e+01
7.985522460937500000e+01
8.066738128662109375e+01
8.148445129394531250e+01
8.362924957275390625e+01
7.055895996093750000e+01
7.080645751953125000e+01
7.112655639648437500e+01
7.166994476318359375e+01
7.300091552734375000e+01
7.409429931640625000e+01
6.860531616210937500e+01
6.902778625488281250e+01
6.948151397705078125e+01
7.027997589111328125e+01
7.210758209228515625e+01
6.304090499877929688e+01
6.319496917724609375e+01
6.335647583007812500e+01
6.361820983886718750e+01
6.418749237060546875e+01
6.534496307373046875e+01
6.631858825683593750e+01
6.699268341064453125e+01
8.158031463623046875e+01
8.260810089111328125e+01
8.370006561279296875e+01
8.674813842773437500e+01
8.806575775146484375e+01
8.884755706787109375e+01
7.699963378906250000e+01
7.730740356445312500e+01
7.766746520996093750e+01
7.832055664062500000e+01
7.987013244628906250e+01
8.055271911621093750e+01
8.121183776855468750e+01
7.602898406982421875e+01
7.625068664550781250e+01
7.654104614257812500e+01
7.705261230468750000e+01
7.801002502441406250e+01
7.319189453125000000e+01
7.378295135498046875e+01
7.442961120605468750e+01
7.503004455566406250e+01
7.581853485107421875e+01
7.708936309814453125e+01
6.279862976074218750e+01
6.341117858886718750e+01
6.409560394287109375e+01
6.542268371582031250e+01
6.654148101806640625e+01
8.158230590820312500e+01
8.266024780273437500e+01
8.410155487060546875e+01
8.645008850097656250e+01
9.309333801269531250e+01
6.798738098144531250e+01
6.843860626220703125e+01
6.905270385742187500e+01
7.139495849609375000e+01
7.487724304199218750e+01
5.317887115478515625e+01
5.510803222656250000e+01
5.708890914916992188e+01
6.116799545288085938e+01
6.511579895019531250e+01
6.965719604492187500e+01
6.983021545410156250e+01
7.107070922851562500e+01
7.268466949462890625e+01
7.401135253906250000e+01
5.247108459472656250e+01
5.297884368896484375e+01
5.476490020751953125e+01
5.694180297851562500e+01
5.941378021240234375e+01
6.833567047119140625e+01
6.870321655273437500e+01
7.039372253417968750e+01
7.207599639892578125e+01
7.409564208984375000e+01
6.298270416259765625e+01
6.331959533691406250e+01
6.453723907470703125e+01
6.607363891601562500e+01
6.688037109375000000e+01
6.758588409423828125e+01
6.837908935546875000e+01
6.869695281982421875e+01
6.966207885742187500e+01
7.079766845703125000e+01
7.230753326416015625e+01
6.322261810302734375e+01
6.560572814941406250e+01
6.831548309326171875e+01
6.956820678710937500e+01
7.079034423828125000e+01
5.662744903564453125e+01
5.699072265625000000e+01
5.828427124023437500e+01
6.000736999511718750e+01
6.086074066162109375e+01
6.163801574707031250e+01
5.392158508300781250e+01
5.459130096435546875e+01
5.699250030517578125e+01
6.073007583618164062e+01
6.220070648193359375e+01
6.377048492431640625e+01
6.710157775878906250e+01
6.733154296875000000e+01
6.815992736816406250e+01
6.973831176757812500e+01
7.025886535644531250e+01
6.735832214355468750e+01
6.761025238037109375e+01
6.853536987304687500e+01
6.992304229736328125e+01
7.060448455810546875e+01
7.108769226074218750e+01
7.707880401611328125e+01
7.745198059082031250e+01
7.871233367919921875e+01
7.997269439697265625e+01
8.069902038574218750e+01
8.154830932617187500e+01
5.938034439086914062e+01
6.230979919433593750e+01
6.548478698730468750e+01
6.678724670410156250e+01
6.816730499267578125e+01
7.413593292236328125e+01
7.776036071777343750e+01
8.139179992675781250e+01
8.318204498291015625e+01
8.489849853515625000e+01
6.193069076538085938e+01
6.432752227783203125e+01
6.673153686523437500e+01
6.807691955566406250e+01
6.908058166503906250e+01
7.244065093994140625e+01
7.278990936279296875e+01
7.363893127441406250e+01
7.447885894775390625e+01
7.505414581298828125e+01
7.564476776123046875e+01
5.039427947998046875e+01
5.267198181152343750e+01
5.483519744873046875e+01
5.609910964965820312e+01
5.705177307128906250e+01
