0.274243 0.135136 -0.059109
0.276005 0.138439 -0.057192
0.277466 0.143446 -0.054417
0.279256 0.146800 -0.052491
0.281660 0.151691 -0.049644
0.283026 0.155266 -0.047717
0.284896 0.160086 -0.045066
0.286298 0.163731 -0.043143
0.288587 0.168631 -0.040458
0.289667 0.172312 -0.038631
0.292384 0.177118 -0.036030
0.293944 0.180841 -0.034189
0.296543 0.185754 -0.031679
0.297814 0.189564 -0.029933
0.300736 0.194423 -0.027553
0.302080 0.198513 -0.025785
0.305050 0.203411 -0.023552
0.306749 0.207659 -0.021816
0.309386 0.212727 -0.019734
0.311710 0.217181 -0.018024
0.314206 0.222224 -0.016168
0.316744 0.226908 -0.014548
0.318879 0.232160 -0.012853
0.322081 0.236954 -0.011371
0.324281 0.242312 -0.009866
0.327213 0.247306 -0.008567
0.329310 0.252814 -0.007252
0.332535 0.258292 -0.006047
0.335089 0.263885 -0.004944
0.338234 0.269694 -0.003912
0.340881 0.275669 -0.002966
0.344212 0.281696 -0.002150
0.347270 0.287859 -0.001426
0.350532 0.294195 -0.000804
0.354214 0.300738 -0.000285
0.357428 0.307121 0.000097
0.360989 0.313738 0.000389
0.364502 0.321025 0.000671
0.368484 0.327931 0.000755
0.372236 0.335564 0.000846
0.376343 0.343008 0.000788
0.380146 0.350883 0.000713
0.384694 0.358401 0.000461
0.388667 0.367238 0.000324
0.393469 0.375416 -0.000012
0.397274 0.384611 -0.000207
0.402462 0.393436 -0.000593
0.406525 0.402714 -0.000853
0.412264 0.412179 -0.001241
0.416560 0.421746 -0.001470
0.422850 0.430746 -0.001894
0.427462 0.441012 -0.001984
0.434031 0.450745 -0.002209
0.438943 0.461433 -0.002087
0.445383 0.471288 -0.002056
0.450783 0.482569 -0.001599
0.457049 0.492164 -0.001282
0.462546 0.503931 -0.000358
0.469692 0.513522 0.000316
0.474498 0.525102 0.001721
0.482463 0.534535 0.002827
0.487221 0.545925 0.004744
0.494905 0.555382 0.006441
0.499062 0.566466 0.008901
0.506854 0.575834 0.011215
0.511366 0.586479 0.014223
0.518612 0.595139 0.016971
0.522739 0.605849 0.020720
0.530449 0.614406 0.024193
0.534326 0.624478 0.028408
0.540905 0.632670 0.032431
0.545645 0.641864 0.037137
0.551926 0.650303 0.042043
0.556207 0.658516 0.046957
0.562193 0.666030 0.052095
0.566602 0.674343 0.057871
0.571812 0.681476 0.063471
0.576796 0.688712 0.069473
0.581534 0.695401 0.075404
0.586169 0.702470 0.082026
0.590539 0.709071 0.088602
0.594912 0.715597 0.095492
0.599189 0.721563 0.102298
0.603205 0.728146 0.110016
0.608142 0.733906 0.117639
0.612326 0.739422 0.125147
0.616373 0.745203 0.133336
0.620285 0.750296 0.141087
0.624111 0.755674 0.149509
0.628189 0.760282 0.157492
0.631568 0.765797 0.166777
0.635588 0.770055 0.174993
0.638692 0.775050 0.184282
0.642587 0.779287 0.193206
0.646899 0.782798 0.201512
0.650596 0.786603 0.210322
0.654646 0.790007 0.219004
0.658117 0.793914 0.228599
0.662157 0.797008 0.237390
0.665305 0.800774 0.247266
0.668671 0.804266 0.257171
0.672228 0.807329 0.266593
0.675814 0.809903 0.275235
0.679130 0.812689 0.284482
0.682648 0.815125 0.293332
0.685910 0.818009 0.303496
0.688530 0.820647 0.312720
0.692437 0.822806 0.322161
0.694560 0.824847 0.329761
0.698039 0.827079 0.339612
0.698629 0.829733 0.348192
0.702499 0.831497 0.357487
0.702486 0.834100 0.365936
0.707027 0.835240 0.374295
0.705652 0.838411 0.384018
0.711914 0.838928 0.392515
0.709051 0.842702 0.403674
0.717101 0.842223 0.410443
0.713114 0.846017 0.421141
0.719708 0.846178 0.428798
0.715985 0.849632 0.439426
0.723875 0.848497 0.443393
0.718798 0.852800 0.456775
0.727601 0.850952 0.458633
0.720907 0.856058 0.474536
0.730392 0.854041 0.475806
0.722399 0.859554 0.493653
0.732719 0.857076 0.492678
0.723122 0.862973 0.512113
0.734262 0.860078 0.508801
0.724868 0.865900 0.528748
0.735901 0.862532 0.522743
0.724832 0.868923 0.544497
0.736528 0.865789 0.538878
0.724337 0.871951 0.559721
0.736297 0.868769 0.553146
0.726510 0.875540 0.578262
0.738503 0.871203 0.566481
0.725818 0.878663 0.592424
0.737064 0.874855 0.581576
0.726331 0.881770 0.605725
0.736833 0.877967 0.594747
0.728244 0.884741 0.617226
0.736127 0.882072 0.609806
0.726613 0.887677 0.627705
0.735539 0.884779 0.619845
0.726860 0.890457 0.636909
0.735844 0.888563 0.632141
0.726901 0.893695 0.646892
0.736245 0.892535 0.643787
0.728616 0.897283 0.656652
0.737073 0.896457 0.654779
0.728974 0.901424 0.667556
0.738442 0.901120 0.666088
0.730933 0.906018 0.677770
0.738438 0.905612 0.676242
0.730918 0.910633 0.688058
0.739639 0.910715 0.686835
0.733511 0.915893 0.697560
0.740189 0.916355 0.697225
0.734678 0.921438 0.707490
0.739413 0.922278 0.708084
0.735057 0.925928 0.715476
0.738725 0.927837 0.717934
0.736540 0.931718 0.724834
0.737599 0.934637 0.729373
0.738162 0.938580 0.735281
0.739617 0.941038 0.738591
0.741628 0.944149 0.742714
0.741693 0.948037 0.748526
0.745165 0.950748 0.751480
0.743813 0.955330 0.758593
0.748705 0.957527 0.760324
0.744927 0.962937 0.769407
0.751667 0.964915 0.770073
0.747073 0.970630 0.779716
0.755399 0.972877 0.780006
0.749375 0.978177 0.789581
0.759269 0.980537 0.789459
0.751600 0.986024 0.800031
0.763002 0.988334 0.799324
0.753974 0.995650 0.812829
0.766885 0.996797 0.809908
0.756289 1.003707 0.823706
0.770772 1.004926 0.820215
0.759941 1.011607 0.833804
0.774985 1.010812 0.827760
0.762200 1.017756 0.842438
0.778710 1.018012 0.837309
0.764901 1.026017 0.854017
0.782529 1.025339 0.847194
0.768775 1.034604 0.865750
0.786442 1.033340 0.858016
0.771359 1.041115 0.875383
0.790090 1.040291 0.867969
0.773692 1.048959 0.887627
0.793633 1.047858 0.878972
0.776021 1.056478 0.899854
0.797219 1.054295 0.888753
0.780145 1.064216 0.911804
