0.263111 -0.021294 0.242540
0.263633 -0.017309 0.246535
0.265147 -0.015210 0.248796
0.265668 -0.011335 0.252744
0.265930 -0.009054 0.254955
0.267099 -0.005519 0.258775
0.268064 -0.003257 0.261197
0.269210 0.000135 0.264956
0.269673 0.002321 0.267229
0.271241 0.005564 0.271053
0.271124 0.007855 0.273356
0.272073 0.011039 0.277059
0.272158 0.013179 0.279311
0.273490 0.016169 0.283044
0.273141 0.018379 0.285319
0.274471 0.021057 0.288813
0.274079 0.023227 0.291097
0.275005 0.025774 0.294421
0.275102 0.027745 0.296708
0.275321 0.030199 0.299756
0.275580 0.032189 0.302224
0.275629 0.034500 0.305112
0.276420 0.036288 0.307629
0.275710 0.038677 0.310378
0.276471 0.040451 0.312972
0.276188 0.042690 0.315822
0.277143 0.044400 0.318550
0.276749 0.046432 0.321096
0.277216 0.048280 0.323893
0.277099 0.050175 0.326462
0.277659 0.051898 0.329214
0.277468 0.053826 0.331897
0.277680 0.055665 0.334746
0.277765 0.057519 0.337597
0.277504 0.059439 0.340355
0.277730 0.061391 0.343677
0.277714 0.063375 0.346934
0.278103 0.065042 0.349868
0.277844 0.067133 0.353300
0.278226 0.068837 0.356453
0.278188 0.070822 0.359986
0.278733 0.072558 0.363560
0.278382 0.074772 0.367552
0.279315 0.076224 0.370915
0.279143 0.078321 0.374953
0.280549 0.079675 0.378779
0.280434 0.081709 0.382864
0.281762 0.083208 0.387273
0.281557 0.085237 0.391377
0.282952 0.086764 0.396192
0.282178 0.089232 0.401230
0.283768 0.090622 0.406068
0.283267 0.092921 0.411081
0.284959 0.094273 0.416136
0.284866 0.096488 0.421709
0.286569 0.097783 0.426706
0.286759 0.100020 0.433108
0.288820 0.101145 0.438160
0.288370 0.103657 0.444725
0.291272 0.104568 0.450575
0.290161 0.107379 0.457325
0.293270 0.108283 0.463658
0.292668 0.110927 0.470702
0.296518 0.111662 0.477730
0.295974 0.114313 0.484913
0.299533 0.115267 0.492272
0.299464 0.117933 0.500360
0.303747 0.118648 0.507769
0.303328 0.121457 0.515612
0.307948 0.122256 0.523751
0.308819 0.124765 0.532188
0.312368 0.126177 0.540442
0.313933 0.128414 0.548530
0.317972 0.130050 0.557821
0.319820 0.132563 0.566772
0.324111 0.134164 0.575558
0.327057 0.136583 0.584849
0.330543 0.138877 0.594017
0.334402 0.141392 0.603824
0.338656 0.143669 0.612863
0.343385 0.146150 0.622439
0.348362 0.148705 0.631930
0.353459 0.151589 0.641723
0.359309 0.154040 0.650539
0.363768 0.157241 0.659586
0.369640 0.160525 0.669202
0.375900 0.163595 0.678034
0.382540 0.167242 0.687608
0.389680 0.170742 0.696560
0.396449 0.174963 0.706007
0.404689 0.178369 0.714035
0.412077 0.183136 0.723384
0.421160 0.187170 0.731413
0.429028 0.192086 0.739856
0.436445 0.197994 0.749010
0.445093 0.203731 0.757467
0.453223 0.210062 0.765972
0.462325 0.215828 0.773273
0.470500 0.222747 0.781282
0.480439 0.229060 0.788001
0.489644 0.235565 0.794371
0.498909 0.243107 0.801218
0.508254 0.251735 0.808490
0.517819 0.260084 0.814830
0.526984 0.269198 0.821295
0.535911 0.277159 0.826260
0.546466 0.286505 0.831467
0.553792 0.295717 0.836762
0.565622 0.307593 0.842244
0.573029 0.316763 0.846460
0.587023 0.328235 0.849562
0.592867 0.338050 0.853830
0.607441 0.350337 0.855818
0.611306 0.361199 0.860632
0.627155 0.372389 0.860204
0.626389 0.382579 0.865951
0.643479 0.392055 0.863176
0.638732 0.403594 0.871053
0.657074 0.413630 0.867216
0.654146 0.423978 0.873500
0.670576 0.433542 0.869620
0.665478 0.447894 0.878226
0.682142 0.453276 0.872167
0.675299 0.469761 0.882141
0.692937 0.471358 0.873973
0.684299 0.487734 0.884737
0.702575 0.486376 0.874901
0.692403 0.504499 0.887177
0.711875 0.500431 0.875543
0.700423 0.520485 0.889373
0.718232 0.514528 0.877951
0.707277 0.537229 0.892497
0.726390 0.528103 0.879177
0.713849 0.549230 0.894407
0.734035 0.540274 0.880332
0.720975 0.561481 0.896344
0.735314 0.546026 0.882446
0.723171 0.572714 0.900582
0.741335 0.555520 0.883646
0.729856 0.579872 0.901387
0.744765 0.563936 0.886119
0.734301 0.587594 0.903720
0.745749 0.572468 0.890447
0.738303 0.591179 0.904632
0.751886 0.580919 0.892304
0.742676 0.599066 0.907880
0.754953 0.589158 0.896317
0.744850 0.603054 0.910290
0.757913 0.595418 0.899550
0.746821 0.606701 0.912808
0.758194 0.600746 0.903886
0.748235 0.610604 0.915613
0.760570 0.604842 0.906226
0.748893 0.613483 0.918303
0.760743 0.608793 0.910003
0.752084 0.617396 0.921105
0.764265 0.613167 0.912641
0.753749 0.620948 0.924212
0.764248 0.617503 0.917573
0.756827 0.624464 0.927507
0.766832 0.622041 0.921760
0.762301 0.628212 0.930190
0.771288 0.629100 0.928458
0.768372 0.633631 0.934814
0.774346 0.634897 0.934755
0.775568 0.638093 0.938427
0.777550 0.639921 0.940478
0.778379 0.644149 0.946075
0.778427 0.647667 0.950935
0.781472 0.650126 0.953564
0.779495 0.654642 0.960400
0.784827 0.656379 0.961549
0.780750 0.661891 0.970258
0.790009 0.662775 0.969165
0.783242 0.668956 0.979551
0.793839 0.669612 0.978031
0.784890 0.675898 0.989163
0.797576 0.677047 0.987935
0.786400 0.683571 0.999681
0.801611 0.684474 0.997474
0.788295 0.691438 1.009990
0.805678 0.689751 1.004124
0.790071 0.698637 1.019528
0.809804 0.697309 1.013620
0.791928 0.706478 1.029611
0.811807 0.705126 1.024016
0.793335 0.717763 1.043376
0.815879 0.715634 1.036666
0.795504 0.727184 1.054490
0.819663 0.723195 1.045561
0.797546 0.736420 1.065096
0.821622 0.730012 1.053973
0.799422 0.744493 1.074420
0.825198 0.739830 1.065040
0.801644 0.754006 1.084671
0.829353 0.747120 1.072734
0.803816 0.762046 1.093333
0.833454 0.754503 1.080296
0.805966 0.771843 1.103335
0.834842 0.761190 1.087866
