96.293405
96.929873
69.482974
73.641298
87.267709
86.161286
63.411681
55.719398
68.198212
76.573726
87.719605
75.116166
87.154337
83.655285
83.153288
81.669265
76.181735
71.919221
88.855712
65.725124
70.460801
75.044804
76.240427
73.894443
84.168609
75.817688
78.197815
72.772434
66.694920
81.536286
64.128108
78.132001
55.519006
80.738478
75.741569
70.838549
84.980495
74.172664
57.027675
70.911564
74.279555
82.866391
72.942135
66.611991
61.869587
80.612130
67.170804
87.712946
71.901080
81.164319
80.494547
79.594894
81.968913
83.466811
81.670978
91.957164
84.768419
84.969968
63.736959
83.198584
80.056972
76.202597
82.546904
65.908827
67.706144
76.398250
85.039927
77.869540
74.476031
71.363471
88.118079
79.995286
64.988781
86.783966
67.313271
69.456136
56.798089
81.698071
79.731527
83.003576
89.087995
67.019864
77.468039
71.511989
77.079036
78.505472
87.993904
67.197115
75.951290
69.482041
84.266882
63.750075
63.394960
90.135966
65.816530
71.138881
70.444460
65.365769
61.679530
69.004706
75.409423
57.866320
80.479231
74.360313
67.099054
88.596337
80.557744
71.547082
80.075480
73.556433
73.483099
79.001434
61.020364
89.516484
68.521823
106.352395
73.608500
72.514575
93.009468
69.851060
86.015370
74.707469
90.018063
73.459147
73.135576
82.440057
75.633517
79.679394
58.303228
79.296982
103.278516
77.467827
74.989452
63.037321
78.069782
71.002907
52.547349
71.754938
79.954115
75.689897
88.750461
80.652594
83.588398
64.073249
79.456110
60.304611
45.196915
69.188825
94.982144
69.444663
73.254378
80.745430
75.042259
88.412915
72.695418
64.394792
67.962870
70.972064
54.761277
87.653936
70.222046
93.081275
81.759824
87.856888
88.842967
86.255433
79.825741
82.393965
74.765269
71.383470
62.640080
75.589207
80.217364
66.166182
86.649555
75.931715
61.697799
79.592314
67.243596
90.197796
68.841830
49.027089
71.140612
79.627157
71.509521
101.169587
57.913037
70.426437
55.267786
65.804148
50.821448
89.885337
78.502438
73.051811
77.969609
76.073593
60.026106
64.645178
76.866189
84.586584
83.441185
71.122420
83.513241
78.008247
73.570491
78.206756
67.836703
76.620050
79.173092
66.515355
66.976654
70.796545
65.621950
71.183864
70.274512
83.246262
78.975191
73.033394
75.156899
88.342791
84.931465
51.986618
72.049967
70.956291
85.878380
86.975323
88.720893
82.138464
84.090049
71.814358
74.757153
72.592201
96.969885
95.511206
76.964059
80.536653
80.652812
87.085621
81.266488
79.118713
87.813189
79.258059
67.195762
77.141038
75.261829
66.490396
93.843829
76.064132
76.742132
82.844756
81.740873
81.041818
77.509899
85.175701
82.611900
90.474211
83.976736
80.358282
84.211004
80.890646
83.079635
47.682306
71.088261
75.765578
85.695515
73.540814
95.047104
72.314922
79.810558
82.803633
63.482703
73.398522
89.865246
77.928224
75.584299
82.311919
80.429528
93.617659
74.212073
69.505501
64.655973
69.938698
82.720132
84.050294
77.858019
67.638409
94.870412
77.418665
78.475032
84.904436
83.449077
84.768926
71.336160
79.788069
49.439435
79.892056
85.980121
74.230591
54.702639
67.603724
85.633402
70.859214
62.629633
76.696603
82.559945
63.911777
63.422516
62.187749
73.182789
66.310328
74.743152
61.411257
76.172822
89.098160
74.261114
61.696175
78.680670
69.623937
88.253187
80.173590
81.112450
59.761949
78.676445
80.461602
73.324146
74.681211
83.614798
70.865874
75.089658
68.011245
84.655734
83.513714
80.607757
69.194410
74.089377
61.290216
76.418402
76.771088
90.654779
78.450371
80.327610
75.959213
80.890119
79.976682
61.653154
82.449373
61.667248
71.769846
86.757369
81.188004
62.647304
82.662769
63.023379
55.221407
84.362228
80.917020
46.591160
74.066400
79.540073
87.688241
68.656732
63.520212
81.982325
70.230421
62.927940
71.855128
65.992695
68.764193
69.918699
90.168160
72.409226
52.670681
81.627219
96.199475
82.370236
82.676537
73.127884
78.626777
74.378019
76.620567
75.410470
71.018128
82.915823
84.557021
66.090988
64.578395
70.412488
61.335685
69.821875
61.405128
60.400033
75.421999
60.666524
70.720773
73.387843
92.077235
93.591740
74.402261
73.213674
75.053815
70.241350
85.798505
65.272712
77.326494
82.144595
92.014310
62.412718
69.803796
78.385691
69.685703
89.813414
74.446398
74.144946
80.884585
83.993758
86.897722
85.314226
89.835849
81.288522
80.369205
88.892528
83.699297
93.470857
81.230779
72.086041
90.655843
76.194309
77.748949
66.168701
90.118793
