0.381811 0.307053 0.169470
0.388439 0.319089 0.173530
0.395391 0.331014 0.177528
0.402648 0.343630 0.181763
0.417367 0.369792 0.190866
0.433298 0.396560 0.201117
0.372220 0.287385 0.177715
0.378676 0.298729 0.182295
0.398528 0.333571 0.196129
0.406413 0.347214 0.201678
0.412984 0.358174 0.206282
0.570359 0.558153 0.440816
0.582509 0.570053 0.459225
0.594887 0.582169 0.477590
0.601000 0.588229 0.486601
0.607055 0.594296 0.495501
0.595159 0.531110 0.581984
0.618418 0.558517 0.604124
0.626525 0.567647 0.610722
0.635651 0.579273 0.619569
0.644346 0.593173 0.631114
0.473774 0.483364 0.144186
0.486787 0.505967 0.152203
0.501592 0.529362 0.162651
0.514939 0.550836 0.174569
0.529922 0.573104 0.189958
0.556346 0.610404 0.224689
0.584077 0.643717 0.269168
0.407362 0.338702 0.258150
0.428252 0.370913 0.283056
0.447727 0.399284 0.309482
0.459193 0.414951 0.326419
0.470140 0.429098 0.343331
0.707480 0.843844 0.388290
0.720956 0.845376 0.408678
0.714149 0.853261 0.433065
0.726388 0.862437 0.490411
0.728028 0.866097 0.511168
0.730850 0.868708 0.527311
0.583023 0.447290 0.696350
0.592211 0.458762 0.701078
0.601935 0.470507 0.705185
0.610270 0.481613 0.709144
0.622350 0.493847 0.711466
0.507051 0.532800 0.189282
0.514574 0.544591 0.196967
0.522755 0.556405 0.205638
0.530364 0.567227 0.214503
0.547042 0.590392 0.236860
0.554846 0.600266 0.248095
0.562131 0.609460 0.259540
0.656162 0.506200 0.803934
0.674954 0.537998 0.809545
0.696744 0.561492 0.809723
0.707155 0.591583 0.820795
0.718543 0.614094 0.829040
0.517561 0.576530 0.091175
0.528897 0.594273 0.099571
0.537767 0.608732 0.107577
0.548020 0.624255 0.117631
0.565638 0.649853 0.138259
0.582900 0.674601 0.163819
0.546902 0.588693 0.242970
0.573261 0.620516 0.284246
0.599641 0.648584 0.332398
0.624887 0.671285 0.380574
0.654414 0.696064 0.440987
0.687707 0.727478 0.523274
0.699116 0.745203 0.570358
0.713042 0.761881 0.612748
0.432351 0.397956 0.184860
0.438659 0.409217 0.188852
0.446682 0.422319 0.193871
0.455024 0.436346 0.199741
0.464019 0.451027 0.206571
0.478718 0.474841 0.219460
0.304191 0.160453 0.120744
0.307276 0.166373 0.124866
0.309587 0.170687 0.127829
0.318790 0.188070 0.139293
0.326865 0.203086 0.148593
0.334795 0.217666 0.157090
0.352807 0.250185 0.174349
0.373730 0.287482 0.192093
0.384146 0.305750 0.200435
0.330638 0.203801 0.186497
0.333138 0.208686 0.189938
0.336128 0.214255 0.193838
0.342074 0.224677 0.201092
0.348002 0.235485 0.208454
0.360660 0.257225 0.223184
0.500551 0.523694 0.180054
0.505796 0.531587 0.184589
0.509393 0.537524 0.188196
0.518386 0.551010 0.197247
0.528170 0.565155 0.208127
0.575456 0.626285 0.277105
0.348898 0.245784 0.156780
0.355674 0.258169 0.162334
0.361300 0.268034 0.166573
0.375596 0.293906 0.177023
0.391217 0.321178 0.187519
0.553092 0.597659 0.246467
0.557022 0.602697 0.252524
0.561107 0.607689 0.258790
0.570002 0.618750 0.273787
0.578911 0.628759 0.288912
0.340070 0.246751 0.078243
0.343053 0.252724 0.080025
0.348721 0.262556 0.082724
0.355703 0.275252 0.085792
0.363824 0.290949 0.089048
0.373451 0.307182 0.091794
0.422422 0.399165 0.102457
0.613709 0.623076 0.454680
0.617941 0.627081 0.461834
0.622819 0.631414 0.469547
0.631129 0.639873 0.484674
0.639304 0.648397 0.499891
0.648347 0.657235 0.515461
0.620400 0.742927 0.170190
0.625320 0.749079 0.180836
0.632232 0.757739 0.196983
0.644469 0.769625 0.223164
0.656528 0.781232 0.252341
0.668122 0.790468 0.279934
0.463235 0.340948 0.561097
0.472034 0.347744 0.572473
0.482418 0.356759 0.586088
0.502600 0.374449 0.608595
0.524323 0.394273 0.628411
0.473229 0.453333 0.269052
0.478751 0.461335 0.275783
0.484247 0.469128 0.282757
0.509213 0.502183 0.317487
0.521182 0.516640 0.335552
0.534770 0.519124 0.393949
0.547523 0.532171 0.413988
0.561293 0.545852 0.435173
0.588692 0.572760 0.475986
0.615869 0.600274 0.515240
0.643895 0.630833 0.556315
0.437709 0.399502 0.227249
0.445168 0.411396 0.233795
0.453307 0.424329 0.241516
0.459680 0.434494 0.248079
0.474867 0.457231 0.264733
0.406456 0.322084 0.335834
0.408788 0.325563 0.340413
0.411581 0.329493 0.345763
0.416561 0.335705 0.354651
0.421039 0.341425 0.363119
0.426188 0.347836 0.372993
0.433638 0.356717 0.387340
0.436310 0.359804 0.392506
0.458707 0.438625 0.221258
0.461685 0.443465 0.223916
0.465072 0.449022 0.227072
0.471313 0.458613 0.232913
0.478171 0.469077 0.239793
0.484669 0.479061 0.246902
0.621468 0.571489 0.596176
0.632034 0.581381 0.603161
0.637199 0.589301 0.610371
0.650017 0.606575 0.624981
0.661121 0.623927 0.640360
0.700690 0.684843 0.696782
0.529303 0.484877 0.459827
0.533481 0.489028 0.465952
0.537938 0.493141 0.471877
0.546514 0.501774 0.484082
0.555314 0.510496 0.495869
0.564437 0.519366 0.507244
0.402538 0.336423 0.220478
0.404918 0.340464 0.222530
0.407713 0.345142 0.224943
0.412814 0.353653 0.229440
0.418318 0.362722 0.234413
0.423750 0.371620 0.239502
0.434426 0.388788 0.250039
0.436675 0.351608 0.425212
0.439313 0.354167 0.430186
0.442498 0.357389 0.436416
0.448502 0.363190 0.447705
0.454482 0.369055 0.459004
0.460767 0.374806 0.470013
0.506837 0.466316 0.415650
0.510394 0.469990 0.421304
0.515423 0.474921 0.428902
0.524581 0.483966 0.442731
0.542620 0.502014 0.469497
0.542258 0.463015 0.551437
0.546331 0.467010 0.555708
0.551250 0.473026 0.562309
0.561278 0.482692 0.571490
0.570836 0.493183 0.581095
0.579504 0.503487 0.590097
0.601817 0.528041 0.608431
0.658692 0.685258 0.489639
0.665463 0.691609 0.503697
0.671338 0.698151 0.518298
0.682704 0.710160 0.544980
0.691588 0.723683 0.575357
0.702990 0.737094 0.604507
0.344473 0.206350 0.399601
0.347055 0.208727 0.406324
0.348691 0.211321 0.412946
0.351499 0.215034 0.423009
0.359449 0.222075 0.444909
0.376048 0.237411 0.493308
0.338858 0.229694 0.137757
0.344663 0.240226 0.142580
0.351357 0.252256 0.147756
0.364554 0.276181 0.157135
0.379510 0.303311 0.166718
0.396332 0.333214 0.176639
0.491018 0.425795 0.457893
0.495270 0.429810 0.464456
0.500985 0.435128 0.472965
0.511538 0.444781 0.487785
0.521714 0.454637 0.502070
0.532368 0.465115 0.516238
0.552061 0.546664 0.395572
0.566179 0.560797 0.418041
0.579220 0.573345 0.438205
0.598772 0.592409 0.468588
0.641634 0.636679 0.536047
0.676299 0.677008 0.595154
0.724475 0.753292 0.710738
0.579767 0.627014 0.298100
0.583221 0.630729 0.304228
0.586742 0.635171 0.311680
0.594959 0.642561 0.325213
0.601289 0.649604 0.338537
0.608937 0.656065 0.351808
0.534315 0.551710 0.293444
0.538966 0.557393 0.300498
0.543338 0.562670 0.307350
0.552406 0.573374 0.322152
0.561600 0.583351 0.337120
0.579930 0.602130 0.368127
0.594753 0.616560 0.394128
0.450291 0.413431 0.267132
0.454530 0.419800 0.272065
0.458327 0.425441 0.276624
0.466276 0.436985 0.286556
0.474385 0.448383 0.297227
0.482990 0.460042 0.309114
0.508676 0.492170 0.347386
0.519016 0.504044 0.363599
0.417932 0.385152 0.123456
0.422006 0.391810 0.124448
0.425316 0.398065 0.125445
0.432270 0.411529 0.127717
0.440227 0.424801 0.130078
0.447445 0.436900 0.132459
0.475028 0.485642 0.145188
0.483291 0.499567 0.150039
0.584459 0.627184 0.322397
0.588247 0.630569 0.328461
0.593157 0.635475 0.337418
0.601540 0.643411 0.352671
0.609964 0.651004 0.368105
0.663436 0.732936 0.395311
0.673483 0.740267 0.419247
0.680561 0.746290 0.439178
0.687938 0.752509 0.460619
0.694786 0.758546 0.481650
0.713020 0.778255 0.551471
0.517221 0.485559 0.408506
0.539897 0.508356 0.443112
0.570660 0.538718 0.486839
0.611754 0.581172 0.540254
0.651981 0.627521 0.592060
0.685384 0.673591 0.644265
0.750299 0.793178 0.799349
0.766854 0.832199 0.852232
0.391339 0.329190 0.149590
0.395484 0.337007 0.151526
0.400511 0.345365 0.153577
0.409613 0.362230 0.157732
0.419867 0.379820 0.162163
0.429110 0.396390 0.166629
0.449541 0.430834 0.177241
0.460881 0.450438 0.184490
0.574617 0.649886 0.194837
0.579112 0.655937 0.202244
0.584361 0.662594 0.210935
0.594743 0.675885 0.230165
0.602623 0.684670 0.244680
0.420094 0.363651 0.246867
0.421564 0.365940 0.248318
0.424379 0.370494 0.251238
0.427878 0.376080 0.254925
0.435434 0.387926 0.263160
0.441791 0.397638 0.270389
0.342362 0.197108 0.434401
0.347586 0.202708 0.452353
0.355851 0.210147 0.477905
0.372087 0.223393 0.523804
0.393206 0.237436 0.569209
0.420211 0.256395 0.616992
0.527063 0.342829 0.722679
0.558323 0.378344 0.742881
0.609073 0.431630 0.757982
0.355083 0.234931 0.322450
0.358040 0.238313 0.327826
0.361118 0.243483 0.335721
0.367653 0.251967 0.349995
0.372827 0.260366 0.364367
0.381234 0.269825 0.382997
0.595785 0.708591 0.129230
0.599508 0.712226 0.134053
0.603052 0.717548 0.140836
0.610245 0.726243 0.153165
0.620847 0.739717 0.174347
0.628465 0.749233 0.191134
0.647650 0.770177 0.235868
0.450984 0.424356 0.223580
0.453265 0.427990 0.225543
0.456174 0.432698 0.228159
0.460012 0.438696 0.231631
0.474647 0.461292 0.246213
0.401868 0.296486 0.422739
0.404888 0.299207 0.429062
0.409159 0.303719 0.439287
0.415344 0.309875 0.453500
0.422382 0.316226 0.468389
0.429902 0.322821 0.483642
0.437529 0.329433 0.498461
0.453249 0.342134 0.525218
0.461724 0.348998 0.538338
0.472253 0.357279 0.552863
0.334294 0.232050 0.091910
0.339391 0.240838 0.095143
0.344447 0.250040 0.098263
0.348844 0.258394 0.100847
0.362143 0.282193 0.107266
0.387325 0.328800 0.116614
0.527382 0.528126 0.331750
0.532479 0.534033 0.339735
0.536445 0.538616 0.346136
0.546809 0.549932 0.362725
0.556240 0.560101 0.378456
0.566132 0.569960 0.394340
0.576035 0.579574 0.410248
0.388879 0.324226 0.153540
0.396261 0.336699 0.156829
0.400870 0.344895 0.158978
0.445206 0.423066 0.181781
0.474562 0.471561 0.202332
0.500977 0.512584 0.227491
0.323739 0.189323 0.187737
0.325626 0.193169 0.190677
0.327756 0.196884 0.193552
0.331712 0.204470 0.199311
0.340795 0.220568 0.211475
0.352027 0.240807 0.226522
0.357188 0.249462 0.233027
0.362692 0.258974 0.240204
0.342232 0.226842 0.190798
0.346051 0.233682 0.195141
0.349027 0.238925 0.198433
0.355855 0.250843 0.205832
0.363112 0.263723 0.213704
0.369790 0.275218 0.220736
0.546626 0.463083 0.565550
0.558913 0.475526 0.577491
0.570651 0.488648 0.589185
0.594598 0.515894 0.610115
0.617183 0.544339 0.629618
0.640849 0.573669 0.647338
0.352101 0.220882 0.393454
0.358246 0.227657 0.410879
0.366552 0.235832 0.433652
0.372130 0.242110 0.451143
0.378801 0.247831 0.468527
0.391126 0.367856 0.014190
0.397702 0.376702 0.013837
0.402770 0.387917 0.013659
0.412576 0.409739 0.013314
0.426673 0.433017 0.012765
0.439701 0.456857 0.012862
0.476336 0.522184 0.017355
0.379593 0.278943 0.322500
0.383784 0.284562 0.330186
0.388397 0.290456 0.338632
0.396636 0.301648 0.355402
0.404542 0.311739 0.371793
0.412950 0.321756 0.389321
0.504467 0.495000 0.314565
0.512166 0.504591 0.326049
0.521640 0.515827 0.340502
0.538792 0.535058 0.367650
0.556433 0.553448 0.395965
0.574385 0.571164 0.424506
0.609863 0.605627 0.480131
0.624843 0.626172 0.492178
0.647536 0.650180 0.531409
0.668102 0.672909 0.567752
0.700159 0.716389 0.638302
0.724669 0.759379 0.708002
0.743074 0.799734 0.769704
0.535210 0.460995 0.534237
0.539445 0.465638 0.539874
0.546946 0.472760 0.547821
0.560156 0.486263 0.561896
0.573478 0.500171 0.574910
0.587175 0.515888 0.588612
0.613713 0.546644 0.611925
0.628348 0.562543 0.622085
0.635786 0.576822 0.633944
0.648165 0.591287 0.643088
0.583853 0.613858 0.355229
0.593169 0.622597 0.371217
0.602411 0.631650 0.388508
0.610977 0.639671 0.404434
0.620099 0.647328 0.420083
0.647917 0.673293 0.474870
0.653732 0.680361 0.490184
0.385362 0.303514 0.226834
0.386840 0.306076 0.228321
0.389428 0.310455 0.230887
0.392545 0.315566 0.233922
0.400178 0.328319 0.241684
0.406776 0.339040 0.248505
0.413716 0.350299 0.256013
0.313050 0.184376 0.101095
0.315571 0.189575 0.104044
0.319528 0.196632 0.107989
0.326401 0.209510 0.114729
0.334525 0.224771 0.122044
0.375587 0.299731 0.149406
0.371282 0.293202 0.138660
0.377454 0.304045 0.141642
0.384979 0.318010 0.145254
0.398288 0.341841 0.151093
0.414007 0.369874 0.157873
0.429081 0.396080 0.164625
0.448174 0.430152 0.174848
0.461162 0.451579 0.182614
0.479060 0.481218 0.195782
0.494821 0.505810 0.209652
0.510250 0.529186 0.225957
0.469761 0.432541 0.327978
0.473479 0.437353 0.333623
0.477287 0.442157 0.339442
0.484907 0.451503 0.351279
0.492591 0.460546 0.363365
0.499917 0.468955 0.375077
0.523818 0.494482 0.412913
0.340111 0.221298 0.198507
0.343031 0.226862 0.202309
0.347072 0.233780 0.207048
0.354557 0.246813 0.215864
0.362948 0.261453 0.225720
0.371173 0.275869 0.235487
0.401856 0.326109 0.272520
0.413382 0.343826 0.287655
0.312777 0.178457 0.125199
0.315162 0.182786 0.127987
0.318694 0.189431 0.132145
0.324976 0.201069 0.139152
0.331142 0.212574 0.145714
0.337881 0.224763 0.152307
0.344657 0.237095 0.158607
0.351867 0.250179 0.164928
0.359531 0.263732 0.171150
0.367415 0.278060 0.177412
0.375620 0.292746 0.183604
0.470781 0.408980 0.414013
0.476276 0.414895 0.423751
0.483540 0.422268 0.435975
0.500381 0.438257 0.462075
0.527994 0.464940 0.501822
0.367125 0.260332 0.292914
0.370254 0.265258 0.298496
0.373770 0.270182 0.304334
0.380219 0.280238 0.316546
0.393902 0.299468 0.342569
0.472167 0.450052 0.275332
0.473969 0.452577 0.277500
0.476154 0.455694 0.280223
0.479552 0.460533 0.284583
0.486414 0.470005 0.293608
0.492747 0.478516 0.302290
0.499320 0.487153 0.311683
0.514174 0.505540 0.333753
0.528075 0.521743 0.355557
0.510298 0.503548 0.319134
0.513870 0.507878 0.324409
0.520327 0.515639 0.334291
0.526605 0.522948 0.344033
0.544137 0.542329 0.372018
0.558636 0.557285 0.395333
0.574446 0.572982 0.420779
0.656871 0.647915 0.573041
0.661527 0.653578 0.580683
0.666633 0.659806 0.589066
0.674803 0.670432 0.603551
0.689767 0.690869 0.631686
0.703348 0.711727 0.661230
0.714519 0.730315 0.688000
0.313739 0.159928 0.253979
0.315910 0.164090 0.259116
0.318107 0.168600 0.264693
0.322552 0.177546 0.276025
0.327692 0.185913 0.287465
0.332417 0.194857 0.299892
0.345602 0.216290 0.333252
0.356832 0.233482 0.364230
0.407855 0.352461 0.187998
0.410722 0.357559 0.189821
0.413427 0.362282 0.191537
0.419533 0.372687 0.195405
0.425939 0.383222 0.199494
0.431747 0.392964 0.203460
0.446635 0.418328 0.214828
0.453009 0.428666 0.220029
0.458978 0.438215 0.225182
0.501211 0.536488 0.135373
0.505534 0.542971 0.138234
0.509786 0.549325 0.141246
0.518096 0.562980 0.148341
0.525536 0.574046 0.154913
0.541373 0.597850 0.171766
0.550645 0.611311 0.183254
0.559521 0.623693 0.195311
0.313141 0.158865 0.250234
0.314739 0.162338 0.254343
0.316331 0.165919 0.258655
0.320884 0.174062 0.268876
0.324429 0.181453 0.278215
0.329422 0.189738 0.289473
0.339535 0.206035 0.313270
0.343591 0.213209 0.324292
0.348914 0.220806 0.337038
0.493717 0.465515 0.353366
0.498626 0.471294 0.361111
0.506180 0.479878 0.373053
0.529441 0.504680 0.409748
0.576034 0.550995 0.478875
0.588898 0.563962 0.496866
0.602024 0.577302 0.514550
0.423338 0.372292 0.231928
0.428047 0.380016 0.236223
0.433247 0.388447 0.241130
0.440815 0.400544 0.248610
0.459943 0.429923 0.269482
0.478167 0.456174 0.292283
0.495657 0.479508 0.316678
0.515396 0.503597 0.346481
0.525109 0.542100 0.273143
0.528723 0.546884 0.278340
0.532563 0.551587 0.283704
0.540453 0.561410 0.295584
0.548402 0.571155 0.308394
0.512223 0.552283 0.147752
0.516581 0.559521 0.151626
0.521900 0.567681 0.156392
0.531538 0.582390 0.166002
0.549420 0.608262 0.186857
0.281560 0.083302 0.359576
0.281269 0.085862 0.364123
0.282297 0.088000 0.369007
0.284516 0.092809 0.380761
0.287558 0.103135 0.407172
0.267092 -0.034560 0.276356
0.267092 -0.034560 0.276356
0.267092 -0.034560 0.276356
0.267092 -0.034560 0.276356
0.267092 -0.034560 0.276356
0.267092 -0.034560 0.276356
0.711792 0.916533 0.286910
0.718376 0.919527 0.302859
0.720893 0.925072 0.322675
0.726257 0.933099 0.356078
0.734708 0.946867 0.421458
0.508165 0.346527 0.671513
0.527371 0.366096 0.687455
0.547448 0.385948 0.699813
0.586549 0.433499 0.722379
0.624632 0.483188 0.737377
0.654384 0.534350 0.752946
0.700429 0.620080 0.783330
0.719903 0.644684 0.792561
0.729854 0.676805 0.817015
0.420050 0.359269 0.269159
0.421778 0.361853 0.271150
0.424657 0.366333 0.274658
0.427241 0.370319 0.277856
0.434594 0.381330 0.287137
0.448416 0.401381 0.305858
0.455580 0.411349 0.316168
0.345712 0.232848 0.196189
0.347169 0.235620 0.197935
0.348929 0.238706 0.199892
0.352152 0.244097 0.203313
0.358322 0.255090 0.210158
0.372788 0.280310 0.225785
0.385115 0.301138 0.239007
0.400004 0.325412 0.255385
0.474132 0.380719 0.507226
0.475570 0.381825 0.509168
0.479235 0.384840 0.514344
0.482681 0.388055 0.519707
0.491707 0.395400 0.531299
0.508193 0.410802 0.553110
0.522975 0.425203 0.570643
0.533940 0.434769 0.580500
0.541972 0.444052 0.589951
0.578005 0.517143 0.557457
0.586998 0.527551 0.567673
0.600508 0.541273 0.579513
0.620865 0.565086 0.599391
0.656021 0.610914 0.636077
0.425265 0.359119 0.313993
0.430384 0.366562 0.322156
0.436258 0.374543 0.331444
0.447306 0.388950 0.349521
0.468924 0.414846 0.386193
0.519855 0.466527 0.466983
0.470892 0.426516 0.357450
0.475576 0.432027 0.364950
0.480280 0.437527 0.372629
0.489451 0.447901 0.387645
0.507058 0.466617 0.416003
0.527503 0.486815 0.446928
0.539113 0.498542 0.464365
0.548296 0.507556 0.477264
0.545208 0.609626 0.153582
0.548939 0.615026 0.157888
0.551784 0.619150 0.161334
0.558377 0.628647 0.169830
0.570913 0.646480 0.188166
0.584577 0.663581 0.209433
0.590366 0.670725 0.219495
0.566620 0.616537 0.262001
0.570761 0.620928 0.268197
0.574957 0.626279 0.275900
0.582759 0.635110 0.289664
0.603754 0.655854 0.327237
0.625254 0.676884 0.372185
0.514084 0.469033 0.439168
0.517782 0.472526 0.444534
0.521728 0.476417 0.450467
0.529197 0.483914 0.461725
0.537336 0.491709 0.473067
0.553700 0.507771 0.495225
0.573505 0.527628 0.520141
0.648708 0.637612 0.561078
0.654878 0.644843 0.570744
0.661436 0.652892 0.581553
0.673238 0.667745 0.601493
0.693518 0.695904 0.640137
0.704839 0.557594 0.836034
0.708321 0.577311 0.844214
0.715535 0.592205 0.848519
0.735620 0.602553 0.844977
0.758719 0.675218 0.901640
0.786477 0.707107 0.937361
0.446261 0.391281 0.333096
0.448428 0.394037 0.336429
0.450982 0.397360 0.340515
0.454737 0.402255 0.346680
0.463289 0.412905 0.360777
0.481077 0.433257 0.390083
0.571769 0.465679 0.636001
0.580988 0.474202 0.640402
0.589794 0.484030 0.645798
0.602312 0.501023 0.655540
0.628870 0.537050 0.673444
0.444708 0.408307 0.245188
0.448605 0.414365 0.249079
0.452886 0.421107 0.253591
0.460982 0.433438 0.262437
0.468226 0.444142 0.270796
0.483686 0.466201 0.290304
0.496137 0.482914 0.307439
0.511181 0.501835 0.329563
0.419121 0.372353 0.194050
0.422869 0.378563 0.196401
0.426886 0.385204 0.198989
0.432837 0.395492 0.203156
0.447035 0.419267 0.213786
0.459973 0.439935 0.224503
0.473504 0.461452 0.237530
0.555466 0.553454 0.392285
0.561620 0.559557 0.401994
0.568742 0.566680 0.413511
0.582516 0.580150 0.435521
0.596729 0.593840 0.457851
0.318392 0.174688 0.211806
0.319617 0.176971 0.213932
0.321035 0.179653 0.216434
0.323632 0.184446 0.220924
0.327939 0.193185 0.229059
0.338425 0.211822 0.246860
0.556649 0.612001 0.220954
0.559417 0.614965 0.224355
0.562244 0.618706 0.228693
0.566602 0.624174 0.235374
0.574986 0.635182 0.249889
0.591391 0.654109 0.279164
0.618407 0.620920 0.477782
0.630385 0.633361 0.498673
0.646215 0.649713 0.525672
0.663544 0.668399 0.556059
0.698824 0.713415 0.629822
0.743281 0.796523 0.762464
0.472664 0.448737 0.284096
0.477298 0.455234 0.290075
0.481194 0.460620 0.295256
0.489012 0.471148 0.306011
0.506026 0.492839 0.330934
0.382215 0.271192 0.392190
0.386019 0.275329 0.401155
0.388453 0.277848 0.406763
0.393586 0.283794 0.419992
0.406622 0.296697 0.450785
0.529345 0.598041 0.089650
0.532895 0.603594 0.092513
0.537269 0.610507 0.096321
0.545817 0.623729 0.104413
0.558216 0.642236 0.117741
0.586823 0.682910 0.157495
0.594061 0.692105 0.169156
0.305222 0.149582 0.185755
0.308828 0.155801 0.191552
0.311394 0.161804 0.196906
0.318212 0.174731 0.208778
0.332774 0.202761 0.234540
0.353033 0.236715 0.267536
0.370679 0.266124 0.298861
0.625028 0.576368 0.598427
0.636613 0.589083 0.608434
0.645722 0.600532 0.617926
0.661304 0.624674 0.639514
0.691983 0.669813 0.680312
0.718191 0.714971 0.727802
0.728638 0.732845 0.748224
0.344061 0.249382 0.096576
0.346116 0.253244 0.097790
0.348496 0.257660 0.099133
0.352160 0.264580 0.101143
0.360420 0.279979 0.105177
0.659694 0.700247 0.462280
0.674167 0.712046 0.492687
0.682859 0.722992 0.520997
0.697530 0.740568 0.566650
0.723067 0.782676 0.667413
0.299468 0.125834 0.262936
0.299778 0.127377 0.264887
0.300457 0.128545 0.266549
0.301118 0.130931 0.269655
0.303093 0.134954 0.275386
0.306644 0.142357 0.286255
0.311687 0.151980 0.301379
0.313491 0.155953 0.307738
0.316668 0.160727 0.316232
0.501925 0.457929 0.417647
0.504889 0.461007 0.422426
0.508851 0.464868 0.428447
0.513438 0.469390 0.435432
0.525013 0.480567 0.452488
0.548242 0.503581 0.485738
0.574326 0.529647 0.519148
0.287902 0.101606 0.404523
0.287662 0.102925 0.407488
0.288394 0.103844 0.410407
0.289616 0.105245 0.415235
0.291733 0.107539 0.423162
0.442743 0.415025 0.195716
0.446195 0.421192 0.198220
0.449928 0.427184 0.200765
0.458282 0.441120 0.207100
0.473473 0.465450 0.219909
0.494637 0.497833 0.241432
0.510044 0.519767 0.259818
0.519516 0.512144 0.341046
0.522988 0.516182 0.346475
0.526954 0.520647 0.352640
0.533595 0.528120 0.363293
0.546791 0.542123 0.384305
0.574369 0.569666 0.428137
0.600904 0.595471 0.469546
0.626188 0.620864 0.508991
0.513465 0.529283 0.246235
0.518839 0.536723 0.253007
0.525583 0.546065 0.262156
0.537449 0.561305 0.278872
0.559626 0.587818 0.313875
0.437941 0.396632 0.242643
0.440866 0.401322 0.245531
0.444422 0.406918 0.249099
0.451085 0.417279 0.256064
0.472853 0.449690 0.281495
0.478561 0.457745 0.288828
0.492636 0.476764 0.308038
0.260114 0.052251 0.088717
0.260114 0.052251 0.088717
0.260114 0.052251 0.088717
0.260114 0.052251 0.088717
0.260114 0.052251 0.088717
0.391721 0.320320 0.198569
0.395101 0.326052 0.201023
0.410161 0.351885 0.212417
0.434090 0.391681 0.232255
0.475409 0.455495 0.276106
0.697461 0.851627 0.292732
0.698654 0.855327 0.304084
0.704530 0.855705 0.310986
0.710185 0.860768 0.332057
0.717557 0.871142 0.375140
0.717949 0.878064 0.402431
0.347315 0.242026 0.159761
0.349060 0.245234 0.161296
0.351208 0.249061 0.163103
0.353957 0.254073 0.165427
0.360567 0.266104 0.170822
0.375147 0.291945 0.181788
0.391064 0.320015 0.193186
0.479535 0.449179 0.327671
0.482708 0.453229 0.332444
0.486373 0.457792 0.337984
0.493091 0.465996 0.348341
0.507994 0.483270 0.371781
0.473924 0.465029 0.225737
0.477799 0.470916 0.229404
0.481051 0.475856 0.232617
0.488796 0.487659 0.240825
0.502926 0.508117 0.257186
0.518809 0.529928 0.278096
0.533568 0.548668 0.299452
0.674407 0.642048 0.649967
0.678437 0.650804 0.658961
0.681726 0.655044 0.662688
0.690410 0.668357 0.675442
0.704670 0.691711 0.699234
0.547974 0.623751 0.118757
0.551659 0.629292 0.122807
0.557204 0.637140 0.128932
0.564553 0.647863 0.138087
0.580818 0.671423 0.161979
0.301611 0.143503 0.171644
0.302849 0.146153 0.173953
0.304803 0.149482 0.176966
0.307716 0.155363 0.182123
0.314199 0.167994 0.193225
0.320711 0.180565 0.204225
0.327614 0.193237 0.215320
0.638366 0.752633 0.235357
0.643950 0.758254 0.248518
0.648974 0.762399 0.259273
0.659937 0.772696 0.287412
0.678869 0.787701 0.337043
0.695324 0.802143 0.392793
0.595935 0.576029 0.495246
0.603822 0.584087 0.506381
0.611468 0.591965 0.516980
0.626271 0.607750 0.537680
0.653030 0.638398 0.576559
0.372967 0.225528 0.521039
0.375804 0.227601 0.528035
0.378880 0.229756 0.535218
0.385591 0.234384 0.550184
0.401254 0.244966 0.581132
0.419402 0.256796 0.610569
0.431897 0.264405 0.626852
0.442694 0.272222 0.641223
0.570800 0.629754 0.241452
0.591525 0.654519 0.278562
0.596272 0.659734 0.287656
0.623819 0.685217 0.340188
0.665449 0.723548 0.441441
0.699753 0.758845 0.550157
0.715090 0.774166 0.596142
0.555032 0.611342 0.211219
0.560010 0.618201 0.218657
0.566345 0.626175 0.228071
0.576451 0.638486 0.244234
0.597663 0.663049 0.283023
0.620476 0.684705 0.326858
0.453755 0.310276 0.597039
0.463865 0.317335 0.608753
0.474704 0.327110 0.623118
0.494031 0.344548 0.644571
0.518539 0.365271 0.663841
0.544712 0.392795 0.683916
0.564800 0.417144 0.698051
0.590923 0.449164 0.711912
0.613663 0.478101 0.721293
0.404080 0.301565 0.413450
0.405359 0.303314 0.417026
0.407575 0.305589 0.421975
0.411079 0.309167 0.429818
0.417873 0.316169 0.445312
0.436779 0.332908 0.483009
0.453454 0.347135 0.512923
0.463094 0.355360 0.528681
0.473300 0.363849 0.543642
0.510706 0.509266 0.301850
0.514547 0.514173 0.307446
0.518136 0.518665 0.312754
0.524578 0.526473 0.322456
0.568544 0.574194 0.393074
0.547264 0.499780 0.491993
0.553327 0.505499 0.499525
0.559406 0.511256 0.506835
0.571762 0.524000 0.522460
0.596131 0.550403 0.551828
0.529848 0.546889 0.285213
0.534507 0.552509 0.291856
0.539977 0.559157 0.300112
0.549600 0.570442 0.315209
0.569863 0.593153 0.349740
0.453856 0.414593 0.289641
0.456052 0.417741 0.292497
0.458965 0.421891 0.296363
0.462246 0.426538 0.300824
0.489015 0.461706 0.339800
0.358510 0.295535 0.039470
0.362728 0.302937 0.040254
0.367703 0.311047 0.040921
0.377176 0.329784 0.042154
0.430245 0.428324 0.043969
0.442086 0.451946 0.044921
0.641973 0.647787 0.509140
0.648345 0.654946 0.521534
0.654211 0.661258 0.532347
0.665716 0.673328 0.552670
0.687307 0.699813 0.597888
0.527728 0.541179 0.291778
0.530803 0.544903 0.296193
0.533915 0.548826 0.300996
0.539206 0.555173 0.309052
0.549982 0.567736 0.326280
0.750578 0.585276 0.885349
0.754007 0.592706 0.888548
0.748124 0.603424 0.898677
0.752085 0.606679 0.899912
0.754048 0.616411 0.907677
0.686623 0.654651 0.677407
0.690893 0.660940 0.682833
0.694969 0.668541 0.690053
0.702860 0.680727 0.701270
0.714084 0.703961 0.725658
0.727499 0.725101 0.748075
0.733599 0.735804 0.760271
0.375792 0.271648 0.320919
0.379536 0.277284 0.328532
0.383334 0.283052 0.336581
0.391576 0.293908 0.353047
0.408913 0.315388 0.389685
0.322020 0.183008 0.205722
0.323879 0.187063 0.209189
0.326459 0.191417 0.213032
0.330759 0.199292 0.219907
0.340053 0.216608 0.234983
0.350024 0.233829 0.250366
0.360818 0.251973 0.267208
0.521496 0.450954 0.510449
0.529216 0.458238 0.520140
0.538652 0.467648 0.531945
0.555334 0.484704 0.551269
0.641615 0.587587 0.636143
0.656155 0.608324 0.651285
0.418413 0.288772 0.533049
0.422661 0.291690 0.540398
0.427124 0.295368 0.549019
0.436307 0.301725 0.563419
0.457450 0.317516 0.593747
0.391734 0.293170 0.357405
0.394228 0.296707 0.363098
0.396768 0.299487 0.367918
0.402529 0.306720 0.380485
0.414059 0.319907 0.405250
0.594814 0.620379 0.385296
0.597964 0.623288 0.390793
0.601010 0.626092 0.396146
0.606245 0.631027 0.405695
0.617196 0.640853 0.425121
0.501370 0.530883 0.157565
0.507571 0.540622 0.162525
0.515191 0.552349 0.169194
0.528943 0.573230 0.183126
0.554920 0.609918 0.215933
0.497338 0.487522 0.298040
0.501546 0.493093 0.303994
0.505618 0.498331 0.309812
0.514537 0.509430 0.322972
0.531200 0.529127 0.348940
0.646204 0.725694 0.333769
0.647071 0.727503 0.338172
0.649572 0.729493 0.343832
0.653716 0.732067 0.351751
0.660155 0.738271 0.369876
0.681498 0.755498 0.427573
0.684470 0.760716 0.445037
0.614634 0.574045 0.566017
0.626179 0.586448 0.577948
0.637683 0.601193 0.592622
0.651331 0.619473 0.610665
0.684739 0.666369 0.657483
0.727741 0.738675 0.740741
0.528047 0.532324 0.322100
0.529858 0.534421 0.324834
0.532827 0.537920 0.329478
0.535654 0.541192 0.333949
0.542196 0.548770 0.344589
0.555840 0.563578 0.366915
0.568364 0.576193 0.387267
0.581471 0.588867 0.408606
0.706905 0.573538 0.840521
0.713980 0.577548 0.839013
0.712021 0.596653 0.850493
0.727664 0.605015 0.848086
0.736595 0.641010 0.870880
0.461260 0.436649 0.250215
0.463756 0.440440 0.252855
0.466769 0.445051 0.256162
0.470793 0.451148 0.260712
0.480185 0.464812 0.271744
0.498636 0.490341 0.295817
0.386044 0.304454 0.228727
0.391367 0.313483 0.234090
0.397962 0.324538 0.240836
0.410491 0.344935 0.254057
0.434522 0.382406 0.282223
0.460288 0.419091 0.317224
0.260813 0.058759 0.076753
0.261927 0.061677 0.079026
0.264501 0.067899 0.083931
0.269240 0.079141 0.092890
0.278939 0.100983 0.110588
0.289662 0.123757 0.129234
0.297482 0.139928 0.142392
0.301153 0.147138 0.148227
0.370143 0.281197 0.188961
0.374998 0.289809 0.192916
0.380586 0.299536 0.197351
0.390995 0.317654 0.205615
0.416986 0.361771 0.226979
0.388383 0.300808 0.278194
0.391340 0.305101 0.282128
0.393622 0.309111 0.285770
0.403335 0.323807 0.300108
0.412546 0.337007 0.314159
0.473591 0.457500 0.254765
0.477681 0.463503 0.259339
0.482096 0.470059 0.264571
0.490634 0.482192 0.275029
0.510633 0.509057 0.302149
0.528070 0.530412 0.328131
0.536913 0.540512 0.341888
0.545869 0.550686 0.356624
0.502942 0.497239 0.297623
0.506813 0.502297 0.303122
0.511123 0.507791 0.309344
0.519561 0.518199 0.321857
0.537256 0.538699 0.349361
0.556415 0.559457 0.380733
0.574661 0.577532 0.410180
0.599525 0.657999 0.304741
0.605927 0.664863 0.317976
0.613404 0.671480 0.331784
0.628092 0.684403 0.361062
0.656620 0.709252 0.425073
0.676516 0.729416 0.482419
0.386762 0.330846 0.107890
0.390233 0.337212 0.108810
0.394826 0.344986 0.109887
0.402724 0.359067 0.111765
0.419413 0.390195 0.115861
0.437514 0.422551 0.120605
0.652795 0.792083 0.212198
0.658055 0.795127 0.221139
0.663346 0.799417 0.232989
0.669432 0.808590 0.256562
0.685501 0.821001 0.298928
0.699358 0.831131 0.339700
0.703818 0.836665 0.361437
0.339340 0.188794 0.459316
0.341612 0.190198 0.465124
0.344257 0.191784 0.471703
0.347509 0.195325 0.483913
0.355624 0.201966 0.508489
0.363950 0.208413 0.531795
0.375148 0.216197 0.558763
0.753099 0.607653 0.902881
0.752454 0.615772 0.910063
0.765209 0.612506 0.902676
0.775434 0.620047 0.906747
0.781321 0.655056 0.948853
0.786139 0.688744 0.995406
0.791501 0.727887 1.046098
0.650265 0.680068 0.472160
0.661266 0.690749 0.496247
0.675306 0.704184 0.526423
0.695081 0.729241 0.583255
0.725557 0.776469 0.682480
0.738496 0.802147 0.728595
0.748833 0.829628 0.772429
0.759236 0.862223 0.819402
0.482770 0.475024 0.249095
0.493426 0.490568 0.261467
0.502692 0.503506 0.273069
0.524436 0.531954 0.303386
0.565078 0.578105 0.368778
0.607990 0.619307 0.440681
0.629725 0.640458 0.479095
0.396793 0.302668 0.352053
0.399809 0.306978 0.358640
0.403437 0.310950 0.365190
0.409943 0.319426 0.379265
0.423306 0.334759 0.407078
0.442258 0.354233 0.445170
0.352143 0.273482 0.066011
0.357054 0.283227 0.067882
0.362030 0.293125 0.069547
0.373017 0.312919 0.072194
0.396266 0.358129 0.076206
0.424365 0.408758 0.079256
0.456413 0.466376 0.084734
0.608143 0.690385 0.257176
0.609507 0.692457 0.260861
0.611878 0.694575 0.265057
0.615554 0.697578 0.271288
0.623672 0.704622 0.286513
0.661143 0.752608 0.337819
0.666315 0.756874 0.351424
0.672456 0.760622 0.364889
0.678440 0.768029 0.389035
0.685141 0.775400 0.415683
0.288240 0.101631 0.404652
0.289045 0.103296 0.409491
0.289717 0.105302 0.415224
0.291262 0.108934 0.426283
0.295496 0.115724 0.449332
0.297767 0.119563 0.462987
0.301689 0.122385 0.476007
0.305465 0.126879 0.494052
0.309417 0.129409 0.506350
0.551754 0.622775 0.146940
0.555796 0.628734 0.151910
0.560599 0.635537 0.157979
0.568701 0.647066 0.169245
0.585462 0.669144 0.195082
0.601982 0.689795 0.225290
0.460993 0.466890 0.111910
0.465077 0.474080 0.113375
0.470070 0.483493 0.115488
0.478741 0.498796 0.119411
0.497121 0.529258 0.129431
0.513398 0.556101 0.141365
0.531048 0.584027 0.157768
0.666044 0.776727 0.307108
0.673097 0.781239 0.323041
0.679808 0.785967 0.340256
0.691028 0.794739 0.373881
0.706710 0.809720 0.437698
0.715348 0.818052 0.478057
0.725431 0.827428 0.526003
0.563224 0.520315 0.501793
0.568747 0.525658 0.508519
0.575173 0.532203 0.516584
0.588108 0.545606 0.532300
0.611097 0.571097 0.560031
0.676377 0.731215 0.474223
0.681246 0.735045 0.485875
0.687107 0.738863 0.497687
0.693822 0.744879 0.516273
0.703562 0.761123 0.565071
0.499801 0.518938 0.193840
0.504946 0.526929 0.198771
0.509875 0.534118 0.203539
0.562690 0.605532 0.273864
0.573883 0.618879 0.293111
0.456932 0.444683 0.179397
0.483841 0.488962 0.199145
0.510128 0.529191 0.225125
0.560231 0.595211 0.295357
0.733332 0.796108 0.713419
0.258588 0.013880 0.163491
0.258588 0.013880 0.163491
0.258588 0.013880 0.163491
0.258588 0.013880 0.163491
0.258588 0.013880 0.163491
0.633136 0.709190 0.324096
0.637619 0.712354 0.332451
0.640157 0.715273 0.339705
0.647714 0.721414 0.356529
0.662082 0.732404 0.389327
0.672096 0.742689 0.421184
0.678158 0.747418 0.437318
0.685222 0.752795 0.456342
0.505380 0.494426 0.321846
0.509184 0.499186 0.327631
0.513221 0.503977 0.333629
0.521621 0.513851 0.346624
0.542772 0.537108 0.380215
0.569565 0.523249 0.516495
0.575078 0.529185 0.523664
0.580430 0.534730 0.530106
0.591752 0.546642 0.543285
0.613451 0.571054 0.568538
0.718990 0.702140 0.746538
0.723576 0.711013 0.755474
0.727802 0.720045 0.765145
0.732542 0.728163 0.773757
0.740768 0.745992 0.794387
0.665565 0.682937 0.532753
0.667091 0.685650 0.538198
0.669373 0.688319 0.543382
0.675858 0.693401 0.552802
0.684895 0.704514 0.574408
0.478581 0.471780 0.232108
0.484084 0.480214 0.237798
0.489981 0.489099 0.244240
0.501895 0.506127 0.258051
0.524598 0.536851 0.288635
0.541549 0.557799 0.314501
0.564585 0.583279 0.352122
0.391808 0.333318 0.136565
0.394288 0.337948 0.137535
0.397200 0.342982 0.138564
0.401875 0.351153 0.140234
0.410746 0.367369 0.143554
0.582069 0.679938 0.137103
0.598216 0.701455 0.163129
0.613170 0.720263 0.191225
0.642553 0.751583 0.254181
0.692179 0.791532 0.382803
0.706925 0.807429 0.449092
0.360786 0.248677 0.289722
0.363118 0.252774 0.294376
0.365803 0.256239 0.298529
0.370803 0.264149 0.308062
0.396085 0.300672 0.359278
0.511891 0.535674 0.212235
0.522725 0.551172 0.224459
0.534093 0.567147 0.239057
0.555138 0.594110 0.269394
0.596765 0.639565 0.341254
0.522332 0.456796 0.499532
0.537893 0.472213 0.520146
0.557368 0.491688 0.542946
0.591208 0.527653 0.577852
0.656183 0.609655 0.642672
0.701437 0.676352 0.698190
0.718725 0.712130 0.735854
0.733690 0.735126 0.760680
0.524968 0.478035 0.458939
0.528631 0.481824 0.464593
0.532389 0.485545 0.470052
0.540737 0.493486 0.481353
0.556876 0.509485 0.502863
0.575742 0.528562 0.526138
0.583555 0.537188 0.536079
0.592411 0.546174 0.545687
0.502599 0.517988 0.217756
0.506944 0.524327 0.222330
0.517124 0.538978 0.233984
0.521705 0.545400 0.239609
0.537946 0.567669 0.261898
0.561575 0.595806 0.297585
0.422330 0.381910 0.175890
0.427830 0.391132 0.178769
0.432321 0.399042 0.181339
0.442518 0.416428 0.187398
0.462848 0.450332 0.201429
0.477891 0.474826 0.214082
0.498314 0.506166 0.234602
0.371956 0.295504 0.132424
0.374917 0.301602 0.133993
0.379529 0.310482 0.136194
0.384398 0.318602 0.138116
0.397441 0.341672 0.143307
0.450443 0.435238 0.166189
0.465519 0.460737 0.174928
0.480186 0.485308 0.185299
0.636799 0.664490 0.446346
0.645861 0.674762 0.468698
0.657442 0.685131 0.491523
0.677140 0.705197 0.535873
0.708441 0.743994 0.620589
0.730422 0.786097 0.704194
0.742767 0.812339 0.748410
0.749828 0.831035 0.777152
0.527188 0.539059 0.295260
0.529529 0.541981 0.298734
0.534006 0.547461 0.305505
0.539571 0.554062 0.314017
0.552471 0.568972 0.334917
0.452010 0.376452 0.423019
0.456401 0.380930 0.431073
0.462233 0.386895 0.441802
0.473409 0.397615 0.461005
0.496714 0.418723 0.496513
0.509408 0.430620 0.514393
0.380209 0.254360 0.451197
0.384166 0.258115 0.461812
0.391021 0.264446 0.479802
0.402840 0.274182 0.507427
0.434829 0.298626 0.568085
0.423315 0.364534 0.272607
0.428946 0.372987 0.279402
0.434652 0.381514 0.286615
0.446834 0.399256 0.302982
0.491089 0.455883 0.370352
0.515490 0.482446 0.409393
0.603768 0.587344 0.498885
0.614580 0.598435 0.514362
0.622350 0.606621 0.525515
0.637875 0.623592 0.548180
0.707212 0.716485 0.672777
0.585952 0.693193 0.114793
0.587622 0.695689 0.117404
0.590696 0.699944 0.122144
0.593834 0.704886 0.127738
0.601327 0.714357 0.139679
0.614591 0.731341 0.164038
0.422937 0.362449 0.279228
0.426722 0.368119 0.283996
0.430575 0.374059 0.289148
0.436426 0.382504 0.296878
0.457802 0.412195 0.327766
0.465961 0.422858 0.340457
0.481468 0.441735 0.365107
0.438544 0.293874 0.589209
0.444620 0.297567 0.596569
0.449871 0.301814 0.604284
0.462722 0.310788 0.619166
0.486941 0.331322 0.646662
0.509250 0.350467 0.666043
0.522810 0.364333 0.677856
0.686135 0.583330 0.772248
0.699761 0.596950 0.773646
0.706937 0.617654 0.784193
0.719631 0.651745 0.804456
0.749696 0.700119 0.839946
0.776064 0.737049 0.878400
0.774726 0.771514 0.929859
0.785062 0.783947 0.945283
0.605914 0.682617 0.270397
0.609780 0.685669 0.276572
0.613485 0.689221 0.283663
0.619610 0.695832 0.297326
0.645204 0.718288 0.352633
0.682413 0.781780 0.379004
0.689258 0.784631 0.392694
0.693192 0.787511 0.404636
0.700892 0.793955 0.431992
0.713683 0.804143 0.479305
0.717688 0.810243 0.506222
0.722265 0.814922 0.528249
0.667733 0.682233 0.543558
0.678942 0.695843 0.569057
0.687393 0.707327 0.590611
0.706619 0.734519 0.640909
0.732197 0.784060 0.727386
0.746318 0.813509 0.772670
0.579231 0.621075 0.313522
0.581629 0.623700 0.317909
0.589320 0.631593 0.331756
0.600991 0.642660 0.352734
0.619825 0.659784 0.388387
0.633332 0.672026 0.415824
0.358861 0.252293 0.235703
0.362027 0.257518 0.239685
0.364920 0.262976 0.243801
0.371530 0.273654 0.252142
0.384676 0.295674 0.270058
0.392301 0.307185 0.280179
0.438979 0.433010 0.089885
0.441221 0.436396 0.090193
0.443317 0.441177 0.090795
0.447738 0.448350 0.091588
0.455889 0.462780 0.093574
0.473261 0.492648 0.098901
0.517912 0.526086 0.286043
0.520214 0.529067 0.289309
0.523054 0.532814 0.293514
0.525961 0.536312 0.297592
0.535783 0.548230 0.312337
0.553456 0.568778 0.341076
0.428779 0.359284 0.342891
0.430567 0.361474 0.345806
0.432739 0.364161 0.349418
0.434668 0.366744 0.352903
0.441971 0.375918 0.365843
0.455616 0.392111 0.390385
0.424001 0.375300 0.222406
0.426974 0.380333 0.224940
0.428987 0.383527 0.226592
0.431740 0.388047 0.228966
0.439440 0.400635 0.235928
0.453952 0.423703 0.250222
0.468341 0.445545 0.266082
0.483096 0.466761 0.284216
0.442614 0.436557 0.098932
0.447888 0.447288 0.100427
0.453644 0.456824 0.101820
0.460663 0.469818 0.104033
0.479926 0.502007 0.111110
0.738128 0.713391 0.796401
0.742431 0.725972 0.810131
0.753186 0.736009 0.819006
0.765329 0.761474 0.850000
0.787027 0.809590 0.913953
0.800169 0.864437 0.989678
0.813838 0.883513 1.012705
0.656931 0.835478 0.146818
0.661398 0.838417 0.154530
0.664977 0.842214 0.163431
0.669822 0.848311 0.177895
0.681915 0.859679 0.209623
0.700530 0.880787 0.276453
0.589466 0.713979 0.061897
0.592357 0.718269 0.066097
0.621005 0.759878 0.116610
0.635987 0.780675 0.150331
0.642894 0.791177 0.169689
0.652302 0.800050 0.189763
0.330961 0.211643 0.148080
0.335085 0.219133 0.152247
0.340490 0.228967 0.157509
0.350280 0.246631 0.166421
0.372059 0.285716 0.184263
0.390780 0.318542 0.198312
0.348288 0.236169 0.207912
0.349909 0.238866 0.209743
0.353836 0.245861 0.214429
0.369208 0.272468 0.232303
0.379742 0.290392 0.244621
0.393449 0.312717 0.260865
0.365133 0.246360 0.360563
0.367127 0.250224 0.367378
0.370280 0.254030 0.374957
0.375427 0.260401 0.388047
0.396408 0.283159 0.440743
0.373502 0.282500 0.219106
0.378317 0.290787 0.223977
0.382923 0.298669 0.228661
0.391399 0.312840 0.237277
0.409474 0.342585 0.256699
0.302008 0.134925 0.235652
0.305339 0.141684 0.243726
0.308605 0.149085 0.252648
0.315668 0.163299 0.270817
0.330413 0.190706 0.309845
0.367022 0.242449 0.412005
0.447384 0.409466 0.261608
0.451157 0.415256 0.265870
0.455104 0.421185 0.270420
0.461656 0.430890 0.278294
0.475440 0.450510 0.296034
0.503511 0.486932 0.336529
0.530918 0.518081 0.379447
0.604995 0.646285 0.360711
0.607748 0.649189 0.366547
0.611662 0.652456 0.373397
0.618644 0.659151 0.387656
0.653941 0.690604 0.460482
0.490640 0.427628 0.450819
0.494534 0.431575 0.457258
0.499057 0.435638 0.463813
0.506722 0.443268 0.475833
0.524255 0.459850 0.500188
0.536191 0.471207 0.515353
0.549780 0.484396 0.531434
0.309403 0.173940 0.113433
0.311845 0.178211 0.116179
0.314061 0.182765 0.118986
0.319172 0.192282 0.124743
0.329563 0.211542 0.135605
0.335239 0.221777 0.140966
0.339639 0.229686 0.144911
0.345220 0.239816 0.149730
0.351731 0.251598 0.155034
0.323438 0.181340 0.258409
0.325930 0.184089 0.262005
0.327101 0.187206 0.265489
0.331206 0.193994 0.273833
0.337665 0.206354 0.289188
0.346115 0.219699 0.307361
0.463960 0.398503 0.413541
0.467481 0.401948 0.419367
0.470520 0.405418 0.425163
0.476387 0.411294 0.435121
0.489816 0.424631 0.457469
0.314830 0.190624 0.092286
0.318223 0.197188 0.095781
0.323460 0.206854 0.100699
0.330026 0.219181 0.106507
0.345951 0.248132 0.118296
0.531331 0.563332 0.235533
0.541353 0.576958 0.249350
0.552988 0.591560 0.266355
0.571352 0.613281 0.296356
0.618923 0.660837 0.385016
0.725921 0.781621 0.672629
0.323734 0.188346 0.195599
0.325731 0.192085 0.198613
0.328271 0.197005 0.202551
0.333563 0.206460 0.210138
0.343849 0.224594 0.224606
0.351511 0.238321 0.235520
0.363088 0.257907 0.251480
0.334990 0.186545 0.422101
0.336546 0.188825 0.428786
0.337429 0.189991 0.432329
0.340135 0.193096 0.442218
0.352935 0.204277 0.481761
0.360695 0.210929 0.505333
0.375784 0.284159 0.235658
0.380795 0.292728 0.241408
0.386633 0.302217 0.247939
0.397439 0.319854 0.260632
0.419798 0.354999 0.289247
0.445783 0.434159 0.140014
0.448860 0.438638 0.141025
0.451930 0.443609 0.142215
0.456792 0.452072 0.144346
0.468310 0.472670 0.150274
0.488382 0.505882 0.162575
0.509374 0.539766 0.179903
0.518746 0.553974 0.189040
0.398947 0.333980 0.197540
0.407269 0.348195 0.203407
0.416159 0.363656 0.210054
0.430988 0.388177 0.221523
0.445770 0.412510 0.234503
0.461352 0.436899 0.249801
0.493930 0.484178 0.288789
0.365049 0.267271 0.214851
0.369132 0.274428 0.219187
0.373168 0.281314 0.223385
0.382786 0.297601 0.233423
0.401162 0.327877 0.253203
0.469137 0.458109 0.218763
0.474373 0.466388 0.223569
0.480088 0.475216 0.229048
0.491319 0.492277 0.240854
0.504070 0.510518 0.255546
0.408707 0.397735 0.018763
0.411446 0.403524 0.018714
0.415718 0.413253 0.018631
0.422711 0.426461 0.018478
0.437496 0.452545 0.018518
0.471603 0.511682 0.022084
0.504510 0.567875 0.032712
0.518871 0.592661 0.040576
0.514472 0.480901 0.408824
0.521361 0.488048 0.419708
0.529111 0.495681 0.431341
0.544140 0.510729 0.453970
0.573657 0.539821 0.494873
0.432234 0.398535 0.182254
0.437074 0.407256 0.185241
0.444475 0.419087 0.189559
0.454757 0.437065 0.196777
0.476896 0.472786 0.214406
0.524682 0.536814 0.289318
0.528735 0.541714 0.295021
0.533823 0.548080 0.302769
0.540960 0.556754 0.313929
0.557927 0.575863 0.341374
0.573755 0.592350 0.368017
0.582019 0.600657 0.382351
0.590159 0.608404 0.396181
0.457024 0.453854 0.138327
0.462400 0.462850 0.140639
0.468438 0.473588 0.143670
0.478240 0.490104 0.148963
0.498989 0.525109 0.163452
0.513193 0.547039 0.175460
0.464474 0.413788 0.364774
0.468500 0.418509 0.371427
0.473371 0.424103 0.379506
0.481667 0.433405 0.393365
0.515267 0.467862 0.446875
0.402543 0.303224 0.396971
0.405404 0.306104 0.402842
0.408111 0.309698 0.409878
0.414608 0.316381 0.423898
0.420524 0.322529 0.436984
0.435027 0.385631 0.270738
0.437360 0.389168 0.273483
0.439863 0.392942 0.276483
0.444309 0.399557 0.281922
0.453183 0.412580 0.293370
0.488082 0.482241 0.257986
0.491338 0.486875 0.261816
0.495344 0.492535 0.266695
0.503318 0.503526 0.276857
0.519454 0.524904 0.299422
0.480758 0.506277 0.099550
0.484650 0.514496 0.101667
0.491382 0.525503 0.104812
0.501570 0.543431 0.110845
0.513114 0.561431 0.118250
0.389315 0.304505 0.267622
0.391435 0.307883 0.270402
0.393992 0.311788 0.273683
0.397230 0.316781 0.277957
0.404649 0.328464 0.288354
0.420708 0.352087 0.311785
0.376814 0.296338 0.175667
0.381762 0.305016 0.178952
0.387479 0.315232 0.182770
0.397232 0.332281 0.189144
0.419407 0.370730 0.204182
0.436680 0.399425 0.216962
0.460138 0.437708 0.237815
0.348770 0.246764 0.151399
0.354057 0.256011 0.155417
0.360088 0.266836 0.159903
0.372028 0.288653 0.168363
0.395168 0.329526 0.183108
0.417571 0.368695 0.197509
0.431786 0.392859 0.207386
0.446493 0.417041 0.218660
0.340847 0.245039 0.093395
0.346977 0.255544 0.096746
0.353551 0.267603 0.100198
0.369376 0.296090 0.106930
0.405455 0.363981 0.118180
0.426654 0.401677 0.123725
0.463828 0.466341 0.136669
0.384209 0.284270 0.333343
0.393130 0.296492 0.351365
0.403885 0.310346 0.373869
0.421900 0.331208 0.412135
0.468858 0.375378 0.499417
0.604124 0.511576 0.638588
0.684578 0.627591 0.703663
0.732419 0.719476 0.780543
0.742028 0.741337 0.805044
0.339480 0.222635 0.181797
0.342905 0.228788 0.185603
0.346834 0.235938 0.189941
0.353637 0.248026 0.197139
0.366805 0.271272 0.210625
0.397628 0.323795 0.241683
0.421690 0.362488 0.268139
0.440374 0.390576 0.291266
0.367534 0.285618 0.136320
0.371990 0.294048 0.138730
0.377372 0.303565 0.141343
0.388351 0.324665 0.146727
0.412191 0.366723 0.156891
0.426076 0.391028 0.163028
0.597798 0.381812 0.806379
0.601620 0.392337 0.811135
0.622325 0.405528 0.809063
0.627221 0.426842 0.818394
0.645905 0.450116 0.820908
0.658209 0.478690 0.827839
0.680808 0.500832 0.825833
0.453305 0.227527 0.737412
0.465967 0.238346 0.750901
0.481347 0.250912 0.764518
0.509782 0.271766 0.782498
0.566990 0.329354 0.815799
0.619919 0.385350 0.830352
0.545989 0.597178 0.206130
0.547805 0.599499 0.208392
0.549783 0.602258 0.211092
0.553236 0.606895 0.215900
0.560356 0.616029 0.226018
0.583247 0.644322 0.263940
0.589654 0.651532 0.275463
0.595873 0.658691 0.287709
0.399309 0.349036 0.127172
0.402441 0.355385 0.128282
0.406867 0.362727 0.129502
0.413561 0.374323 0.131488
0.427117 0.399605 0.136030
0.411181 0.366504 0.147951
0.438142 0.413854 0.159130
0.461108 0.454270 0.171497
0.510660 0.533435 0.212197
0.601369 0.643652 0.351806
0.650478 0.687360 0.449157
0.682344 0.718850 0.526716
0.277844 0.064580 0.224709
0.278642 0.066595 0.226982
0.279418 0.070036 0.230708
0.285277 0.084886 0.248563
0.288974 0.097754 0.264779
0.511943 0.515199 0.288400
0.515356 0.519663 0.293228
0.519483 0.525006 0.299230
0.527246 0.534554 0.310646
0.543650 0.553602 0.336058
0.555757 0.567181 0.356249
0.571152 0.582919 0.381676
0.462667 0.454050 0.183232
0.467376 0.461967 0.186497
0.473715 0.472267 0.191084
0.524511 0.549467 0.242710
0.540567 0.570901 0.264833
0.495022 0.513499 0.179388
0.499650 0.521216 0.183506
0.504891 0.529376 0.188237
0.513664 0.542709 0.196798
0.533131 0.570811 0.218918
0.547739 0.591160 0.239110
0.795828 0.721401 0.985979
0.794062 0.732834 1.002643
0.793412 0.746840 1.021778
0.819950 0.763234 1.037884
0.832123 0.792819 1.071629
0.832123 0.792819 1.071629
0.375458 0.264156 0.365061
0.378927 0.268023 0.372473
0.382597 0.273377 0.382502
0.390193 0.282191 0.400612
0.404763 0.297735 0.435336
0.313214 0.178886 0.126866
0.318173 0.188144 0.132755
0.321256 0.193960 0.136333
0.326622 0.203824 0.142211
0.366491 0.276234 0.178409
0.402293 0.340979 0.193409
0.407275 0.349605 0.196747
0.416473 0.365483 0.203114
0.425538 0.380548 0.209523
0.449160 0.419826 0.228800
0.524559 0.522021 0.336180
0.527685 0.525665 0.341080
0.531384 0.530056 0.347147
0.538593 0.537895 0.358355
0.551466 0.551834 0.379425
0.362194 0.251758 0.285414
0.364687 0.256262 0.290316
0.367220 0.259817 0.294353
0.372598 0.268152 0.304026
0.383808 0.284810 0.324917
0.391286 0.295543 0.339643
0.403849 0.311815 0.364491
0.422906 0.394193 0.122254
0.425472 0.398919 0.122975
0.428691 0.404579 0.123850
0.433540 0.414278 0.125488
0.444848 0.432964 0.128819
0.454984 0.451117 0.132639
0.346384 0.222416 0.288396
0.347813 0.224182 0.290688
0.348974 0.226283 0.293270
0.350995 0.230035 0.297912
0.356550 0.238452 0.309011
0.360391 0.244339 0.317058
0.365259 0.251960 0.327906
0.455905 0.444102 0.170379
0.460679 0.452888 0.173430
0.465686 0.461375 0.176597
0.476354 0.478834 0.183880
0.498925 0.515141 0.203143
0.517479 0.542603 0.222674
0.537801 0.570864 0.248774
0.426767 0.355152 0.345626
0.428762 0.357634 0.348987
0.431283 0.360856 0.353406
0.435570 0.366212 0.360960
0.440772 0.372756 0.370509
0.449097 0.382702 0.385733
0.708387 0.540562 0.855339
0.714260 0.554313 0.858523
0.715995 0.573655 0.866863
0.736198 0.577873 0.859012
0.751337 0.617810 0.878464
0.468973 0.450581 0.249247
0.472541 0.455978 0.253110
0.477014 0.462682 0.258139
0.482948 0.471323 0.265031
0.496618 0.490561 0.282215
0.358396 0.276597 0.101666
0.363903 0.287035 0.104125
0.372466 0.301561 0.107121
0.384102 0.324487 0.111265
0.421953 0.393157 0.121302
0.448805 0.441228 0.129572
0.545777 0.617983 0.125677
0.547704 0.621047 0.127853
0.550092 0.624484 0.130401
0.554111 0.630208 0.134856
0.561313 0.640487 0.143514
0.575814 0.661226 0.163915
0.588178 0.677365 0.183267
0.378927 0.296369 0.197882
0.384162 0.305479 0.202103
0.388674 0.313320 0.205745
0.398788 0.330679 0.213943
0.435973 0.392155 0.247229
0.457851 0.425912 0.271056
0.622518 0.730177 0.219376
0.624826 0.732715 0.224340
0.627567 0.735547 0.230117
0.633843 0.740370 0.241167
0.639079 0.744748 0.251535
0.643930 0.749910 0.263636
0.649357 0.754454 0.275574
0.360909 0.267756 0.164526
0.362910 0.271429 0.166036
0.365029 0.275262 0.167596
0.368641 0.281813 0.170217
0.376219 0.295374 0.175490
0.392573 0.324188 0.186332
0.406048 0.347702 0.195235
0.424043 0.378577 0.207769
0.413768 0.372738 0.141269
0.422286 0.387991 0.144331
0.432412 0.407018 0.148487
0.447252 0.431800 0.154558
0.483058 0.493153 0.175885
0.517050 0.546132 0.206792
0.470047 0.443435 0.286986
0.471756 0.445845 0.289192
0.473590 0.448433 0.291596
0.476659 0.452697 0.295690
0.483311 0.461737 0.304786
0.495745 0.477946 0.322675
0.519061 0.505800 0.358366
0.375052 0.283297 0.234400
0.378970 0.289832 0.238759
0.382782 0.296077 0.242982
0.407388 0.336016 0.272212
0.420707 0.356337 0.289433
0.429253 0.369173 0.301423
0.437159 0.396244 0.238068
0.440594 0.401642 0.241274
0.444635 0.408151 0.245278
0.452155 0.419833 0.252928
0.467916 0.443633 0.270613
0.477788 0.457936 0.282839
0.485403 0.468497 0.292797
0.493058 0.478784 0.303286
0.520721 0.532892 0.278977
0.524004 0.537186 0.283664
0.527608 0.542006 0.289078
0.535137 0.551125 0.300053
0.549981 0.568287 0.322961
0.564275 0.584476 0.347365
0.595918 0.534188 0.579678
0.606117 0.546735 0.590634
0.613345 0.555598 0.597975
0.636490 0.584016 0.620030
0.670214 0.632867 0.659304
0.475665 0.375958 0.522677
0.481132 0.380571 0.530386
0.486145 0.384832 0.537181
0.495552 0.393470 0.550085
0.515799 0.412014 0.573945
0.574585 0.342605 0.812932
0.577005 0.348662 0.816207
0.596152 0.361498 0.817155
0.606079 0.374880 0.821188
0.617577 0.404352 0.832855
0.655759 0.467732 0.844932
0.466871 0.481817 0.093474
0.474158 0.495371 0.096134
0.480257 0.505557 0.098407
0.495069 0.532000 0.105854
0.521201 0.574392 0.123405
0.509714 0.559028 0.096556
0.514999 0.569099 0.100554
0.521891 0.580239 0.105644
0.534705 0.600815 0.116658
0.558983 0.636874 0.142696
0.523391 0.555419 0.212799
0.527545 0.561491 0.217834
0.535219 0.572316 0.227578
0.540357 0.579319 0.234423
0.576503 0.624264 0.291593
0.735266 0.679642 0.815144
0.735573 0.685636 0.821285
0.740158 0.692016 0.826146
0.742908 0.700921 0.835001
0.776643 0.741285 0.875142
0.779347 0.752101 0.890324
0.446487 0.385274 0.358775
0.458447 0.399706 0.379584
0.470507 0.413136 0.400320
0.495665 0.439138 0.442214
0.556028 0.497686 0.525122
0.605325 0.550287 0.578432
0.334035 0.212111 0.179725
0.337295 0.218115 0.183628
0.341480 0.225537 0.188394
0.347457 0.236333 0.195168
0.369492 0.275222 0.218771
0.479346 0.514403 0.063763
0.485010 0.523008 0.065449
0.490332 0.533065 0.067725
0.501231 0.551938 0.072817
0.523067 0.587976 0.086294
0.541028 0.615821 0.101022
0.560268 0.644568 0.121366
0.533804 0.499267 0.441242
0.538469 0.503945 0.448271
0.543269 0.508772 0.455450
0.553356 0.518654 0.469800
0.573563 0.538751 0.497382
0.596747 0.562675 0.527362
0.606750 0.573258 0.539714
0.463131 0.449273 0.207892
0.469197 0.459046 0.212914
0.475315 0.469039 0.218462
0.487407 0.487959 0.230328
0.512008 0.523433 0.258559
0.295948 0.132683 0.158676
0.298160 0.136525 0.162099
0.300438 0.141269 0.166219
0.304154 0.148719 0.172700
0.311829 0.163755 0.185732
0.328854 0.196760 0.213967
0.344312 0.224099 0.237460
0.366570 0.261729 0.271325
0.556579 0.383860 0.722154
0.563007 0.392906 0.727047
0.569247 0.401879 0.731528
0.586282 0.420920 0.738164
0.609275 0.455313 0.750302
0.633992 0.490106 0.758772
0.658985 0.529348 0.767593
0.582340 0.645679 0.255616
0.585919 0.649679 0.261789
0.589506 0.653465 0.267913
0.596291 0.661618 0.281611
0.603520 0.668412 0.294322
0.738356 0.604195 0.848761
0.737768 0.626447 0.864791
0.743114 0.635351 0.870035
0.760233 0.645964 0.872901
0.756712 0.667202 0.897604
0.782426 0.679216 0.903600
0.566963 0.519823 0.515730
0.576797 0.530033 0.527851
0.587042 0.540911 0.540082
0.605993 0.562068 0.562323
0.642910 0.605993 0.604219
0.669120 0.641138 0.637341
0.683437 0.661082 0.656700
0.696530 0.680591 0.676720
0.655913 0.547682 0.727146
0.661230 0.562260 0.734274
0.666328 0.576372 0.741301
0.680018 0.598621 0.749672
0.705139 0.634697 0.764023
0.719613 0.657932 0.776930
0.726249 0.680233 0.795151
0.517670 0.585789 0.058174
0.522047 0.592905 0.060972
0.528219 0.601809 0.064822
0.536987 0.616351 0.071906
0.546240 0.631421 0.080423
0.791975 0.788036 0.950878
0.786808 0.797681 0.966721
0.789994 0.807160 0.979561
0.812868 0.825125 0.998507
0.824386 0.856204 1.037686
0.406875 0.313078 0.384473
0.409295 0.316145 0.389967
0.412943 0.319879 0.397083
0.418633 0.326504 0.409705
0.430837 0.339359 0.435396
0.379882 0.304204 0.165737
0.382612 0.308974 0.167324
0.385939 0.314787 0.169235
0.391639 0.325298 0.172653
0.403951 0.346623 0.179592
0.572854 0.587250 0.377517
0.581003 0.595164 0.391081
0.589330 0.603114 0.405073
0.605158 0.618094 0.432135
0.636784 0.648337 0.487650
0.655981 0.669636 0.527038
0.557034 0.597486 0.270009
0.561723 0.603191 0.277628
0.567525 0.609898 0.287082
0.577218 0.620795 0.303764
0.595858 0.640510 0.338268
0.454424 0.422406 0.260018
0.459333 0.429796 0.265515
0.464133 0.436908 0.271091
0.472452 0.449016 0.281283
0.497466 0.482962 0.315366
0.504551 0.491864 0.325808
0.523145 0.513901 0.354478
0.569155 0.663885 0.108781
0.572099 0.668170 0.112579
0.574799 0.672102 0.116208
0.579294 0.679027 0.122879
0.587460 0.690366 0.135000
0.606835 0.716666 0.169017
0.323504 0.193223 0.163273
0.326765 0.199313 0.167369
0.330405 0.205960 0.171773
0.337686 0.219300 0.180335
0.364260 0.266637 0.208709
0.375268 0.285871 0.219852
0.429105 0.424830 0.049033
0.436378 0.438250 0.049519
0.443708 0.452435 0.050243
0.458336 0.479884 0.052421
0.488520 0.532592 0.060624
0.355878 0.247411 0.228423
0.359859 0.254573 0.233657
0.364395 0.262372 0.239437
0.373322 0.277451 0.250832
0.409956 0.335451 0.301131
0.670154 0.571916 0.754771
0.687368 0.594480 0.760425
0.699962 0.615169 0.768297
0.719417 0.650068 0.786108
0.737189 0.682616 0.808601
0.755637 0.712937 0.835421
0.347320 0.227528 0.255735
0.348869 0.230003 0.258158
0.350588 0.233860 0.261776
0.353860 0.239179 0.267082
0.360503 0.249792 0.277899
0.374176 0.271231 0.301332
0.386459 0.290293 0.324533
0.401790 0.310774 0.353494
0.506703 0.555789 0.094235
0.516411 0.570758 0.100186
0.523912 0.584221 0.106406
0.541686 0.611689 0.122235
0.572016 0.655788 0.159108
0.436361 0.390788 0.257209
0.439998 0.396443 0.261162
0.445251 0.404515 0.267062
0.453638 0.417124 0.276956
0.470332 0.441079 0.298375
0.367219 0.263085 0.269707
0.373332 0.273616 0.279649
0.380427 0.283846 0.290004
0.386367 0.293728 0.300283
0.392894 0.303837 0.311498
0.406106 0.371393 0.092818
0.410961 0.378671 0.093398
0.414280 0.385636 0.094029
0.423628 0.402092 0.095508
0.440124 0.432955 0.098836
0.452881 0.454396 0.101741
0.470825 0.487528 0.107963
0.528814 0.599967 0.076006
0.533263 0.608088 0.079971
0.539551 0.617455 0.085058
0.549351 0.632709 0.094403
0.569961 0.662941 0.117849
0.582100 0.680530 0.135042
0.600837 0.705121 0.165227
0.329487 0.225156 0.080998
0.334348 0.233797 0.084289
0.337809 0.240573 0.086675
0.347551 0.257400 0.091985
0.367520 0.294547 0.100951
0.390904 0.338167 0.108216
0.406865 0.367895 0.112179
0.484311 0.466023 0.295072
0.494653 0.479814 0.309450
0.505036 0.493022 0.324648
0.530001 0.522170 0.363307
0.574474 0.567650 0.433821
0.315780 0.170834 0.201417
0.318582 0.176052 0.206153
0.322427 0.183220 0.212619
0.328300 0.194493 0.222762
0.366594 0.260155 0.285787
0.373248 0.268996 0.303740
0.374904 0.271651 0.306884
0.376849 0.274597 0.310457
0.380917 0.281493 0.318895
0.391082 0.295882 0.338293
0.546006 0.610800 0.154224
0.549084 0.615285 0.157814
0.552809 0.620516 0.162229
0.559570 0.630422 0.171204
0.572248 0.648106 0.189693
0.583548 0.661912 0.206924
0.589274 0.670242 0.218260
0.595862 0.677489 0.229343
0.415514 0.331082 0.368862
0.417751 0.333885 0.373351
0.419941 0.336455 0.377576
0.424329 0.341581 0.386202
0.433093 0.351680 0.403822
0.533132 0.486749 0.469738
0.541198 0.494535 0.480834
0.551362 0.504893 0.495055
0.569970 0.523186 0.518115
0.599662 0.555002 0.553617
0.582399 0.568389 0.462543
0.587718 0.573626 0.470473
0.593772 0.579593 0.479347
0.604708 0.590510 0.495304
0.614239 0.600240 0.509194
0.438706 0.403007 0.218574
0.441166 0.407139 0.220621
0.445233 0.413472 0.223882
0.451140 0.423178 0.229126
0.462156 0.440637 0.239514
0.484808 0.474849 0.264345
0.513737 0.514159 0.302713
0.525410 0.528606 0.320108
0.459206 0.473985 0.074480
0.462750 0.480317 0.075322
0.468009 0.488813 0.076564
0.475282 0.501595 0.078775
0.489650 0.527572 0.084585
0.517160 0.573150 0.100263
0.319818 0.183501 0.173937
0.322628 0.188788 0.177878
0.326465 0.195941 0.183161
0.333024 0.207966 0.191870
0.347523 0.234478 0.210454
0.460866 0.406722 0.368860
0.466139 0.412839 0.377711
0.471389 0.418785 0.386559
0.482798 0.431281 0.405773
0.506071 0.454976 0.443223
0.415218 0.390716 0.082277
0.423559 0.406318 0.083390
0.431798 0.420655 0.084465
0.449708 0.452684 0.087678
0.484844 0.513882 0.098926
0.509308 0.556705 0.113246
0.526787 0.583880 0.126551
0.543036 0.608834 0.142508
0.454753 0.450401 0.132934
0.458592 0.458463 0.134831
0.464430 0.466822 0.136942
0.473966 0.483498 0.141721
0.493271 0.516110 0.153652
0.506226 0.537631 0.163911
0.520666 0.559978 0.177167
0.345906 0.256022 0.085883
0.353564 0.270536 0.089710
0.359164 0.280533 0.092026
0.420586 0.393564 0.108097
0.456319 0.457447 0.117627
0.495517 0.507459 0.207977
0.500955 0.515892 0.213431
0.506944 0.524985 0.219784
0.518783 0.541964 0.233281
0.542466 0.573896 0.265150
0.566774 0.603240 0.303977
0.421927 0.311386 0.481403
0.423984 0.313170 0.485647
0.426186 0.315045 0.490082
0.429928 0.317818 0.496707
0.438056 0.325011 0.512809
0.353979 0.268882 0.096963
0.356525 0.273770 0.098201
0.359312 0.279563 0.099617
0.363745 0.287225 0.101348
0.373739 0.306170 0.105127
0.395140 0.346006 0.111437
0.413867 0.379106 0.115868
0.628352 0.569138 0.617208
0.635104 0.576345 0.621909
0.637915 0.582913 0.627943
0.647940 0.597886 0.639605
0.667112 0.625458 0.660503
0.676472 0.638884 0.670943
0.686309 0.651424 0.680438
0.693997 0.664517 0.692015
0.631551 0.601513 0.568667
0.635318 0.606845 0.574816
0.640829 0.612762 0.580953
0.648930 0.623230 0.592447
0.666390 0.645742 0.616779
0.675478 0.657225 0.629134
0.378057 0.265496 0.385030
0.379469 0.266846 0.387977
0.381321 0.268275 0.391316
0.383210 0.271120 0.397131
0.388085 0.276502 0.408956
0.398221 0.287114 0.433623
0.403848 0.293056 0.447809
0.409249 0.298310 0.460616
0.415369 0.303759 0.474064
0.445391 0.424262 0.175295
0.448161 0.429200 0.176948
0.451110 0.434302 0.178703
0.456176 0.442914 0.181860
0.466839 0.460269 0.188874
0.403582 0.281531 0.488181
0.406643 0.283918 0.494717
0.410048 0.286767 0.502262
0.417352 0.292311 0.516787
0.432792 0.304457 0.545800
0.445267 0.313216 0.564583
0.467724 0.330033 0.594527
0.354745 0.256141 0.161540
0.359809 0.265657 0.165647
0.365832 0.276308 0.170092
0.377086 0.296458 0.178119
0.402386 0.340915 0.195239
0.449901 0.420359 0.231745
0.358610 0.088723 0.757781
0.372435 0.092722 0.770770
0.381693 0.098117 0.783072
0.408920 0.111301 0.811814
0.462545 0.144894 0.864586
0.497131 0.296800 0.720328
0.543747 0.342968 0.753133
0.590975 0.398632 0.776144
0.660845 0.505791 0.800469
0.742492 0.643677 0.839397
0.755468 0.705801 0.902793
0.403869 0.348151 0.171777
0.407263 0.354413 0.173659
0.411199 0.360861 0.175619
0.418498 0.374074 0.179756
0.432794 0.398711 0.188048
0.441244 0.413163 0.193417
0.449336 0.426633 0.198883
0.456997 0.438889 0.204317
0.285102 0.098807 0.183605
0.288679 0.107436 0.192183
0.293176 0.116428 0.201582
0.301377 0.133985 0.220352
0.317597 0.167630 0.259049
0.328783 0.187471 0.284586
0.339193 0.206648 0.311390
0.349724 0.223417 0.338142
0.715073 0.708730 0.717249
0.719629 0.717032 0.726737
0.723902 0.727551 0.739535
0.733067 0.741723 0.755982
0.747162 0.773219 0.796442
0.541748 0.598130 0.173750
0.544519 0.602093 0.177018
0.548261 0.607415 0.181618
0.553780 0.615498 0.189054
0.565660 0.631678 0.205987
0.578291 0.647440 0.225553
0.583816 0.654181 0.234937
0.344712 0.207987 0.388473
0.347321 0.211454 0.397004
0.350496 0.214987 0.406366
0.357520 0.222113 0.426504
0.371202 0.236603 0.469176
0.380606 0.244426 0.494036
0.390251 0.252349 0.518304
0.442865 0.394124 0.295163
0.445874 0.398485 0.299259
0.449915 0.404173 0.304803
0.455504 0.411962 0.312748
0.467236 0.427679 0.330141
0.520161 0.250020 0.827482
0.532651 0.261448 0.835439
0.545089 0.277045 0.845680
0.571299 0.305411 0.860041
0.639030 0.369369 0.874066
0.650350 0.398562 0.883593
0.604353 0.707310 0.180863
0.607421 0.710791 0.186222
0.610318 0.715891 0.193885
0.616551 0.722445 0.205272
0.628628 0.736282 0.231638
0.634923 0.742449 0.245100
0.641686 0.747831 0.258302
0.646817 0.753667 0.272344
0.631032 0.597831 0.577127
0.650215 0.621306 0.601150
0.674501 0.654777 0.636143
0.707986 0.706123 0.693890
0.759037 0.807882 0.826390
0.569430 0.607923 0.304036
0.576450 0.615368 0.315890
0.587345 0.626874 0.335554
0.603413 0.642343 0.364954
0.636756 0.672315 0.429612
0.653505 0.686394 0.462361
0.665518 0.698913 0.492055
0.678889 0.713092 0.526009
0.597035 0.490487 0.654185
0.601238 0.495848 0.656983
0.604382 0.502574 0.661503
0.615588 0.515535 0.667018
0.634456 0.538353 0.676318
0.488532 0.479053 0.273091
0.491971 0.483859 0.277439
0.495112 0.488200 0.281511
0.502035 0.497517 0.290752
0.515784 0.515441 0.310548
0.521661 0.522548 0.319173
0.528747 0.530979 0.330020
0.535658 0.539007 0.340949
0.540226 0.446977 0.576036
0.544523 0.452203 0.581452
0.552002 0.459953 0.588631
0.558581 0.466388 0.594042
0.574166 0.485062 0.609397
0.499655 0.359238 0.630664
0.506816 0.365989 0.637716
0.517419 0.374791 0.645686
0.532436 0.389341 0.657541
0.562488 0.423239 0.679775
0.594823 0.460922 0.696708
0.659373 0.588815 0.686435
0.669519 0.601408 0.692221
0.674492 0.617034 0.703938
0.692729 0.644742 0.720614
0.721606 0.694255 0.758804
0.317287 0.174765 0.197067
0.319652 0.178545 0.200446
0.321969 0.183271 0.204495
0.326646 0.191702 0.211817
0.335712 0.209051 0.226732
0.347354 0.229305 0.244498
0.353377 0.239017 0.253303
0.517019 0.427037 0.548186
0.526355 0.435471 0.558221
0.541219 0.449982 0.573793
0.560360 0.470971 0.593539
0.605634 0.522245 0.629762
0.675669 0.619139 0.687301
0.510152 0.416304 0.549016
0.514434 0.420393 0.554244
0.520213 0.425202 0.559947
0.528567 0.433980 0.570125
0.547615 0.453222 0.589319
0.554714 0.460790 0.596030
0.565857 0.471425 0.604170
0.573689 0.482085 0.612946
0.468395 0.500529 0.035573
0.472920 0.510069 0.036798
0.480667 0.521181 0.038372
0.492245 0.544632 0.042908
0.514114 0.578290 0.052340
0.466187 0.467076 0.157094
0.468711 0.470983 0.158397
0.471538 0.475297 0.159892
0.476668 0.484113 0.163131
0.486050 0.499779 0.169578
0.491012 0.508492 0.173589
0.496215 0.516179 0.177444
0.501302 0.524386 0.181853
0.433315 0.424035 0.086773
0.440823 0.436982 0.087998
0.449939 0.454435 0.090080
0.466884 0.481998 0.094238
0.495756 0.532941 0.106985
0.522449 0.576499 0.125408
0.530092 0.542011 0.301886
0.533076 0.545647 0.306416
0.536747 0.550023 0.311989
0.543157 0.557849 0.322451
0.558283 0.574406 0.346743
0.565644 0.582525 0.359602
0.572354 0.589145 0.370572
0.579284 0.595545 0.381562
0.539528 0.643466 -0.020047
0.543330 0.652369 -0.016034
0.549248 0.660858 -0.011714
0.569799 0.693626 0.008209
0.592989 0.728207 0.036567
0.266606 0.018439 0.220149
0.268059 0.021298 0.223213
0.268234 0.023708 0.225480
0.270515 0.029129 0.231356
0.273288 0.038065 0.240995
0.277615 0.055505 0.260910
0.531890 0.399843 0.642691
0.552899 0.421133 0.657613
0.582564 0.454341 0.675659
0.625314 0.507106 0.696284
0.689087 0.609990 0.737993
0.708205 0.650658 0.762057
0.727293 0.685550 0.786807
0.471973 0.400145 0.447267
0.476305 0.404383 0.454654
0.483764 0.411086 0.466209
0.491300 0.418309 0.478254
0.511466 0.437025 0.507138
0.533492 0.457977 0.534920
0.560871 0.486006 0.565452
0.606960 0.535929 0.606314
0.624860 0.562376 0.626805
0.300068 0.166875 0.061435
0.304429 0.175302 0.066392
0.308631 0.182691 0.070593
0.317261 0.200171 0.079645
0.349400 0.258751 0.102722
0.363084 0.283805 0.109497
0.376022 0.306890 0.114552
0.578695 0.619770 0.314722
0.584021 0.625657 0.324664
0.589858 0.631075 0.334397
0.601516 0.642287 0.355685
0.633422 0.671626 0.418643
0.553194 0.589491 0.273718
0.555465 0.592351 0.277399
0.557818 0.595447 0.281469
0.561997 0.600006 0.287804
0.571059 0.610903 0.303793
0.344596 0.237930 0.152778
0.349449 0.247001 0.157015
0.354172 0.255337 0.160767
0.363243 0.271479 0.167674
0.379426 0.300618 0.179260
0.638867 0.463490 0.799026
0.648445 0.485295 0.804910
0.659533 0.501538 0.806895
0.683198 0.532469 0.809035
0.711800 0.590164 0.823975
0.714497 0.471795 0.939625
0.729218 0.481716 0.936418
0.730295 0.502399 0.943179
0.743228 0.528539 0.946890
0.751245 0.565655 0.960689
0.602543 0.651837 0.337091
0.605509 0.654304 0.342116
0.608969 0.657031 0.347832
0.613363 0.661659 0.357433
0.623756 0.671005 0.378105
0.442528 0.374875 0.373838
0.448711 0.382249 0.385181
0.457127 0.391532 0.400105
0.471213 0.406527 0.425056
0.504334 0.438242 0.477362
0.540354 0.473256 0.526112
0.561083 0.494159 0.549778
0.358501 0.229990 0.403912
0.365033 0.237193 0.422675
0.373782 0.245651 0.446499
0.388490 0.258981 0.485540
0.425443 0.287280 0.562046
0.557615 0.404387 0.696751
0.630775 0.495096 0.729272
0.529940 0.498080 0.428526
0.532746 0.500884 0.432786
0.535960 0.504155 0.437772
0.542674 0.510877 0.447860
0.555743 0.523750 0.466758
0.568637 0.536448 0.484608
0.575463 0.543435 0.494115
0.691883 0.456006 0.918679
0.698872 0.467993 0.919835
0.704891 0.479873 0.921299
0.713093 0.502998 0.925721
0.724205 0.529656 0.930168
0.749307 0.550617 0.927634
0.755592 0.558486 0.929112
0.482103 0.446033 0.354097
0.487726 0.452688 0.363016
0.493758 0.459683 0.372712
0.505386 0.472508 0.391288
0.519595 0.487406 0.413721
0.533189 0.500986 0.434394
0.546573 0.514345 0.454452
0.560638 0.528260 0.474556
0.575129 0.542717 0.494413
0.531910 0.518862 0.381768
0.538917 0.526242 0.392894
0.548934 0.536502 0.408728
0.566674 0.554095 0.436190
0.583981 0.571007 0.462335
0.660375 0.651875 0.578463
0.668390 0.662109 0.592366
0.681121 0.678915 0.615310
0.693525 0.696315 0.639426
0.718761 0.737946 0.699197
0.727724 0.755136 0.724249
0.356924 0.223498 0.420703
0.360767 0.227589 0.432275
0.365206 0.232128 0.445508
0.372435 0.238947 0.466205
0.381911 0.247106 0.491590
0.404630 0.264255 0.542700
0.421109 0.276448 0.573733
0.364196 0.302092 0.051766
0.368934 0.309895 0.052549
0.372708 0.318416 0.053372
0.390983 0.353992 0.055445
0.402947 0.376651 0.056185
0.428349 0.421796 0.057409
0.306536 0.153185 0.179699
0.308942 0.157398 0.183468
0.310808 0.161627 0.187098
0.319852 0.179260 0.202500
0.336838 0.210309 0.229621
0.357780 0.242810 0.297996
0.360581 0.246239 0.302410
0.362544 0.249820 0.306868
0.367272 0.256447 0.315618
0.372447 0.264320 0.326369
0.384806 0.281837 0.352722
0.569799 0.625853 0.247548
0.590943 0.650412 0.284694
0.614198 0.673588 0.329212
0.655250 0.709664 0.418412
0.721098 0.793275 0.656881
0.424449 0.367599 0.266265
0.427632 0.372657 0.270058
0.430551 0.377179 0.273549
0.437017 0.386808 0.281354
0.451785 0.408378 0.300724
0.457988 0.417110 0.309421
0.464795 0.426314 0.319194
0.470796 0.434265 0.328144
0.531437 0.537157 0.324742
0.533628 0.539717 0.328152
0.538969 0.545687 0.336360
0.542746 0.550231 0.342784
0.553112 0.561462 0.359543
0.355274 0.252106 0.191875
0.358525 0.257885 0.195063
0.368891 0.276114 0.204958
0.396800 0.323940 0.231111
0.427029 0.373096 0.262195
0.492382 0.416348 0.487398
0.497507 0.420767 0.494456
0.503657 0.426112 0.502635
0.513790 0.436158 0.517293
0.525049 0.446642 0.531229
0.555018 0.477083 0.565606
0.519135 0.587253 0.059116
0.522575 0.593127 0.061447
0.527714 0.600013 0.064384
0.535089 0.612859 0.070516
0.552527 0.641201 0.087135
0.566936 0.661561 0.102545
0.432052 0.390645 0.218880
0.436536 0.398301 0.222665
0.441497 0.406423 0.226882
0.450243 0.420566 0.234766
0.470490 0.451812 0.255272
0.397744 0.352890 0.102719
0.399570 0.356134 0.103090
0.401809 0.359470 0.103455
0.405010 0.364985 0.104060
0.411514 0.377444 0.105454
0.426009 0.403506 0.108460
0.438406 0.426211 0.111480
0.446821 0.442297 0.114010
0.588972 0.612608 0.379643
0.600362 0.623326 0.399609
0.611991 0.634315 0.420814
0.641910 0.663282 0.478761
0.654972 0.675388 0.503205
0.662732 0.682508 0.517508
0.544445 0.572137 0.282463
0.547902 0.576356 0.287761
0.551627 0.581165 0.294034
0.559031 0.589532 0.305715
0.575388 0.608016 0.334395
0.583333 0.615625 0.347541
0.590362 0.622660 0.360243
0.566758 0.637841 0.190819
0.568931 0.641269 0.194584
0.572847 0.645450 0.199563
0.578539 0.652841 0.208664
0.589302 0.665304 0.225953
0.448491 0.392954 0.341579
0.454321 0.400410 0.351145
0.460759 0.408411 0.361905
0.466931 0.415683 0.372134
0.475157 0.425113 0.385938
0.488812 0.439982 0.408682
0.407168 0.397666 0.016059
0.415980 0.412651 0.015679
0.425495 0.429535 0.015372
0.444740 0.464730 0.015686
0.461552 0.495979 0.017419
0.577804 0.584536 0.405074
0.590059 0.596341 0.425289
0.606407 0.611769 0.451939
0.631559 0.636519 0.494550
0.690395 0.703431 0.607266
0.433595 0.399143 0.193113
0.438868 0.407812 0.196465
0.445869 0.419685 0.201346
0.472894 0.463514 0.223357
0.512378 0.521585 0.267650
0.298939 0.146516 0.128299
0.309647 0.167373 0.143835
0.321609 0.189933 0.159754
0.349679 0.241221 0.192270
0.382023 0.297703 0.224853
0.501773 0.552045 0.068973
0.503980 0.556187 0.070211
0.521284 0.585459 0.080945
0.543212 0.620374 0.099206
0.560142 0.645741 0.117230
0.309049 0.195494 0.031622
0.312167 0.201973 0.034591
0.324547 0.225953 0.044267
0.342385 0.258683 0.054048
0.365408 0.300850 0.061605
0.463180 0.467577 0.126786
0.467699 0.476101 0.128894
0.490288 0.513588 0.140656
0.511479 0.548802 0.156631
0.536194 0.586247 0.181176
0.385715 0.319984 0.144537
0.389350 0.326272 0.146083
0.402461 0.349836 0.151709
0.419891 0.380724 0.159145
0.429587 0.397250 0.163418
0.437877 0.411993 0.167541
0.403504 0.329058 0.274420
0.406567 0.333476 0.278145
0.415336 0.347029 0.289992
0.426084 0.362629 0.304958
0.440440 0.382808 0.326678
0.405124 0.374288 0.077166
0.436469 0.430062 0.080767
0.474133 0.497093 0.089801
0.491608 0.527259 0.097156
0.507974 0.555470 0.106787
0.325590 0.204598 0.128661
0.328023 0.209382 0.131238
0.337561 0.226745 0.140128
0.351203 0.251574 0.151477
0.358562 0.264421 0.156812
0.365401 0.276731 0.161646
0.311959 0.185792 0.086853
0.316418 0.194162 0.091401
0.333523 0.226627 0.106833
0.365668 0.285067 0.126812
0.380063 0.311408 0.133450
0.396437 0.341412 0.140044
0.458342 0.469884 0.080906
0.461276 0.475748 0.081739
0.473457 0.496150 0.085116
0.494784 0.534647 0.094492
0.501659 0.546827 0.098443
0.459022 0.468086 0.092671
0.462690 0.474212 0.093653
0.474718 0.497025 0.098076
0.494307 0.529409 0.106722
0.503749 0.544951 0.112180
0.509871 0.555646 0.116444
0.595239 0.693740 0.170964
0.599291 0.698855 0.178029
0.612695 0.715568 0.203899
0.624887 0.730458 0.231077
0.632828 0.737499 0.246501
0.641315 0.745645 0.265554
0.334022 0.211151 0.186232
0.354946 0.248352 0.210832
0.380485 0.292296 0.239369
0.391775 0.311034 0.252215
0.404046 0.331127 0.266991
0.538142 0.590410 0.178167
0.579450 0.645630 0.236972
0.617850 0.686675 0.308877
0.635704 0.703291 0.347682
0.652467 0.716739 0.384163
0.392172 0.351176 0.066381
0.421465 0.405783 0.068886
0.453849 0.465814 0.073439
0.473860 0.499196 0.078215
0.488066 0.523939 0.083518
0.480479 0.471970 0.245107
0.484371 0.477838 0.249423
0.493910 0.491668 0.260476
0.503289 0.504776 0.272202
0.509630 0.513435 0.280676
0.516138 0.522011 0.289696
0.286561 0.126088 0.092436
0.298614 0.150262 0.110195
0.311225 0.174542 0.126983
0.319191 0.189506 0.136647
0.325477 0.201233 0.143815
