-0.083978
-0.049353
-0.012038
0.121299
-0.230081
0.046139
-0.616817
0.338621
-0.194904
0.561511
-0.395829
-0.187002
-0.111763
-0.018428
0.078682
-0.200227
-0.056650
-0.193526
-0.284551
-0.072983
-0.530568
0.290258
-0.039573
-0.003567
-0.047128
0.153904
-0.083313
0.099628
0.068649
-0.008664
0.185965
0.058995
0.152118
-0.134757
0.430984
-0.087292
0.123692
-0.028919
-0.183989
-0.104499
-0.008802
-0.229599
-0.165826
-0.288212
0.036675
-0.143716
-0.315843
0.008104
0.491373
0.275747
-0.516989
-0.070072
0.262551
-0.225026
-0.053006
-0.131655
0.108370
0.051754
0.163784
0.388043
-0.549041
0.199961
-0.035345
-0.050504
0.140494
-0.126658
0.032284
-0.125221
-0.147329
0.031096
0.078120
-0.041309
0.113942
0.190875
-0.030622
-0.039553
-0.009403
0.329014
-0.077908
-0.279715
0.323584
0.019683
-0.019916
-0.112377
-0.271517
0.838801
1.071877
-1.087515
0.399881
0.040850
0.055337
0.202582
0.110108
0.090097
0.058929
-0.319073
-0.201160
0.070715
-0.007544
0.660517
0.074505
0.234462
-0.030265
-0.080034
-0.037666
0.197391
-0.235997
-0.054537
-0.021100
0.281762
-0.419874
0.190058
0.097595
-0.229544
-0.179514
0.447913
0.068117
0.840096
-0.104300
-0.031551
-0.125997
-0.024370
0.149564
-0.034397
-0.746812
-0.044542
0.015725
-0.096756
0.091995
-0.393184
0.166492
-0.469618
0.006626
0.483315
-0.237077
-0.245984
0.366278
0.247562
-0.058179
0.075684
-0.106561
0.013505
-0.449290
-0.064975
-0.095715
0.861416
0.117194
0.209218
0.164946
0.132757
0.351784
0.214388
-0.114767
-0.239031
-0.042034
-0.317295
0.066700
-0.063929
0.652986
-0.046363
0.034601
0.091788
-0.018930
0.114455
-0.057750
-0.050913
-0.221019
-0.249253
-0.614821
0.541470
0.869937
-0.139053
-0.077757
0.195415
-0.346711
-0.313588
-0.374391
0.839650
-0.345087
-0.285075
-0.462679
0.063887
-0.230586
-0.177761
-0.148258
0.510182
-0.291286
-0.029282
0.071892
0.165392
-0.097564
-0.094212
-0.176779
-0.446906
0.205086
-0.168598
0.119986
0.074427
-0.147258
-0.118496
-0.165030
-0.133262
-0.090896
0.154840
0.360988
0.040123
-0.002270
-0.511843
0.049837
0.387264
0.414825
-0.287905
-0.418351
-0.087167
-0.164757
0.109399
-0.324478
-0.086431
0.116334
-0.036232
-0.303417
0.261006
-0.902124
-0.676350
-0.033440
0.076519
0.297926
0.040418
0.355580
-0.011697
-0.164264
0.117561
-0.067778
0.285248
0.124613
-0.163711
-0.168425
0.129733
0.511657
0.068528
-0.213286
-0.047030
0.049740
-0.100419
-0.530614
0.041209
-0.116609
-0.093610
-0.225613
0.076490
0.232699
0.018902
-0.074339
-0.329809
0.095442
-0.061726
-0.071637
-0.234866
0.203697
0.036623
-0.147767
0.670538
0.763853
-0.235539
-0.206895
-0.166725
0.546033
-0.074587
-0.147894
-0.193499
0.733452
0.269399
-0.037255
-0.059883
-0.044145
0.193609
-0.235498
0.250666
-0.162758
0.123271
0.758114
-0.058332
-0.237393
-0.373934
-0.014947
-0.433168
-0.061289
-0.184213
-0.013892
0.067372
-0.030032
-0.098696
0.116249
0.218359
0.735580
-0.331833
-0.370193
-0.185615
0.393855
0.101027
0.048036
-0.416801
0.043938
-0.108737
0.156673
0.444313
-0.244954
0.673622
0.074349
0.332866
-0.479034
0.418450
0.208408
-0.090190
-0.081904
-0.171807
-0.024006
-0.469863
0.038150
-0.433929
0.102393
0.371758
0.185354
-0.372439
-0.001437
0.152153
-0.302667
-0.451385
-0.251173
-0.025915
0.180886
0.191855
-0.319492
0.171574
0.073129
-0.008186
-0.061907
-0.374347
0.084521
0.086415
-0.335231
-0.234583
-0.269004
-0.150695
0.278444
-0.245602
0.127216
0.041771
0.285788
-0.143259
0.333757
-0.056438
1.669214
0.559479
-0.106770
0.319741
0.091582
-0.277302
0.414887
0.037289
0.977917
-0.433413
0.053717
-0.156076
0.241437
-0.056931
0.187423
0.331482
0.211853
0.161511
0.182678
0.193843
-0.486937
-0.198271
-0.330188
-0.088438
-0.786047
0.685424
0.301007
0.143736
-0.219731
-0.162258
-0.159765
-0.057466
0.580762
1.227568
-0.188170
0.123387
0.376416
0.037273
1.107534
0.038158
-0.010947
-0.009249
0.406890
-0.409313
0.165150
0.227367
-0.226209
0.029649
-0.066598
0.019767
0.151456
-0.478138
-0.052696
-0.271000
-0.109147
-0.133974
-0.303747
0.079760
-0.540288
-0.061510
-0.098579
0.034741
-0.425886
-0.375996
-0.254698
-0.150229
0.077504
-0.346781
-0.076864
-0.172523
-0.357067
-0.328389
-0.420338
0.065593
-0.263049
-0.374643
-0.079649
-0.028534
