0.082989 -0.005583 -0.005220 0.092186 -0.022172 0.107029
0.072330 -0.027308 0.004792 0.047199 -0.009788 0.110426
0.072585 -0.031685 0.010243 0.015816 0.013371 0.108075
0.078769 -0.019111 0.005577 0.042861 0.015623 0.101591
0.076086 -0.017319 -0.004536 0.075886 -0.039089 0.096283
0.066713 -0.040491 0.017367 0.001174 0.014126 0.090643
0.073487 -0.033184 0.017605 0.000221 0.034475 0.086985
0.075888 -0.027459 0.010558 0.011756 0.044536 0.080265
0.083087 -0.010901 0.007910 0.059769 0.034869 0.093162
0.081562 -0.010163 0.000034 0.076478 -0.008974 0.093864
0.068323 -0.030333 0.005529 0.017574 0.019343 0.083972
0.072798 -0.029578 0.009398 0.010281 0.042054 0.075888
0.080315 -0.021772 0.010071 0.030346 0.051539 0.070660
0.084730 -0.008728 0.008112 0.060072 0.044865 0.084394
0.086877 -0.000607 0.000659 0.094691 0.000645 0.103046
0.084277 -0.005030 0.001434 0.084361 0.006099 0.101962
0.083746 -0.008909 0.005584 0.070658 0.021342 0.096903
0.085787 -0.006548 0.006400 0.070588 0.031253 0.090794
0.086372 -0.002726 0.003206 0.079798 0.023778 0.094357
0.087020 0.000005 0.000022 0.096479 0.000033 0.103884
0.087016 -0.000011 0.000001 0.096402 0.000086 0.103887
0.087022 -0.000125 0.000169 0.095910 0.000729 0.103621
0.086153 -0.000762 -0.003246 0.097898 -0.010893 0.094929
0.076561 -0.015153 -0.001219 0.069283 -0.002952 0.092059
0.076548 -0.019702 0.004984 0.048063 0.016104 0.096470
0.083186 -0.009212 0.004293 0.070985 0.013865 0.099705
0.092293 0.001541 0.007730 0.088044 -0.003910 0.064624
0.063848 -0.030636 -0.004001 0.019956 0.004572 0.055806
0.071225 -0.029922 0.002220 0.017190 0.037514 0.064469
0.083779 -0.019302 0.015374 0.042759 0.056590 0.073062
0.086187 -0.006340 0.007326 0.073231 0.031600 0.090829
0.109551 0.017043 0.029272 0.092293 0.023429 0.072170
0.088346 -0.012299 -0.012817 0.058916 0.004681 0.086915
0.093674 -0.022479 0.012261 0.039319 0.051575 0.068842
0.100912 -0.006854 0.021855 0.067382 0.070020 0.058050
0.087229 -0.002757 0.004627 0.069550 0.049093 0.070265
0.091203 0.003289 0.006759 0.096467 0.011696 0.098625
0.099468 0.017206 -0.014702 0.118710 -0.016496 0.114962
0.104322 0.009726 0.003805 0.091725 0.016325 0.095669
0.090769 0.002962 0.006120 0.075404 0.047510 0.073166
0.082043 0.002860 -0.005584 0.078768 0.039334 0.073151
0.087055 0.000026 0.000251 0.096384 0.000670 0.103660
0.087465 0.000883 -0.000843 0.097981 -0.001111 0.104277
0.088060 0.001063 -0.000259 0.096427 0.000464 0.102921
0.086103 0.001174 -0.001100 0.092484 0.008054 0.098885
0.084641 0.001722 -0.003504 0.093820 0.009396 0.096010
0.088323 0.001018 0.000886 0.096848 0.001429 0.096779
0.086837 0.000054 -0.001799 0.095648 -0.001936 0.099571
0.086527 -0.001042 -0.000539 0.093624 0.001028 0.102767
0.086953 -0.000670 0.000793 0.094561 0.002182 0.103243
0.105640 0.011737 0.024793 0.092003 0.027703 0.062274
0.117603 0.037234 -0.020724 0.139452 -0.023665 0.099839
0.113044 0.024952 -0.024534 0.125414 -0.036171 0.117857
0.093594 0.000509 0.010436 0.087440 0.024977 0.096730
0.086944 -0.000819 0.001648 0.089994 0.012180 0.098060
0.106987 0.008521 0.039888 0.082838 0.050526 0.046084
0.251386 0.169534 -0.159627 0.307404 -0.193679 0.178237
0.378308 0.285277 -0.233612 0.385794 -0.380387 0.185750
0.110173 0.022188 0.015687 0.081437 0.055000 0.070570
0.079368 0.004671 -0.010007 0.081841 0.037202 0.068107
0.078793 -0.013347 0.016114 0.074035 0.045984 0.066322
0.075923 -0.001582 -0.017890 0.114966 0.002406 0.106493
0.123558 0.041258 -0.022781 0.129782 -0.028327 0.102545
0.081671 0.013986 -0.015242 0.069404 0.038640 0.057287
0.070025 0.009924 -0.023534 0.095260 0.035377 0.048987
0.084202 -0.004002 0.003829 0.089910 0.009313 0.099270
0.083093 -0.003146 0.001288 0.095136 0.004814 0.102397
0.085976 0.000672 -0.002026 0.095207 -0.000008 0.101408
0.080664 0.003680 -0.009732 0.087650 0.011402 0.086268
0.078125 0.006029 -0.013963 0.103206 0.014186 0.076790
0.087066 -0.000184 0.000582 0.095557 0.002090 0.101555
0.087125 0.000218 -0.000181 0.096616 0.000114 0.103535
0.087205 0.000351 -0.000342 0.097071 -0.000546 0.104286
0.087083 0.000057 0.000048 0.096518 0.000067 0.103940
0.082209 -0.010108 0.011453 0.073768 0.033130 0.071501
0.080281 -0.006383 0.002883 0.086540 0.019583 0.097878
0.089245 0.005246 -0.004719 0.104080 -0.005624 0.112639
0.088534 0.001617 0.001068 0.094767 0.004134 0.103563
0.086705 0.000258 -0.000487 0.095533 0.002017 0.102311
0.066476 -0.030606 0.006387 0.051718 0.041791 0.034543
0.053153 -0.036451 -0.002476 0.067969 0.068758 0.061038
0.069398 -0.011242 0.001910 0.077373 0.039595 0.110833
0.084115 0.004442 -0.004734 0.071072 0.025827 0.083964
0.080729 0.003385 -0.010581 0.092080 0.011778 0.081926
0.067598 -0.033681 0.009677 0.053211 0.047464 0.041664
0.059257 -0.040050 0.004370 0.066518 0.071293 0.058344
0.058965 -0.022741 0.006576 0.062764 0.059947 0.095819
0.070572 -0.002837 -0.020747 0.050347 0.017660 0.063235
0.073482 0.008324 -0.023034 0.113969 0.003369 0.055611
0.075392 -0.017699 0.013549 0.069703 0.029109 0.089286
0.071518 -0.021808 0.014282 0.069827 0.030142 0.094757
0.076909 -0.011318 0.005330 0.080196 0.013796 0.104632
0.079352 -0.002211 -0.010636 0.081416 0.000313 0.084969
0.079851 0.003600 -0.013540 0.122781 -0.007631 0.076283
0.086914 -0.000142 0.000109 0.096226 0.000284 0.103781
0.081396 -0.009273 0.008085 0.078583 0.020839 0.093050
0.080950 -0.008995 0.006404 0.080876 0.015020 0.098597
0.085029 -0.002702 0.001904 0.091544 0.004948 0.103467
0.086879 -0.000182 0.000268 0.095466 0.001022 0.103883
0.086976 -0.000001 -0.000046 0.096423 0.000032 0.103801
0.071870 -0.029453 0.015924 0.049884 0.048479 0.057678
0.069860 -0.032646 0.017846 0.045445 0.054414 0.069636
0.072619 -0.020921 0.015577 0.058541 0.042394 0.098848
0.084582 -0.003505 0.002964 0.082826 0.009614 0.104849
0.086305 -0.000503 -0.001055 0.097780 -0.003053 0.102711
0.074971 -0.035748 0.017854 0.048335 0.051598 0.056825
0.078181 -0.042549 0.020438 0.045062 0.060424 0.063828
0.072240 -0.028804 0.024524 0.049020 0.059865 0.102616
0.082037 -0.009899 0.006377 0.071002 0.005660 0.112071
0.084793 -0.002883 -0.003850 0.117080 -0.025945 0.101929
0.074623 -0.021781 0.015499 0.064355 0.031868 0.091932
0.072072 -0.028928 0.017972 0.057509 0.033762 0.093487
0.077016 -0.017592 0.012471 0.073965 0.017017 0.106836
0.085030 -0.005748 0.002079 0.091203 -0.008480 0.109883
0.085690 -0.002207 -0.002631 0.116863 -0.022807 0.104329
