-0.386254
-0.370245
-0.658617
-0.302320
0.129396
0.066683
-0.111495
-0.652579
-0.434002
0.383395
-0.304879
0.869635
-0.377778
0.171770
-0.172871
-0.249757
0.462683
-0.194505
-0.153662
-0.172273
0.168171
0.257376
0.100956
0.834994
-0.401389
-0.576413
-0.569211
0.128208
-0.366238
-0.648177
-0.558855
-0.300891
-0.411872
0.440125
0.149982
0.453209
-0.222551
1.338752
-0.379543
-0.190386
-0.284900
-0.547807
-0.259582
-0.015920
1.293883
-0.129737
-0.182049
-0.400430
0.720697
-0.085490
-0.029041
-0.323708
-0.310235
0.076377
-0.144896
0.086725
-0.419536
-0.145497
0.501756
-0.032873
-0.113730
0.044948
0.433652
1.469681
-0.097102
-0.191644
-0.314314
-0.028058
0.289195
-0.346786
0.071712
-0.086976
-0.061882
-0.129983
-0.473401
0.344972
0.641266
0.020465
-0.601012
-0.479352
-0.115398
0.047398
0.520147
-0.329085
-0.265344
-0.019122
0.223124
0.225636
0.776984
-0.350412
-0.190451
-0.501602
0.405671
0.787016
-0.187852
-0.572738
-0.307206
-0.471854
0.265933
0.619095
-0.174101
-0.062920
-0.338602
0.183482
0.169491
-0.120541
-0.234576
1.492890
-0.277945
-0.301568
-0.458966
0.262330
0.491019
-0.060351
0.963449
-0.593289
-0.054218
-0.299823
-0.393150
0.174751
0.038579
-0.507633
0.476925
0.258813
-0.264442
-0.217407
-0.419885
-0.453543
-0.046186
-0.366098
-0.497312
0.077612
0.248501
-0.425870
0.888046
-0.022421
0.267132
-0.251059
-0.458704
-0.056111
-0.121747
-0.194680
-0.157184
0.249648
-0.003817
-0.183359
-0.027928
0.082107
-0.240604
0.224843
-0.348212
-0.383171
-0.026581
0.108380
-0.262522
-0.291222
1.167775
-0.537868
0.275995
-0.171672
0.240329
0.131544
0.097454
-0.360999
-0.247521
-0.272241
0.299296
-0.371333
-0.144218
-0.562536
0.555714
1.076048
0.626410
-0.243171
0.091029
-0.403198
0.161143
-0.319291
-0.320275
-0.399744
0.346963
-0.077482
0.122264
-0.160905
1.500450
0.226621
-0.273945
-0.289330
-0.144281
0.508962
-0.530588
0.033814
-0.193343
1.041252
-0.335217
0.627055
0.925500
-0.450080
-0.296789
-0.134368
0.192934
0.873506
0.000641
-0.026784
0.267476
0.114362
0.427557
-0.502607
-0.273741
-0.265365
0.782246
-0.438410
0.150364
1.018467
-0.067660
-0.180763
-0.501614
-0.260285
-0.399889
-0.360405
-0.381706
0.843793
0.159915
-0.292004
0.252654
-0.341263
-0.219973
-0.034548
0.514332
0.267073
-0.409949
-0.421243
-0.278808
-0.381791
-0.562418
0.028990
1.252801
-0.227640
-0.616156
0.202386
-0.276252
0.363502
0.043306
-0.029206
0.019772
0.230432
-0.074897
-0.274742
-0.223223
-0.249499
-0.365654
-0.137817
-0.364887
-0.262722
-0.134754
0.034747
0.237497
0.362419
1.498046
0.552923
0.072900
-0.142246
0.194010
-0.509019
0.152799
1.405661
-0.167849
-0.360324
-0.128205
-0.268556
0.786666
-0.037979
-0.010400
0.033522
-0.514303
-0.298457
-0.190319
-0.957617
-0.145143
-0.285753
0.477901
0.210326
0.301501
-0.484574
0.034218
-0.691077
-0.181611
0.339666
-0.525620
-0.087750
-0.337685
-0.426305
0.460708
-0.338962
0.118710
0.007026
-0.030005
-0.327318
0.049410
0.845648
-0.036794
-0.262654
-0.213426
0.076914
0.428705
0.431659
-0.393760
0.681991
0.420436
0.199915
-0.404805
0.708612
-0.411280
-0.531320
0.396456
-0.138233
-0.164774
-0.258196
0.052885
0.046263
0.141889
0.920332
-0.042900
0.251187
-0.227393
-0.175075
-0.392850
-0.231578
0.061402
0.692898
0.113562
-0.585601
-0.547111
-0.711820
0.242339
-0.114855
0.014965
-0.001363
0.040350
0.038614
0.240534
-0.289510
0.319970
0.029595
-0.324119
0.008518
-0.099834
-0.172141
-0.452015
-0.133907
-0.390223
0.245088
-0.074901
1.477295
-0.409726
0.725987
0.362625
-0.661650
0.049060
0.142441
0.059240
-0.499836
1.446417
0.456521
0.120275
-0.478732
0.158782
0.574449
0.617434
-0.215434
1.035692
-0.460901
-0.288767
-0.915204
0.123113
-0.536299
-0.408437
0.192450
0.987685
0.430232
0.317760
0.079080
-0.227807
0.683282
0.453711
0.429736
0.008028
0.347837
1.345589
-0.627462
0.004492
0.079802
0.377826
0.687553
0.074409
-0.173983
-0.177341
-0.373575
1.452788
-0.472813
-0.089860
0.377325
-0.202034
-0.597856
-0.168492
-0.557356
0.067190
-0.399701
-0.712377
-0.470331
-0.487128
0.891497
0.036638
0.687544
-0.426340
0.107511
-0.089616
-0.280558
-0.499858
0.201603
-0.200666
0.422350
-0.648855
-0.527638
-0.335623
0.344374
0.563532
0.178008
-0.565803
0.105819
