0.265731 0.092040 0.017258
0.267348 0.095563 0.019708
0.268849 0.099646 0.022507
0.270519 0.103214 0.024996
0.272387 0.107285 0.027857
0.273955 0.110957 0.030381
0.275691 0.115040 0.033204
0.277319 0.118770 0.035758
0.279244 0.122914 0.038630
0.280813 0.126697 0.041175
0.282936 0.130850 0.044049
0.284719 0.134690 0.046628
0.286855 0.138924 0.049499
0.288594 0.142844 0.052062
0.290895 0.147111 0.054912
0.292712 0.151175 0.057506
0.295087 0.155512 0.060323
0.297080 0.159687 0.062925
0.299401 0.164144 0.065699
0.301661 0.168448 0.068314
0.304000 0.172970 0.071007
0.306392 0.177419 0.073600
0.308671 0.182087 0.076229
0.311349 0.186649 0.078782
0.313717 0.191436 0.081333
0.316370 0.196152 0.083801
0.318770 0.201080 0.086261
0.321582 0.206038 0.088697
0.324204 0.211090 0.091063
0.327055 0.216254 0.093412
0.329773 0.221529 0.095698
0.332754 0.226869 0.097937
0.335680 0.232312 0.100112
0.338706 0.237865 0.102237
0.341905 0.243535 0.104319
0.344989 0.249229 0.106287
0.348221 0.255053 0.108213
0.351460 0.261140 0.110136
0.354900 0.267176 0.111939
0.358285 0.273497 0.113740
0.361828 0.279826 0.115444
0.365297 0.286355 0.117113
0.369054 0.292836 0.118679
0.372629 0.299781 0.120302
0.376525 0.306589 0.121796
0.380103 0.313778 0.123322
0.384177 0.320903 0.124761
0.387899 0.328246 0.126189
0.392204 0.335676 0.127598
0.396053 0.343226 0.128980
0.400611 0.350633 0.130291
0.404602 0.358500 0.131702
0.409293 0.366229 0.133066
0.413421 0.374322 0.134528
0.418118 0.382190 0.135939
0.422442 0.390547 0.137522
0.427133 0.398423 0.138997
0.431518 0.407005 0.140756
0.436566 0.414933 0.142382
0.440748 0.423526 0.144308
0.446144 0.431441 0.146134
0.450345 0.440014 0.148285
0.455690 0.447960 0.150386
0.459700 0.456447 0.152803
0.465135 0.464361 0.155226
0.469310 0.472685 0.157955
0.474595 0.480333 0.160652
0.478636 0.488631 0.163798
0.484149 0.496186 0.166922
0.488135 0.504220 0.170405
0.493214 0.511531 0.173906
0.497558 0.519144 0.177760
0.502564 0.526455 0.181788
0.506738 0.533595 0.185926
0.511651 0.540446 0.190252
0.515912 0.547509 0.194927
0.520491 0.554039 0.199640
0.525000 0.560550 0.204614
0.529402 0.566778 0.209673
0.533773 0.573062 0.215092
0.538025 0.579088 0.220601
0.542304 0.585029 0.226334
0.546500 0.590633 0.232127
0.550624 0.596409 0.238357
0.555171 0.601827 0.244643
0.559364 0.607051 0.250984
0.563513 0.612293 0.257655
0.567565 0.617178 0.264243
0.571631 0.622138 0.271167
0.575767 0.626710 0.277986
0.579646 0.631567 0.285361
0.583777 0.635900 0.292402
0.587502 0.640407 0.299888
0.591593 0.644613 0.307289
0.595861 0.648518 0.314513
0.599847 0.652454 0.321962
0.603994 0.656212 0.329401
0.607892 0.660093 0.337191
0.612015 0.663643 0.344703
0.615769 0.667399 0.352662
0.619591 0.671000 0.360605
0.623510 0.674457 0.368428
0.627388 0.677690 0.375971
0.631147 0.680968 0.383730
0.634975 0.684107 0.391351
0.638716 0.687389 0.399419
0.642099 0.690522 0.407175
0.646087 0.693547 0.414966
0.649141 0.696385 0.422179
0.652901 0.699398 0.430092
0.655233 0.702349 0.437660
0.659100 0.705191 0.445309
0.661130 0.708077 0.452867
0.665225 0.710718 0.460148
0.666642 0.713732 0.468145
0.671484 0.716284 0.475392
0.672232 0.719444 0.483837
0.677742 0.721725 0.490402
0.677949 0.724820 0.498709
0.682751 0.727270 0.505552
0.683057 0.730273 0.513800
0.688197 0.732217 0.519417
0.687976 0.735544 0.528498
0.693346 0.737225 0.533431
0.692515 0.740870 0.543312
0.698046 0.742509 0.547988
0.696752 0.746360 0.558536
0.702423 0.747779 0.562403
0.700527 0.751796 0.573495
0.706343 0.753013 0.576565
0.704562 0.757117 0.587764
0.710123 0.758022 0.590013
0.707749 0.762393 0.601816
0.713486 0.763434 0.604090
0.710658 0.767704 0.615675
0.716368 0.768700 0.617606
0.714624 0.773588 0.630336
0.720055 0.773914 0.630614
0.717260 0.779051 0.643772
0.722366 0.779598 0.644304
0.720260 0.784624 0.656801
0.725041 0.785187 0.657324
0.723661 0.790224 0.669112
0.727519 0.791286 0.670810
0.725658 0.795740 0.681205
0.729845 0.796789 0.682670
0.728265 0.801329 0.692689
0.732513 0.802904 0.695067
0.730766 0.807206 0.704312
0.735148 0.809156 0.707144
0.733783 0.813303 0.715627
0.737866 0.815451 0.718884
0.736339 0.819719 0.727310
0.740734 0.822091 0.730564
0.739372 0.826334 0.738528
0.743044 0.828663 0.741765
0.741653 0.832954 0.749676
0.745737 0.835503 0.752920
0.744797 0.839849 0.760343
0.748158 0.842534 0.763857
0.747395 0.846827 0.771024
0.750043 0.849610 0.774770
0.749655 0.853410 0.780910
0.751934 0.856568 0.785216
0.752276 0.860445 0.791082
0.753681 0.863961 0.796064
0.754915 0.867819 0.801471
0.756435 0.871165 0.805979
0.758142 0.874725 0.810724
0.759176 0.878523 0.816005
0.761368 0.881935 0.820302
0.761901 0.885930 0.825958
0.764535 0.889120 0.829764
0.764250 0.893376 0.836050
0.767508 0.896483 0.839463
0.766927 0.900806 0.845880
0.770754 0.904022 0.849170
0.769637 0.908137 0.855476
0.773992 0.911369 0.858600
0.772294 0.915504 0.865184
0.777160 0.918696 0.868089
0.774967 0.923398 0.875590
0.780357 0.926186 0.877743
0.777606 0.930721 0.885293
0.783533 0.933504 0.887238
0.780657 0.937912 0.894647
0.786813 0.940015 0.895775
0.783254 0.944482 0.903497
0.789897 0.946892 0.904907
0.785987 0.951733 0.913285
0.792990 0.953747 0.914092
0.789064 0.959013 0.923032
0.796087 0.960769 0.923521
0.791696 0.965516 0.932046
0.799072 0.967364 0.932620
0.794188 0.972415 0.941847
0.801958 0.974073 0.941960
0.796649 0.979149 0.951589
0.804868 0.980357 0.950897
0.799699 0.985919 0.961190
