0.679598
0.690565
0.517567
0.739102
1.138141
1.068956
0.894496
0.520701
0.647911
1.467257
0.737213
2.386039
0.685382
1.187405
0.841246
0.778990
1.588330
0.823242
0.857562
0.841749
1.183139
1.293532
1.106228
2.304801
0.669390
0.561910
0.565972
1.136790
0.693338
0.522998
0.571863
0.740158
0.662409
1.552901
1.161813
1.573353
0.800475
3.814279
0.684174
0.826640
0.752090
0.578216
0.771374
0.984206
3.646919
0.878327
0.833561
0.670032
2.055866
0.918062
0.971376
0.723462
0.733275
1.079370
0.865113
1.090597
0.657352
0.864592
1.651619
0.967661
0.892499
1.045973
1.542882
4.347848
0.907463
0.825601
0.730289
0.972332
1.335352
0.706957
1.074346
0.916699
0.939994
0.878110
0.622880
1.411951
1.898883
1.020676
0.548256
0.619184
0.891012
1.048539
1.682275
0.719582
0.766942
0.981060
1.249975
1.253119
2.174902
0.704398
0.826586
0.605560
1.500309
2.196831
0.828737
0.563979
0.735499
0.623844
1.304647
1.857247
0.840212
0.939018
0.712766
1.201394
1.184702
0.886441
0.790906
4.449938
0.757338
0.739658
0.631937
1.299955
1.633980
0.941434
2.620721
0.552507
0.947226
0.740949
0.674928
1.190950
1.039333
0.601918
1.611112
1.295392
0.767634
0.804602
0.657122
0.635373
0.954864
0.693434
0.608163
1.080703
1.282102
0.653201
2.430376
0.977829
1.306213
0.777977
0.632103
0.945435
0.885373
0.823098
0.854547
1.283573
0.996190
0.832469
0.972458
1.085572
0.786153
1.252126
0.705949
0.681697
0.973769
1.114472
0.769110
0.747350
3.214832
0.583992
1.317841
0.842256
1.271667
1.140588
1.102361
0.696980
0.780734
0.761671
1.348908
0.689814
0.865699
0.569762
1.743185
2.933066
1.870882
0.784138
1.095301
0.668180
1.174853
0.726664
0.725949
0.670492
1.414764
0.925444
1.130052
0.851373
4.483705
1.254355
0.760374
0.748765
0.865645
1.663564
0.588259
1.034392
0.824199
2.832762
0.715183
1.872090
2.523129
0.637577
0.743201
0.874269
1.212802
2.395293
1.000641
0.973571
1.306662
1.121158
1.533507
0.604951
0.760529
0.766926
2.186378
0.645061
1.162257
2.768946
0.934578
0.834633
0.605553
0.770832
0.670394
0.697394
0.682696
2.325170
1.173411
0.746765
1.287438
0.710872
0.802541
0.966042
1.672521
1.306136
0.663684
0.656231
0.756685
0.682637
0.569829
1.029414
3.500134
0.796411
0.540016
1.224321
0.758622
1.438358
1.044258
0.971217
1.019969
1.259144
0.927839
0.759768
0.799937
0.779191
0.693743
0.871258
0.694275
0.768956
0.873931
1.035358
1.268071
1.436801
4.472942
1.738326
1.075623
0.867408
1.214108
0.601085
1.165091
4.078223
0.845482
0.697450
0.879673
0.764483
2.196062
0.962733
0.989654
1.034090
0.597917
0.741962
0.826695
0.383806
0.864899
0.751448
1.612686
1.234080
1.351886
0.615960
1.034811
0.501036
0.833926
1.404478
0.591189
0.915990
0.713420
0.652917
1.585195
0.712509
1.126044
1.007051
0.970441
0.720855
1.050651
2.329488
0.963875
0.769008
0.807812
1.079949
1.535269
1.539810
0.674516
1.977811
1.522626
1.221298
0.667107
2.031170
0.662801
0.587829
1.486547
0.870896
0.848085
0.772443
1.054309
1.047349
1.152449
2.510124
0.958007
1.285551
0.796607
0.839394
0.675130
0.793280
1.063326
1.999502
1.120262
0.556771
0.578619
0.490750
1.274226
0.891496
1.015077
0.998638
1.041175
1.039369
1.271928
0.748630
1.377086
1.030037
0.723164
1.008554
0.904987
0.841861
0.636344
0.874672
0.676906
1.277734
0.927835
4.381080
0.663832
2.066770
1.437097
0.515999
1.050284
1.153085
1.061030
0.606630
4.247869
1.578573
1.127807
0.619568
1.172082
1.776152
1.854165
0.806192
2.817054
0.630715
0.749187
0.400435
1.131012
0.584909
0.664688
1.212216
2.685011
1.537614
1.374046
1.082291
0.796278
1.980367
1.574143
1.536851
1.008060
1.416002
3.840446
0.533945
1.004502
1.083072
1.459109
1.988842
1.077248
0.840311
0.837494
0.688270
4.275018
0.623246
0.914060
1.458378
0.817067
0.549990
0.844938
0.572722
1.069499
0.670520
0.490477
0.624795
0.614389
2.438777
1.037318
1.988825
0.652894
1.113504
0.914282
0.755362
0.606617
1.223363
0.818186
1.525542
0.522644
0.589997
0.714892
1.411106
1.756867
1.194835
0.567904
1.111621
