6.303575134277343750e+01
6.420827484130859375e+01
6.535284423828125000e+01
6.653935241699218750e+01
6.892048645019531250e+01
7.134936523437500000e+01
6.526618194580078125e+01
6.606725311279296875e+01
6.842185211181640625e+01
6.931219482421875000e+01
7.002638244628906250e+01
7.942124938964843750e+01
8.054340362548828125e+01
8.168716430664062500e+01
8.225563812255859375e+01
8.282353210449218750e+01
8.273432922363281250e+01
8.504831695556640625e+01
8.580931091308593750e+01
8.681130981445312500e+01
8.803730010986328125e+01
6.756191253662109375e+01
6.852825164794921875e+01
6.958012390136718750e+01
7.059820556640625000e+01
7.174618530273437500e+01
7.389746856689453125e+01
7.620504760742187500e+01
6.808368682861328125e+01
7.090400695800781250e+01
7.348418426513671875e+01
7.497532653808593750e+01
7.637431335449218750e+01
8.316175079345703125e+01
8.414826202392578125e+01
8.509788513183593750e+01
8.787003326416015625e+01
8.885072326660156250e+01
8.978382873535156250e+01
8.450876617431640625e+01
8.610246276855468750e+01
8.771868133544921875e+01
8.928665924072265625e+01
9.097685241699218750e+01
6.980411529541015625e+01
7.055405426025390625e+01
7.134926605224609375e+01
7.210147857666015625e+01
7.382241821289062500e+01
7.461309814453125000e+01
7.537738037109375000e+01
8.278850555419921875e+01
8.432702636718750000e+01
8.573648071289062500e+01
8.730467224121093750e+01
8.890105438232421875e+01
7.009230804443359375e+01
7.117636871337890625e+01
7.210895538330078125e+01
7.317420196533203125e+01
7.508294677734375000e+01
7.712929534912109375e+01
7.564893341064453125e+01
7.722004699707031250e+01
7.886885070800781250e+01
8.044948577880859375e+01
8.241536712646484375e+01
8.524053955078125000e+01
8.679104614257812500e+01
8.840973663330078125e+01
6.757338714599609375e+01
6.852959442138671875e+01
6.966198730468750000e+01
7.087782287597656250e+01
7.217247772216796875e+01
7.432713317871093750e+01
5.997994995117187500e+01
6.036730957031250000e+01
6.064585876464843750e+01
6.173480987548828125e+01
6.263313293457031250e+01
6.346791076660156250e+01
6.520710754394531250e+01
6.702115631103515625e+01
6.785767364501953125e+01
6.131243896484375000e+01
6.174780654907226562e+01
6.224381637573242188e+01
6.316252899169921875e+01
6.408213806152343750e+01
6.588153839111328125e+01
7.000163269042968750e+01
7.062538909912109375e+01
7.110029602050781250e+01
7.223913574218750000e+01
7.348427581787109375e+01
7.988842010498046875e+01
6.369832611083984375e+01
6.419603729248046875e+01
6.458210754394531250e+01
6.554347229003906250e+01
6.650483703613281250e+01
7.723254394531250000e+01
7.758177947998046875e+01
7.793582153320312500e+01
7.874909210205078125e+01
7.954871368408203125e+01
6.019306564331054688e+01
6.064495086669921875e+01
6.138814926147460938e+01
6.231251525878906250e+01
6.337481689453125000e+01
6.446594238281250000e+01
6.967655944824218750e+01
8.149726867675781250e+01
8.172322082519531250e+01
8.196718597412109375e+01
8.245072937011718750e+01
8.293622589111328125e+01
8.344703674316406250e+01
7.944242095947265625e+01
7.995959472656250000e+01
8.072980499267578125e+01
8.192584991455078125e+01
8.322680664062500000e+01
8.440927124023437500e+01
7.527444458007812500e+01
7.604053497314453125e+01
7.697126007080078125e+01
7.864623260498046875e+01
8.035311889648437500e+01
7.225437164306640625e+01
7.291379547119140625e+01
7.356750488281250000e+01
7.653277587890625000e+01
7.793460083007812500e+01
7.761253356933593750e+01
7.849453735351562500e+01
7.942433166503906250e+01
8.125081634521484375e+01
8.309201049804687500e+01
8.512064361572265625e+01
7.013141632080078125e+01
7.103706359863281250e+01
7.203050231933593750e+01
7.282238769531250000e+01
7.466414642333984375e+01
7.031772613525390625e+01
7.048657989501953125e+01
7.067877960205078125e+01
7.099666595458984375e+01
7.128736877441406250e+01
7.161740875244140625e+01
7.208145141601562500e+01
7.224263000488281250e+01
7.384155273437500000e+01
7.398880004882812500e+01
7.415776062011718750e+01
7.445919036865234375e+01
7.479270935058593750e+01
7.511898803710937500e+01
8.476506042480468750e+01
8.523558807373046875e+01
8.564620971679687500e+01
8.653083801269531250e+01
8.741458892822265625e+01
9.086886596679687500e+01
7.737218475341796875e+01
7.786874389648437500e+01
7.837039947509765625e+01
7.938391113281250000e+01
8.040047454833984375e+01
8.141603088378906250e+01
6.949991607666015625e+01
6.964826202392578125e+01
6.981888580322265625e+01
7.012830352783203125e+01
7.045777893066406250e+01
7.078120422363281250e+01
7.140959167480468750e+01
7.327802276611328125e+01
7.374765777587890625e+01
7.432224273681640625e+01
7.537789154052734375e+01
7.643355560302734375e+01
7.746530151367187500e+01
7.730251312255859375e+01
7.765438842773437500e+01
7.813957214355468750e+01
7.901038360595703125e+01
8.070644378662109375e+01
7.912565612792968750e+01
7.957409667968750000e+01
8.021596527099609375e+01
8.127169036865234375e+01
8.236631774902343750e+01
8.343177032470703125e+01
8.580364227294921875e+01
8.471717834472656250e+01
8.526898193359375000e+01
8.584028625488281250e+01
8.694045257568359375e+01
8.810256195068359375e+01
8.935873413085937500e+01
7.022543334960937500e+01
7.071370697021484375e+01
7.117652893066406250e+01
7.186551666259765625e+01
7.330940246582031250e+01
7.625408172607421875e+01
6.257125091552734375e+01
6.304291534423828125e+01
6.356386184692382812e+01
6.454339599609375000e+01
6.557924652099609375e+01
6.665532684326171875e+01
8.054673767089843750e+01
8.068051910400390625e+01
8.085398864746093750e+01
8.115942382812500000e+01
8.145975494384765625e+01
8.176428985595703125e+01
8.090719604492187500e+01
8.144985198974609375e+01
8.194010162353515625e+01
8.268562316894531250e+01
8.442517089843750000e+01
8.605482482910156250e+01
8.939191436767578125e+01
7.702198028564453125e+01
7.717097473144531250e+01
7.735222625732421875e+01
7.768408203125000000e+01
7.798884582519531250e+01
7.830909729003906250e+01
7.382043457031250000e+01
7.443158721923828125e+01
7.502342224121093750e+01
7.622640228271484375e+01
7.744026184082031250e+01
7.986796569824218750e+01
8.183187103271484375e+01
7.020224761962890625e+01
7.078240966796875000e+01
7.130282592773437500e+01
7.238819122314453125e+01
7.349202728271484375e+01
7.465779113769531250e+01
7.809098815917968750e+01
7.944688415527343750e+01
6.453031921386718750e+01
6.506453704833984375e+01
6.553775024414062500e+01
6.653731536865234375e+01
6.755852508544921875e+01
6.848233795166015625e+01
7.217266082763671875e+01
7.326863861083984375e+01
7.975251770019531250e+01
8.011084747314453125e+01
8.060417938232421875e+01
8.143916320800781250e+01
8.227165222167968750e+01
8.353865051269531250e+01
8.501221466064453125e+01
8.629877471923828125e+01
8.763669586181640625e+01
8.900227355957031250e+01
9.369686126708984375e+01
8.447037506103515625e+01
8.540880584716796875e+01
8.662735748291015625e+01
8.823305511474609375e+01
8.995292663574218750e+01
9.175487518310546875e+01
9.726062011718750000e+01
9.920528411865234375e+01
6.960484313964843750e+01
6.975584411621093750e+01
6.991690826416015625e+01
7.022962951660156250e+01
7.055598449707031250e+01
7.085214233398437500e+01
7.147432708740234375e+01
7.182925415039062500e+01
7.672289276123046875e+01
7.688009643554687500e+01
7.706162261962890625e+01
7.744133758544921875e+01
7.772275543212890625e+01
6.926033020019531250e+01
6.957098388671875000e+01
7.019524383544921875e+01
7.096006011962890625e+01
7.259616088867187500e+01
7.395713043212890625e+01
8.599052429199218750e+01
8.658580017089843750e+01
8.739472961425781250e+01
8.873712158203125000e+01
9.004322814941406250e+01
9.143398284912109375e+01
9.529319000244140625e+01
9.640444946289062500e+01
9.781671905517578125e+01
6.630960083007812500e+01
6.664018249511718750e+01
6.709069061279296875e+01
6.787715911865234375e+01
6.862288665771484375e+01
6.953850555419921875e+01
7.519480133056640625e+01
7.554112243652343750e+01
7.597858428955078125e+01
7.685221099853515625e+01
7.821018981933593750e+01
7.920880126953125000e+01
8.181797027587890625e+01
7.153630065917968750e+01
7.192126464843750000e+01
7.241938018798828125e+01
7.306236267089843750e+01
7.554049682617187500e+01
6.878688049316406250e+01
6.931092834472656250e+01
7.013122558593750000e+01
7.125956726074218750e+01
7.242922973632812500e+01
7.360597229003906250e+01
7.478506469726562500e+01
7.688832855224609375e+01
7.799070739746093750e+01
7.917688751220703125e+01
6.200969696044921875e+01
6.246100234985351562e+01
6.290906524658203125e+01
6.331013488769531250e+01
6.438613891601562500e+01
6.626994323730468750e+01
7.552050781250000000e+01
7.614789581298828125e+01
7.664109802246093750e+01
7.790410614013671875e+01
7.907177734375000000e+01
8.023827362060546875e+01
8.141064453125000000e+01
6.396531295776367188e+01
6.468862915039062500e+01
6.514775085449218750e+01
6.934326934814453125e+01
7.198997497558593750e+01
7.441944885253906250e+01
6.432785034179687500e+01
6.450983428955078125e+01
6.469075775146484375e+01
6.504514312744140625e+01
6.578727722167968750e+01
6.667768859863281250e+01
6.705158996582031250e+01
6.745174407958984375e+01
7.022190856933593750e+01
7.042016601562500000e+01
7.057088470458984375e+01
7.090530395507812500e+01
7.125524902343750000e+01
7.156056213378906250e+01
8.429940032958984375e+01
8.514484405517578125e+01
8.600575256347656250e+01
8.768978118896484375e+01
8.940817260742187500e+01
9.117639160156250000e+01
6.767916107177734375e+01
6.855654144287109375e+01
6.964353942871093750e+01
7.044219970703125000e+01
7.119841766357421875e+01
6.304622650146484375e+01
6.336310195922851562e+01
6.372623443603515625e+01
6.441037750244140625e+01
6.513594818115234375e+01
6.582562255859375000e+01
6.766681671142578125e+01
6.843705749511718750e+01
6.902186584472656250e+01
6.964236450195312500e+01
7.081198120117187500e+01
7.189294433593750000e+01
7.299004364013671875e+01
7.486742401123046875e+01
7.554093170166015625e+01
7.636033630371093750e+01
7.783261871337890625e+01
7.931816864013671875e+01
8.080223083496093750e+01
8.373648071289062500e+01
8.578446197509765625e+01
8.681072998046875000e+01
8.779744720458984375e+01
8.976691436767578125e+01
9.180758666992187500e+01
9.373553466796875000e+01
7.812575531005859375e+01
7.854929351806640625e+01
7.921108245849609375e+01
8.037121582031250000e+01
8.152790832519531250e+01
8.276860809326171875e+01
8.512572479248046875e+01
8.631693267822265625e+01
8.747017669677734375e+01
8.858542633056640625e+01
7.629277801513671875e+01
7.757199859619140625e+01
7.890036773681640625e+01
8.012917327880859375e+01
8.138191986083984375e+01
8.570227813720703125e+01
8.693739318847656250e+01
6.642842864990234375e+01
6.674925231933593750e+01
6.729843902587890625e+01
6.794289398193359375e+01
6.952601623535156250e+01
7.085415649414062500e+01
7.224533843994140625e+01
6.426475524902343750e+01
6.441424560546875000e+01
6.461531066894531250e+01
6.496936035156250000e+01
6.536904907226562500e+01
6.707793426513671875e+01
6.448590087890625000e+01
6.495760345458984375e+01
6.554542541503906250e+01
6.651348876953125000e+01
6.759973907470703125e+01
6.858732604980468750e+01
6.984725189208984375e+01
7.065808105468750000e+01
7.180804443359375000e+01
7.281618499755859375e+01
7.384282684326171875e+01
7.262161254882812500e+01
7.321574401855468750e+01
7.382044219970703125e+01
7.501573944091796875e+01
7.620516967773437500e+01
7.732767486572265625e+01
8.084429168701171875e+01
6.831261444091796875e+01
6.845407867431640625e+01
6.863246154785156250e+01
6.895851898193359375e+01
6.931252288818359375e+01
6.965100097656250000e+01
7.080133819580078125e+01
7.120675659179687500e+01
5.897818756103515625e+01
5.940849304199218750e+01
6.005773544311523438e+01
6.116532135009765625e+01
6.221898651123046875e+01
6.330284881591796875e+01
6.435435485839843750e+01
6.542851257324218750e+01
6.650374603271484375e+01
6.759299468994140625e+01
6.867362976074218750e+01
7.556701660156250000e+01
7.607999420166015625e+01
7.671415710449218750e+01
7.809091949462890625e+01
8.022120666503906250e+01
6.672269439697265625e+01
6.726907348632812500e+01
6.782957458496093750e+01
6.894187164306640625e+01
7.112738037109375000e+01
7.134682464599609375e+01
7.163789367675781250e+01
7.199895477294921875e+01
7.256219482421875000e+01
7.369091033935546875e+01
7.473408508300781250e+01
7.581947326660156250e+01
7.823799133300781250e+01
8.049430847167968750e+01
7.504475402832031250e+01
7.541035461425781250e+01
7.608815765380859375e+01
7.673845672607421875e+01
7.853730773925781250e+01
8.000291442871093750e+01
8.158013916015625000e+01
9.519171142578125000e+01
9.567987060546875000e+01
9.622288513183593750e+01
9.716135406494140625e+01
9.900990295410156250e+01
1.009681930541992188e+02
1.027770080566406250e+02
5.986528396606445312e+01
6.033259582519531250e+01
6.082727813720703125e+01
6.182056427001953125e+01
6.277083206176757812e+01
6.374455261230468750e+01
6.614075469970703125e+01
6.808625793457031250e+01
6.750686645507812500e+01
6.791069030761718750e+01
6.828370666503906250e+01
6.910919189453125000e+01
6.994603729248046875e+01
7.071233367919921875e+01
7.271038055419921875e+01
7.354073333740234375e+01
7.431757354736328125e+01
7.480599975585937500e+01
7.495493316650390625e+01
7.510119628906250000e+01
7.542427062988281250e+01
7.569958496093750000e+01
7.632527160644531250e+01
7.670531463623046875e+01
7.707556152343750000e+01
6.582064056396484375e+01
6.598448944091796875e+01
6.614761352539062500e+01
6.654208374023437500e+01
6.688584136962890625e+01
6.728359985351562500e+01
6.805577087402343750e+01
6.838857269287109375e+01
6.875896453857421875e+01
7.462886047363281250e+01
7.513001251220703125e+01
7.588864898681640625e+01
7.815187835693359375e+01
8.241967010498046875e+01
8.357669067382812500e+01
8.475910949707031250e+01
6.984317779541015625e+01
7.028424835205078125e+01
7.077140808105468750e+01
7.147415161132812500e+01
7.323185729980468750e+01
7.489904785156250000e+01
7.648888397216796875e+01
7.825975036621093750e+01
7.643212890625000000e+01
7.657690429687500000e+01
7.672072601318359375e+01
7.703656768798828125e+01
7.736254882812500000e+01
7.059104156494140625e+01
7.123048400878906250e+01
7.195912933349609375e+01
7.335562133789062500e+01
7.599446105957031250e+01
6.941297149658203125e+01
6.956864166259765625e+01
6.972831726074218750e+01
7.007431793212890625e+01
7.075666809082031250e+01
6.416263580322265625e+01
6.453189086914062500e+01
6.492151641845703125e+01
6.555821228027343750e+01
6.690627288818359375e+01
6.825976562500000000e+01
8.358163452148437500e+01
8.420788574218750000e+01
8.501227569580078125e+01
8.637030029296875000e+01
8.908631896972656250e+01
8.248867797851562500e+01
8.313409423828125000e+01
8.376762390136718750e+01
8.511137390136718750e+01
8.642470550537109375e+01
8.780548858642578125e+01
9.056044769287109375e+01
9.183543395996093750e+01
9.314215087890625000e+01
7.002470397949218750e+01
7.032438659667968750e+01
7.084056854248046875e+01
7.130293273925781250e+01
7.259461975097656250e+01
7.500917053222656250e+01
7.624581146240234375e+01
6.340061950683593750e+01
6.368922424316406250e+01
6.401276397705078125e+01
6.457530975341796875e+01
6.568573760986328125e+01
6.814559936523437500e+01
7.010829925537109375e+01
7.235846710205078125e+01
7.557395172119140625e+01
7.581323242187500000e+01
7.635284423828125000e+01
7.692859649658203125e+01
7.821843719482421875e+01
8.072708129882812500e+01
8.286309814453125000e+01
8.425762939453125000e+01
8.545897674560546875e+01
7.924267578125000000e+01
7.998650360107421875e+01
8.090038299560546875e+01
8.251837158203125000e+01
8.569075012207031250e+01
7.212409973144531250e+01
7.255635833740234375e+01
7.302881622314453125e+01
7.390002441406250000e+01
7.554191589355468750e+01
7.893627929687500000e+01
7.277146148681640625e+01
7.336921691894531250e+01
7.397254943847656250e+01
7.512679290771484375e+01
7.724903869628906250e+01
7.955084228515625000e+01
8.085117340087890625e+01
8.184037017822265625e+01
7.181581115722656250e+01
7.234810638427734375e+01
7.276255035400390625e+01
7.375151824951171875e+01
7.570980072021484375e+01
7.776139068603515625e+01
7.872383880615234375e+01
7.725718688964843750e+01
7.767035675048828125e+01
7.814635467529296875e+01
7.898990631103515625e+01
8.126145172119140625e+01
8.377401733398437500e+01
7.758097839355468750e+01
7.773588562011718750e+01
7.790530395507812500e+01
7.822671508789062500e+01
7.855813598632812500e+01
7.922161865234375000e+01
8.000450134277343750e+01
8.353314208984375000e+01
8.439016723632812500e+01
8.535228729248046875e+01
8.715873718261718750e+01
9.071006011962890625e+01
1.015041961669921875e+02
1.022188339233398438e+02
1.030428619384765625e+02
1.044896469116210938e+02
1.098553009033203125e+02
1.129618072509765625e+02
7.236699676513671875e+01
7.264899444580078125e+01
7.298606109619140625e+01
7.349056243896484375e+01
7.460861206054687500e+01
7.682598876953125000e+01
8.391693115234375000e+01
8.439120483398437500e+01
8.494366455078125000e+01
8.593233489990234375e+01
8.800227355957031250e+01
6.943007659912109375e+01
6.998667907714843750e+01
7.060955047607421875e+01
7.177134704589843750e+01
7.280504608154296875e+01
7.502705383300781250e+01
7.680841827392578125e+01
7.894317626953125000e+01
6.812870788574218750e+01
6.853870391845703125e+01
6.897533416748046875e+01
6.964434814453125000e+01
7.120439147949218750e+01
7.259421539306640625e+01
7.408173370361328125e+01
7.713176727294921875e+01
7.782981109619140625e+01
7.865492248535156250e+01
8.023455047607421875e+01
8.185809326171875000e+01
6.085846328735351562e+01
6.115765380859375000e+01
6.150269317626953125e+01
6.211825180053710938e+01
6.319463348388671875e+01
6.551131439208984375e+01
7.584251403808593750e+01
7.618935394287109375e+01
7.665368652343750000e+01
7.734599304199218750e+01
7.876695251464843750e+01
8.147742462158203125e+01
8.248873138427734375e+01
8.304193115234375000e+01
8.376839447021484375e+01
8.460967254638671875e+01
8.674105834960937500e+01
9.084933471679687500e+01
7.282125854492187500e+01
7.339315032958984375e+01
7.387458038330078125e+01
7.483744812011718750e+01
7.692401123046875000e+01
6.875949096679687500e+01
6.960721588134765625e+01
7.013993072509765625e+01
7.134366607666015625e+01
7.399700164794921875e+01
7.066303253173828125e+01
7.109398651123046875e+01
7.162957000732421875e+01
7.269349670410156250e+01
7.430129241943359375e+01
7.826173400878906250e+01
7.931322479248046875e+01
5.901983642578125000e+01
5.960571289062500000e+01
6.014364624023437500e+01
6.131307220458984375e+01
6.373962402343750000e+01
6.657663726806640625e+01
6.893537139892578125e+01
8.454699707031250000e+01
8.520561218261718750e+01
8.581716918945312500e+01
8.711608886718750000e+01
8.977011871337890625e+01
9.275867462158203125e+01
9.407065582275390625e+01
6.756104278564453125e+01
6.765379333496093750e+01
6.775990295410156250e+01
6.791765594482421875e+01
6.825811004638671875e+01
8.330161285400390625e+01
8.438941192626953125e+01
8.540900421142578125e+01
8.708126831054687500e+01
9.102318572998046875e+01
6.181856536865234375e+01
6.210824203491210938e+01
6.236801528930664062e+01
6.284739685058593750e+01
6.371045303344726562e+01
6.528788757324218750e+01
6.735836791992187500e+01
6.819579315185546875e+01
6.926222229003906250e+01
7.516226196289062500e+01
7.553702545166015625e+01
7.601693725585937500e+01
7.656021118164062500e+01
7.790289306640625000e+01
8.057610321044921875e+01
8.343536376953125000e+01
3.500315475463867188e+01
3.550667953491210938e+01
3.604865646362304688e+01
3.684147644042968750e+01
3.822388076782226562e+01
6.930594635009765625e+01
6.977221679687500000e+01
7.023747253417968750e+01
7.131871795654296875e+01
7.326416015625000000e+01
7.601450347900390625e+01
7.803732299804687500e+01
7.520738983154296875e+01
7.555018615722656250e+01
7.593843841552734375e+01
7.659156799316406250e+01
7.786407470703125000e+01
8.047399902343750000e+01
8.296317291259765625e+01
8.542638397216796875e+01
7.272315216064453125e+01
7.338725280761718750e+01
7.424066925048828125e+01
7.571595764160156250e+01
7.854273223876953125e+01
6.868775939941406250e+01
6.915594482421875000e+01
6.971878814697265625e+01
7.077220916748046875e+01
7.420523834228515625e+01
7.510293579101562500e+01
7.730747222900390625e+01
6.397324752807617188e+01
6.414192199707031250e+01
6.436518096923828125e+01
6.475711059570312500e+01
6.514942169189453125e+01
6.681240844726562500e+01
6.715124511718750000e+01
6.864239501953125000e+01
7.091209411621093750e+01
7.473890686035156250e+01
8.334761047363281250e+01
8.374851226806640625e+01
8.410520935058593750e+01
8.490157318115234375e+01
8.669591522216796875e+01
8.776136016845703125e+01
6.214653396606445312e+01
6.245046997070312500e+01
6.281145858764648438e+01
6.327668762207031250e+01
6.436405944824218750e+01
6.659913635253906250e+01
6.889127349853515625e+01
7.623381805419921875e+01
7.637569427490234375e+01
7.653806304931640625e+01
7.683455657958984375e+01
7.748062133789062500e+01
6.952175140380859375e+01
7.012223052978515625e+01
7.063246154785156250e+01
7.188430786132812500e+01
7.415778350830078125e+01
7.675867462158203125e+01
7.916982269287109375e+01
8.685784912109375000e+01
8.753339385986328125e+01
8.789495086669921875e+01
8.901242065429687500e+01
9.109932708740234375e+01
7.382287597656250000e+01
7.421792602539062500e+01
7.480816650390625000e+01
7.562628173828125000e+01
7.755950164794921875e+01
5.754235839843750000e+01
5.792161941528320312e+01
5.839761352539062500e+01
5.922911071777343750e+01
6.098373794555664062e+01
6.268406677246093750e+01
6.437506103515625000e+01
8.095278167724609375e+01
8.161729431152343750e+01
8.216300964355468750e+01
8.349449157714843750e+01
8.591616821289062500e+01
8.877961730957031250e+01
8.032231140136718750e+01
8.111011505126953125e+01
8.186750030517578125e+01
8.338835906982421875e+01
8.635706329345703125e+01
6.895715332031250000e+01
6.944098663330078125e+01
6.994527435302734375e+01
7.094464874267578125e+01
7.310910034179687500e+01
7.518764495849609375e+01
7.643353271484375000e+01
7.749530029296875000e+01
7.906990814208984375e+01
8.031896209716796875e+01
8.061885833740234375e+01
8.225283813476562500e+01
8.533373260498046875e+01
8.867743682861328125e+01
9.032379150390625000e+01
7.656145477294921875e+01
7.715871429443359375e+01
7.790327453613281250e+01
7.915086364746093750e+01
8.187165832519531250e+01
8.480082702636718750e+01
7.586927032470703125e+01
7.637886047363281250e+01
7.700789642333984375e+01
7.802488708496093750e+01
7.912953948974609375e+01
8.036789703369140625e+01
8.138597869873046875e+01
8.262214660644531250e+01
8.371036529541015625e+01
6.893364715576171875e+01
6.919107818603515625e+01
6.954710388183593750e+01
7.011455535888671875e+01
7.120345306396484375e+01
7.381832885742187500e+01
7.589094543457031250e+01
7.700065612792968750e+01
7.808955383300781250e+01
7.413049316406250000e+01
7.462406921386718750e+01
7.508023071289062500e+01
7.590254974365234375e+01
8.144947052001953125e+01
7.934938812255859375e+01
7.999227905273437500e+01
8.063381958007812500e+01
8.198834228515625000e+01
8.468929290771484375e+01
7.538777160644531250e+01
7.590431213378906250e+01
7.653275299072265625e+01
7.764608001708984375e+01
8.004115295410156250e+01
7.167578887939453125e+01
7.198558044433593750e+01
7.239782714843750000e+01
7.286310577392578125e+01
7.658660125732421875e+01
6.025728988647460938e+01
6.069481277465820312e+01
6.118370437622070312e+01
6.219816589355468750e+01
6.682656860351562500e+01
6.779333496093750000e+01
8.207572174072265625e+01
8.295111083984375000e+01
8.372088623046875000e+01
8.521560668945312500e+01
8.860195922851562500e+01
7.410352325439453125e+01
7.448050689697265625e+01
7.487827301025390625e+01
7.553800201416015625e+01
7.690040588378906250e+01
8.822271728515625000e+01
8.878813171386718750e+01
8.930189514160156250e+01
9.018206787109375000e+01
9.203618621826171875e+01
8.383197021484375000e+01
8.460855865478515625e+01
8.554275512695312500e+01
8.720264434814453125e+01
9.028106689453125000e+01
9.353514862060546875e+01
9.519831848144531250e+01
6.708946990966796875e+01
6.770322418212890625e+01
6.833470153808593750e+01
6.956474304199218750e+01
7.206911468505859375e+01
6.030956268310546875e+01
6.082026672363281250e+01
6.139656829833984375e+01
6.240077972412109375e+01
6.454361724853515625e+01
6.663053894042968750e+01
6.876799011230468750e+01
7.796865844726562500e+01
7.853880310058593750e+01
7.923165893554687500e+01
8.042897796630859375e+01
8.684935760498046875e+01
8.810244750976562500e+01
7.440744018554687500e+01
7.479181671142578125e+01
7.520110321044921875e+01
7.593737792968750000e+01
7.755792999267578125e+01
6.812739562988281250e+01
6.870860290527343750e+01
6.919235992431640625e+01
7.042239379882812500e+01
7.271395111083984375e+01
7.919940948486328125e+01
7.961851501464843750e+01
8.002887725830078125e+01
8.075502777099609375e+01
8.226844787597656250e+01
7.122866058349609375e+01
7.161442565917968750e+01
7.208737182617187500e+01
7.298924255371093750e+01
7.476126861572265625e+01
7.548950958251953125e+01
7.564768218994140625e+01
7.579866027832031250e+01
7.612879943847656250e+01
7.674774169921875000e+01
7.857115173339843750e+01
7.889495849609375000e+01
7.937236785888671875e+01
8.008777618408203125e+01
8.155735778808593750e+01
8.655834197998046875e+01
8.802099609375000000e+01
7.911354827880859375e+01
7.959333801269531250e+01
8.018495178222656250e+01
8.091548156738281250e+01
8.289056396484375000e+01
8.641687011718750000e+01
7.451194763183593750e+01
7.480552673339843750e+01
7.529483032226562500e+01
7.575572204589843750e+01
7.682482910156250000e+01
7.904930877685546875e+01
8.103388214111328125e+01
8.309631347656250000e+01
8.283407592773437500e+01
8.354518890380859375e+01
8.434655761718750000e+01
8.590572357177734375e+01
8.906763458251953125e+01
7.139003753662109375e+01
7.160054779052734375e+01
7.185994720458984375e+01
7.220764923095703125e+01
7.300791168212890625e+01
7.458795166015625000e+01
6.708512115478515625e+01
6.755333709716796875e+01
6.812326049804687500e+01
6.917045593261718750e+01
7.111682891845703125e+01
7.313468933105468750e+01
5.140193176269531250e+01
5.188140869140625000e+01
5.247870635986328125e+01
5.353907775878906250e+01
5.558196640014648438e+01
5.767095947265625000e+01
5.911040496826171875e+01
5.974457550048828125e+01
6.654788208007812500e+01
6.701808166503906250e+01
6.754114532470703125e+01
6.849002838134765625e+01
7.072581481933593750e+01
6.842805480957031250e+01
6.895117950439453125e+01
6.942077636718750000e+01
7.119107818603515625e+01
7.280849456787109375e+01
7.101893615722656250e+01
7.155236053466796875e+01
7.214633178710937500e+01
7.327828979492187500e+01
7.594315338134765625e+01
7.824819946289062500e+01
7.941101074218750000e+01
8.060579681396484375e+01
7.331609344482421875e+01
7.382540893554687500e+01
7.439046478271484375e+01
7.548342895507812500e+01
7.777536773681640625e+01
8.025311279296875000e+01
8.253630828857421875e+01
7.963442230224609375e+01
8.019189453125000000e+01
8.079789733886718750e+01
8.202174377441406250e+01
8.473810577392578125e+01
8.717158508300781250e+01
6.327010726928710938e+01
6.364321899414062500e+01
6.410105133056640625e+01
6.489940643310546875e+01
6.657921600341796875e+01
6.826472473144531250e+01
7.975751495361328125e+01
8.028650665283203125e+01
8.088243865966796875e+01
8.195770263671875000e+01
8.410930633544921875e+01
8.626091003417968750e+01
8.735776519775390625e+01
6.908145904541015625e+01
6.945989227294921875e+01
6.989489746093750000e+01
7.066934204101562500e+01
7.216777801513671875e+01
7.353701019287109375e+01
7.509201049804687500e+01
8.725518798828125000e+01
8.801689910888671875e+01
8.851254272460937500e+01
8.983379364013671875e+01
9.249456787109375000e+01
9.500794982910156250e+01
9.758656311035156250e+01
8.498329162597656250e+01
8.568411254882812500e+01
8.657150268554687500e+01
8.826028442382812500e+01
9.151455688476562500e+01
9.319361114501953125e+01
9.482398986816406250e+01
9.668473815917968750e+01
7.276002502441406250e+01
7.354186248779296875e+01
7.422252655029296875e+01
7.582914733886718750e+01
7.885534667968750000e+01
8.198272705078125000e+01
8.368286132812500000e+01
7.100229644775390625e+01
7.116883087158203125e+01
7.133342742919921875e+01
7.167102813720703125e+01
7.230127716064453125e+01
7.311390686035156250e+01
6.199704360961914062e+01
6.256587982177734375e+01
6.311486053466796875e+01
6.419189453125000000e+01
6.638674163818359375e+01
6.862567901611328125e+01
7.099250793457031250e+01
7.863712310791015625e+01
7.898429870605468750e+01
7.935462188720703125e+01
7.991132354736328125e+01
8.126593017578125000e+01
8.068238830566406250e+01
8.085430908203125000e+01
8.103277587890625000e+01
8.135904693603515625e+01
8.171288299560546875e+01
6.539430236816406250e+01
6.576836395263671875e+01
6.618329620361328125e+01
6.695578765869140625e+01
6.850469970703125000e+01
6.933062744140625000e+01
7.008425903320312500e+01
7.105242919921875000e+01
7.170232391357421875e+01
7.492668914794921875e+01
7.529866027832031250e+01
7.574920654296875000e+01
7.653483581542968750e+01
7.814780426025390625e+01
7.984654235839843750e+01
6.646804809570312500e+01
6.676235198974609375e+01
6.714211273193359375e+01
6.777056121826171875e+01
6.907564544677734375e+01
7.028241729736328125e+01
7.164598083496093750e+01
8.067801666259765625e+01
8.129913330078125000e+01
8.192401123046875000e+01
8.322637176513671875e+01
8.572964477539062500e+01
8.739515686035156250e+01
8.941880798339843750e+01
7.995481872558593750e+01
8.049059295654296875e+01
8.113787841796875000e+01
8.243851470947265625e+01
8.484099578857421875e+01
8.562768554687500000e+01
8.621691894531250000e+01
8.681403350830078125e+01
8.780921173095703125e+01
9.011443328857421875e+01
6.836943817138671875e+01
6.898622131347656250e+01
6.957356262207031250e+01
7.625019073486328125e+01
7.775104522705078125e+01
7.389063262939453125e+01
7.483191680908203125e+01
7.577130889892578125e+01
7.765197753906250000e+01
8.723262786865234375e+01
6.489597320556640625e+01
6.508183288574218750e+01
6.527212524414062500e+01
6.564237213134765625e+01
6.601076507568359375e+01
8.013513183593750000e+01
8.063768768310546875e+01
8.106010437011718750e+01
8.208399963378906250e+01
8.407440948486328125e+01
8.600843811035156250e+01
8.701353454589843750e+01
8.815020751953125000e+01
7.478984069824218750e+01
7.532287597656250000e+01
7.586495971679687500e+01
7.701460266113281250e+01
7.986839294433593750e+01
8.039765167236328125e+01
8.110228729248046875e+01
8.176358795166015625e+01
8.316448211669921875e+01
8.592431640625000000e+01
9.027894592285156250e+01
9.118399047851562500e+01
9.221115112304687500e+01
9.321870422363281250e+01
9.542353057861328125e+01
8.403025817871093750e+01
8.453703308105468750e+01
8.504795837402343750e+01
8.608639526367187500e+01
8.825446319580078125e+01
7.215297698974609375e+01
7.270401000976562500e+01
7.329743957519531250e+01
7.449018859863281250e+01
7.682032012939453125e+01
7.857706451416015625e+01
8.094369506835937500e+01
6.524573516845703125e+01
6.556887054443359375e+01
6.592601776123046875e+01
6.649064636230468750e+01
6.757682800292968750e+01
8.634183502197265625e+01
8.717813873291015625e+01
8.801951599121093750e+01
8.973604583740234375e+01
9.303900146484375000e+01
9.478764343261718750e+01
6.553775024414062500e+01
6.611650085449218750e+01
6.666561889648437500e+01
6.781969451904296875e+01
7.329726409912109375e+01
7.200657653808593750e+01
7.282668304443359375e+01
7.371997070312500000e+01
7.537680816650390625e+01
7.878863525390625000e+01
7.134691619873046875e+01
7.209422302246093750e+01
7.298245239257812500e+01
7.448339843750000000e+01
7.775130462646484375e+01
8.076745605468750000e+01
8.255815887451171875e+01
8.391028594970703125e+01
7.660856628417968750e+01
7.710855865478515625e+01
7.760543060302734375e+01
7.865933990478515625e+01
8.070701599121093750e+01
8.303578948974609375e+01
8.405028533935546875e+01
8.510316467285156250e+01
7.211125946044921875e+01
7.255916595458984375e+01
7.362171173095703125e+01
7.410746765136718750e+01
7.588107299804687500e+01
7.842071533203125000e+01
6.714552307128906250e+01
6.771355438232421875e+01
6.819345092773437500e+01
6.925411224365234375e+01
7.135314941406250000e+01
7.292555999755859375e+01
7.507025146484375000e+01
6.410431671142578125e+01
6.439504241943359375e+01
6.481170654296875000e+01
6.519689941406250000e+01
6.624224853515625000e+01
7.014762878417968750e+01
7.120767974853515625e+01
7.225723266601562500e+01
8.341374969482421875e+01
8.414816284179687500e+01
8.491152954101562500e+01
8.642148590087890625e+01
8.947036743164062500e+01
9.268228149414062500e+01
9.454725646972656250e+01
9.581191253662109375e+01
7.553038787841796875e+01
7.584169006347656250e+01
7.643245697021484375e+01
7.715789031982421875e+01
7.884765625000000000e+01
7.462537384033203125e+01
7.514857482910156250e+01
7.584619140625000000e+01
7.708024597167968750e+01
7.943528747558593750e+01
8.063325500488281250e+01
6.710433197021484375e+01
6.768688964843750000e+01
6.864682769775390625e+01
7.010995483398437500e+01
7.332075500488281250e+01
6.998260498046875000e+01
7.061052703857421875e+01
7.124963378906250000e+01
7.260741424560546875e+01
7.734349822998046875e+01
7.978055572509765625e+01
8.159057617187500000e+01
8.236550140380859375e+01
8.293130493164062500e+01
8.411036682128906250e+01
9.099230957031250000e+01
7.744567871093750000e+01
7.767603302001953125e+01
7.811016082763671875e+01
7.858168792724609375e+01
7.960055541992187500e+01
8.158708953857421875e+01
6.928408050537109375e+01
6.981820678710937500e+01
7.037747192382812500e+01
7.118808746337890625e+01
7.413941955566406250e+01
7.525167083740234375e+01
7.729602050781250000e+01
7.503807067871093750e+01
7.562174987792968750e+01
7.617415618896484375e+01
7.735308074951171875e+01
7.961019134521484375e+01
8.150018310546875000e+01
8.266404724121093750e+01
8.753529357910156250e+01
8.815933227539062500e+01
8.902655029296875000e+01
9.044161987304687500e+01
9.349444580078125000e+01
9.618983459472656250e+01
9.829048156738281250e+01
9.927340698242187500e+01
7.871857452392578125e+01
7.927246856689453125e+01
7.992025756835937500e+01
8.110175323486328125e+01
8.583007049560546875e+01
8.334275817871093750e+01
8.397453308105468750e+01
8.462057495117187500e+01
8.593859863281250000e+01
8.851628112792968750e+01
8.984210205078125000e+01
9.102391052246093750e+01
8.539768981933593750e+01
8.626594543457031250e+01
8.699251556396484375e+01
8.879162597656250000e+01
9.204386901855468750e+01
9.393854522705078125e+01
7.818791198730468750e+01
7.851028442382812500e+01
7.951583862304687500e+01
8.104938507080078125e+01
8.356593322753906250e+01
8.549082183837890625e+01
7.093302917480468750e+01
7.108909606933593750e+01
7.124674987792968750e+01
7.156141662597656250e+01
7.219138336181640625e+01
7.252504730224609375e+01
6.449716949462890625e+01
6.473484802246093750e+01
6.500514221191406250e+01
6.547210693359375000e+01
6.638273620605468750e+01
6.828414154052734375e+01
7.441954040527343750e+01
7.470008087158203125e+01
7.504918670654296875e+01
7.538478088378906250e+01
7.658276367187500000e+01
7.875949096679687500e+01
7.190790557861328125e+01
7.218158721923828125e+01
7.252215576171875000e+01
7.284954833984375000e+01
7.401824188232421875e+01
7.613871002197265625e+01
6.884986114501953125e+01
6.928424072265625000e+01
6.956356048583984375e+01
6.995333862304687500e+01
7.105468750000000000e+01
7.310765838623046875e+01
7.512875366210937500e+01
7.719658660888671875e+01
6.604262542724609375e+01
6.639472198486328125e+01
6.672775268554687500e+01
6.716844177246093750e+01
6.829200744628906250e+01
8.841799926757812500e+01
8.925952148437500000e+01
9.014320373535156250e+01
9.205287170410156250e+01
9.583355712890625000e+01
1.000762786865234375e+02
1.018278350830078125e+02
8.210494995117187500e+01
8.245339965820312500e+01
8.285307312011718750e+01
8.343594360351562500e+01
8.471954345703125000e+01
8.729698944091796875e+01
7.395951843261718750e+01
7.427758026123046875e+01
7.768858337402343750e+01
7.970397949218750000e+01
8.081209564208984375e+01
8.194467926025390625e+01
6.289651489257812500e+01
6.326334381103515625e+01
6.373052215576171875e+01
6.453656005859375000e+01
6.618484497070312500e+01
6.746382141113281250e+01
6.236573028564453125e+01
6.274551010131835938e+01
6.370508575439453125e+01
6.723447418212890625e+01
6.953212738037109375e+01
7.235639953613281250e+01
6.624788665771484375e+01
6.693891906738281250e+01
6.768877410888671875e+01
6.893985748291015625e+01
7.354320526123046875e+01
6.783058166503906250e+01
6.829280853271484375e+01
6.872653961181640625e+01
6.949980926513671875e+01
7.109702301025390625e+01
5.984966278076171875e+01
6.060536956787109375e+01
6.141255950927734375e+01
6.297243499755859375e+01
6.596649169921875000e+01
7.187887573242187500e+01
7.071984100341796875e+01
7.107816314697265625e+01
7.144950103759765625e+01
7.206710052490234375e+01
7.336095428466796875e+01
7.596557617187500000e+01
7.843469238281250000e+01
8.017594909667968750e+01
8.045069885253906250e+01
8.079397583007812500e+01
8.148645782470703125e+01
8.512149810791015625e+01
7.482501220703125000e+01
7.542066955566406250e+01
7.606954193115234375e+01
7.721576690673828125e+01
7.959380340576171875e+01
8.116218566894531250e+01
8.291564941406250000e+01
6.404269409179687500e+01
6.422643280029296875e+01
6.441702270507812500e+01
6.480847167968750000e+01
6.556777954101562500e+01
6.595313262939453125e+01
6.624491882324218750e+01
6.660517120361328125e+01
6.701031494140625000e+01
6.806677246093750000e+01
6.824102783203125000e+01
6.840615844726562500e+01
6.879113006591796875e+01
6.946113586425781250e+01
7.020687103271484375e+01
7.429447174072265625e+01
7.490757751464843750e+01
7.549885559082031250e+01
7.652323150634765625e+01
7.879562377929687500e+01
6.786325836181640625e+01
6.803520202636718750e+01
6.828211212158203125e+01
6.858508300781250000e+01
6.925187683105468750e+01
7.604779052734375000e+01
7.646015930175781250e+01
7.693212890625000000e+01
7.770369720458984375e+01
7.977198028564453125e+01
8.686435699462890625e+01
6.191162872314453125e+01
6.232894515991210938e+01
6.286369323730468750e+01
6.389533233642578125e+01
6.580818939208984375e+01
6.720280456542968750e+01
6.915059661865234375e+01
7.245384979248046875e+01
7.265473937988281250e+01
7.275975799560546875e+01
7.304826354980468750e+01
7.413480377197265625e+01
7.473928833007812500e+01
6.667263793945312500e+01
6.700737762451171875e+01
6.737953948974609375e+01
6.805990600585937500e+01
6.941928100585937500e+01
6.683748626708984375e+01
6.710877990722656250e+01
6.739762878417968750e+01
6.789239501953125000e+01
6.908879852294921875e+01
7.110591125488281250e+01
7.329964447021484375e+01
7.428527069091796875e+01
6.744250488281250000e+01
6.816030120849609375e+01
6.892664337158203125e+01
7.014638519287109375e+01
7.136357879638671875e+01
7.262292480468750000e+01
7.526550292968750000e+01
6.579942321777343750e+01
6.632237243652343750e+01
6.682145690917968750e+01
6.798561859130859375e+01
7.010129547119140625e+01
6.959720611572265625e+01
6.990262603759765625e+01
7.023404693603515625e+01
7.089232635498046875e+01
7.164093780517578125e+01
6.291641616821289062e+01
6.316777801513671875e+01
6.360737609863281250e+01
6.419848632812500000e+01
6.532331085205078125e+01
6.778415679931640625e+01
7.015661621093750000e+01
7.125964355468750000e+01
7.625875091552734375e+01
7.698119354248046875e+01
7.776612854003906250e+01
7.928417205810546875e+01
8.214346313476562500e+01
6.875068664550781250e+01
6.918025970458984375e+01
6.978001403808593750e+01
7.067871856689453125e+01
7.254235839843750000e+01
7.375620269775390625e+01
7.426416778564453125e+01
7.493671417236328125e+01
7.588355255126953125e+01
7.809098052978515625e+01
8.015469360351562500e+01
8.124854278564453125e+01
8.229959869384765625e+01
6.656562805175781250e+01
6.693261718750000000e+01
6.736692810058593750e+01
6.805603027343750000e+01
6.955874633789062500e+01
7.057141876220703125e+01
7.477194976806640625e+01
7.501453399658203125e+01
7.530329895019531250e+01
7.579575347900390625e+01
7.763384246826171875e+01
7.494985198974609375e+01
7.508430480957031250e+01
7.524404144287109375e+01
7.555786132812500000e+01
7.584371185302734375e+01
7.205700683593750000e+01
7.235412597656250000e+01
7.267270660400390625e+01
7.323644256591796875e+01
7.436503601074218750e+01
7.548864746093750000e+01
7.561798858642578125e+01
7.577826690673828125e+01
7.609666442871093750e+01
7.675078582763671875e+01
6.837605285644531250e+01
6.892510223388671875e+01
6.970565032958984375e+01
7.098717498779296875e+01
7.234586334228515625e+01
6.882814025878906250e+01
6.924445343017578125e+01
6.973139190673828125e+01
7.035219573974609375e+01
7.179386138916015625e+01
7.477429199218750000e+01
6.568274688720703125e+01
6.619964599609375000e+01
6.679392242431640625e+01
6.776273345947265625e+01
6.987779235839843750e+01
7.143984222412109375e+01
7.356729125976562500e+01
6.360350418090820312e+01
6.418412780761718750e+01
6.483629608154296875e+01
6.608901977539062500e+01
6.828833007812500000e+01
7.026712036132812500e+01
7.146823883056640625e+01
7.267873382568359375e+01
6.314449691772460938e+01
6.346016693115234375e+01
6.380225372314453125e+01
6.456303405761718750e+01
6.613478088378906250e+01
6.692659759521484375e+01
6.824607849121093750e+01
9.525770568847656250e+01
9.566992187500000000e+01
9.615031433105468750e+01
9.689705657958984375e+01
9.847772979736328125e+01
1.017072601318359375e+02
1.041028594970703125e+02
1.065301589965820312e+02
1.072626266479492188e+02
6.416636657714843750e+01
6.452974700927734375e+01
6.494353485107421875e+01
6.562918853759765625e+01
6.689306640625000000e+01
6.957202911376953125e+01
7.149636840820312500e+01
7.293133544921875000e+01
6.380809783935546875e+01
6.432360839843750000e+01
6.489537811279296875e+01
6.611239624023437500e+01
6.841670227050781250e+01
6.968882751464843750e+01
1.163672790527343750e+02
1.172236022949218750e+02
1.180608901977539062e+02
1.198375473022460938e+02
1.216366882324218750e+02
1.236693725585937500e+02
1.259477081298828125e+02
5.493088531494140625e+01
5.559017181396484375e+01
5.637820434570312500e+01
5.760316467285156250e+01
6.019741821289062500e+01
6.236254882812500000e+01
7.382715606689453125e+01
7.411671447753906250e+01
7.443657684326171875e+01
7.501345062255859375e+01
7.615037536621093750e+01
8.006504821777343750e+01
8.118961334228515625e+01
8.235121917724609375e+01
6.536956024169921875e+01
6.574232482910156250e+01
6.617607116699218750e+01
6.685217285156250000e+01
6.826107788085937500e+01
5.776431274414062500e+01
5.880893325805664062e+01
5.968820571899414062e+01
6.157641983032226562e+01
6.534718322753906250e+01
6.757922363281250000e+01
6.942607879638671875e+01
5.487013244628906250e+01
5.528322219848632812e+01
5.600481414794921875e+01
5.924230575561523438e+01
6.211190414428710938e+01
7.418683624267578125e+01
7.456519317626953125e+01
7.502553558349609375e+01
7.587704467773437500e+01
7.768425750732421875e+01
7.904307556152343750e+01
8.072218322753906250e+01
6.916652679443359375e+01
6.963562011718750000e+01
7.025687408447265625e+01
7.543994903564453125e+01
7.713580322265625000e+01
6.877832031250000000e+01
6.925051116943359375e+01
6.975617218017578125e+01
7.062004089355468750e+01
7.257664489746093750e+01
7.412709045410156250e+01
9.454313659667968750e+01
9.519351959228515625e+01
9.588629150390625000e+01
9.713562774658203125e+01
9.972168731689453125e+01
1.019607238769531250e+02
6.767864227294921875e+01
6.828545379638671875e+01
6.907695770263671875e+01
7.045943450927734375e+01
7.291966247558593750e+01
5.868579101562500000e+01
5.974064636230468750e+01
6.038916015625000000e+01
6.146554565429687500e+01
6.845260620117187500e+01
6.715599060058593750e+01
6.762467956542968750e+01
6.847434997558593750e+01
6.928069305419921875e+01
7.138825225830078125e+01
7.772875213623046875e+01
7.787677764892578125e+01
7.805552673339843750e+01
7.838602447509765625e+01
7.898651123046875000e+01
6.566289520263671875e+01
6.614740753173828125e+01
6.656880187988281250e+01
6.750904083251953125e+01
6.940251159667968750e+01
7.063977050781250000e+01
7.257873535156250000e+01
6.501942443847656250e+01
6.539418792724609375e+01
6.584798431396484375e+01
6.657699584960937500e+01
6.806428527832031250e+01
6.946668243408203125e+01
6.279333496093750000e+01
6.319367599487304688e+01
6.362113189697265625e+01
6.438353729248046875e+01
6.617150878906250000e+01
6.742037963867187500e+01
6.901615905761718750e+01
6.752887725830078125e+01
6.795893859863281250e+01
6.838365173339843750e+01
6.927590179443359375e+01
7.122280120849609375e+01
7.284223175048828125e+01
7.469187164306640625e+01
7.152199554443359375e+01
7.186799621582031250e+01
7.232102966308593750e+01
7.308148193359375000e+01
7.400745391845703125e+01
7.544622039794921875e+01
8.983747863769531250e+01
9.035696411132812500e+01
9.092466735839843750e+01
9.201405334472656250e+01
9.424324035644531250e+01
7.188957214355468750e+01
7.227420043945312500e+01
7.275904083251953125e+01
7.340008544921875000e+01
7.488112640380859375e+01
6.304716491699218750e+01
6.345016098022460938e+01
6.401345825195312500e+01
6.481304168701171875e+01
6.703048706054687500e+01
6.846939086914062500e+01
7.269618988037109375e+01
7.294828033447265625e+01
7.324843597412109375e+01
7.374870300292968750e+01
7.469627380371093750e+01
7.671106719970703125e+01
7.842177581787109375e+01
6.561448669433593750e+01
6.617519378662109375e+01
6.665184020996093750e+01
6.769022369384765625e+01
7.129944610595703125e+01
7.335059356689453125e+01
7.942589569091796875e+01
7.964775848388671875e+01
7.989343261718750000e+01
8.037919616699218750e+01
8.083599853515625000e+01
8.132549285888671875e+01
8.180004119873046875e+01
6.305340194702148438e+01
6.346795654296875000e+01
6.389574432373046875e+01
6.461606597900390625e+01
6.607730865478515625e+01
6.905123138427734375e+01
7.137686920166015625e+01
7.435961914062500000e+01
6.395083618164062500e+01
6.459117126464843750e+01
6.535489654541015625e+01
6.637401580810546875e+01
6.893167114257812500e+01
7.140049743652343750e+01
7.197315216064453125e+01
7.225028991699218750e+01
7.254481506347656250e+01
7.304592132568359375e+01
7.412073516845703125e+01
7.612310791015625000e+01
7.980775451660156250e+01
6.621504211425781250e+01
6.682010650634765625e+01
6.739759826660156250e+01
7.101834869384765625e+01
7.287904357910156250e+01
7.407237243652343750e+01
6.943820953369140625e+01
6.991744995117187500e+01
7.049383544921875000e+01
7.154621124267578125e+01
7.375675201416015625e+01
7.514264678955078125e+01
7.620905303955078125e+01
7.727870178222656250e+01
7.837619781494140625e+01
7.851145935058593750e+01
7.866266632080078125e+01
7.896272277832031250e+01
7.956342315673828125e+01
8.016353607177734375e+01
8.398869323730468750e+01
8.463694763183593750e+01
8.508049011230468750e+01
8.650966644287109375e+01
8.906980895996093750e+01
7.938951110839843750e+01
7.956188201904296875e+01
7.971767425537109375e+01
8.000815582275390625e+01
8.059727478027343750e+01
1.054534606933593750e+02
1.059207000732421875e+02
1.064840774536132812e+02
1.071942138671875000e+02
1.089585723876953125e+02
1.123253631591796875e+02
6.677268981933593750e+01
6.729579162597656250e+01
6.769548034667968750e+01
6.875118255615234375e+01
7.056828308105468750e+01
7.104872894287109375e+01
7.153285980224609375e+01
7.208644866943359375e+01
7.317118835449218750e+01
7.530113983154296875e+01
7.652471160888671875e+01
7.668141937255859375e+01
7.697595977783203125e+01
7.717451477050781250e+01
7.860817718505859375e+01
8.869218444824218750e+01
8.926714324951171875e+01
9.005599212646484375e+01
9.107129669189453125e+01
9.656553649902343750e+01
9.777459716796875000e+01
7.393119812011718750e+01
7.478345489501953125e+01
7.559654235839843750e+01
7.719660186767578125e+01
8.051424407958984375e+01
8.303024291992187500e+01
7.120125579833984375e+01
7.136047363281250000e+01
7.155504608154296875e+01
7.182955169677734375e+01
7.276419067382812500e+01
6.611024475097656250e+01
6.662954711914062500e+01
6.721305847167968750e+01
6.835600280761718750e+01
7.066252899169921875e+01
7.261251831054687500e+01
7.487203979492187500e+01
7.715749359130859375e+01
7.765480804443359375e+01
7.815010070800781250e+01
7.917525482177734375e+01
8.120217132568359375e+01
8.352706909179687500e+01
8.451866149902343750e+01
6.836206817626953125e+01
6.865978240966796875e+01
6.896800231933593750e+01
6.957147979736328125e+01
7.080435943603515625e+01
5.913042068481445312e+01
5.949909973144531250e+01
5.993480682373046875e+01
6.062189483642578125e+01
6.199187088012695312e+01
6.483934020996093750e+01
6.708074188232421875e+01
7.000083160400390625e+01
1.089105224609375000e+02
1.094423980712890625e+02
1.099999847412109375e+02
1.110340576171875000e+02
1.129282531738281250e+02
1.148125534057617188e+02
1.170211105346679688e+02
7.808747100830078125e+01
7.856219482421875000e+01
7.907054138183593750e+01
8.005657958984375000e+01
8.100997161865234375e+01
8.710857391357421875e+01
8.774726867675781250e+01
8.855637359619140625e+01
8.991412353515625000e+01
9.135915374755859375e+01
9.269750213623046875e+01
8.003939056396484375e+01
8.071463775634765625e+01
8.142543029785156250e+01
8.276910400390625000e+01
8.549334716796875000e+01
8.774601745605468750e+01
8.912248992919921875e+01
9.052220153808593750e+01
9.255994415283203125e+01
9.343775939941406250e+01
9.431103515625000000e+01
9.585405731201171875e+01
9.887631988525390625e+01
1.010268402099609375e+02
1.027475585937500000e+02
7.371099853515625000e+01
7.385382843017578125e+01
7.404353332519531250e+01
7.434439086914062500e+01
7.467913818359375000e+01
9.305461120605468750e+01
9.364319610595703125e+01
9.429154205322265625e+01
9.565319824218750000e+01
9.825048065185546875e+01
7.385411071777343750e+01
7.399819183349609375e+01
7.418061065673828125e+01
7.449381256103515625e+01
7.511682128906250000e+01
6.701516723632812500e+01
6.729577636718750000e+01
6.763322448730468750e+01
6.822914123535156250e+01
6.941559600830078125e+01
7.809275817871093750e+01
7.885192108154296875e+01
7.962670135498046875e+01
8.112784576416015625e+01
8.426603698730468750e+01
8.654665374755859375e+01
7.610954284667968750e+01
7.627120208740234375e+01
7.646134948730468750e+01
7.679267120361328125e+01
7.744187164306640625e+01
7.055723571777343750e+01
7.112442779541015625e+01
7.167791748046875000e+01
7.264257812500000000e+01
7.552917480468750000e+01
7.633992004394531250e+01
7.844424438476562500e+01
7.554934692382812500e+01
7.588395690917968750e+01
7.619281768798828125e+01
7.674728393554687500e+01
7.773072052001953125e+01
8.017161560058593750e+01
6.102365493774414062e+01
6.147024154663085938e+01
6.194905853271484375e+01
6.288458251953125000e+01
6.595726776123046875e+01
6.711470031738281250e+01
6.539305877685546875e+01
6.580673217773437500e+01
6.624029541015625000e+01
6.706348419189453125e+01
6.868251037597656250e+01
6.477335357666015625e+01
6.544701385498046875e+01
6.617529296875000000e+01
6.756740570068359375e+01
7.283618164062500000e+01
9.287716674804687500e+01
9.378150939941406250e+01
9.464931488037109375e+01
9.639189147949218750e+01
9.812403106689453125e+01
1.002144165039062500e+02
6.336383056640625000e+01
6.366180419921875000e+01
6.409487915039062500e+01
6.472743988037109375e+01
6.598499298095703125e+01
6.849883270263671875e+01
7.072480010986328125e+01
7.321717071533203125e+01
7.056636047363281250e+01
7.129820251464843750e+01
7.193495941162109375e+01
7.338899993896484375e+01
7.607932281494140625e+01
6.977285003662109375e+01
7.030052947998046875e+01
7.106085968017578125e+01
7.226972961425781250e+01
7.465627288818359375e+01
6.585276794433593750e+01
6.645250701904296875e+01
6.705693054199218750e+01
6.761859893798828125e+01
6.820193481445312500e+01
6.335032272338867188e+01
6.371982574462890625e+01
6.404295349121093750e+01
6.481455993652343750e+01
6.620561981201171875e+01
6.717573547363281250e+01
6.864722442626953125e+01
7.140188598632812500e+01
7.182990264892578125e+01
7.236060333251953125e+01
7.325886535644531250e+01
7.523003387451171875e+01
7.649584197998046875e+01
7.846701049804687500e+01
6.063705444335937500e+01
6.110653305053710938e+01
6.145969009399414062e+01
6.232332611083984375e+01
6.403973388671875000e+01
6.581973266601562500e+01
6.693610382080078125e+01
7.454679870605468750e+01
7.528787994384765625e+01
7.602894592285156250e+01
7.777875518798828125e+01
8.077862548828125000e+01
6.067799758911132812e+01
6.117163848876953125e+01
6.185147094726562500e+01
6.288854980468750000e+01
6.862928009033203125e+01
6.771111297607421875e+01
6.824397277832031250e+01
6.884485626220703125e+01
7.022048187255859375e+01
7.321359252929687500e+01
7.221296691894531250e+01
7.263918304443359375e+01
7.315585327148437500e+01
7.413240814208984375e+01
7.599508666992187500e+01
7.762011718750000000e+01
7.859764099121093750e+01
7.955688476562500000e+01
7.194567108154296875e+01
7.211634063720703125e+01
7.227641296386718750e+01
7.259332275390625000e+01
7.322683715820312500e+01
7.833035278320312500e+01
7.910418701171875000e+01
8.010425567626953125e+01
8.182511138916015625e+01
8.462715148925781250e+01
8.004802703857421875e+01
8.070303344726562500e+01
8.143844604492187500e+01
8.278475952148437500e+01
8.398062133789062500e+01
6.875070190429687500e+01
6.904883575439453125e+01
6.951408386230468750e+01
7.022398376464843750e+01
7.153016662597656250e+01
7.422406768798828125e+01
7.768268585205078125e+01
7.907441711425781250e+01
6.542063140869140625e+01
6.571864318847656250e+01
6.612501525878906250e+01
6.672573852539062500e+01
6.796017456054687500e+01
7.028533172607421875e+01
6.044935989379882812e+01
6.101109313964843750e+01
6.175262069702148438e+01
6.297900009155273438e+01
6.554583740234375000e+01
7.336103820800781250e+01
7.412348937988281250e+01
7.486741638183593750e+01
7.646483612060546875e+01
7.950690460205078125e+01
6.335951232910156250e+01
6.410332489013671875e+01
6.479246520996093750e+01
6.628153228759765625e+01
6.912155151367187500e+01
7.121631622314453125e+01
7.268235778808593750e+01
7.414265441894531250e+01
6.630651092529296875e+01
6.675444030761718750e+01
6.724945831298828125e+01
6.820681762695312500e+01
7.014942932128906250e+01
7.149417114257812500e+01
7.300231170654296875e+01
6.061370468139648438e+01
6.135912704467773438e+01
6.185453796386718750e+01
6.655056762695312500e+01
6.885365295410156250e+01
7.114836120605468750e+01
7.171659851074218750e+01
7.234091186523437500e+01
7.357582855224609375e+01
7.610797882080078125e+01
7.878217315673828125e+01
7.668121337890625000e+01
7.707505798339843750e+01
7.749172973632812500e+01
7.814099884033203125e+01
7.967211914062500000e+01
6.115259552001953125e+01
6.149696350097656250e+01
6.188950729370117188e+01
6.242050933837890625e+01
6.366315078735351562e+01
6.607256317138671875e+01
6.793891906738281250e+01
8.473098754882812500e+01
8.521746063232421875e+01
8.569495391845703125e+01
8.672671508789062500e+01
8.869452667236328125e+01
8.972628021240234375e+01
9.075803375244140625e+01
9.178978729248046875e+01
8.324658966064453125e+01
8.388939666748046875e+01
8.459233093261718750e+01
8.584718322753906250e+01
8.858409881591796875e+01
9.005144500732421875e+01
6.827865600585937500e+01
6.851026153564453125e+01
6.877103424072265625e+01
6.920507049560546875e+01
7.010231018066406250e+01
7.187380218505859375e+01
7.283999633789062500e+01
7.370364379882812500e+01
7.459911346435546875e+01
6.709998321533203125e+01
6.749369049072265625e+01
6.790036773681640625e+01
6.859980773925781250e+01
7.003185272216796875e+01
7.102054595947265625e+01
7.150860595703125000e+01
7.205903625488281250e+01
7.316536712646484375e+01
7.537256622314453125e+01
7.688597106933593750e+01
7.928904724121093750e+01
6.904766082763671875e+01
6.921084594726562500e+01
6.939118957519531250e+01
6.971823120117187500e+01
7.039620208740234375e+01
7.155598449707031250e+01
5.158811569213867188e+01
5.227496719360351562e+01
5.293315124511718750e+01
5.433963012695312500e+01
5.700784301757812500e+01
7.628320312500000000e+01
7.717771911621093750e+01
7.806881713867187500e+01
7.975392150878906250e+01
8.318204498291015625e+01
8.547200012207031250e+01
6.655535125732421875e+01
6.684983062744140625e+01
6.715927886962890625e+01
6.776380920410156250e+01
6.890164947509765625e+01
6.956663513183593750e+01
7.019091796875000000e+01
7.077090454101562500e+01
6.048770141601562500e+01
6.083790206909179688e+01
6.120664978027343750e+01
6.192773818969726562e+01
6.328290557861328125e+01
6.407531738281250000e+01
6.481994628906250000e+01
6.548539733886718750e+01
9.003971862792968750e+01
9.082444000244140625e+01
9.170952606201171875e+01
9.319532012939453125e+01
9.641023254394531250e+01
7.103533172607421875e+01
7.146507263183593750e+01
7.204789733886718750e+01
7.295587921142578125e+01
7.486978149414062500e+01
7.692819976806640625e+01
7.787896728515625000e+01
6.453083801269531250e+01
6.518435668945312500e+01
6.587705230712890625e+01
6.730304718017578125e+01
7.011863708496093750e+01
7.162857818603515625e+01
7.308116149902343750e+01
7.198133087158203125e+01
7.237709808349609375e+01
7.289824676513671875e+01
7.362330627441406250e+01
7.512782287597656250e+01
5.490581512451171875e+01
5.545047760009765625e+01
5.615354156494140625e+01
5.734764480590820312e+01
5.976632308959960938e+01
6.097017669677734375e+01
7.646556091308593750e+01
7.690569305419921875e+01
7.741383361816406250e+01
7.835821533203125000e+01
8.029748535156250000e+01
8.126324462890625000e+01
8.225814819335937500e+01
8.320252990722656250e+01
8.566266632080078125e+01
8.633655548095703125e+01
8.732738494873046875e+01
8.901212310791015625e+01
9.289034271240234375e+01
7.632373046875000000e+01
7.692422485351562500e+01
7.788384246826171875e+01
7.930387115478515625e+01
8.234212493896484375e+01
8.392607116699218750e+01
8.538186645507812500e+01
8.704626464843750000e+01
8.425170135498046875e+01
8.463191223144531250e+01
8.518646240234375000e+01
8.614115905761718750e+01
8.787785339355468750e+01
7.214992523193359375e+01
7.263829040527343750e+01
7.308490753173828125e+01
7.407134246826171875e+01
7.604907226562500000e+01
7.686753845214843750e+01
7.787242889404296875e+01
7.885887145996093750e+01
8.354376983642578125e+01
8.400128173828125000e+01
8.468675994873046875e+01
8.524848175048828125e+01
8.682292938232421875e+01
6.237039947509765625e+01
6.279650878906250000e+01
6.336347961425781250e+01
6.418264770507812500e+01
6.592011260986328125e+01
6.764888763427734375e+01
8.782383728027343750e+01
8.843635559082031250e+01
8.911643981933593750e+01
9.051831054687500000e+01
9.344283294677734375e+01
6.053401184082031250e+01
6.104013061523437500e+01
6.164593887329101562e+01
6.273814773559570312e+01
6.488312530517578125e+01
6.733921813964843750e+01
6.849387359619140625e+01
8.154153442382812500e+01
8.195676422119140625e+01
8.263128662109375000e+01
8.351435852050781250e+01
8.548531341552734375e+01
8.929190826416015625e+01
7.801259613037109375e+01
7.855168914794921875e+01
7.921020507812500000e+01
8.031568908691406250e+01
8.260741424560546875e+01
8.345131683349609375e+01
8.463755035400390625e+01
8.578057098388671875e+01
6.627276611328125000e+01
6.673200225830078125e+01
6.730728149414062500e+01
6.847386932373046875e+01
7.029277801513671875e+01
7.412317657470703125e+01
7.425477600097656250e+01
7.440109252929687500e+01
7.469484710693359375e+01
7.522944641113281250e+01
7.552773284912109375e+01
7.580508422851562500e+01
7.610337066650390625e+01
7.195109558105468750e+01
7.209698486328125000e+01
7.228537750244140625e+01
7.259611511230468750e+01
7.317385101318359375e+01
7.371396636962890625e+01
7.405558013916015625e+01
7.450112915039062500e+01
7.503654479980468750e+01
7.601560211181640625e+01
7.822994232177734375e+01
7.935337066650390625e+01
8.030566406250000000e+01
8.129235839843750000e+01
7.352512359619140625e+01
7.367821502685546875e+01
7.384427642822265625e+01
7.450347137451171875e+01
7.531575775146484375e+01
5.331637191772460938e+01
5.372340393066406250e+01
5.416717529296875000e+01
5.493127441406250000e+01
5.639482116699218750e+01
5.944094848632812500e+01
7.769922637939453125e+01
7.838060760498046875e+01
7.931921386718750000e+01
8.075697326660156250e+01
8.389740753173828125e+01
8.536886596679687500e+01
8.686022186279296875e+01
7.636534118652343750e+01
7.672093963623046875e+01
7.730783843994140625e+01
7.790917205810546875e+01
7.938941955566406250e+01
8.091302490234375000e+01
8.274453735351562500e+01
8.564575195312500000e+01
8.717369842529296875e+01
5.749358749389648438e+01
5.793011474609375000e+01
5.831419372558593750e+01
5.916018676757812500e+01
6.166346740722656250e+01
6.258559417724609375e+01
6.337998199462890625e+01
7.865156555175781250e+01
7.919918823242187500e+01
7.973648834228515625e+01
8.089259338378906250e+01
8.419329071044921875e+01
7.620104980468750000e+01
7.660620880126953125e+01
7.704665374755859375e+01
7.774494171142578125e+01
7.939627838134765625e+01
6.498741149902343750e+01
6.542713928222656250e+01
6.582778167724609375e+01
6.657321166992187500e+01
6.783794403076171875e+01
8.693302154541015625e+01
8.762617492675781250e+01
8.822944641113281250e+01
8.962391662597656250e+01
9.242784118652343750e+01
1.059971389770507812e+02
1.066829986572265625e+02
1.074349441528320312e+02
1.088698043823242188e+02
1.118012161254882812e+02
7.983802795410156250e+01
8.022811126708984375e+01
8.067501068115234375e+01
8.137224578857421875e+01
8.290644836425781250e+01
7.164588165283203125e+01
7.231549072265625000e+01
7.318081665039062500e+01
7.458773040771484375e+01
7.752074432373046875e+01
8.040077209472656250e+01
8.195337677001953125e+01
2.298760604858398438e+01
2.349697113037109375e+01
2.410937500000000000e+01
2.504060363769531250e+01
2.681754302978515625e+01
3.087493515014648438e+01
3.294543457031250000e+01
7.729087829589843750e+01
7.743206787109375000e+01
7.759969329833984375e+01
7.793784332275390625e+01
7.858029937744140625e+01
7.920437622070312500e+01
7.953801727294921875e+01
9.362099456787109375e+01
9.430793762207031250e+01
9.499903869628906250e+01
9.640202331542968750e+01
9.813463592529296875e+01
1.017106552124023438e+02
1.034432678222656250e+02
7.392298126220703125e+01
7.446411895751953125e+01
7.504192352294921875e+01
7.612197875976562500e+01
7.740538024902343750e+01
7.857988739013671875e+01
7.972661590576171875e+01
8.089556121826171875e+01
8.208451843261718750e+01
7.648015594482421875e+01
7.708867645263671875e+01
7.794895172119140625e+01
7.943645477294921875e+01
8.087071990966796875e+01
8.483335113525390625e+01
8.555677032470703125e+01
8.677540588378906250e+01
8.808143615722656250e+01
9.136026763916015625e+01
9.276502990722656250e+01
6.978039550781250000e+01
7.051292419433593750e+01
7.133388519287109375e+01
7.256136322021484375e+01
7.398946380615234375e+01
7.681530761718750000e+01
7.853905487060546875e+01
6.113705062866210938e+01
6.169380950927734375e+01
6.223429107666015625e+01
6.446024322509765625e+01
6.576695251464843750e+01
6.822733306884765625e+01
5.909728622436523438e+01
5.964360809326171875e+01
6.017395401000976562e+01
6.235817337036132812e+01
6.605461883544921875e+01
6.960008239746093750e+01
6.977421569824218750e+01
6.993408203125000000e+01
7.025083160400390625e+01
7.061865997314453125e+01
7.145215606689453125e+01
7.792445373535156250e+01
7.878878784179687500e+01
7.977011871337890625e+01
8.165541839599609375e+01
8.697163391113281250e+01
7.263658142089843750e+01
7.280158996582031250e+01
7.295088195800781250e+01
7.327272033691406250e+01
7.401100921630859375e+01
7.431933593750000000e+01
7.465217590332031250e+01
7.494572448730468750e+01
7.545253753662109375e+01
7.581069183349609375e+01
7.664853668212890625e+01
7.727085113525390625e+01
7.892548370361328125e+01
6.440835571289062500e+01
6.475169372558593750e+01
6.580488586425781250e+01
6.841466522216796875e+01
7.101345825195312500e+01
7.712306213378906250e+01
7.727945709228515625e+01
7.745185089111328125e+01
7.776976776123046875e+01
7.808959960937500000e+01
7.892916107177734375e+01
6.999231719970703125e+01
7.036079406738281250e+01
7.083734893798828125e+01
7.164635467529296875e+01
7.362791442871093750e+01
7.525574493408203125e+01
6.991528320312500000e+01
7.034786987304687500e+01
7.081246948242187500e+01
7.163007354736328125e+01
7.350146484375000000e+01
6.401275634765625000e+01
6.425579833984375000e+01
6.451058197021484375e+01
6.492347717285156250e+01
6.582153320312500000e+01
6.764747619628906250e+01
6.918339538574218750e+01
7.024680328369140625e+01
7.792536926269531250e+01
7.913229370117187500e+01
8.041458129882812500e+01
8.399391937255859375e+01
8.554120635986328125e+01
8.645926666259765625e+01
7.394747924804687500e+01
7.443350982666015625e+01
7.500213623046875000e+01
7.603350830078125000e+01
7.848064422607421875e+01
7.955860137939453125e+01
8.059951019287109375e+01
7.822969055175781250e+01
7.836951446533203125e+01
7.855265808105468750e+01
7.887531280517578125e+01
7.947918701171875000e+01
7.212432861328125000e+01
7.307283020019531250e+01
7.411056518554687500e+01
7.507410430908203125e+01
7.633943939208984375e+01
7.837880706787109375e+01
6.098672485351562500e+01
6.216182327270507812e+01
6.347481918334960938e+01
6.602066040039062500e+01
6.816694641113281250e+01
7.974495697021484375e+01
8.050399780273437500e+01
8.151890563964843750e+01
8.317263793945312500e+01
8.785051727294921875e+01
6.805310821533203125e+01
6.860646057128906250e+01
6.935954284667968750e+01
7.223191070556640625e+01
7.650231170654296875e+01
5.914457702636718750e+01
6.034162902832031250e+01
6.157077026367187500e+01
6.410185241699218750e+01
6.655148315429687500e+01
6.878623199462890625e+01
6.907487487792968750e+01
7.114433288574218750e+01
7.383681488037109375e+01
7.605005645751953125e+01
5.793770599365234375e+01
5.841565704345703125e+01
6.009685516357421875e+01
6.214595794677734375e+01
6.447281646728515625e+01
6.695117187500000000e+01
6.735768890380859375e+01
6.922747039794921875e+01
7.108814239501953125e+01
7.332196807861328125e+01
7.168498992919921875e+01
7.182132720947265625e+01
7.231408691406250000e+01
7.293585205078125000e+01
7.326232147216796875e+01
7.354783630371093750e+01
7.353153991699218750e+01
7.369478607177734375e+01
7.419042968750000000e+01
7.477362060546875000e+01
7.554902648925781250e+01
6.347914505004882812e+01
6.543967437744140625e+01
6.766893005371093750e+01
6.869951629638671875e+01
6.970494842529296875e+01
5.976654434204101562e+01
6.025283432006835938e+01
6.198442840576171875e+01
6.429102325439453125e+01
6.543338012695312500e+01
6.647386169433593750e+01
5.953600311279296875e+01
6.003789138793945312e+01
6.183736038208007812e+01
6.463831329345703125e+01
6.574040985107421875e+01
6.691680908203125000e+01
7.406130218505859375e+01
7.419102478027343750e+01
7.465828704833984375e+01
7.554860687255859375e+01
7.584223937988281250e+01
6.479216766357421875e+01
6.524867248535156250e+01
6.692504119873046875e+01
6.943958282470703125e+01
7.067440032958984375e+01
7.155000305175781250e+01
7.526129150390625000e+01
7.585083007812500000e+01
7.784194183349609375e+01
7.983304595947265625e+01
8.098049926757812500e+01
8.232220458984375000e+01
6.484350585937500000e+01
6.655978393554687500e+01
6.841990661621093750e+01
6.918297576904296875e+01
6.999150848388671875e+01
7.539228820800781250e+01
7.852777862548828125e+01
8.166934967041015625e+01
8.321809387207031250e+01
8.470300292968750000e+01
6.265024948120117188e+01
6.470841217041015625e+01
6.677273559570312500e+01
6.792800903320312500e+01
6.878986358642578125e+01
7.068084716796875000e+01
7.104570770263671875e+01
7.193265533447265625e+01
7.281010437011718750e+01
7.341109466552734375e+01
7.402809906005859375e+01
6.565426635742187500e+01
6.639315795898437500e+01
6.709491729736328125e+01
6.750493621826171875e+01
6.781398773193359375e+01
