0.198585 -0.012140 -0.151277
0.201785 -0.012287 -0.146695
0.202934 -0.011734 -0.141853
0.201014 -0.010226 -0.136776
0.202719 -0.009730 -0.131753
0.205504 -0.009372 -0.126453
0.203740 -0.007780 -0.121227
0.204118 -0.006690 -0.115830
0.207234 -0.006377 -0.110598
0.206720 -0.004923 -0.105084
0.205827 -0.003387 -0.099672
0.209189 -0.002803 -0.093881
0.210188 -0.001556 -0.088126
0.208136 0.000342 -0.082852
0.211334 0.001175 -0.076855
0.214057 0.002213 -0.070779
0.211777 0.004209 -0.065646
0.213414 0.005606 -0.059602
0.217936 0.006522 -0.053045
0.215967 0.008716 -0.047560
0.215733 0.010690 -0.041651
0.219789 0.011706 -0.035391
0.219913 0.013702 -0.029444
0.218167 0.016310 -0.023411
0.222450 0.017338 -0.017241
0.224723 0.019014 -0.011024
0.223256 0.021800 -0.004757
0.225549 0.023487 0.001336
0.229053 0.024761 0.007246
0.227959 0.027718 0.013743
0.228804 0.029999 0.019941
0.233020 0.031207 0.025909
0.232771 0.033951 0.032231
0.232049 0.036932 0.038664
0.236209 0.038157 0.044509
0.238036 0.040354 0.050791
0.236919 0.043682 0.057451
0.239956 0.045278 0.063257
0.243236 0.046904 0.069223
0.241818 0.050376 0.075835
0.244027 0.052501 0.082066
0.248837 0.053524 0.087796
0.247423 0.056888 0.094185
0.247493 0.059750 0.100492
0.253120 0.060516 0.106281
0.253520 0.063215 0.112519
0.250261 0.066966 0.118512
0.256105 0.067808 0.124724
0.258918 0.069523 0.130753
0.256120 0.073245 0.136973
0.259310 0.074818 0.143072
0.264303 0.075811 0.149352
0.262109 0.079126 0.155280
0.263156 0.081321 0.161305
0.268354 0.082168 0.167678
0.267947 0.084843 0.173739
0.266998 0.087724 0.179850
0.271905 0.088570 0.186295
0.273721 0.090427 0.192555
0.272320 0.093464 0.198808
0.275900 0.094518 0.204899
0.278775 0.095723 0.210842
0.278124 0.098692 0.217738
0.280121 0.100339 0.223990
0.284742 0.100755 0.229866
0.283986 0.103699 0.236814
0.284817 0.105987 0.243726
0.288746 0.106570 0.249546
0.289748 0.108662 0.256264
0.289284 0.111622 0.263725
0.293192 0.112095 0.269356
0.295549 0.113485 0.275778
0.294258 0.116733 0.283245
0.297313 0.117850 0.289793
0.301146 0.118495 0.295923
0.300600 0.121540 0.303774
0.302514 0.123326 0.310973
0.306237 0.123941 0.316991
0.307116 0.126397 0.324884
0.308221 0.128796 0.332963
0.312062 0.129206 0.338474
0.314036 0.131100 0.346085
0.314475 0.133969 0.354898
0.317907 0.134879 0.361327
0.321240 0.135869 0.367779
0.321747 0.138841 0.377076
0.324252 0.140407 0.384330
0.327417 0.141346 0.390341
0.328663 0.143953 0.399309
0.331023 0.145925 0.407611
0.334720 0.146999 0.414632
0.337116 0.148991 0.422932
0.338822 0.151485 0.431902
0.342083 0.153037 0.439690
0.344971 0.155005 0.448253
0.347471 0.157484 0.457758
0.350947 0.159211 0.466040
0.354629 0.160978 0.474411
0.357335 0.163406 0.483520
0.360614 0.165576 0.492232
0.364892 0.167433 0.500754
0.368382 0.169941 0.510195
0.372164 0.172544 0.519754
0.376693 0.174902 0.528902
0.380920 0.177514 0.538140
0.384911 0.180384 0.547333
0.389661 0.183248 0.556683
0.394971 0.186199 0.566129
0.399717 0.189456 0.575321
0.405558 0.192932 0.585086
0.410950 0.196750 0.594688
0.417188 0.200633 0.604191
0.423255 0.205010 0.613883
0.429770 0.209363 0.622981
0.435963 0.214221 0.632191
0.443064 0.219577 0.641704
0.449746 0.224757 0.650163
0.457423 0.230552 0.658968
0.465398 0.236689 0.667499
0.472831 0.242969 0.675455
0.480001 0.249832 0.683426
0.488966 0.257397 0.691473
0.497139 0.265041 0.698850
0.505391 0.272667 0.705482
0.514196 0.281511 0.712573
0.522890 0.290597 0.719131
0.530804 0.299403 0.724882
0.540323 0.309609 0.730824
0.549670 0.320720 0.736718
0.557676 0.330330 0.741178
0.566360 0.341443 0.745911
0.575972 0.354536 0.750992
0.584547 0.365383 0.754333
0.593329 0.376913 0.757452
0.601958 0.390418 0.761237
0.610304 0.402680 0.763912
0.618484 0.414776 0.766123
0.626586 0.429488 0.769190
0.634901 0.443191 0.771278
0.641314 0.454883 0.773019
0.649157 0.468580 0.774721
0.656515 0.482223 0.776376
0.661736 0.494255 0.778223
0.668942 0.507402 0.779478
0.677042 0.521714 0.780656
0.681230 0.533211 0.782618
0.685987 0.544921 0.784397
0.693307 0.557427 0.785367
0.698577 0.568831 0.786981
0.702392 0.580205 0.789305
0.709382 0.590966 0.790240
0.713643 0.601024 0.792269
0.715651 0.611691 0.795684
0.721225 0.620744 0.797151
0.726191 0.629481 0.798924
0.728588 0.639999 0.802852
0.733192 0.647600 0.804798
0.738794 0.654623 0.806326
0.740117 0.663904 0.810848
0.742909 0.671397 0.814157
0.748555 0.677359 0.815901
0.750006 0.685093 0.820314
0.752345 0.693195 0.824956
0.756447 0.698861 0.827823
0.758921 0.704811 0.831567
0.760245 0.711042 0.836023
0.764310 0.716386 0.839379
0.767536 0.722223 0.843553
0.768976 0.727775 0.848117
0.772525 0.732854 0.852046
0.776610 0.738366 0.856430
0.778146 0.743342 0.861062
0.781214 0.748429 0.865642
0.785729 0.753581 0.870196
0.786920 0.759037 0.875735
0.788807 0.764311 0.881112
0.793228 0.769263 0.885899
0.794709 0.774530 0.891509
0.794819 0.780525 0.898065
0.799907 0.785328 0.902867
0.802941 0.790514 0.908358
0.803071 0.795600 0.914087
0.806821 0.801235 0.919964
0.810686 0.806413 0.925370
0.810835 0.811613 0.931156
0.813533 0.816863 0.936696
0.818288 0.821704 0.941576
0.818780 0.827435 0.947716
0.820438 0.833317 0.953827
0.825243 0.838948 0.959302
0.826779 0.844762 0.965193
0.827413 0.850411 0.970929
0.832112 0.855737 0.975862
0.834695 0.861622 0.981442
0.834905 0.867566 0.987219
0.838967 0.873040 0.992065
0.842498 0.879302 0.997574
0.842637 0.884699 1.002573
0.845588 0.890503 1.007528
0.849193 0.896398 1.012392
