0.220693 0.057683 -0.219409
0.220752 0.059531 -0.215699
0.221430 0.061194 -0.211996
0.222996 0.062588 -0.208262
0.223566 0.064361 -0.204475
0.223875 0.066222 -0.200717
0.225503 0.067742 -0.196847
0.226549 0.069467 -0.192971
0.226878 0.071510 -0.189034
0.228260 0.073228 -0.185073
0.229784 0.074975 -0.181031
0.230149 0.077082 -0.177054
0.231219 0.079030 -0.172997
0.233212 0.080841 -0.168766
0.233735 0.083036 -0.164671
0.234433 0.085220 -0.160547
0.236631 0.087182 -0.156129
0.237731 0.089372 -0.151891
0.238023 0.091760 -0.147737
0.240275 0.093832 -0.143261
0.242056 0.096018 -0.138847
0.242623 0.098567 -0.134489
0.244403 0.100871 -0.130003
0.246767 0.103027 -0.125484
0.247407 0.105756 -0.120988
0.248695 0.108335 -0.116463
0.251114 0.110602 -0.111886
0.252496 0.113299 -0.107266
0.253556 0.116189 -0.102578
0.256010 0.118567 -0.097966
0.257961 0.121236 -0.093277
0.258940 0.124312 -0.088525
0.261293 0.126928 -0.083808
0.263854 0.129523 -0.079106
0.264984 0.132758 -0.074263
0.266845 0.135709 -0.069499
0.269665 0.138338 -0.064808
0.271267 0.141607 -0.059915
0.272815 0.144903 -0.055052
0.275873 0.147637 -0.050332
0.277844 0.150864 -0.045526
0.279047 0.154516 -0.040602
0.282242 0.157438 -0.035836
0.285015 0.160573 -0.031059
0.286066 0.164454 -0.026161
0.288821 0.167748 -0.021387
0.292819 0.170782 -0.016588
0.293894 0.174772 -0.011822
0.295999 0.178555 -0.007044
0.299992 0.181761 -0.002361
0.302059 0.185708 0.002357
0.303552 0.189879 0.007022
0.307514 0.193442 0.011686
0.310437 0.197414 0.016316
0.311967 0.201828 0.020876
0.315495 0.205820 0.025414
0.319253 0.209824 0.029889
0.321015 0.214485 0.034319
0.323931 0.218977 0.038710
0.328020 0.223210 0.043007
0.330416 0.228160 0.047353
0.333150 0.233220 0.051666
0.337135 0.237719 0.055682
0.340263 0.242821 0.059806
0.342553 0.248505 0.063984
0.346784 0.253387 0.067801
0.350496 0.258588 0.071590
0.353238 0.264666 0.075566
0.357060 0.270270 0.079254
0.361442 0.275599 0.082719
0.364421 0.282230 0.086510
0.367985 0.288578 0.090063
0.372950 0.294304 0.093297
0.376402 0.301047 0.096703
0.379642 0.308188 0.100122
0.384558 0.314381 0.103114
0.388649 0.321280 0.106203
0.392240 0.329046 0.109453
0.396823 0.335872 0.112311
0.401423 0.342857 0.115110
0.405270 0.351355 0.118305
0.409701 0.358920 0.121129
0.414818 0.366064 0.123732
0.418973 0.374615 0.126744
0.423208 0.383241 0.129762
0.428530 0.390632 0.132323
0.433252 0.399147 0.135266
0.437893 0.408347 0.138464
0.443156 0.416233 0.141251
0.448086 0.424612 0.144248
0.452641 0.433757 0.147579
0.457709 0.442267 0.150800
0.463084 0.450440 0.154033
0.467969 0.459329 0.157649
0.473011 0.467860 0.161292
0.478160 0.475885 0.164937
0.483147 0.484620 0.169020
0.488051 0.493234 0.173295
0.493374 0.501353 0.177626
0.498537 0.509620 0.182269
0.503301 0.517942 0.187189
0.508485 0.525811 0.192154
0.513550 0.533488 0.197313
0.518347 0.541228 0.202791
0.523413 0.548848 0.208503
0.528538 0.556181 0.214414
0.533462 0.563448 0.220529
0.538272 0.570623 0.226852
0.543284 0.577531 0.233389
0.547978 0.584242 0.239977
0.552909 0.590755 0.246769
0.557599 0.597205 0.253741
0.562470 0.603423 0.260820
0.567161 0.609590 0.268130
0.572083 0.615548 0.275536
0.576760 0.621296 0.282913
0.581639 0.627161 0.290692
0.586298 0.632845 0.298421
0.590830 0.638365 0.306167
0.595627 0.643892 0.314157
0.600551 0.649223 0.322129
0.604968 0.654456 0.329962
0.609645 0.659684 0.337997
0.614338 0.665003 0.346285
0.618823 0.669979 0.354147
0.623372 0.674979 0.362148
0.628092 0.680053 0.370394
0.632375 0.684934 0.378281
0.636734 0.689681 0.386058
0.641234 0.694678 0.394303
0.645574 0.699455 0.402216
0.649657 0.703932 0.409618
0.653815 0.708853 0.417785
0.657876 0.713701 0.425886
0.661851 0.718129 0.433282
0.665761 0.722825 0.441167
0.669573 0.727546 0.449132
0.673357 0.731802 0.456344
0.676901 0.736259 0.463894
0.680734 0.740906 0.471898
0.684103 0.745300 0.479418
0.687449 0.749644 0.486907
0.691175 0.754062 0.494674
0.694253 0.758403 0.502229
0.696971 0.762568 0.509471
0.700553 0.766870 0.517167
0.703858 0.771122 0.524785
0.706335 0.775353 0.532261
0.709240 0.779566 0.539825
0.712495 0.783664 0.547298
0.714612 0.787912 0.554866
0.717452 0.792093 0.562439
0.720885 0.795988 0.569596
0.723126 0.800279 0.577295
0.725501 0.804568 0.585005
0.728522 0.808276 0.591743
0.730779 0.812594 0.599423
0.732643 0.817005 0.607179
0.735821 0.820767 0.613900
0.738451 0.824887 0.621109
0.740098 0.829361 0.628763
0.743060 0.833310 0.635561
0.745710 0.837160 0.642114
0.747718 0.841557 0.649401
0.750225 0.845842 0.656432
0.753086 0.850032 0.663227
0.755033 0.854467 0.670273
0.757247 0.858769 0.677024
0.760026 0.863131 0.683756
0.762115 0.867647 0.690610
0.764096 0.872129 0.697310
0.766783 0.876645 0.703953
0.769041 0.881227 0.710596
0.770839 0.885826 0.717198
0.773722 0.890361 0.723563
0.776389 0.894988 0.729966
0.778243 0.899748 0.736518
0.781057 0.904451 0.742844
0.784326 0.908973 0.748842
0.785984 0.913890 0.755372
0.788313 0.918727 0.761682
0.791583 0.923628 0.767927
0.793684 0.928395 0.774050
0.795745 0.933331 0.780318
0.799004 0.938284 0.786449
0.801433 0.943247 0.792610
0.803187 0.948356 0.798955
0.806313 0.953210 0.804833
0.809050 0.958035 0.810668
0.810749 0.962949 0.816661
0.813495 0.967813 0.822463
0.816516 0.972729 0.828264
0.818194 0.977745 0.834272
0.820538 0.982592 0.839990
0.823632 0.987413 0.845576
0.825445 0.992367 0.851409
0.827402 0.997080 0.856928
0.830442 1.002020 0.862571
0.832531 1.006830 0.868136
0.834374 1.011594 0.873649
