-0.141324
-0.029067
0.017400
0.239755
-0.678980
0.013110
-1.072338
1.164334
-0.420079
1.166744
-1.447989
-0.193303
-0.114588
0.068085
0.277702
-0.517957
0.008277
-0.946285
-0.213483
-0.031841
-1.838571
1.260357
-0.051776
0.017210
-0.054866
0.165681
-0.078649
0.188987
0.044988
-0.011972
0.191210
0.071282
0.201873
-0.137563
1.119664
-0.010251
0.148758
0.016038
-0.325941
-0.098210
-0.024130
-0.397064
-0.393689
-0.626098
0.047228
-0.089482
-1.108278
-0.005675
1.498970
0.551328
-1.765203
-0.033957
0.645370
-0.116775
-0.078974
-0.181009
0.301055
0.106645
0.142214
1.311031
-0.985349
0.369728
-0.036627
0.063673
0.146489
-0.129857
0.054840
-0.001225
-0.164359
0.040331
0.155661
0.074384
0.091081
0.364584
-0.042093
-0.020092
-0.007174
0.906842
-0.068682
-0.848148
0.705912
0.054763
-0.033829
-0.191586
-0.785906
1.709386
2.129243
-2.005703
1.192400
0.043217
0.139324
0.270148
0.283697
0.095597
0.031121
-1.007554
-0.715563
0.021547
0.065226
1.383269
0.033323
0.708421
-0.054036
-0.087574
-0.049037
0.599627
-0.755339
0.029694
-0.023171
0.879131
-1.556731
0.557299
0.175013
-0.080162
-0.052519
1.162396
0.047421
1.813595
-0.110942
-0.042415
-0.256659
-0.051470
0.644564
-0.037936
-1.634243
0.011250
0.003876
-0.107469
0.293205
-1.542888
0.639693
-1.326864
0.026007
1.597480
-0.409726
-0.818445
1.330902
0.447262
-0.070173
0.109836
-0.104208
-0.008998
-0.528157
-0.025269
-0.218998
1.472957
0.298517
0.521344
0.436423
0.137156
1.332061
0.530938
-0.140153
-0.844048
-0.043316
-0.867809
0.152701
-0.087931
1.440083
-0.095223
0.041213
0.667382
0.002273
0.136698
-0.063462
-0.073582
-0.611000
-0.359572
-1.744681
1.694216
1.535407
-0.031399
-0.082737
0.414291
-0.234141
-1.173802
-1.052883
2.056004
-1.260165
-0.609424
-1.045139
0.115273
-0.444354
-0.563293
-0.102300
1.607514
-0.736213
-0.064138
0.134294
0.213649
-0.054737
-0.101067
-0.215315
-1.397448
0.362544
-0.401683
0.437595
0.088535
-0.227985
-0.138363
-0.131191
-0.067955
-0.115065
0.130933
1.445557
0.031207
0.004573
-1.803150
0.013587
1.316815
0.906143
-1.005462
-1.036004
-0.007119
-0.380645
0.216932
-0.871161
-0.100166
0.119174
-0.034831
-0.767614
0.662162
-2.316705
-2.131440
-0.021827
0.146491
0.824776
0.026231
0.921564
-0.028464
-0.374437
0.123447
0.070726
0.603673
0.093207
0.052018
-0.185596
0.307522
1.489981
0.118871
-0.363919
-0.061589
0.048947
-0.162008
-1.108210
0.046207
-0.187652
-0.076996
-0.524495
0.074025
0.613224
-0.003905
-0.060321
-1.019356
0.122200
-0.070653
-0.043695
-0.198364
0.466702
0.083488
-0.120725
1.807324
2.227638
-0.685223
-0.291516
-0.110740
1.151166
-0.100062
-0.196555
-0.568134
1.273215
0.810886
0.134325
-0.087113
-0.041270
0.328594
-0.280219
0.631248
-0.306820
0.111680
1.725568
-0.084979
-0.284962
-1.301528
-0.016694
-1.447490
-0.023648
-0.527382
-0.039080
0.104704
-0.020658
-0.094244
0.328697
0.479166
1.913356
-1.143821
-1.297153
-0.853198
0.942299
0.105660
0.093083
-1.232188
0.053387
-0.249205
0.480817
1.415399
-0.941841
1.442716
0.115405
0.770737
-1.672996
1.240523
0.529725
-0.029473
-0.051834
-0.414167
-0.028304
-1.758839
0.218871
-1.184502
0.223341
1.006249
0.268430
-1.344311
-0.099002
0.383272
-0.598166
-1.592596
-0.181067
-0.033872
0.564022
0.342151
-1.127376
0.469878
0.114820
0.002751
-0.092317
-1.052946
0.364664
0.057389
-0.779742
-0.417708
-0.307513
-0.226729
1.060652
-0.216257
0.227937
0.124863
0.708281
-0.404157
1.310018
-0.027647
3.585431
1.469130
-0.119873
0.906588
0.238228
-0.991807
1.238134
0.052538
2.449395
-1.503114
0.313300
-0.131821
0.851653
-0.079712
0.442874
1.243407
0.651837
0.424490
0.569871
0.305160
-1.408063
-0.148992
-0.688320
-0.089513
-2.246958
1.455292
1.062231
0.149293
-0.058116
-0.389455
-0.342873
0.003204
1.400167
2.175680
-0.399020
0.086689
1.203666
0.048771
1.971466
0.037144
-0.026185
0.187628
1.458228
-0.443522
0.393767
0.343338
-0.500680
0.033763
-0.065035
0.071115
0.236554
-1.496036
-0.068445
-0.328263
-0.080056
-0.258388
-1.230209
0.076446
-1.168129
-0.050175
-0.174775
0.227011
-1.532695
-0.236156
-0.845002
-0.073156
0.066415
-0.857196
-0.016173
-0.158268
-1.096280
-0.736716
-1.584488
0.230964
-0.954452
-0.900383
-0.122915
0.169132
