88.288110
90.502374
74.021208
79.867749
88.954020
84.041592
69.100402
70.937190
70.397197
82.259982
86.394714
75.059504
81.752076
82.650869
78.551802
81.114501
78.463725
70.389889
81.593333
63.427822
69.226579
77.543039
75.426934
74.060475
79.980536
82.061457
73.433532
72.476643
70.968239
82.096511
64.087108
78.849753
62.225741
80.298052
73.054550
72.406176
70.872576
71.995494
56.801443
73.112030
72.703544
75.020078
72.985849
70.405524
57.502129
84.410014
63.770563
80.880430
61.094963
82.825714
80.944806
74.137895
83.361910
82.191414
83.067605
90.252113
89.107613
83.020720
62.923928
84.855044
81.723052
74.999068
82.681521
62.977640
72.022340
81.479690
77.005078
87.689771
74.301440
70.968318
94.273029
72.332598
65.125142
83.871817
65.777119
69.731687
53.600655
81.738914
71.191927
77.032177
96.956160
67.715360
76.341108
67.973647
75.325498
81.196095
67.159723
68.846410
73.762105
64.409399
76.691233
67.845786
66.786731
89.838654
66.832573
71.210283
70.618022
63.625283
67.133068
61.329874
74.413413
59.826591
77.794588
71.785697
69.519754
81.634342
80.507995
70.260612
78.736644
71.846241
71.283506
77.551233
61.475339
92.643455
68.574863
90.069706
75.884656
79.320407
88.257423
70.930604
86.330478
70.860392
89.487144
71.652547
74.465705
74.485994
70.878131
77.741160
64.761339
77.215235
89.587151
77.377261
78.378887
66.472952
76.296054
70.015592
54.689918
73.485974
80.851213
78.978019
89.109004
78.970898
79.670172
68.775917
80.738048
75.155790
58.617045
68.455073
87.098020
71.315117
75.319554
78.777874
78.624534
89.149963
70.957150
71.971991
69.317109
73.687366
64.870410
87.320215
70.299625
89.154078
79.305741
81.971186
87.943348
87.015877
79.526237
77.342579
76.492296
70.287476
68.233846
73.465691
80.185319
72.790084
82.515087
78.851639
53.460932
76.817722
65.369954
92.003166
70.114454
52.721507
73.318999
81.017461
70.811238
91.501786
61.726991
70.794496
60.353769
72.619046
65.368465
88.782688
72.066060
66.474815
72.367639
76.773445
64.483467
69.840796
76.580045
81.754704
82.219893
69.886913
83.816513
78.187392
76.489190
76.915378
68.886459
73.596576
76.908201
70.150978
67.091159
74.119742
68.570632
70.131465
71.997151
82.566392
74.111145
73.550477
72.802864
83.282515
87.547639
55.542446
70.222616
70.533494
86.977413
77.024198
86.525691
79.544708
83.234560
71.491109
76.533199
76.373616
98.165728
94.769170
77.840652
81.580425
80.025022
79.131500
78.169906
82.992558
85.407265
78.256009
63.965207
81.013130
73.284999
67.860949
92.030680
77.723358
79.224824
82.542093
77.856988
77.529315
73.343758
81.530154
76.963520
87.446396
81.254066
86.087406
70.150437
80.058149
79.358028
37.190458
90.999114
75.938810
82.205633
80.273781
82.131349
72.877387
78.589441
84.426896
65.259850
72.592105
81.174875
76.172064
70.244750
78.991331
74.713460
79.685688
74.838875
67.388273
63.010763
68.978245
83.990104
82.594199
75.803594
66.263673
85.680917
78.989270
76.684269
80.462559
79.909038
74.230973
70.888214
70.766802
40.787051
80.942302
84.548424
68.164212
67.653060
67.470509
81.438213
68.882299
66.016453
82.915440
79.632615
53.154025
64.210130
65.390571
74.628882
67.693554
71.902902
65.790377
75.315234
81.142174
75.723001
61.145067
77.705828
67.366548
86.278039
81.409321
77.465971
56.560037
74.996852
79.671863
70.537596
78.557303
81.835547
69.275658
73.938634
67.576527
82.090976
73.887703
80.530943
72.064348
75.903623
65.656691
74.569100
76.327181
84.812287
78.458176
79.333649
74.620945
80.558627
79.886235
60.017041
77.340704
66.207889
80.130995
86.053590
78.174011
64.814244
89.618189
82.013989
56.262662
82.900894
90.438526
52.147910
75.260550
80.126400
86.105768
92.834496
65.387380
78.706972
71.420970
67.393247
71.445612
66.993195
79.611320
69.763956
81.292261
71.074432
58.459871
78.899764
84.008189
84.483313
85.302817
71.112179
70.207943
75.735667
76.710800
78.995566
71.496510
83.981273
83.642561
66.598021
54.057591
72.793405
62.311124
95.201875
62.447998
62.279490
76.215948
61.781865
72.007187
72.401534
85.241342
84.829439
77.286595
72.246402
73.542896
71.671630
85.000118
63.675292
74.068831
79.764801
82.018459
65.641369
72.689938
69.396298
68.483061
80.574764
74.222723
72.217277
82.606816
80.373496
82.454923
85.313670
84.859648
74.823143
81.798544
79.512997
83.129090
81.090623
76.528028
73.740021
91.684343
75.157513
78.428853
67.902923
94.198925
