0.209951 0.026056 -0.183348
0.211434 0.026921 -0.179161
0.212309 0.028050 -0.174884
0.212243 0.029525 -0.170518
0.213315 0.030676 -0.166117
0.214754 0.031808 -0.161611
0.214787 0.033376 -0.157109
0.215502 0.034797 -0.152514
0.217097 0.035975 -0.147931
0.217578 0.037565 -0.143250
0.217952 0.039201 -0.138564
0.219690 0.040547 -0.133732
0.220704 0.042136 -0.128887
0.220778 0.043961 -0.124157
0.222526 0.045458 -0.119177
0.224148 0.047049 -0.114145
0.224212 0.048974 -0.109370
0.225538 0.050732 -0.104296
0.227797 0.052354 -0.099034
0.228034 0.054423 -0.094081
0.228839 0.056445 -0.088969
0.231023 0.058166 -0.083713
0.231996 0.060244 -0.078540
0.232395 0.062554 -0.073323
0.234729 0.064349 -0.068015
0.236464 0.066393 -0.062681
0.237023 0.068835 -0.057321
0.238815 0.070929 -0.051974
0.241015 0.072903 -0.046649
0.241772 0.075477 -0.041152
0.243182 0.077846 -0.035712
0.245698 0.079871 -0.030302
0.246802 0.082442 -0.024786
0.247790 0.085123 -0.019218
0.250373 0.087225 -0.013783
0.252229 0.089683 -0.008207
0.253170 0.092556 -0.002512
0.255474 0.094855 0.002966
0.257884 0.097187 0.008510
0.258801 0.100180 0.014249
0.260924 0.102734 0.019904
0.263924 0.104932 0.025433
0.264906 0.107952 0.031161
0.266400 0.110825 0.036885
0.269757 0.113008 0.042477
0.271409 0.115869 0.048210
0.271854 0.119096 0.053886
0.275371 0.121382 0.059641
0.277895 0.123975 0.065354
0.278555 0.127262 0.071136
0.281249 0.129854 0.076890
0.284581 0.132282 0.082705
0.285490 0.135485 0.088430
0.287517 0.138343 0.094188
0.290979 0.140789 0.100044
0.292551 0.143853 0.105828
0.293946 0.147003 0.111630
0.297368 0.149521 0.117514
0.299754 0.152391 0.123357
0.301036 0.155668 0.129207
0.304044 0.158307 0.134988
0.306833 0.161016 0.140734
0.308429 0.164383 0.146762
0.310936 0.167305 0.152584
0.314380 0.169829 0.158292
0.315977 0.173279 0.164321
0.318136 0.176540 0.170324
0.321385 0.179204 0.176003
0.323634 0.182455 0.181942
0.325391 0.186079 0.188089
0.328678 0.188791 0.193699
0.331447 0.191893 0.199533
0.332954 0.195732 0.205678
0.336010 0.198826 0.211539
0.339348 0.201762 0.217272
0.341178 0.205685 0.223519
0.343896 0.209171 0.229573
0.347269 0.212203 0.235303
0.349656 0.216048 0.241557
0.352160 0.219934 0.247887
0.355624 0.222958 0.253503
0.358460 0.226696 0.259713
0.360805 0.230921 0.266323
0.364197 0.234285 0.272246
0.367563 0.237699 0.278184
0.369997 0.242095 0.285024
0.373124 0.245835 0.291281
0.376480 0.249261 0.297209
0.379216 0.253562 0.304054
0.382371 0.257590 0.310746
0.386017 0.261190 0.317103
0.389217 0.265241 0.323900
0.392180 0.269540 0.330955
0.395728 0.273389 0.337710
0.399166 0.277455 0.344761
0.402479 0.281783 0.352144
0.406177 0.285725 0.359256
0.409963 0.289677 0.366433
0.413390 0.293926 0.373909
0.417049 0.298036 0.381317
0.421106 0.301998 0.388699
0.424907 0.306274 0.396474
0.428831 0.310583 0.404313
0.433051 0.314758 0.412046
0.437195 0.319045 0.419888
0.441235 0.323420 0.427706
0.445623 0.327817 0.435618
0.450280 0.332280 0.443591
0.454699 0.336847 0.451450
0.459617 0.341572 0.459505
0.464375 0.346449 0.467490
0.469508 0.351389 0.475412
0.474619 0.356588 0.483379
0.479910 0.361790 0.491055
0.485120 0.367264 0.498730
0.490734 0.373022 0.506423
0.496212 0.378754 0.513685
0.502144 0.384851 0.520974
0.508193 0.391136 0.528027
0.514075 0.397572 0.534801
0.519884 0.404331 0.541465
0.526430 0.411481 0.548008
0.532689 0.418748 0.554211
0.539026 0.426139 0.560045
0.545546 0.434036 0.565878
0.552057 0.442139 0.571424
0.558286 0.450232 0.576582
0.565119 0.458915 0.581688
0.571902 0.468009 0.586701
0.578147 0.476592 0.591103
0.584649 0.485774 0.595542
0.591462 0.495641 0.600073
0.597895 0.504803 0.603919
0.604406 0.514245 0.607671
0.610770 0.524225 0.611671
0.617041 0.533843 0.615257
0.623227 0.543392 0.618683
0.629344 0.553683 0.622524
0.635505 0.563615 0.626038
0.640980 0.572910 0.629362
0.646906 0.582712 0.632846
0.652631 0.592424 0.636374
0.657590 0.601613 0.639911
0.663181 0.611015 0.643432
0.669039 0.620646 0.647111
0.673521 0.629427 0.650883
0.678154 0.638174 0.654707
0.683605 0.647023 0.658481
0.688315 0.655492 0.662441
0.692527 0.663925 0.666703
0.697686 0.671982 0.670632
0.701911 0.679822 0.674906
0.705339 0.687765 0.679711
0.709910 0.695157 0.683960
0.714267 0.702436 0.688379
0.717661 0.710069 0.693627
0.721772 0.716845 0.698179
0.726181 0.723394 0.702672
0.729118 0.730533 0.708266
0.732505 0.737102 0.713455
0.736813 0.743174 0.718188
0.739676 0.749706 0.723863
0.742806 0.756305 0.729730
0.746487 0.762139 0.734957
0.749583 0.768007 0.740494
0.752259 0.773913 0.746295
0.755822 0.779516 0.751795
0.759068 0.785226 0.757597
0.761678 0.790802 0.763486
0.764963 0.796202 0.769205
0.768427 0.801739 0.775138
0.770934 0.806987 0.781016
0.773956 0.812281 0.786932
0.777431 0.817568 0.792850
0.779764 0.822911 0.799031
0.782300 0.828171 0.805141
0.785654 0.833311 0.811047
0.788000 0.838520 0.817172
0.789865 0.843937 0.823585
0.793365 0.848965 0.829393
0.796158 0.854092 0.835385
0.797962 0.859165 0.841404
0.800952 0.864408 0.847460
0.803961 0.869489 0.853312
0.805714 0.874560 0.859243
0.808299 0.879639 0.865061
0.811554 0.884580 0.870618
0.813370 0.889792 0.876560
0.815560 0.895044 0.882459
0.818785 0.900210 0.888105
0.820903 0.905423 0.893853
0.822705 0.910576 0.899509
0.825851 0.915621 0.904853
0.828275 0.920833 0.910384
0.829889 0.926056 0.915944
0.832779 0.931123 0.921145
0.835477 0.936428 0.926545
0.837020 0.941454 0.931720
0.839492 0.946597 0.936848
0.842169 0.951758 0.941911
