0.229886 0.082242 -0.255647
0.228833 0.084921 -0.252431
0.229373 0.087017 -0.249266
0.232257 0.088307 -0.246076
0.232446 0.090594 -0.242855
0.231864 0.093048 -0.239751
0.234783 0.094506 -0.236427
0.236107 0.096470 -0.233168
0.235448 0.099250 -0.229834
0.237568 0.101064 -0.226481
0.240033 0.102907 -0.223008
0.239313 0.105655 -0.219754
0.240442 0.107908 -0.216364
0.244006 0.109738 -0.212614
0.243559 0.112534 -0.209259
0.243525 0.115229 -0.205891
0.247483 0.117290 -0.201875
0.248414 0.119872 -0.198345
0.247118 0.122918 -0.195082
0.251028 0.125061 -0.191085
0.253618 0.127439 -0.187298
0.252883 0.130741 -0.183715
0.255335 0.133302 -0.179857
0.259306 0.135387 -0.175973
0.258573 0.138987 -0.172211
0.259495 0.142093 -0.168419
0.263428 0.144273 -0.164545
0.264471 0.147571 -0.160622
0.264590 0.151349 -0.156597
0.268410 0.153615 -0.152775
0.270782 0.156622 -0.148825
0.270458 0.160706 -0.144777
0.273798 0.163432 -0.140843
0.277610 0.166008 -0.136986
0.277471 0.170327 -0.132845
0.279249 0.173767 -0.128923
0.283543 0.176206 -0.125211
0.284460 0.180405 -0.121065
0.285157 0.184605 -0.117022
0.289888 0.187111 -0.113351
0.291570 0.190943 -0.109503
0.291062 0.195909 -0.105406
0.295971 0.198733 -0.101732
0.299641 0.202069 -0.098056
0.298458 0.207426 -0.094074
0.301924 0.211048 -0.090446
0.308808 0.213898 -0.086859
0.307425 0.219264 -0.083206
0.308851 0.223997 -0.079598
0.315511 0.227045 -0.076317
0.316680 0.232043 -0.072852
0.316136 0.237532 -0.069459
0.322526 0.241335 -0.066263
0.325900 0.246142 -0.063064
0.325240 0.252001 -0.059866
0.330179 0.256662 -0.056912
0.335738 0.261263 -0.054112
0.335509 0.267476 -0.051157
0.338491 0.273147 -0.048413
0.344810 0.278043 -0.045990
0.346203 0.284779 -0.043247
0.348460 0.291713 -0.040621
0.354271 0.296856 -0.038658
0.357570 0.303630 -0.036384
0.358323 0.311879 -0.033898
0.364647 0.317656 -0.032291
0.369411 0.324154 -0.030624
0.371258 0.333067 -0.028525
0.376179 0.340377 -0.027028
0.382655 0.346633 -0.025924
0.384967 0.356601 -0.024129
0.388902 0.365465 -0.022745
0.396823 0.372239 -0.022040
0.400244 0.381742 -0.020789
0.402994 0.392228 -0.019452
0.410466 0.399533 -0.018938
0.415445 0.408664 -0.018095
0.418884 0.420168 -0.016937
0.425115 0.428508 -0.016335
0.431226 0.436967 -0.015745
0.435151 0.449862 -0.014483
0.440642 0.459554 -0.013647
0.447825 0.467538 -0.013143
0.452335 0.479657 -0.011811
0.457026 0.491773 -0.010333
0.464424 0.499659 -0.009600
0.470186 0.510825 -0.008066
0.475683 0.523839 -0.005956
0.482644 0.532603 -0.004515
0.488625 0.542659 -0.002575
0.493556 0.554797 0.000127
0.499728 0.564917 0.002622
0.506601 0.573967 0.005124
0.512134 0.584976 0.008490
0.517983 0.594896 0.011872
0.524073 0.603459 0.015155
0.529606 0.613857 0.019383
0.534923 0.624005 0.023955
0.541219 0.632852 0.028470
0.547063 0.642173 0.033591
0.551938 0.651806 0.039229
0.557704 0.660201 0.044705
0.563200 0.668301 0.050437
0.568067 0.676778 0.056763
0.573447 0.684956 0.063415
0.579022 0.692668 0.070341
0.584061 0.700322 0.077528
0.588780 0.707858 0.084986
0.594009 0.714973 0.092795
0.598480 0.721730 0.100454
0.603469 0.728137 0.108427
0.607900 0.734564 0.116660
0.612689 0.740496 0.124931
0.617120 0.746558 0.133710
0.622008 0.752144 0.142549
0.626375 0.757376 0.151114
0.631098 0.762942 0.160723
0.635324 0.768157 0.169999
0.639336 0.773164 0.179300
0.643837 0.778145 0.189221
0.648616 0.782683 0.199034
0.652325 0.787142 0.208360
0.656553 0.791553 0.218296
0.660734 0.796157 0.228930
0.664616 0.800091 0.238414
0.668586 0.804037 0.248285
0.672890 0.808098 0.258976
0.676326 0.811841 0.268576
0.679943 0.815227 0.277813
0.683859 0.819166 0.288770
0.687494 0.822622 0.298664
0.690702 0.825492 0.306983
0.693956 0.829303 0.317808
0.697024 0.832955 0.328381
0.700167 0.835753 0.336971
0.703089 0.839132 0.347071
0.705834 0.842596 0.357463
0.708751 0.845067 0.365487
0.711107 0.848070 0.374574
0.714131 0.851358 0.385248
0.716246 0.854305 0.394259
0.718396 0.857160 0.403178
0.721497 0.860026 0.413119
0.723165 0.863004 0.422184
0.724093 0.865771 0.430102
0.727150 0.868481 0.439760
0.729637 0.871215 0.449052
0.730158 0.874245 0.457601
0.731819 0.877077 0.466539
0.734427 0.879507 0.475116
0.734271 0.882762 0.483867
0.735995 0.885571 0.492700
0.739431 0.887568 0.500304
0.739703 0.890835 0.509276
0.740317 0.894004 0.518159
0.743020 0.895780 0.524291
0.743490 0.899078 0.533099
0.742925 0.902680 0.542019
0.746148 0.904454 0.547952
0.747842 0.907161 0.555297
0.746812 0.910899 0.563816
0.749560 0.913095 0.569948
0.751530 0.915102 0.575260
0.751641 0.918497 0.582790
0.753200 0.921502 0.589665
0.755808 0.924197 0.595924
0.755882 0.927621 0.602875
0.756768 0.930650 0.609048
0.759267 0.933730 0.615335
0.759864 0.937279 0.622006
0.760130 0.940662 0.628204
0.762585 0.944206 0.634635
0.763796 0.947889 0.641038
0.763763 0.951659 0.647408
0.766848 0.955175 0.653280
0.769363 0.958963 0.659373
0.769624 0.963180 0.666000
0.772656 0.967194 0.672128
0.777036 0.970716 0.677415
0.776883 0.975415 0.684371
0.778682 0.979882 0.690819
0.783197 0.984501 0.697217
0.784446 0.988826 0.703353
0.785622 0.993633 0.710048
0.790246 0.998466 0.716470
0.792556 1.003373 0.723095
0.792995 1.008721 0.730384
0.797367 1.013341 0.736403
0.800672 1.017909 0.742405
0.801076 1.022766 0.748994
0.804486 1.027474 0.755129
0.808720 1.032338 0.761377
0.809187 1.037521 0.768360
0.811577 1.042242 0.774585
0.816133 1.046895 0.780530
0.817104 1.051950 0.787331
0.818513 1.056377 0.793285
0.823042 1.061406 0.799756
0.824916 1.066126 0.806087
0.826135 1.070756 0.812369
