0.086373 -0.003797 -0.000585 0.086863 -0.003389 0.102326
0.079727 -0.016724 0.003456 0.048378 0.005517 0.101129
0.079763 -0.019020 0.005879 0.033406 0.015964 0.098421
0.084440 -0.010200 0.004409 0.062226 0.014931 0.098924
0.081939 -0.011543 -0.000077 0.066962 -0.005924 0.096011
0.072619 -0.025392 0.006624 0.009259 0.018902 0.087477
0.077553 -0.021851 0.007848 0.011893 0.032597 0.073303
0.081559 -0.017869 0.008176 0.029439 0.042792 0.073285
0.085520 -0.009080 0.007589 0.061826 0.033444 0.090308
0.085300 -0.006753 0.001465 0.077509 0.000329 0.097066
0.075146 -0.021338 0.005706 0.031132 0.024283 0.088991
0.079086 -0.019284 0.007387 0.028093 0.041440 0.069951
0.084727 -0.014197 0.008737 0.044381 0.049361 0.063314
0.086558 -0.008136 0.008079 0.058818 0.043636 0.079648
0.088479 -0.000474 0.000384 0.093425 0.000565 0.102719
0.087114 -0.002804 0.001217 0.086915 0.005046 0.101765
0.086721 -0.005792 0.004880 0.075204 0.019347 0.094904
0.087645 -0.005603 0.006037 0.070739 0.029517 0.087696
0.088051 -0.002865 0.003353 0.077916 0.022694 0.091940
0.088585 0.000002 0.000009 0.094951 0.000017 0.103355
0.088593 0.000008 -0.000005 0.094916 0.000055 0.103351
0.088596 -0.000094 0.000147 0.094463 0.000658 0.103038
0.087289 -0.002598 -0.001560 0.088798 -0.004563 0.096674
0.081472 -0.011014 0.000592 0.067466 0.003817 0.096674
0.082668 -0.011368 0.004327 0.061636 0.015256 0.096922
0.086749 -0.004696 0.003265 0.080117 0.011358 0.099136
0.088146 -0.007759 0.003320 0.065298 -0.002508 0.068497
0.070270 -0.022920 -0.003770 0.021631 0.007460 0.070850
0.077371 -0.020507 0.004668 0.030062 0.037983 0.066155
0.087183 -0.011930 0.012696 0.056525 0.050714 0.069687
0.087913 -0.005433 0.006852 0.074199 0.028983 0.089141
0.096151 -0.000601 0.009541 0.073257 0.008841 0.069623
0.094890 -0.000651 -0.018341 0.067727 -0.012738 0.090695
0.099315 -0.008607 0.009521 0.052644 0.040739 0.061988
0.100021 -0.003941 0.016257 0.072959 0.059287 0.051422
0.089685 -0.004274 0.006475 0.067257 0.046268 0.067584
0.090807 0.001230 0.002184 0.092787 0.006292 0.096644
0.099399 0.016159 -0.015162 0.117645 -0.021005 0.111585
0.103435 0.009660 0.001264 0.093861 0.011353 0.091711
0.093422 -0.000665 0.007278 0.073617 0.041469 0.070947
0.087489 -0.000754 -0.000560 0.074412 0.035309 0.074677
0.088605 0.000014 0.000099 0.094845 0.000442 0.103127
0.088996 0.000822 -0.000782 0.096385 -0.001123 0.103790
0.089561 0.000890 -0.000224 0.095152 0.000335 0.102443
0.088706 0.000199 0.000025 0.091650 0.005965 0.099210
0.087967 0.000296 -0.001255 0.091487 0.006782 0.098015
0.089048 -0.000199 -0.000259 0.093122 0.000464 0.096082
0.088212 -0.000439 -0.002025 0.092698 -0.002576 0.100332
0.088543 -0.000198 -0.000664 0.093551 -0.000209 0.102513
0.088616 -0.000302 0.000520 0.093945 0.001518 0.102642
0.095849 -0.000388 0.008674 0.078286 0.015130 0.060308
0.111188 0.028754 -0.031527 0.130939 -0.043065 0.099506
0.112631 0.027875 -0.025415 0.133392 -0.044300 0.111340
0.093614 0.000277 0.006830 0.088257 0.018015 0.093410
0.088717 -0.001040 0.001836 0.089220 0.010333 0.097903
0.092976 -0.006133 0.015540 0.065333 0.032491 0.047881
0.234590 0.174043 -0.177945 0.334361 -0.234202 0.170446
0.310874 0.249152 -0.201041 0.411393 -0.330273 0.166407
0.111111 0.011001 0.014073 0.080758 0.041734 0.070593
0.086601 -0.000146 -0.002542 0.077816 0.032682 0.075942
0.080749 -0.012191 0.010081 0.068486 0.038724 0.070739
0.083432 0.005494 -0.020300 0.114346 -0.010933 0.114616
0.123827 0.038665 -0.023004 0.135263 -0.037564 0.107707
0.096709 0.008085 0.000164 0.077576 0.033808 0.071573
0.082070 0.001291 -0.011325 0.079499 0.029830 0.070957
0.086514 -0.003060 0.002685 0.088849 0.007433 0.099680
0.085788 -0.002058 0.000430 0.092973 0.002895 0.102435
0.089102 0.001179 -0.001216 0.094923 -0.000710 0.101730
0.088291 0.001263 -0.002111 0.090791 0.007309 0.096562
0.085874 0.000775 -0.005099 0.090954 0.009029 0.093607
0.088585 -0.000191 0.000247 0.094062 0.001615 0.101094
0.088644 0.000150 -0.000295 0.095030 -0.000150 0.103084
0.088748 0.000305 -0.000326 0.095499 -0.000639 0.103652
0.088635 0.000040 0.000018 0.094992 0.000008 0.103369
0.084219 -0.008791 0.007185 0.072227 0.028357 0.074314
0.083551 -0.004554 0.000690 0.085841 0.012635 0.099723
0.090829 0.004826 -0.004809 0.102664 -0.008440 0.110262
0.090039 0.000930 0.000804 0.094039 0.002230 0.102708
0.088528 0.000031 -0.000104 0.094207 0.001554 0.102360
0.069149 -0.026687 0.003786 0.044192 0.039966 0.043031
0.057735 -0.029700 0.001856 0.052359 0.060722 0.072741
0.077572 -0.007486 0.000484 0.074062 0.019189 0.109923
0.092990 0.002651 0.002957 0.081497 0.019071 0.092152
0.086750 0.000654 -0.003617 0.089604 0.011194 0.093263
0.070128 -0.027714 0.008617 0.044116 0.047406 0.049815
0.061439 -0.030153 0.007475 0.045582 0.059931 0.065691
0.068341 -0.018297 0.007413 0.052271 0.038619 0.090168
0.088605 -0.000093 -0.001047 0.075300 0.019128 0.085761
0.083967 0.000597 -0.007565 0.088341 0.014076 0.085635
0.079285 -0.014503 0.011237 0.068377 0.025640 0.091289
0.076155 -0.016867 0.010968 0.067320 0.023713 0.094708
0.081953 -0.007949 0.003293 0.081338 0.007952 0.100106
0.087946 -0.000457 -0.001502 0.090650 0.002842 0.098024
0.086768 -0.000027 -0.002833 0.093614 0.003970 0.096333
0.088508 -0.000107 0.000079 0.094739 0.000217 0.103285
0.084184 -0.007578 0.006439 0.078209 0.018042 0.094308
0.083982 -0.007060 0.005065 0.081020 0.012184 0.099322
0.087154 -0.002027 0.001399 0.090752 0.003578 0.102853
0.088530 -0.000168 0.000215 0.094294 0.000632 0.103235
0.088573 0.000000 -0.000009 0.094911 0.000091 0.103295
0.074635 -0.025533 0.014851 0.043689 0.049097 0.063557
0.072353 -0.027971 0.017456 0.038406 0.051194 0.074657
0.076777 -0.017772 0.012112 0.056784 0.031973 0.095034
0.087447 -0.002740 0.002222 0.086813 0.006201 0.101569
0.088461 -0.000051 -0.000154 0.094585 0.000700 0.102474
0.076942 -0.029922 0.017076 0.040668 0.052600 0.061663
0.077737 -0.033443 0.019472 0.035116 0.055868 0.067153
0.073920 -0.026125 0.017027 0.041678 0.041797 0.090185
0.085972 -0.006079 0.003380 0.081882 0.005872 0.100610
0.088297 -0.000301 -0.000330 0.095459 -0.000662 0.101214
0.078301 -0.018868 0.013923 0.062597 0.029445 0.092448
0.076143 -0.023869 0.015655 0.056697 0.029645 0.093280
0.080301 -0.014282 0.008447 0.074970 0.011608 0.100662
0.087609 -0.002236 0.000668 0.092740 -0.001688 0.102749
0.088456 -0.000219 -0.000236 0.096152 -0.002092 0.102404
