1.164372
0.797086
0.568470
0.999995
1.056101
1.396199
0.970980
1.608178
0.754470
1.483631
0.990009
1.585389
1.159045
0.870467
0.905131
1.181358
0.946227
0.802832
1.029360
0.486955
1.234306
1.680011
1.430428
1.837520
0.895795
0.319805
0.314640
0.868128
1.019628
0.318332
1.039029
0.843809
1.080581
1.147198
1.497803
1.005683
0.300629
1.690522
0.322504
1.207816
1.086454
0.983824
0.833323
1.316853
1.784105
0.324732
0.320160
1.479306
1.343733
0.768787
1.301980
1.379810
1.180281
0.810241
1.177087
1.174226
0.354746
0.323423
1.718388
0.884457
0.690362
1.151197
1.473754
1.977385
1.150932
1.260314
1.400992
0.348468
1.027670
1.174165
0.345033
1.078469
0.911158
1.086236
1.110940
1.617670
1.892066
0.977640
0.810895
0.296675
0.364918
1.154707
1.645791
0.316795
1.351868
0.333339
1.357564
1.370348
1.322592
1.223183
1.127340
1.246221
1.589370
1.675399
1.115212
0.982091
0.860762
0.322706
1.811893
1.458456
1.101529
1.028793
1.104377
1.480115
1.568643
1.146304
1.398589
2.087544
1.005084
1.280567
1.035952
1.169422
1.306758
0.351344
1.843740
0.854513
1.348069
1.830996
1.004877
1.298474
1.456353
1.017796
0.379045
1.293278
0.775431
1.097241
0.310459
1.156982
1.057199
0.933923
0.848467
1.237443
1.520856
1.022900
1.545863
1.327219
1.095890
1.095466
0.890928
1.347780
1.130286
1.205401
0.917241
1.600354
1.385969
0.956715
1.641825
1.265477
1.075178
1.239456
0.755150
1.146354
1.455209
0.880730
0.313227
1.383781
1.803738
1.052263
1.556055
0.788440
1.006919
1.024517
0.944164
1.092106
1.142245
1.092961
1.183599
0.814649
1.079581
0.764507
1.304301
1.622271
1.533030
0.323370
1.102384
1.218169
0.344532
0.785851
0.801671
0.642583
1.252263
1.212151
1.124498
1.226194
1.886325
0.369503
0.989270
1.129320
1.398091
2.180833
1.036362
1.177434
1.133798
1.689500
1.139262
1.663492
1.583286
1.037318
0.901223
1.061726
1.049552
1.523677
1.447956
1.202779
1.497573
1.243394
1.282987
0.984409
1.047313
1.158084
1.464885
1.188619
1.297272
1.647542
1.326594
0.316568
0.932061
1.039011
1.013608
1.062059
0.560665
1.756823
1.281035
1.019425
0.822493
1.265923
1.336627
0.791482
1.514442
1.302964
0.658880
1.156631
0.380415
0.350606
1.090923
0.343889
1.610807
0.970501
0.305295
0.680368
0.975862
1.277225
1.084963
0.649836
1.147781
1.524140
0.919863
1.097136
0.723850
0.486138
0.297457
1.129727
0.309424
1.265076
1.471091
1.031738
1.172965
0.660398
1.585436
1.326218
1.148132
1.729945
1.300379
1.122327
1.417417
1.878811
1.290868
0.854070
1.049417
0.904579
1.285319
1.319158
1.345476
1.007920
0.310328
0.928176
1.463875
0.797490
0.892251
1.244599
1.095960
1.473674
0.915917
0.980914
1.025057
0.467076
1.470059
1.233796
1.022661
1.198128
1.079363
0.295330
1.263642
0.301336
1.686770
0.949374
1.068714
0.314676
1.258127
1.632702
0.318447
1.146382
1.017017
0.617676
1.396508
1.977229
0.989001
1.385457
1.366908
1.518726
0.316696
1.299292
0.309184
0.598311
1.562067
0.320118
1.054272
1.072451
0.920794
0.828994
1.400524
1.739095
1.262601
1.378241
1.199268
0.585682
0.724511
0.959674
0.836860
1.547127
1.082543
1.259726
0.962127
0.321416
1.560159
1.297026
1.336923
1.177893
1.240019
1.543410
1.438712
0.961211
1.152118
1.246134
1.426958
1.204104
0.996865
1.336380
0.883980
1.442137
1.094296
0.336462
1.365516
1.703838
0.598546
0.713244
1.520770
0.950769
1.399398
1.510556
1.218478
0.971584
1.668054
1.490070
1.660328
0.970904
1.628182
1.739203
1.437817
1.095494
1.878880
1.137332
1.000500
0.283006
0.305841
0.956108
0.316311
1.469427
1.531171
1.445548
0.845989
1.148069
1.534691
1.395952
1.361788
1.468642
1.535751
1.471659
1.944128
0.322355
1.384980
1.111170
1.438586
1.618378
1.319870
1.085303
1.064952
0.331675
1.887189
0.314297
1.620602
1.221809
0.319834
0.818828
0.865183
0.903484
1.255909
1.058904
0.309358
1.002641
1.178632
1.717279
1.272088
1.234072
1.089191
1.048133
1.011239
0.305685
0.311532
1.006433
1.095251
1.143248
0.294807
1.069109
1.129384
0.826723
1.519869
1.026004
0.593274
0.360615
