0.235588 0.096540 -0.281344
0.233883 0.099718 -0.278473
0.234344 0.102064 -0.275662
0.238009 0.103271 -0.272817
0.237975 0.105857 -0.269965
0.236866 0.108656 -0.267272
0.240549 0.110061 -0.264295
0.242038 0.112155 -0.261425
0.240801 0.115378 -0.258485
0.243356 0.117237 -0.255514
0.246379 0.119128 -0.252411
0.245017 0.122254 -0.249599
0.246180 0.124683 -0.246625
0.250676 0.126526 -0.243211
0.249655 0.129679 -0.240308
0.249187 0.132674 -0.237401
0.254191 0.134808 -0.233695
0.255019 0.137624 -0.230606
0.252775 0.141056 -0.227866
0.257667 0.143255 -0.224215
0.260729 0.145752 -0.220842
0.259218 0.149510 -0.217739
0.262059 0.152233 -0.214300
0.266968 0.154276 -0.210840
0.265412 0.158411 -0.207551
0.266101 0.161837 -0.204232
0.270906 0.163960 -0.200819
0.271726 0.167627 -0.197364
0.271266 0.171954 -0.193801
0.275857 0.174136 -0.190487
0.278440 0.177340 -0.187035
0.277303 0.182037 -0.183478
0.281177 0.184807 -0.180070
0.285670 0.187338 -0.176774
0.284714 0.192305 -0.173139
0.286366 0.196004 -0.169783
0.291450 0.198262 -0.166702
0.291868 0.202987 -0.163102
0.291951 0.207682 -0.159635
0.297563 0.209950 -0.156645
0.298944 0.214056 -0.153437
0.297266 0.219737 -0.149929
0.303053 0.222362 -0.146976
0.307099 0.225671 -0.144023
0.304383 0.231789 -0.140659
0.308087 0.235424 -0.137773
0.316515 0.237953 -0.135013
0.313417 0.243942 -0.132025
0.314193 0.249012 -0.129147
0.322237 0.251681 -0.126750
0.322596 0.257029 -0.124028
0.320532 0.263001 -0.121338
0.328129 0.266605 -0.119044
0.331485 0.271551 -0.116670
0.329174 0.277894 -0.114158
0.334670 0.282538 -0.112087
0.341022 0.287050 -0.110205
0.339236 0.293734 -0.107927
0.341924 0.299619 -0.105989
0.349291 0.304390 -0.104517
0.349713 0.311668 -0.102496
0.351318 0.319164 -0.100630
0.357934 0.324097 -0.099571
0.360993 0.331269 -0.098077
0.360428 0.340423 -0.096242
0.367730 0.346080 -0.095536
0.372822 0.352682 -0.094669
0.373763 0.362593 -0.093236
0.379049 0.370211 -0.092520
0.386528 0.376304 -0.092234
0.388102 0.387505 -0.091067
0.391970 0.397103 -0.090343
0.401442 0.403746 -0.090451
0.404574 0.414098 -0.089759
0.406768 0.425754 -0.088914
0.415573 0.432948 -0.089057
0.420875 0.442601 -0.088708
0.424009 0.455447 -0.087929
0.431054 0.463911 -0.087769
0.437903 0.472474 -0.087566
0.441704 0.487036 -0.086497
0.447686 0.497192 -0.085885
0.455951 0.504945 -0.085658
0.460548 0.518291 -0.084333
0.465395 0.531590 -0.082781
0.473885 0.539102 -0.082183
0.480139 0.551021 -0.080519
0.486008 0.565365 -0.078070
0.493839 0.574013 -0.076552
0.500326 0.584383 -0.074381
0.505381 0.597512 -0.071198
0.512084 0.607955 -0.068360
0.519705 0.616992 -0.065584
0.525512 0.628644 -0.061681
0.531735 0.638889 -0.057847
0.538294 0.647409 -0.054255
0.544057 0.658341 -0.049430
0.549542 0.669021 -0.044239
0.556320 0.678031 -0.039240
0.562492 0.687733 -0.033509
0.567398 0.697952 -0.027167
0.573469 0.706562 -0.021160
0.579208 0.714883 -0.014909
0.584125 0.723806 -0.007934
0.589697 0.732373 -0.000611
0.595554 0.740433 0.006993
0.600709 0.748491 0.014871
0.605445 0.756468 0.023040
0.610874 0.763983 0.031615
0.615328 0.771094 0.039907
0.620470 0.777806 0.048558
0.624888 0.784626 0.057514
0.629783 0.790833 0.066446
0.634223 0.797314 0.076054
0.639269 0.803195 0.085681
0.643659 0.808661 0.094874
0.648487 0.814635 0.105509
0.652680 0.820178 0.115625
0.656620 0.825508 0.125765
0.661184 0.830832 0.136753
0.666137 0.835586 0.147553
0.669701 0.840280 0.157645
0.673942 0.844936 0.168594
0.678100 0.849885 0.180525
0.681930 0.853951 0.190814
0.685868 0.858052 0.201636
0.690239 0.862329 0.213646
0.693500 0.866203 0.224069
0.697021 0.869596 0.233931
0.700918 0.873768 0.246354
0.704480 0.877293 0.257199
0.707529 0.880034 0.265723
0.710579 0.884083 0.277940
0.713395 0.887929 0.289759
0.716401 0.890612 0.298701
0.719072 0.894109 0.309843
0.721513 0.897740 0.321410
0.724266 0.900008 0.329467
0.726239 0.903034 0.339084
0.729107 0.906432 0.351048
0.730781 0.909402 0.360524
0.732518 0.912247 0.369847
0.735562 0.915071 0.380679
0.736655 0.918109 0.390169
0.736752 0.920889 0.397922
0.739781 0.923493 0.408264
0.742036 0.926149 0.418023
0.741571 0.929287 0.426617
0.742691 0.932091 0.435774
0.745138 0.934285 0.444347
0.743733 0.937721 0.453156
0.744945 0.940433 0.462056
0.748588 0.941938 0.469152
0.747753 0.945285 0.478156
0.747377 0.948442 0.486969
0.750027 0.949592 0.491847
0.749445 0.952859 0.500531
0.747391 0.956537 0.509341
0.750739 0.957529 0.513858
0.751885 0.959805 0.520395
0.749149 0.963535 0.528599
0.751792 0.964976 0.533402
0.753355 0.966146 0.537024
0.752220 0.969211 0.543866
0.753141 0.971645 0.549806
0.755555 0.973574 0.554901
0.754369 0.976539 0.561034
0.754349 0.978902 0.566105
0.756605 0.981241 0.571409
0.756170 0.984251 0.577338
0.755266 0.987004 0.582629
0.757497 0.989922 0.588398
0.757967 0.993036 0.594181
0.756693 0.996300 0.600004
0.759850 0.999120 0.605175
0.762218 1.002332 0.610755
0.761410 1.006202 0.617213
0.764551 1.009728 0.623008
0.769629 1.012560 0.627628
0.768298 1.017137 0.634817
0.769758 1.021365 0.641320
0.775095 1.025773 0.647804
0.775821 1.029850 0.653980
0.776468 1.034617 0.661052
0.782031 1.039382 0.667762
0.784332 1.044304 0.674840
0.784005 1.049879 0.682971
0.789263 1.054400 0.689236
0.793021 1.058877 0.695520
0.792683 1.063796 0.702733
0.796622 1.068485 0.709298
0.801745 1.073392 0.716069
0.801548 1.078776 0.723981
0.804076 1.083511 0.730780
0.809682 1.088136 0.737192
0.810231 1.093345 0.744914
0.811390 1.097692 0.751383
0.816995 1.102834 0.758669
0.818840 1.107577 0.765755
0.819767 1.112202 0.772784
