0.362411 0.271236 0.105420
0.375061 0.293119 0.119173
0.388980 0.315694 0.131640
0.404282 0.340694 0.143942
0.436638 0.397129 0.169027
0.472556 0.456235 0.197768
0.375105 0.279943 0.168772
0.384068 0.293937 0.179658
0.412161 0.338564 0.211657
0.423552 0.356362 0.224084
0.432845 0.370978 0.234448
0.559934 0.525173 0.442202
0.578651 0.547896 0.464675
0.597838 0.572001 0.486387
0.607378 0.584343 0.496812
0.616702 0.596708 0.506908
0.586135 0.473805 0.618389
0.632879 0.546432 0.643055
0.646624 0.569934 0.650163
0.663866 0.600323 0.659790
0.683301 0.635693 0.672509
0.464606 0.505034 -0.032095
0.482554 0.538096 -0.027496
0.502295 0.573334 -0.020140
0.521137 0.605546 -0.010424
0.541466 0.640155 0.004171
0.577620 0.698434 0.042575
0.612986 0.749488 0.097658
0.401415 0.315003 0.223973
0.436284 0.367664 0.268312
0.470834 0.416692 0.315076
0.491952 0.444480 0.345159
0.512616 0.470250 0.374769
0.717952 0.909833 0.264830
0.725638 0.920376 0.297500
0.732578 0.929247 0.326528
0.746907 0.954847 0.410670
0.748524 0.963494 0.436628
0.747656 0.972015 0.460424
0.661468 0.367736 0.892422
0.703948 0.444221 0.905965
0.737001 0.514560 0.915011
0.763374 0.567980 0.921502
0.775424 0.609992 0.933342
0.487655 0.522973 0.060781
0.500575 0.545142 0.067426
0.513748 0.568600 0.076079
0.526499 0.589808 0.085858
0.554271 0.634397 0.113888
0.566780 0.653120 0.129645
0.578334 0.669885 0.146198
0.603437 0.289463 0.870162
0.654988 0.359010 0.891294
0.696296 0.427075 0.903544
0.732483 0.498829 0.912555
0.753313 0.557614 0.922616
0.526395 0.651420 -0.149155
0.548044 0.687923 -0.134524
0.567390 0.716583 -0.119497
0.586409 0.750344 -0.097824
0.620487 0.803347 -0.050787
0.651137 0.852531 0.010683
0.547427 0.581700 0.244220
0.570604 0.611851 0.278408
0.594421 0.640540 0.317183
0.616937 0.666092 0.355829
0.644077 0.695981 0.403828
0.678044 0.736162 0.469988
0.694104 0.757260 0.505836
0.709722 0.778524 0.543116
0.414195 0.354254 0.165518
0.427203 0.376099 0.176231
0.442798 0.403079 0.189597
0.460550 0.431690 0.204866
0.479561 0.462213 0.223307
0.511692 0.510349 0.259655
0.316429 0.185578 0.114017
0.319676 0.189758 0.120407
0.322095 0.192770 0.124974
0.331093 0.205365 0.142926
0.339093 0.216047 0.157483
0.346464 0.226615 0.170979
0.362974 0.250021 0.198813
0.381325 0.276945 0.227983
0.390380 0.289903 0.241501
0.309668 0.159342 0.182062
0.312984 0.162870 0.190219
0.316543 0.167016 0.199528
0.324401 0.174143 0.216476
0.329568 0.183073 0.234452
0.344263 0.199036 0.269231
0.499406 0.555422 0.029469
0.510614 0.574164 0.035303
0.518961 0.587817 0.040279
0.538545 0.620988 0.055664
0.558752 0.653843 0.076448
0.650445 0.772690 0.237487
0.354696 0.244897 0.157907
0.359639 0.252207 0.165279
0.363528 0.258053 0.170971
0.373553 0.273168 0.185023
0.384031 0.289082 0.198968
0.641070 0.809079 0.078399
0.645847 0.815036 0.088434
0.651097 0.821596 0.100171
0.661069 0.835381 0.126152
0.671701 0.847115 0.152015
0.336813 0.239495 0.051799
0.340939 0.246794 0.057448
0.348726 0.258944 0.066258
0.359706 0.274641 0.076528
0.371529 0.295245 0.087906
0.385105 0.317580 0.098490
0.458758 0.446961 0.144326
0.603646 0.597359 0.456505
0.607256 0.601821 0.461026
0.611118 0.606643 0.465862
0.618731 0.616250 0.475356
0.626260 0.625947 0.484781
0.634025 0.636099 0.494520
0.689889 0.927654 0.061054
0.696316 0.938682 0.083223
0.705919 0.954163 0.117530
0.720541 0.975598 0.171542
0.732733 0.994666 0.222662
0.740868 1.012120 0.270218
0.360807 0.085131 0.654524
0.380309 0.093741 0.681905
0.405051 0.107137 0.715000
0.457639 0.139323 0.772024
0.517673 0.187284 0.825779
0.467893 0.429647 0.257739
0.477234 0.443641 0.268962
0.486620 0.457188 0.280571
0.530236 0.515843 0.339638
0.551622 0.542144 0.369892
0.530733 0.490479 0.403914
0.544824 0.507186 0.422738
0.560024 0.525358 0.442154
0.590570 0.562832 0.478151
0.621114 0.602696 0.511518
0.652664 0.647010 0.546165
0.438996 0.385640 0.223850
0.451465 0.405043 0.236908
0.465411 0.426561 0.252428
0.476646 0.443440 0.265669
0.503259 0.481429 0.299602
0.400884 0.286955 0.323824
0.402682 0.289114 0.327134
0.404915 0.291625 0.331100
0.408309 0.296099 0.337946
0.411494 0.300091 0.344164
0.415339 0.304446 0.351152
0.420566 0.310847 0.361334
0.422510 0.312955 0.364800
0.496563 0.478871 0.270572
0.498747 0.482044 0.273309
0.501205 0.485551 0.276432
0.505669 0.491809 0.282124
0.510696 0.498693 0.288590
0.515431 0.505295 0.295008
0.630459 0.559135 0.617811
0.638995 0.572889 0.622885
0.645920 0.584578 0.627273
0.661211 0.610147 0.637066
0.674411 0.634505 0.647500
0.720657 0.717614 0.694022
0.520533 0.467346 0.415442
0.528404 0.476594 0.426113
0.536588 0.486146 0.436779
0.553433 0.506175 0.457759
0.570792 0.527192 0.477698
0.588306 0.549305 0.496557
0.422928 0.352409 0.234457
0.424803 0.355359 0.236683
0.427020 0.358720 0.239244
0.431038 0.364918 0.243986
0.435315 0.371471 0.249080
0.439610 0.377950 0.254191
0.447973 0.390566 0.264418
0.430058 0.314356 0.399549
0.436054 0.320583 0.410741
0.443338 0.328322 0.424405
0.457921 0.343079 0.449847
0.474007 0.359054 0.475373
0.490627 0.376200 0.499584
0.513380 0.448517 0.429601
0.518968 0.454964 0.437199
0.526940 0.464100 0.447603
0.541618 0.481172 0.465764
0.571052 0.517020 0.498528
0.518407 0.401802 0.541024
0.527132 0.411555 0.549977
0.539502 0.426103 0.561809
0.560728 0.452549 0.579561
0.582589 0.482129 0.595218
0.604011 0.512959 0.608411
0.648302 0.584454 0.634502
0.665625 0.707023 0.477075
0.672172 0.715478 0.488969
0.679026 0.724331 0.501612
0.691324 0.740803 0.525518
0.702972 0.757731 0.550797
0.714790 0.775513 0.578161
0.295952 0.070004 0.491903
0.300220 0.072312 0.505813
0.305622 0.074044 0.518373
0.312807 0.077653 0.538452
0.331867 0.085934 0.581709
0.389517 0.112488 0.676492
0.345510 0.233381 0.136024
0.350102 0.240044 0.142989
0.355235 0.247656 0.150606
0.365226 0.262626 0.164704
0.376242 0.279476 0.179375
0.388210 0.298079 0.194480
0.554436 0.465170 0.539442
0.556851 0.468129 0.541580
0.560281 0.472426 0.544627
0.565903 0.479784 0.549621
0.571795 0.487348 0.554450
0.577776 0.495327 0.559309
0.585018 0.556309 0.470938
0.594114 0.567757 0.481233
0.602304 0.578252 0.490312
0.614626 0.594422 0.503749
0.642338 0.632476 0.533853
0.666190 0.667360 0.561531
0.707685 0.732653 0.620384
0.589395 0.668062 0.217075
0.591887 0.670896 0.221052
0.594435 0.673818 0.225175
0.599253 0.679549 0.233526
0.603330 0.684590 0.241106
0.607717 0.689686 0.249138
0.500541 0.489871 0.259341
0.509614 0.502977 0.270652
0.518467 0.515279 0.282093
0.536212 0.539185 0.306539
0.554425 0.562167 0.332699
0.591111 0.605944 0.386966
0.620595 0.640597 0.430499
0.434228 0.372259 0.239414
0.442001 0.384101 0.248283
0.449011 0.394766 0.256528
0.463897 0.416990 0.274734
0.479334 0.439159 0.294602
0.496062 0.462092 0.317148
0.547736 0.527036 0.389466
0.569264 0.552726 0.418493
0.401579 0.362637 0.039749
0.408988 0.376711 0.042554
0.416055 0.389039 0.044839
0.431132 0.417224 0.049607
0.447259 0.446977 0.054531
0.462321 0.476520 0.060000
0.524751 0.584971 0.095408
0.542758 0.613449 0.112271
0.636033 0.735133 0.265918
0.640598 0.740157 0.276017
0.646990 0.746739 0.289907
0.657461 0.757495 0.313707
0.667103 0.767169 0.336150
0.699681 0.838880 0.325542
0.712197 0.852940 0.368878
0.721390 0.864849 0.406707
0.730710 0.876069 0.444286
0.735137 0.888109 0.480829
0.754342 0.927021 0.588142
0.639261 0.618295 0.548718
0.653747 0.639876 0.563581
0.671453 0.667109 0.583049
0.692697 0.700968 0.609555
0.712747 0.734350 0.639415
0.731736 0.766545 0.672255
0.781077 0.855152 0.777944
0.796538 0.885286 0.814848
0.437899 0.390105 0.200491
0.440034 0.393585 0.202425
0.442143 0.397414 0.204580
0.446636 0.404427 0.208610
0.451377 0.411701 0.212890
0.455509 0.418551 0.216980
0.464393 0.432807 0.225876
0.469575 0.440804 0.231136
0.638656 0.816860 0.039429
0.640718 0.820066 0.044105
0.642986 0.823437 0.049165
0.649384 0.831273 0.062199
0.653438 0.836143 0.070628
0.418796 0.344891 0.233665
0.422720 0.350932 0.238336
0.430706 0.363195 0.247940
0.440702 0.378307 0.260134
0.462755 0.410633 0.288223
0.481764 0.437096 0.313857
0.733853 0.440220 0.964766
0.748378 0.467917 0.969261
0.761557 0.503922 0.976715
0.784903 0.552308 0.984964
0.796854 0.584875 0.993832
0.800579 0.610476 1.004865
0.801510 0.635111 1.024353
0.800106 0.641418 1.030861
0.807233 0.656463 1.043950
0.316450 0.140543 0.335964
0.320231 0.141399 0.342162
0.322282 0.144689 0.353255
0.328221 0.148776 0.370365
0.333285 0.153276 0.387768
0.339674 0.159262 0.410605
0.623409 0.819348 -0.082630
0.628854 0.828805 -0.072946
0.636013 0.840356 -0.060129
0.649381 0.862593 -0.032812
0.670584 0.895725 0.016761
0.685528 0.918011 0.057249
0.717899 0.966221 0.166973
0.454165 0.404777 0.255302
0.459438 0.412843 0.261622
0.466427 0.423194 0.270050
0.475463 0.436309 0.281298
0.511282 0.485425 0.329348
0.323733 0.135689 0.408351
0.328204 0.138118 0.420772
0.335466 0.141975 0.440267
0.345201 0.148919 0.471006
0.357595 0.155714 0.501785
0.371660 0.164357 0.535961
0.387629 0.174255 0.569603
0.426131 0.198427 0.631660
0.449623 0.215910 0.662698
0.477338 0.238855 0.693182
0.349033 0.248833 0.099493
0.353404 0.256236 0.105399
0.357856 0.263843 0.111167
0.363109 0.270206 0.116020
0.374700 0.289877 0.129100
0.397624 0.326867 0.150363
0.521390 0.513514 0.302877
0.530760 0.525812 0.315824
0.538133 0.535247 0.326229
0.557224 0.558823 0.353647
0.574946 0.580187 0.379476
0.593021 0.601394 0.405277
0.610992 0.622741 0.430801
0.375882 0.298782 0.103946
0.384618 0.313776 0.111439
0.390324 0.323454 0.115942
0.449176 0.424074 0.155461
0.489601 0.491760 0.186716
0.526687 0.549163 0.226209
0.328770 0.179920 0.244416
0.330118 0.181573 0.248116
0.332458 0.182432 0.251154
0.333811 0.186520 0.258983
0.339863 0.192966 0.273847
0.348225 0.199950 0.290948
0.350000 0.204454 0.299681
0.354372 0.207219 0.307035
0.410343 0.311071 0.298107
0.412627 0.314113 0.301866
0.414207 0.316639 0.304899
0.418267 0.321699 0.311302
0.422313 0.327237 0.318260
0.425906 0.332017 0.324354
0.625895 0.567481 0.590737
0.640723 0.590569 0.601176
0.655109 0.613987 0.611999
0.680404 0.657237 0.633964
0.703430 0.697597 0.658572
0.724485 0.734587 0.686356
0.264679 0.039324 0.439001
0.266692 0.044551 0.463511
0.278143 0.046660 0.487320
0.284485 0.050030 0.508221
0.292734 0.053291 0.530492
0.394884 0.395758 -0.107651
0.396180 0.406918 -0.106738
0.402324 0.416690 -0.106414
0.411057 0.439360 -0.105345
0.424367 0.460702 -0.104792
0.438053 0.480536 -0.104202
0.471248 0.547125 -0.098454
0.353490 0.196362 0.345268
0.357646 0.201784 0.359234
0.363683 0.206457 0.373083
0.373563 0.216941 0.401721
0.384713 0.226023 0.428332
0.396525 0.236011 0.456686
0.502044 0.474057 0.314124
0.511914 0.487149 0.327795
0.524106 0.502780 0.344904
0.546581 0.530394 0.376505
0.569858 0.558305 0.408606
0.593469 0.586631 0.439811
0.639005 0.644170 0.497777
0.657948 0.641436 0.576353
0.672839 0.664828 0.592184
0.686309 0.686468 0.607884
0.710364 0.726354 0.640745
0.732093 0.763829 0.677249
0.750525 0.796530 0.713510
0.510789 0.415124 0.490618
0.518253 0.423315 0.499649
0.529818 0.436687 0.513127
0.551463 0.462289 0.534975
0.573660 0.490599 0.554424
0.597191 0.523290 0.572777
0.640100 0.588212 0.602877
0.659823 0.620527 0.617632
0.677435 0.650488 0.632546
0.692995 0.677533 0.647809
0.543993 0.559376 0.290476
0.563089 0.583321 0.318302
0.582883 0.607165 0.348673
0.601129 0.628315 0.377041
0.619548 0.649487 0.405921
0.676584 0.719356 0.501244
0.690627 0.738134 0.527797
0.377103 0.272082 0.213852
0.380361 0.277225 0.219008
0.386179 0.286025 0.227766
0.393396 0.296195 0.237858
0.411410 0.322933 0.263984
0.427492 0.345937 0.287141
0.445060 0.370267 0.313051
0.361343 0.255833 0.163450
0.362887 0.258141 0.165633
0.364940 0.261236 0.168534
0.368630 0.266807 0.173641
0.372888 0.273254 0.179390
0.391848 0.302390 0.203776
0.380856 0.304615 0.114703
0.386350 0.314407 0.119651
0.394299 0.326251 0.125398
0.406649 0.348005 0.134985
0.421338 0.373638 0.145503
0.435567 0.397877 0.155205
0.454085 0.429821 0.168466
0.466237 0.450350 0.177769
0.483807 0.478836 0.192426
0.499201 0.503469 0.207314
0.514616 0.527315 0.224282
0.453098 0.384967 0.312899
0.461068 0.395641 0.324532
0.469292 0.406504 0.336737
0.486105 0.427824 0.361667
0.503611 0.449121 0.387265
0.520922 0.469668 0.411709
0.579324 0.539706 0.483464
0.381753 0.264244 0.280991
0.383335 0.265754 0.283273
0.385041 0.268177 0.286673
0.388416 0.272477 0.292857
0.391901 0.277520 0.299984
0.395778 0.281792 0.306352
0.407839 0.297942 0.329898
0.412575 0.303364 0.338195
0.308004 0.173896 0.098664
0.311655 0.178265 0.105844
0.316487 0.185317 0.116707
0.326028 0.197345 0.135004
0.334791 0.209696 0.152372
0.344022 0.223129 0.170055
0.353963 0.236617 0.187006
0.364469 0.251217 0.204256
0.375096 0.266943 0.221720
0.386553 0.283479 0.239505
0.398455 0.300333 0.257359
0.482368 0.405143 0.402400
0.490049 0.413880 0.413941
0.499643 0.424886 0.428114
0.521831 0.450062 0.458282
0.558709 0.493687 0.501005
0.340530 0.184177 0.307494
0.344141 0.189110 0.319737
0.348643 0.193546 0.331708
0.358232 0.202029 0.355359
0.377635 0.221138 0.407967
0.453214 0.405129 0.248148
0.457193 0.411288 0.252768
0.462280 0.418916 0.258642
0.470210 0.430688 0.268106
0.486223 0.453983 0.288288
0.501393 0.474896 0.308334
0.517284 0.496023 0.330350
0.554127 0.541560 0.382122
0.589645 0.584049 0.430468
0.500803 0.467034 0.327312
0.506156 0.474028 0.334809
0.516184 0.486867 0.348955
0.525956 0.499041 0.362752
0.553843 0.532790 0.401458
0.577338 0.560876 0.432441
0.602830 0.592105 0.464318
0.763026 0.832674 0.727300
0.767107 0.840149 0.736920
0.771582 0.848451 0.747580
0.779249 0.862779 0.765850
0.793947 0.891043 0.801151
0.809071 0.921084 0.837228
0.822559 0.948854 0.869114
0.258067 0.055122 0.251544
0.258346 0.057946 0.260526
0.260246 0.060253 0.270065
0.263589 0.064736 0.288949
0.266095 0.069291 0.307651
0.270882 0.072834 0.326651
0.285573 0.080702 0.376289
0.295741 0.089422 0.423110
0.406686 0.335560 0.183352
0.411737 0.344235 0.188509
0.416691 0.351817 0.193027
0.427619 0.369772 0.203640
0.438878 0.388211 0.214760
0.449602 0.405077 0.225359
0.477968 0.449020 0.256320
0.489977 0.466635 0.270675
0.501401 0.482882 0.285072
0.601990 0.746340 0.028844
0.603427 0.750010 0.032429
0.606148 0.753300 0.036248
0.610929 0.760528 0.044479
0.614755 0.766397 0.051517
0.623435 0.779102 0.068150
0.629280 0.786333 0.078816
0.634078 0.793050 0.088994
0.298784 0.110476 0.348324
0.300631 0.110607 0.351069
0.302833 0.110515 0.353563
0.302404 0.114255 0.365042
0.306947 0.114312 0.370891
0.307518 0.117574 0.382233
0.312984 0.120965 0.400046
0.316492 0.121489 0.405796
0.317942 0.124033 0.415769
0.477210 0.411892 0.361578
0.484349 0.420631 0.372314
0.495501 0.433996 0.388827
0.530812 0.475388 0.438008
0.603928 0.566227 0.519221
0.623736 0.593558 0.538165
0.642967 0.621479 0.556738
0.431291 0.369464 0.229563
0.437149 0.378590 0.236009
0.443739 0.388771 0.243365
0.453258 0.403440 0.254380
0.477815 0.439707 0.284445
0.501836 0.472912 0.316374
0.525399 0.503378 0.349279
0.552609 0.536590 0.387420
0.558569 0.596256 0.261670
0.560782 0.598951 0.264766
0.562855 0.601674 0.267953
0.567341 0.607534 0.274929
0.572368 0.613498 0.282416
0.526084 0.621151 -0.035796
0.537421 0.641140 -0.027753
0.550542 0.663336 -0.016857
0.574841 0.701628 0.008079
0.615874 0.763400 0.070565
0.251390 0.010205 0.493731
0.249077 0.012593 0.500591
0.253113 0.011885 0.502890
0.254816 0.013907 0.513145
0.262330 0.016512 0.532709
0.205109 -0.039640 0.406685
0.194809 -0.033844 0.415489
0.205426 -0.036515 0.416075
0.198536 -0.030488 0.429807
0.211996 -0.029396 0.445798
0.215950 -0.022835 0.475761
0.736163 1.015262 0.230055
0.740521 1.025004 0.256159
0.744364 1.034978 0.281435
0.751091 1.053202 0.328712
0.748190 1.083576 0.395116
0.593704 0.273136 0.867757
0.616887 0.301131 0.878969
0.639501 0.331879 0.888975
0.681789 0.396875 0.903560
0.712720 0.457700 0.913516
0.743492 0.518516 0.920268
0.775025 0.600691 0.936464
0.780796 0.624664 0.945629
0.783367 0.644465 0.956375
0.419507 0.336866 0.267386
0.423199 0.342234 0.272538
0.429570 0.351443 0.281507
0.435407 0.359784 0.289804
0.452095 0.382871 0.313875
0.485337 0.425870 0.363177
0.503563 0.447949 0.389856
0.339079 0.208244 0.188402
0.341374 0.211608 0.193444
0.343603 0.215651 0.199189
0.348549 0.222217 0.208918
0.359056 0.235409 0.228101
0.382799 0.267572 0.271938
0.403252 0.295103 0.309183
0.429058 0.327598 0.355737
0.446297 0.305594 0.489504
0.450114 0.308807 0.495634
0.458389 0.316501 0.509359
0.467729 0.325200 0.523655
0.490511 0.347339 0.554337
0.540774 0.402473 0.603807
0.586433 0.463340 0.633864
0.615416 0.508002 0.648537
0.638867 0.547115 0.659328
0.508362 0.361035 0.582363
0.523527 0.377764 0.596982
0.542965 0.400353 0.612768
0.578086 0.446919 0.636037
0.642569 0.549353 0.666702
0.435059 0.346482 0.330560
0.440354 0.353436 0.339400
0.446513 0.361014 0.349317
0.458017 0.375020 0.367977
0.480965 0.401888 0.404344
0.535157 0.463593 0.478521
0.457118 0.392949 0.311007
0.465227 0.403872 0.322667
0.473542 0.414834 0.334765
0.489857 0.435677 0.358711
0.521793 0.474350 0.404438
0.559205 0.518699 0.452925
0.581192 0.545663 0.478372
0.598071 0.567172 0.496642
0.555917 0.682191 -0.061889
0.565853 0.698747 -0.052342
0.573020 0.710867 -0.044510
0.589651 0.737694 -0.024129
0.620853 0.785708 0.025407
0.650707 0.825789 0.085366
0.662963 0.842904 0.117184
0.630203 0.775152 0.118524
0.636096 0.782230 0.130538
0.642214 0.790087 0.144491
0.653266 0.803146 0.170320
0.681460 0.832446 0.241437
0.707379 0.859047 0.320104
0.529235 0.486976 0.405850
0.531705 0.489904 0.409197
0.534354 0.493057 0.412798
0.539548 0.499188 0.419689
0.544924 0.505540 0.426711
0.555726 0.518445 0.440521
0.568766 0.534159 0.456419
0.621657 0.587041 0.542678
0.635830 0.607532 0.555733
0.651149 0.630595 0.570418
0.677349 0.672014 0.598289
0.720621 0.743824 0.657852
0.832277 0.733014 1.081300
0.835881 0.750446 1.095047
0.842586 0.769117 1.108766
0.856462 0.803497 1.131497
0.859185 0.815557 1.138987
0.859185 0.815557 1.138987
0.451256 0.384302 0.304457
0.454998 0.389414 0.309779
0.459532 0.395592 0.316314
0.466370 0.404750 0.326251
0.481905 0.424943 0.349081
0.514752 0.465092 0.396611
0.610739 0.376081 0.790433
0.622721 0.395672 0.795011
0.636957 0.419196 0.799222
0.658981 0.460706 0.805421
0.700685 0.544480 0.814053
0.429286 0.370204 0.214536
0.436844 0.382074 0.222184
0.445387 0.395453 0.231048
0.461562 0.420551 0.248708
0.476226 0.442588 0.265815
0.508479 0.488187 0.307287
0.534874 0.522490 0.344165
0.567750 0.562376 0.390634
0.417489 0.356368 0.183252
0.423099 0.365101 0.188067
0.428912 0.375095 0.193524
0.438006 0.390238 0.201922
0.460126 0.425691 0.222940
0.480336 0.457008 0.244212
0.502101 0.489261 0.270036
0.538665 0.525388 0.354084
0.549355 0.538403 0.369174
0.562103 0.553847 0.387208
0.586987 0.583380 0.421231
0.612458 0.614275 0.455003
0.282934 0.101360 0.229326
0.285973 0.102230 0.234788
0.284948 0.105539 0.242459
0.289452 0.108125 0.254226
0.295445 0.113641 0.275830
0.306568 0.127154 0.326115
0.611806 0.755658 0.072520
0.617410 0.762474 0.081760
0.623961 0.771310 0.094219
0.633778 0.783470 0.113396
0.652361 0.806868 0.156207
0.686280 0.842501 0.243058
0.609192 0.582349 0.507330
0.618492 0.594834 0.516947
0.630254 0.611107 0.529145
0.643553 0.630010 0.543093
0.674426 0.676299 0.578324
0.722838 0.755003 0.651057
0.469705 0.425157 0.282861
0.477746 0.436648 0.293311
0.484560 0.446160 0.302373
0.498472 0.464967 0.321307
0.529496 0.504559 0.364903
0.302159 0.096227 0.436111
0.309482 0.099340 0.456624
0.314153 0.101373 0.469496
0.324824 0.107778 0.503663
0.358179 0.123741 0.579701
0.538020 0.673849 -0.154521
0.547555 0.686205 -0.149223
0.557764 0.704868 -0.140394
0.578204 0.739745 -0.120381
0.608121 0.786287 -0.084520
0.669307 0.883683 0.038226
0.683509 0.905187 0.078562
0.273898 0.097983 0.187252
0.279068 0.100665 0.198454
0.282584 0.103412 0.208562
0.286790 0.111178 0.232055
0.300275 0.124698 0.281055
0.317850 0.140761 0.342783
0.335527 0.153396 0.395609
0.627670 0.559009 0.608903
0.639315 0.577874 0.616385
0.649960 0.595564 0.623442
0.670627 0.631395 0.638729
0.708175 0.696793 0.673461
0.741659 0.757773 0.720660
0.754170 0.781417 0.743753
0.409119 0.340926 0.179345
0.410085 0.343295 0.180651
0.411642 0.345292 0.181806
0.413520 0.348976 0.183879
0.418100 0.356019 0.187879
0.634855 0.643676 0.482101
0.650578 0.664387 0.503472
0.664513 0.683351 0.523156
0.685448 0.713352 0.555495
0.726545 0.778078 0.634148
0.246472 0.035802 0.315271
0.249438 0.035894 0.319610
0.250820 0.036557 0.323901
0.250839 0.039094 0.333074
0.253918 0.042144 0.348818
0.257277 0.049566 0.382628
0.271642 0.054902 0.425947
0.277877 0.057075 0.443372
0.283951 0.061841 0.470726
0.486553 0.425873 0.368825
0.492032 0.432523 0.376917
0.499157 0.441077 0.387347
0.507379 0.450886 0.399239
0.528386 0.475593 0.428295
0.573370 0.529471 0.482508
0.622406 0.594112 0.532229
0.172700 -0.140243 -0.104523
0.172700 -0.140243 -0.104523
0.172700 -0.140243 -0.104523
0.172700 -0.140243 -0.104523
0.172700 -0.140243 -0.104523
0.437481 0.392723 0.186879
0.444042 0.403807 0.192552
0.450612 0.414840 0.198377
0.466404 0.440161 0.212647
0.495028 0.484996 0.242722
0.535804 0.542762 0.294996
0.566010 0.580705 0.338877
0.508358 0.484382 0.317619
0.513399 0.491038 0.324603
0.519191 0.498494 0.332634
0.528989 0.510934 0.346410
0.548394 0.534760 0.373796
0.589385 0.583868 0.429880
0.628314 0.632049 0.480261
0.663650 0.679426 0.527430
0.514094 0.545794 0.161180
0.524426 0.562066 0.171548
0.537740 0.582166 0.186528
0.559863 0.614091 0.215974
0.600458 0.665042 0.281677
0.419193 0.353409 0.205736
0.425281 0.363246 0.211989
0.432764 0.375167 0.219661
0.447170 0.397678 0.234692
0.495784 0.470079 0.292669
0.508964 0.488048 0.310272
0.541933 0.530230 0.356422
0.294647 0.110928 0.298962
0.296574 0.111190 0.302093
0.296637 0.112826 0.306928
0.298021 0.115354 0.316057
0.302160 0.116216 0.323563
0.393892 0.310579 0.186375
0.397835 0.317202 0.190944
0.416387 0.346659 0.210909
0.446368 0.393825 0.243507
0.500501 0.472385 0.310824
0.731146 0.976451 0.235416
0.734781 0.981621 0.250608
0.737270 0.986529 0.264521
0.742780 0.996767 0.294242
0.751154 1.016958 0.350669
0.751289 1.028362 0.378865
0.339655 0.222754 0.135251
0.342471 0.226797 0.139910
0.345817 0.231704 0.145414
0.350236 0.238159 0.152444
0.361019 0.253930 0.168662
0.384682 0.289663 0.201392
0.411355 0.330498 0.235354
0.512679 0.473775 0.366260
0.514817 0.476405 0.369294
0.517272 0.479418 0.372773
0.521790 0.484921 0.379144
0.531765 0.496956 0.393052
0.439914 0.396256 0.191093
0.448383 0.410560 0.198613
0.455718 0.422414 0.205145
0.473908 0.451698 0.222659
0.507530 0.502566 0.260415
0.546136 0.554955 0.312633
0.582539 0.598990 0.366424
0.663005 0.584081 0.680364
0.675625 0.605741 0.686011
0.679688 0.616021 0.689691
0.697906 0.648186 0.700384
0.724165 0.700452 0.725549
0.599255 0.771554 -0.095123
0.606110 0.783520 -0.085088
0.617219 0.800029 -0.069414
0.629163 0.822124 -0.046607
0.658860 0.867231 0.013942
0.260913 0.077862 0.171628
0.267583 0.078494 0.179047
0.269761 0.081284 0.188011
0.271011 0.087098 0.203965
0.279795 0.096445 0.237799
0.289948 0.104348 0.271163
0.297434 0.113506 0.306317
0.700995 0.912338 0.163344
0.708794 0.921646 0.188525
0.715203 0.929224 0.210398
0.727312 0.945018 0.256915
0.745387 0.971355 0.339785
0.749450 1.000089 0.420336
0.573202 0.537810 0.465282
0.586548 0.554388 0.480377
0.599403 0.570806 0.494361
0.624628 0.604485 0.520928
0.669446 0.669653 0.570493
0.252893 0.018383 0.479987
0.258086 0.019579 0.491966
0.262465 0.021374 0.504645
0.272430 0.025749 0.534364
0.303520 0.036211 0.601180
0.347983 0.052024 0.673108
0.383474 0.067657 0.721340
0.417880 0.086483 0.763533
0.628462 0.730682 0.242343
0.645203 0.747866 0.277178
0.648972 0.751986 0.285957
0.668608 0.771840 0.331746
0.699630 0.805141 0.415996
0.724954 0.837989 0.503981
0.734291 0.854153 0.545651
0.625820 0.779137 0.079717
0.634428 0.790614 0.097321
0.644965 0.803167 0.119114
0.661634 0.822753 0.158236
0.694186 0.857777 0.247300
0.721105 0.886872 0.338553
0.373522 0.084357 0.681326
0.387037 0.090986 0.699719
0.405247 0.100798 0.723139
0.436489 0.119875 0.759484
0.473972 0.145505 0.796552
0.521029 0.182380 0.835347
0.560336 0.219250 0.863369
0.607743 0.272268 0.892088
0.648887 0.324140 0.910835
0.347959 0.179412 0.374212
0.350101 0.181262 0.380389
0.351835 0.184696 0.389952
0.357375 0.188264 0.403087
0.367407 0.196457 0.430721
0.395833 0.218019 0.500547
0.425820 0.239472 0.557599
0.445492 0.254458 0.588124
0.466575 0.272139 0.616251
0.498924 0.479894 0.280686
0.506197 0.490040 0.290095
0.512961 0.499275 0.299072
0.525065 0.515493 0.315745
0.609930 0.618487 0.435945
0.539549 0.462892 0.495151
0.550998 0.476660 0.507518
0.562729 0.491076 0.519183
0.587724 0.523668 0.541836
0.635939 0.593380 0.580653
0.525188 0.526306 0.285992
0.532750 0.536536 0.296463
0.542077 0.548689 0.309620
0.558817 0.569545 0.333863
0.594899 0.612408 0.387731
0.450919 0.394276 0.270373
0.455149 0.400459 0.275694
0.460777 0.408641 0.282925
0.467163 0.417789 0.291292
0.521079 0.488894 0.366143
0.352518 0.288183 -0.022513
0.355491 0.297869 -0.018916
0.360670 0.308106 -0.015441
0.373669 0.330310 -0.009242
0.444420 0.456132 0.008275
0.461231 0.485607 0.011785
0.611672 0.605043 0.471312
0.625452 0.622726 0.488202
0.637162 0.638189 0.502626
0.658784 0.667927 0.530236
0.700978 0.730843 0.593411
0.529046 0.561285 0.201625
0.534847 0.569791 0.208576
0.540829 0.578571 0.216232
0.550537 0.592508 0.229492
0.570511 0.618949 0.258977
0.775038 0.535207 0.976895
0.785044 0.553124 0.979680
0.790480 0.567438 0.983131
0.791283 0.590718 0.992275
0.803245 0.613990 1.000900
0.605432 0.482303 0.656570
0.621337 0.508012 0.663563
0.640020 0.539975 0.671545
0.668762 0.593497 0.685344
0.714635 0.679377 0.716146
0.750786 0.749802 0.762201
0.766254 0.779462 0.789474
0.325384 0.150904 0.347954
0.330539 0.153933 0.360898
0.334324 0.158413 0.376336
0.343350 0.166280 0.405592
0.366428 0.183038 0.470170
0.290481 0.124277 0.192485
0.293874 0.127562 0.202444
0.299056 0.130436 0.213172
0.305137 0.136986 0.232832
0.315706 0.152914 0.277251
0.331974 0.166084 0.320783
0.346995 0.181816 0.369190
0.509903 0.417992 0.482015
0.519903 0.428946 0.494216
0.532035 0.442967 0.508336
0.554212 0.469256 0.530747
0.668470 0.637956 0.620837
0.686643 0.668924 0.637831
0.339948 0.069959 0.631015
0.346856 0.073352 0.643487
0.356987 0.076799 0.657342
0.374484 0.085287 0.683894
0.421158 0.110776 0.743407
0.332274 0.154606 0.372633
0.336226 0.158159 0.385892
0.340467 0.160868 0.397199
0.350245 0.168865 0.427930
0.372867 0.184794 0.489008
0.589468 0.618064 0.350388
0.595603 0.625182 0.360091
0.601577 0.632102 0.369630
0.612172 0.644317 0.386634
0.633744 0.669097 0.421399
0.539655 0.648446 -0.040034
0.546802 0.660066 -0.034496
0.555795 0.673688 -0.027145
0.571316 0.699927 -0.010567
0.600775 0.744797 0.028429
0.512734 0.490440 0.322838
0.515072 0.493495 0.326084
0.517289 0.496442 0.329222
0.522250 0.502754 0.336113
0.531510 0.514432 0.349184
0.655580 0.821485 0.131664
0.660229 0.826655 0.142524
0.666735 0.833468 0.157696
0.675543 0.843446 0.181015
0.692533 0.861889 0.229570
0.733836 0.911700 0.388312
0.740496 0.923984 0.429418
0.526995 0.430816 0.514621
0.535814 0.441082 0.524111
0.546884 0.454210 0.535045
0.560771 0.471478 0.547734
0.598704 0.522928 0.577382
0.660584 0.620607 0.621406
0.508573 0.498487 0.277916
0.512997 0.504593 0.283600
0.520150 0.514536 0.293262
0.526892 0.523733 0.302590
0.542792 0.544237 0.324987
0.576469 0.585247 0.374109
0.606793 0.620849 0.418065
0.637257 0.657632 0.462113
0.625321 0.280561 0.913589
0.652960 0.316726 0.926722
0.680021 0.355476 0.937546
0.723779 0.434003 0.954414
0.784641 0.561924 0.975768
0.464316 0.433890 0.221717
0.467382 0.438648 0.224761
0.471141 0.444605 0.228636
0.476204 0.452568 0.233995
0.487980 0.470499 0.246922
0.511329 0.504432 0.275287
0.385885 0.287341 0.219446
0.390987 0.295115 0.226738
0.397517 0.304575 0.235585
0.409706 0.322599 0.252292
0.433474 0.357425 0.285484
0.459776 0.393677 0.323396
0.236997 0.031428 0.059561
0.238837 0.034844 0.068822
0.238584 0.040126 0.080690
0.242419 0.047978 0.101172
0.253028 0.061128 0.139216
0.264909 0.073321 0.178444
0.269585 0.082263 0.205687
0.271331 0.086184 0.217848
0.385318 0.291865 0.197455
0.390641 0.300058 0.204206
0.396679 0.309387 0.211750
0.407964 0.326812 0.225605
0.436105 0.369707 0.260177
0.386044 0.272330 0.276077
0.391379 0.279698 0.285853
0.396535 0.286250 0.294743
0.415939 0.311863 0.329923
0.435031 0.335556 0.364350
0.452879 0.409067 0.232338
0.460395 0.420789 0.240388
0.468772 0.433816 0.249790
0.485041 0.458051 0.268907
0.524147 0.512038 0.320462
0.559035 0.555434 0.370011
0.577117 0.576898 0.395542
0.595650 0.598997 0.421412
0.487843 0.464763 0.263996
0.495215 0.475523 0.273100
0.503548 0.487358 0.283687
0.519637 0.509429 0.305212
0.554060 0.553070 0.353860
0.592187 0.598473 0.408430
0.626848 0.640200 0.456897
0.655060 0.791005 0.209707
0.661787 0.798704 0.227143
0.668986 0.805980 0.245040
0.683114 0.819930 0.282229
0.709371 0.847364 0.363682
0.727485 0.868894 0.433206
0.382161 0.324585 0.043205
0.385097 0.334283 0.046118
0.392136 0.344659 0.048994
0.402338 0.365188 0.054075
0.428230 0.409200 0.062998
0.454953 0.458285 0.072458
0.692553 0.927540 0.080874
0.699949 0.937671 0.103287
0.706792 0.949454 0.130141
0.719698 0.967316 0.176154
0.738378 0.998017 0.260571
0.749163 1.024377 0.332562
0.752460 1.036415 0.363878
0.246305 0.011888 0.487885
0.251682 0.012084 0.495309
0.255858 0.013434 0.505836
0.263271 0.016742 0.528287
0.283501 0.022995 0.573443
0.307131 0.031038 0.620068
0.341518 0.043354 0.674365
0.766150 0.499854 0.981073
0.778226 0.528954 0.986757
0.785411 0.545926 0.990237
0.797180 0.582018 1.000209
0.806131 0.616870 1.016201
0.802674 0.630430 1.028949
0.806118 0.649818 1.047073
0.656286 0.666125 0.523472
0.665864 0.679645 0.536504
0.677400 0.696403 0.553089
0.697509 0.726846 0.585058
0.730721 0.780735 0.649029
0.745913 0.806645 0.682528
0.759812 0.831466 0.715213
0.775076 0.859682 0.752067
0.481725 0.457999 0.249540
0.493073 0.474886 0.262911
0.503080 0.489347 0.275353
0.526750 0.521931 0.307032
0.572454 0.578565 0.372620
0.620178 0.635055 0.441059
0.644813 0.665643 0.476639
0.369492 0.204740 0.418032
0.371442 0.205745 0.421814
0.372669 0.207391 0.426458
0.376444 0.209811 0.434663
0.382226 0.215349 0.451190
0.391734 0.222079 0.472517
0.357454 0.273307 0.067422
0.364014 0.283721 0.073383
0.369999 0.294821 0.079100
0.383114 0.317281 0.089352
0.412477 0.368256 0.107753
0.445942 0.426480 0.125647
0.483046 0.490233 0.148569
0.666850 0.860001 0.093654
0.671972 0.865674 0.105611
0.677219 0.871426 0.118304
0.684681 0.880280 0.138677
0.700783 0.899313 0.186955
0.690349 0.877475 0.179804
0.692153 0.879476 0.184978
0.694071 0.881629 0.190672
0.698203 0.885949 0.202828
0.702303 0.890463 0.215709
0.208033 -0.028785 0.421355
0.204373 -0.025134 0.430868
0.212580 -0.026932 0.431563
0.214379 -0.023308 0.447220
0.221062 -0.016842 0.479903
0.228253 -0.014236 0.498887
0.235943 -0.011790 0.517536
0.246681 -0.007280 0.548918
0.258871 -0.006029 0.566195
0.614465 0.788509 -0.031820
0.621145 0.797880 -0.021351
0.627223 0.808690 -0.009061
0.639310 0.825847 0.013597
0.662742 0.858735 0.066193
0.685656 0.888165 0.126791
0.441443 0.461163 -0.016311
0.447419 0.469127 -0.015745
0.452708 0.483477 -0.014167
0.465112 0.501325 -0.012296
0.489216 0.544741 -0.005187
0.511074 0.583089 0.004692
0.535059 0.624603 0.020820
0.690041 0.876449 0.180544
0.696904 0.883739 0.200153
0.704570 0.892258 0.224792
0.717298 0.906443 0.267889
0.735777 0.931639 0.349186
0.745079 0.946382 0.398845
0.750787 0.963430 0.452437
0.549259 0.472345 0.509894
0.559173 0.484370 0.519695
0.571003 0.499499 0.530918
0.595057 0.531719 0.551542
0.638001 0.594894 0.585262
0.705073 0.817341 0.417628
0.710011 0.822949 0.433453
0.713913 0.828725 0.449133
0.720596 0.838127 0.475468
0.735128 0.859407 0.534305
0.473018 0.513752 0.004253
0.484469 0.533525 0.007853
0.495498 0.551457 0.011828
0.604886 0.726175 0.125492
0.626185 0.752308 0.165144
0.502412 0.493799 0.258373
0.516530 0.513733 0.276051
0.530303 0.532822 0.294814
0.558497 0.568503 0.335047
0.691227 0.733215 0.542478
0.231217 0.003834 0.397244
0.227260 0.006667 0.402963
0.227418 0.007693 0.407202
0.232982 0.006792 0.410857
0.231952 0.009428 0.420138
0.669259 0.822610 0.202807
0.675526 0.829067 0.219130
0.680178 0.833934 0.231795
0.691858 0.845520 0.264436
0.711150 0.865941 0.327059
0.725419 0.883592 0.384767
0.730898 0.892213 0.413188
0.737843 0.901672 0.446007
0.507340 0.489723 0.296791
0.515176 0.500389 0.307418
0.523089 0.510966 0.318453
0.540317 0.532902 0.342748
0.584261 0.585713 0.405091
0.554090 0.470334 0.528640
0.567288 0.487151 0.540870
0.579879 0.503704 0.551548
0.605985 0.540243 0.571785
0.653997 0.614917 0.607664
0.714062 0.698487 0.691807
0.724371 0.718961 0.705489
0.735959 0.739778 0.721108
0.746247 0.759251 0.737803
0.767037 0.797494 0.775927
0.645796 0.658618 0.495475
0.652890 0.668115 0.505349
0.659838 0.677536 0.515184
0.673475 0.696539 0.535384
0.698891 0.734180 0.577861
0.476582 0.454478 0.230071
0.484675 0.467064 0.238809
0.493465 0.480116 0.248616
0.511140 0.505858 0.270168
0.545623 0.552218 0.317495
0.572067 0.584636 0.356412
0.607917 0.626622 0.409674
0.395465 0.334958 0.104847
0.399970 0.342093 0.107600
0.403856 0.351525 0.111011
0.412169 0.364336 0.115529
0.427796 0.391167 0.124450
0.747102 0.984794 0.348844
0.751594 0.992638 0.373154
0.750723 1.001657 0.396255
0.751447 1.017395 0.438242
0.746187 1.039881 0.491170
0.743820 1.048058 0.508675
0.330749 0.176090 0.282904
0.336235 0.179732 0.294059
0.341008 0.183720 0.305271
0.348724 0.194115 0.331136
0.401026 0.241631 0.462782
0.522813 0.581482 0.091208
0.536408 0.603587 0.103367
0.550311 0.626221 0.118521
0.576121 0.663910 0.152341
0.623704 0.723943 0.237013
0.369801 0.200544 0.432484
0.377165 0.206431 0.451709
0.387107 0.213512 0.475025
0.405613 0.227302 0.515991
0.460367 0.269586 0.604821
0.527425 0.334679 0.670594
0.571122 0.389249 0.697658
0.603659 0.435189 0.710755
0.498610 0.424714 0.424332
0.506441 0.433561 0.435400
0.514339 0.442648 0.446326
0.532026 0.462701 0.468682
0.567872 0.506097 0.508376
0.609962 0.562257 0.546837
0.627425 0.587574 0.561756
0.644958 0.613999 0.576906
0.499761 0.516982 0.165603
0.507019 0.528389 0.172025
0.523120 0.554362 0.188823
0.530720 0.565727 0.197399
0.557231 0.603823 0.232434
0.594039 0.650033 0.290908
0.411423 0.353961 0.151594
0.419239 0.366917 0.157432
0.425820 0.378327 0.162515
0.441122 0.403603 0.173853
0.472055 0.454865 0.199308
0.495573 0.492508 0.222613
0.527896 0.539747 0.260988
0.373025 0.288360 0.121156
0.376183 0.294073 0.124588
0.381513 0.301650 0.129116
0.385730 0.309669 0.133529
0.398922 0.331226 0.144779
0.452877 0.422402 0.187638
0.468466 0.447853 0.201001
0.484237 0.472883 0.215893
0.638835 0.653634 0.477587
0.649225 0.667082 0.492274
0.659688 0.680961 0.507488
0.679027 0.707584 0.537311
0.712328 0.757831 0.598578
0.741949 0.806544 0.664398
0.757378 0.834086 0.702417
0.767548 0.852846 0.727853
0.529555 0.535627 0.282808
0.534106 0.541840 0.289150
0.542932 0.553355 0.301524
0.553824 0.567107 0.317231
0.579039 0.597710 0.355073
0.459990 0.365888 0.402375
0.467339 0.373956 0.414365
0.477640 0.385073 0.430540
0.496747 0.405882 0.458897
0.536731 0.451168 0.508838
0.559028 0.477971 0.531001
0.249661 0.026233 0.435432
0.255328 0.026788 0.445446
0.260184 0.030614 0.467515
0.272147 0.036015 0.505470
0.314269 0.051359 0.602152
0.421220 0.341658 0.261326
0.429007 0.353175 0.271905
0.437134 0.364929 0.283015
0.454878 0.389866 0.307890
0.523287 0.476082 0.406565
0.563061 0.523335 0.457622
0.598546 0.577664 0.477674
0.611278 0.594033 0.492111
0.620482 0.606139 0.502411
0.638981 0.631334 0.523258
0.724893 0.763584 0.647380
0.659580 0.879726 -0.014745
0.663362 0.884853 -0.006909
0.668994 0.895317 0.008968
0.675489 0.906746 0.027854
0.690901 0.928533 0.069776
0.715513 0.966187 0.156061
0.415742 0.336815 0.242410
0.422362 0.346826 0.250798
0.429455 0.357421 0.259826
0.439877 0.372840 0.273356
0.479875 0.428652 0.328310
0.495821 0.449248 0.351181
0.526626 0.487006 0.394922
0.352993 0.077051 0.650702
0.367503 0.082916 0.671311
0.381080 0.089713 0.690957
0.414629 0.108258 0.734161
0.491421 0.160419 0.811020
0.564949 0.225318 0.864773
0.607264 0.273147 0.889942
0.712387 0.514122 0.858427
0.718500 0.536439 0.862532
0.736091 0.567477 0.864744
0.748133 0.609656 0.875044
0.772424 0.669661 0.897837
0.788667 0.705987 0.924387
0.804358 0.736945 0.953506
0.811463 0.752424 0.969081
0.662813 0.842591 0.117332
0.670528 0.850817 0.135311
0.679452 0.860476 0.158047
0.693517 0.876424 0.198785
0.735305 0.926491 0.354750
0.717660 0.906436 0.272203
0.723006 0.913419 0.294276
0.728289 0.919804 0.315437
0.737789 0.932069 0.356931
0.746162 0.955292 0.430083
0.749598 0.965985 0.463599
0.748569 0.976675 0.492579
0.659327 0.663627 0.540877
0.671245 0.681069 0.556373
0.680644 0.695206 0.569387
0.702086 0.728640 0.602448
0.735237 0.783553 0.665062
0.752361 0.813404 0.702549
0.613362 0.707690 0.227663
0.617510 0.712743 0.236095
0.631206 0.727552 0.263261
0.650847 0.748186 0.305669
0.680034 0.778055 0.374966
0.698638 0.798881 0.426646
0.398849 0.273217 0.355977
0.400230 0.275375 0.359770
0.401994 0.277157 0.363158
0.405281 0.281008 0.370298
0.412497 0.288417 0.384560
0.416042 0.292598 0.392395
0.415430 0.430628 -0.083120
0.418675 0.438588 -0.082754
0.423846 0.445600 -0.082557
0.430609 0.461491 -0.081756
0.445984 0.492340 -0.080045
0.483610 0.553921 -0.073711
0.509872 0.503879 0.269339
0.514019 0.509765 0.274686
0.519321 0.516979 0.281514
0.524247 0.523811 0.288190
0.541978 0.547220 0.312965
0.574587 0.587369 0.360996
0.427752 0.330975 0.337023
0.431052 0.335123 0.342711
0.435066 0.340375 0.349927
0.439211 0.345358 0.356951
0.454402 0.363315 0.382691
0.484551 0.397142 0.430920
0.418559 0.349487 0.215059
0.424165 0.358346 0.221105
0.427827 0.364096 0.225060
0.432887 0.372271 0.230721
0.447789 0.395159 0.247216
0.476283 0.437761 0.281644
0.505449 0.478026 0.320431
0.536401 0.517350 0.363856
0.440602 0.467333 -0.058123
0.444312 0.482238 -0.056871
0.451129 0.491785 -0.056304
0.457863 0.508877 -0.054620
0.481136 0.542231 -0.050763
0.702971 0.563622 0.804291
0.717709 0.591865 0.807739
0.725840 0.619672 0.815248
0.749024 0.665478 0.828863
0.779812 0.734066 0.873051
0.812098 0.801824 0.941579
0.825258 0.831851 0.972217
0.724060 1.017624 0.157171
0.728163 1.024760 0.175703
0.731075 1.031220 0.191452
0.735079 1.042282 0.219492
0.742970 1.060924 0.266152
0.745628 1.095253 0.342838
0.601585 0.788334 -0.149872
0.608234 0.798213 -0.142202
0.664753 0.899269 -0.036611
0.695337 0.951872 0.050620
0.708512 0.977255 0.102784
0.722401 1.000325 0.158679
0.349644 0.240785 0.137679
0.353413 0.246097 0.142959
0.358069 0.253161 0.149654
0.366464 0.265746 0.161010
0.384367 0.293706 0.183844
0.399288 0.317073 0.201345
0.329665 0.195438 0.172302
0.332422 0.199695 0.178992
0.340649 0.210107 0.195591
0.372615 0.253120 0.257935
0.395640 0.284189 0.300796
0.427605 0.323975 0.358911
0.291391 0.093634 0.371600
0.297247 0.095465 0.386098
0.301788 0.098576 0.403256
0.309697 0.104145 0.432940
0.355468 0.129493 0.560110
0.396418 0.305408 0.225281
0.401762 0.313516 0.232369
0.406895 0.321184 0.239060
0.416176 0.335156 0.251283
0.436187 0.364687 0.277964
0.256464 0.053600 0.253220
0.259479 0.056885 0.267017
0.265243 0.059125 0.281591
0.268054 0.067107 0.312268
0.282706 0.078567 0.374638
0.327471 0.103886 0.522151
0.441986 0.385025 0.245213
0.446834 0.392390 0.250772
0.451824 0.400090 0.256717
0.460357 0.412779 0.266903
0.478484 0.439151 0.289779
0.516311 0.489979 0.341408
0.554100 0.536361 0.394345
0.639236 0.734929 0.283818
0.642600 0.738669 0.291399
0.647023 0.742901 0.300457
0.655703 0.751847 0.319925
0.694807 0.793325 0.418430
0.464296 0.373358 0.403051
0.472878 0.382778 0.416722
0.482675 0.393343 0.431688
0.500337 0.412922 0.457675
0.541244 0.459355 0.507720
0.570033 0.495058 0.535822
0.602849 0.539481 0.562723
0.351229 0.233617 0.181042
0.353168 0.235881 0.183901
0.355166 0.238283 0.186885
0.358585 0.243871 0.193311
0.366027 0.254524 0.205492
0.370119 0.259866 0.211545
0.372968 0.264248 0.216292
0.376695 0.269613 0.222100
0.380866 0.275833 0.228709
0.323366 0.139837 0.384861
0.325217 0.140276 0.388057
0.326846 0.140658 0.390891
0.328016 0.143991 0.401960
0.334611 0.146723 0.416878
0.340533 0.151003 0.435421
0.463778 0.382830 0.375309
0.472360 0.392845 0.388843
0.480845 0.402663 0.402047
0.496225 0.420182 0.425086
0.533345 0.462375 0.474287
0.392887 0.296057 0.235583
0.394750 0.298997 0.238407
0.397547 0.303078 0.242362
0.400976 0.308125 0.247234
0.408727 0.319418 0.258176
0.551653 0.585631 0.256346
0.557839 0.593621 0.265204
0.564807 0.602589 0.275663
0.576273 0.616505 0.293185
0.606084 0.651389 0.342441
0.694674 0.755738 0.509787
0.312906 0.157737 0.199042
0.314452 0.161769 0.207285
0.318669 0.165813 0.217342
0.326308 0.174112 0.237115
0.339384 0.191429 0.275703
0.351416 0.203154 0.303535
0.367760 0.221199 0.345070
0.298236 0.041848 0.574810
0.301723 0.042811 0.581356
0.302696 0.043770 0.585389
0.307248 0.045630 0.595292
0.327696 0.052596 0.630865
0.340178 0.057567 0.651492
0.371196 0.254466 0.238935
0.374102 0.259419 0.244983
0.378084 0.264333 0.251317
0.384744 0.274234 0.263542
0.399469 0.293571 0.287912
0.432504 0.417866 0.062856
0.436493 0.426064 0.064359
0.440497 0.435362 0.066128
0.448976 0.449689 0.068884
0.469371 0.484594 0.076333
0.503228 0.543505 0.094369
0.539157 0.602727 0.125086
0.554677 0.626649 0.143040
0.404700 0.331789 0.185484
0.413896 0.346618 0.194587
0.423916 0.362831 0.204476
0.440419 0.389227 0.220875
0.457337 0.415736 0.238484
0.475208 0.443066 0.258659
0.513687 0.497626 0.307709
0.371118 0.264606 0.202214
0.376619 0.272568 0.210318
0.381887 0.280402 0.218089
0.394725 0.299257 0.236373
0.419418 0.335547 0.271227
0.449970 0.422374 0.166787
0.454338 0.430437 0.170271
0.459431 0.438593 0.173932
0.469316 0.455079 0.181724
0.480663 0.473730 0.191392
0.384594 0.402782 -0.128474
0.388274 0.409660 -0.128168
0.399426 0.419945 -0.128265
0.407426 0.438507 -0.127527
0.429260 0.471027 -0.126920
0.476696 0.553771 -0.120631
0.524990 0.639978 -0.100521
0.547224 0.672834 -0.087023
0.503062 0.446209 0.391900
0.514181 0.459332 0.407685
0.526524 0.473882 0.424680
0.551533 0.503330 0.456446
0.600615 0.564921 0.510022
0.441490 0.411448 0.146668
0.447479 0.423128 0.151051
0.456941 0.438163 0.156922
0.470524 0.461723 0.166886
0.499512 0.508656 0.191402
0.494968 0.476133 0.269957
0.502436 0.486770 0.279359
0.512314 0.500627 0.292337
0.526319 0.519406 0.311433
0.559533 0.561008 0.358839
0.591288 0.598713 0.404492
0.608066 0.618574 0.428165
0.623863 0.637672 0.450369
0.440071 0.447041 0.008459
0.444492 0.460969 0.010192
0.452547 0.473454 0.011573
0.465440 0.493656 0.014206
0.492649 0.542175 0.023540
0.510481 0.573560 0.032543
0.474766 0.402417 0.375373
0.478227 0.406524 0.380666
0.482337 0.411417 0.386963
0.489737 0.419911 0.397900
0.518030 0.452764 0.438388
0.393755 0.183038 0.568655
0.395232 0.184427 0.572309
0.398136 0.185930 0.576964
0.403756 0.189233 0.586363
0.408885 0.192413 0.594789
0.455020 0.399039 0.279558
0.459086 0.404905 0.284832
0.463414 0.411123 0.290555
0.471213 0.422093 0.300990
0.487167 0.443800 0.322930
0.516668 0.501219 0.312948
0.518569 0.503746 0.315584
0.520931 0.506907 0.318894
0.525688 0.513051 0.325503
0.535473 0.525456 0.339290
0.487302 0.572392 -0.101365
0.498272 0.593021 -0.097137
0.513802 0.618341 -0.090636
0.540123 0.657853 -0.076251
0.566133 0.699674 -0.054377
0.392187 0.283918 0.278470
0.396787 0.289806 0.286031
0.402186 0.296905 0.295163
0.408984 0.306203 0.307145
0.425669 0.327907 0.336180
0.463917 0.373314 0.401284
0.384654 0.300480 0.160173
0.390736 0.310344 0.166593
0.398231 0.321721 0.173762
0.410277 0.341654 0.185728
0.438336 0.387585 0.212890
0.460144 0.422203 0.235025
0.490800 0.468352 0.270057
0.358939 0.256824 0.141461
0.364910 0.266206 0.149446
0.372066 0.276982 0.158202
0.386161 0.299175 0.174796
0.412831 0.341723 0.203619
0.438756 0.383041 0.231061
0.455168 0.408555 0.249251
0.472111 0.434091 0.269274
0.367158 0.287355 0.090075
0.371366 0.293242 0.093336
0.376281 0.299462 0.096688
0.385441 0.315147 0.104231
0.405113 0.350976 0.118959
0.415767 0.370061 0.125970
0.435227 0.402631 0.137395
0.770741 0.753737 0.825321
0.773390 0.760469 0.831653
0.777733 0.768247 0.839062
0.783610 0.780803 0.851745
0.798173 0.806287 0.878814
0.822459 0.858580 0.935554
0.839037 0.898714 0.975244
0.846982 0.914058 0.988997
0.846982 0.914058 0.988997
0.351513 0.231546 0.186454
0.354388 0.236644 0.192543
0.358678 0.241918 0.199166
0.365231 0.251375 0.210358
0.378052 0.269474 0.231030
0.406912 0.311184 0.276725
0.429774 0.342523 0.312424
0.447901 0.366074 0.341143
0.368962 0.279965 0.120864
0.374779 0.289512 0.127003
0.380925 0.300664 0.133698
0.395959 0.325154 0.147277
0.426380 0.376553 0.172528
0.444244 0.406551 0.187064
0.862333 0.788182 1.195366
0.862333 0.788182 1.195366
0.862333 0.788182 1.195366
0.862333 0.788182 1.195366
0.862333 0.788182 1.195366
0.862333 0.788182 1.195366
0.862333 0.788182 1.195366
0.224611 -0.085130 0.328074
0.216992 -0.079152 0.338982
0.219455 -0.075691 0.349306
0.211242 -0.068816 0.362304
0.202988 -0.059206 0.381485
0.199052 -0.051846 0.396177
0.577127 0.697545 0.039548
0.581854 0.704975 0.045944
0.586873 0.712644 0.053015
0.596108 0.726007 0.066620
0.612567 0.749642 0.094920
0.665267 0.811880 0.208661
0.679163 0.826119 0.245045
0.691819 0.838920 0.280908
0.404092 0.359366 0.079600
0.409578 0.368374 0.082065
0.414967 0.380787 0.085350
0.425607 0.397591 0.089510
0.447403 0.436411 0.098977
0.309672 0.189927 0.041076
0.318436 0.202689 0.056494
0.325790 0.214256 0.069237
0.344081 0.240884 0.095354
0.385515 0.306303 0.142168
0.413706 0.352973 0.167169
0.438808 0.395820 0.188564
0.236517 0.000226 0.194155
0.227330 0.006051 0.201871
0.230691 0.010079 0.214963
0.240297 0.026174 0.270017
0.250348 0.037002 0.318592
0.506341 0.498860 0.265037
0.512093 0.506830 0.272158
0.518913 0.516435 0.281100
0.531392 0.533497 0.298220
0.558549 0.567783 0.337035
0.578885 0.592394 0.367446
0.604388 0.622135 0.405197
0.448636 0.426488 0.146954
0.455775 0.438454 0.151480
0.465521 0.454526 0.157906
0.545034 0.579126 0.238366
0.569896 0.612008 0.274925
0.481664 0.526514 0.004788
0.489541 0.542799 0.008142
0.498715 0.558942 0.011991
0.514427 0.585376 0.020014
0.548770 0.642003 0.046301
0.573609 0.681694 0.075064
0.792698 0.649503 0.979653
0.792753 0.654262 0.983882
0.794274 0.660038 0.988916
0.799336 0.673821 1.001079
0.816555 0.712697 1.036657
0.832766 0.756433 1.074328
0.303164 0.100479 0.401178
0.305086 0.104609 0.418293
0.310750 0.107816 0.436618
0.322444 0.113809 0.470988
0.348552 0.127285 0.539210
0.302176 0.160885 0.105859
0.309683 0.171234 0.124136
0.315073 0.177447 0.135254
0.323423 0.188578 0.153935
0.386591 0.273663 0.275780
0.404668 0.335486 0.171950
0.410785 0.345222 0.177422
0.422054 0.363726 0.187598
0.433078 0.381606 0.197454
0.462709 0.429642 0.225830
0.546080 0.531518 0.371555
0.548335 0.534255 0.374746
0.551041 0.537576 0.378602
0.556197 0.543775 0.385802
0.565636 0.555050 0.398836
0.336936 0.184052 0.276807
0.340716 0.188069 0.286631
0.342904 0.192586 0.296232
0.350669 0.200639 0.315992
0.367206 0.216877 0.356635
0.378078 0.228584 0.385655
0.397765 0.247101 0.433459
0.398969 0.347068 0.080738
0.403161 0.357215 0.083742
0.409844 0.368010 0.086847
0.420639 0.386456 0.091779
0.443169 0.426720 0.101991
0.465160 0.467231 0.113198
0.287675 0.108088 0.273358
0.292876 0.108480 0.280458
0.294107 0.111151 0.289482
0.298491 0.114805 0.305175
0.310210 0.123176 0.343327
0.318480 0.129502 0.371812
0.327460 0.139238 0.411062
0.437855 0.420047 0.087856
0.444150 0.433712 0.091047
0.451046 0.445838 0.093915
0.465828 0.470861 0.100389
0.497522 0.526387 0.119079
0.523954 0.569730 0.140855
0.552616 0.614079 0.173476
0.424487 0.328907 0.325832
0.428701 0.334193 0.332836
0.434139 0.341256 0.342252
0.443754 0.352993 0.358360
0.455900 0.367437 0.378640
0.475859 0.390341 0.410969
0.811054 0.582370 1.035437
0.811430 0.592348 1.040159
0.812369 0.601273 1.044710
0.817959 0.606175 1.047735
0.808659 0.616037 1.059005
0.469478 0.439849 0.234446
0.475147 0.448401 0.240420
0.482184 0.459240 0.248316
0.491469 0.473215 0.259211
0.513323 0.504330 0.286715
0.374195 0.303993 0.063268
0.377777 0.313471 0.067037
0.386019 0.325077 0.071485
0.396494 0.343507 0.077656
0.427980 0.399586 0.092958
0.449898 0.440639 0.103303
0.576507 0.729732 -0.089157
0.581397 0.736994 -0.084094
0.586816 0.745097 -0.078117
0.595487 0.758995 -0.067186
0.611621 0.785071 -0.043386
0.642756 0.833004 0.014160
0.667100 0.867986 0.071593
0.377402 0.282100 0.177715
0.383598 0.291825 0.185515
0.389033 0.300267 0.192094
0.401271 0.319419 0.206511
0.447436 0.390782 0.260202
0.475705 0.431942 0.296103
0.685135 0.898303 0.093878
0.687813 0.902121 0.101961
0.690418 0.906724 0.111633
0.696243 0.915334 0.131283
0.701938 0.922215 0.148414
0.707776 0.929351 0.166985
0.713045 0.935951 0.184772
0.351499 0.243423 0.139413
0.355569 0.249655 0.145387
0.359867 0.256225 0.151480
0.367434 0.267609 0.161582
0.383474 0.292351 0.181704
0.419284 0.348687 0.222747
0.449898 0.396060 0.257987
0.491677 0.456009 0.311537
0.397980 0.373982 -0.000748
0.408945 0.390569 0.001394
0.420115 0.412393 0.003910
0.435960 0.443494 0.007237
0.480618 0.525177 0.018785
0.524614 0.599542 0.041209
0.461275 0.416739 0.259806
0.465145 0.422492 0.264411
0.469314 0.428617 0.269428
0.476391 0.438994 0.278210
0.491743 0.460790 0.298089
0.521173 0.499905 0.338482
0.578112 0.569084 0.417620
0.368356 0.252884 0.226668
0.374124 0.261557 0.237089
0.380354 0.269453 0.246750
0.419846 0.324531 0.312780
0.442648 0.353578 0.350570
0.458230 0.372488 0.376448
0.423631 0.355159 0.229680
0.429838 0.364821 0.236764
0.437453 0.376471 0.245489
0.451582 0.397893 0.262254
0.482342 0.442336 0.301553
0.502321 0.469247 0.328960
0.518114 0.489484 0.351156
0.534352 0.509519 0.374009
0.567605 0.576867 0.355607
0.569622 0.579318 0.358625
0.571917 0.582152 0.362107
0.576571 0.587521 0.368812
0.585621 0.598182 0.382176
0.594822 0.608960 0.395705
0.607343 0.475379 0.670503
0.620844 0.497500 0.676031
0.630231 0.513569 0.679831
0.657275 0.561817 0.690392
0.698868 0.641437 0.712186
0.491743 0.287424 0.656210
0.496473 0.291462 0.660149
0.499344 0.294930 0.663432
0.506582 0.301862 0.669496
0.520926 0.316716 0.680882
0.862923 0.782807 1.207989
0.862923 0.782807 1.207989
0.862923 0.782807 1.207989
0.862923 0.782807 1.207989
0.862923 0.782807 1.207989
0.862923 0.782807 1.207989
0.456449 0.521006 -0.130165
0.467346 0.537486 -0.128714
0.472983 0.557334 -0.125981
0.497344 0.591966 -0.120114
0.534812 0.652773 -0.102095
0.545961 0.675217 -0.118176
0.555208 0.692041 -0.110261
0.565984 0.709333 -0.100872
0.584952 0.743275 -0.078860
0.621817 0.800417 -0.026064
0.626834 0.783453 0.072662
0.629287 0.786706 0.077451
0.633064 0.792159 0.085593
0.636406 0.796044 0.092031
0.655333 0.820127 0.135377
0.731110 0.555007 0.872831
0.741871 0.572985 0.874164
0.749013 0.596136 0.879489
0.759051 0.621365 0.885816
0.793007 0.706440 0.935467
0.801860 0.723496 0.951441
0.456253 0.369676 0.373849
0.467711 0.383307 0.392783
0.479484 0.396525 0.411125
0.503907 0.423948 0.447152
0.561326 0.490981 0.514709
0.607553 0.552688 0.555535
0.424351 0.332915 0.311065
0.426253 0.335547 0.314242
0.428519 0.338699 0.318045
0.431913 0.343094 0.323481
0.443648 0.358116 0.342504
0.441413 0.504913 -0.145171
0.450993 0.522925 -0.143835
0.462931 0.543315 -0.141914
0.488218 0.582954 -0.136257
0.536791 0.662320 -0.113445
0.574821 0.722899 -0.081574
0.613694 0.785085 -0.029471
0.515180 0.457705 0.415740
0.523046 0.466937 0.426550
0.531092 0.476279 0.437147
0.548039 0.496337 0.458469
0.583040 0.539337 0.497389
0.623143 0.593176 0.536733
0.639321 0.616455 0.552322
0.443777 0.424794 0.117105
0.448369 0.433455 0.119698
0.453225 0.441632 0.122162
0.463015 0.457721 0.127280
0.482617 0.491396 0.139538
0.282359 0.108937 0.177235
0.282606 0.112008 0.184340
0.286734 0.113949 0.192339
0.290467 0.118349 0.205642
0.297419 0.127419 0.232999
0.314371 0.145301 0.291257
0.329516 0.159733 0.340330
0.352307 0.178694 0.407680
0.859474 0.813115 1.143591
0.859474 0.813115 1.143591
0.859474 0.813115 1.143591
0.859474 0.813115 1.143591
0.859474 0.813115 1.143591
0.859474 0.813115 1.143591
0.859474 0.813115 1.143591
0.652323 0.823472 0.104966
0.658602 0.831519 0.120350
0.665284 0.839592 0.137085
0.678387 0.853560 0.169733
0.689699 0.866434 0.202594
0.752399 0.491853 0.964320
0.765426 0.517576 0.968050
0.777559 0.546629 0.973469
0.786200 0.585465 0.984998
0.797412 0.610392 0.993095
0.797536 0.625336 1.002050
0.550855 0.474207 0.511617
0.563207 0.489430 0.523715
0.576286 0.506287 0.535706
0.601276 0.540443 0.556714
0.648903 0.611945 0.594069
0.682785 0.667699 0.625160
0.700854 0.698824 0.645817
0.717780 0.727643 0.667986
0.759299 0.664878 0.858779
0.764195 0.682870 0.868745
0.771263 0.696422 0.877029
0.782234 0.719305 0.894694
0.803084 0.766011 0.940161
0.822208 0.800675 0.975334
0.835856 0.832745 1.005859
0.597257 0.772862 -0.111837
0.600166 0.776734 -0.108652
0.604001 0.782714 -0.103726
0.609360 0.791510 -0.096210
0.614431 0.801386 -0.087479
0.789079 0.637969 0.963232
0.786357 0.645634 0.969123
0.791012 0.649721 0.971476
0.792353 0.661506 0.981477
0.809715 0.692069 1.008471
0.386618 0.194409 0.520890
0.388493 0.195562 0.524777
0.390948 0.197150 0.529856
0.394881 0.200056 0.538610
0.404063 0.206013 0.556087
0.395094 0.311387 0.192271
0.398493 0.316656 0.196043
0.402462 0.323222 0.200667
0.409808 0.334834 0.208786
0.424888 0.358738 0.225424
0.553999 0.545103 0.373271
0.565780 0.559236 0.389845
0.577977 0.573652 0.406631
0.601561 0.601935 0.438524
0.648809 0.661716 0.501332
0.678888 0.703705 0.545403
0.587949 0.682617 0.164740
0.590236 0.685630 0.168510
0.593004 0.689182 0.173070
0.597624 0.694994 0.180867
0.607148 0.706585 0.197728
0.439776 0.381524 0.242765
0.447412 0.393292 0.251599
0.454936 0.404750 0.260536
0.468303 0.424515 0.276933
0.509793 0.481567 0.332427
0.521852 0.496959 0.349391
0.554214 0.536435 0.394643
0.628910 0.828823 -0.072066
0.634378 0.837702 -0.062283
0.639759 0.845876 -0.052601
0.647946 0.859691 -0.035527
0.663744 0.883827 -0.000900
0.697915 0.937735 0.099244
0.312364 0.168010 0.164663
0.316383 0.171724 0.172680
0.320151 0.175997 0.181329
0.327333 0.184680 0.198331
0.351810 0.215736 0.255446
0.361764 0.228452 0.277851
0.427449 0.479622 -0.138854
0.437708 0.489452 -0.138783
0.444668 0.506744 -0.137622
0.462138 0.532421 -0.135820
0.495084 0.594693 -0.126245
0.340703 0.202789 0.234673
0.346928 0.209216 0.247030
0.353416 0.216509 0.260546
0.364806 0.232492 0.288410
0.418587 0.293476 0.402367
0.772922 0.653403 0.915324
0.779179 0.664620 0.921246
0.779961 0.676028 0.929680
0.789909 0.695794 0.945518
0.799847 0.721677 0.969707
0.817498 0.754595 1.001652
0.325656 0.178450 0.218437
0.328555 0.180742 0.223951
0.330821 0.185202 0.232511
0.335806 0.190862 0.244566
0.345862 0.202704 0.269144
0.367046 0.227694 0.320271
0.388061 0.250814 0.369177
0.415325 0.277801 0.428945
0.536600 0.662387 -0.130643
0.551040 0.685845 -0.120517
0.562466 0.708389 -0.109108
0.589568 0.751219 -0.080777
0.633442 0.822130 -0.010157
0.441980 0.398330 0.198162
0.449427 0.410422 0.204849
0.460408 0.428028 0.215053
0.477964 0.455947 0.232935
0.513090 0.508121 0.274479
0.331790 0.172990 0.293335
0.336620 0.177241 0.305665
0.340054 0.182832 0.319684
0.345156 0.186535 0.331042
0.349983 0.190840 0.343497
0.392993 0.368503 -0.021936
0.397962 0.378363 -0.020658
0.404875 0.385613 -0.019991
0.415473 0.407876 -0.017669
0.436254 0.451880 -0.013739
0.452313 0.483330 -0.010697
0.480246 0.530333 -0.004252
0.553009 0.698645 -0.147959
0.562409 0.711583 -0.141254
0.573013 0.729399 -0.131226
0.589316 0.756981 -0.113137
0.623432 0.814099 -0.063210
0.642989 0.845945 -0.026061
0.672113 0.891143 0.043194
0.339033 0.240634 0.065362
0.344046 0.247806 0.071184
0.347626 0.253548 0.075526
0.357295 0.267968 0.085735
0.377609 0.299722 0.104532
0.399428 0.337600 0.122150
0.413885 0.364233 0.132762
0.496754 0.466023 0.309346
0.507572 0.480501 0.324228
0.518500 0.494702 0.339547
0.545149 0.527614 0.376985
0.592563 0.584513 0.440820
0.285358 0.105270 0.219936
0.288332 0.107968 0.229722
0.290405 0.112577 0.243645
0.297104 0.117732 0.264081
0.332034 0.150516 0.390020
0.351105 0.198103 0.323057
0.355154 0.202931 0.334860
0.359816 0.208283 0.348112
0.372355 0.220118 0.379315
0.403361 0.248113 0.454052
0.565476 0.704410 -0.073861
0.573221 0.717300 -0.065714
0.582110 0.732078 -0.055351
0.599221 0.758171 -0.033625
0.628270 0.803412 0.015628
0.652399 0.836023 0.064605
0.665175 0.854228 0.097448
0.678052 0.869496 0.130126
0.371995 0.195577 0.455143
0.373384 0.197118 0.459884
0.374846 0.198431 0.464144
0.378327 0.200790 0.472379
0.385953 0.205808 0.489602
0.520780 0.439162 0.477163
0.534192 0.454536 0.493087
0.552137 0.475958 0.512434
0.584032 0.516755 0.542011
0.634449 0.589424 0.582113
0.573360 0.547183 0.446422
0.584188 0.560414 0.459515
0.596360 0.575578 0.473794
0.618374 0.603985 0.498837
0.637232 0.629479 0.520150
0.426743 0.371993 0.188635
0.430848 0.378598 0.192200
0.437193 0.389269 0.198012
0.447064 0.405673 0.207180
0.465823 0.435493 0.225212
0.505222 0.495079 0.270031
0.556838 0.563025 0.341297
0.577770 0.588309 0.372279
0.428178 0.474940 -0.116633
0.435189 0.482824 -0.116565
0.442165 0.497628 -0.115702
0.454027 0.516695 -0.114523
0.478735 0.560639 -0.109546
0.527234 0.637795 -0.090829
0.297880 0.136608 0.182170
0.300451 0.141233 0.193196
0.305471 0.146558 0.207517
0.313723 0.155389 0.231201
0.330545 0.175681 0.283550
0.459253 0.388298 0.336569
0.469577 0.401491 0.352335
0.479971 0.414399 0.368149
0.503574 0.442526 0.402988
0.552924 0.500456 0.467552
0.396076 0.390561 -0.065077
0.407595 0.411231 -0.063767
0.420277 0.429745 -0.062976
0.444716 0.476917 -0.060410
0.497225 0.574114 -0.047867
0.536811 0.640063 -0.026523
0.562757 0.683519 -0.002997
0.587473 0.720899 0.026222
0.429003 0.415982 0.041606
0.435706 0.429431 0.043672
0.443517 0.444108 0.045965
0.459114 0.474407 0.051083
0.492859 0.533887 0.064913
0.515880 0.572193 0.078781
0.540969 0.613449 0.100509
0.346194 0.262619 0.033674
0.354366 0.275949 0.041320
0.360039 0.285238 0.046115
0.423301 0.393399 0.081451
0.459048 0.459082 0.096916
0.484275 0.491398 0.153897
0.493198 0.506317 0.160931
0.503292 0.522353 0.169448
0.522264 0.552612 0.188617
0.560344 0.607747 0.237900
0.598864 0.655334 0.300186
0.401572 0.125640 0.684657
0.412461 0.131767 0.698462
0.422525 0.138506 0.711630
0.441169 0.150431 0.732545
0.487170 0.185816 0.778631
0.346171 0.255608 0.062810
0.350756 0.260890 0.066625
0.354319 0.268135 0.071235
0.360074 0.277912 0.077171
0.374757 0.301909 0.090008
0.406724 0.354429 0.111619
0.432877 0.401948 0.127450
0.627154 0.540904 0.634671
0.636298 0.555969 0.639445
0.644753 0.570473 0.644080
0.662587 0.601705 0.654411
0.692648 0.656737 0.676143
0.706791 0.682525 0.688922
0.719891 0.706161 0.702676
0.731617 0.728096 0.717798
0.608854 0.547750 0.568303
0.620608 0.564816 0.576924
0.632900 0.583758 0.586315
0.653733 0.617018 0.602767
0.693695 0.684037 0.640655
0.712060 0.715742 0.663067
0.314626 0.121371 0.405194
0.316217 0.122347 0.410184
0.317619 0.123818 0.416657
0.322274 0.124975 0.425752
0.328769 0.129895 0.449031
0.345464 0.139733 0.496753
0.355864 0.145874 0.523660
0.367520 0.151822 0.548778
0.379588 0.159240 0.574631
0.439935 0.436466 0.049998
0.446222 0.448029 0.051915
0.452771 0.461660 0.054312
0.465183 0.481856 0.058075
0.489708 0.525265 0.068555
0.289672 0.053400 0.527004
0.295752 0.055138 0.539953
0.301954 0.058128 0.556685
0.319611 0.063143 0.588826
0.361110 0.080958 0.661710
0.401574 0.100781 0.716508
0.480777 0.151906 0.799918
0.419896 0.350335 0.220933
0.421934 0.353716 0.223295
0.424274 0.357393 0.225882
0.428526 0.364054 0.230612
0.437496 0.377962 0.240679
0.453149 0.401818 0.258846
0.245740 -0.182634 0.382749
0.235656 -0.170815 0.410225
0.249163 -0.167185 0.422964
0.242411 -0.154723 0.454083
0.211856 -0.141360 0.481804
0.381416 0.076609 0.706897
0.407244 0.090405 0.739539
0.438781 0.108949 0.774794
0.501826 0.154020 0.834120
0.639860 0.294498 0.923275
0.717777 0.414414 0.955009
0.401721 0.333828 0.152281
0.405306 0.340444 0.155586
0.409103 0.347630 0.159096
0.417489 0.360666 0.165471
0.433059 0.387433 0.178314
0.442686 0.402841 0.185871
0.451471 0.418128 0.193587
0.460097 0.431680 0.200806
0.258594 0.058841 0.263456
0.260844 0.060069 0.270084
0.263298 0.061117 0.276578
0.267342 0.063603 0.290030
0.266527 0.072084 0.317614
0.272050 0.074382 0.333656
0.275812 0.077302 0.349531
0.280100 0.079442 0.363590
0.710962 0.687273 0.695838
0.720469 0.705445 0.706610
0.730430 0.724692 0.719627
0.746095 0.754380 0.743212
0.776214 0.809542 0.798575
0.540934 0.656095 -0.071163
0.548365 0.671034 -0.064349
0.560116 0.687586 -0.055402
0.575664 0.715320 -0.037840
0.607828 0.764676 0.005710
0.637954 0.808992 0.062508
0.651884 0.826115 0.091548
0.247874 0.039226 0.372139
0.255985 0.038744 0.382437
0.258610 0.041455 0.397217
0.263205 0.048174 0.431984
0.286300 0.056390 0.496145
0.302247 0.063016 0.539315
0.321545 0.070756 0.582631
0.442193 0.366891 0.306876
0.447287 0.373837 0.314444
0.454118 0.382961 0.324639
0.463862 0.395700 0.339326
0.484837 0.422008 0.371001
0.230870 -0.099562 0.351577
0.219888 -0.093385 0.361583
0.224556 -0.091281 0.369606
0.209792 -0.083142 0.382547
0.194164 -0.072877 0.398516
0.195543 -0.070997 0.402306
0.641632 0.840626 -0.017017
0.648241 0.850900 -0.002941
0.656588 0.862435 0.014579
0.669741 0.882204 0.047401
0.696916 0.917947 0.121994
0.708107 0.933741 0.160557
0.719185 0.948187 0.199856
0.728688 0.961170 0.237517
0.641171 0.537803 0.678101
0.653906 0.560808 0.683475
0.671445 0.593291 0.691498
0.698110 0.643335 0.706684
0.743742 0.735379 0.756441
0.544856 0.561121 0.290071
0.553824 0.572581 0.303029
0.568216 0.590183 0.324361
0.589161 0.615234 0.356912
0.633478 0.666298 0.426668
0.654767 0.692209 0.462056
0.673029 0.715102 0.493592
0.691524 0.740386 0.529469
0.627763 0.374113 0.828087
0.638568 0.389872 0.830941
0.653193 0.414403 0.835139
0.674760 0.456700 0.841322
0.709349 0.528754 0.848741
0.472183 0.442814 0.241265
0.479256 0.453632 0.249168
0.485764 0.463313 0.256631
0.500211 0.484370 0.274233
0.529339 0.524326 0.313306
0.541611 0.539950 0.330610
0.556886 0.558688 0.352516
0.571871 0.576779 0.374366
0.594894 0.421584 0.710032
0.605409 0.437361 0.713774
0.620741 0.462419 0.719017
0.633485 0.484395 0.722987
0.664411 0.542314 0.732195
0.245954 0.028148 0.330879
0.241960 0.032231 0.340094
0.247139 0.032528 0.348455
0.251963 0.034551 0.363118
0.260263 0.040012 0.396833
0.268646 0.046471 0.435536
0.693666 0.544037 0.798469
0.702802 0.565528 0.801592
0.713074 0.589035 0.805300
0.732438 0.629481 0.813526
0.759271 0.696428 0.842239
0.292012 0.128100 0.194930
0.295295 0.131376 0.204671
0.301400 0.134258 0.216030
0.306667 0.142295 0.237890
0.321106 0.156548 0.281211
0.337916 0.174401 0.334500
0.346703 0.182623 0.359947
0.542931 0.319218 0.724096
0.552962 0.331489 0.730271
0.570593 0.354187 0.739829
0.594874 0.387246 0.750122
0.642475 0.464671 0.764765
0.712212 0.603819 0.783572
0.481566 0.326826 0.564512
0.492079 0.336866 0.576811
0.504676 0.350102 0.590868
0.527957 0.375635 0.612437
0.578171 0.439903 0.646416
0.596835 0.466681 0.655470
0.621593 0.506293 0.666502
0.644309 0.545441 0.675999
0.444409 0.513062 -0.169908
0.452337 0.530753 -0.168373
0.466080 0.547852 -0.166809
0.490501 0.594026 -0.159378
0.530547 0.655586 -0.142283
0.515783 0.525331 0.237375
0.517789 0.528224 0.239773
0.520001 0.531465 0.242481
0.524361 0.537829 0.248017
0.532358 0.549110 0.258468
0.536730 0.555212 0.264422
0.540730 0.560855 0.270096
0.545252 0.566729 0.276308
0.545419 0.648308 0.005226
0.548452 0.651712 0.007198
0.551981 0.657059 0.010247
0.557207 0.666189 0.015697
0.566246 0.682162 0.026297
0.575214 0.695573 0.036623
0.502187 0.489887 0.268487
0.508756 0.499211 0.276821
0.516734 0.510291 0.287239
0.531080 0.529750 0.307030
0.564442 0.571333 0.354963
0.581554 0.591666 0.380054
0.596099 0.608671 0.401198
0.610944 0.626279 0.422836
0.593403 0.774325 -0.169554
0.595542 0.780022 -0.165959
0.599430 0.784690 -0.162593
0.612233 0.806403 -0.146499
0.626342 0.832856 -0.124483
0.221636 -0.037786 0.205674
0.222097 -0.034969 0.213076
0.229577 -0.033988 0.220610
0.229708 -0.028332 0.234957
0.232110 -0.019490 0.260238
0.229704 -0.003372 0.305164
0.427923 0.142011 0.718581
0.448437 0.154978 0.740164
0.478015 0.176724 0.769011
0.525579 0.217622 0.807881
0.633920 0.341827 0.865965
0.676384 0.412087 0.880958
0.710447 0.479600 0.890081
0.481548 0.382423 0.452370
0.487020 0.388356 0.460639
0.496470 0.398577 0.474193
0.506347 0.409293 0.487404
0.532568 0.438769 0.518252
0.561269 0.473456 0.545845
0.596303 0.521001 0.573819
0.648552 0.601142 0.610426
0.672447 0.641851 0.629771
0.304324 0.178994 0.047604
0.307545 0.183995 0.054379
0.311034 0.188309 0.060314
0.317836 0.198451 0.073246
0.340617 0.231320 0.110271
0.349875 0.244653 0.123239
0.357920 0.257026 0.134217
0.620423 0.718110 0.237388
0.628372 0.725977 0.252169
0.635421 0.733536 0.266776
0.650069 0.749205 0.299278
0.687310 0.787826 0.390541
0.580296 0.659474 0.191683
0.586093 0.667024 0.200999
0.592065 0.674913 0.211363
0.602368 0.686932 0.228866
0.625221 0.712763 0.272239
0.368307 0.265798 0.175305
0.372959 0.272821 0.181660
0.377261 0.279391 0.187436
0.385478 0.291982 0.198150
0.400024 0.314408 0.216418
0.743128 0.482225 0.955712
0.756808 0.511755 0.960238
0.768839 0.534746 0.963242
0.782215 0.577745 0.973782
0.794373 0.625546 0.992796
0.864114 0.771552 1.236811
0.864114 0.771552 1.236811
0.864114 0.771552 1.236811
0.864114 0.771552 1.236811
0.864114 0.771552 1.236811
0.637579 0.738056 0.266686
0.642834 0.743464 0.277881
0.648529 0.749512 0.290743
0.657156 0.758207 0.310132
0.674927 0.776515 0.353369
0.431018 0.343322 0.316819
0.439237 0.354334 0.330200
0.450470 0.368363 0.347947
0.469261 0.391561 0.378244
0.513395 0.442298 0.443395
0.562773 0.500382 0.501727
0.590653 0.536431 0.528681
0.183248 -0.076705 -0.117872
0.183248 -0.076705 -0.117872
0.183248 -0.076705 -0.117872
0.183248 -0.076705 -0.117872
0.183248 -0.076705 -0.117872
0.183248 -0.076705 -0.117872
0.183248 -0.076705 -0.117872
0.518359 0.463304 0.415945
0.520557 0.465859 0.418944
0.523246 0.469021 0.422615
0.528638 0.475342 0.429846
0.539266 0.487702 0.443481
0.549553 0.500001 0.456327
0.555287 0.506791 0.463090
0.815711 0.606775 1.099354
0.814975 0.603637 1.099201
0.813107 0.601784 1.099752
0.806220 0.602565 1.103248
0.804583 0.620223 1.117651
0.832488 0.689771 1.165935
0.846981 0.736602 1.193192
0.471463 0.410249 0.337065
0.478981 0.419957 0.348227
0.487217 0.430326 0.360396
0.503164 0.449748 0.383609
0.522867 0.473217 0.411442
0.541821 0.495495 0.436510
0.560873 0.518331 0.460022
0.580798 0.542804 0.482602
0.601163 0.568992 0.504200
0.523477 0.498210 0.353622
0.532700 0.509621 0.366632
0.546018 0.525734 0.385197
0.569544 0.553847 0.417093
0.592558 0.581658 0.446886
0.631757 0.561632 0.617894
0.644812 0.582961 0.625864
0.665239 0.617591 0.639373
0.684750 0.652517 0.655009
0.726519 0.728116 0.701132
0.741855 0.755399 0.723699
0.267454 0.034149 0.498303
0.274533 0.036931 0.518046
0.284266 0.040265 0.542312
0.300278 0.046026 0.577853
0.326448 0.054391 0.624441
0.397542 0.086103 0.727204
0.455766 0.120468 0.790446
0.357356 0.294783 0.004843
0.364265 0.306093 0.009053
0.371849 0.317263 0.012737
0.402022 0.371836 0.025521
0.422254 0.406468 0.030897
0.461803 0.481491 0.042070
0.287080 0.122420 0.161854
0.291467 0.125763 0.172024
0.294341 0.129568 0.182057
0.307580 0.145090 0.224532
0.331376 0.172561 0.300311
0.366424 0.214414 0.365448
0.367869 0.216003 0.369540
0.369904 0.216934 0.372646
0.372347 0.220164 0.380601
0.375653 0.223559 0.389452
0.384080 0.231020 0.409744
0.623093 0.739575 0.185796
0.634071 0.752904 0.209665
0.647267 0.766532 0.237850
0.670555 0.790343 0.294124
0.719121 0.843417 0.443747
0.454729 0.388942 0.309773
0.456929 0.392002 0.312981
0.458969 0.394686 0.315852
0.463282 0.400538 0.322159
0.473458 0.413918 0.337012
0.477747 0.419483 0.343344
0.482440 0.425448 0.350243
0.486679 0.430751 0.356431
0.517239 0.503475 0.309498
0.522439 0.510491 0.316815
0.535076 0.526582 0.334415
0.544444 0.538235 0.347743
0.569823 0.568936 0.384031
0.355038 0.238086 0.186879
0.358075 0.242933 0.192493
0.368359 0.257830 0.209440
0.396130 0.297492 0.251763
0.426273 0.340708 0.297581
0.476687 0.345404 0.513535
0.479240 0.348121 0.517411
0.482097 0.350869 0.521269
0.487756 0.356548 0.528866
0.493636 0.362308 0.536116
0.509043 0.378451 0.554109
0.523691 0.649801 -0.155906
0.531932 0.661702 -0.151691
0.542175 0.676604 -0.145720
0.557751 0.703941 -0.133075
0.595082 0.764552 -0.094070
0.623266 0.810466 -0.051547
0.438400 0.387441 0.214465
0.444495 0.396863 0.220325
0.450979 0.407048 0.226854
0.462431 0.425201 0.239037
0.489333 0.465684 0.270111
0.389312 0.335076 0.057964
0.392555 0.340992 0.059726
0.395999 0.346946 0.061419
0.400218 0.358298 0.064449
0.414143 0.380074 0.069696
0.441268 0.431778 0.080833
0.466373 0.476729 0.091308
0.484345 0.506887 0.100069
0.557798 0.559897 0.353516
0.576210 0.581956 0.380250
0.595846 0.605267 0.408625
0.648728 0.669897 0.484084
0.669135 0.697009 0.515277
0.680544 0.712769 0.533912
0.533362 0.576230 0.180406
0.540937 0.587339 0.189348
0.549700 0.599980 0.200499
0.564636 0.621158 0.221981
0.599893 0.664877 0.279531
0.614950 0.681766 0.306612
0.629386 0.697327 0.333583
0.663340 0.857450 0.072371
0.664994 0.860171 0.077258
0.667254 0.863392 0.083289
0.671977 0.869411 0.095384
0.680581 0.879172 0.116702
0.439007 0.356572 0.321361
0.451191 0.372437 0.340542
0.465071 0.389783 0.362384
0.478455 0.406002 0.383283
0.497282 0.427806 0.411334
0.529794 0.465250 0.455718
0.363307 0.354800 -0.142594
0.373527 0.384907 -0.139428
0.396557 0.418768 -0.138223
0.441626 0.496872 -0.135716
0.482899 0.575988 -0.127130
0.579505 0.574858 0.410120
0.591395 0.589125 0.426293
0.607305 0.608384 0.447438
0.632684 0.640123 0.480756
0.694197 0.725875 0.571300
0.429385 0.388357 0.145402
0.437340 0.402679 0.150920
0.448387 0.421954 0.158477
0.492166 0.494682 0.193284
0.556359 0.588614 0.271488
0.299583 0.149541 0.132180
0.307295 0.160161 0.153817
0.316047 0.171253 0.176352
0.335308 0.194930 0.222851
0.355174 0.220392 0.269594
0.498648 0.605108 -0.172876
0.504278 0.616827 -0.170079
0.547955 0.688531 -0.145271
0.599352 0.771684 -0.093585
0.635011 0.832346 -0.033120
0.316480 0.210864 0.017461
0.320493 0.217395 0.023807
0.337348 0.241773 0.045115
0.358416 0.276919 0.068628
0.387315 0.323621 0.091120
0.455949 0.508827 -0.072982
0.464325 0.521237 -0.071940
0.501217 0.585521 -0.061395
0.537499 0.643439 -0.042458
0.577121 0.708496 -0.004450
0.464149 0.428990 0.237464
0.466163 0.431889 0.239517
0.473311 0.442795 0.247342
0.482190 0.456448 0.257717
0.486916 0.463365 0.263296
0.491068 0.469410 0.268318
0.459505 0.385955 0.344841
0.461772 0.388730 0.348252
0.468462 0.397170 0.358673
0.476545 0.407166 0.371195
0.487778 0.420503 0.388088
0.398678 0.400558 -0.081503
0.428965 0.460404 -0.078652
0.469580 0.535801 -0.072866
0.491436 0.569786 -0.067653
0.510220 0.603197 -0.059761
0.320584 0.198380 0.091887
0.324791 0.204276 0.099430
0.340461 0.226646 0.125740
0.363301 0.260310 0.159306
0.375329 0.278901 0.175379
0.386950 0.296881 0.189808
0.328010 0.220016 0.056092
0.332590 0.227131 0.062882
0.350244 0.254942 0.086164
0.381810 0.306314 0.118433
0.395762 0.329008 0.129647
0.410735 0.355935 0.141520
0.597592 0.753762 -0.030660
0.599343 0.757254 -0.027596
0.607104 0.769232 -0.015944
0.620727 0.790781 0.007726
0.624893 0.797409 0.015781
0.419535 0.425064 -0.052959
0.425639 0.439992 -0.051991
0.452637 0.496496 -0.047978
0.500949 0.579422 -0.035136
0.524917 0.617944 -0.023287
0.541462 0.643238 -0.012476
0.624097 0.814567 -0.061387
0.632533 0.829882 -0.044729
0.663720 0.876393 0.020230
0.691272 0.916929 0.096783
0.705886 0.937270 0.144525
0.721096 0.957022 0.197273
0.340756 0.201352 0.237756
0.354814 0.219277 0.270806
0.372047 0.238670 0.306947
0.379184 0.247239 0.322715
0.386799 0.256674 0.340184
0.614725 0.772945 0.025495
0.658635 0.832613 0.117475
0.698322 0.876701 0.225258
0.713890 0.893463 0.276077
0.726082 0.908406 0.324272
0.383328 0.382953 -0.091293
0.417533 0.441165 -0.088658
0.455424 0.505073 -0.085690
0.475939 0.548842 -0.080719
0.495339 0.573879 -0.076710
0.459223 0.431212 0.198232
0.464682 0.439558 0.202846
0.477638 0.461065 0.215424
0.490860 0.481304 0.228821
0.499653 0.495037 0.238776
0.508971 0.508677 0.249628
0.355168 0.226381 0.236062
0.361905 0.235145 0.249504
0.368108 0.244008 0.262638
0.371959 0.249157 0.270303
0.374775 0.253158 0.276178
