0.196749
0.300691
0.126908
0.207794
0.889335
0.137778
0.640605
0.710204
0.482480
0.458165
0.820180
0.680583
0.264011
0.548595
0.215993
0.589422
0.173272
0.794431
0.176773
0.328956
0.789539
0.908533
0.363581
0.316338
0.353876
0.405896
0.397896
0.239725
0.426376
0.395060
0.312375
0.164257
0.382120
0.508366
0.822488
0.274898
0.419832
0.418367
0.463133
0.447128
0.716611
0.470346
0.349530
0.725688
0.934030
0.391704
0.734407
0.930384
3.096813
0.515709
0.912155
0.332758
0.919867
0.335453
0.349434
0.287762
0.564407
0.470663
0.765484
0.602267
0.527336
0.668893
0.386658
0.517861
0.764110
0.505527
0.215531
0.288723
0.944656
0.434008
0.476282
0.963716
0.187082
0.321888
0.386423
0.584596
1.288727
0.645172
0.364313
1.065418
0.640302
0.527581
0.871538
0.221963
0.758067
0.484033
0.326170
0.420455
1.078444
0.337603
0.469038
1.067713
0.708196
0.447209
0.383922
0.864334
0.776813
0.948732
0.339994
1.107814
0.454990
0.905191
0.670231
0.480231
0.472798
0.693887
0.772240
0.814582
0.218662
0.688271
0.882097
0.568886
0.807798
0.309545
0.662532
0.861004
0.437316
1.537787
0.259964
0.689763
0.266482
0.452578
0.618553
0.273494
0.779326
0.275237
0.357433
0.233666
0.205861
0.686097
0.385561
0.879978
0.194075
1.274957
0.587602
0.884692
1.144215
1.203406
0.239363
0.204400
0.261909
0.472455
0.768177
0.364107
0.542182
0.257880
0.500351
0.461964
0.405054
0.212092
0.747764
0.397653
0.566723
0.607613
0.377795
0.848772
0.815727
0.565813
0.507113
0.456234
0.363222
0.627186
0.201648
0.512424
0.437087
0.599448
0.532240
0.190106
0.810373
0.904859
0.415684
0.465153
0.582869
0.670867
0.197473
0.753490
0.599534
0.818786
0.808317
0.469855
0.946736
0.225415
0.292392
0.598880
0.634673
0.639995
0.776949
0.415489
0.482160
0.686709
0.623267
0.330855
0.551882
1.218052
0.448575
0.612247
1.679275
0.636960
0.241036
0.270786
0.907954
0.467956
0.482815
0.347705
0.710176
0.619216
0.431929
0.987055
0.232336
1.047033
0.664092
0.667069
0.850933
0.520218
0.580061
0.372226
0.445922
0.772249
0.358446
0.419250
0.581044
0.570204
0.869937
0.745657
0.259081
0.351626
0.680188
0.504352
0.640910
0.343573
0.558445
0.312439
0.498126
0.498321
0.284879
0.531203
0.482511
0.316861
0.839631
0.435423
0.493232
0.656134
0.413136
0.380763
1.132820
0.398937
0.370708
0.506199
0.437363
0.287737
0.570634
0.239831
0.480918
0.667702
0.248400
0.210341
0.388963
0.213979
2.754612
0.788260
0.402182
2.216223
2.072641
0.808922
0.257447
1.307356
0.391726
0.421418
0.484832
0.474853
0.339556
0.511181
0.172276
0.425868
0.334422
0.418130
0.454037
0.469334
0.372413
0.368215
0.603078
0.420195
0.366340
1.029191
0.155499
0.943547
0.344926
0.502613
0.384537
0.270021
0.300719
0.401594
0.529281
0.669214
2.105159
0.487647
0.710135
0.965117
0.680570
0.317445
0.745070
0.683974
1.197094
0.237266
0.477829
2.400862
0.664093
0.661528
0.626381
1.085940
0.675340
0.512189
0.626582
0.335825
0.358203
0.592210
0.248606
0.899362
0.480669
0.599191
0.214997
0.583638
0.538133
0.638271
0.740298
0.551282
0.710577
1.053169
0.218759
0.329061
0.259970
0.402622
0.980250
0.451434
0.307747
0.175229
0.435606
0.597730
0.395610
0.399436
0.625303
0.463940
0.278719
0.334530
0.872071
0.274386
0.761027
0.224049
0.960653
0.935791
0.986041
0.488472
1.400126
0.962623
0.642993
0.666137
0.332126
0.884093
0.811593
0.363264
2.442624
0.984144
0.343543
0.890275
0.577278
0.283908
0.510363
2.089531
0.622451
0.536829
0.687670
0.434539
0.489267
0.622052
0.861910
0.316874
0.815117
0.470303
1.128776
0.640381
0.303872
0.547576
0.489380
0.413318
0.509991
1.249448
0.527798
0.665685
3.247143
0.429845
1.054525
0.842493
0.570065
0.726519
1.043447
0.367023
0.347594
0.469386
0.639400
0.443169
0.442841
0.251873
0.542275
0.719708
0.207582
0.719086
0.222510
0.364175
0.827942
0.294581
0.589142
1.031986
0.566648
0.208755
0.736689
0.210003
0.514373
0.578428
0.314356
0.441363
0.197566
0.250087
0.948496
0.531076
0.897306
0.252907
0.713436
0.455601
0.302954
0.397888
