0.190480 -0.043746 -0.132075
0.195088 -0.044569 -0.127255
0.196496 -0.044425 -0.122002
0.193145 -0.042946 -0.116342
0.195395 -0.042902 -0.110850
0.199280 -0.043080 -0.104937
0.196140 -0.041503 -0.099100
0.196294 -0.040652 -0.093043
0.200655 -0.040895 -0.087317
0.199404 -0.039541 -0.081092
0.197566 -0.038068 -0.075058
0.202245 -0.037962 -0.068478
0.203278 -0.036918 -0.061948
0.199622 -0.034938 -0.056183
0.203999 -0.034491 -0.049331
0.207626 -0.033758 -0.042374
0.203588 -0.031651 -0.036894
0.205519 -0.030415 -0.030009
0.211834 -0.029866 -0.022365
0.208222 -0.027502 -0.016370
0.207243 -0.025460 -0.009741
0.212790 -0.024773 -0.002647
0.212317 -0.022709 0.003997
0.208981 -0.019786 0.010792
0.214806 -0.019098 0.017661
0.217536 -0.017504 0.024623
0.214574 -0.014342 0.031721
0.217295 -0.012749 0.038429
0.221830 -0.011754 0.044783
0.219374 -0.008373 0.052166
0.219831 -0.005969 0.058992
0.225357 -0.005102 0.065343
0.224121 -0.002059 0.072334
0.222146 0.001308 0.079476
0.227505 0.002153 0.085544
0.229320 0.004374 0.092327
0.226683 0.008197 0.099734
0.230274 0.009522 0.105670
0.234192 0.010875 0.111821
0.231050 0.014860 0.119048
0.233310 0.016896 0.125565
0.239424 0.017332 0.131213
0.236248 0.021119 0.137976
0.235260 0.024172 0.144537
0.242501 0.024194 0.150164
0.241965 0.026986 0.156542
0.236029 0.031293 0.162555
0.243498 0.031384 0.168731
0.246482 0.032732 0.174635
0.241190 0.036971 0.180876
0.244699 0.038101 0.186814
0.250827 0.038377 0.192972
0.246422 0.042029 0.198653
0.246761 0.044055 0.204409
0.253150 0.044109 0.210626
0.251343 0.046831 0.216395
0.248747 0.049849 0.222217
0.254685 0.049902 0.228476
0.256110 0.051433 0.234453
0.252854 0.054680 0.240425
0.256868 0.055064 0.246105
0.259857 0.055683 0.251539
0.257673 0.058799 0.258432
0.259379 0.060042 0.264327
0.264908 0.059531 0.269617
0.262592 0.062612 0.276554
0.262586 0.064744 0.283426
0.267123 0.064490 0.288609
0.267385 0.066354 0.295167
0.265500 0.069410 0.302856
0.270025 0.069015 0.307740
0.272273 0.069882 0.313828
0.269224 0.073341 0.321504
0.272484 0.073801 0.327767
0.276886 0.073617 0.333398
0.274918 0.076733 0.341632
0.276520 0.078092 0.348863
0.280765 0.077874 0.354277
0.280868 0.080121 0.362556
0.281289 0.082269 0.371086
0.285728 0.081798 0.375701
0.287423 0.083259 0.383507
0.286883 0.086012 0.393072
0.290706 0.086171 0.399043
0.294389 0.086440 0.405051
0.293954 0.089301 0.415266
0.296437 0.090329 0.422413
0.299897 0.090572 0.427684
0.300551 0.092945 0.437341
0.302802 0.094477 0.445973
0.306971 0.094842 0.452669
0.309278 0.096414 0.461240
0.310606 0.098649 0.470778
0.314142 0.099649 0.478530
0.317135 0.101185 0.487399
0.319569 0.103376 0.497651
0.323381 0.104609 0.506029
0.327474 0.105884 0.514537
0.330199 0.108047 0.524114
0.333719 0.109866 0.533090
0.338613 0.111245 0.541786
0.342390 0.113494 0.551780
0.346562 0.115854 0.561964
0.351754 0.117872 0.571561
0.356508 0.120230 0.581263
0.360935 0.122923 0.590958
0.366374 0.125574 0.600876
0.372551 0.128304 0.610941
0.377948 0.131437 0.620719
0.384808 0.134811 0.631354
0.391035 0.138625 0.641815
0.398390 0.142473 0.652193
0.405484 0.146955 0.662912
0.413172 0.151348 0.672876
0.420395 0.156391 0.683082
0.428826 0.162043 0.693846
0.436660 0.167388 0.703157
0.445815 0.173487 0.713097
0.455366 0.179990 0.722794
0.464145 0.186615 0.731745
0.472541 0.193988 0.740853
0.483363 0.202205 0.750259
0.493077 0.210459 0.758793
0.502862 0.218552 0.766351
0.513406 0.228303 0.774794
0.523765 0.238277 0.782576
0.533032 0.247761 0.789264
0.544476 0.259083 0.796458
0.555650 0.271590 0.803717
0.565001 0.281899 0.808905
0.575244 0.294227 0.814669
0.586721 0.309281 0.821125
0.596798 0.320998 0.825032
0.607127 0.333561 0.828726
0.617220 0.348990 0.833499
0.626931 0.362495 0.836680
0.636415 0.375679 0.839238
0.645679 0.392622 0.843095
0.655264 0.407996 0.845546
0.662272 0.420516 0.847457
0.671167 0.435796 0.849351
0.679360 0.450979 0.851155
0.684617 0.463939 0.853196
0.692573 0.478324 0.854372
0.701671 0.494281 0.855375
0.705412 0.506448 0.857475
0.709903 0.518849 0.859265
0.717927 0.532172 0.859795
0.723097 0.544055 0.861202
0.726143 0.555957 0.863567
0.733757 0.566789 0.863811
0.737501 0.576805 0.865589
0.737944 0.587892 0.869267
0.743581 0.596362 0.870034
0.748330 0.604399 0.871145
0.749260 0.615316 0.875185
0.753565 0.621841 0.876350
0.759329 0.627473 0.876772
0.758746 0.636759 0.881364
0.760414 0.643387 0.884139
0.766297 0.647615 0.884504
0.766009 0.654803 0.888625
0.766966 0.662503 0.892857
0.770675 0.666627 0.894513
0.772035 0.671363 0.897370
0.771736 0.676667 0.901174
0.775490 0.680577 0.903210
0.778039 0.685363 0.906333
0.778064 0.689945 0.910062
0.781227 0.693812 0.912731
0.785181 0.698362 0.915930
0.785559 0.702433 0.919652
0.788199 0.706661 0.923176
0.793021 0.711032 0.926593
0.793026 0.716092 0.931556
0.794119 0.720948 0.936280
0.799002 0.725328 0.940114
0.799613 0.730360 0.945242
0.798247 0.736597 0.951776
0.804281 0.740984 0.955749
0.807333 0.746073 0.960800
0.806148 0.751129 0.966281
0.810336 0.756999 0.971964
0.814733 0.762227 0.977026
0.813686 0.767592 0.982708
0.816425 0.773031 0.988057
0.822224 0.777851 0.992496
0.821764 0.784116 0.998796
0.823047 0.790627 1.005084
0.828982 0.796742 1.010492
0.830125 0.803191 1.016528
0.829963 0.809411 1.022371
0.835785 0.815110 1.027100
0.838515 0.821701 1.032772
0.837782 0.828407 1.038744
0.842703 0.834369 1.043426
0.846856 0.841558 1.049051
0.846064 0.847433 1.053998
0.849391 0.853924 1.058891
0.853681 0.860558 1.063670
