0.152182
-0.226792
-0.564806
-0.000005
0.054584
0.333754
-0.029449
0.475102
-0.281740
0.394492
-0.010041
0.460830
0.147596
-0.138725
-0.099676
0.166665
-0.055273
-0.219610
0.028938
-0.719584
0.210508
0.518800
0.357973
0.608417
-0.110043
-1.140043
-1.156325
-0.141416
0.019438
-1.144659
0.038286
-0.169829
0.077499
0.137322
0.403999
0.005667
-1.201878
0.525037
-1.131638
0.188814
0.082919
-0.016309
-0.182334
0.275245
0.578917
-1.124755
-1.138935
0.391573
0.295451
-0.262942
0.263886
0.321946
0.165752
-0.210423
0.163043
0.160609
-1.036352
-1.128793
0.541387
-0.122782
-0.370540
0.140802
0.387813
0.681775
0.140572
0.231361
0.337180
-1.054210
0.027294
0.160557
-1.064114
0.075543
-0.093039
0.082719
0.105207
0.480987
0.637669
-0.022614
-0.209617
-1.215119
-1.008082
0.143847
0.498221
-1.149502
0.301487
-1.098595
0.305692
0.315065
0.279593
0.201456
0.119861
0.220116
0.463338
0.516051
0.109045
-0.018072
-0.149938
-1.131015
0.594372
0.377378
0.096699
0.028387
0.099281
0.392120
0.450211
0.136543
0.335464
0.735988
0.005071
0.247303
0.035321
0.156510
0.267550
-1.045990
0.611796
-0.157224
0.298673
0.604860
0.004865
0.261190
0.375935
0.017640
-0.970100
0.257180
-0.254337
0.092799
-1.169703
0.145815
0.055623
-0.068361
-0.164324
0.213047
0.419274
0.022642
0.435582
0.283086
0.091567
0.091179
-0.115491
0.298459
0.122471
0.186813
-0.086385
0.470225
0.326399
-0.044250
0.495808
0.235449
0.072486
0.214672
-0.280839
0.136586
0.375149
-0.127004
-1.160828
0.324820
0.589861
0.050944
0.442154
-0.237700
0.006895
0.024222
-0.057455
0.088108
0.132996
0.088891
0.168560
-0.204997
0.076573
-0.268524
0.265667
0.483827
0.427246
-1.128958
0.097476
0.197349
-1.065569
-0.240988
-0.221057
-0.442259
0.224952
0.192396
0.117337
0.203915
0.634631
-0.995597
-0.010788
0.121616
0.335108
0.779707
0.035716
0.163338
0.125573
0.524432
0.130381
0.508919
0.459502
0.036638
-0.104003
0.059896
0.048363
0.421127
0.370153
0.184635
0.403846
0.217844
0.249191
-0.015714
0.046228
0.146767
0.381776
0.172792
0.260264
0.499285
0.282615
-1.150218
-0.070357
0.038269
0.013516
0.060210
-0.578633
0.563507
0.247668
0.019239
-0.195415
0.235802
0.290150
-0.233849
0.415047
0.264642
-0.417214
0.145512
-0.966493
-1.048093
0.087024
-1.067437
0.476735
-0.029942
-1.186478
-0.385122
-0.024434
0.244690
0.081545
-0.431036
0.137831
0.421431
-0.083530
0.092703
-0.323171
-0.721263
-1.212485
0.121976
-1.173042
0.235133
0.386005
0.031245
0.159535
-0.414912
0.460859
0.282331
0.138136
0.548090
0.262656
0.115404
0.348836
0.630639
0.255315
-0.157743
0.048235
-0.100286
0.251007
0.276994
0.296748
0.007889
-1.170126
-0.074534
0.381087
-0.226285
-0.114007
0.218814
0.091631
0.387759
-0.087830
-0.019271
0.024748
-0.761264
0.385303
0.210096
0.022408
0.180761
0.076371
-1.219662
0.233998
-1.199528
0.522815
-0.051952
0.066456
-1.156212
0.229624
0.490236
-1.144300
0.136611
0.016874
-0.481791
0.333975
0.681696
-0.011060
0.326030
0.312552
0.417872
-1.149813
0.261819
-1.173818
-0.513644
0.446010
-1.139065
0.052851
0.069947
-0.082519
-0.187542
0.336847
0.553365
0.233174
0.320808
0.181712
-0.534979
-0.322259
-0.041161
-0.178098
0.436400
0.079313
0.230894
-0.038609
-1.135019
0.444788
0.260074
0.290371
0.163727
0.215127
0.433994
0.363748
-0.039561
0.141602
0.220046
0.355545
0.185735
-0.003140
0.289965
-0.123321
0.366126
0.090111
-1.089270
0.311533
0.532884
-0.513252
-0.337931
0.419217
-0.050484
0.336042
0.412478
0.197602
-0.028827
0.511658
0.398823
0.507015
-0.029528
0.487464
0.553427
0.363126
0.091206
0.630676
0.128685
0.000500
-1.262288
-1.184689
-0.044884
-1.151031
0.384873
0.426033
0.368488
-0.167249
0.138082
0.428329
0.333577
0.308799
0.384338
0.429019
0.386390
0.664814
-1.132102
0.325686
0.105413
0.363660
0.481425
0.277533
0.081859
0.062929
-1.103600
0.635088
-1.157415
0.482798
0.200333
-1.139954
-0.199881
-0.144814
-0.101497
0.227860
0.057234
-1.173256
0.002638
0.164354
0.540741
0.240660
0.210320
0.085436
0.047011
0.011176
-1.185199
-1.166252
0.006413
0.090984
0.133873
-1.221433
0.066826
0.121673
-0.190285
0.418624
0.025672
-0.522099
-1.019944
