0.001362 0.367701
0.004755 0.369030
0.008201 0.370358
0.011701 0.371684
0.015254 0.373008
0.018880 0.374364
0.022527 0.375652
0.026247 0.376971
0.030024 0.378288
0.033858 0.379603
0.037749 0.380915
0.041699 0.382224
0.045728 0.383563
0.049772 0.384834
0.053897 0.386135
0.058104 0.387465
0.062323 0.388726
0.066624 0.390017
0.071009 0.391337
0.075402 0.392587
0.079878 0.393867
0.084410 0.395143
0.089000 0.396416
0.093645 0.397684
0.098345 0.398949
0.103128 0.400244
0.107905 0.401467
0.112762 0.402721
0.117700 0.404005
0.122624 0.405218
0.127624 0.406461
0.132701 0.407736
0.137755 0.408939
0.142880 0.410174
0.148041 0.411407
0.153237 0.412638
0.158464 0.413867
0.163719 0.415095
0.168999 0.416322
0.174300 0.417548
0.179621 0.418776
0.184956 0.420003
0.190303 0.421233
0.195730 0.422534
0.201017 0.423699
0.206377 0.424938
0.211734 0.426181
0.217085 0.427429
0.222426 0.428684
0.227754 0.429946
0.233066 0.431217
0.238357 0.432497
0.243626 0.433788
0.248869 0.435091
0.254083 0.436407
0.259266 0.437737
0.264414 0.439084
0.269528 0.440447
0.274603 0.441829
0.279638 0.443232
0.284699 0.444728
0.289582 0.446103
0.294490 0.447575
0.299418 0.449146
0.304170 0.450599
0.308941 0.452155
0.313729 0.453817
0.318347 0.455364
0.322981 0.457019
0.327630 0.458787
0.332115 0.460442
0.336617 0.462212
0.341075 0.464024
0.345492 0.465879
0.349870 0.467780
0.354209 0.469727
0.358511 0.471723
0.362777 0.473768
0.367010 0.475865
0.371211 0.478015
0.375383 0.480219
0.379527 0.482479
0.383645 0.484796
0.387741 0.487171
0.391814 0.489606
0.395869 0.492102
0.399952 0.494747
0.403928 0.497278
0.407938 0.499961
0.411938 0.502709
0.415929 0.505522
0.419915 0.508400
0.423896 0.511344
0.427876 0.514356
0.431857 0.517434
0.435841 0.520581
0.439829 0.523795
0.443826 0.527077
0.447832 0.530428
0.451850 0.533848
0.455882 0.537336
0.459922 0.540869
0.463988 0.544493
0.468075 0.548185
0.472185 0.551943
0.476320 0.555769
0.480533 0.559788
0.484725 0.563749
0.488947 0.567775
0.493201 0.571866
0.497431 0.575882
0.501754 0.580095
0.506112 0.584369
0.510509 0.588701
0.514943 0.593090
0.519416 0.597534
0.524001 0.602190
0.528554 0.606741
0.533147 0.611339
0.537697 0.615810
0.542361 0.620488
0.547060 0.625204
0.551793 0.629952
0.556556 0.634728
0.561349 0.639529
0.566267 0.644544
0.571009 0.649180
0.575975 0.654226
0.580745 0.658866
0.585633 0.663708
0.590528 0.668541
0.595427 0.673359
0.600325 0.678156
0.605217 0.682928
0.610100 0.687667
0.614968 0.692366
0.619952 0.697261
0.624782 0.701871
0.629443 0.706178
0.634211 0.710666
0.638945 0.715090
0.643640 0.719443
0.648293 0.723721
0.652901 0.727919
0.657461 0.732034
0.662127 0.736326
0.666586 0.740267
0.670990 0.744114
0.675337 0.747864
0.679464 0.751247
0.683692 0.754799
0.687860 0.758250
0.691966 0.761598
0.696011 0.764841
0.700161 0.768255
0.704082 0.771289
0.707939 0.774218
0.711735 0.777039
0.715297 0.779479
0.718968 0.782090
0.722578 0.784595
0.726126 0.786995
0.729615 0.789292
0.733044 0.791484
0.736589 0.793850
0.739901 0.795838
0.743158 0.797725
0.746185 0.799239
0.749331 0.800929
0.752423 0.802522
0.755461 0.804017
0.758448 0.805418
0.761385 0.806726
0.764272 0.807942
0.767109 0.809065
0.770073 0.810366
0.772643 0.811043
0.775340 0.811901
0.777993 0.812672
0.780602 0.813357
0.783169 0.813960
0.785693 0.814479
0.788177 0.814916
0.790620 0.815273
0.793197 0.815808
0.795563 0.816006
0.797891 0.816127
0.800010 0.815915
0.802265 0.815884
0.804486 0.815779
0.806673 0.815601
0.808825 0.815350
0.810944 0.815027
0.813204 0.814882
0.815260 0.814417
0.817284 0.813882
0.819278 0.813278
0.821070 0.812363
0.823006 0.811626
0.824912 0.810822
