1.079326
0.712380
1.273621
0.381774
1.412777
1.302898
0.385377
1.443870
1.068654
1.216640
0.384983
0.385731
0.901617
1.130165
1.440881
1.786317
1.640178
0.951959
1.786355
1.280017
1.528833
1.892495
0.948821
0.740284
0.806646
1.328042
0.938769
1.321227
1.040562
1.055279
1.563692
0.790702
0.351961
0.790712
1.557758
1.228293
1.494070
0.816742
1.182322
1.356699
1.300249
1.161958
1.083837
1.117825
0.852897
1.189476
1.398579
0.368748
1.436881
1.333189
1.302177
0.774165
1.367490
1.381036
0.959205
1.023044
1.323041
1.293111
0.382744
1.243245
1.213955
1.344988
0.385828
1.088552
1.612226
0.871033
0.370152
1.157083
1.200840
1.326312
0.900328
1.304732
0.378952
1.356004
0.958738
1.059781
0.919624
1.393557
1.013735
1.271023
1.377653
0.837552
0.354244
1.154249
1.257151
1.314766
1.322298
1.763035
1.114929
0.365768
1.084945
1.497730
1.166563
0.326967
1.726804
0.425252
1.430912
1.266911
0.415430
1.166807
1.751328
1.312378
1.466998
1.256804
0.352804
1.394988
0.383858
1.544124
1.411032
0.992798
1.418626
0.411966
0.758480
1.304840
1.287637
1.277175
1.353569
1.449646
1.201973
0.898606
0.352299
1.486721
1.160209
0.380147
1.340050
1.068454
1.529774
0.386032
0.376372
1.178234
1.515483
1.370531
0.879476
0.367093
1.474735
1.610509
1.351627
1.202004
1.321745
1.088619
0.845906
1.768516
0.697675
1.117373
1.658260
1.360716
0.382183
1.343342
0.358716
0.377652
1.459319
0.899213
0.380927
1.234455
1.232408
1.241066
0.379481
0.385937
0.325213
1.109162
1.709112
0.381923
0.917596
1.018935
1.320857
0.996602
1.361621
1.404551
1.219217
1.499344
1.224781
1.222012
1.380157
1.371306
0.350678
0.383087
1.226456
1.289899
1.509300
1.625830
0.374312
1.440718
1.755797
0.383804
1.295740
0.380477
1.479587
0.868060
1.150520
0.385515
1.391884
1.196118
0.393215
0.385446
0.881474
1.249192
1.528727
0.354285
1.201154
1.404340
1.069516
1.090763
0.379406
1.436253
1.143774
1.340703
0.370999
0.377622
1.463377
1.375677
0.385350
1.607263
1.448160
1.322088
1.286262
0.379653
0.999000
1.127000
0.377873
1.789621
1.399049
1.543822
1.368281
0.550967
1.411822
1.271443
1.010629
1.210043
1.114461
1.226179
1.566314
1.319191
1.161114
0.382820
1.386054
1.499037
1.513861
0.386853
1.850892
1.361662
1.116729
1.277038
0.882291
1.255114
1.322533
0.799810
1.207692
1.346763
0.370708
1.493023
1.669685
1.497080
1.262215
1.056996
1.354999
