0.223804
-0.187115
0.348928
1.082385
1.755890
0.012149
-0.792198
0.989687
1.091885
0.038171
-0.439157
0.686715
0.196051
-0.947541
-0.109581
0.266911
-0.249601
1.115661
-0.296507
0.753105
-0.664728
0.477900
-1.246028
-0.873484
-0.472298
-1.051009
1.379619
2.642588
0.997036
0.051412
-0.212234
-1.305477
2.355036
-0.395199
-0.721426
-0.253815
0.480202
1.762551
-0.989829
-0.618297
-0.002927
-0.573609
1.059722
1.622917
1.338749
0.694976
0.093435
1.777988
-0.188463
-1.241971
-0.396701
1.182841
1.638533
1.314234
1.226461
-0.311612
-0.205067
-0.957686
0.986147
1.140194
-0.051884
0.947763
0.282169
-0.277653
0.676010
1.514681
0.549150
-0.560092
-0.257521
0.117324
2.049949
-0.495591
1.654650
1.141765
-0.565359
-0.430143
0.593144
0.024886
0.861866
-0.947677
-0.158469
0.500121
0.265033
-0.453412
-0.185622
-1.692147
-0.298016
0.539475
-0.645569
2.186359
0.316819
0.917666
0.991325
1.102863
-0.121345
0.696713
-0.623314
0.089083
-1.176033
-0.008493
-0.259034
-0.879528
-0.346777
0.903877
1.877675
0.887843
-1.916506
-0.615949
0.752173
0.493182
-0.835581
0.868058
0.156151
0.405996
0.150480
0.630227
2.050316
-1.239735
-0.821369
-0.885460
0.962839
-0.018780
-1.110309
-2.135211
0.728914
0.126004
-0.362458
-0.591504
-0.149820
0.008080
-0.376568
-0.529447
-0.315152
2.346244
-0.055050
0.683032
0.379281
-0.458433
1.263426
-1.313834
-1.051776
0.720057
0.459385
-1.478955
0.226953
-0.362900
1.037394
-1.962268
1.147982
1.002629
-0.771713
0.006625
-0.933630
-1.233857
-0.073811
-0.088321
0.524352
0.870884
2.194475
-0.349415
-1.228840
1.915450
1.100394
-0.204550
0.613768
1.984192
0.001921
-1.612976
-0.383451
-0.810553
0.394472
0.720048
2.445672
0.182606
-0.266559
-0.968734
0.422324
-0.196202
-0.522351
-0.072597
1.899838
1.527471
-2.016947
0.837354
-1.449499
1.037655
-0.080979
0.141755
0.035458
-0.803117
-0.256751
0.227665
1.847391
-0.645352
0.245973
0.310724
-0.247899
1.035119
-0.793280
-0.968526
0.008825
-1.362366
-2.356561
-0.722604
-0.116274
1.559065
-0.391318
-0.381279
1.848043
-0.711807
0.208296
-0.860093
-1.146644
-0.884599
1.572493
-0.025757
0.117644
0.289731
0.351830
-0.475983
1.888673
1.787280
-0.918718
0.115260
-0.205464
-0.751633
-1.857288
-1.091596
0.588222
-0.195293
-0.094436
-1.046758
1.389714
-0.296815
0.350306
-0.602738
2.726547
0.542003
0.473589
-0.721751
0.494221
-1.504234
-0.089987
1.719742
0.737239
-1.579633
-1.246523
0.497110
0.494559
-1.282614
1.105349
-0.392395
1.285413
1.283976
-1.119379
