7.115102386474609375e+01
7.169068908691406250e+01
7.223035430908203125e+01
7.277001190185546875e+01
7.438899993896484375e+01
8.181006622314453125e+01
8.216625976562500000e+01
8.252244567871093750e+01
8.287863922119140625e+01
8.316358947753906250e+01
8.394720458984375000e+01
7.640253448486328125e+01
7.703934478759765625e+01
7.894977569580078125e+01
7.432678222656250000e+01
7.451766967773437500e+01
7.470855712890625000e+01
7.505215454101562500e+01
7.547210693359375000e+01
7.107643890380859375e+01
7.178282165527343750e+01
7.248921203613281250e+01
7.460837554931640625e+01
7.639915466308593750e+01
7.705060577392578125e+01
7.770204925537109375e+01
7.835350036621093750e+01
7.900495147705078125e+01
8.043813323974609375e+01
7.661239624023437500e+01
7.680508422851562500e+01
7.699777221679687500e+01
7.731826782226562500e+01
7.804020690917968750e+01
6.593006134033203125e+01
6.657125091552734375e+01
6.699871826171875000e+01
6.806736755371093750e+01
7.586325836181640625e+01
7.647157287597656250e+01
7.707989501953125000e+01
7.829653930664062500e+01
8.088764190673828125e+01
8.111862945556640625e+01
8.127262878417968750e+01
7.970729064941406250e+01
7.990015411376953125e+01
6.037845611572265625e+01
6.082926177978515625e+01
6.128007125854492188e+01
6.218168640136718750e+01
6.317346572875976562e+01
6.398492431640625000e+01
7.578551483154296875e+01
7.635059356689453125e+01
7.691567993164062500e+01
7.894996643066406250e+01
7.679631042480468750e+01
7.751674652099609375e+01
7.628379821777343750e+01
7.717695617675781250e+01
7.807011413574218750e+01
7.896327209472656250e+01
7.401052856445312500e+01
7.483061981201171875e+01
7.565070343017578125e+01
6.049282836914062500e+01
6.096880340576171875e+01
6.144478607177734375e+01
6.239674377441406250e+01
7.702809143066406250e+01
7.881445312500000000e+01
7.030265808105468750e+01
7.081466674804687500e+01
7.132667541503906250e+01
7.273469543457031250e+01
7.205707550048828125e+01
7.282148742675781250e+01
7.358590698242187500e+01
7.435031890869140625e+01
7.511473846435546875e+01
7.962142944335937500e+01
8.056768035888671875e+01
6.864527893066406250e+01
6.911968994140625000e+01
6.959410095214843750e+01
7.054291534423828125e+01
7.149173736572265625e+01
7.244055938720703125e+01
7.299259185791015625e+01
7.336273193359375000e+01
7.373287963867187500e+01
7.447315979003906250e+01
8.644094848632812500e+01
8.684427642822265625e+01
8.724759674072265625e+01
8.805424499511718750e+01
7.264669799804687500e+01
7.331071472167968750e+01
7.397473907470703125e+01
7.543558502197265625e+01
7.202808380126953125e+01
7.249746704101562500e+01
7.296685028076171875e+01
7.390561676025390625e+01
6.869164276123046875e+01
6.935225677490234375e+01
7.001287078857421875e+01
7.146621704101562500e+01
7.694358825683593750e+01
7.746386718750000000e+01
7.798414611816406250e+01
7.902470397949218750e+01
7.147219848632812500e+01
7.199983978271484375e+01
7.252748107910156250e+01
7.305511474609375000e+01
7.358275604248046875e+01
7.463803863525390625e+01
7.662065887451171875e+01
7.818434906005859375e+01
7.676110839843750000e+01
7.731460571289062500e+01
7.763088989257812500e+01
7.794716644287109375e+01
7.834251403808593750e+01
7.921229553222656250e+01
7.650041961669921875e+01
7.667639923095703125e+01
7.685237884521484375e+01
7.702835845947265625e+01
7.720433807373046875e+01
7.755630493164062500e+01
7.790826416015625000e+01
6.837369537353515625e+01
6.884812164306640625e+01
6.916440582275390625e+01
7.003419494628906250e+01
7.074582672119140625e+01
7.435877990722656250e+01
7.513766479492187500e+01
7.591654205322265625e+01
7.747430419921875000e+01
7.222024536132812500e+01
7.283438873291015625e+01
7.344853973388671875e+01
7.406268310546875000e+01
6.941884613037109375e+01
7.031528472900390625e+01
7.091291809082031250e+01
6.308331680297851562e+01
6.349168777465820312e+01
6.390005874633789062e+01
6.471680450439453125e+01
7.731069946289062500e+01
7.849301910400390625e+01
7.546091461181640625e+01
7.613925933837890625e+01
7.681761169433593750e+01
7.817430877685546875e+01
7.350027465820312500e+01
7.545064544677734375e+01
7.675090026855468750e+01
7.387377929687500000e+01
7.573291015625000000e+01
7.619770050048828125e+01
7.782444000244140625e+01
6.792292785644531250e+01
6.835646820068359375e+01
6.944030761718750000e+01
7.106605529785156250e+01
6.603025054931640625e+01
6.658916473388671875e+01
6.714807891845703125e+01
6.770698547363281250e+01
7.633988189697265625e+01
7.685161590576171875e+01
7.719277954101562500e+01
6.817512512207031250e+01
6.876986694335937500e+01
7.299065399169921875e+01
7.368994140625000000e+01
7.438923645019531250e+01
7.681041717529296875e+01
7.706854248046875000e+01
7.717916107177734375e+01
7.740041351318359375e+01
7.297470855712890625e+01
7.369314575195312500e+01
7.441159057617187500e+01
7.584847259521484375e+01
7.058171081542968750e+01
7.124830627441406250e+01
7.191490173339843750e+01
7.023861694335937500e+01
7.115014648437500000e+01
7.167102050781250000e+01
7.284297180175781250e+01
7.414514923095703125e+01
7.325587463378906250e+01
7.364295196533203125e+01
7.410745239257812500e+01
7.441712188720703125e+01
7.519128417968750000e+01
7.676598358154296875e+01
7.731296539306640625e+01
7.799671173095703125e+01
7.241097259521484375e+01
7.310148620605468750e+01
7.379200744628906250e+01
7.517304229736328125e+01
7.095694732666015625e+01
7.143654632568359375e+01
7.191615295410156250e+01
7.306719207763671875e+01
7.383456420898437500e+01
7.479376983642578125e+01
6.440451812744140625e+01
6.491603851318359375e+01
6.542755889892578125e+01
6.645059967041015625e+01
6.747364807128906250e+01
6.849668884277343750e+01
7.629344940185546875e+01
7.695497131347656250e+01
7.761649322509765625e+01
7.893953704833984375e+01
7.732427215576171875e+01
7.797082519531250000e+01
7.861738586425781250e+01
8.003980255126953125e+01
7.554763793945312500e+01
7.573900604248046875e+01
7.593038177490234375e+01
7.164221191406250000e+01
7.226383209228515625e+01
7.288545227050781250e+01
7.273296356201171875e+01
7.333994293212890625e+01
7.394692230224609375e+01
7.516087341308593750e+01
7.310778808593750000e+01
7.378028106689453125e+01
7.445277404785156250e+01
7.579776763916015625e+01
7.416501617431640625e+01
7.435792541503906250e+01
7.455084228515625000e+01
7.474375915527343750e+01
7.493666839599609375e+01
7.909075164794921875e+01
7.963503265380859375e+01
8.028816223144531250e+01
8.126786041259765625e+01
7.363915252685546875e+01
7.444526672363281250e+01
7.525137329101562500e+01
7.686360168457031250e+01
6.920601654052734375e+01
6.964153289794921875e+01
7.059967041015625000e+01
6.770280456542968750e+01
6.788788604736328125e+01
6.807295989990234375e+01
6.825803375244140625e+01
6.840609741210937500e+01
6.881326293945312500e+01
7.911542510986328125e+01
7.969396209716796875e+01
7.280055236816406250e+01
7.340097808837890625e+01
7.400139617919921875e+01
7.520223236083984375e+01
6.605641937255859375e+01
6.671957397460937500e+01
6.738272857666015625e+01
6.870903778076171875e+01
6.573065185546875000e+01
6.618081665039062500e+01
6.663097381591796875e+01
6.753130340576171875e+01
7.791460418701171875e+01
7.856697082519531250e+01
7.921933746337890625e+01
8.052406311035156250e+01
6.811726379394531250e+01
6.830673980712890625e+01
6.849621582031250000e+01
6.887516784667968750e+01
7.303967285156250000e+01
7.371767425537109375e+01
7.439567565917968750e+01
7.507367706298828125e+01
8.715923309326171875e+01
8.763860321044921875e+01
8.811797332763671875e+01
8.907670593261718750e+01
7.835937500000000000e+01
7.888926696777343750e+01
7.941915893554687500e+01
8.047894287109375000e+01
6.546539306640625000e+01
6.592520904541015625e+01
6.638501739501953125e+01
6.730464172363281250e+01
6.822426605224609375e+01
6.914389038085937500e+01
7.656845855712890625e+01
7.740459442138671875e+01
5.905478286743164062e+01
6.006851959228515625e+01
6.108225250244140625e+01
6.209598541259765625e+01
7.656065368652343750e+01
7.719616699218750000e+01
7.783167266845703125e+01
7.865110778808593750e+01
7.933993530273437500e+01
8.002876281738281250e+01
8.140641784667968750e+01
7.243176269531250000e+01
7.285054016113281250e+01
7.326931762695312500e+01
7.410687255859375000e+01
7.494441986083984375e+01
8.268372344970703125e+01
8.289627075195312500e+01
8.303796386718750000e+01
7.265280151367187500e+01
7.334535217285156250e+01
7.403789520263671875e+01
7.449959564208984375e+01
7.507672119140625000e+01
7.001366424560546875e+01
7.064223480224609375e+01
7.127081298828125000e+01
7.189939117431640625e+01
7.252796173095703125e+01
8.094267272949218750e+01
8.160005187988281250e+01
8.225743865966796875e+01
8.370368957519531250e+01
7.685050201416015625e+01
7.751165008544921875e+01
7.817279815673828125e+01
7.883394622802734375e+01
7.658660888671875000e+01
7.746813201904296875e+01
7.775384521484375000e+01
7.831130981445312500e+01
7.886877441406250000e+01
7.998370361328125000e+01
7.630715942382812500e+01
7.649004364013671875e+01
7.670950317382812500e+01
7.703869628906250000e+01
7.740446472167968750e+01
6.904688262939453125e+01
6.958935546875000000e+01
7.013182830810546875e+01
7.067429351806640625e+01
7.121676635742187500e+01
7.262718963623046875e+01
6.651080322265625000e+01
6.725966644287109375e+01
6.800852966308593750e+01
6.845956420898437500e+01
6.904284667968750000e+01
6.962612915039062500e+01
7.079269409179687500e+01
8.156378936767578125e+01
8.172727203369140625e+01
8.189075469970703125e+01
8.221772003173828125e+01
8.254468536376953125e+01
7.581899261474609375e+01
7.668239593505859375e+01
7.754579162597656250e+01
6.887912750244140625e+01
6.909175109863281250e+01
6.930437469482421875e+01
6.951700592041015625e+01
7.603812408447265625e+01
7.789831542968750000e+01
7.889994812011718750e+01
7.100731658935546875e+01
7.164077758789062500e+01
7.227423095703125000e+01
7.854058074951171875e+01
7.874829864501953125e+01
7.895600891113281250e+01
7.937144470214843750e+01
7.573457336425781250e+01
7.631797790527343750e+01
7.690138244628906250e+01
7.806819152832031250e+01
7.519985198974609375e+01
7.607551574707031250e+01
7.380916595458984375e+01
7.446535491943359375e+01
7.512154388427734375e+01
7.643392181396484375e+01
6.819390869140625000e+01
6.892740631103515625e+01
6.966090393066406250e+01
7.039440155029296875e+01
7.142129516601562500e+01
7.303499603271484375e+01
7.580112457275390625e+01
7.642952728271484375e+01
7.705792999267578125e+01
7.844041442871093750e+01
8.100284576416015625e+01
8.117925262451171875e+01
8.139093780517578125e+01
8.170845794677734375e+01
6.654779052734375000e+01
6.724528503417968750e+01
6.794277954101562500e+01
7.654695129394531250e+01
7.673887634277343750e+01
7.928739166259765625e+01
8.005945587158203125e+01
8.083151245117187500e+01
8.237564086914062500e+01
7.646166229248046875e+01
7.716717529296875000e+01
7.787269592285156250e+01
7.243714904785156250e+01
7.293354797363281250e+01
7.342994689941406250e+01
7.392634582519531250e+01
7.442274475097656250e+01
7.541554260253906250e+01
7.669976043701171875e+01
7.811838531494140625e+01
6.822506713867187500e+01
6.843105316162109375e+01
6.863703155517578125e+01
6.904900360107421875e+01
6.946096801757812500e+01
6.702601623535156250e+01
6.732940673828125000e+01
6.778449249267578125e+01
6.861882781982421875e+01
7.492856597900390625e+01
7.623340606689453125e+01
7.753824615478515625e+01
7.500477600097656250e+01
7.564859008789062500e+01
7.629241180419921875e+01
7.585197448730468750e+01
7.789545440673828125e+01
7.155597686767578125e+01
7.223275756835937500e+01
7.426311492919921875e+01
7.726416015625000000e+01
7.798898315429687500e+01
7.871380615234375000e+01
6.900965118408203125e+01
6.961064147949218750e+01
7.021162414550781250e+01
7.093280792236328125e+01
7.141359710693359375e+01
7.261557006835937500e+01
8.541596984863281250e+01
8.586527252197265625e+01
8.631457519531250000e+01
7.951773071289062500e+01
7.972911071777343750e+01
7.987002563476562500e+01
8.022232818603515625e+01
7.476840972900390625e+01
7.551177215576171875e+01
7.625513458251953125e+01
7.789052581787109375e+01
7.294432830810546875e+01
7.352443695068359375e+01
7.410453796386718750e+01
7.585514068603515625e+01
7.604521179199218750e+01
7.623529052734375000e+01
6.594807434082031250e+01
6.661810302734375000e+01
6.728813171386718750e+01
6.862817382812500000e+01
7.487648773193359375e+01
7.541071319580078125e+01
7.594493865966796875e+01
7.712023925781250000e+01
7.427045440673828125e+01
7.503534698486328125e+01
7.580023193359375000e+01
7.728004455566406250e+01
7.747306060791015625e+01
7.766607666015625000e+01
8.070478820800781250e+01
8.089297485351562500e+01
7.498193359375000000e+01
7.557105255126953125e+01
7.616016387939453125e+01
7.745622253417968750e+01
7.240119171142578125e+01
7.315892791748046875e+01
7.391667175292968750e+01
7.543215179443359375e+01
7.862409973144531250e+01
7.930936431884765625e+01
7.999462890625000000e+01
8.136515808105468750e+01
7.835597991943359375e+01
7.888365936279296875e+01
7.923545074462890625e+01
8.020287322998046875e+01
7.706165313720703125e+01
7.728190612792968750e+01
7.764900207519531250e+01
7.801609802246093750e+01
7.380979919433593750e+01
7.454716491699218750e+01
7.528453063964843750e+01
7.675926971435546875e+01
7.499015045166015625e+01
7.579540252685546875e+01
7.676170349121093750e+01
7.367190551757812500e+01
7.434772491455078125e+01
7.502353668212890625e+01
7.664548492431640625e+01
8.054457092285156250e+01
8.114557647705078125e+01
8.174657440185546875e+01
8.294857788085937500e+01
7.569759368896484375e+01
7.635846710205078125e+01
7.701934051513671875e+01
7.488188934326171875e+01
7.542620086669921875e+01
7.597050476074218750e+01
7.705912780761718750e+01
6.751258850097656250e+01
6.793553924560546875e+01
6.835848999023437500e+01
6.878144836425781250e+01
6.920439910888671875e+01
7.005030822753906250e+01
6.993289947509765625e+01
7.081715393066406250e+01
7.904158782958984375e+01
7.939042663574218750e+01
7.973926544189453125e+01
8.008810424804687500e+01
7.476691436767578125e+01
7.532559967041015625e+01
7.588428497314453125e+01
7.644297027587890625e+01
7.526184082031250000e+01
7.609097290039062500e+01
7.752959442138671875e+01
7.820995330810546875e+01
7.889031219482421875e+01
8.038709259033203125e+01
7.717897796630859375e+01
7.737007141113281250e+01
7.756116485595703125e+01
7.623082733154296875e+01
7.690249633789062500e+01
7.757417297363281250e+01
7.891751098632812500e+01
7.654844665527343750e+01
7.672780609130859375e+01
7.690716552734375000e+01
7.708651733398437500e+01
7.726587677001953125e+01
7.762459564208984375e+01
7.598342895507812500e+01
7.621002197265625000e+01
7.639884948730468750e+01
7.666320800781250000e+01
7.688979339599609375e+01
7.487405395507812500e+01
7.560371398925781250e+01
7.633337402343750000e+01
6.888652038574218750e+01
6.933612823486328125e+01
6.978573608398437500e+01
7.023534393310546875e+01
7.762154388427734375e+01
7.781201171875000000e+01
7.800247192382812500e+01
7.458494567871093750e+01
7.520217132568359375e+01
7.581939697265625000e+01
7.705385589599609375e+01
7.096128082275390625e+01
7.157748413085937500e+01
7.219368743896484375e+01
7.342609405517578125e+01
7.639604187011718750e+01
7.714068603515625000e+01
7.763710784912109375e+01
7.887817382812500000e+01
7.623440551757812500e+01
7.642414855957031250e+01
7.553791809082031250e+01
7.573088836669921875e+01
8.001740264892578125e+01
8.018001556396484375e+01
8.034262084960937500e+01
8.066783142089843750e+01
8.099304199218750000e+01
6.871025848388671875e+01
6.926483917236328125e+01
6.981941986083984375e+01
7.092858123779296875e+01
7.687898254394531250e+01
7.773353576660156250e+01
7.852271270751953125e+01
7.890464019775390625e+01
6.680458068847656250e+01
6.726338195800781250e+01
6.772218322753906250e+01
6.818097686767578125e+01
6.863977813720703125e+01
8.046282958984375000e+01
8.097229766845703125e+01
8.148176574707031250e+01
8.250070190429687500e+01
7.642699432373046875e+01
7.708741760253906250e+01
7.774784851074218750e+01
6.907331085205078125e+01
6.947195434570312500e+01
6.997025299072265625e+01
7.046855926513671875e+01
7.146515655517578125e+01
7.606312561035156250e+01
7.674393463134765625e+01
7.351136016845703125e+01
7.421363830566406250e+01
7.491591644287109375e+01
7.561818695068359375e+01
7.632046508789062500e+01
7.695333862304687500e+01
7.756295013427734375e+01
7.817256164550781250e+01
7.294445800781250000e+01
7.369413757324218750e+01
7.345301818847656250e+01
7.406540679931640625e+01
7.467779541015625000e+01
7.590258026123046875e+01
7.436512756347656250e+01
7.497612762451171875e+01
7.570933532714843750e+01
7.693135070800781250e+01
7.025084686279296875e+01
7.080290985107421875e+01
7.163100433349609375e+01
7.811193084716796875e+01
7.879758453369140625e+01
7.948323822021484375e+01
8.085454559326171875e+01
8.020644378662109375e+01
8.038178253173828125e+01
8.073246002197265625e+01
8.108313751220703125e+01
8.249858093261718750e+01
8.265181732177734375e+01
8.291998291015625000e+01
8.341799163818359375e+01
7.930282592773437500e+01
7.991606140136718750e+01
8.052928924560546875e+01
8.175574493408203125e+01
7.785675811767578125e+01
7.837271881103515625e+01
7.914665985107421875e+01
8.030757141113281250e+01
7.408058929443359375e+01
7.513709259033203125e+01
7.589174652099609375e+01
7.510591125488281250e+01
7.591882324218750000e+01
7.673174285888671875e+01
7.736260223388671875e+01
7.751232910156250000e+01
7.773691558837890625e+01
7.811122894287109375e+01
7.410713958740234375e+01
7.482749938964843750e+01
7.569194030761718750e+01
7.698857879638671875e+01
7.643325805664062500e+01
7.731115722656250000e+01
7.569256591796875000e+01
7.607637023925781250e+01
7.210899353027343750e+01
7.340473175048828125e+01
7.405259704589843750e+01
7.470046997070312500e+01
7.599620819091796875e+01
7.761241912841796875e+01
7.780265808105468750e+01
7.523562622070312500e+01
7.597541809082031250e+01
7.671521759033203125e+01
7.819480133056640625e+01
6.879448699951171875e+01
6.922852325439453125e+01
7.053060913085937500e+01
7.232353973388671875e+01
7.289880371093750000e+01
7.347406005859375000e+01
7.473963165283203125e+01
7.622774505615234375e+01
7.642050170898437500e+01
7.843982696533203125e+01
7.913576507568359375e+01
7.997089385986328125e+01
8.122359466552734375e+01
7.034700775146484375e+01
7.166273498535156250e+01
7.273924255371093750e+01
7.216819000244140625e+01
7.236479949951171875e+01
7.256140899658203125e+01
7.279733276367187500e+01
7.342648315429687500e+01
7.497882843017578125e+01
7.513300323486328125e+01
7.536427307128906250e+01
7.025597381591796875e+01
7.087300872802734375e+01
7.219719696044921875e+01
7.282179260253906250e+01
7.344638824462890625e+01
7.407098388671875000e+01
7.469557952880859375e+01
7.594477081298828125e+01
7.508570861816406250e+01
7.585007476806640625e+01
7.661443328857421875e+01
7.814315795898437500e+01
8.002671813964843750e+01
8.020386505126953125e+01
8.038100433349609375e+01
8.073529052734375000e+01
7.379910278320312500e+01
7.439968109130859375e+01
7.500025939941406250e+01
7.656133270263671875e+01
7.726350402832031250e+01
7.810610961914062500e+01
7.299915313720703125e+01
7.406867218017578125e+01
7.460342407226562500e+01
7.513818359375000000e+01
7.620770263671875000e+01
7.616713714599609375e+01
7.671252441406250000e+01
7.725790405273437500e+01
7.724741363525390625e+01
7.743711853027343750e+01
7.504261779785156250e+01
7.576074218750000000e+01
7.647886657714843750e+01
7.719699096679687500e+01
7.030776214599609375e+01
7.087965393066406250e+01
7.145153808593750000e+01
7.202342224121093750e+01
7.259531402587890625e+01
7.385346221923828125e+01
6.397089385986328125e+01
6.464124298095703125e+01
6.531159210205078125e+01
7.999133300781250000e+01
8.017683410644531250e+01
7.695384216308593750e+01
7.714265441894531250e+01
7.736922454833984375e+01
7.770908355712890625e+01
7.326641845703125000e+01
7.399810791015625000e+01
7.472978973388671875e+01
8.038840484619140625e+01
8.107624053955078125e+01
8.176408386230468750e+01
7.525238800048828125e+01
7.544506072998046875e+01
7.185453796386718750e+01
7.265817260742187500e+01
7.346179962158203125e+01
7.855526733398437500e+01
7.927934265136718750e+01
8.000342559814453125e+01
7.696303558349609375e+01
7.762407684326171875e+01
7.828512573242187500e+01
7.973941802978515625e+01
7.025408935546875000e+01
7.089721679687500000e+01
7.154035186767578125e+01
7.282661437988281250e+01
7.829160308837890625e+01
7.848143005371093750e+01
7.867125701904296875e+01
7.908889770507812500e+01
7.958839416503906250e+01
8.008789825439453125e+01
6.487227630615234375e+01
6.543577575683593750e+01
6.611197662353515625e+01
6.712627410888671875e+01
6.825328063964843750e+01
7.691895294189453125e+01
7.710789489746093750e+01
7.729682922363281250e+01
7.767469787597656250e+01
7.403833007812500000e+01
7.493314361572265625e+01
7.167238616943359375e+01
7.237191009521484375e+01
7.307143402099609375e+01
7.432527160644531250e+01
7.509717559814453125e+01
7.189473724365234375e+01
7.257888031005859375e+01
7.339984893798828125e+01
7.476812744140625000e+01
8.531555938720703125e+01
8.592162322998046875e+01
7.642388916015625000e+01
7.712979888916015625e+01
7.797689819335937500e+01
7.924753570556640625e+01
7.458618927001953125e+01
7.522190856933593750e+01
7.585762786865234375e+01
7.190050506591796875e+01
7.240581512451171875e+01
7.291113281250000000e+01
7.341644287109375000e+01
7.719153594970703125e+01
7.779655456542968750e+01
7.840157318115234375e+01
7.961161804199218750e+01
7.690036773681640625e+01
7.756903839111328125e+01
7.801482391357421875e+01
7.912928771972656250e+01
7.460657501220703125e+01
7.521966552734375000e+01
7.583275604248046875e+01
7.705893707275390625e+01
7.618729400634765625e+01
7.697045135498046875e+01
7.448078155517578125e+01
7.514038085937500000e+01
7.579997253417968750e+01
7.711916351318359375e+01
7.255619049072265625e+01
7.313674926757812500e+01
7.371730804443359375e+01
7.487841796875000000e+01
7.803681945800781250e+01
7.822823333740234375e+01
7.549028015136718750e+01
7.618330383300781250e+01
7.687633514404296875e+01
7.826238250732421875e+01
7.270178222656250000e+01
7.330139923095703125e+01
7.405091857910156250e+01
6.912504577636718750e+01
6.988197326660156250e+01
7.063890838623046875e+01
7.303987884521484375e+01
7.342673492431640625e+01
7.362016296386718750e+01
7.381358337402343750e+01
7.013833618164062500e+01
7.106378173828125000e+01
7.936277008056640625e+01
8.017977905273437500e+01
8.072443389892578125e+01
8.208609771728515625e+01
7.588249969482421875e+01
7.644085693359375000e+01
7.699922180175781250e+01
7.811595153808593750e+01
8.425794982910156250e+01
8.489646911621093750e+01
8.553498840332031250e+01
8.681202697753906250e+01
7.688044738769531250e+01
7.732159423828125000e+01
7.776274108886718750e+01
7.095539093017578125e+01
7.158294677734375000e+01
7.221051025390625000e+01
7.346562194824218750e+01
7.280748748779296875e+01
7.346875000000000000e+01
7.413002014160156250e+01
7.492353820800781250e+01
7.558480072021484375e+01
7.690733337402343750e+01
7.775478363037109375e+01
7.815469360351562500e+01
7.855459594726562500e+01
7.935440826416015625e+01
7.858504486083984375e+01
7.918888854980468750e+01
7.979273986816406250e+01
7.738508605957031250e+01
7.805847167968750000e+01
8.007861328125000000e+01
7.079463195800781250e+01
7.097998046875000000e+01
7.116533660888671875e+01
8.059800720214843750e+01
8.134452056884765625e+01
7.250226593017578125e+01
7.333710479736328125e+01
7.417195129394531250e+01
7.449965667724609375e+01
7.539790344238281250e+01
7.689498138427734375e+01
6.874992370605468750e+01
6.938102722167968750e+01
7.001213836669921875e+01
7.064324188232421875e+01
7.127435302734375000e+01
7.358020782470703125e+01
7.410871124267578125e+01
7.463720703125000000e+01
7.569420623779296875e+01
7.960733795166015625e+01
8.028483581542968750e+01
8.231732940673828125e+01
