0.076336
-0.339144
0.241864
-0.962926
0.345557
0.264591
-0.953533
0.367327
0.066400
0.196093
-0.954557
-0.952616
-0.103566
0.122363
0.365255
0.580156
0.494805
-0.049233
0.580177
0.246873
0.424505
0.637896
-0.052535
-0.300721
-0.214870
0.283706
-0.063186
0.278561
0.039761
0.053806
0.447050
-0.234834
-1.044235
-0.234821
0.443248
0.205625
0.401504
-0.202432
0.167480
0.305055
0.262556
0.150106
0.080507
0.111384
-0.159116
0.173513
0.335457
-0.997642
0.362475
0.287573
0.264038
-0.255970
0.312977
0.322834
-0.041650
0.022782
0.279933
0.257051
-0.960390
0.217725
0.193884
0.296385
-0.952362
0.084848
0.477616
-0.138076
-0.993840
0.145902
0.183021
0.282402
-0.104996
0.265998
-0.970346
0.304542
-0.042138
0.058063
-0.083790
0.331859
0.013642
0.239822
0.320382
-0.177272
-1.037768
0.143450
0.228848
0.273659
0.279371
0.567037
0.108791
-1.005755
0.081529
0.403950
0.154062
-1.117895
0.546272
-0.855074
0.358312
0.236582
-0.878440
0.154271
0.560374
0.271841
0.383218
0.228572
-1.041843
0.332886
-0.957484
0.434457
0.344321
-0.007228
0.349689
-0.886815
-0.276439
0.266081
0.252809
0.244651
0.302745
0.371319
0.183964
-0.106910
-1.043274
0.396573
0.148601
-0.967196
0.292707
0.066213
0.425120
-0.951835
-0.977177
0.164017
0.415734
0.315198
-0.128429
-1.002139
0.388479
0.476550
0.301309
0.183991
0.278953
0.084910
-0.167347
0.570141
-0.360002
0.110980
0.505769
0.308011
-0.961856
0.295161
-1.025225
-0.973783
0.377970
-0.106236
-0.965149
0.210629
0.208970
0.215970
-0.968951
-0.952080
-1.123275
0.103605
0.535974
-0.962535
-0.085998
0.018758
0.278280
-0.003404
0.308676
0.339718
0.198209
0.405028
0.202762
0.200499
0.322197
0.315764
-1.047887
-0.959494
0.204129
0.254564
0.411646
0.486019
-0.982666
0.365142
0.562923
-0.957623
0.259082
-0.966329
0.391763
-0.141495
0.140214
-0.953174
0.330658
0.179081
-0.933398
-0.953355
-0.126160
0.222497
0.424435
-1.037653
0.183283
0.339568
0.067206
0.086877
-0.969148
0.362038
0.134333
0.293194
-0.991555
-0.973862
0.380747
0.318946
-0.953603
0.474532
0.370293
0.279212
0.251740
-0.968496
-0.001000
0.119559
-0.973196
0.582004
0.335793
0.434261
0.313555
-0.596080
0.344881
0.240153
0.010573
0.190656
0.108370
0.203903
0.448725
0.277019
0.149380
-0.960190
0.326461
0.404823
0.414663
-0.949710
0.615668
0.308706
0.110403
0.244543
-0.125233
0.227226
0.279549
-0.223381
0.188711
0.297704
-0.992341
0.400803
0.512635
0.403517
0.232868
0.055431
0.303801
