0.390252 0.360429
0.407713 0.369619
0.425555 0.378735
0.443629 0.387653
0.498398 0.412669
0.714978 0.570862
0.722553 0.572931
0.729619 0.574411
0.736592 0.575696
0.742010 0.576491
0.756349 0.577768
0.559388 0.417302
0.578890 0.422263
0.633602 0.431842
0.464871 0.298252
0.469247 0.298599
0.473582 0.298831
0.481687 0.299020
0.491794 0.298819
0.416600 0.216460
0.420785 0.219116
0.425522 0.219985
0.446287 0.213122
0.569330 0.472285
0.589895 0.481400
0.609636 0.489680
0.628500 0.497061
0.646577 0.503586
0.682730 0.514168
0.547332 0.584831
0.553299 0.590145
0.559269 0.595480
0.545958 0.308630
0.565718 0.305095
0.321091 0.188630
0.329767 0.201835
0.335750 0.210466
0.351369 0.231039
0.551490 0.460333
0.571259 0.469169
0.590379 0.477329
0.626431 0.491379
0.690449 0.621964
0.695917 0.624945
0.699503 0.626845
0.633221 0.357862
0.638222 0.357041
0.140700 0.203555
0.147563 0.208575
0.154654 0.213734
0.169579 0.224506
0.187194 0.237006
0.202668 0.247819
0.507017 0.575686
0.523785 0.591739
0.540960 0.608418
0.605108 0.670769
0.582876 0.497765
0.605231 0.509011
0.559116 0.429802
0.586622 0.438013
0.612916 0.444568
0.637730 0.449380
0.487862 0.463913
0.516485 0.480761
0.544405 0.497381
0.263650 0.080904
0.268156 0.088870
0.272776 0.097156
0.282368 0.114635
0.588110 0.531114
0.640752 0.562525
0.376143 0.296636
0.387978 0.304170
0.400220 0.311265
0.435650 0.327993
0.411574 0.464943
0.436381 0.480284
0.461128 0.496889
0.485816 0.514647
0.510231 0.533086
0.644356 0.404406
0.668010 0.403001
0.307724 0.480313
0.321078 0.484037
0.333650 0.488034
0.356723 0.497138
0.377647 0.508187
0.397298 0.521793
0.432583 0.502196
0.443311 0.510032
0.454045 0.518224
0.475591 0.535624
0.794713 0.659918
0.800470 0.658715
0.806019 0.657095
0.816685 0.652815
0.413515 0.509922
0.430309 0.522953
0.447135 0.537161
0.485709 0.573574
0.418685 0.256359
0.425010 0.258498
0.431716 0.259962
0.446420 0.260886
0.455140 0.133627
0.453126 0.139245
0.450250 0.142362
0.442470 0.141464
0.535270 0.308796
0.549386 0.306720
0.563624 0.304068
0.592239 0.297189
0.399688 0.383174
0.417850 0.392712
0.436213 0.402244
0.454694 0.411710
0.473202 0.421048
0.510009 0.439148
0.576707 0.510701
0.624294 0.537175
0.487458 0.628566
0.504302 0.647928
0.514614 0.659600
0.525494 0.671884
0.539595 0.687432
0.572210 0.722394
0.456516 0.119247
0.459341 0.116479
0.462306 0.113736
0.465399 0.111023
0.468690 0.108170
0.475756 0.102303
0.483445 0.096229
0.290240 0.376445
0.306005 0.383339
0.316630 0.388114
0.346258 0.402029
0.370927 0.414373
0.482796 0.520040
0.507185 0.539076
0.531600 0.559062
0.580078 0.600285
0.424146 0.428096
0.446041 0.440334
0.467912 0.452824
0.489645 0.465463
0.345342 0.306592
0.369209 0.321734
0.385850 0.331465
0.359318 0.067920
0.362603 0.077786
0.365902 0.087777
0.372561 0.107958
0.548314 0.624325
0.586122 0.662000
0.524195 0.536965
0.545896 0.553825
0.567294 0.570785
0.608817 0.604010
0.470630 0.425881
0.538254 0.459835
0.580735 0.479785
0.474510 0.494842
0.535657 0.538958
0.550494 0.550159
0.601202 0.589416
0.346903 0.230903
0.353637 0.238825
0.371194 0.257039
0.399383 0.278928
0.371069 0.149587
0.376111 0.162166
0.381103 0.174081
0.386030 0.185202
0.497019 0.257827
0.509319 0.254194
0.517733 0.251497
0.327068 0.265796
0.339617 0.276362
0.452203 0.405884
0.476556 0.417931
0.500863 0.429617
0.482767 0.190014
0.488351 0.186878
0.490820 0.185492
0.495893 0.182645
0.451626 0.436299
0.477241 0.450623
0.502589 0.464951
0.551772 0.492917
0.357664 0.497136
0.372556 0.504761
0.386699 0.513543
0.353284 0.405622
0.384997 0.421848
0.403144 0.431573
0.444281 0.455046
0.489704 0.482928
0.439642 0.282910
0.447078 0.284160
0.456368 0.285096
0.462784 0.285383
0.479723 0.284947
0.489085 0.210268
0.501621 0.204174
0.518565 0.195707
0.423898 0.264933
0.434637 0.267531
0.446265 0.268700
0.472667 0.266948
0.401279 0.262488
0.408546 0.267033
0.416063 0.270871
0.435404 0.277242
0.449546 0.279318
0.468903 0.279553
0.174291 0.317699
0.187875 0.323302
0.201931 0.329094
0.231417 0.341339
0.262625 0.354617
0.295368 0.369115
0.566349 0.503718
0.587478 0.515707
0.607660 0.526867
0.645534 0.546788
0.552468 0.621751
0.572845 0.641757
0.593585 0.662071
0.638337 0.704362
0.499169 0.312851
0.504171 0.312832
0.509081 0.312714
0.410810 0.277141
0.421808 0.282148
0.433389 0.286051
0.443519 0.417075
0.465171 0.428562
0.486577 0.439792
0.528795 0.461695
0.441358 0.309161
0.457179 0.313329
0.473500 0.316254
0.507974 0.318622
0.489446 0.401861
0.495929 0.404557
0.502236 0.407075
0.508614 0.409596
0.515065 0.412116
0.648667 0.563124
0.663066 0.570764
0.679516 0.578934
0.702532 0.589052
0.461942 0.345913
0.484916 0.352654
0.508243 0.357885
0.555209 0.363756
0.392298 0.217724
0.396400 0.223521
0.405425 0.233813
0.307910 0.270265
0.311985 0.273564
0.316119 0.276856
0.320313 0.280139
0.323710 0.282758
0.333251 0.289914
0.639487 0.615667
0.655416 0.627229
0.444796 0.440036
0.466178 0.452247
0.487436 0.464613
0.529216 0.489444
0.241753 0.286468
0.258190 0.296446
0.275472 0.306778
0.312604 0.328436
0.405574 0.113551
0.408545 0.124506
0.411344 0.134913
0.416259 0.153600
0.608117 0.579820
0.627113 0.593416
0.645468 0.606304
0.679853 0.629069
0.391766 0.190490
0.393258 0.193697
0.394760 0.196819
0.397700 0.202652
0.436280 0.286646
0.449730 0.289308
0.463987 0.290675
0.479103 0.290781
0.804075 0.686341
0.810731 0.684564
0.816794 0.681812
0.828498 0.675014
0.623929 0.578306
0.639095 0.588496
0.653477 0.597747
0.680786 0.614388
0.267215 0.226168
0.275514 0.234309
0.284176 0.242589
0.302397 0.259106
0.322055 0.275612
0.343134 0.291755
0.574672 0.472759
0.600526 0.483748
0.215582 0.092179
0.225903 0.106270
0.236740 0.121541
0.248206 0.137993
0.530183 0.598042
0.549613 0.616896
0.569544 0.636379
0.637904 0.533830
0.656519 0.542445
0.674106 0.549907
0.706284 0.561225
0.430263 0.352244
0.442794 0.357831
0.455537 0.363175
0.481319 0.372892
0.507330 0.381240
0.724277 0.452179
0.728427 0.451523
0.731149 0.451043
0.436529 0.456706
0.460614 0.471437
0.484380 0.486523
0.500122 0.496855
0.519606 0.509961
0.347595 0.380520
0.369138 0.391596
0.391066 0.403103
0.413284 0.414991
0.435683 0.427188
0.604512 0.851860
0.635474 0.882702
0.662892 0.908920
0.713078 0.953424
0.582614 0.528030
0.603059 0.540574
0.622546 0.552229
0.641260 0.563116
0.555402 0.386386
0.581267 0.389622
0.594325 0.597648
0.611105 0.611309
0.627485 0.624497
0.658910 0.649068
0.457745 0.142668
0.460673 0.140194
0.464474 0.136973
0.470545 0.132156
0.477951 0.126480
0.329316 0.315165
0.344488 0.324544
0.360192 0.333896
0.376395 0.343170
0.393051 0.352316
0.438042 0.375104
0.313706 0.215278
0.325714 0.229851
0.338371 0.243959
0.350912 0.246136
0.360865 0.256180
0.371153 0.265542
0.392770 0.281932
0.651202 0.250215
0.655268 0.248316
0.659435 0.246344
0.667214 0.242532
0.674961 0.238614
0.551141 0.482931
0.579373 0.497874
0.606110 0.511485
0.342070 0.278119
0.346717 0.281795
0.351433 0.285422
0.356218 0.288995
0.542357 0.551853
0.600208 0.598110
0.629898 0.621797
0.384261 0.371099
0.405616 0.382410
0.427355 0.393715
0.564939 0.683309
0.572210 0.690932
0.579536 0.698562
0.594283 0.713760
0.547925 0.465323
0.566970 0.474324
0.585531 0.482833
0.620652 0.497856
0.529111 0.489585
0.558344 0.507101
0.455851 0.520443
0.474887 0.535916
0.494126 0.552451
0.533574 0.588383
0.284974 0.368549
0.309143 0.379351
0.333874 0.390912
0.359070 0.403266
0.394926 0.421897
0.451921 0.454000
0.510741 0.325313
0.527766 0.325257
0.545022 0.324262
0.583227 0.319046
0.589567 0.109399
0.594738 0.106260
0.601065 0.102372
0.610125 0.096853
0.311720 0.218593
0.323155 0.232081
0.335178 0.245207
0.366898 0.639035
0.370989 0.645781
0.641365 0.629120
0.662413 0.644825
0.682580 0.659220
0.718877 0.681667
0.538734 0.350185
0.558726 0.350604
0.578651 0.349932
0.430487 0.353072
0.445424 0.359708
0.460618 0.365978
0.475946 0.371796
0.491333 0.377122
0.522120 0.386253
0.546080 0.591760
0.589968 0.632033
0.338933 0.252012
0.342724 0.255717
0.346567 0.259366
0.354409 0.266477
0.362502 0.273365
0.268180 0.297112
0.276022 0.301933
0.288120 0.309290
0.311352 0.323132
0.510575 0.394501
0.551541 0.406482
0.591004 0.414874
0.520705 0.431409
0.542145 0.440438
0.563158 0.448815
0.528311 0.367976
0.587718 0.373117
0.426064 0.191973
0.427354 0.191542
0.437010 0.181309
0.513069 0.642318
0.536866 0.668416
0.562488 0.695996
0.311578 0.433042
0.331034 0.440623
0.350188 0.448931
0.372721 0.459872
0.387508 0.467809
0.423894 0.490066
0.771694 0.778637
0.779665 0.780924
0.786944 0.782008
0.608079 0.300316
0.613858 0.298611
0.617610 0.297459
0.626776 0.294495
0.515106 0.450451
0.540464 0.463085
0.565045 0.474963
0.615617 0.497660
0.417163 0.520095
0.430995 0.531569
0.445004 0.544167
0.313358 0.622042
0.314910 0.627051
0.316905 0.632480
0.287929 0.221624
0.299553 0.234103
0.311897 0.246660
0.338450 0.270953
0.516876 0.432878
0.534837 0.440741
0.552452 0.448136
0.589770 0.462616
0.494887 0.481931
0.521254 0.498690
0.546819 0.515178
0.583391 0.578771
0.589324 0.583435
0.595319 0.588217
0.690388 0.554047
0.694747 0.555524
0.522219 0.450547
0.542179 0.460213
0.561755 0.469463
0.602349 0.487383
0.429083 0.443991
0.455756 0.459625
0.482276 0.475807
0.534142 0.508937
0.627223 0.600383
0.646525 0.614322
0.664825 0.626947
0.699013 0.648714
0.627431 0.558385
0.642379 0.567262
0.651824 0.572596
0.676789 0.586043
0.466240 0.111579
0.470434 0.107996
0.478033 0.101743
0.486195 0.095460
0.481741 0.437620
0.507722 0.451256
0.533026 0.464281
0.581506 0.488408
0.500321 0.355353
0.523681 0.359447
0.551717 0.362336
0.470932 0.382935
0.492754 0.391516
0.514514 0.399274
0.565486 0.414101
0.681649 0.621528
0.695997 0.629635
0.709749 0.636824
0.735137 0.647874
0.486735 0.272174
0.502170 0.269027
0.518502 0.264829
0.439661 0.574315
0.451657 0.588371
0.464743 0.603860
0.494988 0.639268
0.266072 0.445979
0.280230 0.449674
0.294001 0.453522
0.307362 0.457562
0.320306 0.461831
0.344987 0.471218
0.366579 0.293745
0.387383 0.307289
0.630154 0.408402
0.639411 0.408570
0.648578 0.408535
0.657276 0.408201
0.414884 0.579114
0.424837 0.592780
0.436270 0.608166
0.449542 0.625528
0.527329 0.424073
0.554289 0.434111
0.601849 0.551257
0.622043 0.564225
0.641336 0.576271
0.680325 0.598705
0.538712 0.301068
0.543950 0.300150
0.549044 0.299186
0.351943 0.629565
0.365127 0.652585
0.385125 0.681300
0.449366 0.757147
0.514429 0.285882
0.519011 0.285025
0.523640 0.284093
0.528311 0.283089
0.533101 0.281989
0.542558 0.279655
0.509429 0.310133
0.515350 0.309796
0.520327 0.309420
0.527353 0.308750
0.533425 0.308045
0.495384 0.537017
0.517975 0.555856
0.540491 0.575158
0.314576 0.342322
0.328593 0.349869
0.342953 0.357579
0.357635 0.365436
0.564468 0.628467
0.570562 0.634471
0.576477 0.640110
0.443131 0.562899
0.457367 0.578476
0.472618 0.595420
0.507356 0.634477
0.381213 0.386327
0.402630 0.397668
0.424341 0.409212
0.468154 0.432566
0.570057 0.487923
0.593706 0.499764
0.608792 0.507022
0.644227 0.522893
0.545571 0.387038
0.551287 0.388090
0.505612 0.329973
0.510911 0.330292
0.546033 0.078854
0.550889 0.075722
0.555777 0.072577
0.565756 0.066130
0.575517 0.059924
0.301893 0.376360
0.320430 0.384849
0.339261 0.393784
0.377629 0.413028
0.502818 0.628260
0.529856 0.658174
0.516647 0.146144
0.527046 0.139817
0.333736 0.205881
0.340248 0.215091
0.346893 0.223968
0.353664 0.232449
0.360631 0.240584
0.684501 0.564499
0.696439 0.569128
0.707985 0.573207
0.729164 0.578915
0.546239 0.373133
0.565586 0.375141
0.584612 0.376174
0.418277 0.181913
0.419529 0.186343
0.420868 0.190834
0.422030 0.194192
0.424256 0.197728
0.558554 0.468840
0.580451 0.478890
0.381358 0.561869
0.388554 0.573507
0.397211 0.587674
0.408120 0.604905
0.422202 0.625469
0.583408 0.542670
0.602076 0.555003
0.620188 0.566869
0.434271 0.495843
0.456853 0.512149
0.463552 0.378161
0.483222 0.386080
0.502883 0.393320
0.541869 0.405651
0.480902 0.346197
0.498119 0.349978
0.519086 0.353367
0.554176 0.356165
0.440937 0.157552
0.439052 0.158523
0.436168 0.157446
0.617321 0.461418
0.636482 0.466288
0.654679 0.470117
0.688168 0.474694
0.677664 0.575555
0.681953 0.577557
0.690338 0.581313
0.698603 0.584878
0.706956 0.765219
0.710788 0.768046
0.717344 0.772740
0.729192 0.780867
0.639307 0.416700
0.655001 0.416870
0.670249 0.416400
0.698372 0.413383
0.614899 0.529209
0.629845 0.537077
0.651197 0.547770
0.680806 0.561084
0.483456 0.494501
0.518725 0.518963
0.543531 0.536942
0.526997 0.463502
0.554396 0.477629
0.580737 0.490815
0.488940 0.165768
0.492359 0.163656
0.497586 0.160487
0.506868 0.154797
0.445553 0.242855
0.456951 0.240226
0.472631 0.235257
0.500638 0.224227
0.343959 0.636945
0.364467 0.670261
0.511786 0.335327
0.522377 0.335895
0.378946 0.532837
0.397559 0.551101
0.407285 0.562761
0.417878 0.576350
0.443727 0.610429
0.550417 0.298864
0.555687 0.297772
0.531453 0.466941
0.556296 0.479812
0.580249 0.491900
0.625092 0.513191
0.315925 0.327495
0.328758 0.334884
0.369262 0.357528
0.429102 0.400242
0.449357 0.410747
0.469500 0.420984
0.513603 0.442849
0.534469 0.575366
0.540414 0.580645
0.630992 0.549252
0.650221 0.559678
0.672061 0.570777
0.701892 0.583818
0.364866 0.346063
0.406807 0.368750
0.442560 0.386724
0.424340 0.210958
0.425405 0.210939
0.426536 0.210789
0.427989 0.210441
0.432478 0.208655
0.507061 0.527846
0.512015 0.531630
0.519430 0.537350
0.362415 0.342739
0.381562 0.353403
0.424141 0.368992
0.444460 0.378780
0.465002 0.388112
0.485629 0.396903
0.506181 0.405058
0.546598 0.419248
0.525284 0.485760
0.551083 0.501119
0.576000 0.515923
0.622629 0.542910
0.616272 0.281017
0.620970 0.279334
0.625636 0.277615
0.634858 0.274076
0.461062 0.513077
0.479319 0.527202
0.497637 0.542088
0.527853 0.599816
0.549418 0.621077
0.576053 0.647358
0.452890 0.415422
0.490561 0.434696
0.509175 0.444015
0.527547 0.453053
0.563184 0.469974
0.462161 0.612167
0.476798 0.629690
0.493220 0.649170
0.288836 0.673955
0.294283 0.682606
0.504197 0.536921
0.526631 0.555126
0.549086 0.573973
0.571416 0.593062
0.358414 0.378778
0.378010 0.389035
0.397938 0.399572
0.418120 0.410339
0.438463 0.421277
0.483284 0.445569
0.346322 0.105899
0.352382 0.121708
0.358586 0.137531
0.669807 0.599332
0.674377 0.601872
0.583498 0.542366
0.589382 0.546275
0.596363 0.550902
0.606554 0.557562
0.431240 0.209155
0.437474 0.205928
0.445421 0.201194
0.665922 0.669674
0.684113 0.683455
0.701186 0.695418
0.527543 0.426650
0.533900 0.429160
0.399809 0.479111
0.423483 0.494274
0.446992 0.511091
0.569294 0.680918
0.594599 0.707110
0.619645 0.732146
0.549303 0.604102
0.569756 0.623361
0.590436 0.642890
0.635445 0.684571
0.404481 0.225758
0.409974 0.231284
0.415670 0.235286
0.428455 0.238997
0.627272 0.503737
0.632749 0.505977
0.637908 0.507938
0.646354 0.481929
0.659527 0.485183
0.671920 0.487711
0.228733 0.249379
0.240319 0.257968
0.254943 0.268586
0.278439 0.285086
0.306843 0.304066
0.575111 0.420882
0.580820 0.422223
0.586476 0.423486
0.597623 0.425778
0.483670 0.488854
0.514012 0.509287
0.422735 0.206633
0.425841 0.206894
0.429782 0.205501
0.442057 0.211099
0.452018 0.205805
0.399135 0.485131
0.418513 0.497723
0.441600 0.514502
0.480362 0.546501
0.774740 0.484310
0.783646 0.480414
0.570465 0.506082
0.592921 0.518825
0.618339 0.532732
0.653810 0.550938
0.487892 0.528121
0.507706 0.544132
0.527391 0.560491
0.350919 0.562438
0.351433 0.564970
0.351852 0.568487
0.352426 0.573132
0.531830 0.629147
0.551184 0.649458
0.571058 0.669906
0.611930 0.711167
0.561709 0.379151
0.581143 0.380759
0.593858 0.381289
0.624572 0.380822
0.509345 0.469651
0.530606 0.481852
0.551185 0.493568
0.590715 0.515857
0.563395 0.485480
0.588435 0.498170
0.460603 0.548696
0.478134 0.565375
0.496351 0.583418
0.535466 0.623398
0.425796 0.257660
0.434102 0.259202
0.443073 0.259722
0.463366 0.257834
0.618613 0.549669
0.624293 0.553097
0.530659 0.408538
0.552596 0.415225
0.573887 0.420835
0.614570 0.429028
0.434455 0.472035
0.454363 0.484841
0.479121 0.501694
0.458142 0.132024
0.454560 0.135963
0.450123 0.136789
0.447771 0.355444
0.459356 0.360054
0.465185 0.362251
0.471034 0.364373
0.364217 0.319401
0.390057 0.334505
0.636656 0.648450
0.659655 0.667099
0.674309 0.678461
0.708266 0.702489
0.536529 0.389686
0.553529 0.393282
0.570163 0.396139
0.602572 0.399868
0.732460 0.922280
0.748135 0.933048
0.761936 0.940839
0.786606 0.951422
0.585493 0.495941
0.599153 0.502647
0.612419 0.508975
0.414818 0.218926
0.418832 0.221868
0.423214 0.223380
0.433977 0.222465
0.437801 0.330525
0.455491 0.336885
0.473611 0.342226
0.495865 0.347275
0.514550 0.350266
0.552343 0.353161
0.470780 0.678730
0.486007 0.696641
0.502616 0.715585
0.539031 0.755594
0.556887 0.691665
0.579163 0.715366
0.601462 0.738327
0.581474 0.397241
0.600771 0.399174
0.654873 0.399493
0.382747 0.328201
0.387944 0.331154
0.393253 0.334126
0.627553 0.773589
0.654159 0.799495
0.426406 0.287487
0.442949 0.292232
0.460553 0.294985
0.502021 0.490234
0.532502 0.510095
0.581159 0.542603
0.373651 0.228071
0.381751 0.237925
0.389998 0.246576
0.398444 0.253972
0.407173 0.260093
0.443315 0.272040
0.452928 0.272508
0.463181 0.272178
0.485502 0.269247
0.608856 0.714801
0.631822 0.737389
0.694553 0.794310
