0.234783 0.073597
0.236202 0.075723
0.237628 0.077877
0.239063 0.080059
0.240505 0.082268
0.241971 0.084522
0.243416 0.086773
0.244885 0.089067
0.246363 0.091391
0.247851 0.093743
0.249349 0.096124
0.250857 0.098533
0.252391 0.100990
0.253907 0.103438
0.255449 0.105934
0.257018 0.108477
0.258569 0.111010
0.260148 0.113590
0.261755 0.116219
0.263346 0.118835
0.264966 0.121498
0.266600 0.124188
0.268249 0.126905
0.269914 0.129648
0.271594 0.132416
0.273306 0.135232
0.275003 0.138026
0.276734 0.140867
0.278498 0.143754
0.280248 0.146616
0.282033 0.149522
0.283852 0.152473
0.285659 0.155394
0.287502 0.158356
0.289365 0.161336
0.291248 0.164330
0.293152 0.167339
0.295078 0.170360
0.297025 0.173392
0.298994 0.176433
0.300985 0.179482
0.302999 0.182537
0.305035 0.185596
0.307129 0.188712
0.309176 0.191719
0.311282 0.194780
0.313410 0.197837
0.315562 0.200888
0.317737 0.203932
0.319936 0.206966
0.322157 0.209988
0.324403 0.212995
0.326671 0.215987
0.328963 0.218960
0.331277 0.221912
0.333615 0.224841
0.335975 0.227745
0.338358 0.230623
0.340764 0.233470
0.343192 0.236286
0.345680 0.239122
0.348114 0.241816
0.350608 0.244525
0.353163 0.247248
0.355662 0.249825
0.358222 0.252412
0.360843 0.255004
0.363407 0.257450
0.366032 0.259899
0.368720 0.262347
0.371350 0.264648
0.374042 0.266947
0.376757 0.269192
0.379494 0.271384
0.382255 0.273522
0.385040 0.275604
0.387849 0.277631
0.390682 0.279600
0.393541 0.281512
0.396425 0.283365
0.399335 0.285160
0.402272 0.286896
0.405236 0.288572
0.408228 0.290189
0.411249 0.291745
0.414299 0.293241
0.417421 0.294709
0.420487 0.296050
0.423627 0.297364
0.426798 0.298615
0.430001 0.299806
0.433236 0.300936
0.436503 0.302004
0.439803 0.303010
0.443137 0.303955
0.446503 0.304839
0.449904 0.305661
0.453338 0.306421
0.456806 0.307121
0.460308 0.307759
0.463843 0.308336
0.467402 0.308849
0.471004 0.309304
0.474640 0.309699
0.478308 0.310033
0.482008 0.310307
0.485800 0.310530
0.489565 0.310683
0.493360 0.310778
0.497186 0.310813
0.500975 0.310787
0.504856 0.310708
0.508765 0.310572
0.512700 0.310380
0.516659 0.310131
0.520643 0.309827
0.524724 0.309464
0.528753 0.309051
0.532800 0.308584
0.536785 0.308074
0.540866 0.307506
0.544960 0.306887
0.549067 0.306219
0.553184 0.305502
0.557310 0.304738
0.561536 0.303910
0.565580 0.303072
0.569816 0.302152
0.573859 0.301229
0.577998 0.300244
0.582132 0.299219
0.586261 0.298154
0.590381 0.297051
0.594491 0.295911
0.598590 0.294736
0.602674 0.293525
0.606857 0.292250
0.610909 0.290974
0.614823 0.289700
0.618831 0.288364
0.622817 0.287000
0.626778 0.285608
0.630713 0.284191
0.634620 0.282749
0.638497 0.281283
0.642477 0.279753
0.646295 0.278242
0.650080 0.276711
0.653832 0.275160
0.657411 0.273635
0.661091 0.272050
0.664736 0.270447
0.668343 0.268829
0.671913 0.267196
0.675591 0.265502
0.679087 0.263842
0.682544 0.262169
0.685962 0.260484
0.689191 0.258838
0.692529 0.257133
0.695829 0.255418
0.699088 0.253693
0.702308 0.251960
0.705490 0.250219
0.708788 0.248419
0.711891 0.246663
0.714955 0.244900
0.717821 0.243182
0.720807 0.241407
0.723754 0.239627
0.726663 0.237841
0.729534 0.236050
0.732368 0.234254
0.735165 0.232454
0.737924 0.230650
0.740813 0.228790
0.743334 0.227030
0.745986 0.225215
0.748601 0.223396
0.751182 0.221575
0.753728 0.219750
0.756241 0.217922
0.758719 0.216091
0.761164 0.214258
0.763748 0.212372
0.766128 0.210535
0.768476 0.208695
0.770620 0.206901
0.772906 0.205057
0.775160 0.203210
0.777385 0.201361
0.779578 0.199510
0.781743 0.197657
0.784054 0.195756
0.786161 0.193900
0.788240 0.192042
0.790291 0.190183
0.792137 0.188367
0.794133 0.186504
0.796103 0.184640
