0.168511
0.674657
0.201557
0.595355
0.564404
0.192611
0.065998
0.062790
0.084532
0.156133
0.114032
0.103242
0.225306
0.123731
0.031666
0.486703
0.449347
0.089787
0.222908
0.251331
0.244119
0.142896
0.451306
0.187522
0.402109
0.313588
0.266558
0.623065
0.049677
0.111122
0.154285
0.339716
1.151042
0.332068
0.263767
0.192831
0.110105
0.270616
0.151841
0.419228
0.134901
0.205761
0.314620
0.134653
0.315242
0.125594
0.085103
0.610397
0.365919
0.140066
0.340038
0.375624
0.145631
0.231053
1.073582
0.232581
0.500035
0.167626
0.179672
0.137209
0.167956
0.149033
0.174437
0.049270
0.446964
0.160644
0.188683
0.054952
0.131662
1.285155
0.173338
0.159889
0.142060
0.162924
0.216523
0.284991
0.164291
0.054720
0.238267
0.124968
0.203437
0.846732
0.668217
0.239460
0.161596
0.194934
0.147647
0.114876
0.127066
0.769472
0.269158
0.384584
0.173299
1.292152
0.254391
0.293997
0.304608
0.467359
0.980002
0.246682
0.150184
0.241067
0.529061
0.369009
0.405115
0.395442
0.078161
0.327883
0.107435
0.201775
0.039961
1.086418
0.186201
0.121847
0.103979
0.140143
0.219738
0.254229
0.537547
0.195337
0.867971
0.297953
0.191899
0.137645
0.825047
0.191566
0.140409
0.089794
0.175668
0.264650
0.242667
0.169721
0.173831
0.502251
0.119365
0.290438
0.375010
0.098458
0.169206
0.357681
0.241821
0.115065
0.238466
0.096865
0.054427
0.171572
0.105643
0.203370
1.126412
0.330751
0.116246
0.208008
0.097132
0.173987
0.112071
0.082942
0.294591
0.057379
1.145208
0.251461
0.102158
0.082886
0.169731
0.176389
0.330018
0.302881
0.153324
0.400256
0.110049
0.093816
0.159433
0.102631
0.296670
0.153716
0.727780
0.313756
0.175704
0.110385
0.185760
0.386853
0.186807
0.439775
0.247447
0.186358
0.232031
0.134095
0.418279
0.220885
0.184075
0.083751
0.189610
0.209686
0.680175
0.101058
0.120844
0.339052
0.416160
0.719779
0.095186
0.059541
0.127516
0.163964
0.064153
0.098683
0.397719
0.564048
0.332377
0.271986
0.148361
0.183376
0.143196
0.187299
0.074593
0.418918
0.171745
0.149602
0.149511
0.303275
0.308458
0.089746
0.324808
0.093955
0.280326
0.024729
0.333070
0.286673
0.231109
0.059167
0.161918
0.163150
0.044222
0.234289
0.304678
0.067074
0.105779
0.103727
0.276101
0.257001
0.138838
0.398522
0.170428
0.383783
0.197506
0.442854
0.400177
0.093320
0.130478
0.110745
0.583763
0.300818
0.343825
0.448503
0.484276
0.284272
0.106523
