70.389649
69.815520
73.725534
65.250991
66.360412
81.665753
64.821550
83.788752
75.304054
78.790361
64.810281
64.803651
86.007257
76.958949
77.946619
74.872595
65.758136
76.872340
75.655963
77.799359
71.747399
84.472239
86.328007
66.825422
65.111527
67.122253
84.488037
63.922028
85.130532
76.551146
81.596659
72.049360
65.562581
82.156823
72.342939
78.768697
66.146874
79.796586
82.728114
66.522126
79.091900
79.940904
86.456019
68.671140
86.873000
78.923914
73.214675
65.210427
66.801390
71.466437
78.295797
78.209832
86.974698
81.546034
88.253855
86.043167
87.570525
78.537960
64.961641
73.713570
79.166055
77.464026
64.871843
69.571313
72.191231
86.113652
86.141584
76.012293
72.723594
62.692724
83.984599
76.206547
86.235905
81.307245
71.155933
81.141207
85.874026
77.450579
86.208961
77.497708
80.819802
87.694645
65.048528
67.900993
71.785620
77.624738
80.948392
79.985953
73.275184
65.330186
82.714085
63.880575
74.880731
65.292286
80.902918
86.076657
70.964264
63.675219
64.319855
73.344709
79.269008
68.851066
72.541790
76.281648
65.115867
63.935612
64.867978
80.050587
82.946695
84.346044
78.187169
86.673136
86.250525
74.795209
73.429286
85.561275
79.405011
74.534483
84.776346
64.996266
65.204058
78.264690
82.042523
65.029923
63.310083
82.232276
72.199629
64.802336
64.902856
64.895674
68.933077
78.622985
64.753963
65.194974
74.811992
82.852785
69.342419
79.479818
85.919842
64.337828
78.788255
66.352344
65.860578
78.955193
76.401818
75.704423
64.888245
86.640258
65.448033
65.062660
77.685998
78.286766
64.901324
72.244792
68.984678
77.986838
65.023164
64.814437
65.426937
80.412466
80.473430
64.864735
83.435728
76.122144
72.666904
78.214299
82.283021
74.040057
79.499042
70.184016
78.466967
81.422072
77.112019
83.398260
65.171233
64.820038
86.796363
78.719267
70.925431
68.785795
65.037619
75.312962
85.667880
64.893246
78.767704
64.914917
70.247301
75.807639
67.291721
64.821477
81.604113
65.479681
65.144930
64.860752
76.153651
83.059236
68.966345
65.150878
71.691956
78.668323
74.188151
69.160631
64.952162
77.261992
85.964091
63.881799
64.978310
64.992507
77.285729
77.052366
64.850399
71.202773
81.940815
67.462970
74.622078
64.906910
78.176181
81.238616
64.989565
74.929399
69.856626
78.264134
78.135871
64.852242
71.174314
82.951230
73.544469
75.185506
75.639691
79.725424
77.975855
76.740141
74.275916
64.860062
78.819529
71.246076
69.698504
64.879549
66.432195
71.459812
82.755960
67.578735
79.641166
66.940807
73.105763
65.142853
82.026947
81.186904
64.474676
74.361540
70.358664
65.746531
82.273249
77.252493
79.460931
