59.054793
59.205657
59.356521
59.507384
59.658248
59.809112
59.959976
60.110840
60.261704
60.412567
60.563431
60.714295
60.865159
61.016023
61.166887
61.317750
61.468614
61.619478
61.770342
61.921206
62.072070
62.222933
62.373797
62.524661
62.675525
62.826389
62.977253
63.128116
63.278980
63.429844
63.580708
63.731572
63.882436
64.033299
64.184163
64.335027
64.485891
64.636755
64.787619
64.938482
65.089346
65.240210
65.391074
65.541938
65.692802
65.843665
65.994529
66.145393
66.296257
66.447121
66.597985
66.748848
66.899712
67.050576
67.201440
67.352304
67.503168
67.654031
67.804895
67.955759
68.106623
68.257487
68.408351
68.559214
68.710078
68.860942
69.011806
69.162670
69.313534
69.464397
69.615261
69.766125
69.916989
70.067853
70.218717
70.369580
70.520444
70.671308
70.822172
70.973036
71.123900
71.274763
71.425627
71.576491
71.727355
71.878219
72.029083
72.179946
72.330810
72.481674
72.632538
72.783402
72.934266
73.085129
73.235993
73.386857
73.537721
73.688585
73.839449
73.990312
74.141176
74.292040
74.442904
74.593768
74.744632
74.895495
75.046359
75.197223
75.348087
75.498951
75.649815
75.800678
75.951542
76.102406
76.253270
76.404134
76.554998
76.705862
76.856725
77.007589
77.158453
77.309317
77.460181
77.611045
77.761908
77.912772
78.063636
78.214500
78.365364
78.516228
78.667091
78.817955
78.968819
79.119683
79.270547
79.421411
79.572274
79.723138
79.874002
80.024866
80.175730
80.326594
80.477457
80.628321
80.779185
80.930049
81.080913
81.231777
81.382640
81.533504
81.684368
81.835232
81.986096
82.136960
82.287823
82.438687
82.589551
82.740415
82.891279
83.042143
83.193006
83.343870
83.494734
83.645598
83.796462
83.947326
84.098189
84.249053
84.399917
84.550781
84.701645
84.852509
85.003372
85.154236
85.305100
85.455964
85.606828
85.757692
85.908555
86.059419
86.210283
86.361147
86.512011
86.662875
86.813738
86.964602
87.115466
87.266330
87.417194
87.568058
87.718921
87.869785
88.020649
88.171513
88.322377
88.473241
88.624104
88.774968
88.925832
89.076696
