0.240674
-0.652053
0.750872
-0.017665
2.478992
0.226685
-0.698957
0.746795
1.226454
-0.066935
0.491850
1.403950
0.436953
-0.822806
-0.058883
3.262299
0.870512
1.765192
1.426044
0.620918
-0.547268
0.718539
-1.396987
-0.840076
-0.543182
-0.987484
1.468179
2.728020
1.137850
0.082227
-0.369665
-1.126186
0.756294
-0.265267
-0.638872
-0.299924
0.489251
2.213588
-1.069237
0.056072
-0.227699
-0.704300
1.280346
1.876671
0.400280
0.736257
0.119630
0.343864
0.313637
-1.315472
-0.457259
1.576878
1.234388
0.902748
-0.146672
-0.411067
-0.862972
-1.107413
0.385522
1.238429
-0.144816
0.922141
0.141875
0.197438
1.565307
1.467570
0.493347
-0.466933
-0.193743
0.078978
2.475923
-0.249290
1.824588
0.824429
0.432190
-0.721116
0.617866
0.117738
1.780952
-0.961210
0.183019
-0.386989
-0.987765
-0.316549
-0.203917
-1.936625
-0.406056
0.470332
-0.619191
0.727181
0.238382
0.595527
0.871514
-0.231411
-0.405780
0.558991
0.096925
0.422144
-1.407373
0.241719
-0.556559
-0.898148
-0.474531
1.781048
1.948225
0.524863
-2.058073
0.407487
0.477212
0.340683
-0.708926
1.434644
0.225999
0.727007
0.363698
0.159068
2.074392
-1.416300
-1.028127
-0.919679
-0.553303
-0.109922
-0.960328
-1.576884
0.126743
-0.064679
-0.156010
-0.472255
-0.587208
0.568801
-0.150724
-0.224723
0.351103
1.181143
0.000219
-0.134272
1.256502
0.167111
0.826394
-1.622032
-0.781991
0.733793
0.354274
-1.248938
0.223218
0.240296
1.013513
-1.751846
-0.614850
0.430481
-0.626481
0.072022
-0.811661
-1.347355
0.060336
-0.219914
-0.376214
0.884897
0.794064
-0.478157
-1.159156
2.402120
1.080403
-0.176531
1.722457
1.950953
-0.305518
-1.807005
-0.404652
-0.925406
0.229164
0.455788
2.732332
0.360229
-1.425032
-0.233869
0.447161
0.196039
-0.484885
1.809187
1.585963
2.030758
-1.356004
0.537327
-1.238445
0.551699
1.028947
0.080551
0.231620
-0.781565
-0.051695
0.344155
1.050943
-0.677862
0.219014
-0.035698
0.872251
0.151979
-0.771693
-0.988378
-0.061337
-1.462869
-2.466788
-0.652130
-0.347540
1.179237
-1.064124
-0.621103
1.988838
-0.134538
0.031102
-0.835023
-1.216416
-0.385753
1.743941
-0.240320
-0.120647
0.518358
0.040232
-0.380407
1.973034
1.946106
-0.875099
1.829194
1.348257
-0.596888
-1.823105
-1.017489
1.004510
-0.348822
-0.012602
-1.001065
1.584042
-0.373969
0.503192
-0.552113
3.034952
0.350018
0.412910
0.747535
0.162683
-1.151045
-0.410074
1.731848
1.086484
-1.645394
-1.378608
0.821111
0.664065
-0.392162
1.628071
0.643802
1.332766
1.411541
-1.093410
