7.486847686767578125e+01
7.507570648193359375e+01
7.528293609619140625e+01
7.549015808105468750e+01
7.611184692382812500e+01
7.667538452148437500e+01
7.700196838378906250e+01
7.732855987548828125e+01
7.765514373779296875e+01
7.791641235351562500e+01
7.863490295410156250e+01
8.058039093017578125e+01
8.122183227539062500e+01
8.314616394042968750e+01
6.854202270507812500e+01
6.884454345703125000e+01
6.914706420898437500e+01
6.969160461425781250e+01
7.035714721679687500e+01
8.123915100097656250e+01
8.258596801757812500e+01
8.393278503417968750e+01
8.797322845458984375e+01
7.571915435791015625e+01
7.703126525878906250e+01
7.834337615966796875e+01
7.965547943115234375e+01
8.096759033203125000e+01
8.385423278808593750e+01
7.765340423583984375e+01
7.829513549804687500e+01
7.893686676025390625e+01
7.605219268798828125e+01
7.635922241210937500e+01
6.755444335937500000e+01
6.907141113281250000e+01
7.008273315429687500e+01
7.261102294921875000e+01
7.628377532958984375e+01
7.687121582031250000e+01
7.745865631103515625e+01
7.863353729248046875e+01
8.857393646240234375e+01
8.922421264648437500e+01
8.965773010253906250e+01
8.379660797119140625e+01
8.426271057128906250e+01
5.966507720947265625e+01
6.027482604980468750e+01
6.088457489013671875e+01
6.210407257080078125e+01
6.344551849365234375e+01
6.454306793212890625e+01
7.666936492919921875e+01
7.699115753173828125e+01
7.731295013427734375e+01
7.847140502929687500e+01
7.897825622558593750e+01
7.916113281250000000e+01
9.258578491210937500e+01
9.388946533203125000e+01
9.519314575195312500e+01
9.649682617187500000e+01
8.648226165771484375e+01
8.688587188720703125e+01
8.728948211669921875e+01
6.312912750244140625e+01
6.447324371337890625e+01
6.581736755371093750e+01
6.850559997558593750e+01
9.108341217041015625e+01
9.317044067382812500e+01
6.998457336425781250e+01
7.031825256347656250e+01
7.065193939208984375e+01
7.156956481933593750e+01
7.257105255126953125e+01
7.390039825439453125e+01
7.522975158691406250e+01
7.655909729003906250e+01
7.788845062255859375e+01
8.050616455078125000e+01
8.084442901611328125e+01
6.806999969482421875e+01
6.849144744873046875e+01
6.891290283203125000e+01
6.975581359863281250e+01
7.059871673583984375e+01
7.144162750244140625e+01
7.475252532958984375e+01
7.499620819091796875e+01
7.523988342285156250e+01
7.572724151611328125e+01
8.087870788574218750e+01
8.125240325927734375e+01
8.162609863281250000e+01
8.237348175048828125e+01
7.596932220458984375e+01
7.674842834472656250e+01
7.752752685546875000e+01
7.924155426025390625e+01
7.624521636962890625e+01
7.664788818359375000e+01
7.705056762695312500e+01
7.785591125488281250e+01
8.245315551757812500e+01
8.368651580810546875e+01
8.491988372802734375e+01
8.763327789306640625e+01
7.706351470947265625e+01
7.776620483398437500e+01
7.846888732910156250e+01
7.987425994873046875e+01
7.348190307617187500e+01
7.389053344726562500e+01
7.429916381835937500e+01
7.470780181884765625e+01
7.511643218994140625e+01
7.593369293212890625e+01
7.568682098388671875e+01
7.744271087646484375e+01
7.598173522949218750e+01
7.620239257812500000e+01
7.632847595214843750e+01
7.645455932617187500e+01
7.661216735839843750e+01
7.695891571044921875e+01
6.195072174072265625e+01
6.227684402465820312e+01
6.260296630859375000e+01
6.292909240722656250e+01
6.325521469116210938e+01
6.390746307373046875e+01
6.455970764160156250e+01
7.272185516357421875e+01
7.301074218750000000e+01
7.320333099365234375e+01
7.373295593261718750e+01
7.416627502441406250e+01
7.667787933349609375e+01
7.794657135009765625e+01
7.921527099609375000e+01
8.175265502929687500e+01
7.211609649658203125e+01
7.258337402343750000e+01
7.305065155029296875e+01
7.351792907714843750e+01
7.273670959472656250e+01
7.332553100585937500e+01
7.371808624267578125e+01
7.282343292236328125e+01
7.309417724609375000e+01
7.336492156982421875e+01
7.390640258789062500e+01
7.509085083007812500e+01
7.597806549072265625e+01
8.346441650390625000e+01
8.469358825683593750e+01
8.592276000976562500e+01
8.838109588623046875e+01
7.395938110351562500e+01
7.527563476562500000e+01
7.615313720703125000e+01
7.389709472656250000e+01
7.522640991210937500e+01
7.555873870849609375e+01
7.672189331054687500e+01
6.523730468750000000e+01
6.600331115722656250e+01
6.791834259033203125e+01
7.079087829589843750e+01
6.992268371582031250e+01
7.013601684570312500e+01
7.034934997558593750e+01
7.056269073486328125e+01
7.063961791992187500e+01
7.096610260009765625e+01
7.118376159667968750e+01
6.753946685791015625e+01
6.790715789794921875e+01
7.525450897216796875e+01
7.576371002197265625e+01
7.627290344238281250e+01
6.545323944091796875e+01
6.649548339843750000e+01
6.694215393066406250e+01
6.783549499511718750e+01
7.757969665527343750e+01
7.884203338623046875e+01
8.010437011718750000e+01
8.262904357910156250e+01
7.133418273925781250e+01
7.159146881103515625e+01
7.184875488281250000e+01
6.777254486083984375e+01
6.935031127929687500e+01
7.025189208984375000e+01
7.228042602539062500e+01
7.453436279296875000e+01
7.873043823242187500e+01
7.909165954589843750e+01
7.952511596679687500e+01
7.981409454345703125e+01
8.053652954101562500e+01
7.222611999511718750e+01
7.297647094726562500e+01
7.391442871093750000e+01
7.014854431152343750e+01
7.060947418212890625e+01
7.107040405273437500e+01
7.199226379394531250e+01
5.952234649658203125e+01
5.992613983154296875e+01
6.032993698120117188e+01
6.129904556274414062e+01
6.194512176513671875e+01
6.275271606445312500e+01
6.454026794433593750e+01
6.483399963378906250e+01
6.512773895263671875e+01
6.571520233154296875e+01
6.630267333984375000e+01
6.689013671875000000e+01
7.242568206787109375e+01
7.285411071777343750e+01
7.328253173828125000e+01
7.413938140869140625e+01
7.860150909423828125e+01
7.912998962402343750e+01
7.965846252441406250e+01
8.082110595703125000e+01
7.242424011230468750e+01
7.282664489746093750e+01
7.322904968261718750e+01
7.567214965820312500e+01
7.598923492431640625e+01
7.630632019042968750e+01
7.304718780517578125e+01
7.366484832763671875e+01
7.428250122070312500e+01
7.551781463623046875e+01
7.354512023925781250e+01
7.456790161132812500e+01
7.559069061279296875e+01
7.763626098632812500e+01
7.481677246093750000e+01
7.499903106689453125e+01
7.518128967285156250e+01
7.536354827880859375e+01
7.554580688476562500e+01
8.274267578125000000e+01
8.328323364257812500e+01
8.393190765380859375e+01
8.490491485595703125e+01
8.053182220458984375e+01
8.172006225585937500e+01
8.290830230712890625e+01
8.528479003906250000e+01
7.413810729980468750e+01
7.450822448730468750e+01
7.532248687744140625e+01
6.941777038574218750e+01
6.990218353271484375e+01
7.038658905029296875e+01
7.087100219726562500e+01
7.125853729248046875e+01
7.232424163818359375e+01
8.037775421142578125e+01
8.076446533203125000e+01
7.463500213623046875e+01
7.510605621337890625e+01
7.557711029052734375e+01
7.651921844482421875e+01
7.953138732910156250e+01
8.085743713378906250e+01
8.218349456787109375e+01
8.483559417724609375e+01
7.176982879638671875e+01
7.209046173095703125e+01
7.241109466552734375e+01
7.305236053466796875e+01
7.997367095947265625e+01
8.131951141357421875e+01
8.266534423828125000e+01
8.535701751708984375e+01
7.067252349853515625e+01
7.118609619140625000e+01
7.169967651367187500e+01
7.272682189941406250e+01
7.117400360107421875e+01
7.179276275634765625e+01
7.241152954101562500e+01
7.303029632568359375e+01
8.769355010986328125e+01
8.814608001708984375e+01
8.859861755371093750e+01
8.950367736816406250e+01
7.703726196289062500e+01
7.765980529785156250e+01
7.828235626220703125e+01
7.952745056152343750e+01
6.811767578125000000e+01
6.851575469970703125e+01
6.891384124755859375e+01
6.970999908447265625e+01
7.050616455078125000e+01
7.130233001708984375e+01
7.869525146484375000e+01
7.926260375976562500e+01
5.657276153564453125e+01
5.782588958740234375e+01
5.907901763916015625e+01
6.033214950561523438e+01
7.662214660644531250e+01
7.744183349609375000e+01
7.826152038574218750e+01
8.132506561279296875e+01
8.191499328613281250e+01
8.250491333007812500e+01
8.368476867675781250e+01
6.442015075683593750e+01
6.479695129394531250e+01
6.517375183105468750e+01
6.592735290527343750e+01
6.668094635009765625e+01
7.163053894042968750e+01
7.200648498535156250e+01
7.225711822509765625e+01
7.521501159667968750e+01
7.584037780761718750e+01
7.646574401855468750e+01
7.688265991210937500e+01
7.740379333496093750e+01
7.205213165283203125e+01
7.218329620361328125e+01
7.231445312500000000e+01
7.244561767578125000e+01
7.257678222656250000e+01
9.006464385986328125e+01
9.096057128906250000e+01
9.185650634765625000e+01
9.382756042480468750e+01
7.743799591064453125e+01
7.776067352294921875e+01
7.808334350585937500e+01
7.840601348876953125e+01
7.708913421630859375e+01
7.778173065185546875e+01
7.902946472167968750e+01
7.958214569091796875e+01
8.013483428955078125e+01
8.124019622802734375e+01
6.065415573120117188e+01
6.168938827514648438e+01
6.293166351318359375e+01
6.479508209228515625e+01
6.686554718017578125e+01
6.993230438232421875e+01
7.026705169677734375e+01
7.060179138183593750e+01
7.093653869628906250e+01
7.127128601074218750e+01
7.214161682128906250e+01
7.362483978271484375e+01
7.435629272460937500e+01
7.508773803710937500e+01
7.004071807861328125e+01
7.056622314453125000e+01
7.109173583984375000e+01
7.214274597167968750e+01
6.743598175048828125e+01
6.794873046875000000e+01
6.846147918701171875e+01
6.948696899414062500e+01
7.051246643066406250e+01
7.426344299316406250e+01
7.551998901367187500e+01
7.677652740478515625e+01
7.346652984619140625e+01
7.385559082031250000e+01
7.424465942382812500e+01
7.463372802734375000e+01
8.579114532470703125e+01
8.675041198730468750e+01
8.726693725585937500e+01
7.988014221191406250e+01
8.021174621582031250e+01
8.054335784912109375e+01
1.024766540527343750e+02
1.033424377441406250e+02
1.042082214355468750e+02
1.059398040771484375e+02
7.889001464843750000e+01
7.924435424804687500e+01
7.959869384765625000e+01
8.030737304687500000e+01
7.368103790283203125e+01
7.416306304931640625e+01
7.690014648437500000e+01
7.753917694091796875e+01
7.817821502685546875e+01
7.945629119873046875e+01
6.524787902832031250e+01
6.658961486816406250e+01
6.793135070800781250e+01
6.927308654785156250e+01
7.115151214599609375e+01
7.410332489013671875e+01
8.055191802978515625e+01
8.189486694335937500e+01
8.323782348632812500e+01
8.619231414794921875e+01
7.104411315917968750e+01
7.152562713623046875e+01
7.210346221923828125e+01
7.297019195556640625e+01
7.399172973632812500e+01
7.436810302734375000e+01
7.474447631835937500e+01
7.458420562744140625e+01
7.493794250488281250e+01
8.878630065917968750e+01
8.938142395019531250e+01
8.997653961181640625e+01
9.116677093505859375e+01
7.559020996093750000e+01
7.608322143554687500e+01
7.657623291015625000e+01
7.371792602539062500e+01
7.409715270996093750e+01
7.447637176513671875e+01
7.485559844970703125e+01
7.523481750488281250e+01
7.599326324462890625e+01
7.887218475341796875e+01
7.958457183837890625e+01
5.372900009155273438e+01
5.436824035644531250e+01
5.500747680664062500e+01
5.628595352172851562e+01
5.756443023681640625e+01
6.688622283935546875e+01
6.715030670166015625e+01
6.754643249511718750e+01
6.827265930175781250e+01
7.894477844238281250e+01
8.000585937500000000e+01
8.106694793701171875e+01
7.840027618408203125e+01
7.872481536865234375e+01
7.904935455322265625e+01
7.374287414550781250e+01
7.480471801757812500e+01
6.780789947509765625e+01
6.876177978515625000e+01
7.162341308593750000e+01
8.052059936523437500e+01
8.157523345947265625e+01
8.262986755371093750e+01
6.636286926269531250e+01
6.701311492919921875e+01
6.766336059570312500e+01
6.844365692138671875e+01
6.896385955810546875e+01
7.026435089111328125e+01
8.541513824462890625e+01
8.653941345214843750e+01
8.766368103027343750e+01
6.992712402343750000e+01
7.015233612060546875e+01
7.030247497558593750e+01
7.067783355712890625e+01
7.471788787841796875e+01
7.578207397460937500e+01
7.684626007080078125e+01
7.918745422363281250e+01
7.174398803710937500e+01
7.215670776367187500e+01
7.256941986083984375e+01
7.136833953857421875e+01
7.154483795166015625e+01
7.172132873535156250e+01
7.367941284179687500e+01
7.500803375244140625e+01
7.633665466308593750e+01
7.899388885498046875e+01
7.532067108154296875e+01
7.563304138183593750e+01
7.594541931152343750e+01
7.663265228271484375e+01
7.808129882812500000e+01
7.895003509521484375e+01
7.981877136230468750e+01
7.999658966064453125e+01
8.042742156982421875e+01
8.085825347900390625e+01
7.692395019531250000e+01
7.729003906250000000e+01
8.137072753906250000e+01
8.189648437500000000e+01
8.242224884033203125e+01
8.357891845703125000e+01
7.488938903808593750e+01
7.618291473388671875e+01
7.747643280029296875e+01
8.006347656250000000e+01
8.249291992187500000e+01
8.325952148437500000e+01
8.402613067626953125e+01
8.555933380126953125e+01
8.454269409179687500e+01
8.500975036621093750e+01
8.532112884521484375e+01
8.617739868164062500e+01
6.328587341308593750e+01
6.394725036621093750e+01
6.504954528808593750e+01
6.615184020996093750e+01
7.441853332519531250e+01
7.567126464843750000e+01
7.692400360107421875e+01
7.942946624755859375e+01
7.121952056884765625e+01
7.254343414306640625e+01
7.413212585449218750e+01
8.094514465332031250e+01
8.199656677246093750e+01
8.304799652099609375e+01
8.557141876220703125e+01
8.511627197265625000e+01
8.568045043945312500e+01
8.624462890625000000e+01
8.737297821044921875e+01
7.310371398925781250e+01
7.357105255126953125e+01
7.403839111328125000e+01
7.802481079101562500e+01
7.823403930664062500e+01
7.844326782226562500e+01
7.886171722412109375e+01
7.134684753417968750e+01
7.168376159667968750e+01
7.202068328857421875e+01
7.235759735107421875e+01
7.269451904296875000e+01
7.336835479736328125e+01
7.427147674560546875e+01
7.469380950927734375e+01
7.712374114990234375e+01
7.761734008789062500e+01
7.811093902587890625e+01
7.860453796386718750e+01
7.444226837158203125e+01
7.482646179199218750e+01
7.521065521240234375e+01
7.559484100341796875e+01
7.742092132568359375e+01
7.804212188720703125e+01
8.415731811523437500e+01
8.456224822998046875e+01
8.496717834472656250e+01
8.585802459716796875e+01
7.744795227050781250e+01
7.763964843750000000e+01
7.783135223388671875e+01
7.403105926513671875e+01
7.456977844238281250e+01
7.510848999023437500e+01
7.618592071533203125e+01
6.820967864990234375e+01
6.853958129882812500e+01
6.886949157714843750e+01
6.919939422607421875e+01
6.952929687500000000e+01
7.018910980224609375e+01
7.299474334716796875e+01
7.330667114257812500e+01
7.356661987304687500e+01
7.393054199218750000e+01
7.424246978759765625e+01
7.581891632080078125e+01
7.616308593750000000e+01
7.650725555419921875e+01
7.279010009765625000e+01
7.318395233154296875e+01
7.357779693603515625e+01
7.397164916992187500e+01
7.732881927490234375e+01
7.754899597167968750e+01
7.776918029785156250e+01
7.660363769531250000e+01
7.692501068115234375e+01
7.724639129638671875e+01
7.788913726806640625e+01
7.411797332763671875e+01
7.448408508300781250e+01
7.485019683837890625e+01
7.558242797851562500e+01
7.757433319091796875e+01
7.793952178955078125e+01
7.818297576904296875e+01
7.879162597656250000e+01
6.937928009033203125e+01
7.058097839355468750e+01
7.741677856445312500e+01
7.774413299560546875e+01
5.764830780029296875e+01
5.880846023559570312e+01
5.996861267089843750e+01
6.228890991210937500e+01
6.460921478271484375e+01
6.870806884765625000e+01
6.920670318603515625e+01
6.970534515380859375e+01
7.070261383056640625e+01
7.693225860595703125e+01
7.723489379882812500e+01
7.866036987304687500e+01
7.908657836914062500e+01
7.078952789306640625e+01
7.122671508789062500e+01
7.166389465332031250e+01
7.210108184814453125e+01
7.253826904296875000e+01
7.992765808105468750e+01
8.035010528564453125e+01
8.077256011962890625e+01
8.161745452880859375e+01
8.426966857910156250e+01
8.532404327392578125e+01
8.637841796875000000e+01
7.435283660888671875e+01
7.463356781005859375e+01
7.498447418212890625e+01
7.533538818359375000e+01
7.603720092773437500e+01
7.433285522460937500e+01
7.450595092773437500e+01
7.316613769531250000e+01
7.419403839111328125e+01
7.522193145751953125e+01
7.624983215332031250e+01
7.727772521972656250e+01
7.763965606689453125e+01
7.795429992675781250e+01
7.826893615722656250e+01
7.579470825195312500e+01
7.627265167236328125e+01
7.415325927734375000e+01
7.461315155029296875e+01
7.507305145263671875e+01
7.599285125732421875e+01
7.418961334228515625e+01
7.459090423583984375e+01
7.507244873046875000e+01
7.587503051757812500e+01
6.615114593505859375e+01
6.651845550537109375e+01
6.706941223144531250e+01
7.950128936767578125e+01
7.999819946289062500e+01
8.049510192871093750e+01
8.148890686035156250e+01
7.267952728271484375e+01
7.282488250732421875e+01
7.311559295654296875e+01
7.340629577636718750e+01
9.145843505859375000e+01
9.171409606933593750e+01
9.216152191162109375e+01
9.299244689941406250e+01
7.850613403320312500e+01
7.894639587402343750e+01
7.938665771484375000e+01
8.026718902587890625e+01
8.047345733642578125e+01
8.128054046630859375e+01
8.249116516113281250e+01
8.430709838867187500e+01
7.783586120605468750e+01
7.891510772705078125e+01
7.968599700927734375e+01
8.935335540771484375e+01
9.044861602783203125e+01
9.154387664794921875e+01
7.134832763671875000e+01
7.163540649414062500e+01
7.206604003906250000e+01
7.278374481201171875e+01
7.786327362060546875e+01
7.922241973876953125e+01
8.085340118408203125e+01
8.329984283447265625e+01
6.973169708251953125e+01
7.061631774902343750e+01
7.320944976806640625e+01
7.360667419433593750e+01
7.071176910400390625e+01
7.221132659912109375e+01
7.296111297607421875e+01
7.371089172363281250e+01
7.521044921875000000e+01
7.330802154541015625e+01
7.376467132568359375e+01
8.447558593750000000e+01
8.542541503906250000e+01
8.637524414062500000e+01
8.827490234375000000e+01
7.285735321044921875e+01
7.328014373779296875e+01
7.454851531982421875e+01
7.666278076171875000e+01
7.699742889404296875e+01
7.733208465576171875e+01
7.806831359863281250e+01
7.709703826904296875e+01
7.748919677734375000e+01
8.083617401123046875e+01
8.143548583984375000e+01
8.215467071533203125e+01
8.323343658447265625e+01
7.523337554931640625e+01
7.620787048339843750e+01
7.700518035888671875e+01
6.247674179077148438e+01
6.278860473632812500e+01
6.310046768188476562e+01
6.347470092773437500e+01
6.447266387939453125e+01
7.491761779785156250e+01
7.518068695068359375e+01
7.557527923583984375e+01
7.451877593994140625e+01
7.516637420654296875e+01
7.127712249755859375e+01
7.173911285400390625e+01
7.220111083984375000e+01
7.266310119628906250e+01
7.312509155273437500e+01
7.404907989501953125e+01
8.538347625732421875e+01
8.632354736328125000e+01
8.726362609863281250e+01
8.914376831054687500e+01
7.120281219482421875e+01
7.138112640380859375e+01
7.155944061279296875e+01
7.191606140136718750e+01
7.574942779541015625e+01
7.614390563964843750e+01
7.653838348388671875e+01
7.694065856933593750e+01
7.750550842285156250e+01
7.818331909179687500e+01
7.415364074707031250e+01
7.503959655761718750e+01
7.548257446289062500e+01
7.592555236816406250e+01
7.681150817871093750e+01
7.770645141601562500e+01
7.795312500000000000e+01
7.819979095458984375e+01
7.309634399414062500e+01
7.334011077880859375e+01
7.579265594482421875e+01
7.665016937255859375e+01
7.750769042968750000e+01
7.836521148681640625e+01
6.857168579101562500e+01
6.926873779296875000e+01
6.996578979492187500e+01
7.066283416748046875e+01
7.135988616943359375e+01
7.289339447021484375e+01
7.635627746582031250e+01
7.767263793945312500e+01
7.898899078369140625e+01
7.349230957031250000e+01
7.392933654785156250e+01
7.543905639648437500e+01
7.564916229248046875e+01
7.590129089355468750e+01
7.627949523925781250e+01
7.486780548095703125e+01
7.530048370361328125e+01
7.573316192626953125e+01
8.850470733642578125e+01
8.904260253906250000e+01
8.958049774169921875e+01
7.458302307128906250e+01
7.494110870361328125e+01
7.326184082031250000e+01
7.366777038574218750e+01
7.407369232177734375e+01
8.007202911376953125e+01
8.026662445068359375e+01
8.046121978759765625e+01
8.630342102050781250e+01
8.669313049316406250e+01
8.708283996582031250e+01
8.794020843505859375e+01
7.225833892822265625e+01
7.249062347412109375e+01
7.272290802001953125e+01
7.318747711181640625e+01
7.715232849121093750e+01
7.751759338378906250e+01
7.788285827636718750e+01
7.803642272949218750e+01
7.836252593994140625e+01
7.868862915039062500e+01
6.365098571777343750e+01
6.397251510620117188e+01
6.435835266113281250e+01
6.493710327148437500e+01
6.558016204833984375e+01
7.525299835205078125e+01
7.552827453613281250e+01
7.580354309082031250e+01
7.635408020019531250e+01
7.545528411865234375e+01
7.604640960693359375e+01
7.953015899658203125e+01
8.031742095947265625e+01
8.110467529296875000e+01
7.386696624755859375e+01
7.433689880371093750e+01
7.135706329345703125e+01
7.172443389892578125e+01
7.216528320312500000e+01
7.290002441406250000e+01
8.940612792968750000e+01
9.026473236083984375e+01
8.741242980957031250e+01
8.858263397216796875e+01
8.998689270019531250e+01
9.209325408935546875e+01
7.221204376220703125e+01
7.259178924560546875e+01
7.297153472900390625e+01
7.381412506103515625e+01
7.417872619628906250e+01
7.454332733154296875e+01
7.490792083740234375e+01
7.899626159667968750e+01
7.940683746337890625e+01
7.981742095947265625e+01
8.063857269287109375e+01
8.071260833740234375e+01
8.110192108154296875e+01
8.136145782470703125e+01
8.201031494140625000e+01
7.483104705810546875e+01
7.525934600830078125e+01
7.568763732910156250e+01
7.654422760009765625e+01
7.821562957763671875e+01
7.856172180175781250e+01
7.473219299316406250e+01
7.541960906982421875e+01
7.610701751708984375e+01
7.748184967041015625e+01
7.796105194091796875e+01
7.832282257080078125e+01
7.868459320068359375e+01
7.940814208984375000e+01
7.847525024414062500e+01
7.910856628417968750e+01
7.679830169677734375e+01
7.786838531494140625e+01
7.893846893310546875e+01
8.107864379882812500e+01
7.487411499023437500e+01
7.519854736328125000e+01
7.560408782958984375e+01
6.982497406005859375e+01
7.008190917968750000e+01
7.033885192871093750e+01
7.328123474121093750e+01
7.360400390625000000e+01
7.376539611816406250e+01
7.392678070068359375e+01
7.400521087646484375e+01
7.460086059570312500e+01
9.256282806396484375e+01
9.418842315673828125e+01
9.527212524414062500e+01
9.798141479492187500e+01
7.518302154541015625e+01
7.553798675537109375e+01
7.589295196533203125e+01
7.660289001464843750e+01
1.065851974487304688e+02
1.075556793212890625e+02
1.085261688232421875e+02
1.104671478271484375e+02
7.609465789794921875e+01
7.632724761962890625e+01
7.655983734130859375e+01
7.802537536621093750e+01
7.916294097900390625e+01
8.030050659179687500e+01
8.257563018798828125e+01
7.670159912109375000e+01
7.740885162353515625e+01
7.811611175537109375e+01
7.896482086181640625e+01
7.967207336425781250e+01
8.108659362792968750e+01
7.709436798095703125e+01
7.771902465820312500e+01
7.834367370605468750e+01
7.959297943115234375e+01
7.790553283691406250e+01
7.824488067626953125e+01
7.858422088623046875e+01
7.859224700927734375e+01
7.977793884277343750e+01
8.333499908447265625e+01
8.068665313720703125e+01
8.180820465087890625e+01
8.292975616455078125e+01
9.915232849121093750e+01
1.004634399414062500e+02
8.087480163574218750e+01
8.137480926513671875e+01
8.187482452392578125e+01
8.637518310546875000e+01
8.728117370605468750e+01
8.879116058349609375e+01
6.571038055419921875e+01
6.636156463623046875e+01
6.701274871826171875e+01
6.766393280029296875e+01
6.831511688232421875e+01
7.782919311523437500e+01
7.814526367187500000e+01
7.846134185791015625e+01
7.909349060058593750e+01
8.435016632080078125e+01
8.478047180175781250e+01
8.607139587402343750e+01
