0.414457
0.653172
1.282885
0.605042
2.693634
2.624220
1.283463
0.614059
2.528290
1.174878
1.083796
0.932196
1.219498
0.643585
0.365755
2.607362
0.807222
2.688236
2.087028
0.834207
2.658698
0.676520
0.842907
0.487357
0.747387
1.558206
0.805348
2.466727
1.405371
0.817263
1.755893
0.315217
0.652247
0.481474
2.537390
0.934557
0.981379
0.541484
0.887215
2.458340
0.877503
0.830823
1.915025
0.426672
0.544151
0.735379
1.018393
1.488912
2.524673
0.514572
2.253941
0.722434
1.875912
0.921857
0.807593
0.587468
0.856848
1.056951
0.804807
0.634171
1.235311
2.045570
0.364519
1.081118
2.376483
0.740238
0.968823
0.773427
0.942107
2.652103
0.641268
2.691671
1.027150
1.237532
0.905066
1.245095
0.796163
0.945588
1.253129
1.639376
1.179849
0.753599
0.626573
1.042279
0.262327
1.791859
0.645346
1.385198
1.105364
2.070463
0.669488
1.462898
1.051015
1.025493
2.513087
0.778131
0.737896
0.663216
1.731574
0.708678
0.964044
1.278075
2.683471
2.685905
0.963039
0.752739
0.707466
1.190232
0.986025
0.758445
0.712392
1.278476
0.660206
1.061083
0.649073
0.663650
1.907757
2.109268
1.300495
2.248539
0.375355
2.128365
0.825438
0.352989
2.657238
0.624753
1.737476
0.861664
0.732179
1.051520
2.587043
1.533208
0.778429
1.102295
2.505468
2.647826
2.102854
1.128353
0.934671
0.418453
0.673836
0.844670
0.987197
0.768382
1.242392
0.809862
0.383403
1.077431
0.659810
0.519888
0.688336
0.787698
0.440362
0.642752
0.732229
0.608646
2.403396
0.654710
2.320301
0.997271
0.605276
0.426203
0.874370
0.844899
2.108751
0.701818
0.346202
2.055794
0.629280
0.955883
0.919797
0.802580
0.918264
0.993806
0.290709
0.639175
0.880530
2.017706
1.541788
2.190521
0.717710
2.718282
1.769235
0.397229
1.499560
0.913301
1.899660
0.845581
0.669300
0.784310
1.198632
0.885907
0.623725
0.657662
0.925135
0.923988
1.880147
0.356627
0.788954
1.129688
0.885955
0.493336
0.487532
1.715038
1.394100
2.632713
0.874052
0.420220
0.865358
1.075793
0.716162
0.811854
0.389195
0.779424
0.464571
0.730524
0.652201
0.643059
0.550541
1.182254
1.574521
0.939872
0.734742
0.780546
2.340413
0.759490
0.729196
0.821156
0.648855
0.856589
0.692185
1.374827
0.723547
1.266636
2.140169
0.811077
0.513875
0.322774
1.191299
2.709294
0.709933
1.940978
0.465178
2.275126
1.414515
1.249304
0.678689
2.371376
2.243105
2.622228
1.000019
1.509987
1.302366
0.632149
0.860617
