67.795200
77.820951
71.042965
76.058425
61.780335
83.022458
68.825468
84.171546
70.441271
78.999497
69.467092
69.453711
83.167252
75.691888
68.798083
69.251819
51.364212
66.812447
69.489227
80.701207
71.210137
79.147480
88.610665
65.588955
72.322028
65.272032
80.542419
56.674806
86.225160
75.746311
82.703623
72.056402
91.892583
79.412543
71.735124
80.176030
65.196881
70.102675
85.187252
63.953124
79.675431
80.916434
85.693153
73.178312
97.296332
83.932676
72.041075
78.505741
64.874573
75.806173
78.402515
71.723584
90.273796
85.452733
103.953812
94.189158
92.093687
77.483860
71.489064
70.525638
79.473393
77.306747
65.077480
66.829777
69.468403
81.451954
74.152395
73.234981
71.877688
54.787937
79.522849
77.148788
74.204158
83.484225
70.564868
83.356398
84.932837
75.182403
85.897649
78.304916
78.631308
99.526916
94.162955
66.284907
79.602393
74.287603
79.107963
79.785192
72.746324
77.824377
85.455803
59.633750
74.609834
94.967029
82.089438
75.358921
57.563360
53.727865
58.726678
69.097931
81.158641
67.006096
72.030727
75.429531
88.298181
59.727274
71.374749
71.709416
83.892119
84.178295
74.451654
88.630591
88.975856
71.573662
68.747195
88.680430
81.165113
73.978336
87.034359
72.763958
93.590421
78.728235
84.833474
79.462311
57.593520
82.272044
70.421282
66.790577
79.359762
59.432688
67.739206
76.906931
57.129293
83.418712
74.728413
84.724307
66.068460
75.726345
89.019002
57.649504
76.207813
64.751636
70.539411
80.113905
75.044013
66.781416
66.091261
88.990784
82.077414
73.439448
76.896956
75.093863
68.390730
69.990766
67.492049
75.455315
72.534834
64.394609
90.574250
81.699946
78.792481
67.390140
80.104946
76.356891
69.899838
73.909043
85.500532
74.387584
77.490684
68.459012
78.710600
82.498294
83.826506
81.661417
90.050534
60.536145
86.907736
78.782738
68.954722
62.743329
78.375168
74.143284
89.872541
73.084506
79.953538
75.542542
65.907125
72.023076
63.101927
67.214563
79.723310
61.926214
79.863466
66.811302
72.110243
85.419209
63.972424
92.021777
70.338470
78.574002
73.944949
65.395370
76.685857
77.332477
87.104504
55.681350
82.114439
71.033343
76.742159
68.938215
67.969422
71.829666
71.844317
54.985960
77.381734
72.541152
78.330266
90.534213
71.523781
74.407143
65.117001
79.495757
81.345629
66.431772
67.392559
86.858732
72.813684
72.722194
69.181718
80.186522
74.541112
77.088117
68.694905
71.949064
78.855445
70.343890
76.352737
66.996551
65.027335
68.714171
83.929269
59.122446
80.227068
62.966205
70.790561
67.816220
81.305373
81.981290
52.560739
69.385887
63.416135
58.360621
85.025833
72.109960
72.524839
