0.153113 -0.043978 0.129115
0.167870 -0.071529 0.114441
0.170902 -0.037866 0.122641
0.162472 -0.000353 0.136559
0.159016 0.002598 0.142827
0.160666 0.000253 0.141579
0.122162 -0.077321 0.136819
0.139484 -0.148801 0.118507
0.155233 -0.074289 0.115618
0.171487 0.059022 0.154415
0.130333 0.021585 0.182675
0.155521 0.001909 0.149014
0.127385 -0.031361 0.159286
0.103892 -0.078578 0.217931
0.429804 0.140197 0.224300
0.184560 0.159698 0.269172
0.044825 -0.043817 0.359550
0.130896 -0.008018 0.177857
0.157725 -0.001516 0.146540
0.171519 0.006169 0.176157
0.350197 0.085126 0.176400
0.079615 -0.098388 0.171428
0.057620 -0.134350 0.240229
0.112544 -0.036764 0.161692
0.160932 0.000034 0.141522
0.162349 0.001118 0.144022
0.164315 0.000494 0.146807
0.121193 -0.037747 0.144267
0.110087 -0.051704 0.128507
0.136968 -0.025031 0.128664
0.160876 0.000095 0.141406
0.158999 0.001571 0.143932
0.153534 0.004614 0.147415
0.154117 0.000004 0.139989
0.158392 -0.003686 0.137484
