4.000000000000000000e+00
6.000000000000000000e+00
7.000000000000000000e+00
1.600000000000000000e+01
2.900000000000000000e+01
3.300000000000000000e+01
4.100000000000000000e+01
4.500000000000000000e+01
5.100000000000000000e+01
5.300000000000000000e+01
5.400000000000000000e+01
5.700000000000000000e+01
7.200000000000000000e+01
7.600000000000000000e+01
7.700000000000000000e+01
7.800000000000000000e+01
8.800000000000000000e+01
9.100000000000000000e+01
9.300000000000000000e+01
1.010000000000000000e+02
1.020000000000000000e+02
1.030000000000000000e+02
1.180000000000000000e+02
1.280000000000000000e+02
1.290000000000000000e+02
1.390000000000000000e+02
1.410000000000000000e+02
1.470000000000000000e+02
1.490000000000000000e+02
1.500000000000000000e+02
1.550000000000000000e+02
1.600000000000000000e+02
1.690000000000000000e+02
1.760000000000000000e+02
1.830000000000000000e+02
1.870000000000000000e+02
2.130000000000000000e+02
2.140000000000000000e+02
2.160000000000000000e+02
2.210000000000000000e+02
2.230000000000000000e+02
2.270000000000000000e+02
2.300000000000000000e+02
2.310000000000000000e+02
2.400000000000000000e+02
2.450000000000000000e+02
2.580000000000000000e+02
2.820000000000000000e+02
2.860000000000000000e+02
2.890000000000000000e+02
2.900000000000000000e+02
2.920000000000000000e+02
2.930000000000000000e+02
2.940000000000000000e+02
2.950000000000000000e+02
2.980000000000000000e+02
2.990000000000000000e+02
3.160000000000000000e+02
3.210000000000000000e+02
3.250000000000000000e+02
3.260000000000000000e+02
3.280000000000000000e+02
3.310000000000000000e+02
3.410000000000000000e+02
3.430000000000000000e+02
3.440000000000000000e+02
3.510000000000000000e+02
3.560000000000000000e+02
3.620000000000000000e+02
3.660000000000000000e+02
3.700000000000000000e+02
3.720000000000000000e+02
3.780000000000000000e+02
3.900000000000000000e+02
3.920000000000000000e+02
3.940000000000000000e+02
4.030000000000000000e+02
4.090000000000000000e+02
4.190000000000000000e+02
4.230000000000000000e+02
4.310000000000000000e+02
4.330000000000000000e+02
4.460000000000000000e+02
4.490000000000000000e+02
4.500000000000000000e+02
4.570000000000000000e+02
4.580000000000000000e+02
4.610000000000000000e+02
4.870000000000000000e+02
4.880000000000000000e+02
5.010000000000000000e+02
5.110000000000000000e+02
5.130000000000000000e+02
5.160000000000000000e+02
5.170000000000000000e+02
5.390000000000000000e+02
5.430000000000000000e+02
5.520000000000000000e+02
5.650000000000000000e+02
5.670000000000000000e+02
5.680000000000000000e+02
6.060000000000000000e+02
6.080000000000000000e+02
6.190000000000000000e+02
6.260000000000000000e+02
6.270000000000000000e+02
6.290000000000000000e+02
6.330000000000000000e+02
6.420000000000000000e+02
6.560000000000000000e+02
6.750000000000000000e+02
6.860000000000000000e+02
6.920000000000000000e+02
6.950000000000000000e+02
6.960000000000000000e+02
6.970000000000000000e+02
7.080000000000000000e+02
7.120000000000000000e+02
7.180000000000000000e+02
7.200000000000000000e+02
7.230000000000000000e+02
7.240000000000000000e+02
7.250000000000000000e+02
7.270000000000000000e+02
7.330000000000000000e+02
7.390000000000000000e+02
7.400000000000000000e+02
7.470000000000000000e+02
7.520000000000000000e+02
7.530000000000000000e+02
7.540000000000000000e+02
7.590000000000000000e+02
7.600000000000000000e+02
7.780000000000000000e+02
7.860000000000000000e+02
7.900000000000000000e+02
7.930000000000000000e+02
8.030000000000000000e+02
8.250000000000000000e+02
8.290000000000000000e+02
8.300000000000000000e+02
8.340000000000000000e+02
8.350000000000000000e+02
8.390000000000000000e+02
8.410000000000000000e+02
8.500000000000000000e+02
8.510000000000000000e+02
8.610000000000000000e+02
8.670000000000000000e+02
8.720000000000000000e+02
8.730000000000000000e+02
8.780000000000000000e+02
8.870000000000000000e+02
8.890000000000000000e+02
9.060000000000000000e+02
9.160000000000000000e+02
9.170000000000000000e+02
9.220000000000000000e+02
9.230000000000000000e+02
9.250000000000000000e+02
9.290000000000000000e+02
9.300000000000000000e+02
9.320000000000000000e+02
9.380000000000000000e+02
9.410000000000000000e+02
9.450000000000000000e+02
9.470000000000000000e+02
9.500000000000000000e+02
9.520000000000000000e+02
9.540000000000000000e+02
9.730000000000000000e+02
9.760000000000000000e+02
9.780000000000000000e+02
9.790000000000000000e+02
9.850000000000000000e+02
9.910000000000000000e+02
9.960000000000000000e+02
9.970000000000000000e+02
9.990000000000000000e+02
1.001000000000000000e+03
1.007000000000000000e+03
1.010000000000000000e+03
1.021000000000000000e+03
1.024000000000000000e+03
1.031000000000000000e+03
1.037000000000000000e+03
1.041000000000000000e+03
1.043000000000000000e+03
1.044000000000000000e+03
1.054000000000000000e+03
1.055000000000000000e+03
1.057000000000000000e+03
1.072000000000000000e+03
1.073000000000000000e+03
1.078000000000000000e+03
1.080000000000000000e+03
1.082000000000000000e+03
1.086000000000000000e+03
1.090000000000000000e+03
1.095000000000000000e+03
1.097000000000000000e+03
1.101000000000000000e+03
1.102000000000000000e+03
1.109000000000000000e+03
1.118000000000000000e+03
1.121000000000000000e+03
1.126000000000000000e+03
1.130000000000000000e+03
1.135000000000000000e+03
1.137000000000000000e+03
1.138000000000000000e+03
1.148000000000000000e+03
1.157000000000000000e+03
1.164000000000000000e+03
1.171000000000000000e+03
1.201000000000000000e+03
1.205000000000000000e+03
1.206000000000000000e+03
1.209000000000000000e+03
1.213000000000000000e+03
1.240000000000000000e+03
1.243000000000000000e+03
1.255000000000000000e+03
1.257000000000000000e+03
1.262000000000000000e+03
1.265000000000000000e+03
1.271000000000000000e+03
1.281000000000000000e+03
1.282000000000000000e+03
1.285000000000000000e+03
1.294000000000000000e+03
1.296000000000000000e+03
1.299000000000000000e+03
1.304000000000000000e+03
1.308000000000000000e+03
1.311000000000000000e+03
1.326000000000000000e+03
1.330000000000000000e+03
1.334000000000000000e+03
1.368000000000000000e+03
1.371000000000000000e+03
1.373000000000000000e+03
1.377000000000000000e+03
1.382000000000000000e+03
1.384000000000000000e+03
1.385000000000000000e+03
1.387000000000000000e+03
1.393000000000000000e+03
1.397000000000000000e+03
1.398000000000000000e+03
1.402000000000000000e+03
1.409000000000000000e+03
1.419000000000000000e+03
1.425000000000000000e+03
1.430000000000000000e+03
