0.139663
0.199939
0.116901
0.138175
0.213842
0.149866
0.064600
0.041386
0.085601
0.132184
0.109893
0.088680
0.152323
0.101577
0.031822
0.451852
0.167071
0.053090
0.197319
0.199586
0.201337
0.147531
0.194091
0.144099
0.075306
0.158531
0.173441
0.244730
0.069084
0.116362
0.092800
0.175019
0.350688
0.213092
0.174384
0.063816
0.080208
0.086778
0.039753
0.148503
0.109634
0.154973
0.112804
0.068621
0.066312
0.044814
0.098744
0.127740
0.199386
0.074627
0.136726
0.213492
0.071096
0.164569
0.148115
0.150836
0.156730
0.168279
0.053062
0.046538
0.095996
0.107522
0.160386
0.096562
0.233199
0.071437
0.201612
0.018963
0.136219
0.303133
0.148012
0.182115
0.084185
0.086881
0.113145
0.090730
0.193478
0.062509
0.087555
0.108027
0.229050
0.123859
0.096108
0.198870
0.169976
0.194424
0.097837
0.114988
0.089351
0.208517
0.243959
0.129261
0.153231
0.173065
0.178683
0.091681
0.170012
0.095143
0.282804
0.256848
0.101184
0.080672
0.325234
0.181700
0.182721
0.084568
0.055289
0.302476
0.059623
0.191538
0.058020
0.181570
0.109740
0.104586
0.081589
0.052950
0.078616
0.101309
0.119024
0.085250
0.131296
0.283361
0.050474
0.069406
0.173326
0.112840
0.113482
0.070438
0.051889
0.083456
0.184426
0.182628
0.116629
0.133177
0.095397
0.194147
0.184853
0.109881
0.077040
0.074106
0.207386
0.096252
0.096423
0.113176
0.065542
0.158833
0.096921
0.179946
0.273966
0.125538
0.104918
0.083468
0.112425
0.093361
0.085626
0.126758
0.061206
0.026362
0.253030
0.214502
0.099813
0.067084
0.118751
0.061937
0.109518
0.179666
0.044310
0.195511
0.052048
0.041732
0.144910
0.107004
0.120376
0.160998
0.143777
0.318110
0.120777
0.130932
0.098425
0.183228
0.093865
0.198152
0.103442
0.184214
0.160009
0.024667
0.165374
0.084355
0.068653
0.082251
0.204184
0.120812
0.215045
0.030367
0.018079
0.136986
0.238792
0.096586
0.064661
0.069648
0.108035
0.074228
0.064915
0.111601
0.185153
0.121260
0.084653
0.077362
0.087751
0.108996
0.147578
0.182367
0.104570
0.177044
0.108277
0.105397
0.044425
0.148071
0.192511
0.099460
0.074747
0.050509
0.151162
0.104590
0.211061
0.067433
0.107806
0.083407
0.177584
0.063929
0.055440
0.239973
0.137439
0.026069
0.117874
0.097418
0.130767
0.220731
0.121130
0.199141
0.136784
0.142154
0.065845
0.151263
0.204547
0.101207
0.064067
0.076471
0.214224
0.071512
0.230645
0.155130
0.116265
0.087942
0.120763
