53.729010
54.011779
54.294548
54.577316
54.860085
55.142854
55.425623
55.708391
55.991160
56.273929
56.556698
56.839466
57.122235
57.405004
57.687772
57.970541
58.253310
58.536079
58.818847
59.101616
59.384385
59.667154
59.949922
60.232691
60.515460
60.798229
61.080997
61.363766
61.646535
61.929304
62.212072
62.494841
62.777610
63.060379
63.343147
63.625916
63.908685
64.191454
64.474222
64.756991
65.039760
65.322529
65.605297
65.888066
66.170835
66.453604
66.736372
67.019141
67.301910
67.584679
67.867447
68.150216
68.432985
68.715753
68.998522
69.281291
69.564060
69.846828
70.129597
70.412366
70.695135
70.977903
71.260672
71.543441
71.826210
72.108978
72.391747
72.674516
72.957285
73.240053
73.522822
73.805591
74.088360
74.371128
74.653897
74.936666
75.219435
75.502203
75.784972
76.067741
76.350510
76.633278
76.916047
77.198816
77.481585
77.764353
78.047122
78.329891
78.612659
78.895428
79.178197
79.460966
79.743734
80.026503
80.309272
80.592041
80.874809
81.157578
81.440347
81.723116
82.005884
82.288653
82.571422
82.854191
83.136959
83.419728
83.702497
83.985266
84.268034
84.550803
84.833572
85.116341
85.399109
85.681878
85.964647
86.247416
86.530184
86.812953
87.095722
87.378491
87.661259
87.944028
88.226797
88.509566
88.792334
89.075103
89.357872
89.640640
89.923409
90.206178
90.488947
90.771715
91.054484
91.337253
91.620022
91.902790
92.185559
92.468328
92.751097
93.033865
93.316634
93.599403
93.882172
94.164940
94.447709
94.730478
95.013247
95.296015
95.578784
95.861553
96.144322
96.427090
96.709859
96.992628
97.275397
97.558165
97.840934
98.123703
98.406472
98.689240
98.972009
99.254778
99.537546
99.820315
100.103084
100.385853
100.668621
100.951390
101.234159
101.516928
101.799696
102.082465
102.365234
102.648003
102.930771
103.213540
103.496309
103.779078
104.061846
104.344615
104.627384
104.910153
105.192921
105.475690
105.758459
106.041228
106.323996
106.606765
106.889534
107.172303
107.455071
107.737840
108.020609
108.303378
108.586146
108.868915
109.151684
109.434453
109.717221
109.999990
