0.022066 0.260337
0.024667 0.263181
0.027287 0.266107
0.029921 0.269030
0.032571 0.271979
0.035239 0.274952
0.037924 0.277921
0.040636 0.280976
0.043368 0.284025
0.046119 0.287069
0.048905 0.290199
0.051714 0.293323
0.054553 0.296472
0.057423 0.299646
0.060327 0.302844
0.063267 0.306067
0.066238 0.309281
0.069263 0.312587
0.072325 0.315884
0.075433 0.319205
0.078589 0.322551
0.081788 0.325886
0.085059 0.329316
0.088379 0.332735
0.091761 0.336178
0.095207 0.339646
0.098722 0.343138
0.102310 0.346655
0.105975 0.350195
0.109720 0.353760
0.113551 0.357349
0.117459 0.360923
0.121488 0.364599
0.125605 0.368260
0.129827 0.371944
0.134160 0.375652
0.138596 0.379344
0.143200 0.383180
0.147871 0.386876
0.152709 0.390677
0.157689 0.394501
0.162818 0.398347
0.168102 0.402217
0.173587 0.406193
0.179204 0.410108
0.184953 0.413960
0.190924 0.417920
0.197081 0.421903
0.203474 0.425997
0.210018 0.430030
0.216712 0.434001
0.223653 0.438087
0.230793 0.442203
0.238185 0.446439
0.245666 0.450533
0.253447 0.454844
0.261356 0.459109
0.269381 0.463332
0.277626 0.467699
0.286024 0.472128
0.294621 0.476717
0.303283 0.481292
0.311993 0.485859
0.320864 0.490614
0.329821 0.495475
0.338920 0.500548
0.348019 0.505650
0.357106 0.510785
0.366381 0.516261
0.375630 0.521784
0.384842 0.527353
0.394154 0.533174
0.403486 0.539144
0.412903 0.545366
0.422239 0.551613
0.431470 0.557866
0.440757 0.564355
0.449968 0.570911
0.459093 0.577530
0.468199 0.584310
0.476990 0.590867
0.485718 0.597538
0.494270 0.604183
0.502630 0.610781
0.510783 0.617314
0.518817 0.623893
0.526422 0.630122
0.533893 0.636371
0.541126 0.642505
0.548120 0.648516
0.554982 0.654528
0.561396 0.660151
0.567685 0.665771
0.573748 0.671258
0.579700 0.676741
0.585221 0.681840
0.590757 0.687066
0.595873 0.691916
0.600909 0.696774
0.605764 0.701516
0.610559 0.706272
0.614959 0.710675
0.619316 0.715101
0.623522 0.719431
0.627586 0.723671
0.631632 0.727944
0.635315 0.731894
0.638994 0.735888
0.642560 0.739807
0.646141 0.743776
0.649379 0.747442
0.652766 0.751280
0.655821 0.754826
0.658916 0.758432
0.661937 0.761985
0.665013 0.765601
0.667774 0.768939
0.670602 0.772344
0.673376 0.775705
0.676103 0.779023
0.678915 0.782412
0.681429 0.785534
0.684039 0.788730
0.686619 0.791888
0.689173 0.795008
0.691705 0.798091
0.694354 0.801251
0.696721 0.804150
0.699211 0.807126
0.701694 0.810068
0.704309 0.813088
0.706787 0.815960
0.709129 0.818686
0.711613 0.821491
0.714103 0.824261
0.716741 0.827110
0.719112 0.829699
0.721636 0.832367
0.724176 0.835001
0.726731 0.837601
0.729306 0.840166
0.732043 0.842812
0.734517 0.845193
0.737156 0.847654
0.739819 0.850082
0.742507 0.852473
0.745366 0.854948
0.747961 0.857153
0.750729 0.859440
0.753525 0.861692
0.756498 0.864028
0.759352 0.866210
0.762087 0.868238
0.765000 0.870350
0.767944 0.872427
0.770918 0.874469
0.774075 0.876598
0.776958 0.878448
0.780024 0.880386
0.783121 0.882289
0.786248 0.884158
0.789562 0.886117
0.792595 0.887794
0.795814 0.889561
0.799063 0.891295
0.802341 0.892995
0.805807 0.894789
0.808986 0.896296
0.812352 0.897898
0.815746 0.899467
0.819168 0.901004
0.822780 0.902639
0.826258 0.904113
0.829599 0.905426
0.833129 0.906838
0.836685 0.908219
0.840432 0.909701
0.843872 0.910890
0.847502 0.912181
0.851155 0.913442
0.854832 0.914673
0.858701 0.916008
0.862251 0.917048
0.865993 0.918193
0.869755 0.919309
0.873538 0.920397
0.877339 0.921456
0.881335 0.922623
0.884996 0.923492
0.888851 0.924468
0.892721 0.925417
0.896787 0.926475
0.900508 0.927233
0.904423 0.928101
0.908350 0.928942
0.912290 0.929756
0.916426 0.930680
0.920202 0.931305
0.924173 0.932040
0.928152 0.932748
