0.116473 0.097329
0.119692 0.098607
0.122936 0.099924
0.126168 0.101261
0.129402 0.102625
0.132638 0.104016
0.135864 0.105428
0.139123 0.106879
0.142375 0.108350
0.145618 0.109841
0.148901 0.111373
0.152178 0.112924
0.155468 0.114502
0.158771 0.116108
0.162090 0.117741
0.165425 0.119401
0.168763 0.121081
0.172155 0.122805
0.175554 0.124550
0.178978 0.126323
0.182429 0.128126
0.185892 0.129950
0.189424 0.131822
0.192972 0.133717
0.196558 0.135644
0.200184 0.137603
0.203853 0.139597
0.207569 0.141625
0.211333 0.143690
0.215150 0.145792
0.219023 0.147932
0.222933 0.150103
0.226948 0.152336
0.231008 0.154602
0.235137 0.156914
0.239340 0.159272
0.243597 0.161667
0.248002 0.164149
0.252401 0.166636
0.256934 0.169202
0.261558 0.171825
0.266278 0.174507
0.271098 0.177250
0.276069 0.180084
0.281096 0.182954
0.286181 0.185860
0.291427 0.188862
0.296784 0.191929
0.302306 0.195094
0.307890 0.198293
0.313533 0.201523
0.319341 0.204846
0.325256 0.208224
0.331332 0.211690
0.337398 0.215131
0.343668 0.218681
0.349968 0.222226
0.356290 0.225755
0.362736 0.229330
0.369241 0.232903
0.375850 0.236499
0.382441 0.240034
0.389001 0.243498
0.395638 0.246950
0.402285 0.250346
0.408993 0.253712
0.415644 0.256971
0.422233 0.260123
0.428934 0.263263
0.435573 0.266293
0.442152 0.269217
0.448792 0.272103
0.455439 0.274925
0.462161 0.277722
0.468838 0.280444
0.475470 0.283104
0.482204 0.285777
0.488955 0.288437
0.495733 0.291100
0.502611 0.293808
0.509363 0.296492
0.516209 0.299247
0.523069 0.302057
0.529938 0.304936
0.536806 0.307895
0.543760 0.310975
0.550507 0.314095
0.557320 0.317355
0.564094 0.320734
0.570819 0.324240
0.577597 0.327915
0.584083 0.331657
0.590601 0.335581
0.597032 0.339654
0.603491 0.343926
0.609599 0.348262
0.615850 0.352853
0.621727 0.357501
0.627612 0.362358
0.633371 0.367374
0.639140 0.372608
0.644503 0.377871
0.649870 0.383347
0.655103 0.388969
0.660202 0.394731
0.665314 0.400710
0.670001 0.406655
0.674703 0.412802
0.679275 0.419062
0.683873 0.425522
0.688046 0.431884
0.692402 0.438533
0.696338 0.445049
0.700315 0.451735
0.704184 0.458477
0.708103 0.465385
0.711617 0.472087
0.715192 0.478935
0.718678 0.485798
0.722082 0.492667
0.725561 0.499672
0.728658 0.506386
0.731843 0.513218
0.734964 0.520022
0.738028 0.526789
0.741039 0.533513
0.744157 0.540344
0.746922 0.546805
0.749804 0.553362
0.752652 0.559854
0.755626 0.566443
0.758420 0.572792
0.761036 0.578890
0.763791 0.585079
0.766532 0.591183
0.769421 0.597382
0.771989 0.603135
0.774710 0.608977
0.777430 0.614731
0.780153 0.620392
0.782880 0.625962
0.785772 0.631630
0.788358 0.636827
0.791112 0.642121
0.793880 0.647323
0.796663 0.652434
0.799621 0.657649
0.802279 0.662384
0.805114 0.667224
0.807970 0.671977
0.811008 0.676840
0.813907 0.681420
0.816668 0.685715
0.819612 0.690124
0.822581 0.694453
0.825574 0.698699
0.828754 0.703069
0.831633 0.706955
0.834701 0.710967
0.837793 0.714904
0.840910 0.718766
0.844217 0.722761
0.847220 0.726277
0.850411 0.729927
0.853627 0.733510
0.856868 0.737027
0.860298 0.740683
0.863419 0.743867
0.866729 0.747193
0.870062 0.750459
0.873417 0.753667
0.876960 0.757022
0.880357 0.760116
0.883606 0.762950
0.887042 0.765935
0.890497 0.768870
0.894139 0.771959
0.897460 0.774588
0.900966 0.777374
0.904488 0.780113
0.908025 0.782807
0.911747 0.785662
0.915140 0.788064
0.918715 0.790629
0.922303 0.793154
0.925901 0.795638
0.929508 0.798085
0.933297 0.800699
0.936747 0.802865
0.940376 0.805202
0.944011 0.807504
0.947826 0.809979
0.951294 0.812009
0.954940 0.814213
0.958587 0.816387
0.962234 0.818530
0.966058 0.820849
0.969527 0.822728
0.973170 0.824785
0.976809 0.826814
