-0.880786
-0.425914
0.249111
-0.502457
0.990891
0.964784
0.249562
-0.487664
0.927543
0.161164
0.080470
-0.070213
0.198440
-0.440701
-1.005791
0.958339
-0.214156
0.988885
0.735741
-0.181274
0.977837
-0.390793
-0.170899
-0.718759
-0.291173
0.443535
-0.216480
0.902892
0.340301
-0.201794
0.562978
-1.154493
-0.427332
-0.730904
0.931136
-0.067683
-0.018796
-0.613442
-0.119668
0.899486
-0.130675
-0.185338
0.649731
-0.851741
-0.608529
-0.307369
0.018225
0.398046
0.926111
-0.664420
0.812680
-0.325129
0.629095
-0.081365
-0.213697
-0.531934
-0.154495
0.055388
-0.217152
-0.455437
0.211323
0.715676
-1.009176
0.077996
0.865622
-0.300784
-0.031674
-0.256924
-0.059637
0.975353
-0.444307
0.990162
0.026788
0.213119
-0.099747
0.219212
-0.227951
-0.055948
0.225644
0.494316
0.165387
-0.282895
-0.467491
0.041410
-1.338163
0.583254
-0.437969
0.325843
0.100175
0.727772
-0.401243
0.380420
0.049757
0.025174
0.921512
-0.250860
-0.303952
-0.410655
0.549031
-0.344354
-0.036618
0.245355
0.987111
0.988018
-0.037661
-0.284037
-0.346066
0.174148
-0.014073
-0.276485
-0.339127
0.245669
-0.415203
0.059290
-0.432210
-0.410000
0.645928
0.746341
0.262745
0.810281
-0.979883
0.755354
-0.191841
-1.041319
0.977287
-0.470398
0.552433
-0.148890
-0.311730
0.050237
0.950516
0.427362
-0.250478
0.097395
0.918476
0.973739
0.743296
0.120759
-0.067561
-0.871190
-0.394769
-0.168809
-0.012885
-0.263468
0.217039
-0.210891
-0.958669
0.074579
-0.415803
-0.654143
-0.373478
-0.238640
-0.820159
-0.441996
-0.311661
-0.496518
0.876883
-0.423563
0.841697
-0.002732
-0.502070
-0.852839
-0.134252
-0.168538
0.746096
-0.354082
-1.060732
0.720662
-0.463179
-0.045120
-0.083602
-0.219924
-0.085271
-0.006213
-1.235431
-0.447577
-0.127231
0.701961
0.432943
0.784139
-0.331690
1.000000
0.570547
-0.923243
0.405171
-0.090690
0.641675
-0.167732
-0.401522
-0.242951
0.181181
-0.121143
-0.472046
-0.419064
-0.077815
-0.079056
0.631350
-1.031065
-0.237047
0.121942
-0.121089
-0.706565
-0.718399
0.539435
0.332249
0.968015
-0.134615
-0.866977
-0.144612
0.073058
-0.333849
-0.208435
-0.943676
-0.249200
-0.766641
-0.313993
-0.427402
-0.441519
-0.596853
0.167423
0.453951
-0.062012
-0.308236
-0.247761
0.850327
-0.275108
-0.315812
-0.197042
-0.432547
-0.154797
-0.367902
0.318328
-0.323590
0.236364
0.760885
-0.209392
-0.665775
-1.130803
0.175045
0.996688
-0.342585
0.663192
-0.765335
0.822035
0.346787
0.222586
-0.387593
0.863471
0.807861
0.964024
0.000019
0.412101
0.264182
-0.458631
-0.150106
