0.467410 0.390141
0.473717 0.393535
0.479888 0.396861
0.486101 0.400264
0.504424 0.410539
0.501695 0.553650
0.511267 0.560800
0.520654 0.568007
0.529745 0.575138
0.536901 0.580896
0.555169 0.595938
0.613006 0.393990
0.626439 0.405308
0.661852 0.442583
0.275103 0.324996
0.282405 0.329119
0.289920 0.333316
0.304044 0.341132
0.322168 0.350956
0.599079 0.134034
0.628486 0.149080
0.657427 0.168785
0.733325 0.254972
0.492871 0.406235
0.530394 0.428224
0.564835 0.450870
0.595718 0.474308
0.622589 0.498306
0.669807 0.553312
0.527995 0.581581
0.545010 0.595410
0.560819 0.608783
0.503327 0.331372
0.511325 0.335029
0.320670 0.174721
0.351635 0.192413
0.373395 0.204697
0.427931 0.233012
0.505822 0.461005
0.523086 0.472336
0.539463 0.483582
0.569551 0.505889
0.727952 0.603641
0.734144 0.616475
0.738035 0.624720
0.667833 0.333171
0.676211 0.343169
0.154358 0.183352
0.161699 0.188178
0.169246 0.193138
0.185083 0.203492
0.203954 0.215643
0.220765 0.226227
0.494660 0.575990
0.504370 0.583478
0.513616 0.590661
0.544834 0.616131
0.577856 0.511081
0.582193 0.514633
0.808453 0.274910
0.826205 0.314232
0.843704 0.354823
0.860700 0.394977
0.710233 0.494504
0.715146 0.503964
0.719889 0.513425
0.278433 0.083917
0.299404 0.094109
0.321968 0.105737
0.371800 0.133441
0.768054 0.513607
0.789728 0.564175
0.340643 0.269707
0.348882 0.274189
0.357334 0.278754
0.381324 0.291439
0.370923 0.453793
0.415421 0.479514
0.459824 0.507545
0.501813 0.536621
0.539577 0.565308
0.611798 0.398756
0.618916 0.404616
0.205683 0.483226
0.216704 0.489630
0.228109 0.495966
0.252071 0.508763
0.277142 0.521731
0.302918 0.535273
0.432580 0.534480
0.440580 0.539824
0.448694 0.545439
0.464541 0.556588
0.606691 0.623703
0.613314 0.630313
0.619738 0.636911
0.631715 0.649738
0.465569 0.580346
0.489800 0.598697
0.512648 0.616787
0.556876 0.654072
0.504565 0.229976
0.512824 0.232419
0.521281 0.234979
0.538740 0.240602
0.623113 0.117331
0.649922 0.133702
0.675935 0.153924
0.727578 0.211210
0.525020 0.282568
0.541674 0.289195
0.558208 0.296423
0.590972 0.313429
0.420757 0.388843
0.433790 0.395847
0.446803 0.402926
0.459740 0.410071
0.472559 0.417286
0.497573 0.431841
0.480357 0.493148
0.532795 0.530041
0.459299 0.597266
0.466374 0.602670
0.470241 0.605566
0.474171 0.608587
0.479042 0.612361
0.489675 0.620761
0.201209 0.169855
0.205638 0.172481
0.210151 0.175159
0.214754 0.177889
0.219453 0.180675
0.229139 0.186407
0.239302 0.192407
0.385631 0.420806
0.395164 0.426063
0.401554 0.429618
0.419205 0.439598
0.433740 0.448056
0.502256 0.551919
0.538164 0.579693
0.569352 0.605877
0.618897 0.652970
0.364714 0.414468
0.379991 0.422818
0.395431 0.431347
0.410935 0.440038
0.408990 0.323963
0.425840 0.332365
0.437130 0.337936
0.465729 0.130409
0.468920 0.131661
0.472073 0.132771
0.478165 0.134668
0.433371 0.569726
0.461965 0.590418
0.661747 0.575054
0.678012 0.597862
0.692199 0.620224
0.716415 0.663047
0.427963 0.439036
0.471096 0.464778
0.498628 0.482429
0.409412 0.499227
0.453799 0.527913
0.464735 0.535460
0.501018 0.561604
0.281916 0.145798
0.295092 0.153080
0.331085 0.173423
0.391398 0.207462
0.405227 0.138724
0.409164 0.140985
0.413056 0.143206
0.416949 0.145391
0.347371 0.304520
0.356252 0.309283
0.362224 0.312446
0.291783 0.225852
0.299404 0.230244
0.477517 0.414321
0.492941 0.423155
0.508065 0.432127
0.230765 0.245848
0.249720 0.257415
0.258341 0.262541
0.276782 0.273342
0.545353 0.423014
0.577167 0.444443
0.605479 0.466669
0.652423 0.514074
0.302634 0.524148
0.310656 0.528515
0.318583 0.532765
0.237435 0.367640
0.276549 0.389819
0.301657 0.403407
0.364579 0.437245
0.439880 0.480891
0.556607 0.231829
0.564593 0.234912
0.574366 0.238952
0.581017 0.241874
0.597211 0.249962
0.420034 0.228230
0.435933 0.235631
0.455494 0.243865
0.358303 0.240195
0.369194 0.246136
0.380237 0.252048
0.402676 0.263642
0.121757 0.239688
0.126456 0.243488
0.131252 0.247342
0.143205 0.256790
0.151607 0.263314
0.162634 0.271655
0.176562 0.321072
0.181479 0.324588
0.186535 0.328141
0.197130 0.335430
0.208325 0.342813
0.220210 0.350367
0.354326 0.489776
0.368449 0.497907
0.382549 0.506159
0.411097 0.523819
0.536134 0.655898
0.549148 0.667132
0.561439 0.678008
0.585360 0.699778
0.396892 0.332532
0.408673 0.338544
0.420550 0.344565
0.492844 0.256917
0.499780 0.259290
0.506796 0.261694
0.400274 0.411211
0.420605 0.422455
0.440877 0.433924
0.480781 0.457733
0.441052 0.279234
0.466055 0.290037
0.491194 0.300402
0.541685 0.322061
0.464213 0.403440
0.469878 0.406575
0.475503 0.409711
0.481091 0.412856
0.486638 0.416009
0.653103 0.537081
0.661283 0.547417
0.670460 0.559857
0.683054 0.578517
0.597330 0.251705
0.623585 0.267818
0.648457 0.287506
0.692508 0.337401
0.464182 0.217418
0.471018 0.219778
0.486374 0.224658
0.320542 0.276652
0.332526 0.283284
0.344860 0.289999
0.357507 0.296767
0.367914 0.302278
0.397425 0.317540
0.599238 0.602916
0.606771 0.610193
0.451243 0.447482
0.466584 0.456720
0.481625 0.466046
0.510498 0.484843
0.591964 0.497941
0.619230 0.522535
0.642800 0.547377
0.680060 0.596657
0.463948 0.100178
0.467662 0.102043
0.471128 0.103697
0.477637 0.106332
0.596562 0.561370
0.622174 0.586246
0.644111 0.610434
0.678571 0.656010
0.416190 0.151447
0.425336 0.156454
0.434066 0.161045
0.450403 0.168827
0.379433 0.262333
0.394836 0.270319
0.410336 0.278069
0.425985 0.285609
0.718000 0.595142
0.722638 0.604262
0.726873 0.612996
0.735347 0.630339
0.509701 0.570940
0.527343 0.584754
0.543877 0.598213
0.573546 0.623770
0.297319 0.245816
0.306064 0.250818
0.315036 0.255895
0.333790 0.266364
0.353545 0.277156
0.374140 0.288117
0.572954 0.475904
0.586245 0.486263
0.190571 0.047336
0.206575 0.052609
0.222817 0.058498
0.239534 0.065051
0.487161 0.592466
0.511484 0.611619
0.533883 0.630006
0.628970 0.512836
0.639416 0.523930
0.649307 0.535208
0.666838 0.557605
0.175763 0.316910
0.182053 0.321450
0.188535 0.325988
0.202193 0.335188
0.217007 0.344797
0.324069 0.490640
0.336035 0.497177
0.344083 0.501653
0.466735 0.475969
0.486704 0.488861
0.505907 0.501821
0.518209 0.510447
0.532966 0.521169
0.366012 0.401244
0.370278 0.403576
0.374423 0.405770
0.378737 0.408140
0.382999 0.410450
0.671063 0.896402
0.679715 0.902929
0.688351 0.909202
0.707650 0.922157
0.531682 0.535343
0.540461 0.542054
0.548949 0.548702
0.557143 0.555279
0.532009 0.389123
0.550281 0.399729
0.565819 0.599428
0.578184 0.610300
0.589929 0.621060
0.610767 0.641197
0.182653 0.162685
0.196021 0.170658
0.213098 0.180869
0.241436 0.197726
0.277966 0.219137
0.321544 0.313684
0.330407 0.318495
0.339493 0.323386
0.348792 0.328354
0.358292 0.333391
0.383802 0.346774
0.436582 0.322500
0.456978 0.332236
0.477261 0.341835
0.354217 0.242245
0.366749 0.249101
0.379445 0.255896
0.405200 0.269126
0.240048 0.335948
0.251482 0.342710
0.263521 0.349655
0.289544 0.364222
0.318048 0.379639
0.432606 0.468654
0.473942 0.494648
0.512710 0.521285
0.431475 0.325229
0.442419 0.330529
0.453369 0.335794
0.464304 0.341033
0.691620 0.611488
0.701670 0.628769
0.706839 0.637984
0.600523 0.442866
0.607659 0.448732
0.614574 0.454692
0.817573 0.931139
0.828742 0.934896
0.839812 0.938140
0.862943 0.944074
0.578149 0.457872
0.586410 0.464163
0.594396 0.470514
0.609660 0.483479
0.407685 0.476262
0.424023 0.486190
0.498364 0.590988
0.516879 0.605613
0.534251 0.619834
0.565382 0.646629
0.185620 0.336945
0.211123 0.354007
0.240304 0.371820
0.273788 0.390803
0.327924 0.419910
0.424828 0.474291
0.593748 0.219451
0.623479 0.236331
0.651985 0.257927
0.705924 0.321373
0.428847 0.143234
0.436733 0.147465
0.445747 0.152001
0.458306 0.157611
0.445611 0.336958
0.456395 0.342205
0.467003 0.347330
0.366474 0.664481
0.376741 0.672253
0.728150 0.620291
0.733833 0.631711
0.739115 0.642592
0.749763 0.663794
0.490754 0.366227
0.504511 0.373246
0.518121 0.380409
0.434126 0.357934
0.445531 0.363747
0.456913 0.369571
0.468321 0.375474
0.479578 0.381347
0.501589 0.393097
0.558928 0.608856
0.575225 0.623178
0.137787 0.063481
0.145533 0.065831
0.153270 0.068325
0.168755 0.073743
0.184406 0.079747
0.251099 0.275404
0.256364 0.278519
0.264584 0.283364
0.280478 0.292562
0.576383 0.372386
0.600804 0.388842
0.623535 0.407035
0.566348 0.428131
0.574275 0.433588
0.581881 0.439041
0.430904 0.382910
0.464123 0.400767
0.377218 0.098136
0.395034 0.108317
0.443976 0.136176
0.566238 0.732064
0.586403 0.750280
0.603967 0.766515
0.181892 0.416037
0.195751 0.425109
0.210664 0.434390
0.229947 0.445705
0.243696 0.453467
0.280573 0.473170
0.658757 0.745415
0.670567 0.759793
0.681578 0.773555
0.288640 0.410236
0.295084 0.413693
0.299506 0.416107
0.310627 0.422037
0.455967 0.437357
0.489770 0.457780
0.521660 0.478527
0.582038 0.523633
0.328690 0.489312
0.341965 0.496673
0.355321 0.504207
0.294031 0.554500
0.299337 0.557264
0.304693 0.560162
0.428140 0.386216
0.469917 0.408925
0.509999 0.432145
0.580215 0.479880
0.476262 0.442352
0.486038 0.448268
0.495652 0.454209
0.516143 0.467330
0.554486 0.509859
0.575683 0.526571
0.595139 0.543229
0.591413 0.596533
0.600062 0.604649
0.608254 0.612600
0.511294 0.550154
0.521940 0.558264
0.630701 0.442510
0.640472 0.452383
0.649856 0.462621
0.668892 0.486110
0.460537 0.446348
0.501217 0.471646
0.538475 0.497096
0.600227 0.546863
0.642077 0.603507
0.653260 0.616974
0.663363 0.630079
0.681436 0.655775
0.680841 0.545287
0.686703 0.554538
0.690543 0.560782
0.700516 0.577902
0.245162 0.138753
0.255153 0.144153
0.272705 0.153792
0.291654 0.164372
0.448838 0.416453
0.488382 0.439391
0.525449 0.462706
0.588893 0.509587
0.342649 0.378701
0.384138 0.400871
0.436215 0.429657
0.612619 0.308157
0.635095 0.325254
0.655723 0.344800
0.698533 0.400951
0.685219 0.587666
0.691646 0.598192
0.698000 0.608873
0.709454 0.629523
0.427895 0.286240
0.439806 0.291764
0.451676 0.297107
0.495286 0.703080
0.501269 0.708147
0.506924 0.712848
0.518154 0.722414
0.322710 0.460990
0.333450 0.466828
0.344208 0.472640
0.355237 0.478807
0.366236 0.484966
0.388702 0.498137
0.456360 0.312176
0.467510 0.317206
0.533271 0.408879
0.546417 0.416847
0.559131 0.424955
0.571275 0.433141
0.403576 0.575748
0.415910 0.584260
0.428344 0.593159
0.440729 0.602245
0.540972 0.435457
0.557232 0.446202
0.674124 0.556830
0.679437 0.564693
0.684659 0.572666
0.695012 0.589764
0.535892 0.305438
0.540443 0.307436
0.545080 0.309508
0.365878 0.621363
0.382075 0.633018
0.398567 0.645302
0.432251 0.671405
0.240942 0.392666
0.249085 0.397336
0.257497 0.402075
0.266178 0.406886
0.275125 0.411776
0.293859 0.421908
0.414814 0.335236
0.423918 0.339809
0.431602 0.343672
0.442197 0.348935
0.451417 0.353549
0.476003 0.530990
0.486858 0.538658
0.497458 0.546327
0.398581 0.378573
0.411070 0.385204
0.423634 0.391921
0.436223 0.398717
0.514525 0.589550
0.520742 0.594488
0.526923 0.599504
0.467512 0.637899
0.477383 0.645747
0.487049 0.653539
0.505640 0.668812
0.440549 0.402792
0.452226 0.409224
0.463905 0.415786
0.486706 0.428908
0.539801 0.509832
0.549609 0.517195
0.555775 0.521907
0.570757 0.533835
0.280683 0.380386
0.314449 0.398619
0.536769 0.325551
0.544870 0.329390
0.150391 0.135805
0.163941 0.143313
0.177932 0.151282
0.207977 0.168790
0.242308 0.188940
0.259051 0.383174
0.271880 0.390277
0.285432 0.397728
0.314196 0.413157
0.487165 0.623953
0.496173 0.631146
0.546978 0.125756
0.555068 0.127723
0.381815 0.228870
0.391723 0.234144
0.401702 0.239320
0.411724 0.244361
0.421605 0.249147
0.596941 0.548558
0.605545 0.556497
0.613840 0.564471
0.628879 0.579886
0.672812 0.287425
0.691792 0.310626
0.709169 0.336226
0.477289 0.163684
0.481159 0.164691
0.486091 0.165868
0.491134 0.166996
0.501895 0.169171
0.437997 0.456635
0.443751 0.460082
0.338074 0.610321
0.367946 0.630505
0.398993 0.653532
0.431155 0.678728
0.463276 0.704826
0.537138 0.539227
0.545523 0.545731
0.553736 0.552282
0.462844 0.568650
0.477983 0.579816
0.445261 0.380129
0.459346 0.387555
0.473488 0.395176
0.500867 0.410342
0.450267 0.349276
0.461920 0.355046
0.475845 0.361981
0.498729 0.373599
0.386631 0.028464
0.393164 0.031713
0.403017 0.036778
0.592393 0.447572
0.603214 0.456276
0.613639 0.465237
0.632970 0.483674
0.339970 0.559821
0.344451 0.562492
0.353425 0.567957
0.362422 0.573598
0.735448 0.744694
0.737643 0.748032
0.741501 0.753773
0.748897 0.764230
0.568512 0.415162
0.579129 0.422388
0.589382 0.429783
0.608756 0.445104
0.612697 0.494658
0.628258 0.509668
0.649232 0.532639
0.675452 0.567296
0.540109 0.555149
0.567188 0.577298
0.584523 0.592481
0.751276 0.401820
0.764826 0.432908
0.777669 0.463641
0.417036 0.181790
0.422416 0.184587
0.430328 0.188550
0.443159 0.194501
0.533615 0.166254
0.560890 0.173725
0.596336 0.187552
0.649496 0.220560
0.252827 0.503561
0.279168 0.517284
0.423668 0.324462
0.434906 0.329965
0.286411 0.505226
0.332897 0.530206
0.356649 0.544079
0.380482 0.558830
0.428868 0.591962
0.426785 0.323957
0.439724 0.330270
0.682452 0.418213
0.696725 0.440223
0.709738 0.463015
0.732839 0.509542
0.400959 0.378590
0.414287 0.385636
0.454677 0.407515
0.520144 0.421186
0.529481 0.426844
0.538613 0.432542
0.557922 0.445225
0.509060 0.580342
0.520272 0.589145
0.617102 0.544683
0.628030 0.555786
0.640277 0.569135
0.656633 0.588813
0.479568 0.380811
0.507828 0.395990
0.529953 0.408574
0.225726 0.145022
0.230140 0.147446
0.234611 0.149913
0.240136 0.152970
0.255445 0.161513
0.444629 0.517695
0.453339 0.523507
0.466310 0.532405
0.456277 0.387450
0.476104 0.398135
0.348138 0.367429
0.362104 0.374809
0.376488 0.382450
0.391229 0.390348
0.406027 0.398269
0.436129 0.414799
0.695888 0.468625
0.708263 0.490473
0.719607 0.512514
0.739957 0.555974
0.352995 0.342963
0.358259 0.345779
0.363511 0.348551
0.374094 0.354092
0.468150 0.548434
0.480584 0.557331
0.492890 0.566465
0.495539 0.603312
0.511985 0.616396
0.530557 0.631658
0.438891 0.420204
0.467417 0.436577
0.481413 0.444927
0.495106 0.453331
0.521363 0.470231
0.494525 0.677753
0.501559 0.683596
0.508427 0.689344
0.306924 0.675761
0.313089 0.679995
0.474199 0.533792
0.500837 0.552984
0.525675 0.571939
0.548447 0.590322
0.261190 0.365345
0.278881 0.375190
0.297874 0.385584
0.317902 0.396285
0.339126 0.407656
0.388539 0.434454
0.508349 0.270481
0.538750 0.281885
0.569662 0.295497
0.381109 0.534272
0.395410 0.543307
0.463968 0.521855
0.470766 0.526507
0.478916 0.532218
0.490671 0.540530
0.485081 0.161300
0.491122 0.162627
0.497508 0.163884
0.712632 0.690502
0.717545 0.698891
0.722106 0.706853
0.454858 0.415167
0.466135 0.421523
0.383052 0.502469
0.396583 0.510659
0.410072 0.519023
0.565660 0.699569
0.569756 0.703262
0.573858 0.707015
0.684860 0.689958
0.688881 0.695947
0.692534 0.701621
0.700535 0.714090
0.439923 0.173748
0.443740 0.175523
0.447499 0.177203
0.454917 0.180290
0.527712 0.504504
0.537833 0.511853
0.547602 0.519158
0.553825 0.503217
0.562087 0.509509
0.570073 0.515775
0.211589 0.208940
0.216467 0.211978
0.222412 0.215642
0.231736 0.221358
0.242668 0.228000
0.476193 0.425928
0.484636 0.430834
0.493058 0.435839
0.509614 0.445984
0.472632 0.489786
0.491441 0.502324
0.568160 0.183439
0.585364 0.190108
0.602807 0.198214
0.470554 0.162267
0.476929 0.164158
0.319673 0.472552
0.331237 0.478729
0.345472 0.486600
0.369415 0.500150
0.752059 0.399871
0.762767 0.424310
0.724355 0.430608
0.739146 0.461539
0.755050 0.498062
0.777318 0.550385
0.357245 0.453330
0.369810 0.460357
0.382445 0.467511
0.356020 0.624367
0.366743 0.631966
0.377498 0.639680
0.388488 0.647858
0.549924 0.653016
0.559442 0.661328
0.568683 0.669616
0.585439 0.684962
0.612147 0.349359
0.620482 0.355734
0.626047 0.360207
0.639169 0.371843
0.453297 0.472608
0.467330 0.481441
0.480986 0.490246
0.507503 0.508253
0.559917 0.489004
0.568615 0.495598
0.424691 0.553379
0.447321 0.569234
0.469300 0.585246
0.510742 0.617454
0.539519 0.225019
0.547389 0.227614
0.555376 0.230423
0.571594 0.236763
0.559593 0.551686
0.574691 0.564283
0.524083 0.379461
0.552200 0.395378
0.578587 0.412233
0.625123 0.449363
0.447902 0.500503
0.458628 0.507510
0.471817 0.516341
0.465774 0.039192
0.469408 0.041299
0.472760 0.043320
0.421233 0.350023
0.430903 0.354938
0.435822 0.357459
0.440587 0.359859
0.444077 0.352432
0.461599 0.361217
0.770242 0.644632
0.785482 0.673267
0.795922 0.690833
0.823497 0.729714
0.475856 0.406690
0.486662 0.412759
0.497396 0.418935
0.517995 0.431153
0.877419 0.931216
0.890734 0.934292
0.904234 0.937046
0.925063 0.940653
0.491970 0.507429
0.499125 0.512372
0.506155 0.517312
0.539164 0.205293
0.563734 0.213335
0.589119 0.223935
0.638894 0.254426
0.517120 0.286974
0.533851 0.293633
0.550731 0.300878
0.570861 0.310538
0.587334 0.319543
0.618795 0.340521
0.466519 0.682933
0.485226 0.698304
0.502986 0.713132
0.535068 0.740440
0.504524 0.672822
0.514001 0.680807
0.523043 0.688458
0.566567 0.350920
0.594384 0.368045
0.664770 0.433077
0.616165 0.412073
0.638437 0.432603
0.658553 0.454794
0.804716 0.839616
0.819418 0.849657
0.603931 0.246204
0.615021 0.252800
0.625775 0.260002
0.706858 0.532364
0.717110 0.552172
0.732716 0.584524
0.293257 0.145156
0.304768 0.151540
0.316720 0.158261
0.329215 0.165351
0.342221 0.172776
0.538929 0.248558
0.546029 0.251109
0.553190 0.253815
0.567628 0.259745
0.640228 0.752246
0.645440 0.757913
0.659840 0.774048
