0.322043 0.367326
0.322892 0.369861
0.323878 0.372571
0.324905 0.375298
0.325883 0.377874
0.326931 0.380475
0.328001 0.383071
0.329378 0.386069
0.330767 0.389004
0.332094 0.391757
0.333570 0.394615
0.335074 0.397434
0.336432 0.399953
0.337777 0.402387
0.339106 0.404695
0.340568 0.407109
0.342019 0.409439
0.343861 0.412160
0.345987 0.415112
0.348155 0.417974
0.350146 0.420547
0.352464 0.423380
0.354345 0.425628
0.356293 0.427888
0.358256 0.430054
0.360321 0.432249
0.362510 0.434487
0.365079 0.436937
0.367644 0.439307
0.370245 0.441590
0.372965 0.443886
0.375863 0.446233
0.378583 0.448337
0.381513 0.450512
0.384455 0.452608
0.387259 0.454550
0.390208 0.456491
0.393703 0.458694
0.397212 0.460818
0.400641 0.462816
0.404245 0.464851
0.407888 0.466814
0.411781 0.468851
0.415626 0.470796
0.419476 0.472681
0.423602 0.474653
0.427825 0.476602
0.431939 0.478462
0.436570 0.480517
0.441642 0.482730
0.446275 0.484719
0.451114 0.486758
0.455680 0.488666
0.460614 0.490738
0.465886 0.492935
0.471234 0.495184
0.476362 0.497347
0.481581 0.499587
0.487132 0.501998
0.492254 0.504262
0.497801 0.506763
0.503164 0.509248
0.508597 0.511851
0.514321 0.514686
0.520094 0.517640
0.525887 0.520730
0.531572 0.523888
0.537132 0.527109
0.542844 0.530579
0.548476 0.534167
0.553876 0.537781
0.559307 0.541563
0.564564 0.545429
0.569758 0.549470
0.574789 0.553549
0.579912 0.557949
0.584848 0.562420
0.589700 0.567062
0.594510 0.571920
0.599207 0.576939
0.603568 0.581864
0.607727 0.586772
0.611694 0.591714
0.615500 0.596715
0.619431 0.602132
0.623236 0.607673
0.626934 0.613333
0.630437 0.618970
0.633691 0.624452
0.636803 0.629939
0.639903 0.635657
0.642912 0.641454
0.646002 0.647694
0.648839 0.653660
0.651436 0.659303
0.654053 0.665211
0.656716 0.671485
0.659102 0.677188
0.661256 0.682406
0.663385 0.687709
0.665634 0.693484
0.667709 0.698851
0.669811 0.704392
0.671964 0.710190
0.673968 0.715555
0.675890 0.720774
0.677795 0.725887
0.679496 0.730340
0.681286 0.735186
0.683155 0.740303
0.685016 0.745342
0.686864 0.750405
0.688617 0.755111
0.690274 0.759417
0.691860 0.763580
0.693330 0.767265
0.694745 0.770721
0.696442 0.775244
0.698137 0.779841
0.699928 0.784594
0.701693 0.789333
0.703626 0.794659
0.704969 0.797796
0.706145 0.800666
0.707296 0.803347
0.708265 0.805536
0.709512 0.808427
0.710902 0.812076
0.712457 0.816269
0.714183 0.821025
0.716071 0.826480
0.717738 0.831176
0.719181 0.835182
0.720128 0.837614
0.720910 0.839421
0.721727 0.841226
0.722480 0.843122
0.723282 0.845339
0.724891 0.850178
0.726195 0.854210
0.727601 0.858572
0.728835 0.862454
0.730066 0.866334
0.730731 0.868408
0.731426 0.870566
0.732106 0.872887
0.732760 0.875133
0.733339 0.877261
0.734366 0.880961
0.735343 0.884712
0.736568 0.889372
0.737473 0.892917
0.738420 0.896924
0.738983 0.899282
0.739529 0.901777
0.739871 0.903529
0.740169 0.905214
0.740394 0.906764
0.741034 0.909906
0.741811 0.913649
0.742378 0.916673
0.743009 0.920014
0.743510 0.922911
0.744088 0.926181
0.744435 0.928711
0.744745 0.931101
0.744879 0.932889
0.745155 0.935246
0.745370 0.937452
0.745878 0.940828
0.746267 0.943900
0.746864 0.947773
0.747362 0.951352
0.747889 0.955143
0.748191 0.958183
0.748116 0.959336
0.748290 0.961807
0.748245 0.963240
0.748333 0.965307
0.748829 0.969191
0.749143 0.972385
0.749338 0.975157
0.749593 0.978141
0.749694 0.980435
0.749937 0.983512
0.749984 0.985686
0.750063 0.988004
0.750051 0.989872
0.749849 0.991031
0.750010 0.993761
0.750143 0.996401
0.750104 0.998354
0.750512 1.002267
0.750727 1.005411
0.750938 1.008525
0.750879 1.010369
0.750693 1.011753
0.750281 1.012299
0.749672 1.012296
0.749386 1.013281
