-0.407236
-0.429823
0.060728
-0.024218
0.347053
-0.230590
0.288034
0.379903
-0.126636
-0.114052
0.347011
-0.604861
-0.856944
1.090441
0.252212
0.047210
-0.045635
0.103772
-1.068822
0.185353
0.506826
0.608333
-0.159613
-0.511426
-0.226383
0.457680
-0.325163
0.628015
-0.009561
0.546272
-0.673965
0.253747
-0.721757
0.709599
0.180951
0.571071
0.025115
0.674734
-0.967140
0.674601
1.011983
0.683620
-0.407243
0.690898
0.820641
0.226309
0.094743
0.386132
-0.166677
-0.139571
0.294649
0.164758
-1.091620
0.552978
0.199990
-0.243828
-0.567266
0.216780
-0.184505
-0.584809
0.785542
0.405615
-0.267017
-0.362899
-0.343555
-0.112734
-0.500410
0.612693
0.419991
0.579488
0.015030
1.069753
0.077597
-0.548312
-0.065048
-0.794944
0.393396
-0.205804
-0.131707
-0.217326
0.071921
-0.141374
-0.630978
-0.273720
-0.370477
-0.614594
-0.264152
-0.028185
0.779145
0.561988
-0.041862
-1.073860
-0.108998
-0.377614
0.233795
0.394037
0.465210
-0.730114
-0.391101
-1.031122
-0.218014
0.654939
0.154820
-0.341140
0.214386
-0.078662
-0.446860
-0.513422
0.366791
-0.162211
-0.091178
-0.463431
-0.103532
0.167868
0.038359
-0.111361
0.721189
0.221908
0.311306
0.017329
0.748394
-0.126988
0.431926
0.788219
-0.465237
-0.887758
0.030680
-0.787694
0.352148
-0.458646
-0.469498
-0.258251
0.065285
0.078918
0.553522
0.040325
-0.133787
0.133328
0.322826
-0.395362
-1.067482
-0.038261
0.645453
0.338320
-0.056251
-0.227611
0.480725
-0.010054
-0.502255
-0.072903
-0.265696
-0.021894
-0.582621
0.088465
0.538377
-0.339941
-0.153996
0.266011
-0.388808
-0.494402
-0.071152
-0.117234
-0.533160
0.147285
0.037409
0.431372
0.281221
0.327132
-0.128586
-0.698439
-1.176415
-0.134201
-0.362383
0.542428
0.026555
0.183126
0.119843
0.102315
0.927161
0.919254
0.067855
-0.348351
-0.534928
0.433065
0.270641
0.741634
0.138645
0.627149
0.001083
-0.338481
0.911374
0.129340
0.618743
-0.637466
0.959245
-0.177428
0.139092
-0.725017
0.706304
0.019065
-0.164020
0.202319
-0.301229
-0.123539
0.085198
0.455518
0.225006
0.451450
-0.413105
-0.191307
1.136911
0.161988
0.404378
0.026764
-1.200876
0.380056
-0.400646
0.299049
0.378209
0.050397
0.052214
0.071355
0.557005
0.107333
0.125675
0.307640
0.322259
-0.110131
0.016860
-0.060766
1.226932
-0.291520
-0.440046
-0.527320
0.115546
0.365943
0.031691
-0.832411
-0.624789
0.112151
0.079457
-0.246518
-1.297219
0.228803
0.157858
0.128293
0.162125
0.891253
-0.526759
0.118663
-0.408410
-0.015697
-0.626705
0.932144
0.275558
-0.251052
0.521013
-0.804858
0.150822
-0.147422
-1.280869
0.494770
-0.105490
0.257892
-0.474732
-1.068134
-0.008811
-0.830080
-0.901390
0.775944
-0.208070
-0.209560
0.176786
-0.184214
-0.408681
0.095607
-0.666269
-0.393204
0.332979
-0.152860
0.374760
-0.142785
0.650756
-0.038206
-0.502967
-0.393266
-0.410800
0.673959
-0.345817
0.131914
0.665030
-0.089434
0.720292
-0.249989
0.633284
-0.390639
0.334578
0.262216
-0.538949
-0.393424
0.050174
0.816462
-0.555704
-0.044019
0.073485
-0.109286
0.114201
-0.394448
0.433611
-0.062740
0.607999
0.634363
-0.015646
-0.184398
0.020056
-0.521579
0.380944
-0.875126
0.214795
0.258468
0.087727
0.444586
0.528439
-0.557607
-0.107144
-0.343567
-0.097104
0.261794
-0.027904
-0.898226
0.259614
1.108106
-0.348683
0.364543
0.202190
-0.031224
-0.261802
0.081424
-0.615353
0.122172
-0.621862
0.697371
0.290370
-0.681815
-0.003104
-0.061031
0.034958
-0.068910
-0.504115
-0.631314
-1.184146
0.114781
0.192481
0.221329
0.128554
-0.384436
0.371522
0.432700
0.197330
0.864068
0.153044
-0.371133
0.018246
0.745889
0.664131
0.412828
0.223001
-0.249482
-0.636859
0.167976
0.701828
-0.695552
0.168772
-0.114763
-0.231824
0.024811
0.724178
-0.269043
-0.280410
0.352865
-0.529350
-0.125363
0.437806
0.410850
0.013163
-0.801270
-0.228395
0.222499
0.239185
-0.425197
-1.163702
-0.597310
0.487190
0.521401
-0.579657
-0.512456
-0.492236
-0.717949
0.212136
0.550216
0.439947
0.246640
-0.331589
0.079809
-0.646230
0.093971
-0.235127
-0.620337
0.403656
0.102319
0.775673
1.087967
0.224554
-0.066920
0.092430
-0.298939
-1.071020
-0.422034
0.207870
-0.185148
-0.212560
-0.639837
-0.241686
0.388054
0.105023
-0.030170
0.573486
0.112304
-0.735578
0.938680
0.195107
-0.160459
-0.091435
0.529702
-0.489268
-0.438376
0.267409
0.456850
0.074369
-0.348626
0.440035
-0.682107
-0.207511
-0.012726
-0.593903
0.088589
-1.425611
0.020629
0.528874
0.079755
-0.358329
-0.004576
0.327641
-0.938970
0.169536
-0.131448
1.146048
-0.590255
0.375800
-0.140850
0.313374
0.234756
0.707588
-0.688616
-0.191002
0.171609
0.376056
0.241625
0.332242
-0.085849
0.305742
-0.374317
-0.403987
-0.198859
0.721565
-0.289052
-0.303094
-0.156208
-0.091630
0.036952
-0.058094
-0.013263
0.624364
0.235097
-0.070277
-0.406534
0.384408
0.402644
-0.863823
-0.733926
-0.291490
-0.465224
0.442400
0.548026
0.339148
0.262900
0.479281
0.163081
1.131985
0.167503
