0.228570
0.184730
0.195440
0.179601
0.249668
0.171382
0.183295
0.175413
0.214779
0.207010
0.315412
0.297365
0.259650
0.204832
0.203904
0.161771
0.130211
0.200570
0.134925
0.179326
0.181585
0.233643
0.222792
0.139726
0.150110
0.170385
0.198551
0.218269
0.203442
0.189105
0.217132
0.270935
0.200160
0.201278
0.240566
0.149061
0.160996
0.140121
0.161400
0.250814
0.233323
0.247099
0.158266
0.142398
0.221708
0.153646
0.464267
0.184118
0.159227
0.245083
0.150733
0.263509
0.183665
0.162121
0.123460
0.137237
0.186277
0.159603
0.107380
0.188513
0.273504
0.450089
0.231807
0.194794
0.168714
0.192867
0.143345
0.441033
0.439921
0.146615
0.227194
0.221598
0.185585
0.207286
0.459478
0.156312
0.187458
0.125384
0.146403
0.115919
0.244112
0.391616
0.173387
0.202919
0.170074
0.144658
0.149496
0.141286
0.237330
0.211002
0.112559
0.203501
0.148402
0.191922
0.138007
0.237010
0.217037
0.210764
0.230885
0.146822
0.144682
0.224725
0.209352
0.149694
0.179702
0.198018
0.189742
0.187369
0.260124
0.208990
0.121133
0.156244
0.207662
0.213853
0.257739
0.177066
0.248021
0.369876
0.220091
0.185167
0.265519
0.145293
0.435205
0.182605
0.158479
0.173473
0.388099
0.216409
0.190343
0.195105
0.168057
0.227848
0.218167
0.230867
0.176054
0.181751
0.143089
0.188495
0.152408
0.136681
0.144472
0.173243
0.185802
0.650505
0.263920
0.190622
0.225005
0.215998
0.176541
0.145020
0.188237
0.199631
0.104959
0.173111
0.158763
0.200641
0.173874
0.393272
0.163840
1.093773
0.165473
0.187995
0.196999
0.196847
0.195394
0.193561
0.163809
0.181957
0.177066
0.149388
0.153579
0.166042
0.167171
0.199014
0.169188
0.219957
0.204080
0.269531
0.251237
0.210249
0.244802
0.177090
0.170002
0.152139
0.256651
0.225906
0.198107
0.165470
0.177318
0.193691
0.272294
0.126223
0.208585
0.154530
0.228027
0.167926
0.235482
0.138080
0.320667
0.165292
0.218354
0.203845
0.144036
0.205328
0.167569
0.258183
0.229277
0.194009
0.163280
0.213875
0.176245
0.203675
0.181322
0.099858
0.163852
0.138280
0.198948
0.183464
0.194984
0.129637
0.156363
0.134743
0.227908
0.133227
0.154338
0.127834
0.427972
0.181600
0.191998
0.199527
0.177300
0.157321
0.214043
0.254968
0.113197
0.511586
0.123602
0.170673
0.142922
0.181091
0.164180
0.215261
0.187292
0.199027
0.199548
0.203338
0.269412
0.209415
0.203914
0.211766
0.122734
0.166432
0.222699
0.273510
0.457295
0.187201
0.175944
0.208255
0.170503
0.131616
0.155338
0.310520
0.170186
0.229358
0.180180
0.156933
0.152910
0.193900
0.174492
0.214910
0.177276
0.155562
0.170940
0.178722
0.185556
0.172423
0.231885
0.239853
0.203476
0.209902
0.206748
0.225743
0.136363
0.158673
0.110685
0.139005
0.340633
0.404874
0.153966
0.104045
0.238557
0.273734
0.275500
0.181765
0.137593
0.195526
0.168290
0.190682
0.212634
0.124069
0.159179
0.249196
0.152374
0.152330
0.174028
0.180735
0.168373
0.146921
0.147349
0.227626
0.419703
0.196682
0.172400
0.240154
0.257144
0.136265
0.120984
0.179784
0.178797
0.137150
0.367270
0.263917
0.188215
0.150722
0.146731
0.174884
0.226912
0.188681
0.115920
0.177788
1.638127
0.286985
0.248904
0.146506
0.163762
0.172843
0.131633
0.211101
0.159211
0.459114
0.183069
0.259527
0.207657
0.179256
0.158828
0.155836
0.226109
0.129976
0.168456
0.149870
0.105711
0.471860
0.202007
0.180417
0.227452
0.127405
0.227747
0.129737
0.509115
0.205690
0.158083
0.202904
0.295101
0.176508
0.370714
0.190085
0.183137
0.175178
0.180542
0.212067
0.178656
0.162809
0.223742
0.223919
0.151541
0.158923
0.208318
0.137048
0.164369
0.179072
0.301868
0.162097
0.186009
0.149414
0.164222
0.174542
0.183890
0.215575
0.186381
0.188084
0.226148
0.150739
0.247879
0.191813
0.223668
0.168273
0.179186
0.142212
0.212054
0.204035
0.156120
0.164089
0.185563
0.211461
0.134958
0.235023
0.153338
0.180016
0.203281
0.160341
0.140626
0.191004
0.208086
0.287830
0.222668
0.145407
0.163111
0.146404
0.158989
0.210544
0.165667
0.197285
0.187552
0.143347
0.290784
0.195016
0.192275
0.177783
0.185005
0.344329
0.276499
0.152858
0.144404
0.230554
1.332142
0.129167
0.250943
0.265734
0.189061
0.144142
0.262948
0.217813
0.234172
0.218365
0.186384
0.120221
0.176350
0.179851
0.183879
0.272469
0.174309
0.110495
0.210817
0.120141
0.244883
0.198588
0.192404
0.160642
0.191457
0.183257
0.543982
0.138137
0.170073
0.188205
0.158541
0.164064
0.207026
0.144380
0.464353
0.133829
0.462957
0.171671
0.135302
0.214364
0.165619
0.153013
0.163604
0.175679
0.391480
0.190814
0.172489
0.208281
0.206493
0.143424
0.206800
0.156868
0.177260
0.493168
0.168528
0.159725
0.154765
0.143534
0.191378
0.235136
0.194368
0.169393
0.213075
0.194454
0.200618
0.410983
