0.315128 0.379001
0.315990 0.381774
0.316950 0.384675
0.317940 0.387583
0.318900 0.390377
0.319917 0.393191
0.320949 0.395992
0.322189 0.399085
0.323441 0.402128
0.324656 0.405033
0.325979 0.408020
0.327324 0.410972
0.328584 0.413702
0.329842 0.416363
0.331106 0.418934
0.332461 0.421577
0.333818 0.424154
0.335433 0.427018
0.337235 0.430052
0.339079 0.433026
0.340823 0.435778
0.342777 0.438723
0.344483 0.441231
0.346238 0.443739
0.348025 0.446182
0.349889 0.448642
0.351841 0.451130
0.354056 0.453789
0.356278 0.456381
0.358549 0.458912
0.360910 0.461451
0.363396 0.464028
0.365803 0.466422
0.368358 0.468870
0.370943 0.471258
0.373462 0.473519
0.376104 0.475789
0.379102 0.478267
0.382134 0.480684
0.385144 0.483002
0.388283 0.485348
0.391483 0.487645
0.394859 0.490001
0.398234 0.492283
0.401641 0.494518
0.405241 0.496823
0.408939 0.499117
0.412594 0.501336
0.416595 0.503715
0.420899 0.506225
0.424955 0.508547
0.429178 0.510916
0.433252 0.513173
0.437576 0.515560
0.442148 0.518054
0.446788 0.520584
0.451316 0.523042
0.455918 0.525555
0.460761 0.528210
0.465346 0.530740
0.470230 0.533463
0.475010 0.536168
0.479844 0.538963
0.484885 0.541940
0.489978 0.545013
0.495093 0.548187
0.500149 0.551416
0.505132 0.554698
0.510223 0.558172
0.515268 0.561740
0.520155 0.565332
0.525085 0.569072
0.529891 0.572879
0.534642 0.576820
0.539301 0.580818
0.544012 0.585058
0.548591 0.589364
0.553109 0.593811
0.557596 0.598430
0.562000 0.603181
0.566156 0.607875
0.570177 0.612590
0.574048 0.617338
0.577791 0.622136
0.581637 0.627260
0.585386 0.632477
0.589058 0.637789
0.592588 0.643096
0.595932 0.648303
0.599166 0.653515
0.602410 0.658912
0.605581 0.664349
0.608841 0.670116
0.611906 0.675681
0.614787 0.681020
0.617695 0.686529
0.620670 0.692306
0.623416 0.697657
0.625977 0.702675
0.628534 0.707754
0.631210 0.713133
0.633744 0.718219
0.636317 0.723408
0.638953 0.728756
0.641459 0.733778
0.643907 0.738708
0.646338 0.743520
0.648585 0.747879
0.650928 0.752497
0.653350 0.757265
0.655764 0.761945
0.658175 0.766646
0.660491 0.771072
0.662704 0.775196
0.664858 0.779233
0.666888 0.782919
0.668859 0.786436
0.671105 0.790638
0.673347 0.794870
0.675662 0.799167
0.677950 0.803450
0.680394 0.808111
0.682240 0.811290
0.683940 0.814316
0.685598 0.817188
0.687079 0.819733
0.688797 0.822699
0.690660 0.826177
0.692655 0.829960
0.694796 0.834104
0.697082 0.838700
0.699139 0.842778
0.700974 0.846402
0.702344 0.849011
0.703547 0.851212
0.704760 0.853386
0.705922 0.855635
0.707130 0.858100
0.709026 0.862182
0.710655 0.865781
0.712350 0.869562
0.713880 0.873033
0.715384 0.876479
0.716395 0.878817
0.717404 0.881169
0.718404 0.883641
0.719376 0.886077
0.720270 0.888422
0.721536 0.891746
0.722753 0.895101
0.724168 0.899017
0.725289 0.902214
0.726459 0.905735
0.727262 0.908184
0.728054 0.910735
0.728670 0.912838
0.729236 0.914882
0.729729 0.916825
0.730576 0.919788
0.731520 0.923103
0.732272 0.925952
0.733086 0.929030
0.733774 0.931812
0.734511 0.934804
0.735067 0.937374
0.735577 0.939836
0.735927 0.941907
0.736396 0.944343
0.736818 0.946703
0.737453 0.949743
0.738005 0.952632
0.738707 0.955990
0.739325 0.959164
0.739952 0.962447
0.740410 0.965305
0.740529 0.966952
0.740861 0.969430
0.741017 0.971282
0.741268 0.973504
0.741841 0.976837
0.742264 0.979744
0.742589 0.982388
0.742945 0.985137
0.743192 0.987495
0.743531 0.990294
0.743718 0.992551
0.743936 0.994912
0.744066 0.996970
0.744038 0.998572
0.744309 1.001171
0.744545 1.003689
0.744635 1.005763
0.745088 1.009071
0.745379 1.011886
0.745653 1.014655
0.745731 1.016679
0.745701 1.018398
0.745492 1.019583
0.745153 1.020454
0.745060 1.021932
