74.514828
75.014828
75.514828
76.014828
76.514828
77.014828
77.514828
78.014828
78.514828
79.014828
35.710112
36.210112
36.710112
37.210112
37.710112
38.210112
38.710112
39.210112
39.710112
40.210112
69.919113
70.419113
70.919113
71.419113
71.919113
72.419113
72.919113
73.419113
73.919113
74.419113
74.292306
74.792306
75.292306
75.792306
76.292306
76.792306
77.292306
77.792306
78.292306
78.792306
71.047647
71.547647
72.047647
72.547647
73.047647
73.547647
74.047647
74.547647
75.047647
75.547647
71.091470
71.591470
72.091470
72.591470
73.091470
73.591470
74.091470
74.591470
75.091470
75.591470
76.044211
76.544211
77.044211
77.544211
78.044211
78.544211
79.044211
79.544211
80.044211
80.544211
62.606731
63.106731
63.606731
64.106731
64.606731
65.106731
65.606731
66.106731
66.606731
67.106731
63.487099
63.987099
64.487099
64.987099
65.487099
65.987099
66.487099
66.987099
67.487099
67.987099
83.727661
84.227661
84.727661
85.227661
85.727661
86.227661
86.727661
87.227661
87.727661
88.227661
74.830199
75.330199
75.830199
76.330199
76.830199
77.330199
77.830199
78.330199
78.830199
79.330199
52.688427
53.188427
53.688427
54.188427
54.688427
55.188427
55.688427
56.188427
56.688427
57.188427
59.632276
60.132276
60.632276
61.132276
61.632276
62.132276
62.632276
63.132276
63.632276
64.132276
63.807110
64.307110
64.807110
65.307110
65.807110
66.307110
66.807110
67.307110
67.807110
68.307110
77.605325
78.105325
78.605325
79.105325
79.605325
80.105325
80.605325
81.105325
81.605325
82.105325
87.775930
88.275930
88.775930
89.275930
89.775930
90.275930
90.775930
91.275930
91.775930
92.275930
37.254023
37.754023
38.254023
38.754023
39.254023
39.754023
40.254023
40.754023
41.254023
41.754023
71.439057
71.939057
72.439057
72.939057
73.439057
73.939057
74.439057
74.939057
75.439057
75.939057
78.130472
78.630472
79.130472
79.630472
80.130472
80.630472
81.130472
81.630472
82.130472
82.630472
55.416354
55.916354
56.416354
56.916354
57.416354
57.916354
58.416354
58.916354
59.416354
59.916354
74.823770
75.323770
75.823770
76.323770
76.823770
77.323770
77.823770
78.323770
78.823770
79.323770
89.472365
89.972365
90.472365
90.972365
91.472365
91.972365
92.472365
92.972365
93.472365
93.972365
96.276370
96.776370
97.276370
97.776370
98.276370
98.776370
99.276370
99.776370
100.276370
100.776370
62.188754
62.688754
63.188754
63.688754
64.188754
64.688754
65.188754
65.688754
66.188754
66.688754
45.034124
45.534124
46.034124
46.534124
47.034124
47.534124
48.034124
48.534124
49.034124
49.534124
58.194378
58.694378
59.194378
59.694378
60.194378
60.694378
61.194378
61.694378
62.194378
62.694378
65.867678
66.367678
66.867678
67.367678
67.867678
68.367678
68.867678
69.367678
69.867678
70.367678
75.215751
75.715751
76.215751
76.715751
77.215751
77.715751
78.215751
78.715751
79.215751
79.715751
78.579756
79.079756
79.579756
80.079756
80.579756
81.079756
81.579756
82.079756
82.579756
83.079756
51.429417
51.929417
52.429417
52.929417
53.429417
53.929417
54.429417
54.929417
55.429417
55.929417
65.343392
65.843392
66.343392
66.843392
67.343392
67.843392
68.343392
68.843392
69.343392
69.843392
77.115918
77.615918
78.115918
78.615918
79.115918
79.615918
80.115918
80.615918
81.115918
81.615918
61.426927
61.926927
62.426927
62.926927
63.426927
63.926927
64.426927
64.926927
65.426927
65.926927
79.134056
79.634056
80.134056
80.634056
81.134056
81.634056
82.134056
82.634056
83.134056
83.634056
101.437516
101.937516
102.437516
102.937516
103.437516
103.937516
104.437516
104.937516
105.437516
105.937516
74.032752
74.532752
75.032752
75.532752
76.032752
76.532752
77.032752
77.532752
78.032752
78.532752
86.707980
87.207980
87.707980
88.207980
88.707980
89.207980
89.707980
90.207980
90.707980
91.207980
87.829292
88.329292
88.829292
89.329292
89.829292
90.329292
90.829292
91.329292
91.829292
92.329292
95.998004
96.498004
96.998004
97.498004
97.998004
98.498004
98.998004
99.498004
99.998004
100.498004
91.816504
92.316504
92.816504
93.316504
93.816504
94.316504
94.816504
95.316504
95.816504
96.316504
60.058866
60.558866
61.058866
61.558866
62.058866
62.558866
63.058866
63.558866
64.058866
64.558866
53.493546
53.993546
54.493546
54.993546
55.493546
55.993546
56.493546
56.993546
57.493546
57.993546
88.012445
88.512445
89.012445
89.512445
90.012445
90.512445
91.012445
91.512445
92.012445
92.512445
68.544305
69.044305
69.544305
70.044305
70.544305
71.044305
71.544305
72.044305
72.544305
73.044305
58.055450
58.555450
59.055450
59.555450
60.055450
60.555450
61.055450
61.555450
62.055450
62.555450
68.256721
68.756721
69.256721
69.756721
70.256721
70.756721
71.256721
71.756721
72.256721
72.756721
33.244872
33.744872
34.244872
34.744872
35.244872
35.744872
36.244872
36.744872
37.244872
37.744872
81.431109
81.931109
82.431109
82.931109
83.431109
83.931109
84.431109
84.931109
85.431109
85.931109
79.442080
79.942080
80.442080
80.942080
81.442080
81.942080
82.442080
82.942080
83.442080
83.942080
95.764450
96.264450
96.764450
97.264450
97.764450
98.264450
98.764450
99.264450
99.764450
100.264450
65.771547
66.271547
66.771547
67.271547
67.771547
68.271547
68.771547
69.271547
69.771547
70.271547
54.452647
54.952647
55.452647
55.952647
56.452647
56.952647
57.452647
57.952647
58.452647
58.952647
48.369014
48.869014
49.369014
49.869014
50.369014
50.869014
51.369014
51.869014
52.369014
52.869014
66.921435
67.421435
67.921435
68.421435
68.921435
69.421435
69.921435
70.421435
70.921435
71.421435
94.831256
95.331256
95.831256
96.331256
96.831256
97.331256
97.831256
98.331256
98.831256
99.331256
74.140540
74.640540
75.140540
75.640540
76.140540
76.640540
77.140540
77.640540
78.140540
78.640540
84.515515
85.015515
85.515515
86.015515
86.515515
87.015515
87.515515
88.015515
88.515515
89.015515
67.934922
68.434922
68.934922
69.434922
69.934922
70.434922
70.934922
71.434922
71.934922
72.434922
83.168640
83.668640
84.168640
84.668640
85.168640
85.668640
86.168640
86.668640
87.168640
87.668640
89.065181
89.565181
90.065181
90.565181
91.065181
91.565181
92.065181
92.565181
93.065181
93.565181
61.492661
61.992661
62.492661
62.992661
63.492661
63.992661
64.492661
64.992661
65.492661
65.992661
33.327226
33.827226
34.327226
34.827226
35.327226
35.827226
36.327226
36.827226
37.327226
37.827226
87.581530
88.081530
88.581530
89.081530
89.581530
90.081530
90.581530
91.081530
91.581530
92.081530
58.107037
58.607037
59.107037
59.607037
60.107037
60.607037
61.107037
61.607037
62.107037
62.607037
74.208879
74.708879
75.208879
75.708879
76.208879
76.708879
77.208879
77.708879
78.208879
78.708879
65.143478
65.643478
66.143478
66.643478
67.143478
67.643478
68.143478
68.643478
69.143478
69.643478
65.161311
65.661311
66.161311
66.661311
67.161311
67.661311
68.161311
68.661311
69.161311
69.661311
53.988232
54.488232
54.988232
55.488232
55.988232
56.488232
56.988232
57.488232
57.988232
58.488232
64.089455
64.589455
65.089455
65.589455
66.089455
66.589455
67.089455
67.589455
68.089455
68.589455
81.394501
81.894501
82.394501
82.894501
83.394501
83.894501
84.394501
84.894501
85.394501
85.894501
88.140081
88.640081
89.140081
89.640081
90.140081
90.640081
91.140081
91.640081
92.140081
92.640081
87.024327
87.524327
88.024327
88.524327
89.024327
89.524327
90.024327
90.524327
91.024327
91.524327
67.600615
68.100615
68.600615
69.100615
69.600615
70.100615
70.600615
71.100615
71.600615
72.100615
67.275713
67.775713
68.275713
68.775713
69.275713
69.775713
70.275713
70.775713
71.275713
71.775713
32.979949
33.479949
33.979949
34.479949
34.979949
35.479949
35.979949
36.479949
36.979949
37.479949
83.100241
83.600241
84.100241
84.600241
85.100241
85.600241
86.100241
86.600241
87.100241
87.600241
86.028944
86.528944
87.028944
87.528944
88.028944
88.528944
89.028944
89.528944
90.028944
90.528944
65.455981
65.955981
66.455981
66.955981
67.455981
67.955981
68.455981
68.955981
69.455981
69.955981
89.994129
90.494129
90.994129
91.494129
91.994129
92.494129
92.994129
93.494129
93.994129
94.494129
82.145501
82.645501
83.145501
83.645501
84.145501
84.645501
85.145501
85.645501
86.145501
86.645501
71.963343
72.463343
72.963343
73.463343
73.963343
74.463343
74.963343
75.463343
75.963343
76.463343
40.930302
41.430302
41.930302
42.430302
42.930302
43.430302
43.930302
44.430302
44.930302
45.430302
79.333484
79.833484
80.333484
80.833484
81.333484
81.833484
82.333484
82.833484
83.333484
83.833484
58.869756
59.369756
59.869756
60.369756
60.869756
61.369756
61.869756
62.369756
62.869756
63.369756
73.231051
73.731051
74.231051
74.731051
75.231051
75.731051
76.231051
76.731051
77.231051
77.731051
60.816764
61.316764
61.816764
62.316764
62.816764
63.316764
63.816764
64.316764
64.816764
65.316764
77.547034
78.047034
78.547034
79.047034
79.547034
80.047034
80.547034
81.047034
81.547034
82.047034
103.734233
104.234233
104.734233
105.234233
105.734233
106.234233
106.734233
107.234233
107.734233
108.234233
97.285297
97.785297
98.285297
98.785297
99.285297
99.785297
100.285297
100.785297
101.285297
101.785297
79.770806
80.270806
80.770806
81.270806
81.770806
82.270806
82.770806
83.270806
83.770806
84.270806
57.581591
58.081591
58.581591
59.081591
59.581591
60.081591
60.581591
61.081591
61.581591
62.081591
48.563456
49.063456
49.563456
50.063456
50.563456
51.063456
51.563456
52.063456
52.563456
53.063456
64.774706
65.274706
65.774706
66.274706
66.774706
67.274706
67.774706
68.274706
68.774706
69.274706
65.311152
65.811152
66.311152
66.811152
67.311152
67.811152
68.311152
68.811152
69.311152
69.811152
54.588792
55.088792
55.588792
56.088792
56.588792
57.088792
57.588792
58.088792
58.588792
59.088792
66.066453
66.566453
67.066453
67.566453
68.066453
68.566453
69.066453
69.566453
70.066453
70.566453
67.537948
68.037948
68.537948
69.037948
69.537948
70.037948
70.537948
71.037948
71.537948
72.037948
57.227331
57.727331
58.227331
58.727331
59.227331
59.727331
60.227331
60.727331
61.227331
61.727331
76.792517
77.292517
77.792517
78.292517
78.792517
79.292517
79.792517
80.292517
80.792517
81.292517
63.311868
63.811868
64.311868
64.811868
65.311868
65.811868
66.311868
66.811868
67.311868
67.811868
89.289650
89.789650
90.289650
90.789650
91.289650
91.789650
92.289650
92.789650
93.289650
93.789650
69.319911
69.819911
70.319911
70.819911
71.319911
71.819911
72.319911
72.819911
73.319911
73.819911
66.429702
66.929702
67.429702
67.929702
68.429702
68.929702
69.429702
69.929702
70.429702
70.929702
90.069871
90.569871
91.069871
91.569871
92.069871
92.569871
93.069871
93.569871
94.069871
94.569871
73.386955
73.886955
74.386955
74.886955
75.386955
75.886955
76.386955
76.886955
77.386955
77.886955
93.859452
94.359452
94.859452
95.359452
95.859452
96.359452
96.859452
97.359452
97.859452
98.359452
75.785890
76.285890
76.785890
77.285890
77.785890
78.285890
78.785890
79.285890
79.785890
80.285890
83.923761
84.423761
84.923761
85.423761
85.923761
86.423761
86.923761
87.423761
87.923761
88.423761
47.152504
47.652504
48.152504
48.652504
49.152504
49.652504
50.152504
50.652504
51.152504
51.652504
89.206400
89.706400
90.206400
90.706400
91.206400
91.706400
92.206400
92.706400
93.206400
93.706400
66.857161
67.357161
67.857161
68.357161
68.857161
69.357161
69.857161
70.357161
70.857161
71.357161
72.624076
73.124076
73.624076
74.124076
74.624076
75.124076
75.624076
76.124076
76.624076
77.124076
79.251151
79.751151
80.251151
80.751151
81.251151
81.751151
82.251151
82.751151
83.251151
83.751151
63.991759
64.491759
64.991759
65.491759
65.991759
66.491759
66.991759
67.491759
67.991759
68.491759
77.357014
77.857014
78.357014
78.857014
79.357014
79.857014
80.357014
80.857014
81.357014
81.857014
77.764306
78.264306
78.764306
79.264306
79.764306
80.264306
80.764306
81.264306
81.764306
82.264306
108.495954
108.995954
109.495954
109.995954
110.495954
110.995954
111.495954
111.995954
112.495954
112.995954
49.579723
50.079723
50.579723
51.079723
51.579723
52.079723
52.579723
53.079723
53.579723
54.079723
65.531093
66.031093
66.531093
67.031093
67.531093
68.031093
68.531093
69.031093
69.531093
70.031093
102.632107
103.132107
103.632107
104.132107
104.632107
105.132107
105.632107
106.132107
106.632107
107.132107
69.391220
69.891220
70.391220
70.891220
71.391220
71.891220
72.391220
72.891220
73.391220
73.891220
69.583574
70.083574
70.583574
71.083574
71.583574
72.083574
72.583574
73.083574
73.583574
74.083574
43.165763
43.665763
44.165763
44.665763
45.165763
45.665763
46.165763
46.665763
47.165763
47.665763
51.358691
51.858691
52.358691
52.858691
53.358691
53.858691
54.358691
54.858691
55.358691
55.858691
75.820621
76.320621
76.820621
77.320621
77.820621
78.320621
78.820621
79.320621
79.820621
80.320621
78.554995
79.054995
79.554995
80.054995
80.554995
81.054995
81.554995
82.054995
82.554995
83.054995
62.176416
62.676416
63.176416
63.676416
64.176416
64.676416
65.176416
65.676416
66.176416
66.676416
92.382628
92.882628
93.382628
93.882628
94.382628
94.882628
95.382628
95.882628
96.382628
96.882628
87.791528
88.291528
88.791528
89.291528
89.791528
90.291528
90.791528
91.291528
91.791528
92.291528
60.969151
61.469151
61.969151
62.469151
62.969151
63.469151
63.969151
64.469151
64.969151
65.469151
64.012179
64.512179
65.012179
65.512179
66.012179
66.512179
67.012179
67.512179
68.012179
68.512179
67.218915
67.718915
68.218915
68.718915
69.218915
69.718915
70.218915
70.718915
71.218915
71.718915
91.306085
91.806085
92.306085
92.806085
93.306085
93.806085
94.306085
94.806085
95.306085
95.806085
71.362102
71.862102
72.362102
72.862102
73.362102
73.862102
74.362102
74.862102
75.362102
75.862102
52.140753
52.640753
53.140753
53.640753
54.140753
54.640753
55.140753
55.640753
56.140753
56.640753
69.943761
70.443761
70.943761
71.443761
71.943761
72.443761
72.943761
73.443761
73.943761
74.443761
80.410036
80.910036
81.410036
81.910036
82.410036
82.910036
83.410036
83.910036
84.410036
84.910036
69.779983
70.279983
70.779983
71.279983
71.779983
72.279983
72.779983
73.279983
73.779983
74.279983
86.265615
86.765615
87.265615
87.765615
88.265615
88.765615
89.265615
89.765615
90.265615
90.765615
62.374510
62.874510
63.374510
63.874510
64.374510
64.874510
65.374510
65.874510
66.374510
66.874510
76.622288
77.122288
77.622288
78.122288
78.622288
79.122288
79.622288
80.122288
80.622288
81.122288
76.982507
77.482507
77.982507
78.482507
78.982507
79.482507
79.982507
80.482507
80.982507
81.482507
62.520496
63.020496
63.520496
64.020496
64.520496
65.020496
65.520496
66.020496
66.520496
67.020496
69.170130
69.670130
70.170130
70.670130
71.170130
71.670130
72.170130
72.670130
73.170130
73.670130
33.733785
34.233785
34.733785
35.233785
35.733785
36.233785
36.733785
37.233785
37.733785
38.233785
67.999475
68.499475
68.999475
69.499475
69.999475
70.499475
70.999475
71.499475
71.999475
72.499475
61.356769
61.856769
62.356769
62.856769
63.356769
63.856769
64.356769
64.856769
65.356769
65.856769
93.159158
93.659158
94.159158
94.659158
95.159158
95.659158
96.159158
96.659158
97.159158
97.659158
80.467329
80.967329
81.467329
81.967329
82.467329
82.967329
83.467329
83.967329
84.467329
84.967329
55.696716
56.196716
56.696716
57.196716
57.696716
58.196716
58.696716
59.196716
59.696716
60.196716
86.162467
86.662467
87.162467
87.662467
88.162467
88.662467
89.162467
89.662467
90.162467
90.662467
105.187606
105.687606
106.187606
106.687606
107.187606
107.687606
108.187606
108.687606
109.187606
109.687606
54.310703
54.810703
55.310703
55.810703
56.310703
56.810703
57.310703
57.810703
58.310703
58.810703
87.801703
88.301703
88.801703
89.301703
89.801703
90.301703
90.801703
91.301703
91.801703
92.301703
69.925640
70.425640
70.925640
71.425640
71.925640
72.425640
72.925640
73.425640
73.925640
74.425640
70.324837
70.824837
71.324837
71.824837
72.324837
72.824837
73.324837
73.824837
74.324837
74.824837
99.165331
99.665331
100.165331
100.665331
101.165331
101.665331
102.165331
102.665331
103.165331
103.665331
29.682364
30.182364
30.682364
31.182364
31.682364
32.182364
32.682364
33.182364
33.682364
34.182364
63.220362
63.720362
64.220362
64.720362
65.220362
65.720362
66.220362
66.720362
67.220362
67.720362
70.826807
71.326807
71.826807
72.326807
72.826807
73.326807
73.826807
74.326807
74.826807
75.326807
59.650784
60.150784
60.650784
61.150784
61.650784
62.150784
62.650784
63.150784
63.650784
64.150784
66.017927
66.517927
67.017927
67.517927
68.017927
68.517927
69.017927
69.517927
70.017927
70.517927
54.208272
54.708272
55.208272
55.708272
56.208272
56.708272
57.208272
57.708272
58.208272
58.708272
63.191857
63.691857
64.191857
64.691857
65.191857
65.691857
66.191857
66.691857
67.191857
67.691857
63.120137
63.620137
64.120137
64.620137
65.120137
65.620137
66.120137
66.620137
67.120137
67.620137
72.747212
73.247212
73.747212
74.247212
74.747212
75.247212
75.747212
76.247212
76.747212
77.247212
69.577337
70.077337
70.577337
71.077337
71.577337
72.077337
72.577337
73.077337
73.577337
74.077337
75.830699
76.330699
76.830699
77.330699
77.830699
78.330699
78.830699
79.330699
79.830699
80.330699
100.223235
100.723235
101.223235
101.723235
102.223235
102.723235
103.223235
103.723235
104.223235
104.723235
94.722364
95.222364
95.722364
96.222364
96.722364
97.222364
97.722364
98.222364
98.722364
99.222364
60.561530
61.061530
61.561530
62.061530
62.561530
63.061530
63.561530
64.061530
64.561530
65.061530
69.148561
69.648561
70.148561
70.648561
71.148561
71.648561
72.148561
72.648561
73.148561
73.648561
88.985167
89.485167
89.985167
90.485167
90.985167
91.485167
91.985167
92.485167
92.985167
93.485167
46.995545
47.495545
47.995545
48.495545
48.995545
49.495545
49.995545
50.495545
50.995545
51.495545
86.592464
87.092464
87.592464
88.092464
88.592464
89.092464
89.592464
90.092464
90.592464
91.092464
56.988100
57.488100
57.988100
58.488100
58.988100
59.488100
59.988100
60.488100
60.988100
61.488100
82.497091
82.997091
83.497091
83.997091
84.497091
84.997091
85.497091
85.997091
86.497091
86.997091
96.722777
97.222777
97.722777
98.222777
98.722777
99.222777
99.722777
100.222777
100.722777
101.222777
72.834066
73.334066
73.834066
74.334066
74.834066
75.334066
75.834066
76.334066
76.834066
77.334066
59.424047
59.924047
60.424047
60.924047
61.424047
61.924047
62.424047
62.924047
63.424047
63.924047
50.364774
50.864774
51.364774
51.864774
52.364774
52.864774
53.364774
53.864774
54.364774
54.864774
83.549716
84.049716
84.549716
85.049716
85.549716
86.049716
86.549716
87.049716
87.549716
88.049716
100.046754
100.546754
101.046754
101.546754
102.046754
102.546754
103.046754
103.546754
104.046754
104.546754
76.543274
77.043274
77.543274
78.043274
78.543274
79.043274
79.543274
80.043274
80.543274
81.043274
50.275238
50.775238
51.275238
51.775238
52.275238
52.775238
53.275238
53.775238
54.275238
54.775238
61.779154
62.279154
62.779154
63.279154
63.779154
64.279154
64.779154
65.279154
65.779154
66.279154
78.301337
78.801337
79.301337
79.801337
80.301337
80.801337
81.301337
81.801337
82.301337
82.801337
51.573647
52.073647
52.573647
53.073647
53.573647
54.073647
54.573647
55.073647
55.573647
56.073647
53.663091
54.163091
54.663091
55.163091
55.663091
56.163091
56.663091
57.163091
57.663091
58.163091
70.499148
70.999148
71.499148
71.999148
72.499148
72.999148
73.499148
73.999148
74.499148
74.999148
65.049349
65.549349
66.049349
66.549349
67.049349
67.549349
68.049349
68.549349
69.049349
69.549349
81.338391
81.838391
82.338391
82.838391
83.338391
83.838391
84.338391
84.838391
85.338391
85.838391
64.176022
64.676022
65.176022
65.676022
66.176022
66.676022
67.176022
67.676022
68.176022
68.676022
65.410962
65.910962
66.410962
66.910962
67.410962
67.910962
68.410962
68.910962
69.410962
69.910962
75.605812
76.105812
76.605812
77.105812
77.605812
78.105812
78.605812
79.105812
79.605812
80.105812
60.374986
60.874986
61.374986
61.874986
62.374986
62.874986
63.374986
63.874986
64.374986
64.874986
56.442887
56.942887
57.442887
57.942887
58.442887
58.942887
59.442887
59.942887
60.442887
60.942887
75.310005
75.810005
76.310005
76.810005
77.310005
77.810005
78.310005
78.810005
79.310005
79.810005
67.456020
67.956020
68.456020
68.956020
69.456020
69.956020
70.456020
70.956020
71.456020
71.956020
80.405480
80.905480
81.405480
81.905480
82.405480
82.905480
83.405480
83.905480
84.405480
84.905480
62.039431
62.539431
63.039431
63.539431
64.039431
64.539431
65.039431
65.539431
66.039431
66.539431
85.762395
86.262395
86.762395
87.262395
87.762395
88.262395
88.762395
89.262395
89.762395
90.262395
85.986276
86.486276
86.986276
87.486276
87.986276
88.486276
88.986276
89.486276
89.986276
90.486276
76.889274
77.389274
77.889274
78.389274
78.889274
79.389274
79.889274
80.389274
80.889274
81.389274
84.552472
85.052472
85.552472
86.052472
86.552472
87.052472
87.552472
88.052472
88.552472
89.052472
81.604909
82.104909
82.604909
83.104909
83.604909
84.104909
84.604909
85.104909
85.604909
86.104909
69.778685
70.278685
70.778685
71.278685
71.778685
72.278685
72.778685
73.278685
73.778685
74.278685
78.553032
79.053032
79.553032
80.053032
80.553032
81.053032
81.553032
82.053032
82.553032
83.053032
51.279409
51.779409
52.279409
52.779409
53.279409
53.779409
54.279409
54.779409
55.279409
55.779409
73.887796
74.387796
74.887796
75.387796
75.887796
76.387796
76.887796
77.387796
77.887796
78.387796
60.139894
60.639894
61.139894
61.639894
62.139894
62.639894
63.139894
63.639894
64.139894
64.639894
58.186186
58.686186
59.186186
59.686186
60.186186
60.686186
61.186186
61.686186
62.186186
62.686186
78.629739
79.129739
79.629739
80.129739
80.629739
81.129739
81.629739
82.129739
82.629739
83.129739
76.110923
76.610923
77.110923
77.610923
78.110923
78.610923
79.110923
79.610923
80.110923
80.610923
88.602888
89.102888
89.602888
90.102888
90.602888
91.102888
91.602888
92.102888
92.602888
93.102888
70.199916
70.699916
71.199916
71.699916
72.199916
72.699916
73.199916
73.699916
74.199916
74.699916
74.716252
75.216252
75.716252
76.216252
76.716252
77.216252
77.716252
78.216252
78.716252
79.216252
80.275562
80.775562
81.275562
81.775562
82.275562
82.775562
83.275562
83.775562
84.275562
84.775562
71.577492
72.077492
72.577492
73.077492
73.577492
74.077492
74.577492
75.077492
75.577492
76.077492
92.978771
93.478771
93.978771
94.478771
94.978771
95.478771
95.978771
96.478771
96.978771
97.478771
83.644562
84.144562
84.644562
85.144562
85.644562
86.144562
86.644562
87.144562
87.644562
88.144562
73.038869
73.538869
74.038869
74.538869
75.038869
75.538869
76.038869
76.538869
77.038869
77.538869
75.161260
75.661260
76.161260
76.661260
77.161260
77.661260
78.161260
78.661260
79.161260
79.661260
69.751109
70.251109
70.751109
71.251109
71.751109
72.251109
72.751109
73.251109
73.751109
74.251109
73.664892
74.164892
74.664892
75.164892
75.664892
76.164892
76.664892
77.164892
77.664892
78.164892
63.489774
63.989774
64.489774
64.989774
65.489774
65.989774
66.489774
66.989774
67.489774
67.989774
51.478628
51.978628
52.478628
52.978628
53.478628
53.978628
54.478628
54.978628
55.478628
55.978628
76.872286
77.372286
77.872286
78.372286
78.872286
79.372286
79.872286
80.372286
80.872286
81.372286
59.382999
59.882999
60.382999
60.882999
61.382999
61.882999
62.382999
62.882999
63.382999
63.882999
95.916793
96.416793
96.916793
97.416793
97.916793
98.416793
98.916793
99.416793
99.916793
100.416793
62.012051
62.512051
63.012051
63.512051
64.012051
64.512051
65.012051
65.512051
66.012051
66.512051
62.257471
62.757471
63.257471
63.757471
64.257471
64.757471
65.257471
65.757471
66.257471
66.757471
61.295653
61.795653
62.295653
62.795653
63.295653
63.795653
64.295653
64.795653
65.295653
65.795653
64.400048
64.900048
65.400048
65.900048
66.400048
66.900048
67.400048
67.900048
68.400048
68.900048
32.197787
32.697787
33.197787
33.697787
34.197787
34.697787
35.197787
35.697787
36.197787
36.697787
63.151013
63.651013
64.151013
64.651013
65.151013
65.651013
66.151013
66.651013
67.151013
67.651013
55.603719
56.103719
56.603719
57.103719
57.603719
58.103719
58.603719
59.103719
59.603719
60.103719
57.733535
58.233535
58.733535
59.233535
59.733535
60.233535
60.733535
61.233535
61.733535
62.233535
63.220826
63.720826
64.220826
64.720826
65.220826
65.720826
66.220826
66.720826
67.220826
67.720826
89.369205
89.869205
90.369205
90.869205
91.369205
91.869205
92.369205
92.869205
93.369205
93.869205
51.526373
52.026373
52.526373
53.026373
53.526373
54.026373
54.526373
55.026373
55.526373
56.026373
83.578565
84.078565
84.578565
85.078565
85.578565
86.078565
86.578565
87.078565
87.578565
88.078565
71.232933
71.732933
72.232933
72.732933
73.232933
73.732933
74.232933
74.732933
75.232933
75.732933
43.998022
44.498022
44.998022
45.498022
45.998022
46.498022
46.998022
47.498022
47.998022
48.498022
97.432778
97.932778
98.432778
98.932778
99.432778
99.932778
100.432778
100.932778
101.432778
101.932778
38.914439
39.414439
39.914439
40.414439
40.914439
41.414439
41.914439
42.414439
42.914439
43.414439
66.882210
67.382210
67.882210
68.382210
68.882210
69.382210
69.882210
70.382210
70.882210
71.382210
46.068644
46.568644
47.068644
47.568644
48.068644
48.568644
49.068644
49.568644
50.068644
50.568644
59.339012
59.839012
60.339012
60.839012
61.339012
61.839012
62.339012
62.839012
63.339012
63.839012
106.777095
107.277095
107.777095
108.277095
108.777095
109.277095
109.777095
110.277095
110.777095
111.277095
51.118593
51.618593
52.118593
52.618593
53.118593
53.618593
54.118593
54.618593
55.118593
55.618593
52.248637
52.748637
53.248637
53.748637
54.248637
54.748637
55.248637
55.748637
56.248637
56.748637
41.500178
42.000178
42.500178
43.000178
43.500178
44.000178
44.500178
45.000178
45.500178
46.000178
83.756675
84.256675
84.756675
85.256675
85.756675
86.256675
86.756675
87.256675
87.756675
88.256675
51.854691
52.354691
52.854691
53.354691
53.854691
54.354691
54.854691
55.354691
55.854691
56.354691
34.843482
35.343482
35.843482
36.343482
36.843482
37.343482
37.843482
38.343482
38.843482
39.343482
89.949023
90.449023
90.949023
91.449023
91.949023
92.449023
92.949023
93.449023
93.949023
94.449023
72.022600
72.522600
73.022600
73.522600
74.022600
74.522600
75.022600
75.522600
76.022600
76.522600
79.570082
80.070082
80.570082
81.070082
81.570082
82.070082
82.570082
83.070082
83.570082
84.070082
59.118499
59.618499
60.118499
60.618499
61.118499
61.618499
62.118499
62.618499
63.118499
63.618499
72.273786
72.773786
73.273786
73.773786
74.273786
74.773786
75.273786
75.773786
76.273786
76.773786
64.414189
64.914189
65.414189
65.914189
66.414189
66.914189
67.414189
67.914189
68.414189
68.914189
78.193044
78.693044
79.193044
79.693044
80.193044
80.693044
81.193044
81.693044
82.193044
82.693044
55.294744
55.794744
56.294744
56.794744
57.294744
57.794744
58.294744
58.794744
59.294744
59.794744
80.417797
80.917797
81.417797
81.917797
82.417797
82.917797
83.417797
83.917797
84.417797
84.917797
60.337602
60.837602
61.337602
61.837602
62.337602
62.837602
63.337602
63.837602
64.337602
64.837602
80.920555
81.420555
81.920555
82.420555
82.920555
83.420555
83.920555
84.420555
84.920555
85.420555
89.618270
90.118270
90.618270
91.118270
91.618270
92.118270
92.618270
93.118270
93.618270
94.118270
106.434419
106.934419
107.434419
107.934419
108.434419
108.934419
109.434419
109.934419
110.434419
110.934419
47.846829
48.346829
48.846829
49.346829
49.846829
50.346829
50.846829
51.346829
51.846829
52.346829
58.408406
58.908406
59.408406
59.908406
60.408406
60.908406
61.408406
61.908406
62.408406
62.908406
53.822289
54.322289
54.822289
55.322289
55.822289
56.322289
56.822289
57.322289
57.822289
58.322289
83.843751
84.343751
84.843751
85.343751
85.843751
86.343751
86.843751
87.343751
87.843751
88.343751
77.205689
77.705689
78.205689
78.705689
79.205689
79.705689
80.205689
80.705689
81.205689
81.705689
81.412500
81.912500
82.412500
82.912500
83.412500
83.912500
84.412500
84.912500
85.412500
85.912500
66.131989
66.631989
67.131989
67.631989
68.131989
68.631989
69.131989
69.631989
70.131989
70.631989
80.370721
80.870721
81.370721
81.870721
82.370721
82.870721
83.370721
83.870721
84.370721
84.870721
67.724645
68.224645
68.724645
69.224645
69.724645
70.224645
70.724645
71.224645
71.724645
72.224645
78.042092
78.542092
79.042092
79.542092
80.042092
80.542092
81.042092
81.542092
82.042092
82.542092
84.797858
85.297858
85.797858
86.297858
86.797858
87.297858
87.797858
88.297858
88.797858
89.297858
63.529438
64.029438
64.529438
65.029438
65.529438
66.029438
66.529438
67.029438
67.529438
68.029438
72.085866
72.585866
73.085866
73.585866
74.085866
74.585866
75.085866
75.585866
76.085866
76.585866
79.375411
79.875411
80.375411
80.875411
81.375411
81.875411
82.375411
82.875411
83.375411
83.875411
80.377813
80.877813
81.377813
81.877813
82.377813
82.877813
83.377813
83.877813
84.377813
84.877813
92.049537
92.549537
93.049537
93.549537
94.049537
94.549537
95.049537
95.549537
96.049537
96.549537
65.309703
65.809703
66.309703
66.809703
67.309703
67.809703
68.309703
68.809703
69.309703
69.809703
83.482030
83.982030
84.482030
84.982030
85.482030
85.982030
86.482030
86.982030
87.482030
87.982030
42.868838
43.368838
43.868838
44.368838
44.868838
45.368838
45.868838
46.368838
46.868838
47.368838
63.098006
63.598006
64.098006
64.598006
65.098006
65.598006
66.098006
66.598006
67.098006
67.598006
55.234116
55.734116
56.234116
56.734116
57.234116
57.734116
58.234116
58.734116
59.234116
59.734116
87.513977
88.013977
88.513977
89.013977
89.513977
90.013977
90.513977
91.013977
91.513977
92.013977
124.140037
124.640037
125.140037
125.640037
126.140037
126.640037
127.140037
127.640037
128.140037
128.640037
53.388877
53.888877
54.388877
54.888877
55.388877
55.888877
56.388877
56.888877
57.388877
57.888877
71.614957
72.114957
72.614957
73.114957
73.614957
74.114957
74.614957
75.114957
75.614957
76.114957
79.688150
80.188150
80.688150
81.188150
81.688150
82.188150
82.688150
83.188150
83.688150
84.188150
68.496071
68.996071
69.496071
69.996071
70.496071
70.996071
71.496071
71.996071
72.496071
72.996071
63.761505
64.261505
64.761505
65.261505
65.761505
66.261505
66.761505
67.261505
67.761505
68.261505
51.384053
51.884053
52.384053
52.884053
53.384053
53.884053
54.384053
54.884053
55.384053
55.884053
53.279785
53.779785
54.279785
54.779785
55.279785
55.779785
56.279785
56.779785
57.279785
57.779785
72.571753
73.071753
73.571753
74.071753
74.571753
75.071753
75.571753
76.071753
76.571753
77.071753
89.048389
89.548389
90.048389
90.548389
91.048389
91.548389
92.048389
92.548389
93.048389
93.548389
74.933381
75.433381
75.933381
76.433381
76.933381
77.433381
77.933381
78.433381
78.933381
79.433381
55.288680
55.788680
56.288680
56.788680
57.288680
57.788680
58.288680
58.788680
59.288680
59.788680
56.266305
56.766305
57.266305
57.766305
58.266305
58.766305
59.266305
59.766305
60.266305
60.766305
79.389364
79.889364
80.389364
80.889364
81.389364
81.889364
82.389364
82.889364
83.389364
83.889364
87.044544
87.544544
88.044544
88.544544
89.044544
89.544544
90.044544
90.544544
91.044544
91.544544
91.670290
92.170290
92.670290
93.170290
93.670290
94.170290
94.670290
95.170290
95.670290
96.170290
75.871287
76.371287
76.871287
77.371287
77.871287
78.371287
78.871287
79.371287
79.871287
80.371287
73.537872
74.037872
74.537872
75.037872
75.537872
76.037872
76.537872
77.037872
77.537872
78.037872
53.812238
54.312238
54.812238
55.312238
55.812238
56.312238
56.812238
57.312238
57.812238
58.312238
63.448469
63.948469
64.448469
64.948469
65.448469
65.948469
66.448469
66.948469
67.448469
67.948469
90.849167
91.349167
91.849167
92.349167
92.849167
93.349167
93.849167
94.349167
94.849167
95.349167
81.699173
82.199173
82.699173
83.199173
83.699173
84.199173
84.699173
85.199173
85.699173
86.199173
77.869231
78.369231
78.869231
79.369231
79.869231
80.369231
80.869231
81.369231
81.869231
82.369231
78.101646
78.601646
79.101646
79.601646
80.101646
80.601646
81.101646
81.601646
82.101646
82.601646
89.785764
90.285764
90.785764
91.285764
91.785764
92.285764
92.785764
93.285764
93.785764
94.285764
71.853032
72.353032
72.853032
73.353032
73.853032
74.353032
74.853032
75.353032
75.853032
76.353032
82.183171
82.683171
83.183171
83.683171
84.183171
84.683171
85.183171
85.683171
86.183171
86.683171
87.193711
87.693711
88.193711
88.693711
89.193711
89.693711
90.193711
90.693711
91.193711
91.693711
74.022945
74.522945
75.022945
75.522945
76.022945
76.522945
77.022945
77.522945
78.022945
78.522945
41.462277
41.962277
42.462277
42.962277
43.462277
43.962277
44.462277
44.962277
45.462277
45.962277
89.871870
90.371870
90.871870
91.371870
91.871870
92.371870
92.871870
93.371870
93.871870
94.371870
61.374938
61.874938
62.374938
62.874938
63.374938
63.874938
64.374938
64.874938
65.374938
65.874938
53.073968
53.573968
54.073968
54.573968
55.073968
55.573968
56.073968
56.573968
57.073968
57.573968
63.848427
64.348427
64.848427
65.348427
65.848427
66.348427
66.848427
67.348427
67.848427
68.348427
80.906192
81.406192
81.906192
82.406192
82.906192
83.406192
83.906192
84.406192
84.906192
85.406192
60.710010
61.210010
61.710010
62.210010
62.710010
63.210010
63.710010
64.210010
64.710010
65.210010
74.346013
74.846013
75.346013
75.846013
76.346013
76.846013
77.346013
77.846013
78.346013
78.846013
60.819398
61.319398
61.819398
62.319398
62.819398
63.319398
63.819398
64.319398
64.819398
65.319398
64.936921
65.436921
65.936921
66.436921
66.936921
67.436921
67.936921
68.436921
68.936921
69.436921
78.067522
78.567522
79.067522
79.567522
80.067522
80.567522
81.067522
81.567522
82.067522
82.567522
74.638276
75.138276
75.638276
76.138276
76.638276
77.138276
77.638276
78.138276
78.638276
79.138276
74.328382
74.828382
75.328382
75.828382
76.328382
76.828382
77.328382
77.828382
78.328382
78.828382
65.136701
65.636701
66.136701
66.636701
67.136701
67.636701
68.136701
68.636701
69.136701
69.636701
67.275720
67.775720
68.275720
68.775720
69.275720
69.775720
70.275720
70.775720
71.275720
71.775720
62.786341
63.286341
63.786341
64.286341
64.786341
65.286341
65.786341
66.286341
66.786341
67.286341
44.637105
45.137105
45.637105
46.137105
46.637105
47.137105
47.637105
48.137105
48.637105
49.137105
81.052842
81.552842
82.052842
82.552842
83.052842
83.552842
84.052842
84.552842
85.052842
85.552842
77.454493
77.954493
78.454493
78.954493
79.454493
79.954493
80.454493
80.954493
81.454493
81.954493
52.073549
52.573549
53.073549
53.573549
54.073549
54.573549
55.073549
55.573549
56.073549
56.573549
52.783047
53.283047
53.783047
54.283047
54.783047
55.283047
55.783047
56.283047
56.783047
57.283047
52.133084
52.633084
53.133084
53.633084
54.133084
54.633084
55.133084
55.633084
56.133084
56.633084
72.661206
73.161206
73.661206
74.161206
74.661206
75.161206
75.661206
76.161206
76.661206
77.161206
76.912993
77.412993
77.912993
78.412993
78.912993
79.412993
79.912993
80.412993
80.912993
81.412993
61.114197
61.614197
62.114197
62.614197
63.114197
63.614197
64.114197
64.614197
65.114197
65.614197
69.121534
69.621534
70.121534
70.621534
71.121534
71.621534
72.121534
72.621534
73.121534
73.621534
91.129902
91.629902
92.129902
92.629902
93.129902
93.629902
94.129902
94.629902
95.129902
95.629902
39.862646
40.362646
40.862646
41.362646
41.862646
42.362646
42.862646
43.362646
43.862646
44.362646
82.383267
82.883267
83.383267
83.883267
84.383267
84.883267
85.383267
85.883267
86.383267
86.883267
68.371826
68.871826
69.371826
69.871826
70.371826
70.871826
71.371826
71.871826
72.371826
72.871826
58.132460
58.632460
59.132460
59.632460
60.132460
60.632460
61.132460
61.632460
62.132460
62.632460
55.327403
55.827403
56.327403
56.827403
57.327403
57.827403
58.327403
58.827403
59.327403
59.827403
63.395540
63.895540
64.395540
64.895540
65.395540
65.895540
66.395540
66.895540
67.395540
67.895540
64.350456
64.850456
65.350456
65.850456
66.350456
66.850456
67.350456
67.850456
68.350456
68.850456
88.426636
88.926636
89.426636
89.926636
90.426636
90.926636
91.426636
91.926636
92.426636
92.926636
84.851873
85.351873
85.851873
86.351873
86.851873
87.351873
87.851873
88.351873
88.851873
89.351873
68.264638
68.764638
69.264638
69.764638
70.264638
70.764638
71.264638
71.764638
72.264638
72.764638
87.385279
87.885279
88.385279
88.885279
89.385279
89.885279
90.385279
90.885279
91.385279
91.885279
58.486101
58.986101
59.486101
59.986101
60.486101
60.986101
61.486101
61.986101
62.486101
62.986101
98.516618
99.016618
99.516618
100.016618
100.516618
101.016618
101.516618
102.016618
102.516618
103.016618
79.184476
79.684476
80.184476
80.684476
81.184476
81.684476
82.184476
82.684476
83.184476
83.684476
80.014798
80.514798
81.014798
81.514798
82.014798
82.514798
83.014798
83.514798
84.014798
84.514798
45.549789
46.049789
46.549789
47.049789
47.549789
48.049789
48.549789
49.049789
49.549789
50.049789
64.821041
65.321041
65.821041
66.321041
66.821041
67.321041
67.821041
68.321041
68.821041
69.321041
62.800825
63.300825
63.800825
64.300825
64.800825
65.300825
65.800825
66.300825
66.800825
67.300825
74.885497
75.385497
75.885497
76.385497
76.885497
77.385497
77.885497
78.385497
78.885497
79.385497
80.969633
81.469633
81.969633
82.469633
82.969633
83.469633
83.969633
84.469633
84.969633
85.469633
60.527530
61.027530
61.527530
62.027530
62.527530
63.027530
63.527530
64.027530
64.527530
65.027530
90.489071
90.989071
91.489071
91.989071
92.489071
92.989071
93.489071
93.989071
94.489071
94.989071
97.244525
97.744525
98.244525
98.744525
99.244525
99.744525
100.244525
100.744525
101.244525
101.744525
60.517694
61.017694
61.517694
62.017694
62.517694
63.017694
63.517694
64.017694
64.517694
65.017694
58.170711
58.670711
59.170711
59.670711
60.170711
60.670711
61.170711
61.670711
62.170711
62.670711
46.175945
46.675945
47.175945
47.675945
48.175945
48.675945
49.175945
49.675945
50.175945
50.675945
82.758600
83.258600
83.758600
84.258600
84.758600
85.258600
85.758600
86.258600
86.758600
87.258600
52.869702
53.369702
53.869702
54.369702
54.869702
55.369702
55.869702
56.369702
56.869702
57.369702
87.777365
88.277365
88.777365
89.277365
89.777365
90.277365
90.777365
91.277365
91.777365
92.277365
56.706650
57.206650
57.706650
58.206650
58.706650
59.206650
59.706650
60.206650
60.706650
61.206650
84.139049
84.639049
85.139049
85.639049
86.139049
86.639049
87.139049
87.639049
88.139049
88.639049
74.221160
74.721160
75.221160
75.721160
76.221160
76.721160
77.221160
77.721160
78.221160
78.721160
49.904937
50.404937
50.904937
51.404937
51.904937
52.404937
52.904937
53.404937
53.904937
54.404937
63.874752
64.374752
64.874752
65.374752
65.874752
66.374752
66.874752
67.374752
67.874752
68.374752
67.057755
67.557755
68.057755
68.557755
69.057755
69.557755
70.057755
70.557755
71.057755
71.557755
49.614913
50.114913
50.614913
51.114913
51.614913
52.114913
52.614913
53.114913
53.614913
54.114913
61.242503
61.742503
62.242503
62.742503
63.242503
63.742503
64.242503
64.742503
65.242503
65.742503
78.280442
78.780442
79.280442
79.780442
80.280442
80.780442
81.280442
81.780442
82.280442
82.780442
51.182707
51.682707
52.182707
52.682707
53.182707
53.682707
54.182707
54.682707
55.182707
55.682707
70.125894
70.625894
71.125894
71.625894
72.125894
72.625894
73.125894
73.625894
74.125894
74.625894
76.730339
77.230339
77.730339
78.230339
78.730339
79.230339
79.730339
80.230339
80.730339
81.230339
57.096698
57.596698
58.096698
58.596698
59.096698
59.596698
60.096698
60.596698
61.096698
61.596698
87.404040
87.904040
88.404040
88.904040
89.404040
89.904040
90.404040
90.904040
91.404040
91.904040
69.596029
70.096029
70.596029
71.096029
71.596029
72.096029
72.596029
73.096029
73.596029
74.096029
67.443141
67.943141
68.443141
68.943141
69.443141
69.943141
70.443141
70.943141
71.443141
71.943141
70.932062
71.432062
71.932062
72.432062
72.932062
73.432062
73.932062
74.432062
74.932062
75.432062
77.398416
77.898416
78.398416
78.898416
79.398416
79.898416
80.398416
80.898416
81.398416
81.898416
86.640683
87.140683
87.640683
88.140683
88.640683
89.140683
89.640683
90.140683
90.640683
91.140683
67.279465
67.779465
68.279465
68.779465
69.279465
69.779465
70.279465
70.779465
71.279465
71.779465
76.751708
77.251708
77.751708
78.251708
78.751708
79.251708
79.751708
80.251708
80.751708
81.251708
63.079665
63.579665
64.079665
64.579665
65.079665
65.579665
66.079665
66.579665
67.079665
67.579665
40.340049
40.840049
41.340049
41.840049
42.340049
42.840049
43.340049
43.840049
44.340049
44.840049
74.121938
74.621938
75.121938
75.621938
76.121938
76.621938
77.121938
77.621938
78.121938
78.621938
77.310403
77.810403
78.310403
78.810403
79.310403
79.810403
80.310403
80.810403
81.310403
81.810403
66.463287
66.963287
67.463287
67.963287
68.463287
68.963287
69.463287
69.963287
70.463287
70.963287
93.267320
93.767320
94.267320
94.767320
95.267320
95.767320
96.267320
96.767320
97.267320
97.767320
76.600429
77.100429
77.600429
78.100429
78.600429
79.100429
79.600429
80.100429
80.600429
81.100429
72.026430
72.526430
73.026430
73.526430
74.026430
74.526430
75.026430
75.526430
76.026430
76.526430
57.761350
58.261350
58.761350
59.261350
59.761350
60.261350
60.761350
61.261350
61.761350
62.261350
69.085195
69.585195
70.085195
70.585195
71.085195
71.585195
72.085195
72.585195
73.085195
73.585195
69.030272
69.530272
70.030272
70.530272
71.030272
71.530272
72.030272
72.530272
73.030272
73.530272
70.262566
70.762566
71.262566
71.762566
72.262566
72.762566
73.262566
73.762566
74.262566
74.762566
85.876601
86.376601
86.876601
87.376601
87.876601
88.376601
88.876601
89.376601
89.876601
90.376601
58.518664
59.018664
59.518664
60.018664
60.518664
61.018664
61.518664
62.018664
62.518664
63.018664
78.574966
79.074966
79.574966
80.074966
80.574966
81.074966
81.574966
82.074966
82.574966
83.074966
100.931486
101.431486
101.931486
102.431486
102.931486
103.431486
103.931486
104.431486
104.931486
105.431486
64.932091
65.432091
65.932091
66.432091
66.932091
67.432091
67.932091
68.432091
68.932091
69.432091
58.311572
58.811572
59.311572
59.811572
60.311572
60.811572
61.311572
61.811572
62.311572
62.811572
55.783910
56.283910
56.783910
57.283910
57.783910
58.283910
58.783910
59.283910
59.783910
60.283910
62.910751
63.410751
63.910751
64.410751
64.910751
65.410751
65.910751
66.410751
66.910751
67.410751
84.240023
84.740023
85.240023
85.740023
86.240023
86.740023
87.240023
87.740023
88.240023
88.740023
63.984177
64.484177
64.984177
65.484177
65.984177
66.484177
66.984177
67.484177
67.984177
68.484177
83.185547
83.685547
84.185547
84.685547
85.185547
85.685547
86.185547
86.685547
87.185547
87.685547
77.601104
78.101104
78.601104
79.101104
79.601104
80.101104
80.601104
81.101104
81.601104
82.101104
97.748536
98.248536
98.748536
99.248536
99.748536
100.248536
100.748536
101.248536
101.748536
102.248536
77.404934
77.904934
78.404934
78.904934
79.404934
79.904934
80.404934
80.904934
81.404934
81.904934
66.399793
66.899793
67.399793
67.899793
68.399793
68.899793
69.399793
69.899793
70.399793
70.899793
92.749009
93.249009
93.749009
94.249009
94.749009
95.249009
95.749009
96.249009
96.749009
97.249009
65.448232
65.948232
66.448232
66.948232
67.448232
67.948232
68.448232
68.948232
69.448232
69.948232
85.708740
86.208740
86.708740
87.208740
87.708740
88.208740
88.708740
89.208740
89.708740
90.208740
101.766713
102.266713
102.766713
103.266713
103.766713
104.266713
104.766713
105.266713
105.766713
106.266713
86.812368
87.312368
87.812368
88.312368
88.812368
89.312368
89.812368
90.312368
90.812368
91.312368
55.754003
56.254003
56.754003
57.254003
57.754003
58.254003
58.754003
59.254003
59.754003
60.254003
78.418207
78.918207
79.418207
79.918207
80.418207
80.918207
81.418207
81.918207
82.418207
82.918207
81.176641
81.676641
82.176641
82.676641
83.176641
83.676641
84.176641
84.676641
85.176641
85.676641
54.773524
55.273524
55.773524
56.273524
56.773524
57.273524
57.773524
58.273524
58.773524
59.273524
52.927460
53.427460
53.927460
54.427460
54.927460
55.427460
55.927460
56.427460
56.927460
57.427460
71.468553
71.968553
72.468553
72.968553
73.468553
73.968553
74.468553
74.968553
75.468553
75.968553
83.216757
83.716757
84.216757
84.716757
85.216757
85.716757
86.216757
86.716757
87.216757
87.716757
102.554138
103.054138
103.554138
104.054138
104.554138
105.054138
105.554138
106.054138
106.554138
107.054138
62.684649
63.184649
63.684649
64.184649
64.684649
65.184649
65.684649
66.184649
66.684649
67.184649
71.851328
72.351328
72.851328
73.351328
73.851328
74.351328
74.851328
75.351328
75.851328
76.351328
49.090661
49.590661
50.090661
50.590661
51.090661
51.590661
52.090661
52.590661
53.090661
53.590661
87.420128
87.920128
88.420128
88.920128
89.420128
89.920128
90.420128
90.920128
91.420128
91.920128
59.283568
59.783568
60.283568
60.783568
61.283568
61.783568
62.283568
62.783568
63.283568
63.783568
121.552690
122.052690
122.552690
123.052690
123.552690
124.052690
124.552690
125.052690
125.552690
126.052690
71.705198
72.205198
72.705198
73.205198
73.705198
74.205198
74.705198
75.205198
75.705198
76.205198
66.431567
66.931567
67.431567
67.931567
68.431567
68.931567
69.431567
69.931567
70.431567
70.931567
64.177559
64.677559
65.177559
65.677559
66.177559
66.677559
67.177559
67.677559
68.177559
68.677559
41.022744
41.522744
42.022744
42.522744
43.022744
43.522744
44.022744
44.522744
45.022744
45.522744
53.341309
53.841309
54.341309
54.841309
55.341309
55.841309
56.341309
56.841309
57.341309
57.841309
50.698348
51.198348
51.698348
52.198348
52.698348
53.198348
53.698348
54.198348
54.698348
55.198348
68.777785
69.277785
69.777785
70.277785
70.777785
71.277785
71.777785
72.277785
72.777785
73.277785
72.648641
73.148641
73.648641
74.148641
74.648641
75.148641
75.648641
76.148641
76.648641
77.148641
71.614030
72.114030
72.614030
73.114030
73.614030
74.114030
74.614030
75.114030
75.614030
76.114030
71.774829
72.274829
72.774829
73.274829
73.774829
74.274829
74.774829
75.274829
75.774829
76.274829
72.353004
72.853004
73.353004
73.853004
74.353004
74.853004
75.353004
75.853004
76.353004
76.853004
56.325995
56.825995
57.325995
57.825995
58.325995
58.825995
59.325995
59.825995
60.325995
60.825995
81.557098
82.057098
82.557098
83.057098
83.557098
84.057098
84.557098
85.057098
85.557098
86.057098
72.307728
72.807728
73.307728
73.807728
74.307728
74.807728
75.307728
75.807728
76.307728
76.807728
61.332047
61.832047
62.332047
62.832047
63.332047
63.832047
64.332047
64.832047
65.332047
65.832047
79.397966
79.897966
80.397966
80.897966
81.397966
81.897966
82.397966
82.897966
83.397966
83.897966
91.987784
92.487784
92.987784
93.487784
93.987784
94.487784
94.987784
95.487784
95.987784
96.487784
89.668110
90.168110
90.668110
91.168110
91.668110
92.168110
92.668110
93.168110
93.668110
94.168110
59.767912
60.267912
60.767912
61.267912
61.767912
62.267912
62.767912
63.267912
63.767912
64.267912
69.747960
70.247960
70.747960
71.247960
71.747960
72.247960
72.747960
73.247960
73.747960
74.247960
99.873292
100.373292
100.873292
101.373292
101.873292
102.373292
102.873292
103.373292
103.873292
104.373292
56.350855
56.850855
57.350855
57.850855
58.350855
58.850855
59.350855
59.850855
60.350855
60.850855
87.964992
88.464992
88.964992
89.464992
89.964992
90.464992
90.964992
91.464992
91.964992
92.464992
74.215274
74.715274
75.215274
75.715274
76.215274
76.715274
77.215274
77.715274
78.215274
78.715274
65.512158
66.012158
66.512158
67.012158
67.512158
68.012158
68.512158
69.012158
69.512158
70.012158
61.786278
62.286278
62.786278
63.286278
63.786278
64.286278
64.786278
65.286278
65.786278
66.286278
49.303639
49.803639
50.303639
50.803639
51.303639
51.803639
52.303639
52.803639
53.303639
53.803639
63.501863
64.001863
64.501863
65.001863
65.501863
66.001863
66.501863
67.001863
67.501863
68.001863
70.369532
70.869532
71.369532
71.869532
72.369532
72.869532
73.369532
73.869532
74.369532
74.869532
80.828867
81.328867
81.828867
82.328867
82.828867
83.328867
83.828867
84.328867
84.828867
85.328867
66.076201
66.576201
67.076201
67.576201
68.076201
68.576201
69.076201
69.576201
70.076201
70.576201
64.557575
65.057575
65.557575
66.057575
66.557575
67.057575
67.557575
68.057575
68.557575
69.057575
76.142678
76.642678
77.142678
77.642678
78.142678
78.642678
79.142678
79.642678
80.142678
80.642678
75.235150
75.735150
76.235150
76.735150
77.235150
77.735150
78.235150
78.735150
79.235150
79.735150
55.985926
56.485926
56.985926
57.485926
57.985926
58.485926
58.985926
59.485926
59.985926
60.485926
54.275105
54.775105
55.275105
55.775105
56.275105
56.775105
57.275105
57.775105
58.275105
58.775105
63.156709
63.656709
64.156709
64.656709
65.156709
65.656709
66.156709
66.656709
67.156709
67.656709
68.676803
69.176803
69.676803
70.176803
70.676803
71.176803
71.676803
72.176803
72.676803
73.176803
49.592064
50.092064
50.592064
51.092064
51.592064
52.092064
52.592064
53.092064
53.592064
54.092064
85.734086
86.234086
86.734086
87.234086
87.734086
88.234086
88.734086
89.234086
89.734086
90.234086
86.017362
86.517362
87.017362
87.517362
88.017362
88.517362
89.017362
89.517362
90.017362
90.517362
81.195034
81.695034
82.195034
82.695034
83.195034
83.695034
84.195034
84.695034
85.195034
85.695034
70.519714
71.019714
71.519714
72.019714
72.519714
73.019714
73.519714
74.019714
74.519714
75.019714
101.809272
102.309272
102.809272
103.309272
103.809272
104.309272
104.809272
105.309272
105.809272
106.309272
46.946889
47.446889
47.946889
48.446889
48.946889
49.446889
49.946889
50.446889
50.946889
51.446889
60.655369
61.155369
61.655369
62.155369
62.655369
63.155369
63.655369
64.155369
64.655369
65.155369
100.719961
101.219961
101.719961
102.219961
102.719961
103.219961
103.719961
104.219961
104.719961
105.219961
82.952927
83.452927
83.952927
84.452927
84.952927
85.452927
85.952927
86.452927
86.952927
87.452927
56.597381
57.097381
57.597381
58.097381
58.597381
59.097381
59.597381
60.097381
60.597381
61.097381
80.915198
81.415198
81.915198
82.415198
82.915198
83.415198
83.915198
84.415198
84.915198
85.415198
63.860069
64.360069
64.860069
65.360069
65.860069
66.360069
66.860069
67.360069
67.860069
68.360069
100.366122
100.866122
101.366122
101.866122
102.366122
102.866122
103.366122
103.866122
104.366122
104.866122
44.489272
44.989272
45.489272
45.989272
46.489272
46.989272
47.489272
47.989272
48.489272
48.989272
67.326795
67.826795
68.326795
68.826795
69.326795
69.826795
70.326795
70.826795
71.326795
71.826795
62.459300
62.959300
63.459300
63.959300
64.459300
64.959300
65.459300
65.959300
66.459300
66.959300
84.358779
84.858779
85.358779
85.858779
86.358779
86.858779
87.358779
87.858779
88.358779
88.858779
30.217083
30.717083
31.217083
31.717083
32.217083
32.717083
33.217083
33.717083
34.217083
34.717083
