0.294393 0.407290
0.295080 0.410544
0.295766 0.413770
0.296446 0.416977
0.297137 0.420210
0.297841 0.423457
0.298540 0.426679
0.299217 0.429805
0.299900 0.432932
0.300602 0.436095
0.301313 0.439245
0.302031 0.442390
0.302791 0.445620
0.303565 0.448859
0.304377 0.452158
0.305186 0.455405
0.306020 0.458675
0.306826 0.461814
0.307615 0.464855
0.308442 0.467942
0.309317 0.471101
0.310175 0.474152
0.311137 0.477415
0.312112 0.480640
0.313133 0.483914
0.314172 0.487158
0.315227 0.490365
0.316290 0.493514
0.317383 0.496654
0.318529 0.499843
0.319698 0.503005
0.320886 0.506124
0.322156 0.509353
0.323445 0.512534
0.324783 0.515737
0.326181 0.518981
0.327628 0.522249
0.329057 0.525396
0.330543 0.528572
0.332093 0.531796
0.333673 0.534993
0.335320 0.538250
0.336989 0.541468
0.338723 0.544731
0.340516 0.548030
0.342331 0.551291
0.344209 0.554608
0.346150 0.557968
0.348095 0.561270
0.350053 0.564535
0.352111 0.567910
0.354218 0.571331
0.356405 0.574833
0.358602 0.578296
0.360834 0.581792
0.363105 0.585308
0.365452 0.588919
0.367834 0.592549
0.370245 0.596214
0.372736 0.599980
0.375242 0.603768
0.377806 0.607629
0.380396 0.611516
0.383001 0.615427
0.385645 0.619410
0.388315 0.623428
0.391031 0.627524
0.393793 0.631700
0.396565 0.635896
0.399373 0.640157
0.402219 0.644480
0.405122 0.648926
0.408054 0.653409
0.410997 0.657899
0.414026 0.662549
0.417041 0.667162
0.420105 0.671844
0.423203 0.676562
0.426327 0.681299
0.429489 0.686065
0.432713 0.690884
0.436052 0.695849
0.439434 0.700816
0.442857 0.705768
0.446329 0.710733
0.449832 0.715654
0.453391 0.720568
0.457035 0.725499
0.460787 0.730469
0.464599 0.735399
0.468505 0.740339
0.472412 0.745153
0.476371 0.749914
0.480425 0.754658
0.484612 0.759426
0.488782 0.764035
0.493016 0.768581
0.497349 0.773099
0.501870 0.777688
0.506466 0.782216
0.510973 0.786512
0.515602 0.790802
0.520225 0.794956
0.524814 0.798959
0.529467 0.802909
0.534243 0.806873
0.538952 0.810671
0.543835 0.814536
0.548661 0.818262
0.553357 0.821791
0.557986 0.825197
0.562656 0.828589
0.567309 0.831909
0.571945 0.835172
0.576644 0.838460
0.581329 0.841711
0.585985 0.844924
0.590331 0.847862
0.594585 0.850716
0.598659 0.853439
0.602700 0.856146
0.606571 0.858738
0.610704 0.861579
0.614906 0.864494
0.618988 0.867353
0.623074 0.870249
0.626846 0.872949
0.630477 0.875566
0.633816 0.877972
0.636995 0.880303
0.640010 0.882531
0.643032 0.884823
0.646091 0.887208
0.649344 0.889837
0.652598 0.892555
0.655695 0.895217
0.658746 0.897886
0.661703 0.900533
0.664050 0.902655
0.666550 0.904987
0.668873 0.907216
0.671202 0.909516
0.673410 0.911767
0.675906 0.914397
0.678219 0.916918
0.680489 0.919451
0.682737 0.922042
0.684894 0.924600
0.686764 0.926904
0.688580 0.929195
0.690214 0.931340
0.691891 0.933618
0.693557 0.935909
0.695266 0.938377
0.696953 0.940866
0.698714 0.943521
0.700386 0.946136
0.701980 0.948720
0.703425 0.951146
0.704714 0.953425
0.705997 0.955768
0.707287 0.958155
0.708541 0.960561
0.709670 0.962856
0.710928 0.965360
0.712113 0.967833
0.713280 0.970348
0.714390 0.972817
0.715522 0.975354
0.716419 0.977602
0.717403 0.979988
0.718232 0.982194
0.719062 0.984439
0.719802 0.986591
0.720674 0.988951
0.721584 0.991508
0.722401 0.993892
0.723314 0.996485
0.724104 0.998917
0.724717 1.001051
0.725367 1.003282
0.726031 1.005566
0.726609 1.007757
0.727304 1.010149
0.727835 1.012298
0.728457 1.014630
0.729088 1.016977
0.729688 1.019333
0.730286 1.021732
0.730826 1.023974
0.731314 1.026164
0.731797 1.028393
0.732201 1.030404
0.732608 1.032468
0.732959 1.034469
0.733468 1.036759
0.733958 1.039050
0.734455 1.041401
0.735025 1.043870
0.735533 1.046232
