0.099725 -0.004181 0.201638
0.090207 0.014791 0.166061
0.081727 -0.003440 0.219244
0.084322 -0.000934 0.173226
0.072693 0.023506 0.128140
0.022174 0.056246 0.135977
0.000385 0.016561 0.217221
0.000519 0.025070 0.158070
0.039914 0.024904 0.123459
0.090319 0.078621 0.198144
0.007445 0.088650 0.154715
0.000932 0.055534 0.154357
0.006759 0.023588 0.171332
0.800541 -0.351288 0.385540
0.031815 0.063757 0.197480
0.000570 0.061620 0.139257
0.000877 0.084052 0.146122
0.067578 0.093779 0.204311
0.545373 -0.149402 0.367946
0.055082 0.017023 0.166905
0.000488 0.046650 0.158700
0.000388 0.040437 0.206037
0.029635 0.092372 0.164221
0.064501 0.093454 0.147571
0.023422 0.026250 0.083746
0.000236 0.021744 0.124760
0.000355 0.019361 0.206545
