-0.420994
0.009053
-0.377379
0.371531
-1.489718
-0.792166
-0.072823
-0.331268
-0.125014
-0.258282
0.943781
-0.104925
-0.318653
-0.651098
0.274160
-1.325564
-0.059160
-0.053373
-0.108179
-0.260852
-0.213578
-0.429743
-0.037977
-0.335349
0.049371
0.757939
-0.024752
-0.556096
0.904839
0.213964
-0.220114
-0.480394
-0.076902
0.470215
-1.961997
0.267854
0.185115
0.482027
-0.247006
-2.239479
-0.138174
-0.015539
0.088095
-0.224200
-0.291088
0.145113
2.014621
0.891238
0.098555
-2.438975
-0.672775
1.299588
-0.628094
-0.797610
-0.306559
0.194443
-0.284318
-0.384271
0.974912
-0.054580
1.163913
1.291110
0.946129
0.010637
-0.637543
0.011880
-0.003926
2.171840
1.063996
0.441967
-1.966851
0.006133
-0.368334
-0.484925
1.628338
-0.263953
0.538106
0.441195
-1.401306
-0.242796
-0.102203
1.278349
0.019835
-0.128755
0.711561
0.005589
-1.265836
-1.588962
0.306513
-0.663125
0.240023
-0.479108
0.085959
0.007907
0.087195
-0.495076
0.220654
0.410094
-0.307199
-0.059526
-0.435287
0.632870
-0.166455
-0.250381
-0.243783
-0.311327
-0.068925
-0.039750
0.158191
-2.186970
0.067827
-0.207581
0.501540
-0.132128
-2.424382
-2.197195
0.619822
0.829852
0.850283
-2.802759
0.594868
-0.175074
1.262726
0.471287
-0.609472
-0.084667
1.042990
-0.357471
0.368255
-0.138536
0.103643
-0.113821
-0.418028
1.277741
0.447166
-0.007410
-0.016232
1.435043
-1.614448
-0.009925
-0.325141
-0.460200
0.024531
1.668728
0.820793
-0.128612
0.424865
-1.050070
-0.057562
0.152806
1.149925
0.802460
0.002278
1.373496
0.211990
0.249283
-0.163710
1.739249
1.327123
2.783356
0.410452
0.024961
-0.161555
-0.371605
-0.811710
-0.109218
-0.184233
0.150901
-1.997901
-0.209966
-0.035203
0.321691
-0.243359
-0.954357
0.049855
-0.333266
-0.300400
-3.034648
0.256335
-0.294041
0.214968
0.740592
0.433052
1.015111
0.957416
0.782715
-0.120491
-0.504359
-0.225624
-0.441612
0.038200
0.052386
0.798289
-0.007753
0.217331
-0.064438
0.377268
-0.464434
1.238466
-0.176320
-0.082875
-1.999366
-0.031584
-0.650447
-1.426092
-2.450874
1.319263
0.127790
-0.510687
-0.223733
0.525805
-1.570763
-0.206595
0.607516
-0.063634
-0.001231
-0.277480
-1.389156
-0.210938
0.433065
-0.578488
0.085000
0.209193
-0.031415
-0.135900
0.228839
1.433681
0.794609
-0.192251
-0.327374
0.699060
0.399321
0.808474
-0.188327
-0.164656
1.085450
-0.002380
-0.406569
0.085451
-3.670289
0.367781
-1.917571
0.006086
0.553269
-1.489897
0.445256
1.014764
0.069021
0.187938
-2.628696
-0.548971
-0.068798
0.511921
0.559256
1.293480
-0.477394
0.531882
0.009242
-1.420539
0.179985
-0.062711
-0.068746
-0.082667
0.861425
-0.167377
0.410841
0.970494
-0.452366
-1.821737
0.835167
0.426342
-0.202575
0.665256
-0.258956
-0.046331
0.164557
0.783751
-0.069771
0.524829
-2.125085
-0.032749
0.084159
-0.292158
-1.077821
-1.272531
-0.168504
-0.033651
1.749108
-0.021773
0.351345
0.982548
-6.607688
0.704252
-0.414272
0.470988
0.050350
0.496444
-0.012271
-0.217210
-0.212438
-0.025203
-0.174301
-0.093391
0.212435
-0.055289
-0.012837
-1.657595
-0.033618
-0.431669
0.123546
1.562524
0.097695
-0.682302
-0.338977
0.205928
-0.229092
-0.169875
0.256049
0.730061
0.253545
0.983268
-0.048912
-0.163848
-0.185883
-0.034558
-0.850196
0.168278
-0.155398
0.186656
-0.152874
9.823229
-0.018349
-0.011897
0.389345
-0.222957
-0.170756
0.284735
1.040480
-0.026941
1.348116
0.118285
0.381816
-2.044458
0.169873
-0.185061
-0.389173
-0.254040
-0.246377
0.043597
-0.121131
-0.239784
0.781490
-0.417258
-0.107325
-1.718299
-0.303297
-1.070688
0.470056
1.049641
-2.008606
-0.057862
-0.330719
1.074359
0.751489
1.153277
-0.606985
-0.779874
-0.202128
0.026818
0.231293
-0.737376
0.075135
-0.081591
-0.079219
0.084417
0.966955
0.543398
1.348341
-0.218220
-0.002534
-0.214469
-0.866563
0.719670
-1.205001
-0.084006
0.125199
0.160001
-2.167756
-0.160917
0.015534
-0.125431
-0.296097
0.788921
1.251387
-0.058463
0.441584
-0.013506
-0.225346
0.424187
-0.164745
1.096215
-0.008685
-0.198130
0.431081
-0.304426
0.159641
-0.160610
-0.328507
0.126202
-0.216520
1.483220
0.521002
0.143790
0.672294
1.013200
0.212113
0.157463
0.064867
0.300852
-0.056750
-0.352891
-3.524447
0.975861
1.357722
-0.749133
-0.315925
0.639946
0.741770
-0.029697
1.299390
1.084420
-0.533478
-0.266544
0.198508
2.402620
0.571072
-0.021138
0.840768
-0.405848
0.146858
0.020089
0.195457
-1.949924
0.651854
-0.507265
-0.253534
0.342032
0.353095
0.056754
0.545945
0.121004
0.188715
0.262629
0.184008
0.578453
0.108747
-0.257892
0.188934
0.359018
-0.774856
1.044295
-0.347983
-0.324525
-0.062209
-0.365181
0.425991
-0.498512
-0.089996
-1.475093
0.513990
1.729216
0.081750
-0.127247
0.259375
0.202142
0.346042
0.088372
-0.190914
1.533266
-0.280737
-0.118928
1.026576
0.314208
0.634009
-0.070635
0.060164
-2.117734
1.311595
-0.406505
-0.084541
0.180712
-0.299762
-0.137179
0.651962
-1.186701
0.052479
0.098497
0.042484
0.349061
1.155980
