73.435628
40.082154
71.530288
83.784571
47.197159
19.697867
58.241087
74.196208
63.602643
84.702747
105.016278
54.064316
59.913504
72.661177
75.060915
51.379555
47.600024
76.819738
79.368070
72.674799
73.214008
84.183285
70.498031
65.112292
55.019828
85.977212
63.341330
57.202401
58.898739
58.945630
66.314072
71.142349
67.247077
100.161998
68.525908
81.076915
85.655905
78.757497
96.686900
61.139667
66.693760
57.690379
92.045656
80.135251
64.142132
78.177881
107.230478
73.939454
80.701616
35.162545
63.042261
91.193216
116.128557
77.255046
92.772543
80.449424
86.692233
67.313780
59.880708
43.682116
80.720936
81.132190
61.472290
66.288220
68.923273
70.285153
60.409731
91.397589
97.655693
74.640440
54.337173
85.198998
84.311423
66.106551
77.712589
84.129031
75.421459
98.224944
44.876181
93.193977
73.038117
102.559531
83.781449
84.170318
48.274020
66.317954
33.388210
54.935278
93.922773
92.783397
73.543623
48.661021
66.865281
64.089851
80.273542
85.573397
61.701683
70.452478
77.430163
59.755024
86.500669
60.248702
73.671440
53.457245
68.739866
65.985434
79.612557
85.596445
57.108532
40.628665
71.763154
74.200975
88.460929
63.408709
42.047161
30.965912
105.038672
84.571347
94.433184
72.021198
85.739174
73.894719
78.715781
87.896100
71.924579
82.037520
116.423173
91.446651
84.807625
61.418216
69.878146
65.183359
67.814801
112.776227
42.651047
66.528965
82.515709
56.584993
61.955970
67.093800
70.431262
69.911591
69.177844
76.423706
76.251909
71.881244
67.580607
64.185906
81.123011
61.709256
64.689878
93.147801
58.131660
77.295223
80.023131
73.205500
100.904125
70.110516
39.904309
87.964003
68.372829
69.975464
60.032261
79.109535
84.829564
78.814904
50.197920
69.635686
63.221452
96.768253
59.573687
81.780839
89.088803
56.758422
62.924164
67.889227
89.523866
65.226583
68.755106
64.148695
60.602588
54.691107
64.406885
66.102686
91.759726
117.900886
57.075649
64.083514
55.174890
28.160398
63.463380
80.894086
61.418260
71.894446
70.975768
66.213638
85.567187
73.470134
92.976504
73.756322
60.292111
60.880762
86.747119
46.999469
52.662400
59.609874
57.927343
84.242037
89.080708
68.568065
79.579574
30.733529
76.317926
62.020955
91.843084
87.966871
74.426985
55.878834
79.532942
77.959527
79.790284
119.764180
74.613157
59.326819
95.243050
49.216975
82.013854
70.117658
63.204844
89.096018
73.466326
69.592041
28.453570
67.574036
41.911210
103.326438
57.487604
51.397439
74.628751
60.162156
100.072631
38.570895
70.831817
82.358320
58.126955
79.978076
102.612271
52.368955
68.037384
57.821199
84.100164
60.507221
94.324195
80.926872
93.814951
64.812332
83.053265
75.535711
51.240877
70.301400
69.517132
62.564708
76.662793
85.960183
80.646849
75.137390
69.555205
85.785653
35.702680
70.769263
66.401926
55.045059
70.705892
78.217767
81.427507
59.348637
58.401244
74.611318
71.426605
42.538331
68.313756
76.084713
66.985345
52.272313
25.147735
71.268934
81.621149
69.310996
67.989240
79.316342
82.058444
103.045038
59.952902
69.043354
69.426773
70.858021
50.767168
55.022134
55.266041
75.423656
93.246417
73.456789
63.563672
52.698308
58.546590
94.369330
58.019926
80.888965
72.552412
49.008322
94.554829
86.132721
55.947185
69.431268
86.482548
92.964738
67.022976
92.220807
77.685745
66.407389
94.152606
87.694346
71.461551
64.412179
65.992650
12.752480
66.614369
71.862936
51.906475
67.989448
118.832362
74.659375
73.346026
73.122231
76.677692
68.295187
90.349705
66.882071
80.577511
89.281474
42.475121
73.071255
28.280373
27.171036
88.117236
68.536721
90.271856
52.228689
88.183043
70.155081
48.419414
67.924695
80.044857
61.108787
60.616860
79.650495
42.658488
74.589201
66.340111
77.648691
74.665703
81.245368
103.505002
58.353661
97.602849
87.515085
34.452777
62.253632
91.231659
97.666933
72.028110
63.172572
52.294956
78.468722
56.809716
72.243554
81.006399
63.363415
75.056363
68.732607
68.766689
36.062757
72.119833
73.532942
66.716051
58.296184
75.760191
42.511433
77.385990
89.178110
66.473501
59.457803
114.809706
68.574901
88.400521
52.767604
80.710064
69.246532
76.340670
81.986560
67.602781
75.075055
92.757390
65.347543
57.597097
86.258741
68.973177
67.964804
70.887708
65.109915
53.520071
95.450310
101.657120
137.438163
103.331477
60.434225
57.414010
86.314648
65.232861
87.421354
45.130679
40.208446
60.567330
56.702613
91.518083
80.272070
110.416791
87.591944
86.732131
78.637797
115.822295
79.465061
68.603698
50.885541
82.812120
49.053578
101.267187
88.142054
70.530263
85.331396
86.232387
60.038697
64.509173
50.647745
65.175985
81.961886
61.856045
60.391502
46.583513
106.769828
77.906986
78.824776
64.155305
81.552940
102.880992
65.550948
72.631208
70.380055
71.099400
60.793444
94.989595
67.514282
69.820090
87.650508
56.511146
71.674166
82.505547
71.038860
58.780919
62.848172
103.072257
71.011966
67.244039
72.458795
53.993350
82.157284
79.104367
64.275362
98.218529
75.871519
61.168518
98.915906
81.262994
70.389748
84.151780
74.076752
39.002851
78.061291
55.921464
48.920735
49.950550
57.159087
87.384730
58.727009
77.643150
58.422344
65.523238
41.020265
81.246098
68.693730
