0.274293 0.427505
0.274674 0.430889
0.274997 0.434082
0.275295 0.437234
0.275614 0.440579
0.275916 0.443931
0.276202 0.447264
0.276375 0.450057
0.276555 0.452917
0.276767 0.456019
0.276948 0.458995
0.277131 0.462009
0.277379 0.465483
0.277637 0.469076
0.277916 0.472911
0.278160 0.476556
0.278423 0.480346
0.278594 0.483482
0.278707 0.486183
0.278845 0.489047
0.279047 0.492363
0.279201 0.495185
0.279476 0.499039
0.279756 0.502819
0.280057 0.506784
0.280360 0.510656
0.280664 0.514408
0.280920 0.517768
0.281210 0.521201
0.281526 0.524803
0.281853 0.528324
0.282181 0.531687
0.282576 0.535526
0.282971 0.539167
0.283401 0.542927
0.283896 0.546951
0.284404 0.550988
0.284852 0.554428
0.285341 0.558001
0.285889 0.561808
0.286451 0.565498
0.287049 0.569360
0.287648 0.573034
0.288303 0.576901
0.289005 0.580895
0.289706 0.584690
0.290436 0.588597
0.291237 0.592704
0.291993 0.596430
0.292721 0.599873
0.293577 0.603839
0.294446 0.607821
0.295415 0.612146
0.296369 0.616210
0.297310 0.620184
0.298288 0.624173
0.299357 0.628483
0.300461 0.632782
0.301553 0.636978
0.302777 0.641589
0.303969 0.646013
0.305251 0.650653
0.306570 0.655278
0.307876 0.659765
0.309223 0.664326
0.310609 0.668897
0.312069 0.673618
0.313610 0.678500
0.315159 0.683266
0.316774 0.688122
0.318490 0.693141
0.320268 0.698301
0.322138 0.703532
0.324061 0.708707
0.326126 0.714193
0.328180 0.719434
0.330353 0.724810
0.332603 0.730184
0.334904 0.735498
0.337290 0.740812
0.339865 0.746337
0.342664 0.752177
0.345605 0.758041
0.348675 0.763882
0.351756 0.769520
0.354917 0.775043
0.358185 0.780518
0.361651 0.786075
0.365406 0.791825
0.369320 0.797524
0.373356 0.803130
0.377409 0.808484
0.381406 0.813516
0.385713 0.818686
0.390432 0.824083
0.395028 0.829059
0.399585 0.833732
0.404603 0.838654
0.410257 0.843932
0.416057 0.849027
0.421434 0.853462
0.427290 0.858053
0.433034 0.862294
0.438540 0.866125
0.444429 0.870033
0.450689 0.873966
0.456847 0.877632
0.463842 0.881618
0.470467 0.885136
0.476589 0.888182
0.482587 0.891025
0.488665 0.893767
0.494947 0.896488
0.501478 0.899221
0.508297 0.901952
0.515443 0.904736
0.522698 0.907477
0.528419 0.909445
0.533889 0.911230
0.538792 0.912802
0.543663 0.914321
0.547708 0.915496
0.554066 0.917654
0.560862 0.919896
0.567502 0.922121
0.574530 0.924490
0.580275 0.926464
0.585230 0.928079
0.589169 0.929310
0.592407 0.930304
0.594875 0.930963
0.597941 0.931929
0.601642 0.933206
0.606912 0.935213
0.612582 0.937538
0.617859 0.939850
0.623018 0.942115
0.627794 0.944264
0.629743 0.945085
0.632584 0.946368
0.634904 0.947465
0.637579 0.948794
0.640043 0.950095
0.644182 0.952376
0.647883 0.954547
0.651448 0.956673
0.655009 0.958918
0.658465 0.961171
0.660607 0.962660
0.662684 0.964106
0.664007 0.965117
0.665974 0.966660
0.667783 0.968043
0.670415 0.970225
0.672980 0.972378
0.676012 0.974988
0.678892 0.977588
0.681679 0.980206
0.683564 0.982119
0.684952 0.983667
0.686629 0.985540
0.688224 0.987365
0.689935 0.989373
0.691298 0.991132
0.693198 0.993376
0.695014 0.995650
0.697008 0.998182
0.698705 1.000480
0.700501 1.002911
0.701505 1.004607
0.702791 1.006558
0.703555 1.008038
0.704430 1.009666
0.705097 1.011114
0.706262 1.013045
0.708027 1.015914
0.709259 1.018095
0.710938 1.020909
0.712221 1.023312
0.712713 1.024715
0.713469 1.026473
0.714379 1.028438
0.715079 1.030232
0.716163 1.032508
0.716778 1.034211
0.717779 1.036452
0.718756 1.038664
0.719786 1.041057
0.720986 1.043745
0.721706 1.045686
0.722364 1.047598
0.723180 1.049798
0.723411 1.051034
0.723832 1.052602
0.724166 1.054115
0.725052 1.056421
0.726013 1.058882
0.727168 1.061708
0.728555 1.064859
0.729573 1.067585
