0.579815 0.681763
0.583460 0.687616
0.587095 0.693556
0.590503 0.699181
0.594007 0.705031
0.597427 0.710766
0.600686 0.716232
0.603979 0.721781
0.607353 0.727466
0.610594 0.732874
0.463448 0.668666
0.467236 0.673765
0.471043 0.678911
0.474872 0.684098
0.478723 0.689318
0.482601 0.694563
0.486509 0.699831
0.490450 0.705110
0.494429 0.710396
0.498430 0.715655
0.544383 0.645044
0.550918 0.653751
0.557334 0.662717
0.563431 0.671581
0.569504 0.680725
0.575447 0.689939
0.581220 0.699081
0.586853 0.708126
0.592580 0.717404
0.597891 0.725938
0.351553 0.608716
0.354904 0.615167
0.358374 0.621794
0.361871 0.628399
0.365430 0.635103
0.369169 0.642112
0.372960 0.649174
0.376871 0.656418
0.380906 0.663838
0.385105 0.671486
0.758887 0.997805
0.758887 0.997805
0.758887 0.997805
0.758887 0.997805
0.758887 0.997805
0.758887 0.997805
0.758887 0.997805
0.758887 0.997805
0.758887 0.997805
0.758887 0.997805
0.747779 1.016322
0.747779 1.016322
0.747779 1.016322
0.747779 1.016322
0.747779 1.016322
0.747779 1.016322
0.747779 1.016322
0.747779 1.016322
0.747779 1.016322
0.747779 1.016322
0.722172 0.964296
0.723979 0.969793
0.725683 0.975317
0.727280 0.980847
0.728741 0.986287
0.730085 0.991651
0.731317 0.996940
0.732451 1.002161
0.733534 1.007411
0.734508 1.012524
0.353642 0.483664
0.359067 0.490194
0.364961 0.496723
0.371162 0.503091
0.377712 0.509345
0.384950 0.515815
0.392557 0.522211
0.400848 0.528851
0.409370 0.535394
0.418528 0.542244
0.520132 0.698145
0.525440 0.705356
0.530823 0.712646
0.536185 0.719863
0.541518 0.726970
0.546963 0.734129
0.552390 0.741150
0.557719 0.747898
0.563225 0.754742
0.568722 0.761431
0.534487 0.671312
0.539800 0.678677
0.544987 0.686006
0.550309 0.693642
0.555471 0.701126
0.560613 0.708634
0.565678 0.716039
0.570784 0.723486
0.575686 0.730559
0.580817 0.737936
0.273008 0.428602
0.273008 0.428602
0.273008 0.428602
0.273008 0.428602
0.273008 0.428602
0.273008 0.428602
0.273008 0.428602
0.273008 0.428602
0.273008 0.428602
0.273008 0.428602
0.508693 0.689708
0.512009 0.694185
0.515298 0.698628
0.518572 0.703046
0.521909 0.707548
0.525229 0.712006
0.528619 0.716547
0.531926 0.720946
0.535295 0.725394
0.538653 0.729796
0.553660 0.677468
0.556058 0.680956
0.558511 0.684567
0.561067 0.688367
0.563411 0.691870
0.565863 0.695568
0.568212 0.699129
0.570645 0.702839
0.572936 0.706335
0.575301 0.709962
0.317603 0.381025
0.322860 0.395358
0.328898 0.409248
0.336077 0.422935
0.344640 0.436363
0.354298 0.448901
0.365863 0.461205
0.378801 0.472598
0.394429 0.484048
0.412004 0.495017
0.498293 0.792871
0.508523 0.801849
0.518822 0.810282
0.529476 0.818491
0.540307 0.826381
0.551192 0.833915
0.561462 0.840690
0.571491 0.847083
0.581368 0.853258
0.590896 0.859142
0.756126 1.001849
0.756126 1.001849
0.756126 1.001849
0.756126 1.001849
0.756126 1.001849
0.756126 1.001849
0.756126 1.001849
0.756126 1.001849
0.756126 1.001849
0.756126 1.001849
0.394491 0.569540
0.399468 0.574772
0.404553 0.580097
0.409760 0.585554
0.415072 0.591147
0.420480 0.596890
0.425978 0.602802
0.431512 0.608841
0.437128 0.615084
0.442763 0.621475
0.437350 0.616894
0.443874 0.624384
0.450426 0.632097
0.457022 0.640069
0.463584 0.648203
0.470186 0.656583
0.476816 0.665180
0.483409 0.673873
0.490035 0.682716
0.496717 0.691687
0.513235 0.694700
0.515302 0.697494
0.517371 0.700291
0.519420 0.703057
0.521522 0.705895
0.523649 0.708763
0.525701 0.711521
0.527834 0.714387
0.529933 0.717195
0.532006 0.719954
0.328391 0.451822
0.331269 0.457624
0.334220 0.463215
0.337362 0.468789
0.340871 0.474548
0.344540 0.480179
0.348406 0.485733
0.352506 0.491239
0.356747 0.496589
0.361469 0.502154
0.568238 0.734343
0.577999 0.747671
0.587574 0.760296
0.597138 0.772459
0.606595 0.784075
0.615655 0.794802
0.625140 0.805945
0.633506 0.815364
0.642338 0.825473
0.649784 0.833780
0.665816 0.816906
0.672933 0.827456
0.678967 0.836276
0.685336 0.846137
0.692055 0.857202
0.697465 0.866198
0.701851 0.873814
0.706539 0.882662
0.711304 0.892416
0.715295 0.901226
0.715466 0.950689
0.716979 0.954305
0.718332 0.957772
0.719681 0.961327
0.721008 0.964948
0.722199 0.968410
0.723325 0.971844
0.724479 0.975426
0.725561 0.978958
0.726569 0.982404
0.536825 0.648678
0.540563 0.653576
0.544235 0.658519
0.547876 0.663532
0.551449 0.668557
0.554918 0.673529
0.558323 0.678495
0.561769 0.683603
0.565156 0.688688
0.568645 0.693996
0.400927 0.600828
0.404988 0.605808
0.409107 0.610887
0.413265 0.616050
0.417506 0.621379
0.421766 0.626780
0.426075 0.632309
0.430420 0.637945
0.434781 0.643663
0.439204 0.649540
0.278450 0.423795
0.278450 0.423795
0.278450 0.423795
0.278450 0.423795
0.278450 0.423795
0.278450 0.423795
0.278450 0.423795
0.278450 0.423795
0.278450 0.423795
0.278450 0.423795
0.526419 0.740057
0.531094 0.745744
0.535797 0.751343
0.540530 0.756857
0.545282 0.762263
0.550105 0.767642
0.554929 0.772892
0.559787 0.778058
0.564643 0.783104
0.569471 0.788003
0.744451 1.023209
0.744451 1.023209
0.744451 1.023209
0.744451 1.023209
0.744451 1.023209
0.744451 1.023209
0.744451 1.023209
0.744451 1.023209
0.744451 1.023209
0.744451 1.023209
0.673198 0.972819
0.675485 0.974917
0.680886 0.979768
0.682723 0.981879
0.687032 0.986250
0.689527 0.989222
0.692904 0.993084
0.694883 0.995828
0.697720 0.999529
0.699961 1.002805
0.342707 0.554858
0.348146 0.564327
0.354038 0.574122
0.360279 0.584142
0.366924 0.594542
0.373916 0.605337
0.381226 0.616538
0.388765 0.628103
0.396614 0.640194
0.404762 0.652813
0.532302 0.681544
0.535312 0.685720
0.538287 0.689884
0.541296 0.694115
0.544382 0.698484
0.547373 0.702731
0.550323 0.706925
0.553373 0.711275
0.556295 0.715430
0.559270 0.719654
0.654264 0.788784
0.659747 0.797677
0.664761 0.805555
0.669504 0.812934
0.674080 0.820047
0.678485 0.826952
0.682845 0.833844
0.686815 0.840249
0.690811 0.846816
0.694775 0.853618
0.478656 0.659656
0.481627 0.663494
0.484564 0.667323
0.487446 0.671107
0.490344 0.674940
0.493294 0.678862
0.496221 0.682774
0.499131 0.686676
0.502068 0.690623
0.505008 0.694579
0.286772 0.415657
0.286772 0.415657
0.286772 0.415657
0.286772 0.415657
0.286772 0.415657
0.286772 0.415657
0.286772 0.415657
0.286772 0.415657
0.286772 0.415657
0.286772 0.415657
0.767164 0.987591
0.767164 0.987591
0.767164 0.987591
0.767164 0.987591
0.767164 0.987591
0.767164 0.987591
0.767164 0.987591
0.767164 0.987591
0.767164 0.987591
0.767164 0.987591
0.341220 0.563724
0.346676 0.573717
0.352547 0.584030
0.358850 0.594803
0.365499 0.605929
0.372486 0.617479
0.379729 0.629404
0.387290 0.641846
0.395185 0.654833
0.403470 0.668404
0.480650 0.750454
0.487691 0.758553
0.494816 0.766363
0.502283 0.774169
0.509811 0.781651
0.517605 0.789035
0.525313 0.795970
0.533318 0.802872
0.541280 0.809431
0.549385 0.815863
0.675157 0.940744
0.681601 0.947412
0.687898 0.954598
0.693646 0.961963
0.698949 0.969548
0.703434 0.976785
0.707406 0.983873
0.711201 0.991335
0.714466 0.998433
0.717695 1.006034
0.539743 0.682525
0.541967 0.685658
0.544147 0.688749
0.546396 0.691957
0.548750 0.695338
0.550846 0.698348
0.553155 0.701684
0.555297 0.704775
0.557554 0.708055
0.559712 0.711179
0.772149 0.982750
0.772149 0.982750
0.772149 0.982750
0.772149 0.982750
0.772149 0.982750
0.772149 0.982750
0.772149 0.982750
0.772149 0.982750
0.772149 0.982750
0.772149 0.982750
0.335423 0.481853
0.343336 0.495092
0.352396 0.508201
0.362722 0.521256
0.374418 0.534402
0.387617 0.547928
0.402085 0.561879
0.417736 0.576616
0.434340 0.592491
0.451478 0.609717
0.405681 0.590961
0.416413 0.603019
0.427465 0.615730
0.438744 0.629150
0.450171 0.643285
0.461697 0.658090
0.473315 0.673469
0.485067 0.689277
0.497023 0.705326
0.509248 0.721384
0.451529 0.679416
0.455330 0.684745
0.459159 0.690090
0.463009 0.695433
0.466932 0.700842
0.470900 0.706258
0.474889 0.711632
0.478994 0.717091
0.483138 0.722509
0.487353 0.727922
0.317437 0.430257
0.321229 0.440183
0.325393 0.450027
0.329956 0.459729
0.334936 0.469233
0.340420 0.478602
0.346529 0.487929
0.353274 0.497164
0.360733 0.506347
0.368907 0.515468
0.376722 0.513895
0.387818 0.523979
0.400266 0.534423
0.413642 0.545039
0.427937 0.556087
0.442854 0.567670
0.458668 0.580433
0.474533 0.594105
0.490263 0.608929
0.505690 0.625036
0.352143 0.556515
0.356562 0.563299
0.361272 0.570320
0.366145 0.577405
0.371253 0.584689
0.376544 0.592132
0.382049 0.599824
0.387720 0.607721
0.393518 0.615818
0.399459 0.624144
0.242039 0.449222
0.242039 0.449222
0.242039 0.449222
0.242039 0.449222
0.242039 0.449222
0.242039 0.449222
0.242039 0.449222
0.242039 0.449222
0.242039 0.449222
0.242039 0.449222
0.571793 0.922342
0.587146 0.927682
0.600583 0.932548
0.609844 0.935889
0.616976 0.938592
0.624646 0.941744
0.635998 0.947337
0.645574 0.952561
0.651968 0.956326
0.657805 0.960096
0.468515 0.706634
0.473609 0.713507
0.478831 0.720415
0.484170 0.727320
0.489536 0.734088
0.495022 0.740826
0.500617 0.747500
0.506337 0.754110
0.512175 0.760642
0.518066 0.767001
0.775737 0.979874
0.775737 0.979874
0.775737 0.979874
0.775737 0.979874
0.775737 0.979874
0.775737 0.979874
0.775737 0.979874
0.775737 0.979874
0.775737 0.979874
0.775737 0.979874
0.642687 0.713202
0.648115 0.725003
0.653081 0.735633
0.658226 0.746761
0.663263 0.757476
0.668140 0.767733
0.673017 0.777864
0.677600 0.787186
0.681992 0.795900
0.686239 0.804339
0.262560 0.436788
0.262560 0.436788
0.262560 0.436788
0.262560 0.436788
0.262560 0.436788
0.262560 0.436788
0.262560 0.436788
0.262560 0.436788
0.262560 0.436788
0.262560 0.436788
0.331328 0.416401
0.331865 0.417556
0.332911 0.419458
0.333531 0.420684
0.334541 0.422460
0.335183 0.423699
0.336211 0.425429
0.336944 0.426743
0.338056 0.428542
0.338875 0.429907
0.367088 0.448120
0.374892 0.454874
0.383069 0.461202
0.392238 0.467499
0.402186 0.473640
0.412418 0.479368
0.424284 0.485479
0.437165 0.491671
0.450633 0.497880
0.464488 0.504167
0.581451 0.723424
0.587968 0.733210
0.594509 0.742901
0.601072 0.752495
0.607478 0.761616
0.613921 0.770607
0.620044 0.778910
0.626368 0.787355
0.632761 0.795848
0.639135 0.804209
0.410285 0.655023
0.414167 0.660934
0.418127 0.666960
0.422102 0.672991
0.426175 0.679166
0.430283 0.685342
0.434568 0.691736
0.438934 0.698167
0.443355 0.704574
0.447808 0.710930
0.534603 0.662590
0.538035 0.667255
0.541412 0.671929
0.544759 0.676621
0.548056 0.681309
0.551307 0.685993
0.554724 0.690967
0.557936 0.695680
0.561164 0.700451
0.564478 0.705389
0.574632 0.686272
0.581450 0.697072
0.587993 0.707625
0.594439 0.718097
0.600866 0.728523
0.607200 0.738750
0.613449 0.748680
0.619455 0.757968
0.625423 0.767067
0.631509 0.776191
0.668189 0.973808
0.672728 0.977415
0.677359 0.981341
0.678975 0.982984
0.680624 0.984728
0.684767 0.988711
0.688392 0.992396
0.690107 0.994553
0.691319 0.996273
0.694504 0.999921
0.725731 0.977606
0.726373 0.979834
0.727003 0.982075
0.727660 0.984411
0.728309 0.986769
0.728894 0.989012
0.729430 0.991184
0.729931 0.993326
0.730493 0.995589
0.731012 0.997817
0.266540 0.433825
0.266540 0.433825
0.266540 0.433825
0.266540 0.433825
0.266540 0.433825
0.266540 0.433825
0.266540 0.433825
0.266540 0.433825
0.266540 0.433825
0.266540 0.433825
0.262808 0.436609
0.262808 0.436609
0.262808 0.436609
0.262808 0.436609
0.262808 0.436609
0.262808 0.436609
0.262808 0.436609
0.262808 0.436609
0.262808 0.436609
0.262808 0.436609
0.674282 0.976803
0.677086 0.979323
0.680373 0.982340
0.683696 0.985573
0.687010 0.988943
0.688807 0.991074
0.690641 0.993290
0.692080 0.995190
0.694107 0.997733
0.696573 1.000810
0.430694 0.626866
0.434611 0.631723
0.438532 0.636639
0.442469 0.641638
0.446426 0.646723
0.450400 0.651888
0.454391 0.657132
0.458400 0.662449
0.462425 0.667832
0.466471 0.673278
0.639233 0.717316
0.642123 0.723360
0.645077 0.729615
0.647870 0.735442
0.650617 0.741111
0.653225 0.746453
0.655840 0.751729
0.658461 0.757070
0.661058 0.762285
0.663887 0.768042
0.442884 0.642555
0.447970 0.649118
0.453057 0.655776
0.458221 0.662627
0.463373 0.669526
0.468593 0.676573
0.473840 0.683685
0.479130 0.690858
0.484469 0.698073
0.489872 0.705321
0.536753 0.758553
0.540784 0.763076
0.544890 0.767603
0.548968 0.771991
0.553086 0.776344
0.557244 0.780663
0.561384 0.784871
0.565526 0.789002
0.569668 0.793056
0.573804 0.797036
0.237687 0.451278
0.237687 0.451278
0.237687 0.451278
0.237687 0.451278
0.237687 0.451278
0.237687 0.451278
0.237687 0.451278
0.237687 0.451278
0.237687 0.451278
0.237687 0.451278
0.269476 0.431518
0.269476 0.431518
0.269476 0.431518
0.269476 0.431518
0.269476 0.431518
0.269476 0.431518
0.269476 0.431518
0.269476 0.431518
0.269476 0.431518
0.269476 0.431518
0.618598 0.896179
0.629834 0.902739
0.641518 0.910299
0.649080 0.915310
0.658042 0.922102
0.666916 0.929510
0.673347 0.935412
0.679444 0.941529
0.686160 0.949021
0.691049 0.955102
0.767250 0.987499
0.767250 0.987499
0.767250 0.987499
0.767250 0.987499
0.767250 0.987499
0.767250 0.987499
0.767250 0.987499
0.767250 0.987499
0.767250 0.987499
0.767250 0.987499
0.568458 0.794184
0.588301 0.812500
0.607429 0.829242
0.625259 0.844552
0.641547 0.858832
0.656059 0.872271
0.668937 0.885288
0.680160 0.897927
0.689894 0.910370
0.698341 0.922756
0.347963 0.471683
0.351663 0.476592
0.355356 0.481216
0.359532 0.486098
0.363666 0.490663
0.368280 0.495451
0.373129 0.500202
0.377866 0.504606
0.383217 0.509319
0.388775 0.513988
0.589162 0.675012
0.592372 0.680349
0.595447 0.685559
0.598353 0.690551
0.601312 0.695718
0.604274 0.700941
0.607075 0.705897
0.609696 0.710540
0.612405 0.715395
0.615286 0.720570
0.253001 0.443157
0.253001 0.443157
0.253001 0.443157
0.253001 0.443157
0.253001 0.443157
0.253001 0.443157
0.253001 0.443157
0.253001 0.443157
0.253001 0.443157
0.253001 0.443157
0.540303 0.677414
0.542947 0.681132
0.545574 0.684864
0.548180 0.688590
0.550909 0.692525
0.553411 0.696154
0.556159 0.700162
0.558701 0.703874
0.561351 0.707771
0.563871 0.711463
0.653961 0.927975
0.661676 0.933884
0.668424 0.939498
0.673315 0.943921
0.678021 0.948508
0.683602 0.954421
0.689035 0.960688
0.693208 0.966028
0.696913 0.971205
0.700595 0.976724
0.287904 0.416347
0.288657 0.420711
0.289343 0.424867
0.290010 0.428975
0.290832 0.433672
0.291597 0.438165
0.292270 0.442325
0.292947 0.446501
0.293688 0.450897
0.294536 0.455658
0.757391 0.999955
0.757391 0.999955
0.757391 0.999955
0.757391 0.999955
0.757391 0.999955
0.757391 0.999955
0.757391 0.999955
0.757391 0.999955
0.757391 0.999955
0.757391 0.999955
0.427292 0.564386
0.432425 0.568618
0.437610 0.572919
0.442964 0.577425
0.448367 0.582040
0.453759 0.586734
0.459124 0.591505
0.464664 0.596567
0.470073 0.601648
0.475526 0.606912
0.503344 0.683467
0.509846 0.692219
0.516319 0.700957
0.522882 0.709797
0.529435 0.718559
0.536043 0.727281
0.542704 0.735915
0.549379 0.744378
0.556130 0.752724
0.562830 0.760761
0.263182 0.436337
0.263182 0.436337
0.263182 0.436337
0.263182 0.436337
0.263182 0.436337
0.263182 0.436337
0.263182 0.436337
0.263182 0.436337
0.263182 0.436337
0.263182 0.436337
0.467113 0.677317
0.470230 0.681552
0.473363 0.685811
0.476501 0.690076
0.479658 0.694358
0.482846 0.698667
0.486032 0.702949
0.489287 0.707301
0.492549 0.711625
0.495820 0.715921
0.329935 0.472686
0.331821 0.476436
0.333779 0.480165
0.335772 0.483817
0.337854 0.487476
0.340006 0.491115
0.342259 0.494764
0.344627 0.498442
0.347044 0.502061
0.349565 0.505686
0.661703 0.948749
0.664603 0.950961
0.666902 0.952815
0.669549 0.954993
0.671905 0.957050
0.674187 0.959106
0.676710 0.961501
0.678843 0.963592
0.681324 0.966087
0.683668 0.968578
0.462528 0.666258
0.465654 0.670445
0.468835 0.674729
0.472007 0.679013
0.475192 0.683323
0.478391 0.687656
0.481608 0.692010
0.484847 0.696383
0.488083 0.700733
0.491386 0.705155
0.755142 1.003375
0.755142 1.003375
0.755142 1.003375
0.755142 1.003375
0.755142 1.003375
0.755142 1.003375
0.755142 1.003375
0.755142 1.003375
0.755142 1.003375
0.755142 1.003375
0.760591 0.995474
0.760591 0.995474
0.760591 0.995474
0.760591 0.995474
0.760591 0.995474
0.760591 0.995474
0.760591 0.995474
0.760591 0.995474
0.760591 0.995474
0.760591 0.995474
0.560158 0.845072
0.577958 0.855982
0.595832 0.866820
0.610121 0.875330
0.623374 0.883533
0.637190 0.892861
0.649295 0.901745
0.659022 0.909437
0.668295 0.917654
0.677324 0.926626
0.332050 0.414246
0.335817 0.421384
0.341103 0.429891
0.346331 0.437529
0.351697 0.444600
0.358366 0.452288
0.365144 0.459286
0.372619 0.466184
0.380752 0.472893
0.389757 0.479544
0.327945 0.530918
0.330278 0.536022
0.332850 0.541408
0.335410 0.546570
0.338103 0.551811
0.340930 0.557125
0.343874 0.562496
0.346862 0.567790
0.350031 0.573275
0.353281 0.578775
0.580545 0.663196
0.582368 0.666042
0.584281 0.669071
0.586349 0.672404
0.587997 0.675076
0.590029 0.678437
0.591763 0.681321
0.593554 0.684333
0.595448 0.687571
0.597117 0.690421
0.461236 0.692236
0.466464 0.699457
0.471784 0.706717
0.477219 0.714012
0.482774 0.721318
0.488433 0.728590
0.494152 0.735752
0.500014 0.742885
0.506015 0.749966
0.512041 0.756838
0.508110 0.727754
0.512480 0.733254
0.516894 0.738710
0.521328 0.744081
0.525852 0.749458
0.530398 0.754740
0.534987 0.759952
0.539585 0.765048
0.544268 0.770132
0.548951 0.775091
0.297495 0.403598
0.297495 0.403598
0.297495 0.403598
0.297495 0.403598
0.297495 0.403598
0.297495 0.403598
0.297495 0.403598
0.297495 0.403598
0.297495 0.403598
0.297571 0.403920
0.312591 0.382964
0.312591 0.382964
0.312591 0.382964
0.312777 0.383654
0.315051 0.390888
0.317591 0.398280
0.320394 0.405792
0.323183 0.412798
0.326068 0.419563
0.329438 0.426681
0.599422 0.856943
0.610673 0.864449
0.621395 0.871764
0.629940 0.877591
0.639964 0.885038
0.647904 0.891081
0.655670 0.897441
0.663561 0.904451
0.669543 0.910047
0.676190 0.916847
0.367766 0.651591
0.369586 0.655110
0.371470 0.658750
0.373379 0.662410
0.375329 0.666144
0.377313 0.669905
0.379340 0.673737
0.381308 0.677385
0.383457 0.681406
0.385559 0.685270
0.548114 0.673469
0.552029 0.679075
0.555897 0.684702
0.559842 0.690526
0.563747 0.696362
0.567579 0.702137
0.571286 0.707746
0.575031 0.713427
0.578825 0.719208
0.582463 0.724714
0.525384 0.727527
0.527592 0.730356
0.529841 0.733224
0.532102 0.736081
0.534327 0.738864
0.536650 0.741760
0.538869 0.744483
0.541206 0.747344
0.543420 0.750003
0.545769 0.752823
0.598194 0.707251
0.602063 0.713820
0.606022 0.720570
0.610085 0.727524
0.614058 0.734304
0.617860 0.740690
0.621607 0.746912
0.625315 0.753010
0.629056 0.759113
0.632704 0.764976
0.666555 0.946059
0.673113 0.951733
0.679739 0.958179
0.686058 0.965051
0.692296 0.972569
0.697965 0.980193
0.702788 0.987474
0.707117 0.994746
0.710704 1.001585
0.713573 1.007901
0.423311 0.575955
0.430457 0.582502
0.437793 0.589338
0.445160 0.596359
0.452650 0.603700
0.460123 0.611272
0.467583 0.619113
0.475065 0.627297
0.482395 0.635641
0.489724 0.644316
0.732188 0.977909
0.732895 0.981015
0.733395 0.983625
0.734010 0.986558
0.734530 0.989307
0.735016 0.992033
0.735512 0.994835
0.736019 0.997670
0.736413 1.000298
0.736963 1.003327
0.607782 0.778250
0.614634 0.786829
0.621479 0.795270
0.628032 0.803160
0.634271 0.810516
0.640157 0.817363
0.646139 0.824387
0.652270 0.831699
0.658220 0.838839
0.663827 0.845654
0.733068 0.973589
0.733667 0.976873
0.734836 0.981760
0.735352 0.984968
0.736082 0.988884
0.736754 0.992709
0.737218 0.996003
0.737957 1.000177
0.738448 1.003685
0.738813 1.006882
0.481849 0.666485
0.485673 0.671511
0.489472 0.676547
0.493341 0.681709
0.497198 0.686879
0.501062 0.692070
0.504932 0.697273
0.508805 0.702469
0.512675 0.707640
0.516643 0.712921
0.493974 0.692779
0.497565 0.697601
0.501216 0.702491
0.504864 0.707353
0.508537 0.712219
0.512261 0.717118
0.515980 0.721964
0.519700 0.726758
0.523480 0.731577
0.527284 0.736366
0.338814 0.536672
0.343157 0.544378
0.347734 0.552077
0.352598 0.559880
0.357770 0.567872
0.363229 0.576027
0.368956 0.584387
0.374940 0.592980
0.381197 0.601879
0.387680 0.611086
0.771204 0.983593
0.771204 0.983593
0.771204 0.983593
0.771204 0.983593
0.771204 0.983593
0.771204 0.983593
0.771204 0.983593
0.771204 0.983593
0.771204 0.983593
0.771204 0.983593
0.435061 0.649860
0.440048 0.656642
0.445142 0.663634
0.450263 0.670708
0.455406 0.677834
0.460680 0.685147
0.465956 0.692433
0.471340 0.699817
0.476795 0.707205
0.482382 0.714658
0.524144 0.674737
0.527903 0.679861
0.531658 0.685032
0.535373 0.690193
0.539074 0.695372
0.542832 0.700658
0.546597 0.705975
0.550287 0.711189
0.553961 0.716374
0.557638 0.721541
0.343834 0.630273
0.346647 0.636573
0.349517 0.642923
0.352490 0.649432
0.355678 0.656360
0.358782 0.662988
0.362104 0.670006
0.365552 0.677168
0.369061 0.684292
0.372788 0.691760
0.530945 0.710367
0.538175 0.720140
0.545325 0.729670
0.552605 0.739198
0.559784 0.748358
0.567077 0.757419
0.574436 0.766299
0.581751 0.774862
0.588919 0.782966
0.596251 0.791106
0.775475 0.980066
0.775475 0.980066
0.775475 0.980066
0.775475 0.980066
0.775475 0.980066
0.775475 0.980066
0.775475 0.980066
0.775475 0.980066
0.775475 0.980066
0.775475 0.980066
0.771388 0.983426
0.771388 0.983426
0.771388 0.983426
0.771388 0.983426
0.771388 0.983426
0.771388 0.983426
0.771388 0.983426
0.771388 0.983426
0.771388 0.983426
0.771388 0.983426
0.523874 0.872644
0.543474 0.881703
0.563593 0.890536
0.581567 0.898153
0.596381 0.904468
0.610580 0.910833
0.622894 0.916750
0.634784 0.923188
0.645579 0.929673
0.656094 0.936836
0.276348 0.425697
0.276348 0.425697
0.276348 0.425697
0.276348 0.425697
0.276348 0.425697
0.276348 0.425697
0.276348 0.425697
0.276348 0.425697
0.276348 0.425697
0.276348 0.425697
0.275750 0.426228
0.275750 0.426228
0.275750 0.426228
0.275750 0.426228
0.275750 0.426228
0.275750 0.426228
0.275750 0.426228
0.275750 0.426228
0.275750 0.426228
0.275750 0.426228
0.785198 0.982388
0.784243 0.991236
0.783825 0.984222
0.782550 1.002527
0.782207 0.981860
0.782192 0.976040
0.782192 0.976040
0.782192 0.976040
0.782192 0.976040
0.782192 0.976040
0.283187 0.419284
0.283187 0.419284
0.283187 0.419284
0.283187 0.419284
0.283187 0.419284
0.283187 0.419284
0.283187 0.419284
0.283187 0.419284
0.284304 0.426770
0.285937 0.438252
0.483682 0.634521
0.489336 0.641147
0.494815 0.647763
0.500214 0.654469
0.505704 0.661469
0.511056 0.668453
0.516380 0.675542
0.521695 0.682732
0.526973 0.689954
0.532167 0.697120
0.263640 0.436003
0.263640 0.436003
0.263640 0.436003
0.263640 0.436003
0.263640 0.436003
0.263640 0.436003
0.263640 0.436003
0.263640 0.436003
0.263640 0.436003
0.263640 0.436003
0.286741 0.415689
0.286741 0.415689
0.286741 0.415689
0.286741 0.415689
0.286741 0.415689
0.286741 0.415689
0.286741 0.415689
0.286741 0.415689
0.286741 0.415689
0.286741 0.415689
0.624604 0.696809
0.627281 0.702105
0.629953 0.707464
0.632706 0.713043
0.635323 0.718328
0.637883 0.723511
0.640621 0.729156
0.643166 0.734281
0.645610 0.739206
0.648119 0.744247
0.496842 0.680891
0.499329 0.684221
0.501812 0.687555
0.504266 0.690855
0.506783 0.694243
0.509264 0.697584
0.511751 0.700931
0.514226 0.704254
0.516747 0.707632
0.519291 0.711033
0.270093 0.431020
0.270093 0.431020
0.270093 0.431020
0.270093 0.431020
0.270093 0.431020
0.270093 0.431020
0.270093 0.431020
0.270093 0.431020
0.270093 0.431020
0.270093 0.431020
0.566413 0.682909
0.568859 0.686633
0.571561 0.690798
0.574012 0.694592
0.576594 0.698644
0.578994 0.702406
0.581472 0.706322
0.583887 0.710149
0.586411 0.714163
0.588871 0.718076
0.500436 0.815624
0.512831 0.824865
0.525101 0.833312
0.537346 0.841185
0.549725 0.848735
0.561898 0.855846
0.574120 0.862830
0.585214 0.868974
0.595489 0.874641
0.605010 0.879917
0.520359 0.693718
0.524124 0.698849
0.527950 0.704071
0.531732 0.709226
0.535619 0.714515
0.539475 0.719734
0.543258 0.724814
0.547085 0.729908
0.550991 0.735071
0.554843 0.740094
0.437944 0.665574
0.441412 0.670488
0.444874 0.675392
0.448356 0.680316
0.451913 0.685345
0.455491 0.690378
0.459093 0.695412
0.462753 0.700495
0.466433 0.705554
0.470164 0.710624
0.538538 0.726724
0.543263 0.732903
0.548037 0.739066
0.552813 0.745120
0.557653 0.751161
0.562489 0.757078
0.567318 0.762859
0.572156 0.768534
0.576956 0.774039
0.581761 0.779446
0.734490 0.964387
0.735379 0.968888
0.736132 0.973087
0.737297 0.978646
0.737699 0.982042
0.738644 0.987211
0.739152 0.991122
0.739706 0.995317
0.740522 1.000409
0.740635 1.003385
0.263200 0.436324
0.263200 0.436324
0.263200 0.436324
0.263200 0.436324
0.263200 0.436324
0.263200 0.436324
0.263200 0.436324
0.263200 0.436324
0.263200 0.436324
0.263200 0.436324
0.666462 0.929591
0.672592 0.935172
0.679425 0.941962
0.684987 0.948107
0.690069 0.954310
0.695951 0.962036
0.699786 0.967895
0.704228 0.974980
0.707875 0.981529
0.710890 0.987651
0.546362 0.768256
0.553381 0.775754
0.560465 0.783078
0.567560 0.790178
0.574670 0.797090
0.581708 0.803735
0.588671 0.810141
0.595546 0.816347
0.602325 0.822377
0.608970 0.828231
0.479684 0.681782
0.484901 0.688811
0.490150 0.695881
0.495444 0.702978
0.500789 0.710083
0.506201 0.717195
0.511675 0.724285
0.517205 0.731322
0.522790 0.738288
0.528453 0.745183
0.611839 0.977758
0.618138 0.979681
0.629124 0.983461
0.634555 0.985476
0.638251 0.987041
0.645038 0.989993
0.651825 0.993334
0.654282 0.994672
0.658859 0.997381
0.666972 1.002343
0.761032 0.994890
0.761032 0.994890
0.761032 0.994890
0.761032 0.994890
0.761032 0.994890
0.761032 0.994890
0.761032 0.994890
0.761032 0.994890
0.761032 0.994890
0.761032 0.994890
0.462860 0.661482
0.466795 0.666691
0.470743 0.671957
0.474707 0.677275
0.478688 0.682638
0.482693 0.688042
0.486722 0.693477
0.490756 0.698901
0.494864 0.704401
0.498981 0.709871
0.580125 0.715202
0.581920 0.717960
0.583874 0.720982
0.585540 0.723525
0.587532 0.726599
0.589169 0.729082
0.591201 0.732220
0.592903 0.734772
0.594838 0.737740
0.596522 0.740238
0.643925 0.776623
0.648451 0.783991
0.652412 0.790194
0.656471 0.796557
0.660621 0.803126
0.663789 0.807690
0.668512 0.815351
0.670717 0.818213
0.675699 0.826384
0.678272 0.830054
0.360848 0.546012
0.368518 0.555964
0.376766 0.566177
0.385555 0.576724
0.394836 0.587675
0.404546 0.599116
0.414602 0.611107
0.424948 0.623728
0.435511 0.637001
0.446237 0.650904
0.249904 0.649489
0.251226 0.660293
0.252845 0.671916
0.254754 0.683781
0.256833 0.695114
0.259298 0.707091
0.262130 0.719665
0.265443 0.732859
0.269263 0.746538
0.273681 0.760767
0.276613 0.425461
0.276613 0.425461
0.276613 0.425461
0.276613 0.425461
0.276613 0.425461
0.276613 0.425461
0.276613 0.425461
0.276613 0.425461
0.276613 0.425461
0.276613 0.425461
0.484547 0.650094
0.489439 0.656222
0.494314 0.662445
0.499099 0.668666
0.503903 0.675008
0.508749 0.681482
0.513542 0.687946
0.518345 0.694460
0.523102 0.700921
0.528003 0.707589
0.340965 0.601793
0.345948 0.612293
0.351230 0.623196
0.356724 0.634347
0.362509 0.645940
0.368536 0.657846
0.374961 0.670335
0.381738 0.683184
0.388926 0.696357
0.396717 0.709996
0.753185 0.980495
0.752919 0.982648
0.753311 0.988388
0.752986 0.990401
0.753084 0.994660
0.753083 0.998543
0.753373 1.004014
0.752874 1.005540
0.753218 1.011342
0.752637 1.012743
0.504487 0.700650
0.508165 0.705568
0.511864 0.710491
0.515601 0.715433
0.519368 0.720379
0.523104 0.725231
0.526902 0.730116
0.530720 0.734968
0.534556 0.739775
0.538414 0.744537
0.410160 0.641707
0.414826 0.648480
0.419513 0.655304
0.424366 0.662431
0.429200 0.669515
0.434192 0.676847
0.439274 0.684260
0.444365 0.691639
0.449716 0.699301
0.455047 0.706808
0.638657 0.968164
0.644291 0.970917
0.647144 0.972409
0.649905 0.973891
0.651414 0.974746
0.654595 0.976566
0.659186 0.979475
0.663650 0.982382
0.667288 0.985015
0.669720 0.986823
0.593268 0.921555
0.599529 0.923817
0.606177 0.926402
0.613680 0.929555
0.618072 0.931265
0.627013 0.935654
0.629531 0.936599
0.639002 0.941771
0.640762 0.942554
0.649176 0.947639
0.472949 0.679138
0.476243 0.683591
0.479552 0.688069
0.482879 0.692567
0.486227 0.697083
0.489576 0.701579
0.492992 0.706146
0.496412 0.710683
0.499844 0.715192
0.503343 0.719754
0.563699 0.962519
0.565534 0.962455
0.580350 0.965906
0.588373 0.967617
0.590406 0.967656
0.606413 0.972290
0.609284 0.972814
0.616065 0.974892
0.627982 0.979054
0.629325 0.979455
0.320857 0.508362
0.324481 0.517358
0.328497 0.526527
0.332831 0.535675
0.337559 0.544969
0.342640 0.554325
0.348033 0.563703
0.353853 0.573378
0.360079 0.583373
0.366642 0.593624
0.431478 0.706005
0.435438 0.711834
0.439488 0.717686
0.443690 0.723609
0.447965 0.729477
0.452395 0.735386
0.456933 0.741253
0.461483 0.746957
0.466186 0.752660
0.471011 0.758313
0.510261 0.671310
0.515498 0.678307
0.520672 0.685317
0.525783 0.692305
0.530884 0.699318
0.536003 0.706378
0.541183 0.713510
0.546341 0.720591
0.551444 0.727516
0.556606 0.734453
0.249818 0.445052
0.249818 0.445052
0.249818 0.445052
0.249818 0.445052
0.249818 0.445052
0.249818 0.445052
0.249818 0.445052
0.249818 0.445052
0.249818 0.445052
0.249818 0.445052
0.626899 0.975497
0.630607 0.976939
0.634326 0.978410
0.638554 0.980182
0.641790 0.981632
0.645799 0.983543
0.648898 0.985073
0.652624 0.986995
0.654698 0.988224
0.657454 0.989873
0.205746 0.661989
0.206052 0.667445
0.206387 0.672692
0.206798 0.678135
0.207272 0.684139
0.207804 0.689832
0.208398 0.695404
0.209112 0.702008
0.209819 0.707463
0.210590 0.713067
0.355091 0.626747
0.358281 0.633072
0.361613 0.639670
0.365031 0.646346
0.368554 0.653232
0.372182 0.660209
0.375927 0.667392
0.379833 0.674780
0.383785 0.682129
0.387886 0.689618
0.452930 0.659923
0.458017 0.666756
0.463145 0.673697
0.468332 0.680751
0.473528 0.687825
0.478816 0.695011
0.484156 0.702219
0.489563 0.709440
0.495035 0.716641
0.500613 0.723863
0.486196 0.641623
0.489838 0.646010
0.493457 0.650452
0.497107 0.655012
0.500741 0.659628
0.504341 0.664274
0.507929 0.668970
0.511487 0.673683
0.515013 0.678404
0.518529 0.683157
0.345712 0.468141
0.349417 0.473268
0.353348 0.478347
0.357640 0.483526
0.362156 0.488619
0.366880 0.493616
0.371827 0.498541
0.377117 0.503495
0.382816 0.508547
0.388673 0.513463
0.337265 0.409544
0.339752 0.413754
0.343126 0.418835
0.345795 0.422768
0.349794 0.427973
0.352477 0.431445
0.356608 0.436154
0.360197 0.440053
0.364355 0.444207
0.368647 0.448210
0.406077 0.571317
0.414733 0.579781
0.423687 0.588609
0.432929 0.597901
0.442280 0.607570
0.451719 0.617690
0.461180 0.628265
0.470680 0.639362
0.480029 0.650762
0.489415 0.662667
0.729874 0.976926
0.731179 0.982377
0.732389 0.987724
0.733480 0.993005
0.734486 0.998177
0.735449 1.003455
0.736355 1.008642
0.737050 1.013449
0.737903 1.018719
0.738580 1.023673
0.596659 0.844580
0.606171 0.851412
0.615150 0.857866
0.623675 0.864077
0.631938 0.870272
0.639892 0.876465
0.647317 0.882468
0.654293 0.888377
0.660925 0.894333
0.667015 0.900108
0.768841 0.984663
0.769205 0.999926
0.767806 0.986912
0.767806 0.986912
0.767806 0.986912
0.767806 0.986912
0.767806 0.986912
0.767806 0.986912
0.767806 0.986912
0.767806 0.986912
0.524255 0.674059
0.527217 0.678088
0.530217 0.682207
0.533159 0.686277
0.536091 0.690361
0.539010 0.694447
0.542053 0.698734
0.544924 0.702783
0.547883 0.706969
0.550823 0.711129
0.509072 0.714483
0.510999 0.717010
0.512883 0.719467
0.514835 0.722006
0.516767 0.724503
0.518677 0.726952
0.520648 0.729472
0.522578 0.731915
0.524549 0.734402
0.526507 0.736849
0.345018 0.583365
0.347783 0.588561
0.350708 0.593990
0.353683 0.599436
0.356719 0.604928
0.359899 0.610650
0.363131 0.616421
0.366425 0.622266
0.369782 0.628206
0.373206 0.634239
0.541331 0.686035
0.545386 0.691789
0.549468 0.697632
0.553583 0.703566
0.557666 0.709476
0.561570 0.715115
0.565589 0.720915
0.569582 0.726642
0.573488 0.732201
0.577445 0.737799
0.384164 0.447546
0.392505 0.453013
0.402729 0.458952
0.413099 0.464374
0.424720 0.469863
0.437060 0.475259
0.450973 0.481022
0.465063 0.486695
0.480188 0.492808
0.495453 0.499224
0.720530 0.973176
0.722019 0.977400
0.723337 0.981437
0.724693 0.985674
0.725786 0.989525
0.727069 0.993841
0.728099 0.997761
0.729171 1.001871
0.730124 1.005819
0.731020 1.009756
0.387141 0.517413
0.393476 0.522680
0.400312 0.528136
0.407300 0.533530
0.414643 0.539049
0.422138 0.544576
0.429996 0.550333
0.438015 0.556199
0.446196 0.562254
0.454704 0.568691
0.447211 0.569287
0.455088 0.575558
0.462927 0.581983
0.470932 0.588779
0.478834 0.595788
0.486712 0.603091
0.494483 0.610678
0.502308 0.618749
0.509705 0.626788
0.517030 0.635190
0.786190 0.974602
0.786190 0.974602
0.786190 0.974602
0.786190 0.974602
0.786190 0.974602
0.786190 0.974602
0.786190 0.974602
0.786190 0.974602
0.786190 0.974602
0.786190 0.974602
0.610020 0.868732
0.626815 0.879917
0.641725 0.890524
0.654020 0.899995
0.665044 0.909493
0.675542 0.919800
0.684710 0.930014
0.692484 0.939917
0.699219 0.949750
0.705173 0.959719
0.397295 0.531549
0.411884 0.543190
0.427595 0.555306
0.444113 0.568090
0.461539 0.582189
0.479143 0.597586
0.496515 0.614448
0.513177 0.632617
0.528955 0.651920
0.544328 0.672655
0.356018 0.577564
0.359945 0.583850
0.364006 0.590248
0.368180 0.596743
0.372540 0.603481
0.377013 0.610361
0.381543 0.617299
0.386195 0.624443
0.390948 0.631736
0.395839 0.639299
0.682929 0.970026
0.685288 0.972564
0.687822 0.975403
0.690284 0.978287
0.692592 0.981073
0.694916 0.983978
0.696846 0.986576
0.698549 0.989051
0.700714 0.992025
0.701964 0.994150
0.696351 0.961442
0.697826 0.963584
0.699158 0.965642
0.700469 0.967703
0.701804 0.969866
0.703075 0.972015
0.704564 0.974447
0.705964 0.976854
0.707458 0.979453
0.708637 0.981659
0.638509 0.958249
0.648306 0.963461
0.653693 0.966609
0.659754 0.970472
0.668295 0.976606
0.672712 0.980235
0.677816 0.984746
0.684967 0.991471
0.689315 0.996278
0.692368 1.000203
0.272607 0.428940
0.272607 0.428940
0.272607 0.428940
0.272607 0.428940
0.272607 0.428940
0.272607 0.428940
0.272607 0.428940
0.272607 0.428940
0.272607 0.428940
0.272607 0.428940
0.277726 0.424456
0.277726 0.424456
0.277726 0.424456
0.277726 0.424456
0.277726 0.424456
0.277726 0.424456
0.277726 0.424456
0.277726 0.424456
0.277726 0.424456
0.277726 0.424456
0.725182 0.967995
0.726520 0.972622
0.727778 0.977198
0.729143 0.982188
0.730380 0.987046
0.731351 0.991432
0.732370 0.996021
0.733360 1.000679
0.734224 1.005174
0.735040 1.009577
0.324765 0.415496
0.328974 0.424590
0.333218 0.432969
0.338075 0.441473
0.343536 0.449967
0.349681 0.458439
0.356216 0.466487
0.363377 0.474341
0.371063 0.481892
0.379846 0.489613
0.520923 0.664230
0.527070 0.672461
0.533061 0.680672
0.538953 0.688892
0.544944 0.697363
0.550759 0.705650
0.556585 0.713971
0.562353 0.722181
0.568274 0.730564
0.573839 0.738303
0.741419 1.005335
0.741751 1.008205
0.741958 1.010741
0.742320 1.013778
0.742567 1.016490
0.742959 1.019621
0.743273 1.022596
0.743575 1.025571
0.743944 1.028729
0.742927 1.026622
0.544608 0.778430
0.562104 0.795449
0.579569 0.811179
0.596467 0.825563
0.612750 0.839071
0.627956 0.851677
0.641671 0.863343
0.654157 0.874556
0.665541 0.885627
0.675639 0.896396
0.496035 0.727145
0.503347 0.736289
0.510830 0.745339
0.518406 0.754150
0.526145 0.762790
0.534074 0.771288
0.542056 0.779471
0.550100 0.787382
0.558218 0.795050
0.566347 0.802463
0.465835 0.868082
0.484968 0.878545
0.503582 0.887325
0.523126 0.895550
0.543787 0.903570
0.559135 0.908851
0.572336 0.913272
0.589422 0.919618
0.605526 0.925981
0.617854 0.931063
0.459584 0.657900
0.462659 0.661944
0.465748 0.666036
0.468844 0.670161
0.471947 0.674318
0.475058 0.678501
0.478181 0.682711
0.481323 0.686953
0.484479 0.691212
0.487647 0.695484
0.635394 0.881196
0.648947 0.891481
0.661198 0.901833
0.672465 0.912612
0.682282 0.923274
0.690595 0.933578
0.698032 0.944156
0.704556 0.954806
0.710221 0.965417
0.714907 0.975626
0.451868 0.630546
0.456866 0.636499
0.461897 0.642616
0.466912 0.648835
0.471887 0.655117
0.476865 0.661515
0.481918 0.668105
0.486924 0.674715
0.491925 0.681380
0.496966 0.688139
0.289419 0.412855
0.289419 0.412855
0.289419 0.412855
0.289419 0.412855
0.289419 0.412855
0.289419 0.412855
0.289419 0.412855
0.289419 0.412855
0.289419 0.412855
0.289419 0.412855
0.588530 0.680970
0.591030 0.685117
0.593643 0.689526
0.596037 0.693590
0.598554 0.697918
0.601075 0.702302
0.603386 0.706310
0.605823 0.710591
0.608269 0.714897
0.610423 0.718641
0.264351 0.435478
0.264351 0.435478
0.264351 0.435478
0.264351 0.435478
0.264351 0.435478
0.264351 0.435478
0.264351 0.435478
0.264351 0.435478
0.264351 0.435478
0.264351 0.435478
0.610727 0.797263
0.616682 0.803927
0.622228 0.809980
0.628098 0.816456
0.633134 0.821797
0.638912 0.828148
0.643417 0.832866
0.649171 0.839299
0.653184 0.843529
0.658653 0.849800
0.532088 0.728489
0.537376 0.735277
0.542724 0.742031
0.548067 0.748622
0.553478 0.755167
0.558887 0.761553
0.564285 0.767765
0.569810 0.774000
0.575249 0.779976
0.580648 0.785767
0.771651 0.977987
0.771272 0.986930
0.770800 0.994122
0.770017 0.995204
0.768511 0.989245
0.767832 0.986885
0.767832 0.986885
0.767832 0.986885
0.767832 0.986885
0.767832 0.986885
0.497801 0.700774
0.502304 0.706783
0.506848 0.712798
0.511427 0.718795
0.516074 0.724817
0.520740 0.730775
0.525429 0.736664
0.530178 0.742518
0.534947 0.748272
0.539765 0.753967
0.742513 0.970249
0.742395 0.971832
0.743302 0.977188
0.743810 0.981284
0.743897 0.983840
0.744430 0.988146
0.744899 0.992293
0.744957 0.994936
0.745150 0.998145
0.745390 1.001549
0.757808 0.999346
0.757808 0.999346
0.757808 0.999346
0.757808 0.999346
0.757808 0.999346
0.757808 0.999346
0.757808 0.999346
0.757808 0.999346
0.757808 0.999346
0.757808 0.999346
0.775951 0.979719
0.775951 0.979719
0.775951 0.979719
0.775951 0.979719
0.775951 0.979719
0.775951 0.979719
0.775951 0.979719
0.775951 0.979719
0.775951 0.979719
0.775951 0.979719
0.616744 0.971591
0.622590 0.973422
0.628443 0.975531
0.634592 0.977952
0.641162 0.980859
0.647055 0.983663
0.653872 0.987281
0.660410 0.991174
0.666440 0.995068
0.671248 0.998493
0.381853 0.595327
0.389028 0.605080
0.396400 0.615135
0.404033 0.625634
0.411834 0.636481
0.419880 0.647850
0.428084 0.659569
0.436521 0.671704
0.445087 0.684010
0.454057 0.696760
0.318648 0.399549
0.319898 0.402862
0.321160 0.406121
0.322373 0.409211
0.323739 0.412466
0.325057 0.415568
0.326483 0.418740
0.327949 0.421893
0.329468 0.425040
0.331013 0.428112
0.589777 0.760350
0.594512 0.766495
0.599162 0.772406
0.603801 0.778203
0.608465 0.783954
0.612848 0.789204
0.617454 0.794733
0.622148 0.800311
0.626740 0.805731
0.630851 0.810419
0.285178 0.417293
0.285178 0.417293
0.285178 0.417293
0.285178 0.417293
0.285178 0.417293
0.285178 0.417293
0.285178 0.417293
0.285178 0.417293
0.285178 0.417293
0.285178 0.417293
0.762295 0.998414
0.760407 0.993110
0.760277 0.995894
0.760277 0.995894
0.760277 0.995894
0.760277 0.995894
0.760277 0.995894
0.760277 0.995894
0.760277 0.995894
0.760277 0.995894
0.576465 0.747694
0.585211 0.759187
0.593797 0.770083
0.602420 0.780694
0.610758 0.790603
0.619154 0.800376
0.627615 0.810141
0.635560 0.819116
0.642608 0.826863
0.649753 0.834885
0.639249 0.924777
0.642838 0.926837
0.650256 0.931767
0.653073 0.933590
0.659865 0.938631
0.662665 0.940726
0.668535 0.945561
0.671311 0.947979
0.675691 0.952057
0.678935 0.955249
0.498588 0.690601
0.500375 0.693003
0.502201 0.695457
0.504042 0.697930
0.505863 0.700374
0.507689 0.702819
0.509519 0.705265
0.511333 0.707684
0.513195 0.710164
0.515056 0.712634
0.301960 0.409149
0.303896 0.416814
0.305889 0.424433
0.307982 0.432044
0.310170 0.439615
0.312469 0.447145
0.314920 0.454662
0.317513 0.462126
0.320294 0.469576
0.323260 0.476969
0.550266 0.686873
0.554260 0.692675
0.558145 0.698375
0.561944 0.703981
0.565728 0.709587
0.569500 0.715176
0.573358 0.720913
0.577097 0.726434
0.580777 0.731826
0.584460 0.737172
0.757642 0.999874
0.757187 1.000256
0.757187 1.000256
0.757187 1.000256
0.757187 1.000256
0.757187 1.000256
0.757187 1.000256
0.757187 1.000256
0.757187 1.000256
0.757187 1.000256
0.392153 0.540084
0.400040 0.547107
0.408319 0.554296
0.416999 0.561729
0.425922 0.569352
0.435129 0.577299
0.444622 0.585679
0.454156 0.594368
0.463853 0.603594
0.473502 0.613225
0.660718 0.923408
0.664529 0.926570
0.670052 0.931481
0.673155 0.934418
0.677553 0.938762
0.680724 0.942086
0.684225 0.945996
0.687937 0.950370
0.690545 0.953693
0.694675 0.959026
0.634503 0.726603
0.639055 0.735589
0.643349 0.743931
0.647595 0.752132
0.651509 0.759466
0.656031 0.768080
0.659871 0.775076
0.664134 0.783028
0.668135 0.790313
0.671414 0.795943
0.297555 0.403526
0.297555 0.403526
0.297555 0.403526
0.297555 0.403526
0.297555 0.403526
0.297555 0.403526
0.297555 0.403526
0.297555 0.403526
0.297555 0.403526
0.297555 0.403526
0.474991 0.751063
0.487012 0.764710
0.499707 0.777946
0.512853 0.790500
0.526341 0.802323
0.540346 0.813697
0.554294 0.824253
0.567692 0.833796
0.580880 0.842837
0.594233 0.851892
0.649209 0.860710
0.654507 0.865813
0.659818 0.871141
0.664710 0.876176
0.669329 0.881094
0.673868 0.886153
0.678069 0.891021
0.682029 0.895817
0.685864 0.900700
0.689440 0.905479
0.310158 0.420051
0.311901 0.425743
0.313738 0.431476
0.315766 0.437395
0.317776 0.443049
0.319833 0.448571
0.322187 0.454427
0.324591 0.460112
0.327008 0.465552
0.329669 0.471143
0.694728 0.940412
0.698432 0.945920
0.701932 0.951475
0.705158 0.957028
0.708233 0.962645
0.710873 0.967964
0.713476 0.973460
0.715802 0.978839
0.718072 0.984328
0.720058 0.989612
0.258643 0.439524
0.258643 0.439524
0.258643 0.439524
0.258643 0.439524
0.258643 0.439524
0.258643 0.439524
0.258643 0.439524
0.258643 0.439524
0.258643 0.439524
0.258643 0.439524
0.485372 0.878238
0.496396 0.883749
0.503724 0.886949
0.512401 0.890651
0.523753 0.895517
0.529863 0.897624
0.538884 0.901018
0.551116 0.905839
0.555556 0.907066
0.564884 0.910479
0.485479 0.631426
0.491984 0.638948
0.498333 0.646559
0.504740 0.654515
0.510881 0.662380
0.517193 0.670691
0.523293 0.678910
0.529377 0.687248
0.535382 0.695575
0.541440 0.704036
0.625126 0.780830
0.629822 0.787247
0.634827 0.794115
0.638846 0.799257
0.643869 0.806097
0.647906 0.811293
0.652083 0.816693
0.656700 0.822878
0.659705 0.826500
0.664805 0.833524
0.280165 0.422197
0.280165 0.422197
0.280165 0.422197
0.280165 0.422197
0.280165 0.422197
0.280165 0.422197
0.280165 0.422197
0.280165 0.422197
0.282001 0.436614
0.284126 0.455128
0.376191 0.664220
0.379282 0.670033
0.382413 0.675831
0.385644 0.681785
0.388913 0.687694
0.392393 0.693907
0.395998 0.700218
0.399688 0.706526
0.403509 0.712894
0.407345 0.719120
0.687314 0.979707
0.689305 0.982009
0.691120 0.984181
0.693076 0.986570
0.694618 0.988622
0.695956 0.990553
0.697575 0.992752
0.698916 0.994764
0.700198 0.996749
0.701728 0.999127
0.509958 0.662506
0.513604 0.667276
0.517228 0.672090
0.520783 0.676872
0.524310 0.681665
0.527849 0.686515
0.531349 0.691345
0.534830 0.696177
0.538444 0.701217
0.541922 0.706070
0.395134 0.550573
0.401263 0.556260
0.407502 0.561959
0.413968 0.567831
0.420639 0.573892
0.427404 0.580073
0.434402 0.586558
0.441498 0.593264
0.448590 0.600127
0.455796 0.607315
0.268845 0.432023
0.268845 0.432023
0.268845 0.432023
0.268845 0.432023
0.268845 0.432023
0.268845 0.432023
0.268845 0.432023
0.268845 0.432023
0.268845 0.432023
0.268845 0.432023
0.476008 0.681650
0.482134 0.689928
0.488323 0.698273
0.494586 0.706651
0.500919 0.715009
0.507363 0.723373
0.513897 0.731678
0.520550 0.739925
0.527277 0.748022
0.534070 0.755934
0.599054 0.718293
0.601135 0.721745
0.603499 0.725689
0.605607 0.729167
0.607723 0.732651
0.610034 0.736500
0.612003 0.739650
0.614232 0.743323
0.616428 0.746909
0.618437 0.750102
0.414922 0.628245
0.417714 0.631957
0.420522 0.635717
0.423350 0.639523
0.426203 0.643393
0.429048 0.647264
0.431962 0.651267
0.434847 0.655245
0.437745 0.659256
0.440663 0.663308
0.793711 1.013597
0.796404 0.974835
0.796404 0.974835
0.796404 0.974835
0.796404 0.974835
0.796404 0.974835
0.796404 0.974835
0.796404 0.974835
0.796404 0.974835
0.796404 0.974835
0.289688 0.412564
0.289688 0.412564
0.289688 0.412564
0.289688 0.412564
0.289688 0.412564
0.289688 0.412564
0.289688 0.412564
0.289688 0.412564
0.289688 0.412564
0.289688 0.412564
0.766370 0.988451
0.766370 0.988451
0.766370 0.988451
0.766370 0.988451
0.766370 0.988451
0.766370 0.988451
0.766370 0.988451
0.766370 0.988451
0.766370 0.988451
0.766370 0.988451
0.499286 0.715762
0.501009 0.718012
0.502714 0.720226
0.504401 0.722402
0.506124 0.724614
0.507871 0.726846
0.509604 0.729044
0.511321 0.731205
0.513091 0.733424
0.514819 0.735569
0.284388 0.418091
0.284388 0.418091
0.284388 0.418091
0.284388 0.418091
0.284388 0.418091
0.284388 0.418091
0.284388 0.418091
0.284388 0.418091
0.284388 0.418091
0.284388 0.418091
0.758890 0.997800
0.758890 0.997800
0.758890 0.997800
0.758890 0.997800
0.758890 0.997800
0.758890 0.997800
0.758890 0.997800
0.758890 0.997800
0.758890 0.997800
0.758890 0.997800
0.287485 0.414913
0.287485 0.414913
0.287485 0.414913
0.287485 0.414913
0.287485 0.414913
0.287485 0.414913
0.287485 0.414913
0.287485 0.414913
0.287485 0.414913
0.287485 0.414913
0.270923 0.430342
0.270923 0.430342
0.270923 0.430342
0.270923 0.430342
0.270923 0.430342
0.270923 0.430342
0.270923 0.430342
0.270923 0.430342
0.270923 0.430342
0.270923 0.430342
0.339366 0.521340
0.346892 0.533843
0.355312 0.546525
0.364587 0.559421
0.374783 0.572804
0.385786 0.586745
0.397528 0.601455
0.409855 0.617055
0.422647 0.633648
0.435827 0.651280
0.409366 0.651539
0.412296 0.655969
0.415239 0.660423
0.418198 0.664901
0.421186 0.669416
0.424199 0.673959
0.427344 0.678702
0.430499 0.683432
0.433686 0.688175
0.436960 0.693021
0.779125 0.977640
0.779125 0.977640
0.779125 0.977640
0.779125 0.977640
0.779125 0.977640
0.779125 0.977640
0.779125 0.977640
0.779125 0.977640
0.779125 0.977640
0.779125 0.977640
0.332639 0.427209
0.334293 0.430249
0.336114 0.433425
0.337962 0.436537
0.339813 0.439532
0.341671 0.442438
0.343662 0.445417
0.345723 0.448354
0.347840 0.451257
0.350034 0.454153
0.414556 0.588416
0.420177 0.594294
0.425857 0.600304
0.431615 0.606490
0.437422 0.612845
0.443249 0.619356
0.449143 0.626099
0.455024 0.632989
0.460932 0.640082
0.466837 0.647347
0.285577 0.416887
0.285577 0.416887
0.285577 0.416887
0.285577 0.416887
0.285577 0.416887
0.285577 0.416887
0.285989 0.419132
0.286410 0.421833
0.286811 0.424499
0.287247 0.427292
0.531787 0.867982
0.554615 0.878837
0.575518 0.888193
0.594592 0.896789
0.614164 0.906357
0.631620 0.915820
0.644962 0.923850
0.656621 0.931882
0.667580 0.940629
0.677351 0.949631
0.262739 0.436659
0.262739 0.436659
0.262739 0.436659
0.262739 0.436659
0.262739 0.436659
0.262739 0.436659
0.262739 0.436659
0.262739 0.436659
0.262739 0.436659
0.262739 0.436659
0.324179 0.417244
0.325875 0.421073
0.327744 0.425039
0.329676 0.428964
0.331413 0.432438
0.333221 0.435906
0.335165 0.439424
0.337295 0.443081
0.339578 0.446798
0.342010 0.450564
0.606793 0.899798
0.618749 0.905942
0.627966 0.910804
0.639281 0.917666
0.646814 0.922411
0.656681 0.929477
0.662849 0.934267
0.671143 0.941367
0.675708 0.945670
0.683104 0.953289
0.478361 0.688893
0.481019 0.692492
0.483697 0.696109
0.486385 0.699730
0.489066 0.703324
0.491811 0.706989
0.494551 0.710622
0.497307 0.714253
0.500093 0.717892
0.502884 0.721509
0.758807 1.003290
0.757715 0.999481
0.757715 0.999481
0.757715 0.999481
0.757715 0.999481
0.757715 0.999481
0.757715 0.999481
0.757715 0.999481
0.757715 0.999481
0.757715 0.999481
0.369721 0.590588
0.373288 0.595861
0.376922 0.601193
0.380657 0.606662
0.384440 0.612193
0.388296 0.617831
0.392204 0.623562
0.396209 0.629458
0.400270 0.635463
0.404391 0.641573
0.519676 0.719040
0.521406 0.721305
0.523100 0.723510
0.524857 0.725795
0.526607 0.728054
0.528314 0.730238
0.530068 0.732480
0.531818 0.734700
0.533555 0.736886
0.535327 0.739113
0.549287 0.754293
0.559919 0.766647
0.570539 0.778400
0.581147 0.789602
0.591746 0.800379
0.602042 0.810472
0.612244 0.820273
0.621893 0.829375
0.631208 0.838155
0.640086 0.846591
0.530749 0.726820
0.536364 0.734063
0.542015 0.741208
0.547650 0.748174
0.553399 0.755133
0.559129 0.761894
0.564882 0.768500
0.570701 0.775033
0.576445 0.781316
0.582190 0.787434
0.275423 0.426516
0.275423 0.426516
0.275423 0.426516
0.275423 0.426516
0.275423 0.426516
0.275423 0.426516
0.275423 0.426516
0.275423 0.426516
0.275423 0.426516
0.275423 0.426516
0.527174 0.692930
0.530862 0.698010
0.534675 0.703275
0.538379 0.708391
0.542062 0.713468
0.545809 0.718621
0.549504 0.723677
0.553238 0.728751
0.556941 0.733729
0.560632 0.738647
0.377898 0.671267
0.379348 0.674002
0.380756 0.676614
0.382251 0.679423
0.383724 0.682147
0.385240 0.684938
0.386709 0.687612
0.388336 0.690569
0.389798 0.693166
0.391558 0.696332
0.574388 0.930926
0.583191 0.933648
0.591100 0.936125
0.597265 0.938051
0.605540 0.940979
0.610267 0.942519
0.619368 0.946295
0.622825 0.947500
0.631844 0.951691
0.635026 0.953066
0.594753 0.695550
0.597047 0.699452
0.599356 0.703438
0.601455 0.707049
0.603742 0.711032
0.605777 0.714520
0.607764 0.717960
0.610078 0.722004
0.612119 0.725537
0.614148 0.729041
0.769676 0.970046
0.769347 0.968259
0.769301 0.971574
0.769291 0.975647
0.768936 0.973089
0.768944 0.977501
0.768583 0.975548
0.768471 0.977743
0.768268 0.978502
0.768158 0.980721
0.276192 0.425836
0.276192 0.425836
0.276192 0.425836
0.276192 0.425836
0.276192 0.425836
0.276192 0.425836
0.276192 0.425836
0.276192 0.425836
0.276192 0.425836
0.276192 0.425836
0.364883 0.651134
0.367863 0.657008
0.371016 0.663155
0.374272 0.669498
0.377648 0.675972
0.381093 0.682477
0.384539 0.688870
0.388130 0.695405
0.392055 0.702425
0.396077 0.709408
0.523265 0.675282
0.528133 0.681919
0.532932 0.688552
0.537709 0.695209
0.542515 0.701953
0.547338 0.708744
0.552141 0.715503
0.556890 0.722162
0.561696 0.728852
0.566333 0.735227
0.646871 0.934538
0.654195 0.939451
0.660653 0.944131
0.665455 0.947861
0.669072 0.950821
0.673337 0.954617
0.678434 0.959473
0.683318 0.964422
0.686745 0.968238
0.689515 0.971678
0.534936 0.671699
0.539892 0.678573
0.544748 0.685433
0.549646 0.692446
0.554532 0.699531
0.559310 0.706497
0.563992 0.713344
0.568791 0.720357
0.573569 0.727313
0.578158 0.733918
0.507182 0.708156
0.511269 0.713566
0.515361 0.718936
0.519539 0.724369
0.523721 0.729740
0.527899 0.735027
0.532107 0.740266
0.536394 0.745526
0.540664 0.750662
0.544968 0.755742
0.579103 0.834231
0.586631 0.839532
0.594965 0.845532
0.602707 0.851003
0.609657 0.855847
0.617552 0.861591
0.624101 0.866281
0.630258 0.870772
0.637367 0.876284
0.642788 0.880442
0.584735 0.916424
0.591806 0.919323
0.595310 0.920587
0.596249 0.920718
0.599449 0.921867
0.605798 0.924673
0.610567 0.926711
0.611222 0.926734
0.612265 0.926918
0.618703 0.930017
0.455648 0.633440
0.459697 0.638289
0.463754 0.643230
0.467803 0.648241
0.471841 0.653314
0.475886 0.658472
0.479923 0.663688
0.483963 0.668968
0.487997 0.674294
0.492044 0.679678
0.571452 0.882281
0.582468 0.887392
0.592578 0.892066
0.601934 0.896477
0.611495 0.901259
0.621041 0.906264
0.630091 0.911335
0.638932 0.916724
0.646754 0.921806
0.654220 0.927047
0.770090 0.984632
0.770090 0.984632
0.770090 0.984632
0.770090 0.984632
0.770090 0.984632
0.770090 0.984632
0.770090 0.984632
0.770090 0.984632
0.770090 0.984632
0.770090 0.984632
0.422893 0.606014
0.431180 0.615414
0.439575 0.625198
0.448024 0.635347
0.456573 0.645947
0.465129 0.656870
0.473705 0.668092
0.482320 0.679570
0.491025 0.691269
0.499825 0.703073
0.443514 0.666858
0.448296 0.673540
0.453197 0.680399
0.458188 0.687367
0.463166 0.694279
0.468260 0.701294
0.473455 0.708353
0.478731 0.715404
0.484102 0.722436
0.489585 0.729456
0.728306 0.956926
0.730551 0.965339
0.732550 0.973697
0.734104 0.981292
0.735585 0.989078
0.736851 0.996618
0.738078 1.004350
0.739082 1.011654
0.740134 1.019349
0.741145 1.027098
0.753499 0.967091
0.753131 0.968078
0.753641 0.974351
0.753438 0.976615
0.753728 0.981836
0.753789 0.985788
0.753525 0.987983
0.753545 0.991810
0.753475 0.995310
0.754067 1.002328
0.755251 1.003203
0.755251 1.003203
0.755251 1.003203
0.755251 1.003203
0.755251 1.003203
0.755251 1.003203
0.755251 1.003203
0.755251 1.003203
0.755251 1.003203
0.755251 1.003203
0.479844 0.632089
0.484096 0.637003
0.488340 0.642013
0.492567 0.647122
0.496727 0.652260
0.500914 0.657532
0.505037 0.662825
0.509135 0.668176
0.513241 0.673619
0.517295 0.679061
0.520430 0.729704
0.524628 0.735000
0.528843 0.740227
0.533146 0.745483
0.537444 0.750629
0.541767 0.755704
0.546101 0.760682
0.550501 0.765649
0.554906 0.770511
0.559323 0.775287
0.249536 0.445214
0.249536 0.445214
0.249536 0.445214
0.249536 0.445214
0.249536 0.445214
0.249536 0.445214
0.249536 0.445214
0.249536 0.445214
0.249536 0.445214
0.249536 0.445214
0.461592 0.655900
0.465745 0.661315
0.469883 0.666768
0.474077 0.672343
0.478263 0.677943
0.482443 0.683560
0.486692 0.689284
0.490938 0.695000
0.495216 0.700740
0.499521 0.706486
0.290152 0.412059
0.290152 0.412059
0.291129 0.417150
0.292208 0.423066
0.293351 0.429205
0.294532 0.435472
0.295622 0.441396
0.296716 0.447274
0.298002 0.453728
0.299226 0.459880
0.562289 0.928435
0.580168 0.933871
0.596328 0.939028
0.611789 0.944470
0.623797 0.949134
0.633810 0.953512
0.643535 0.958386
0.653054 0.963869
0.660044 0.968335
0.667831 0.974074
0.848186 0.960251
0.846256 0.971154
0.850153 0.948072
0.843560 0.985937
0.845372 0.975825
0.846165 0.971012
0.841943 0.993583
0.844625 0.978375
0.840603 0.999005
0.837846 1.011651
0.302370 0.573584
0.305754 0.586472
0.309373 0.599147
0.313461 0.612560
0.317977 0.626575
0.323030 0.641536
0.328352 0.656472
0.334270 0.672336
0.340820 0.688925
0.348147 0.706225
0.592451 0.704727
0.596543 0.711547
0.600484 0.718139
0.604424 0.724747
0.608214 0.731051
0.611989 0.737295
0.615828 0.743623
0.619603 0.749760
0.623301 0.755677
0.626954 0.761495
0.685026 0.950308
0.691401 0.958032
0.697000 0.965615
0.701839 0.972921
0.705665 0.979543
0.709114 0.986192
0.712694 0.993439
0.716061 1.000856
0.719087 1.008226
0.721335 1.014654
0.470724 0.692875
0.474727 0.698334
0.478781 0.703821
0.482878 0.709314
0.487034 0.714820
0.491230 0.720296
0.495493 0.725782
0.499800 0.731228
0.504137 0.736607
0.508543 0.741966
0.677301 0.944109
0.681984 0.949050
0.686280 0.953929
0.690617 0.959178
0.694346 0.964163
0.698079 0.969463
0.701355 0.974581
0.704502 0.979774
0.707509 0.985112
0.710566 0.990821
0.445257 0.638128
0.452791 0.647641
0.460341 0.657399
0.467916 0.667384
0.475583 0.677640
0.483296 0.688034
0.491077 0.698512
0.499011 0.709099
0.507067 0.719666
0.515225 0.730115
0.523788 0.670929
0.527333 0.675729
0.530840 0.680536
0.534287 0.685309
0.537700 0.690077
0.541146 0.694920
0.544616 0.699824
0.548112 0.704790
0.551503 0.709612
0.554904 0.714436
0.513619 0.659138
0.517758 0.664533
0.521887 0.670016
0.525956 0.675508
0.530006 0.681052
0.533995 0.686573
0.537938 0.692077
0.542018 0.697818
0.545992 0.703436
0.549929 0.709009
0.451049 0.641385
0.457187 0.649125
0.463352 0.657055
0.469519 0.665125
0.475738 0.673379
0.481937 0.681683
0.488249 0.690178
0.494558 0.698658
0.500975 0.707228
0.507453 0.715777
0.569944 0.748742
0.583536 0.765936
0.596887 0.781927
0.610051 0.796956
0.622738 0.810935
0.635339 0.824660
0.646284 0.836346
0.657187 0.848353
0.667289 0.859970
0.675713 0.869991
0.458284 0.629552
0.461785 0.633632
0.465277 0.637767
0.468772 0.641970
0.472271 0.646245
0.475767 0.650576
0.479235 0.654934
0.482657 0.659290
0.486121 0.663751
0.489560 0.668231
0.509895 0.788566
0.517232 0.795205
0.524719 0.801684
0.532224 0.807888
0.540043 0.814124
0.547648 0.819933
0.555107 0.825423
0.562705 0.830875
0.570093 0.836030
0.577131 0.840801
0.717587 0.953889
0.719349 0.958427
0.720939 0.962816
0.722517 0.967361
0.723915 0.971700
0.725331 0.976200
0.726674 0.980720
0.727770 0.984862
0.728982 0.989372
0.730028 0.993625
0.424441 0.612927
0.429489 0.618842
0.434557 0.624871
0.439701 0.631105
0.444833 0.637427
0.450032 0.643953
0.455226 0.650581
0.460440 0.657342
0.465682 0.664232
0.470932 0.671212
0.761782 0.993916
0.761782 0.993916
0.761782 0.993916
0.761782 0.993916
0.761782 0.993916
0.761782 0.993916
0.761782 0.993916
0.761782 0.993916
0.761782 0.993916
0.761782 0.993916
0.464572 0.655864
0.468549 0.661025
0.472508 0.666216
0.476519 0.671526
0.480517 0.676854
0.484505 0.682197
0.488560 0.687648
0.492605 0.693089
0.496653 0.698524
0.500767 0.704028
0.590125 0.694892
0.598104 0.708315
0.605695 0.721200
0.613406 0.734313
0.620714 0.746500
0.627789 0.758032
0.634811 0.769269
0.641981 0.780529
0.649218 0.791769
0.655280 0.800677
0.539833 0.794619
0.547006 0.800980
0.554006 0.806947
0.561015 0.812739
0.568013 0.818363
0.575091 0.823944
0.581613 0.828900
0.588589 0.834219
0.595076 0.839056
0.601512 0.843826
0.254901 0.441973
0.254901 0.441973
0.254901 0.441973
0.254901 0.441973
0.254901 0.441973
0.254901 0.441973
0.254901 0.441973
0.254901 0.441973
0.254901 0.441973
0.254901 0.441973
0.606442 0.843526
0.618757 0.853008
0.629917 0.861685
0.640289 0.870034
0.649943 0.878181
0.659171 0.886514
0.667632 0.894725
0.675180 0.902630
0.681944 0.910332
0.688136 0.918053
0.742075 0.960091
0.741996 0.962077
0.743345 0.969275
0.743256 0.971218
0.744117 0.976793
0.744328 0.980123
0.744825 0.984546
0.745122 0.988386
0.745609 0.992990
0.745773 0.996418
0.632722 0.788664
0.636550 0.793813
0.640237 0.798688
0.644544 0.804592
0.648828 0.810479
0.651964 0.814387
0.654920 0.818119
0.659178 0.823903
0.663372 0.829719
0.666123 0.833197
0.375805 0.606136
0.380158 0.612737
0.384578 0.619441
0.389077 0.626264
0.393754 0.633392
0.398424 0.640520
0.403260 0.647939
0.408190 0.655525
0.413225 0.663279
0.418283 0.671048
0.516956 0.657881
0.520645 0.662687
0.524308 0.667546
0.527879 0.672362
0.531419 0.677199
0.534961 0.682094
0.538452 0.686971
0.541912 0.691848
0.545526 0.696981
0.548973 0.701893
0.613416 0.801664
0.621556 0.810508
0.629516 0.819062
0.637419 0.827586
0.645066 0.835829
0.652019 0.843355
0.658550 0.850530
0.664696 0.857451
0.671113 0.865055
0.677115 0.872488
0.408317 0.672292
0.410273 0.675417
0.412395 0.678802
0.414525 0.682202
0.416552 0.685399
0.418813 0.688959
0.420880 0.692181
0.423061 0.695550
0.425384 0.699128
0.427506 0.702351
0.597814 0.916311
0.604655 0.918916
0.611478 0.921696
0.620329 0.925747
0.629721 0.930566
0.638083 0.935091
0.645113 0.939163
0.650375 0.942399
0.655710 0.945925
0.660872 0.949663
0.605248 0.865441
0.614150 0.871205
0.622239 0.876522
0.630020 0.881792
0.637179 0.886811
0.644019 0.891824
0.650440 0.896754
0.656689 0.901873
0.662462 0.906865
0.667939 0.911909
0.271848 0.429577
0.271848 0.429577
0.271848 0.429577
0.271848 0.429577
0.271848 0.429577
0.271848 0.429577
0.271848 0.429577
0.271848 0.429577
0.271848 0.429577
0.271848 0.429577
0.550833 0.761783
0.561094 0.773239
0.571358 0.784160
0.581622 0.794623
0.591723 0.804528
0.601773 0.814095
0.611481 0.823141
0.620753 0.831666
0.629872 0.840084
0.638362 0.847944
0.343372 0.491498
0.348759 0.499465
0.354716 0.507515
0.361096 0.515451
0.368009 0.523411
0.375537 0.531496
0.383624 0.539682
0.392155 0.547910
0.401375 0.556511
0.410911 0.565214
0.450658 0.597004
0.454440 0.600652
0.458165 0.604300
0.461885 0.608010
0.465602 0.611786
0.469301 0.615615
0.472984 0.619512
0.476669 0.623481
0.480381 0.627570
0.484070 0.631722
0.481960 0.678459
0.487313 0.685641
0.492714 0.692906
0.498145 0.700194
0.503613 0.707490
0.509143 0.714797
0.514741 0.722102
0.520386 0.729351
0.526073 0.736517
0.531851 0.743632
0.748634 1.014667
0.748634 1.014667
0.748634 1.014667
0.748634 1.014667
0.748634 1.014667
0.748634 1.014667
0.748634 1.014667
0.748634 1.014667
0.748634 1.014667
0.748634 1.014667
0.410139 0.646476
0.414683 0.653202
0.419282 0.660029
0.423884 0.666862
0.428734 0.674078
0.433547 0.681203
0.438437 0.688389
0.443563 0.695847
0.448657 0.703142
0.453911 0.710538
0.565620 0.748802
0.573523 0.758771
0.581397 0.768375
0.589254 0.777680
0.596934 0.786468
0.604538 0.794929
0.612228 0.803353
0.619706 0.811366
0.627012 0.819130
0.634026 0.826498
0.593608 0.847908
0.601343 0.853371
0.607385 0.857439
0.614419 0.862402
0.620218 0.866424
0.626311 0.870789
0.632134 0.875058
0.637427 0.878975
0.643063 0.883372
0.647507 0.886805
0.511380 0.676551
0.513837 0.679850
0.516284 0.683155
0.518751 0.686501
0.521184 0.689813
0.523616 0.693135
0.526047 0.696464
0.528470 0.699786
0.530952 0.703189
0.533387 0.706530
0.102342 0.582977
0.102342 0.582977
0.102342 0.582977
0.102342 0.582977
0.102342 0.582977
0.102342 0.582977
0.102342 0.582977
0.102342 0.582977
0.102342 0.582977
0.102342 0.582977
0.501518 0.710317
0.520490 0.734751
0.540217 0.758347
0.560526 0.780442
0.580924 0.800654
0.600854 0.819057
0.619720 0.835827
0.636978 0.851208
0.652561 0.865691
0.666295 0.879479
0.509785 0.723305
0.514216 0.728961
0.518711 0.734612
0.523266 0.740241
0.527847 0.745788
0.532443 0.751234
0.537098 0.756636
0.541815 0.761995
0.546538 0.767230
0.551292 0.772377
0.336027 0.581998
0.340199 0.590767
0.344561 0.599693
0.349138 0.608865
0.354004 0.618450
0.359072 0.628334
0.364273 0.638340
0.369774 0.648848
0.375395 0.659432
0.381386 0.670622
0.394389 0.540148
0.401102 0.546018
0.408160 0.552067
0.415325 0.558112
0.422759 0.564359
0.430469 0.570864
0.438318 0.577569
0.446392 0.584615
0.454504 0.591895
0.462696 0.599512
0.463320 0.613445
0.469513 0.619992
0.475750 0.626814
0.481878 0.633741
0.487993 0.640894
0.494064 0.648229
0.500038 0.655672
0.506010 0.663322
0.511872 0.671017
0.517779 0.678929
0.292028 0.409984
0.292028 0.409984
0.292028 0.409984
0.292028 0.409984
0.292028 0.409984
0.292028 0.409984
0.292028 0.409984
0.292028 0.409984
0.292028 0.409984
0.292028 0.409984
0.627279 0.954889
0.636573 0.959217
0.642043 0.961927
0.645504 0.963729
0.653976 0.968573
0.656774 0.970296
0.661113 0.973214
0.667243 0.977566
0.669051 0.979055
0.675156 0.983969
0.483420 0.683070
0.486666 0.687438
0.489903 0.691796
0.493161 0.696176
0.496433 0.700565
0.499717 0.704952
0.503023 0.709342
0.506353 0.713737
0.509719 0.718147
0.513085 0.722516
0.261140 0.437800
0.261140 0.437800
0.261140 0.437800
0.261140 0.437800
0.261140 0.437800
0.261140 0.437800
0.261140 0.437800
0.261140 0.437800
0.261140 0.437800
0.261140 0.437800
0.555991 0.807510
0.560048 0.810893
0.564002 0.814121
0.567893 0.817246
0.571974 0.820508
0.575955 0.823639
0.579889 0.826694
0.583615 0.829530
0.587231 0.832239
0.591153 0.835231
0.289290 0.412994
0.289290 0.412994
0.289290 0.412994
0.289290 0.412994
0.289290 0.412994
0.289290 0.412994
0.289290 0.412994
0.289290 0.412994
0.289290 0.412994
0.289290 0.412994
0.768641 0.986055
0.768641 0.986055
0.768641 0.986055
0.768641 0.986055
0.768641 0.986055
0.768641 0.986055
0.768641 0.986055
0.768641 0.986055
0.768641 0.986055
0.768641 0.986055
0.720197 0.984399
0.720697 0.986037
0.721363 0.987933
0.722206 0.990262
0.722914 0.992313
0.723365 0.993914
0.723969 0.995858
0.724716 0.998102
0.725307 1.000074
0.725799 1.001866
0.304762 0.394262
0.305774 0.398062
0.307175 0.403166
0.308675 0.408386
0.310119 0.413337
0.311752 0.418586
0.313302 0.423492
0.315055 0.428690
0.316730 0.433544
0.318662 0.438749
0.572961 0.681976
0.578115 0.690057
0.583230 0.698240
0.588186 0.706255
0.593226 0.714497
0.597992 0.722285
0.602728 0.729985
0.607597 0.737899
0.612193 0.745222
0.616875 0.752623
0.554462 0.701134
0.560414 0.709794
0.566285 0.718339
0.572256 0.727006
0.577968 0.735190
0.583888 0.743576
0.589582 0.751469
0.595509 0.759563
0.601088 0.766963
0.606863 0.774535
0.396241 0.538024
0.401401 0.542418
0.406819 0.546955
0.412240 0.551425
0.417915 0.556067
0.423678 0.560763
0.429615 0.565614
0.435586 0.570523
0.441730 0.575645
0.448034 0.580989
0.449957 0.662120
0.453373 0.666761
0.456811 0.671453
0.460274 0.676193
0.463759 0.680971
0.467272 0.685788
0.470800 0.690616
0.474392 0.695520
0.477997 0.700413
0.481609 0.705277
0.509252 0.684778
0.512439 0.689080
0.515657 0.693435
0.518851 0.697767
0.522025 0.702070
0.525287 0.706493
0.528475 0.710805
0.531776 0.715258
0.535005 0.719594
0.538239 0.723901
0.575865 0.736699
0.577705 0.739288
0.579409 0.741647
0.581173 0.744107
0.582894 0.746479
0.584617 0.748830
0.586404 0.751291
0.588036 0.753471
0.589891 0.756011
0.591573 0.758254
0.295287 0.568715
0.296832 0.575983
0.298402 0.582954
0.300079 0.590013
0.301774 0.596773
0.303652 0.603970
0.305709 0.611547
0.307806 0.619013
0.310097 0.626856
0.312527 0.634959
0.337451 0.450016
0.340723 0.455366
0.344225 0.460702
0.348232 0.466307
0.352378 0.471708
0.356754 0.477021
0.361386 0.482253
0.366113 0.487251
0.371484 0.492533
0.377012 0.497633
0.568211 0.765673
0.576092 0.774728
0.583930 0.783445
0.591726 0.791835
0.599356 0.799836
0.606963 0.807637
0.614455 0.815184
0.621817 0.822552
0.628927 0.829595
0.635771 0.836392
0.765506 0.992048
0.764474 0.990393
0.764616 1.001542
0.762843 0.992577
0.762843 0.992577
0.762843 0.992577
0.762843 0.992577
0.762843 0.992577
0.762843 0.992577
0.762843 0.992577
0.591974 0.740182
0.595668 0.745612
0.599327 0.750925
0.602953 0.756111
0.606528 0.761182
0.610100 0.766172
0.613667 0.771093
0.617210 0.775905
0.620722 0.780655
0.624173 0.785240
0.752006 1.008541
0.752006 1.008541
0.752006 1.008541
0.752006 1.008541
0.752006 1.008541
0.752006 1.008541
0.752006 1.008541
0.752006 1.008541
0.752006 1.008541
0.752006 1.008541
0.687570 0.953201
0.693221 0.960236
0.697008 0.965623
0.700681 0.971242
0.704548 0.977495
0.707805 0.983329
0.710348 0.988509
0.713477 0.994819
0.716175 1.000883
0.717889 1.005609
0.289158 0.639544
0.291206 0.648695
0.293454 0.658161
0.295804 0.667415
0.298332 0.676903
0.301181 0.687044
0.304121 0.696838
0.307449 0.707326
0.311049 0.717914
0.315051 0.729012
0.767998 0.986713
0.767998 0.986713
0.767998 0.986713
0.767998 0.986713
0.767998 0.986713
0.767998 0.986713
0.767998 0.986713
0.767998 0.986713
0.767998 0.986713
0.767998 0.986713
0.576699 0.787560
0.584253 0.795241
0.591780 0.802700
0.599321 0.810032
0.606594 0.816940
0.613638 0.823525
0.620657 0.830083
0.627490 0.836440
0.633850 0.842344
0.639981 0.848094
0.547149 0.664084
0.551246 0.669852
0.555230 0.675581
0.559146 0.681314
0.563215 0.687379
0.567139 0.693312
0.570977 0.699175
0.574747 0.704978
0.578519 0.710806
0.582345 0.716758
0.269171 0.431762
0.269171 0.431762
0.269171 0.431762
0.269171 0.431762
0.269171 0.431762
0.269171 0.431762
0.269171 0.431762
0.269171 0.431762
0.269171 0.431762
0.269171 0.431762
0.619400 0.927298
0.631017 0.932884
0.644770 0.940659
0.656203 0.948027
0.666004 0.955256
0.673103 0.961253
0.680247 0.968038
0.686658 0.975006
0.693736 0.983405
0.699445 0.991191
0.266852 0.433585
0.266852 0.433585
0.266852 0.433585
0.266852 0.433585
0.266852 0.433585
0.266852 0.433585
0.266852 0.433585
0.266852 0.433585
0.266852 0.433585
0.266852 0.433585
0.351518 0.449954
0.356690 0.456135
0.362577 0.462464
0.368967 0.468702
0.375478 0.474501
0.382776 0.480435
0.390595 0.486236
0.399049 0.492034
0.407954 0.497689
0.417632 0.503483
0.747600 1.016675
0.747600 1.016675
0.747600 1.016675
0.747600 1.016675
0.747600 1.016675
0.747600 1.016675
0.747600 1.016675
0.747600 1.016675
0.747600 1.016675
0.747600 1.016675
0.518934 0.669616
0.523619 0.675914
0.528295 0.682298
0.532906 0.688673
0.537495 0.695066
0.542135 0.701573
0.546773 0.708110
0.551388 0.714599
0.555942 0.720985
0.560600 0.727491
0.489405 0.709871
0.492662 0.714170
0.495933 0.718443
0.499263 0.722750
0.502585 0.726996
0.505966 0.731263
0.509363 0.735493
0.512765 0.739660
0.516252 0.743873
0.519714 0.747979
0.452534 0.729756
0.460009 0.739507
0.467745 0.749103
0.475614 0.758345
0.483918 0.767553
0.492396 0.776398
0.501507 0.785368
0.510576 0.793736
0.519739 0.801692
0.529136 0.809412
0.331904 0.406775
0.336900 0.415919
0.342550 0.424942
0.348812 0.433679
0.355677 0.442050
0.363249 0.450112
0.371727 0.457987
0.381123 0.465628
0.391576 0.473081
0.402961 0.480266
0.455989 0.681170
0.458822 0.685111
0.461681 0.689078
0.464593 0.693103
0.467551 0.697178
0.470475 0.701181
0.473450 0.705225
0.476438 0.709250
0.479499 0.713339
0.482576 0.717402
0.426505 0.597897
0.433494 0.605277
0.440562 0.612917
0.447671 0.620809
0.454807 0.628967
0.461980 0.637426
0.469123 0.646113
0.476243 0.655021
0.483345 0.664140
0.490478 0.673495
0.561152 0.765186
0.566896 0.771700
0.572633 0.778038
0.578364 0.784210
0.584082 0.790238
0.589779 0.796116
0.595286 0.801651
0.601017 0.807384
0.606559 0.812825
0.611819 0.817873
0.447264 0.672186
0.451679 0.678359
0.456187 0.684664
0.460783 0.691068
0.465423 0.697489
0.470108 0.703906
0.474840 0.710302
0.479715 0.716793
0.484646 0.723225
0.489659 0.729635
0.639037 0.954854
0.643911 0.957407
0.648788 0.960150
0.654820 0.963806
0.657528 0.965545
0.663373 0.969548
0.665504 0.971155
0.671867 0.976116
0.673340 0.977533
0.680116 0.983330
0.284672 0.417805
0.284672 0.417805
0.284672 0.417805
0.284672 0.417805
0.284672 0.417805
0.284672 0.417805
0.284672 0.417805
0.284672 0.417805
0.284672 0.417805
0.284672 0.417805
0.628185 0.977440
0.630459 0.978266
0.633098 0.979316
0.635497 0.980220
0.641947 0.983120
0.646596 0.985283
0.651697 0.987835
0.653971 0.989156
0.655833 0.990233
0.658339 0.991777
0.530358 0.679521
0.534823 0.685701
0.539230 0.691868
0.543806 0.698331
0.548251 0.704637
0.552674 0.710928
0.557015 0.717092
0.561421 0.723328
0.565841 0.729531
0.570200 0.735592
0.299927 0.400587
0.301735 0.408045
0.303611 0.415506
0.305545 0.422933
0.307559 0.430335
0.309667 0.437710
0.311883 0.445056
0.314216 0.452360
0.316707 0.459653
0.319344 0.466889
0.502039 0.643993
0.505773 0.648557
0.509481 0.653186
0.513138 0.657842
0.516681 0.662436
0.520294 0.667195
0.523856 0.671962
0.527390 0.676760
0.530949 0.681644
0.534429 0.686466
0.748496 0.972978
0.748562 0.975866
0.748654 0.978847
0.749166 0.983875
0.749289 0.987213
0.749274 0.989912
0.749445 0.993566
0.749473 0.996612
0.749402 0.999342
0.750008 1.004984
0.279565 0.422760
0.279565 0.422760
0.279565 0.422760
0.279565 0.422760
0.279565 0.422760
0.279565 0.422760
0.279565 0.422760
0.279565 0.422760
0.279565 0.422760
0.279565 0.422760
0.375418 0.420434
0.382449 0.425519
0.389713 0.430214
0.397727 0.434846
0.407060 0.439611
0.416603 0.444015
0.426006 0.447949
0.437476 0.452386
0.449134 0.456589
0.462360 0.461198
0.654433 0.858552
0.658944 0.863192
0.663655 0.868229
0.667824 0.872752
0.672086 0.877583
0.675886 0.881974
0.679722 0.886635
0.683253 0.891065
0.686700 0.895593
0.689970 0.900066
0.439635 0.675300
0.442037 0.678745
0.444536 0.682323
0.447096 0.685987
0.449566 0.689505
0.452144 0.693160
0.454763 0.696853
0.457304 0.700413
0.459929 0.704064
0.462593 0.707736
0.420257 0.658755
0.424329 0.664764
0.428446 0.670830
0.432721 0.677146
0.437062 0.683520
0.441485 0.689968
0.445902 0.696348
0.450394 0.702746
0.455017 0.709240
0.459762 0.715773
0.770858 0.983911
0.770858 0.983911
0.770858 0.983911
0.770858 0.983911
0.770858 0.983911
0.770858 0.983911
0.770858 0.983911
0.770858 0.983911
0.770858 0.983911
0.770858 0.983911
0.306977 0.405665
0.308849 0.412223
0.310789 0.418732
0.312805 0.425159
0.314929 0.431579
0.317143 0.437920
0.319478 0.444228
0.322018 0.450618
0.324719 0.456978
0.327566 0.463266
0.482141 0.696211
0.486071 0.701504
0.490037 0.706810
0.494045 0.712121
0.498079 0.717406
0.502183 0.722722
0.506313 0.727995
0.510462 0.733205
0.514672 0.738408
0.518953 0.743603
0.533271 0.715807
0.535147 0.718326
0.537096 0.720944
0.538965 0.723435
0.540864 0.725963
0.542778 0.728497
0.544670 0.730984
0.546620 0.733547
0.548560 0.736077
0.550433 0.738491
0.600136 0.754149
0.603018 0.758204
0.605942 0.762308
0.608921 0.766453
0.611768 0.770323
0.614634 0.774220
0.617616 0.778262
0.620536 0.782163
0.623190 0.785609
0.625961 0.789218
0.277545 0.424621
0.277545 0.424621
0.277545 0.424621
0.277545 0.424621
0.277545 0.424621
0.277545 0.424621
0.277545 0.424621
0.277545 0.424621
0.277545 0.424621
0.277545 0.424621
0.619024 0.967555
0.623809 0.969016
0.637347 0.974654
0.644076 0.977768
0.653760 0.982811
0.658655 0.985772
0.667287 0.991523
0.673119 0.995975
0.680243 1.001944
0.685653 1.007131
0.497529 0.690993
0.500888 0.695505
0.504300 0.700085
0.507700 0.704636
0.511096 0.709158
0.514581 0.713778
0.518028 0.718318
0.521520 0.722882
0.525026 0.727417
0.528529 0.731902
0.568023 0.869462
0.573112 0.872118
0.578595 0.875015
0.584125 0.877921
0.589391 0.880709
0.594800 0.883570
0.598875 0.885664
0.602711 0.887607
0.606096 0.889325
0.609523 0.891077
0.472380 0.672918
0.475983 0.677749
0.479577 0.682586
0.483237 0.687522
0.486896 0.692455
0.490573 0.697404
0.494275 0.702365
0.497999 0.707329
0.501734 0.712268
0.505543 0.717265
0.502416 0.641030
0.505376 0.644594
0.508422 0.648323
0.511562 0.652242
0.514587 0.656083
0.517468 0.659800
0.520515 0.663784
0.523563 0.667833
0.526480 0.671754
0.529386 0.675712
0.288086 0.414280
0.288086 0.414280
0.288086 0.414280
0.288086 0.414280
0.288086 0.414280
0.288086 0.414280
0.288086 0.414280
0.288086 0.414280
0.288086 0.414280
0.288086 0.414280
0.368766 0.524113
0.376533 0.532388
0.384892 0.540779
0.393766 0.549277
0.403156 0.557976
0.413069 0.567003
0.423345 0.576338
0.434032 0.586193
0.444956 0.596569
0.456050 0.607551
0.622733 0.957304
0.635877 0.963056
0.640974 0.965467
0.649052 0.969716
0.658415 0.975205
0.662116 0.977759
0.668024 0.982035
0.676877 0.988999
0.680731 0.992765
0.685772 0.997794
0.378081 0.561239
0.384031 0.568118
0.390221 0.575155
0.396626 0.582364
0.403257 0.589815
0.410049 0.597475
0.417022 0.605428
0.424112 0.613643
0.431309 0.622152
0.438584 0.630957
0.538635 0.698061
0.542900 0.704041
0.547146 0.710001
0.551403 0.715976
0.555630 0.721888
0.559927 0.727866
0.564151 0.733678
0.568305 0.739318
0.572481 0.744912
0.576674 0.750472
0.623193 0.897842
0.627617 0.900208
0.634417 0.904426
0.641305 0.908991
0.645298 0.911529
0.652452 0.916821
0.657146 0.920351
0.661687 0.923987
0.667347 0.928887
0.670736 0.931911
0.633966 0.797810
0.636366 0.800828
0.639269 0.804681
0.642124 0.808456
0.644353 0.811175
0.646310 0.813520
0.648783 0.816661
0.651578 0.820335
0.654222 0.823782
0.656002 0.825844
0.295508 0.405980
0.295508 0.405980
0.295508 0.405980
0.295508 0.405980
0.295508 0.405980
0.295508 0.405980
0.295508 0.405980
0.295508 0.405980
0.295508 0.405980
0.296530 0.410648
0.528703 0.697398
0.533538 0.704060
0.538271 0.710574
0.543014 0.717084
0.547691 0.723463
0.552484 0.729939
0.557265 0.736323
0.562024 0.742594
0.566728 0.748664
0.571470 0.754705
0.563283 0.688246
0.566407 0.692974
0.569339 0.697426
0.572392 0.702112
0.575266 0.706539
0.578237 0.711121
0.581304 0.715900
0.584190 0.720350
0.586927 0.724547
0.589716 0.728838
0.465223 0.711675
0.474398 0.723895
0.483869 0.735953
0.493714 0.747864
0.503945 0.759538
0.514438 0.770771
0.525355 0.781741
0.536424 0.792163
0.547661 0.802122
0.558969 0.811623
0.724236 0.953133
0.725472 0.957346
0.726959 0.962254
0.728373 0.967185
0.729390 0.971353
0.730744 0.976480
0.731912 0.981333
0.732677 0.985244
0.733790 0.990196
0.734663 0.994664
0.552070 0.968883
0.564845 0.970841
0.577110 0.972793
0.599606 0.977927
0.617027 0.982682
0.626188 0.985463
0.637498 0.989732
0.648979 0.994794
0.659657 1.000622
0.667314 1.005539
0.285316 0.417153
0.285316 0.417153
0.285316 0.417153
0.285316 0.417153
0.285316 0.417153
0.285316 0.417153
0.285316 0.417153
0.285316 0.417153
0.285316 0.417153
0.285316 0.417153
0.462498 0.713982
0.470155 0.724210
0.478099 0.734411
0.486210 0.744380
0.494646 0.754257
0.503257 0.763815
0.512179 0.773193
0.521377 0.782338
0.530694 0.791092
0.540159 0.799534
0.280944 0.421459
0.280944 0.421459
0.280944 0.421459
0.280944 0.421459
0.280944 0.421459
0.280944 0.421459
0.280944 0.421459
0.280944 0.421459
0.280944 0.421459
0.280944 0.421459
0.270969 0.430305
0.270969 0.430305
0.270969 0.430305
0.270969 0.430305
0.270969 0.430305
0.270969 0.430305
0.270969 0.430305
0.270969 0.430305
0.270969 0.430305
0.270969 0.430305
0.422642 0.679839
0.426468 0.685672
0.430374 0.691563
0.434395 0.697574
0.438551 0.703694
0.442784 0.709817
0.447073 0.715897
0.451472 0.721991
0.455973 0.728072
0.460625 0.734184
0.496290 0.760108
0.498705 0.762762
0.501076 0.765321
0.503504 0.767904
0.505987 0.770508
0.508480 0.773081
0.510993 0.775635
0.513528 0.778172
0.515984 0.780578
0.518561 0.783080
0.470952 0.698255
0.474866 0.703579
0.478796 0.708869
0.482830 0.714239
0.486897 0.719572
0.491026 0.724905
0.495153 0.730142
0.499378 0.735414
0.503639 0.740623
0.507981 0.745818
0.428930 0.719628
0.435995 0.729769
0.443517 0.740014
0.451473 0.750235
0.459557 0.759996
0.468176 0.769747
0.476970 0.779024
0.486382 0.788301
0.496134 0.797254
0.506187 0.805858
0.466901 0.651295
0.471867 0.657627
0.476818 0.664040
0.481788 0.670565
0.486725 0.677115
0.491717 0.683788
0.496722 0.690509
0.501743 0.697254
0.506780 0.704002
0.511857 0.710761
0.734778 0.976059
0.735657 0.980049
0.736346 0.983616
0.736763 0.986439
0.737129 0.989209
0.737795 0.992883
0.738402 0.996494
0.738881 0.999731
0.739222 1.002641
0.739483 1.005343
0.797575 0.980419
0.796960 0.983963
0.797016 0.980149
0.795851 0.989643
0.794653 0.998723
0.794234 1.000372
0.794621 0.993479
0.795151 0.983442
0.793604 0.996304
0.791549 1.015468
0.606230 0.941781
0.608799 0.942466
0.611886 0.943530
0.618935 0.946365
0.625621 0.949273
0.632655 0.952555
0.634936 0.953554
0.637859 0.954903
0.641220 0.956612
0.646819 0.959676
0.603192 0.970044
0.611158 0.972189
0.624069 0.976496
0.634465 0.980500
0.641388 0.983450
0.645887 0.985549
0.652298 0.988886
0.660567 0.993648
0.668906 0.999073
0.672997 1.002302
0.632518 0.666468
0.637429 0.676610
0.642413 0.687483
0.646585 0.696708
0.651069 0.707017
0.655342 0.716969
0.659338 0.726308
0.663229 0.735372
0.666954 0.743946
0.670931 0.753213
0.373329 0.507246
0.377815 0.511512
0.382581 0.515847
0.387457 0.520110
0.392558 0.524409
0.398020 0.528871
0.403535 0.533247
0.409331 0.537745
0.415136 0.542157
0.421246 0.546761
0.281882 0.420558
0.281882 0.420558
0.281882 0.420558
0.281882 0.420558
0.281882 0.420558
0.281882 0.420558
0.281882 0.420558
0.281882 0.420558
0.281882 0.420558
0.281882 0.420558
0.648599 0.942277
0.652088 0.944456
0.656890 0.947713
0.663719 0.952697
0.667064 0.955320
0.670625 0.958339
0.676170 0.963298
0.679454 0.966462
0.682765 0.969935
0.687585 0.975087
0.504785 0.710721
0.507764 0.714648
0.510730 0.718528
0.513737 0.722434
0.516742 0.726305
0.519771 0.730164
0.522786 0.733963
0.525861 0.737801
0.528914 0.741555
0.532044 0.745369
0.262566 0.436784
0.262566 0.436784
0.262566 0.436784
0.262566 0.436784
0.262566 0.436784
0.262566 0.436784
0.262566 0.436784
0.262566 0.436784
0.262566 0.436784
0.262566 0.436784
0.268876 0.431998
0.268876 0.431998
0.268876 0.431998
0.268876 0.431998
0.268876 0.431998
0.268876 0.431998
0.268876 0.431998
0.268876 0.431998
0.268876 0.431998
0.268876 0.431998
0.604604 0.684937
0.608788 0.692476
0.612917 0.700079
0.616866 0.707401
0.620915 0.715055
0.624660 0.722066
0.628332 0.728926
0.632291 0.736432
0.635956 0.743252
0.639422 0.749568
0.386495 0.526404
0.391364 0.530699
0.396288 0.534912
0.401359 0.539148
0.406574 0.543423
0.412132 0.547921
0.417603 0.552285
0.423319 0.556833
0.429088 0.561418
0.435009 0.566150
0.512824 0.787868
0.525920 0.799576
0.539161 0.810526
0.552561 0.820895
0.566105 0.830835
0.578583 0.839502
0.591441 0.848351
0.603382 0.856421
0.614883 0.864309
0.625593 0.871813
0.225603 0.720073
0.226669 0.726006
0.227831 0.732141
0.229011 0.737926
0.230350 0.744162
0.231775 0.750579
0.233321 0.757103
0.234988 0.763722
0.236796 0.770664
0.238580 0.777040
0.697958 0.975421
0.699415 0.977642
0.700918 0.979969
0.702419 0.982363
0.703879 0.984794
0.705249 0.987150
0.706837 0.989836
0.708174 0.992276
0.709494 0.994765
0.710715 0.997174
0.523948 0.738157
0.532404 0.748415
0.540976 0.758414
0.549674 0.768151
0.558452 0.777573
0.567254 0.786639
0.576056 0.795365
0.584790 0.803732
0.593415 0.811760
0.601878 0.819462
0.276028 0.425982
0.276028 0.425982
0.276028 0.425982
0.276028 0.425982
0.276028 0.425982
0.276028 0.425982
0.276028 0.425982
0.276028 0.425982
0.276028 0.425982
0.276028 0.425982
0.585145 0.695586
0.590745 0.704760
0.596514 0.714361
0.601689 0.722896
0.607181 0.731993
0.612513 0.740718
0.617742 0.749171
0.622998 0.757579
0.628006 0.765367
0.633101 0.773213
0.298732 0.418555
0.299576 0.422288
0.300427 0.426016
0.301262 0.429670
0.302137 0.433385
0.303024 0.437094
0.303914 0.440770
0.304849 0.444503
0.305803 0.448233
0.306779 0.451968
0.518967 0.745028
0.529316 0.757068
0.539850 0.768687
0.550542 0.779857
0.561346 0.790560
0.572142 0.800748
0.582846 0.810428
0.593316 0.819586
0.603536 0.828321
0.613517 0.836779
0.460045 0.728005
0.463219 0.732160
0.466445 0.736297
0.469691 0.740385
0.472975 0.744430
0.476267 0.748406
0.479669 0.752422
0.483070 0.756345
0.486674 0.760418
0.490154 0.764243
0.766948 0.987822
0.766948 0.987822
0.766948 0.987822
0.766948 0.987822
0.766948 0.987822
0.766948 0.987822
0.766948 0.987822
0.766948 0.987822
0.766948 0.987822
0.766948 0.987822
0.689092 0.969967
0.691829 0.973413
0.694806 0.977249
0.697504 0.980989
0.699663 0.984257
0.702267 0.988169
0.704000 0.991177
0.706593 0.995415
0.708030 0.998309
0.710563 1.002754
0.592731 0.673349
0.595754 0.678447
0.598669 0.683454
0.601431 0.688273
0.604205 0.693178
0.606969 0.698131
0.609594 0.702857
0.612196 0.707589
0.614874 0.712495
0.617518 0.717348
0.334689 0.464990
0.337574 0.470065
0.340654 0.475150
0.343998 0.480320
0.347417 0.485308
0.351093 0.490355
0.354980 0.495377
0.359024 0.500300
0.363351 0.505280
0.367889 0.510231
0.388050 0.666932
0.389117 0.668818
0.390151 0.670613
0.391192 0.672448
0.392346 0.674478
0.393400 0.676311
0.394468 0.678162
0.395644 0.680200
0.396664 0.681954
0.397818 0.683940
0.368594 0.635405
0.372551 0.642616
0.376643 0.650089
0.380841 0.657667
0.385204 0.665532
0.389632 0.673407
0.394307 0.681623
0.398999 0.689710
0.404079 0.698296
0.409151 0.706628
0.584861 0.819309
0.596572 0.828960
0.607616 0.837860
0.618649 0.846806
0.628551 0.854817
0.638278 0.862950
0.647144 0.870589
0.655550 0.878203
0.663271 0.885577
0.670407 0.892842
0.284599 0.417879
0.284599 0.417879
0.284599 0.417879
0.284599 0.417879
0.284599 0.417879
0.284599 0.417879
0.284599 0.417879
0.284599 0.417879
0.284599 0.417879
0.284599 0.417879
0.434991 0.667200
0.438811 0.672682
0.442654 0.678187
0.446552 0.683758
0.450497 0.689370
0.454505 0.695033
0.458552 0.700699
0.462646 0.706363
0.466816 0.712054
0.471055 0.717742
0.389978 0.622735
0.394515 0.629468
0.399175 0.636446
0.403901 0.643528
0.408751 0.650859
0.413636 0.658234
0.418700 0.665919
0.423733 0.673515
0.429074 0.681569
0.434326 0.689390
0.613692 0.872014
0.622211 0.877538
0.630539 0.883161
0.638024 0.888367
0.645164 0.893568
0.652595 0.899462
0.659265 0.905023
0.665718 0.910803
0.671569 0.916403
0.677082 0.922044
0.425553 0.674671
0.427628 0.677788
0.429726 0.680930
0.431727 0.683909
0.433924 0.687170
0.435989 0.690231
0.438178 0.693453
0.440352 0.696632
0.442506 0.699759
0.444817 0.703088
0.283661 0.418815
0.283661 0.418815
0.283661 0.418815
0.283661 0.418815
0.283661 0.418815
0.283661 0.418815
0.283661 0.418815
0.283661 0.418815
0.283661 0.418815
0.283661 0.418815
0.662152 0.890594
0.666313 0.894670
0.669890 0.898266
0.673088 0.901569
0.676753 0.905573
0.680002 0.909259
0.682846 0.912609
0.685910 0.916372
0.688858 0.920160
0.691283 0.923427
0.532657 0.668948
0.551211 0.695078
0.569334 0.721512
0.586887 0.746589
0.604336 0.770257
0.621176 0.791696
0.637688 0.811898
0.652991 0.830253
0.666216 0.846258
0.678447 0.861970
0.410424 0.653458
0.413138 0.657555
0.415955 0.661834
0.418755 0.666075
0.421571 0.670337
0.424397 0.674601
0.427309 0.678988
0.430287 0.683458
0.433289 0.687928
0.436335 0.692445
0.625232 0.890899
0.634601 0.896979
0.642902 0.902637
0.649615 0.907425
0.656102 0.912364
0.662997 0.918103
0.669589 0.924048
0.675643 0.929939
0.680516 0.935075
0.685001 0.940159
0.746136 0.972883
0.746163 0.975231
0.746631 0.979575
0.746946 0.983295
0.746969 0.985956
0.747408 0.990333
0.747804 0.994578
0.747664 0.996659
0.747826 1.000027
0.748257 1.004569
0.298098 0.674238
0.301212 0.685379
0.304570 0.696604
0.308345 0.708431
0.312555 0.720689
0.317226 0.733247
0.322484 0.746236
0.328253 0.759245
0.334656 0.772358
0.341514 0.785112
0.427538 0.546091
0.435890 0.552086
0.444658 0.558440
0.453538 0.564976
0.462699 0.571929
0.471866 0.579151
0.481078 0.586758
0.490185 0.594690
0.499178 0.603016
0.508065 0.611773
0.554337 0.676422
0.566036 0.693793
0.577236 0.710932
0.588248 0.727893
0.599023 0.744207
0.609613 0.759760
0.620065 0.774551
0.630340 0.788654
0.640480 0.802247
0.650003 0.814694
0.588594 0.798637
0.591838 0.801844
0.595080 0.805039
0.598236 0.808099
0.601380 0.811125
0.604601 0.814224
0.607755 0.817232
0.610748 0.820040
0.613735 0.822826
0.616867 0.825802
0.561265 0.672556
0.565926 0.679501
0.570600 0.686632
0.575237 0.693833
0.579766 0.700979
0.584176 0.707974
0.588573 0.715003
0.592921 0.721946
0.597281 0.728912
0.601453 0.735499
0.686676 0.948280
0.690823 0.953378
0.694889 0.958708
0.697535 0.962606
0.700309 0.966902
0.703274 0.971682
0.706151 0.976540
0.708674 0.981171
0.710590 0.985201
0.712475 0.989313
0.412161 0.513739
0.421616 0.519743
0.431600 0.525892
0.441821 0.532074
0.452362 0.538454
0.463511 0.545327
0.474869 0.552577
0.486541 0.560402
0.498050 0.568618
0.509473 0.577415
0.430132 0.599656
0.437719 0.607654
0.445390 0.615966
0.453128 0.624619
0.460847 0.633543
0.468578 0.642794
0.476293 0.652334
0.483993 0.662144
0.491662 0.672159
0.499341 0.682374
0.718386 0.682944
0.721743 0.695809
0.724791 0.708020
0.727672 0.720207
0.730487 0.732770
0.733276 0.746035
0.735545 0.755946
0.737575 0.764438
0.739409 0.772145
0.741190 0.779418
0.320754 0.577760
0.322741 0.583061
0.324910 0.588723
0.327157 0.594441
0.329451 0.600143
0.331920 0.606171
0.334420 0.612194
0.337034 0.618384
0.339706 0.624615
0.342524 0.631113
0.250105 0.444885
0.250105 0.444885
0.250105 0.444885
0.250105 0.444885
0.250105 0.444885
0.250105 0.444885
0.250105 0.444885
0.250105 0.444885
0.250105 0.444885
0.250105 0.444885
0.479041 0.714993
0.483305 0.720593
0.487646 0.726194
0.491977 0.731676
0.496427 0.737202
0.500918 0.742652
0.505514 0.748101
0.510116 0.753416
0.514822 0.758720
0.519611 0.763974
0.631202 0.828445
0.634765 0.832055
0.638338 0.835710
0.641764 0.839198
0.645155 0.842668
0.648456 0.846084
0.651748 0.849540
0.654920 0.852895
0.657928 0.856080
0.660930 0.859334
0.397856 0.656464
0.401695 0.662687
0.405583 0.669003
0.409487 0.675279
0.413620 0.681897
0.417868 0.688618
0.422072 0.695165
0.426387 0.701794
0.430908 0.708596
0.435574 0.715451
0.707148 0.958111
0.711315 0.966384
0.715100 0.974676
0.718500 0.982972
0.721484 0.991108
0.724064 0.999014
0.726354 1.006792
0.728392 1.014475
0.730330 1.022257
0.732001 1.029712
0.391984 0.675190
0.395369 0.681081
0.398840 0.687035
0.402440 0.693150
0.406058 0.699173
0.409891 0.705441
0.413861 0.711783
0.417976 0.718185
0.422139 0.724477
0.426357 0.730661
0.449586 0.676793
0.453773 0.682662
0.457986 0.688553
0.462237 0.694460
0.466567 0.700439
0.470960 0.706434
0.475417 0.712436
0.479963 0.718460
0.484573 0.724451
0.489237 0.730400
0.443698 0.589309
0.449213 0.594452
0.454803 0.599774
0.460351 0.605197
0.465960 0.610826
0.471503 0.616555
0.477035 0.622453
0.482588 0.628566
0.488111 0.634851
0.493459 0.641108
0.255749 0.441432
0.255749 0.441432
0.255749 0.441432
0.255749 0.441432
0.255749 0.441432
0.255749 0.441432
0.255749 0.441432
0.255749 0.441432
0.255749 0.441432
0.255749 0.441432
0.381976 0.520258
0.387134 0.524888
0.392722 0.529730
0.398405 0.534491
0.404232 0.539244
0.410455 0.544230
0.416686 0.549139
0.423186 0.554224
0.429794 0.559380
0.436629 0.564746
0.607491 0.805849
0.613064 0.811560
0.618774 0.817404
0.623847 0.822442
0.629385 0.828073
0.634249 0.832892
0.639265 0.837939
0.644306 0.843101
0.648598 0.847432
0.653667 0.852797
0.270576 0.430627
0.270576 0.430627
0.270576 0.430627
0.270576 0.430627
0.270576 0.430627
0.270576 0.430627
0.270576 0.430627
0.270576 0.430627
0.270576 0.430627
0.270576 0.430627
0.575417 0.855505
0.590387 0.864477
0.604930 0.873244
0.617431 0.880880
0.628361 0.887760
0.638144 0.894224
0.648827 0.902113
0.658584 0.909926
0.666810 0.917080
0.673854 0.923809
0.682749 0.961386
0.686782 0.965902
0.690215 0.970101
0.694247 0.975230
0.697875 0.980218
0.701055 0.984926
0.704138 0.989825
0.707103 0.994795
0.709444 0.999210
0.711346 1.003277
0.478443 0.661478
0.484065 0.668807
0.489582 0.676100
0.495246 0.683660
0.500850 0.691185
0.506485 0.698760
0.512122 0.706311
0.517869 0.713961
0.523632 0.721553
0.529419 0.729060
0.460004 0.681550
0.463861 0.686874
0.467732 0.692200
0.471675 0.697601
0.475649 0.703003
0.479641 0.708375
0.483736 0.713827
0.487865 0.719242
0.492056 0.724657
0.496252 0.729984
0.769957 0.984758
0.769957 0.984758
0.769957 0.984758
0.769957 0.984758
0.769957 0.984758
0.769957 0.984758
0.769957 0.984758
0.769957 0.984758
0.769957 0.984758
0.769957 0.984758
0.262208 0.437041
0.262208 0.437041
0.262208 0.437041
0.262208 0.437041
0.262208 0.437041
0.262208 0.437041
0.262208 0.437041
0.262208 0.437041
0.262208 0.437041
0.262208 0.437041
0.591182 0.705260
0.593543 0.709201
0.595666 0.712702
0.597697 0.716067
0.600016 0.719961
0.601909 0.723048
0.604121 0.726720
0.606257 0.730276
0.608223 0.733475
0.610437 0.737156
0.725315 0.972901
0.726012 0.975090
0.726642 0.977186
0.727129 0.979011
0.727653 0.980935
0.728262 0.983073
0.728741 0.984980
0.729170 0.986739
0.729689 0.988782
0.730256 0.990913
0.718271 0.980528
0.719341 0.983374
0.720436 0.986378
0.721548 0.989423
0.722627 0.992529
0.723657 0.995598
0.724489 0.998358
0.725230 1.001030
0.726008 1.003781
0.726849 1.006681
0.547759 0.675534
0.551394 0.680741
0.554995 0.685972
0.558659 0.691364
0.562313 0.696801
0.565860 0.702116
0.569358 0.707384
0.572859 0.712667
0.576454 0.718118
0.579903 0.723307
0.401207 0.561231
0.409922 0.569463
0.418916 0.577937
0.428229 0.586802
0.437816 0.596136
0.447503 0.605871
0.457261 0.616081
0.467036 0.626792
0.476701 0.637908
0.486377 0.649589
0.555044 0.890746
0.568889 0.896262
0.583336 0.902217
0.598236 0.908644
0.607015 0.912145
0.622490 0.919868
0.630575 0.923835
0.641135 0.929895
0.650804 0.936004
0.657591 0.940729
0.755321 1.000506
0.755053 1.005722
0.753854 1.005438
0.753854 1.005438
0.753854 1.005438
0.753854 1.005438
0.753854 1.005438
0.753854 1.005438
0.753854 1.005438
0.753854 1.005438
0.326145 0.492381
0.329164 0.498968
0.332412 0.505589
0.335864 0.512186
0.339551 0.518801
0.343470 0.525417
0.347641 0.532066
0.352070 0.538766
0.356743 0.545500
0.361670 0.552299
0.520495 0.769551
0.532045 0.781247
0.543777 0.792375
0.555804 0.803139
0.567704 0.813213
0.579314 0.822603
0.590731 0.831548
0.601864 0.840129
0.612327 0.848101
0.622962 0.856387
0.723313 0.980515
0.724793 0.985231
0.726138 0.989833
0.727441 0.994501
0.728649 0.999139
0.729806 1.003765
0.730901 1.008341
0.731882 1.012804
0.732826 1.017318
0.733742 1.021790
0.592231 0.870177
0.615585 0.883960
0.633845 0.895287
0.650125 0.906728
0.665757 0.919602
0.677250 0.930662
0.687425 0.942153
0.697141 0.955097
0.704303 0.966660
0.710674 0.978667
0.266773 0.433646
0.266773 0.433646
0.266773 0.433646
0.266773 0.433646
0.266773 0.433646
0.266773 0.433646
0.266773 0.433646
0.266773 0.433646
0.266773 0.433646
0.266773 0.433646
