0.665487
0.650624
1.062610
0.976073
1.414892
0.794065
1.333802
1.462143
0.881054
0.892211
1.414832
0.546150
0.424457
2.975586
1.286869
1.048342
0.955390
1.109347
0.343413
1.203644
1.660013
1.837366
0.852473
0.599640
0.797413
1.580402
0.722410
1.873887
0.990484
1.726803
0.509684
1.288845
0.485898
2.033175
1.198357
1.770162
1.025433
1.963510
0.380169
1.963249
2.751050
1.981036
0.665483
1.995507
2.271956
1.253963
1.099377
1.471279
0.846473
0.869731
1.342655
1.179107
0.335672
1.738422
1.221391
0.783622
0.567074
1.242071
0.831515
0.557212
2.193596
1.500225
0.765660
0.695656
0.709245
0.893388
0.606282
1.845394
1.521948
1.785124
1.015144
2.914660
1.080687
0.577925
0.937023
0.451606
1.482006
0.813993
0.876598
0.804668
1.074570
0.868164
0.532071
0.760545
0.690405
0.540860
0.767857
0.972208
2.179607
1.754156
0.959002
0.341687
0.896732
0.685495
1.263386
1.482956
1.592349
0.481854
0.676312
0.356607
0.804114
1.925024
1.167448
0.710959
1.239101
0.924353
0.639634
0.598444
1.443097
0.850262
0.912855
0.629121
0.901647
1.182780
1.039105
0.894616
2.056878
1.248456
1.365207
1.017480
2.113603
0.880744
1.540220
2.199476
0.627987
0.411577
1.031155
0.454893
1.422119
0.632139
0.625316
0.772401
1.067463
1.082115
1.739368
1.041150
0.874776
1.142625
1.381025
0.673436
0.343873
0.962462
1.906850
1.402590
0.945302
0.796434
1.617247
0.989997
0.605165
0.929691
0.766672
0.978344
0.558433
1.092496
1.713225
0.711812
0.857275
1.304749
0.677865
0.609936
0.931320
0.889377
0.586748
1.158685
1.038117
1.539368
1.324746
1.386985
0.879338
0.497361
0.308382
0.874415
0.696016
1.720179
1.026911
1.200965
1.127320
1.107733
2.527324
2.507419
1.070210
0.705851
0.585712
1.541977
1.310805
2.099362
1.148716
1.872265
1.001084
0.712852
2.487739
1.138076
1.856593
0.528630
2.609726
0.837421
1.149229
0.484316
2.026487
1.019248
0.848725
1.224239
0.739908
0.883787
1.088933
1.576990
1.252330
1.570587
0.661593
0.825879
3.117125
1.175846
1.498371
1.027125
0.300930
1.462366
0.669887
1.348575
1.459668
1.051689
1.053601
1.073962
1.745437
1.113304
1.133914
1.360211
1.380243
0.895716
1.017003
0.941043
3.410748
0.747127
0.644007
0.590185
1.122487
1.441873
1.032198
0.434999
0.535374
1.118682
1.082699
0.781518
0.273291
1.257094
1.171000
1.136886
1.176008
2.438183
0.590516
1.125991
0.664706
0.984425
0.534349
2.539948
1.317265
0.777982
1.683732
0.447151
1.162790
0.862930
0.277796
1.640120
0.899884
1.294199
0.622052
0.343649
0.991228
0.436015
0.406005
2.172642
0.812150
0.810941
1.193375
0.831757
0.664526
1.100327
0.513621
0.674891
1.395117
0.858250
1.454642
0.866940
1.916989
0.962515
0.604734
0.674849
0.663119
1.961990
0.707642
1.141010
1.944550
0.914449
2.055032
0.778809
1.883787
0.676625
1.397350
1.299807
0.583361
0.674743
1.051454
2.262481
0.573668
0.956936
1.076252
0.896474
1.120977
0.674052
1.542818
0.939188
1.836752
1.885820
0.984476
0.831605
1.020259
0.593583
1.463666
0.416810
1.239607
1.294945
1.091690
1.559844
1.696283
0.572577
0.898397
0.709236
0.907462
1.299258
0.972481
0.407292
1.296430
3.028618
0.705617
1.439856
1.224081
0.969258
0.769664
1.084831
0.540450
1.129949
0.536944
2.008465
1.336922
0.505698
0.996901
0.940794
1.035576
0.933410
0.604040
0.531892
0.306007
1.121628
1.212254
1.247734
1.137183
0.680834
1.449940
1.541413
1.218146
2.372794
1.165376
0.689952
1.018413
2.108314
1.942802
1.511085
1.249822
0.779204
0.528951
1.182909
2.017437
0.498799
1.183850
0.891577
0.793086
1.025121
2.063034
0.764110
0.755474
1.423138
0.588988
0.882177
1.549304
1.508100
1.013250
0.448759
0.795810
1.249194
1.270213
0.653641
0.312328
0.550290
1.627735
1.684387
0.560090
0.599022
0.611258
0.487751
1.236316
1.733627
1.552624
1.279718
0.717782
1.083080
0.524018
1.098528
0.790471
0.537763
1.497289
1.107736
2.172053
2.968233
1.251764
0.935270
1.096836
0.741604
0.342659
0.655712
1.231054
0.830981
0.808512
0.527379
0.785302
1.474110
1.110736
0.970281
1.774442
1.118853
0.479229
2.556605
1.215441
0.851752
0.912621
1.698426
0.613075
0.645083
1.306575
1.579092
1.077204
0.705657
1.552762
0.505551
0.812604
0.987354
0.552168
1.092631
0.240362
1.020843
1.697020
1.083021
0.698843
0.995435
1.387690
0.391030
1.184755
0.876825
3.145736
0.554186
1.456155
0.868620
1.368033
1.264601
2.029092
0.502271
0.826131
1.187214
1.456529
1.273317
1.394090
0.917733
1.357632
0.687759
0.667653
0.819665
2.057650
0.748974
0.738530
0.855382
0.912443
1.037644
0.943561
0.986825
1.867058
1.265032
0.932136
0.665954
1.468745
1.495774
0.421547
0.480021
0.747150
0.627995
1.556439
1.729836
1.403752
1.300697
1.614913
1.177132
3.101809
1.182349
