0.283040 0.419433
0.283559 0.422802
0.284039 0.426051
0.284500 0.429269
0.284981 0.432604
0.285456 0.435949
0.285917 0.439271
0.286291 0.442252
0.286669 0.445269
0.287079 0.448435
0.287467 0.451526
0.287860 0.454634
0.288318 0.458033
0.288790 0.461499
0.289295 0.465124
0.289771 0.468621
0.290273 0.472206
0.290688 0.475374
0.291045 0.478260
0.291435 0.481257
0.291895 0.484531
0.292302 0.487487
0.292854 0.491102
0.293411 0.494658
0.294003 0.498338
0.294600 0.501954
0.295198 0.505487
0.295755 0.508782
0.296345 0.512112
0.296974 0.515558
0.297614 0.518948
0.298256 0.522232
0.298984 0.525827
0.299712 0.529293
0.300481 0.532836
0.301322 0.536541
0.302187 0.540268
0.302983 0.543614
0.303828 0.547047
0.304741 0.550631
0.305667 0.554140
0.306642 0.557773
0.307617 0.561286
0.308656 0.564928
0.309748 0.568657
0.310836 0.572260
0.311965 0.575954
0.313168 0.579778
0.314324 0.583367
0.315453 0.586783
0.316717 0.590539
0.318001 0.594328
0.319387 0.598344
0.320754 0.602198
0.322116 0.606018
0.323514 0.609855
0.325003 0.613916
0.326524 0.617979
0.328037 0.622000
0.329675 0.626300
0.331286 0.630505
0.332978 0.634864
0.334700 0.639225
0.336411 0.643516
0.338160 0.647880
0.339941 0.652263
0.341788 0.656764
0.343705 0.661390
0.345626 0.665954
0.347605 0.670595
0.349666 0.675354
0.351786 0.680246
0.353978 0.685190
0.356212 0.690099
0.358570 0.695255
0.360915 0.700246
0.363359 0.705341
0.365868 0.710445
0.368422 0.715514
0.371049 0.720591
0.373828 0.725808
0.376799 0.731265
0.379884 0.736730
0.383072 0.742170
0.386285 0.747488
0.389568 0.752713
0.392946 0.757900
0.396488 0.763135
0.400262 0.768494
0.404164 0.773799
0.408184 0.779046
0.412218 0.784086
0.416242 0.788907
0.420502 0.793796
0.425077 0.798824
0.429571 0.803533
0.434072 0.808030
0.438898 0.812661
0.444190 0.817526
0.449601 0.822255
0.454720 0.826497
0.460177 0.830829
0.465564 0.834897
0.470798 0.838659
0.476285 0.842449
0.482043 0.846261
0.487709 0.849853
0.493931 0.853673
0.499914 0.857160
0.505551 0.860288
0.511087 0.863252
0.516689 0.866153
0.522396 0.869026
0.528232 0.871899
0.534256 0.874793
0.540450 0.877726
0.546685 0.880633
0.551934 0.882940
0.557006 0.885104
0.561679 0.887083
0.566324 0.889029
0.570443 0.890701
0.575927 0.893150
0.581684 0.895702
0.587292 0.898231
0.593110 0.900887
0.598078 0.903193
0.602557 0.905225
0.606345 0.906914
0.609679 0.908407
0.612526 0.909631
0.615693 0.911095
0.619213 0.912816
0.623656 0.915144
0.628307 0.917723
0.632667 0.920262
0.636946 0.922776
0.640977 0.925198
0.643191 0.926501
0.645959 0.928204
0.648359 0.929738
0.650949 0.931458
0.653364 0.933138
0.656810 0.935632
0.659931 0.938003
0.662960 0.940349
0.665975 0.942789
0.668890 0.945221
0.670958 0.947041
0.672965 0.948828
0.674478 0.950267
0.676355 0.952109
0.678145 0.953853
0.680390 0.956189
0.682590 0.958514
0.685076 0.961200
0.687438 0.963862
0.689715 0.966520
0.691432 0.968653
0.692804 0.970490
0.694329 0.972564
0.695813 0.974621
0.697341 0.976805
0.698622 0.978782
0.700256 0.981156
0.701810 0.983537
0.703453 0.986099
0.704907 0.988489
0.706427 0.990990
0.707399 0.992906
0.708569 0.995040
0.709378 0.996799
0.710248 0.998669
0.710963 1.000387
0.712014 1.002498
0.713411 1.005284
0.714472 1.007562
0.715826 1.010325
0.716903 1.012761
0.717460 1.014443
0.718180 1.016390
0.718994 1.018490
0.719650 1.020444
0.720573 1.022783
0.721162 1.024663
0.722006 1.026957
0.722841 1.029239
0.723692 1.031637
0.724638 1.034241
0.725289 1.036309
0.725880 1.038337
0.726559 1.040565
0.726873 1.042095
0.727296 1.043858
0.727645 1.045560
0.728375 1.047880
0.729139 1.050299
0.730018 1.052974
0.731066 1.055899
0.731874 1.058507
