0.305153 0.393736
0.305962 0.396785
0.306818 0.399888
0.307685 0.402984
0.308546 0.406030
0.309443 0.409092
0.310343 0.412133
0.311326 0.415290
0.312318 0.418419
0.313304 0.421489
0.314345 0.424597
0.315399 0.427683
0.316443 0.430682
0.317495 0.433645
0.318576 0.436582
0.319695 0.439537
0.320831 0.442461
0.322061 0.445492
0.323358 0.448578
0.324697 0.451652
0.326024 0.454630
0.327426 0.457673
0.328795 0.460557
0.330191 0.463424
0.331635 0.466276
0.333121 0.469124
0.334654 0.471974
0.336302 0.474903
0.337971 0.477789
0.339697 0.480664
0.341474 0.483533
0.343312 0.486410
0.345178 0.489226
0.347115 0.492057
0.349098 0.494863
0.351094 0.497610
0.353176 0.500376
0.355388 0.503223
0.357652 0.506047
0.359953 0.508833
0.362324 0.511626
0.364769 0.514418
0.367298 0.517232
0.369873 0.520021
0.372503 0.522797
0.375224 0.525602
0.378030 0.528427
0.380864 0.531220
0.383837 0.534092
0.386937 0.537032
0.390011 0.539894
0.393189 0.542807
0.396365 0.545677
0.399644 0.548610
0.403050 0.551621
0.406508 0.554657
0.409978 0.557681
0.413499 0.560739
0.417139 0.563893
0.420731 0.567002
0.424455 0.570231
0.428175 0.573469
0.431931 0.576761
0.435780 0.580162
0.439677 0.583639
0.443598 0.587178
0.447523 0.590769
0.451448 0.594411
0.455418 0.598161
0.459391 0.601981
0.463316 0.605827
0.467295 0.609800
0.471230 0.613816
0.475141 0.617900
0.479060 0.622076
0.482985 0.626360
0.486874 0.630704
0.490747 0.635132
0.494616 0.639654
0.498463 0.644255
0.502219 0.648845
0.505966 0.653509
0.509652 0.658191
0.513286 0.662893
0.516997 0.667769
0.520671 0.672674
0.524334 0.677625
0.527961 0.682583
0.531534 0.687512
0.535073 0.692428
0.538663 0.697448
0.542218 0.702433
0.545865 0.707563
0.549439 0.712588
0.552955 0.717521
0.556496 0.722467
0.560123 0.727524
0.563639 0.732362
0.567101 0.737082
0.570594 0.741812
0.574154 0.746584
0.577660 0.751218
0.581203 0.755845
0.584792 0.760481
0.588309 0.764941
0.591831 0.769375
0.595318 0.773675
0.598719 0.777803
0.602185 0.781995
0.605674 0.786163
0.609134 0.790230
0.612610 0.794308
0.616003 0.798224
0.619304 0.801973
0.622585 0.805703
0.625759 0.809254
0.628874 0.812710
0.632112 0.816342
0.635318 0.819945
0.638510 0.823503
0.641670 0.827047
0.644890 0.830703
0.647723 0.833808
0.650481 0.836893
0.653162 0.839876
0.655719 0.842734
0.658335 0.845666
0.661023 0.848790
0.663700 0.851927
0.666423 0.855182
0.669194 0.858584
0.671790 0.861782
0.674235 0.864824
0.676413 0.867543
0.678470 0.870123
0.680473 0.872653
0.682439 0.875226
0.684408 0.877885
0.686621 0.880961
0.688709 0.883942
0.690769 0.886938
0.692717 0.889835
0.694596 0.892686
0.696250 0.895258
0.697832 0.897769
0.699399 0.900342
0.700939 0.902930
0.702395 0.905457
0.703983 0.908271
0.705519 0.911091
0.707111 0.914075
0.708523 0.916809
0.709970 0.919700
0.711183 0.922204
0.712385 0.924767
0.713503 0.927225
0.714557 0.929632
0.715537 0.931975
0.716682 0.934681
0.717823 0.937456
0.718840 0.940059
0.719900 0.942789
0.720865 0.945397
0.721808 0.948031
0.722695 0.950602
0.723522 0.953104
0.724244 0.955455
0.725016 0.957942
0.725772 0.960434
0.726554 0.963058
0.727326 0.965697
0.728122 0.968437
0.728867 0.971117
0.729579 0.973793
0.730249 0.976403
0.730720 0.978581
0.731287 0.981034
0.731790 0.983326
0.732297 0.985689
0.732918 0.988373
0.733468 0.990924
0.733967 0.993392
0.734444 0.995848
0.734908 0.998248
0.735356 1.000704
0.735753 1.003025
0.736173 1.005401
0.736527 1.007646
0.736790 1.009715
0.737202 1.012136
0.737570 1.014490
0.737852 1.016671
0.738307 1.019273
0.738672 1.021687
0.739000 1.024043
0.739286 1.026238
0.739504 1.028300
0.739628 1.030163
0.739723 1.031959
0.739922 1.033952
