3.093897
0.815417
-0.259676
-0.161431
-0.208009
-2.609498
-0.359216
-1.009909
0.931271
0.125366
-0.923468
0.018337
-0.109571
-1.827368
-0.054464
-0.910554
-1.220668
0.108293
-0.874287
-0.189492
-0.542371
0.286879
-0.432198
0.398313
-0.024717
0.725267
0.585748
0.814225
-0.211665
1.314414
-0.715825
0.962055
1.269219
1.323348
-0.289832
-0.407173
-0.514506
-0.652510
-0.310103
0.080405
0.316279
0.146681
-0.341165
-0.197943
-0.295428
2.250087
-0.780654
-0.163903
-1.260283
-1.211648
0.450925
-0.325227
-0.451825
0.806817
0.496553
-1.821315
-0.203226
0.550039
-2.374190
0.997564
-0.625995
-0.605262
1.357159
0.981103
0.069040
1.005203
1.004575
-0.040951
-0.323128
-0.983912
1.281010
0.394620
-0.094481
0.402440
4.893004
0.024783
0.092439
-0.710435
0.384075
0.371715
-0.130768
0.241004
-0.555781
-0.034000
-0.131000
-0.016182
0.549935
-0.979562
-1.184789
0.314510
-2.570468
-1.382549
0.119612
1.420612
0.667097
-0.843138
0.070945
0.528158
-1.581523
-0.967808
0.607968
3.689936
0.857237
0.276684
1.480087
-0.736224
0.418236
-0.520918
1.145477
-0.287642
0.429799
2.212946
-0.786588
0.428230
-0.664267
0.269660
1.604793
-0.901014
2.893764
0.072584
-0.651372
-0.798274
0.431721
-0.856949
-0.983921
-0.786218
2.453120
-0.359754
-0.258474
-0.175259
0.157649
-0.007948
0.061256
-0.041212
1.748724
-0.210897
-0.621509
-0.605795
0.101465
0.291651
0.679665
-0.609439
0.841931
-0.185053
-0.319851
-0.126922
0.198072
0.241164
0.046966
-0.116594
2.452554
0.098656
0.352633
-0.374055
-0.814323
-0.742759
-0.382979
0.326999
-1.295916
0.196797
-0.223687
0.464589
0.491395
-0.538276
-0.434067
0.069078
0.482796
-0.947776
-0.751524
0.351214
-0.751530
-0.157479
0.009988
-0.761172
-0.251752
0.535231
0.432034
0.259496
-0.385678
-0.328738
-0.098037
-0.920985
-1.176103
-0.551254
1.003632
0.381849
0.350633
-0.987591
-0.667295
-0.158833
0.724263
-0.442996
3.292609
1.361979
0.176808
-0.973103
-0.483850
0.551459
-0.124377
2.221398
0.428941
-0.388700
-1.020685
0.294237
-2.387079
0.731639
-0.918602
-0.324428
0.218214
0.988465
-0.341319
-0.246537
0.255247
0.005380
-0.542140
0.544165
-0.226371
1.099472
1.584391
0.375509
1.533505
-0.664284
0.230618
0.000652
-0.289432
-0.510973
-0.337256
2.220735
1.729391
1.425034
-1.481759
0.069481
-0.395670
0.650577
1.697290
-0.474348
-0.642587
-0.551565
0.391607
0.752733
0.594527
-0.759288
-0.324383
-0.190183
-0.119302
0.521083
0.166941
-0.919777
-0.272118
0.688016
-1.045442
-0.323575
-0.003066
-0.335726
-0.891213
-0.167866
1.119878
0.222593
0.184385
-1.319435
0.374939
-0.345563
0.992434
-1.109859
-0.198745
0.623316
0.203326
-0.380095
-0.043335
-0.017650
-0.656032
-1.201278
0.999123
0.448784
1.419155
0.465844
0.500733
-0.046570
-0.285357
-0.412446
-0.474707
-0.527314
-0.024720
3.022904
-0.590395
1.235346
-1.282031
0.413224
-0.613183
0.498849
0.750519
-0.210531
-0.410788
0.685299
4.525599
0.355739
0.076060
0.793404
-0.270877
-2.178241
0.679320
-0.210886
-0.633096
-0.108936
-1.118929
-1.524170
-0.897849
0.602712
0.202428
-0.289874
1.067384
-0.038353
0.148232
0.075386
0.467462
0.706139
-0.536703
3.391467
-0.439970
0.856122
1.098454
-0.295143
-1.999401
0.146409
0.057476
-1.190104
0.941990
2.149912
-0.622593
1.006468
0.086444
-0.850307
-0.518857
1.400884
0.861791
0.974905
-0.250062
1.929129
-0.801359
0.803451
2.508179
-0.462834
-1.340847
2.610669
-0.706341
-1.154958
-0.189190
-0.149757
0.094847
1.052118
0.444110
-0.255290
3.300895
0.190393
-1.548661
-0.234531
-0.726889
0.118504
-0.106118
-0.135111
-0.495349
-0.319153
-1.661814
-1.231488
-0.685329
-0.363121
-0.112178
-0.430163
0.052277
0.773908
-1.848190
-0.409229
0.052182
0.040297
-0.781252
-0.145101
-0.196288
0.089221
1.770005
-0.758335
0.309675
1.755998
3.536170
-0.184213
0.579370
-0.128927
0.949739
0.459800
-0.144865
0.207819
0.216313
-0.337744
0.451009
-0.431432
2.279240
0.806462
0.075906
1.016211
-0.786361
-1.068031
-0.102124
-2.258962
0.639308
0.017481
-0.549604
-0.109364
-0.096784
-0.165746
0.774614
1.031525
2.355127
-0.489304
1.593663
0.214176
-0.379524
-0.759496
-0.045352
1.108535
2.360515
0.227691
0.502069
-0.397796
-0.139204
2.099499
-0.030363
-0.627980
-0.926204
-0.355590
-0.956621
-2.491480
4.457658
0.252003
-0.483142
-1.274626
0.320180
0.040549
-0.205230
1.107898
-0.689715
-1.127863
-0.284336
-0.385692
2.096718
-0.841308
-0.405638
1.349297
0.074027
-0.589081
0.909838
-0.709902
-1.594344
-0.041222
1.028549
1.413359
4.154417
-1.765195
-2.259250
-1.276949
-0.412391
0.214271
-0.383036
0.021302
0.654279
-0.440901
1.591669
1.826044
0.278547
5.265694
-0.536853
-0.665474
-0.679486
-1.504635
-1.189626
3.005451
0.000202
-0.177193
-1.010168
2.576165
-0.592604
0.241269
0.059927
0.394206
-0.078533
0.154262
0.290804
-0.995269
0.289951
0.388824
-1.164913
-0.666227
-0.387007
-0.142875
-2.018284
-0.762791
-1.302025
-0.325611
0.381690
-0.668535
-0.684545
0.374436
-1.555461
1.570129
-0.006793
-0.172371
-0.148642
0.576667
-0.449292
-0.292011
0.303954
-1.964605
-0.260968
-0.446661
0.470956
2.290074
3.154987
-0.310694
-1.625149
0.036360
-1.056717
-0.324266
0.403851
0.706233
0.455892
0.245083
-0.342714
-0.213764
-0.000036
0.192938
-0.434454
0.239602
0.005495
-0.709797
2.090435
0.230194
-0.518571
-0.056060
-0.356078
-0.561841
-1.022652
-0.335558
-1.213063
-0.564285
-1.062020
0.672505
0.076051
-0.029650
0.232689
0.270160
-0.033398
0.166891
0.174187
-0.725465
-0.656354
-0.272462
0.183437
-1.097872
-0.884499
0.054342
-0.311968
0.471375
-0.288595
0.593584
0.387151
0.399021
-0.585358
-0.310844
-0.294257
0.704641
-0.753417
-0.247988
2.651181
0.312450
-0.113436
1.431972
-0.381714
-0.522811
-1.394837
1.468456
0.052922
-0.008981
-0.761186
-0.623696
-1.112913
-1.190669
-0.174328
0.306018
0.120078
-1.464725
0.635888
-0.718948
1.070497
-0.752909
-1.227641
0.089146
1.822555
-0.321109
-0.550945
1.968061
0.940126
-0.589783
-0.642730
-0.665765
-1.034799
3.157727
0.109631
-1.561915
-0.203368
-0.887512
2.060728
-0.233572
0.580767
-1.908492
1.121959
0.469548
0.365659
-1.407926
-0.800636
-1.036020
0.306288
-1.572073
2.748113
0.397072
-0.132660
0.162275
-0.729077
-0.632813
-0.350569
0.151008
-0.680460
0.817421
0.134233
-0.422706
0.077642
-1.440126
0.191231
0.112532
-0.361564
0.087739
1.285845
-0.665437
-0.704935
0.335342
-1.777533
-0.195333
0.189063
0.197936
-0.329299
-0.088365
0.731751
0.626759
0.075949
0.517602
1.210593
0.327018
-0.141369
-0.294622
-1.042051
0.250039
-0.090519
2.002463
-1.110314
1.254324
3.443440
0.198679
0.792168
-0.276724
-0.127020
2.679884
0.006707
0.408150
-0.777415
0.639166
-0.383944
-0.013700
-0.229363
0.124371
-0.841627
0.099307
-0.447348
-0.279128
-0.249006
-0.659327
-0.366379
-0.614396
-0.895391
1.476709
-0.195187
-0.714637
-0.494929
0.426745
-1.488335
-0.161391
-0.928757
0.045796
1.532528
0.188311
2.706151
0.512261
2.575619
2.709965
-1.268952
0.019747
-1.286799
-0.331390
0.891410
-1.170805
0.418126
-0.547421
-1.579929
-0.480849
-0.484187
-0.093238
1.168579
0.563617
3.101795
0.248009
0.810793
0.029727
-0.414251
-0.192182
-0.040142
-0.298942
2.901107
-0.979117
-1.003107
-0.041880
0.981036
-1.602486
-0.124120
-2.205813
-0.618608
-0.778406
-0.409662
-0.135682
-0.626965
0.768546
1.553683
-0.920159
-0.996601
0.065784
-2.151417
-1.809775
-1.540517
-1.204765
-0.365409
0.891287
0.345907
-0.312435
2.606859
1.088867
-0.303377
0.328461
-1.788061
2.068291
0.525670
1.250977
0.122853
-1.170185
0.125372
-0.292217
-0.500750
-0.207882
-0.412996
0.567365
-2.307925
-0.122984
0.382545
-0.198825
-0.176447
-0.040169
-0.091156
0.527402
-0.369330
-0.262143
-2.221400
-3.063847
-1.924547
-0.276434
3.847385
-0.480212
0.467377
-0.356457
1.358176
-0.368824
0.951725
-0.022330
0.076178
0.485007
-0.477187
1.763135
-0.858480
-0.135102
-0.109231
0.372827
2.837429
0.005482
-0.462051
0.276595
0.178865
-1.122878
-0.317497
-0.361626
-0.582083
-0.233077
-0.375757
0.355691
-0.965041
-0.404355
0.031892
-0.425744
-0.759791
0.108499
0.743546
0.039652
-0.090835
0.339845
-0.199104
0.474902
0.603638
-0.137084
-0.448611
4.488540
0.336058
0.797760
1.767603
0.512162
0.006340
-1.368205
-0.865629
0.951383
-0.189335
-1.538628
-0.738536
-0.252805
0.067580
-0.006474
-0.237391
-0.639751
0.613118
-0.244379
0.138420
-0.037476
-0.377222
-0.004588
-1.182598
0.859437
-0.187724
-0.570559
0.917673
-0.028808
0.323258
-0.256270
0.215297
-0.596954
-0.430056
0.322302
-0.225316
-0.140724
-0.633175
0.098928
-0.251579
-0.479963
0.313609
-0.790507
-0.083562
-0.143201
-0.042522
0.297038
-0.900907
-0.276188
0.382218
0.394596
-0.219091
-1.058675
-1.013348
-0.723041
-0.343924
-0.038566
0.232293
0.276436
-1.165409
-1.744471
5.759086
-0.987735
0.066450
0.808112
-0.540207
-0.694768
-0.745119
-0.278821
-0.640702
-0.738847
-1.893227
-0.098071
0.571695
0.381512
0.294050
0.261799
-0.673718
-0.378303
-0.607348
-1.584283
0.063930
-0.062191
-0.009259
0.000687
-0.582068
0.368577
-0.704798
0.326701
-0.180866
-0.062775
-0.970539
0.894975
-0.004813
-0.757406
0.396033
-0.538447
-0.784867
-0.128187
-0.114623
-1.006551
0.675212
-1.008733
-0.377168
-0.445445
-0.532188
-2.566425
0.148275
0.135358
0.143932
0.067087
-0.454715
-1.451950
-0.771953
-0.470952
0.312282
-0.319561
-0.459898
-0.455234
3.910323
-0.184587
0.170299
-0.291349
0.048677
0.385051
-1.222044
0.188724
-0.055222
0.910488
-0.805669
3.231290
-0.558597
-0.119907
0.158509
3.762016
-1.445105
-0.308119
-1.365344
0.821867
0.859393
-0.027426
-0.260032
0.765638
-0.758427
-0.527043
0.171044
-0.051203
0.242111
-0.261720
-0.055963
0.440560
0.317974
-0.661539
0.469756
0.014608
-0.330018
-1.046788
0.273083
-0.732778
-1.211957
-0.370251
-1.176299
-0.722895
-1.981257
-0.519633
-0.383485
-0.087937
0.242449
0.005005
1.128097
0.069678
-0.048313
-0.614596
0.223417
-0.446390
-0.695846
-0.805258
-0.455075
-0.339984
-0.442513
-0.251549
-0.150944
0.153512
0.551813
0.322774
2.281794
-1.336271
-0.375044
0.147178
2.514186
-0.892349
-2.563186
0.289055
0.880542
0.337668
-0.910037
-0.160199
-1.490676
-0.098197
0.791253
0.711543
1.747245
0.703057
-0.366388
-1.401452
-0.220416
0.810618
0.479792
2.607464
0.454365
-0.139736
0.306018
0.687018
0.245365
-0.222657
0.938580
-1.823212
0.343295
0.550712
-0.818886
0.762872
-0.540668
0.150873
-0.429731
3.462491
-0.968853
-0.122334
0.453600
3.116210
1.428838
-0.227774
-0.405143
0.759124
0.217376
0.132599
-0.511321
0.406599
-0.460941
0.194366
1.017038
0.778692
-0.178978
-0.459480
0.162995
0.057398
-0.180286
-0.147928
-0.655765
0.286030
0.358857
-0.302594
0.542411
0.038470
-1.549029
-0.621960
-0.554936
-1.369593
0.070376
0.146330
1.737947
-0.163906
-1.247343
-0.331026
0.193645
0.520762
1.032158
1.213034
0.007529
2.270067
0.390399
-0.539806
0.374857
-0.010766
-0.497434
-0.262013
0.581022
0.720256
0.697068
-1.043751
4.077287
1.021363
-0.282812
0.154955
1.175146
0.178591
-0.347879
-0.737572
-0.547781
-0.031194
-0.611602
0.584059
-0.410449
-0.559728
0.229810
0.070440
-0.602719
-0.422039
-1.152765
-0.202137
-0.018558
-0.806134
0.407220
1.018447
-0.575154
-1.271410
-0.067863
-0.286091
0.177035
-0.257545
0.265893
0.096168
-0.190983
-0.294965
-0.069154
1.454120
-0.008856
0.103131
0.242800
0.476910
-0.493928
-0.826232
-0.139245
0.108970
-0.036842
0.184094
-0.853635
0.308508
-0.162366
-0.145419
-0.175190
-0.526354
-0.189266
-0.553356
-0.780473
2.846326
1.246549
0.201629
-1.132196
-1.421325
0.490418
-0.388511
-0.035591
0.109263
0.257544
1.943765
-1.269770
2.483659
0.072299
-0.043270
0.379190
-0.344251
0.666845
-1.471387
-0.806322
-0.875076
2.919580
-0.241368
-1.320888
-0.042638
0.024543
-0.580240
-0.739781
0.248232
-0.723182
-0.325351
0.476111
-0.239427
2.049461
-0.379979
0.241612
0.070462
0.410837
-0.919795
0.591927
-1.042270
-0.423677
0.026325
1.175488
1.042704
0.189681
0.192962
-1.029739
-1.246081
0.013328
0.290150
-0.214509
-0.509123
-0.054018
0.197236
-1.209704
0.515563
-0.289374
-0.237050
0.105413
-0.856888
-2.157410
0.641545
0.456913
1.468531
0.414215
0.376610
-0.298831
-0.337836
0.597371
0.469869
1.029256
0.185800
-0.113598
-0.609649
-1.322287
0.589137
0.433682
0.704551
-0.070124
-0.075667
-0.122238
0.520713
-0.547987
0.733333
-0.545770
-0.359492
0.688860
0.328061
0.296756
0.210867
0.387573
-0.121777
0.219107
-0.175567
-1.475365
-0.752744
0.555409
-0.178528
0.827593
-0.848909
-0.100988
0.077991
-0.298037
-0.520485
-0.380434
0.932385
0.168984
-0.259715
0.062847
-0.062168
-0.676492
0.616762
0.160272
-1.066938
-0.177442
-1.146606
-0.647568
-0.203911
-0.336588
-0.823114
0.479478
1.149191
1.093323
0.925084
0.316359
-0.130899
2.525584
-0.107203
0.199635
-0.520418
0.308757
-0.798854
0.579155
1.663420
0.611110
1.186563
-0.699607
-0.380176
-1.335448
0.160173
0.368475
-0.871402
-0.187894
0.662483
-0.574174
-0.266969
0.691809
0.225108
0.811699
0.084441
0.105208
0.309544
-1.044454
0.107664
-0.491302
-0.875761
-0.258802
-1.888696
0.016502
-1.960807
-0.299412
1.856647
1.007954
-0.335590
-0.864481
0.118587
-0.249009
0.376922
-0.739767
-0.855070
0.006010
-0.406060
-0.810820
0.506916
-0.156611
-1.217413
-0.042209
-0.916608
-0.164860
-0.896799
-0.052046
-2.423655
-0.938702
0.807570
-0.995800
2.397548
-0.093567
-0.808880
2.045518
-0.395018
1.981879
0.823707
0.018296
1.705452
-0.533885
0.422695
0.854724
0.612629
-0.495337
-0.970085
0.053250
0.179333
-0.504912
-0.280863
0.535027
-2.387946
0.419910
0.871168
-1.901282
0.908315
-0.258315
0.112341
0.620547
-1.427404
0.447033
0.234558
0.094361
-1.367253
-0.109692
0.131191
-0.883064
-0.103661
3.165519
-1.161324
-1.128005
0.017106
0.702881
0.023368
-0.548559
1.468066
-0.699828
-0.022193
-0.934752
0.225181
-0.684979
0.522857
-2.015626
-0.841145
-0.572266
-0.394250
1.059986
0.098336
-0.728277
0.757364
0.320061
0.009253
0.337426
0.476633
-0.271146
-0.372747
-0.512162
-0.426545
-0.194817
-0.045614
2.817621
-1.303906
-1.337435
3.772583
-0.241818
-1.008159
-0.606830
-0.601676
-0.649830
0.285571
-0.185283
0.138472
-0.311803
0.319169
0.030964
0.105461
-1.044794
-0.427382
-0.504528
0.164227
-1.142605
0.364761
-0.145078
-0.394937
-1.225097
-1.643107
-0.305430
-0.041959
0.277607
2.145586
-0.764684
-0.970246
0.408405
0.517024
-0.579131
0.104297
-1.473504
0.663106
0.636645
-0.715943
-0.829701
-0.028027
-2.318930
-0.457823
-0.630454
0.572681
0.017048
1.221180
0.407303
0.250131
0.583421
-1.453327
0.683818
-0.334629
0.454542
-0.836623
-1.344786
-0.759591
-0.263760
-1.326913
0.283459
-0.501032
-0.172742
0.125074
1.001414
0.489101
-0.831333
-0.024136
-0.107003
0.986618
0.286538
-0.480677
0.275866
-0.101723
0.827824
-3.164923
-1.764926
2.883548
1.434264
2.452292
-0.739723
-0.904745
1.029771
-0.924290
1.557726
-0.449652
1.712335
-1.409854
0.102788
-0.573172
-0.926303
0.386324
-0.784788
-1.183953
-0.641605
-1.787988
-1.021032
-0.299362
-0.483853
1.053220
-1.320566
-1.641052
3.833176
-1.550207
1.917850
2.803192
-0.514308
-0.801030
0.230587
0.239376
-0.223485
-1.864981
-1.943826
-1.241760
0.139024
-0.449323
1.743309
-0.344142
0.350865
0.678846
0.047595
0.596855
0.163749
0.108257
-1.454187
0.203886
0.176605
1.020342
0.224226
0.053976
-1.801321
0.286616
0.119510
0.160618
0.826980
-0.351201
-0.295661
-0.389728
1.009298
-0.785656
0.092710
-0.801799
0.135939
0.114779
0.789453
1.245530
-0.137497
0.199242
0.371389
-0.675156
0.327906
1.257850
-1.257447
-0.331367
-0.239430
0.447023
-0.439008
-0.429703
-0.280037
0.539648
0.324858
0.561257
-0.411478
-0.647654
-2.101676
0.664088
0.619852
-0.696518
-0.436733
0.305984
0.328434
-0.170679
-0.140100
0.006025
-0.624106
-1.704533
0.112568
-0.811821
-0.153057
-0.611650
-0.653670
-1.105668
-0.067410
0.233000
0.430729
0.451498
0.114849
0.629214
-1.963425
0.076242
-0.436025
0.084526
-0.373509
0.297617
-0.584888
-0.196675
-0.181261
-0.978579
-1.378732
0.428176
-0.364671
0.575689
0.714313
-0.454115
3.045435
0.104080
-0.258543
0.033076
-0.262620
-0.376047
-0.322621
0.172692
-0.290274
-0.385959
-0.253945
-0.042309
0.608704
-0.552260
-0.718702
0.047453
0.731722
0.635947
-0.528467
-1.022028
0.360981
-0.422507
0.559477
0.835612
-0.081970
0.018125
0.196374
0.119948
0.320709
2.923399
0.916281
0.479972
-0.122781
-0.144789
-0.744780
-1.093417
-0.124113
-1.087853
