-0.053607 0.233146 0.186456
-0.051719 0.234899 0.189029
-0.049812 0.236698 0.191616
-0.047968 0.238507 0.194103
-0.046031 0.240345 0.197274
-0.044033 0.242268 0.200767
-0.042117 0.244165 0.204204
-0.040237 0.246128 0.207314
-0.038456 0.248092 0.210101
-0.036691 0.250090 0.212794
-0.034925 0.252134 0.215678
-0.033101 0.254219 0.219307
-0.031313 0.256329 0.222980
-0.029591 0.258432 0.226694
-0.027883 0.260686 0.229648
-0.026221 0.262976 0.232520
-0.024613 0.265248 0.235441
-0.022934 0.267653 0.238913
-0.021342 0.269999 0.242761
-0.019774 0.272419 0.246521
-0.018225 0.274938 0.250133
-0.016700 0.277547 0.253144
-0.015232 0.280203 0.256057
-0.013808 0.282856 0.259180
-0.012381 0.285590 0.263194
-0.010965 0.288432 0.267219
-0.009587 0.291342 0.271242
-0.008285 0.294293 0.274632
-0.007020 0.297282 0.277828
-0.005734 0.300460 0.280776
-0.004522 0.303607 0.284325
-0.003346 0.306869 0.288478
-0.002205 0.310188 0.292644
-0.001034 0.313737 0.296838
0.000038 0.317216 0.300082
0.001066 0.320739 0.303144
0.002046 0.324314 0.306335
0.003044 0.328171 0.310802
0.004003 0.332127 0.315206
0.004893 0.336069 0.319557
0.005836 0.340221 0.323007
0.006752 0.344434 0.326180
0.007627 0.348680 0.329295
0.008492 0.353138 0.332868
0.009287 0.357684 0.337312
0.010050 0.362322 0.341557
0.010799 0.366984 0.345572
0.011684 0.372074 0.349150
0.012433 0.376927 0.352648
0.013152 0.381853 0.356327
0.013983 0.387240 0.360119
0.014800 0.392677 0.364081
0.015628 0.398232 0.367823
0.016475 0.403881 0.371653
0.017229 0.409362 0.375354
0.018051 0.415011 0.378969
0.018923 0.420865 0.382757
0.019958 0.427119 0.386358
0.021012 0.433423 0.390045
0.022187 0.439856 0.393427
0.023317 0.446253 0.396868
0.024436 0.452462 0.400483
0.025694 0.459044 0.404091
0.027126 0.465774 0.407529
0.028741 0.472826 0.410857
0.030465 0.479941 0.413911
0.032263 0.486963 0.417210
0.034004 0.493816 0.420738
0.035894 0.500695 0.424188
0.037917 0.507519 0.427467
0.040372 0.515013 0.430412
0.043122 0.522647 0.433026
0.046055 0.530232 0.435637
0.048804 0.537311 0.438551
0.051627 0.544209 0.441763
0.054616 0.550970 0.444665
0.058144 0.558317 0.447253
0.062036 0.565690 0.449398
0.066167 0.573077 0.451683
0.070310 0.580146 0.454089
0.074523 0.586845 0.456459
0.078896 0.593473 0.458852
0.083545 0.599968 0.461048
0.088791 0.606760 0.462706
0.094355 0.613520 0.464332
0.100275 0.620173 0.465814
0.105861 0.626145 0.467668
0.111664 0.631959 0.469539
0.117598 0.637531 0.471337
0.124052 0.643145 0.472676
0.131010 0.648767 0.473882
0.138083 0.654073 0.475233
0.145149 0.659068 0.476469
0.152292 0.663725 0.477726
0.159794 0.668295 0.478928
0.168154 0.673005 0.479856
0.175900 0.677016 0.480975
0.183989 0.680935 0.482033
0.191927 0.684455 0.483293
0.200203 0.687859 0.484109
0.208878 0.691102 0.485008
0.217831 0.694210 0.485968
0.226856 0.697030 0.486996
0.235301 0.699469 0.488031
0.243987 0.701743 0.489127
0.252856 0.703844 0.490370
0.262295 0.705888 0.491228
0.271690 0.707694 0.492083
0.281140 0.709316 0.492952
0.290310 0.710725 0.493971
0.299381 0.711978 0.495136
0.308260 0.713057 0.496357
0.317214 0.714056 0.497627
0.326834 0.714986 0.498636
0.336210 0.715805 0.499711
0.345746 0.716535 0.500809
0.354580 0.717128 0.501890
0.362970 0.717639 0.503292
0.371373 0.718152 0.504998
0.379912 0.718586 0.506112
0.389145 0.719070 0.507264
0.398062 0.719509 0.508467
0.406999 0.719943 0.509649
0.414914 0.720362 0.511387
0.422758 0.720783 0.512981
0.430815 0.721262 0.514817
0.438957 0.721757 0.516201
0.447473 0.722309 0.517300
0.455389 0.722866 0.518497
0.463136 0.723498 0.519937
0.470712 0.724193 0.521785
0.478399 0.725009 0.524174
0.485772 0.725840 0.526181
0.493028 0.726693 0.527177
0.499798 0.727551 0.528095
0.506477 0.728490 0.529052
0.513568 0.729643 0.531306
0.520630 0.730872 0.533124
0.526991 0.732072 0.534929
0.533243 0.733326 0.536484
0.539615 0.734667 0.537559
0.546262 0.736154 0.538572
0.552644 0.737701 0.539624
0.558568 0.739277 0.541534
0.564678 0.740996 0.543420
0.569974 0.742616 0.545999
0.576181 0.744517 0.547067
0.582671 0.746578 0.547839
0.589238 0.748780 0.548483
0.595259 0.750962 0.550105
0.600461 0.752965 0.551684
0.605933 0.755154 0.553689
0.611244 0.757380 0.555444
0.617014 0.759807 0.556770
0.623480 0.762574 0.557259
0.629346 0.765234 0.558401
0.635156 0.767994 0.560098
0.640252 0.770513 0.561648
0.645220 0.772987 0.562690
0.650745 0.775847 0.564182
0.656685 0.778979 0.565969
0.662540 0.782144 0.567722
0.667997 0.785167 0.569447
0.673423 0.788194 0.570247
0.678460 0.791040 0.570944
0.683811 0.794183 0.572429
0.689038 0.797271 0.573821
0.694813 0.800722 0.575236
0.700882 0.804291 0.575806
0.706538 0.807745 0.577151
0.711559 0.810831 0.577964
0.716556 0.814003 0.579244
0.721673 0.817286 0.580936
0.727167 0.820667 0.581142
0.732590 0.824075 0.581892
0.738345 0.827664 0.582599
0.743664 0.831098 0.583732
0.748988 0.834570 0.585328
0.754243 0.838007 0.586892
0.759411 0.841386 0.588319
0.765240 0.845065 0.588924
0.771148 0.848687 0.588673
0.777242 0.852430 0.588489
0.782557 0.855786 0.589103
0.787702 0.859154 0.590381
0.792614 0.862377 0.591743
0.798072 0.865847 0.592747
0.803834 0.869387 0.593142
0.809819 0.873038 0.593353
0.815777 0.876671 0.593978
0.820653 0.879783 0.595029
0.825969 0.883091 0.596035
0.831461 0.886459 0.597043
0.837019 0.889819 0.597714
0.843052 0.893348 0.598157
0.849295 0.896983 0.598678
0.855124 0.900382 0.599332
0.860048 0.903315 0.600200
0.864974 0.906216 0.601020
0.869682 0.909017 0.601945
