0.075162 0.097546 0.140182
0.077837 0.098745 0.143092
0.080455 0.099915 0.146052
0.083129 0.101105 0.149195
0.085592 0.102327 0.151713
0.087914 0.103535 0.153994
0.090311 0.104786 0.156394
0.092744 0.105987 0.159199
0.095293 0.107195 0.162403
0.097832 0.108380 0.165752
0.100314 0.109576 0.168983
0.102614 0.110832 0.171538
0.104915 0.112103 0.174108
0.107254 0.113414 0.176698
0.109635 0.114574 0.180117
0.112044 0.115733 0.183684
0.114474 0.116926 0.187235
0.116713 0.118120 0.190307
0.118984 0.119433 0.193058
0.121248 0.120718 0.195950
0.123505 0.121963 0.199051
0.125808 0.123100 0.202778
0.128158 0.124238 0.206666
0.130498 0.125425 0.210370
0.132686 0.126726 0.213254
0.134837 0.128002 0.216171
0.136991 0.129279 0.219131
0.139286 0.130492 0.222762
0.141611 0.131682 0.226599
0.143900 0.132773 0.230729
0.146171 0.134007 0.234288
0.148369 0.135329 0.237315
0.150566 0.136659 0.240338
0.152669 0.137928 0.243373
0.155032 0.139124 0.247355
0.157461 0.140308 0.251536
0.159917 0.141528 0.255614
0.162095 0.142894 0.258481
0.164313 0.144260 0.261440
0.166617 0.145667 0.264444
0.168984 0.146871 0.268334
0.171437 0.148047 0.272499
0.173969 0.149247 0.276729
0.176424 0.150503 0.280536
0.178811 0.151945 0.283484
0.181300 0.153373 0.286647
0.183876 0.154796 0.290000
0.186348 0.156037 0.293774
0.189105 0.157403 0.297613
0.191917 0.158835 0.301263
0.194566 0.160191 0.304799
0.197262 0.161624 0.308118
0.200069 0.163034 0.311651
0.202911 0.164493 0.315035
0.206051 0.166044 0.318529
0.209209 0.167580 0.322051
0.212364 0.169149 0.325358
0.215438 0.170624 0.328795
0.218615 0.172164 0.332092
0.221838 0.173665 0.335597
0.225325 0.175259 0.339027
0.228977 0.177001 0.342143
0.232625 0.178698 0.345259
0.236269 0.180382 0.348387
0.239909 0.182018 0.351571
0.243716 0.183644 0.354970
0.247621 0.185407 0.357947
0.251863 0.187323 0.360647
0.256185 0.189273 0.363278
0.260650 0.191262 0.365930
0.264936 0.193061 0.368871
0.269218 0.194812 0.371993
0.273588 0.196630 0.374952
0.278517 0.198702 0.377533
0.283615 0.200930 0.379634
0.288887 0.203186 0.381882
0.293955 0.205266 0.384387
0.299008 0.207295 0.387128
0.304137 0.209389 0.389623
0.309612 0.211642 0.391894
0.315336 0.214033 0.393982
0.321260 0.216497 0.395995
0.327214 0.218994 0.398000
0.333018 0.221325 0.400457
0.338862 0.223686 0.402857
0.344682 0.226066 0.405237
0.351094 0.228777 0.407132
0.357590 0.231565 0.408896
0.364254 0.234453 0.410643
0.370792 0.237248 0.412759
0.377170 0.239993 0.414895
0.383646 0.242866 0.416755
0.390449 0.245895 0.418775
0.397348 0.249036 0.420626
0.404182 0.252189 0.422506
0.410579 0.255144 0.424603
0.417574 0.258475 0.426453
0.424524 0.261824 0.428413
0.431627 0.265356 0.430075
0.438725 0.268884 0.432285
0.445536 0.272344 0.434272
0.452290 0.275836 0.436272
0.458984 0.279374 0.438120
0.466247 0.283292 0.440174
0.473319 0.287188 0.442122
0.480223 0.291069 0.443881
0.486857 0.294819 0.446137
0.493480 0.298640 0.448408
0.500048 0.302504 0.450713
0.506768 0.306544 0.452955
0.513501 0.310672 0.455114
0.520269 0.314899 0.457249
0.526997 0.319187 0.459483
0.533126 0.323113 0.461872
0.539418 0.327242 0.464385
0.545461 0.331262 0.466853
0.551891 0.335634 0.469497
0.558464 0.340170 0.471853
0.564984 0.344744 0.474029
0.571239 0.349193 0.476764
0.576958 0.353317 0.479509
0.582724 0.357529 0.482220
0.588341 0.361688 0.484980
0.594536 0.366311 0.487310
0.600657 0.370943 0.489821
0.606492 0.375372 0.492059
0.612127 0.379726 0.494774
0.617342 0.383815 0.497743
0.622815 0.388125 0.500631
0.628359 0.392534 0.503382
0.633816 0.396822 0.505610
0.639156 0.401016 0.507347
0.644514 0.405241 0.509399
0.649886 0.409647 0.512605
0.655423 0.414166 0.515815
0.661003 0.418758 0.519067
0.666093 0.422769 0.520779
0.671164 0.426858 0.523017
0.676653 0.431249 0.525262
0.682123 0.435642 0.527734
0.687374 0.439911 0.530644
0.692250 0.443863 0.533487
0.697360 0.448004 0.536381
0.702766 0.452239 0.538336
0.707938 0.456271 0.540249
0.713738 0.460657 0.541435
0.718710 0.464585 0.544133
0.723250 0.468170 0.546950
0.727760 0.471756 0.549953
0.732643 0.475450 0.551849
0.738347 0.479742 0.553924
0.743673 0.483662 0.555378
0.749226 0.487748 0.557160
0.754196 0.491429 0.559184
0.758573 0.494771 0.562066
0.763462 0.498363 0.564231
0.768394 0.501916 0.565781
0.774016 0.505917 0.567489
0.779702 0.509969 0.569622
0.784960 0.513685 0.571313
0.789738 0.517047 0.572568
0.794600 0.520451 0.573820
0.799801 0.524054 0.575025
0.805177 0.527832 0.577233
0.810833 0.531764 0.579409
0.816304 0.535527 0.580825
0.821779 0.539279 0.582180
0.826840 0.542778 0.583543
0.831564 0.546112 0.585648
0.836705 0.549654 0.586939
0.842455 0.553599 0.588688
0.848370 0.557627 0.590023
0.854088 0.561508 0.590831
0.859482 0.565286 0.593073
0.864940 0.569081 0.594716
0.869997 0.572632 0.596287
0.875641 0.576543 0.597501
0.881190 0.580377 0.598143
0.886817 0.584280 0.598772
0.892541 0.588273 0.599492
0.897631 0.591931 0.600967
0.902605 0.595584 0.603190
0.907556 0.599259 0.605407
0.913088 0.603266 0.606677
0.918912 0.607434 0.607353
0.924871 0.611713 0.607847
0.930299 0.615702 0.608643
0.935366 0.619524 0.609934
0.940384 0.623360 0.611471
0.945235 0.627068 0.612446
0.951253 0.631569 0.613071
0.956749 0.635747 0.613642
0.961975 0.639763 0.614115
0.967300 0.643924 0.614984
0.972002 0.647685 0.615923
0.976661 0.651447 0.616859
0.981589 0.655404 0.617571
0.987301 0.659942 0.618032
0.992888 0.664414 0.618446
0.998797 0.669170 0.618832
