48.701464
48.984371
49.267278
49.550186
49.833093
50.116000
50.398907
50.681814
50.964721
51.247629
51.530536
51.813443
52.096350
52.379257
52.662164
52.945072
53.227979
53.510886
53.793793
54.076700
54.359607
54.642515
54.925422
55.208329
55.491236
55.774143
56.057050
56.339958
56.622865
56.905772
57.188679
57.471586
57.754493
58.037401
58.320308
58.603215
58.886122
59.169029
59.451936
59.734844
60.017751
60.300658
60.583565
60.866472
61.149379
61.432287
61.715194
61.998101
62.281008
62.563915
62.846822
63.129730
63.412637
63.695544
63.978451
64.261358
64.544265
64.827173
65.110080
65.392987
65.675894
65.958801
66.241708
66.524616
66.807523
67.090430
67.373337
67.656244
67.939151
68.222059
68.504966
68.787873
69.070780
69.353687
69.636594
69.919502
70.202409
70.485316
70.768223
71.051130
71.334037
71.616945
71.899852
72.182759
72.465666
72.748573
73.031480
73.314388
73.597295
73.880202
74.163109
74.446016
74.728923
75.011831
75.294738
75.577645
75.860552
76.143459
76.426366
76.709273
76.992181
77.275088
77.557995
77.840902
78.123809
78.406716
78.689624
78.972531
79.255438
79.538345
79.821252
80.104159
80.387067
80.669974
80.952881
81.235788
81.518695
81.801602
82.084510
82.367417
82.650324
82.933231
83.216138
83.499045
83.781953
84.064860
84.347767
84.630674
84.913581
85.196488
85.479396
85.762303
86.045210
86.328117
86.611024
86.893931
87.176839
87.459746
87.742653
88.025560
88.308467
88.591374
88.874282
89.157189
89.440096
89.723003
90.005910
90.288817
90.571725
90.854632
91.137539
91.420446
91.703353
91.986260
92.269168
92.552075
92.834982
93.117889
93.400796
93.683703
93.966611
94.249518
94.532425
94.815332
95.098239
95.381146
95.664054
95.946961
96.229868
96.512775
96.795682
97.078589
97.361497
97.644404
97.927311
98.210218
98.493125
98.776032
99.058940
99.341847
99.624754
99.907661
100.190568
100.473475
100.756383
101.039290
101.322197
101.605104
101.888011
102.170918
102.453826
102.736733
103.019640
103.302547
103.585454
103.868361
104.151269
104.434176
104.717083
104.999990
