0.022133 0.149542 0.159811
0.024502 0.150868 0.162623
0.026851 0.152189 0.165472
0.029204 0.153531 0.168400
0.031509 0.154882 0.171215
0.033778 0.156241 0.174013
0.036054 0.157620 0.176868
0.038326 0.158999 0.179847
0.040612 0.160395 0.182952
0.042886 0.161791 0.186114
0.045142 0.163203 0.189282
0.047356 0.164639 0.192330
0.049561 0.166091 0.195410
0.051767 0.167565 0.198523
0.053968 0.169021 0.201853
0.056168 0.170495 0.205247
0.058363 0.171985 0.208657
0.060514 0.173492 0.211989
0.062667 0.175042 0.215274
0.064811 0.176603 0.218615
0.066947 0.178176 0.222031
0.069080 0.179741 0.225604
0.071219 0.181334 0.229244
0.073349 0.182950 0.232853
0.075449 0.184615 0.236301
0.077537 0.186295 0.239773
0.079622 0.187998 0.243272
0.081730 0.189721 0.246945
0.083838 0.191461 0.250670
0.085939 0.193212 0.254484
0.088035 0.195014 0.258171
0.090123 0.196870 0.261756
0.092209 0.198749 0.265339
0.094279 0.200645 0.268937
0.096400 0.202573 0.272758
0.098536 0.204534 0.276628
0.100684 0.206539 0.280478
0.102790 0.208598 0.284052
0.104914 0.210698 0.287651
0.107060 0.212841 0.291248
0.109226 0.214988 0.295051
0.111419 0.217175 0.298911
0.113641 0.219410 0.302780
0.115868 0.221698 0.306548
0.118102 0.224056 0.310097
0.120377 0.226465 0.313695
0.122685 0.228913 0.317313
0.124994 0.231366 0.321017
0.127386 0.233907 0.324718
0.129816 0.236507 0.328358
0.132247 0.239131 0.331958
0.134715 0.241808 0.335473
0.137242 0.244538 0.339027
0.139809 0.247317 0.342509
0.142482 0.250189 0.346001
0.145197 0.253096 0.349465
0.147956 0.256051 0.352851
0.150744 0.259021 0.356235
0.153602 0.262051 0.359554
0.156512 0.265105 0.362875
0.159550 0.268254 0.366167
0.162670 0.271465 0.369324
0.165860 0.274713 0.372471
0.169101 0.277975 0.375553
0.172411 0.281264 0.378621
0.175828 0.284598 0.381711
0.179330 0.287977 0.384635
0.183000 0.291453 0.387478
0.186756 0.294953 0.390249
0.190614 0.298481 0.392965
0.194528 0.301986 0.395728
0.198509 0.305484 0.398474
0.202586 0.309002 0.401123
0.206908 0.312640 0.403664
0.211356 0.316313 0.406035
0.215923 0.319997 0.408379
0.220549 0.323643 0.410763
0.225243 0.327252 0.413123
0.230056 0.330881 0.415400
0.235060 0.334565 0.417592
0.240210 0.338259 0.419666
0.245519 0.341985 0.421710
0.250910 0.345680 0.423680
0.256364 0.349317 0.425723
0.261926 0.352951 0.427730
0.267559 0.356555 0.429681
0.273448 0.360232 0.431479
0.279447 0.363900 0.433214
0.285573 0.367571 0.434911
0.291744 0.371184 0.436661
0.297953 0.374745 0.438388
0.304256 0.378296 0.440013
0.310736 0.381891 0.441678
0.317298 0.385452 0.443250
0.323916 0.388996 0.444829
0.330482 0.392466 0.446463
0.337258 0.395977 0.447989
0.344092 0.399488 0.449564
0.351000 0.402985 0.451031
0.357964 0.406483 0.452645
0.364870 0.409898 0.454182
0.371818 0.413325 0.455756
0.378759 0.416706 0.457267
0.385905 0.420189 0.458854
0.393011 0.423626 0.460412
0.400079 0.427021 0.461924
0.407102 0.430401 0.463595
0.414120 0.433766 0.465266
0.421129 0.437129 0.466961
0.428184 0.440518 0.468656
0.435244 0.443915 0.470351
0.442297 0.447308 0.472042
0.449358 0.450743 0.473810
0.456213 0.454059 0.475607
0.463128 0.457455 0.477484
0.469948 0.460810 0.479358
0.476856 0.464237 0.481288
0.483772 0.467677 0.483157
0.490685 0.471163 0.485044
0.497469 0.474592 0.487042
0.504112 0.478002 0.489107
0.510731 0.481415 0.491165
0.517286 0.484825 0.493254
0.523970 0.488328 0.495263
0.530607 0.491839 0.497329
0.537141 0.495318 0.499355
0.543589 0.498795 0.501504
0.549899 0.502233 0.503727
0.556233 0.505699 0.505924
0.562593 0.509233 0.508139
0.568864 0.512706 0.510214
0.575114 0.516211 0.512228
0.581304 0.519687 0.514282
0.587506 0.523258 0.516631
0.593685 0.526813 0.518947
0.599889 0.530433 0.521313
0.605897 0.533898 0.523310
0.611915 0.537433 0.525459
0.617994 0.541008 0.527587
0.624042 0.544591 0.529762
0.630011 0.548161 0.532029
0.635842 0.551655 0.534260
0.641751 0.555234 0.536532
0.647684 0.558808 0.538567
0.653537 0.562349 0.540585
0.659497 0.565933 0.542408
0.665282 0.569491 0.544596
0.670898 0.572942 0.546758
0.676533 0.576443 0.548986
0.682190 0.579915 0.550913
0.688069 0.583555 0.552897
0.693790 0.587078 0.554688
0.699595 0.590684 0.556573
0.705195 0.594170 0.558452
0.710690 0.597641 0.560542
0.716263 0.601138 0.562432
0.721827 0.604629 0.564163
0.727535 0.608214 0.565904
0.733216 0.611790 0.567695
0.738833 0.615349 0.569408
0.744298 0.618814 0.570981
0.749767 0.622291 0.572529
0.755273 0.625787 0.574022
0.760856 0.629376 0.575750
0.766435 0.632952 0.577405
0.772012 0.636543 0.578910
0.777521 0.640088 0.580335
0.782977 0.643633 0.581779
0.788315 0.647123 0.583344
0.793736 0.650660 0.584702
0.799250 0.654263 0.586114
0.804846 0.657935 0.587452
0.810359 0.661554 0.588630
0.815781 0.665159 0.590101
0.821207 0.668769 0.591416
0.826502 0.672306 0.592672
0.831976 0.675972 0.593867
0.837389 0.679598 0.594890
0.842808 0.683241 0.595889
0.848236 0.686906 0.596886
0.853506 0.690503 0.598029
0.858705 0.694076 0.599297
0.863948 0.697708 0.600587
0.869251 0.701356 0.601601
0.874673 0.705088 0.602504
0.880084 0.708817 0.603326
0.885362 0.712485 0.604197
0.890512 0.716090 0.605138
0.895700 0.719751 0.606159
0.900779 0.723327 0.606994
0.906173 0.727118 0.607773
0.911407 0.730810 0.608502
0.916535 0.734436 0.609171
0.921734 0.738142 0.609954
0.926713 0.741705 0.610695
0.931733 0.745317 0.611462
0.936770 0.748932 0.612141
0.941975 0.752656 0.612748
0.947107 0.756328 0.613307
0.952368 0.760103 0.613890
