0.336328
0.246565
0.193861
0.182521
0.266066
0.371189
0.574057
0.230928
0.324090
0.135064
0.166903
0.207552
0.441019
0.140892
0.196847
0.319741
0.178629
0.339557
0.416942
0.220583
0.157633
0.134839
0.474845
1.044157
0.113607
0.127193
0.179164
0.209555
0.240874
0.166853
0.807098
0.128375
0.284849
0.325415
0.366422
0.477386
0.331604
0.141205
0.774888
0.116110
0.189842
0.254399
0.265767
0.073731
0.519238
0.383411
0.307499
0.189974
0.277189
0.131598
0.166988
0.207200
0.365691
0.319750
0.239377
0.141444
0.350143
0.231107
0.419940
0.362509
0.218636
0.170804
0.345570
0.129984
0.203121
0.482291
0.393129
0.561935
0.221702
0.425408
0.497435
0.281680
0.133049
0.537606
0.535840
0.541002
0.532501
0.343365
0.793898
0.521220
1.093071
0.452416
0.228015
0.151562
0.700657
0.412019
0.411151
0.295571
0.282315
0.725399
0.369933
0.122524
0.573739
0.437149
0.393163
0.254217
0.379948
0.700052
0.572782
0.166946
0.751990
0.224099
0.099454
0.466116
0.771680
0.163612
0.325333
0.301325
0.148902
0.416015
0.319699
0.372501
0.194225
0.410600
0.274051
0.344925
0.348749
0.112374
0.370934
0.103691
0.498675
0.360318
0.464906
0.259610
0.117904
0.799640
0.090659
0.655320
0.144279
0.330105
0.270681
0.336065
0.552165
0.617097
0.116473
0.569476
1.001703
0.131376
0.229179
0.278699
0.373011
0.124406
0.193477
0.558020
0.578407
0.413716
0.236754
0.549479
0.296302
0.293455
0.169184
0.416102
0.358620
0.208353
0.433487
0.221850
0.291744
0.112340
0.412471
0.228756
0.992054
0.232755
0.274083
0.678037
0.277033
0.529754
0.287363
0.284783
0.558256
0.154089
0.195483
0.479891
0.519577
0.158336
0.493168
0.357336
0.501843
0.102388
0.426555
0.344375
0.240673
0.184887
0.145733
0.552152
0.337952
0.349817
0.189723
0.247221
0.711309
0.277785
0.190532
0.352497
0.357305
0.105861
0.175735
0.526570
0.360663
0.340384
0.065346
0.172778
0.441745
0.519929
0.439975
0.104407
0.397446
0.125218
0.211101
0.338897
0.296644
0.316746
0.656100
0.524869
0.421509
0.829574
0.164701
0.456050
0.479279
0.243639
0.211224
0.158948
0.371630
0.101848
0.165356
0.271831
0.179189
0.241105
0.074820
0.295840
0.573989
0.099777
0.321336
0.569268
0.290108
0.353253
0.149966
0.994029
0.368872
0.190709
0.274203
0.281157
0.171593
0.188278
0.121144
0.176797
0.391082
0.514430
0.237736
0.328975
0.091814
0.474285
0.298032
0.258176
0.359126
0.257473
0.102661
0.164643
0.178211
0.159159
0.765938
0.144824
0.072641
0.363812
0.179152
0.119698
0.194669
0.276237
0.293516
0.050265
0.222816
0.198324
0.147701
0.134969
0.091431
0.199822
0.163128
0.258130
0.199725
0.443256
0.156096
0.559436
0.561508
0.219118
0.157277
0.569212
0.187744
0.219848
0.299883
0.379685
0.221962
0.473133
0.220085
0.145385
0.278897
0.240816
0.289130
0.181101
0.286776
0.239782
0.418380
0.172297
0.282293
0.684851
0.549096
0.097817
0.497160
0.157269
0.369781
0.139760
0.324262
0.201869
0.749263
0.408401
0.364549
0.163914
0.470907
0.274354
0.811542
0.277867
0.307715
0.545847
0.224227
0.115457
0.306882
0.064293
0.132034
0.603688
0.277736
0.176376
0.527368
0.334887
0.381843
0.145337
0.198695
0.558428
0.519785
0.381062
0.318556
0.271230
0.320686
0.332419
0.360793
0.769509
0.328052
0.201088
0.342251
0.157151
0.291831
0.453716
0.300998
0.202065
0.108092
0.205005
0.288847
0.098212
0.266531
0.579331
0.248967
0.287913
0.494057
0.793822
0.655309
0.138216
0.732670
0.189093
0.522919
0.136134
0.278562
0.458557
0.304947
0.145603
0.299178
0.535148
0.320710
0.270021
0.189419
0.141731
0.308662
0.139602
0.170055
0.270384
0.262861
0.582126
0.647163
0.402077
0.519417
0.253244
0.080199
0.064816
0.339613
0.245670
0.139630
0.054715
0.605954
0.258193
0.135498
0.316593
0.179113
0.264139
0.369549
0.143386
0.202805
0.287981
0.417548
0.277869
0.146365
0.939811
0.329730
0.204547
0.195758
0.368562
0.393285
0.482402
0.114602
0.217323
0.203626
0.111687
0.343639
0.159569
0.399639
0.394299
0.229793
0.402162
0.131272
0.279419
0.266207
0.121396
0.262536
0.489295
0.174760
0.378853
0.131972
0.790230
0.311597
0.192758
0.095374
0.208048
0.267733
0.170347
0.142304
0.204226
0.168001
0.705573
0.092832
0.358036
0.220796
0.295842
0.319396
0.485747
0.124573
0.308271
0.058931
0.314092
0.544792
0.242127
0.363491
0.224326
0.315140
0.402406
0.123378
0.106472
0.182613
0.133210
0.315560
0.268257
0.306819
0.257265
0.133814
0.314653
0.509605
0.272037
0.256075
0.442677
0.434866
0.182849
0.146676
0.207920
0.521240
0.160591
0.033315
0.143206
0.248261
0.536906
0.281180
0.122593
0.199823
0.394800
0.297114
0.517113
0.441746
0.155288
0.204213
0.900622
0.378956
0.240604
0.045693
0.319244
0.486481
0.133749
0.549571
0.685283
0.049588
0.578637
0.310710
0.113485
0.178830
0.291539
0.167773
0.145887
0.322515
0.424964
0.239517
0.236263
0.157748
0.454305
0.435327
0.344595
0.192817
0.101133
0.194031
0.086748
0.123816
0.241187
0.248000
0.230272
0.369644
0.318525
0.248682
0.160286
0.466240
0.270344
0.413565
0.193316
1.032382
0.328389
0.156323
0.305332
0.297384
0.609052
0.365567
0.064259
0.446797
0.438452
0.231327
0.165788
0.445918
0.576315
0.086148
0.540126
0.043839
0.149177
0.088432
0.377248
0.108933
0.107012
0.312689
0.181579
0.109549
0.226628
0.538748
0.343871
0.111718
0.165862
0.137163
0.022258
0.328355
0.106511
0.239009
0.231823
0.150073
0.769988
0.441529
0.093895
0.294812
0.300027
0.215527
0.381349
0.418551
0.217231
0.165472
0.187934
0.657903
0.505708
0.262885
0.224810
1.039488
0.147510
0.324303
0.640107
0.234226
0.450066
0.128875
0.199481
0.070389
0.107737
0.225163
0.101148
0.191790
0.123409
0.215910
0.574695
0.463915
0.092300
0.114817
0.106486
0.230160
0.082271
0.452004
0.340854
0.083846
0.220131
0.505089
0.368585
0.537916
0.109708
0.230407
0.386009
1.152739
0.490504
0.325111
0.535673
0.465839
0.200002
0.217002
0.246964
0.308393
0.378985
0.161460
0.211969
0.229809
0.111614
0.749112
0.327152
0.201997
0.199676
0.162740
0.213151
0.746507
0.287694
0.208709
0.114686
0.183076
0.124781
0.039138
0.420259
0.545671
0.213283
0.413022
0.130133
0.375878
0.441297
0.108897
0.203825
0.171440
0.421511
0.264935
0.128579
0.188818
0.243858
0.358191
0.347509
0.565521
0.430739
0.174864
0.302687
0.184400
0.195251
0.260931
0.186409
0.447189
0.301867
0.147294
0.105626
0.302139
0.332208
0.150406
0.251780
0.931803
0.098069
0.181030
0.404298
0.219718
0.549096
0.605459
0.195735
0.349750
0.231763
0.306249
0.422748
0.198832
0.542498
0.155132
0.077635
0.171633
0.285083
0.478703
0.290474
0.379860
0.146929
0.291763
0.110120
0.331776
0.403247
0.376622
0.258276
0.208769
0.164935
0.302278
0.358363
0.083258
0.128084
0.180090
0.416063
0.078421
0.178635
0.245393
0.361647
0.356806
0.241053
0.189620
0.112485
0.114599
0.322709
0.305916
0.126357
0.193976
0.736245
0.179999
0.157376
0.410319
0.101502
0.368567
0.099428
0.167496
0.171009
0.214550
0.179680
1.268243
0.167424
0.388744
0.567639
0.074812
0.052699
0.049269
0.106055
0.211602
0.285478
0.298822
0.370099
0.293133
0.295928
0.241561
0.248598
0.261130
0.585122
0.396166
0.509086
0.405309
0.276326
0.332104
0.059433
0.176205
0.493844
0.386626
0.333138
0.084026
0.075665
0.204288
0.629248
0.422576
0.441324
0.294271
0.062535
0.255959
0.035972
0.385092
1.240914
0.081942
0.381136
0.402817
0.216577
0.336454
0.187376
0.180213
0.099499
0.329134
0.270536
0.247928
0.324945
0.159479
0.324885
0.299893
0.360628
0.281846
0.102830
0.159889
0.474624
0.227439
0.409383
0.141228
0.031464
0.419605
0.274428
0.286447
0.222059
0.194715
0.457019
0.401139
0.217746
0.131190
0.236170
0.108527
0.241408
0.443746
0.194268
0.395660
0.224386
0.209064
0.125699
0.438273
0.235194
0.097695
0.147298
0.257374
0.226198
0.324075
0.144281
0.555820
0.227095
0.257636
0.267390
0.220981
0.082955
0.376595
0.275749
0.390426
0.204726
0.226564
0.288676
0.208664
0.340175
0.181046
0.023168
0.733435
0.335637
0.425277
0.309566
0.311488
0.491107
0.382177
0.287288
0.666132
0.383549
0.348585
0.181070
0.256179
0.425593
0.096175
0.320514
0.203358
0.149051
0.375930
0.195398
0.269493
0.272214
0.138475
0.377240
0.464047
0.164761
0.232590
0.196978
0.194980
0.210956
0.543223
0.106943
0.114970
0.152522
0.175112
0.633457
0.201236
0.275678
0.215953
0.185151
0.237897
0.439613
0.196387
0.258776
0.390662
0.246861
0.193594
0.548732
0.213992
0.234255
0.412611
0.281832
0.296421
0.147204
0.674462
0.543083
0.300950
0.437894
0.872963
0.332197
0.361436
0.291245
0.318300
0.206884
0.191266
0.166732
0.409151
0.167700
0.744672
0.201792
0.181505
0.147160
0.175618
0.216464
0.102207
0.269889
0.081132
0.334652
0.109242
0.183422
0.847750
0.247290
0.269642
0.251480
0.306988
0.362942
0.103733
0.072288
0.358051
0.267869
0.272556
0.130677
0.153614
0.191981
0.281756
0.233091
0.349782
0.154498
0.432105
0.223843
0.286849
0.166560
0.125662
0.188465
0.219684
0.120382
0.166693
0.118344
0.183599
0.351771
0.202104
0.121066
0.300604
0.164799
0.627052
0.137968
0.134886
0.187144
0.135219
0.080198
0.121325
0.359635
0.399655
0.418434
0.261800
0.230208
0.159781
0.158328
0.311457
0.439937
0.280351
0.222680
0.218929
0.106463
0.314544
0.121752
0.287072
0.110967
0.297992
0.159756
0.217892
0.325862
0.218090
0.242262
0.135897
0.368371
0.175288
0.258938
0.222642
0.347637
0.164176
0.272918
0.320875
0.335466
0.108457
0.218996
0.251364
0.181526
0.072211
0.417257
0.129122
0.302545
0.143571
0.114709
0.402960
0.193636
0.133032
0.158890
0.235080
0.164397
0.201537
0.244592
0.358382
0.257998
0.508118
0.168611
0.234451
0.231696
0.222488
0.268202
0.302162
0.167304
0.101953
0.227248
0.297518
0.209604
0.231646
0.398396
0.220069
0.199855
0.178437
0.321464
0.146794
0.311551
0.194191
0.196153
0.121867
0.328313
0.209206
0.152928
0.108681
0.288832
0.473161
0.174350
0.341997
0.124187
0.195866
0.267902
0.274964
0.174934
0.053125
0.201786
0.210798
0.336143
0.164144
0.118559
0.224189
0.408288
0.441331
0.200446
0.170085
0.129618
0.185273
0.238184
0.570048
0.503876
0.142626
0.227181
0.213167
0.308828
0.239840
0.357891
0.424380
0.453382
0.161957
0.656803
0.463359
0.284999
0.293601
0.213711
0.394641
0.241706
0.068262
0.240043
0.477207
0.280402
0.232456
0.188017
0.143241
0.250266
0.187470
0.679350
0.196962
0.238101
0.399880
0.421077
0.231643
0.102226
0.494747
0.154375
0.227713
0.313893
0.172442
0.161967
0.086099
0.182065
0.422003
0.365933
0.053070
0.153324
0.193068
0.322030
0.364770
0.165768
0.328163
0.194027
0.183753
0.314403
0.154314
0.257918
0.213363
0.044732
0.153786
0.129692
0.188005
0.213674
0.173035
0.103893
0.117074
0.435026
0.361582
0.201391
0.257779
0.428387
0.182692
0.208317
0.166989
0.309916
0.088670
0.220127
0.139412
0.288127
0.257552
0.266268
0.217001
0.207037
0.135350
0.228365
0.156118
0.191186
0.067942
0.481131
0.222789
0.257123
0.106254
0.315678
0.262385
0.316622
0.189728
0.152068
0.079958
0.064913
0.173449
0.117625
0.078128
0.284706
0.352300
0.324015
0.227091
0.400439
0.185617
0.546606
0.063016
0.340696
0.286823
0.123019
0.134778
0.313074
0.189793
0.173309
0.115395
0.254299
0.097645
0.134404
0.189766
0.327420
0.115249
0.440072
0.164725
0.286507
0.180921
0.313121
0.162126
0.193689
0.714120
0.168352
0.330218
0.068252
0.237542
0.194088
0.237235
0.087744
0.170952
0.249265
0.280041
0.236777
0.178929
0.225065
0.221179
0.225393
0.420925
0.273855
0.409296
0.342514
0.254639
0.125112
0.190039
0.471084
0.228609
0.336138
0.201783
0.385553
0.189130
0.694689
0.380404
0.189246
0.130339
0.215016
0.371890
0.215735
0.255529
0.082393
0.401274
0.301181
0.229030
0.277359
0.083615
0.528275
0.297713
0.193593
0.134575
0.341765
0.252105
0.081039
0.243334
0.419398
0.282046
0.264394
0.356615
0.250992
0.168078
0.150927
0.145193
0.199503
0.185453
0.213911
0.163988
0.176990
0.152899
0.376686
0.200922
0.055006
0.264164
0.117310
0.170849
0.216624
0.586368
0.112583
0.140427
0.257429
0.136119
0.420030
0.147099
0.212848
0.308426
0.195821
0.191232
0.227894
0.174996
0.156110
0.101108
0.399189
0.269622
0.090149
0.318817
0.199648
0.153213
0.139718
0.239143
0.440482
0.258636
0.349819
0.396003
0.271823
0.175572
0.784867
0.210648
0.148266
0.290169
0.290516
0.118722
0.297713
0.125345
0.172407
0.117157
0.242923
0.104973
0.107525
0.105262
0.481109
0.396292
0.132878
0.192870
0.187349
0.332321
0.090281
0.161356
0.152008
0.261101
0.304149
0.418421
0.596671
0.118880
0.177421
0.202687
0.116224
0.286891
0.081136
0.243319
0.384312
0.176593
0.042573
0.143162
0.372361
0.238472
0.281389
0.293223
0.204210
0.302316
0.289301
0.352266
0.284422
0.267336
0.347063
0.169689
0.078934
0.097568
0.375423
0.101403
0.114863
0.521518
0.212533
0.143378
0.413094
0.027002
0.235939
0.256664
0.380664
0.151382
0.128356
0.252929
0.139999
0.165911
0.186375
0.123422
0.125150
0.156960
0.185080
0.208401
0.133755
0.307524
0.097894
0.645322
0.198793
0.215089
0.150316
0.172993
0.131954
0.225865
0.139499
0.222862
0.243424
0.061340
0.236624
0.173818
0.191060
0.226665
0.371380
0.270272
0.118169
0.269383
0.349278
0.111654
0.164771
0.246218
0.179361
0.164624
0.115807
0.281395
0.288109
0.376863
0.229503
0.293289
0.113579
0.214173
0.134733
0.095106
0.223985
0.480816
0.391014
0.173740
0.037425
0.133501
0.175761
0.158055
0.245915
0.240241
0.267258
0.273390
0.224011
0.128392
0.283054
0.153638
0.169950
0.285930
0.217409
0.294831
0.113806
0.463355
0.190319
0.440711
0.277739
0.253755
0.187400
0.210875
0.267136
0.399512
0.258391
0.097475
0.286229
0.281299
0.128523
0.115253
0.153685
0.127693
0.174328
0.388405
0.191779
0.181172
0.224415
0.211638
0.278785
0.040919
0.109749
0.404343
0.332468
0.511876
0.610763
0.202826
0.592694
0.199648
0.129278
0.166989
0.158988
0.471881
0.378682
0.212795
0.112685
0.131152
0.092210
0.124147
0.150214
0.180257
0.133644
0.294046
0.192642
0.081590
0.318867
0.158369
0.070802
0.279345
0.144552
0.091567
0.267553
0.183078
0.125799
0.138585
0.261977
0.231233
0.229446
0.104104
0.069364
0.250258
0.265406
0.246345
0.176335
0.261423
0.173811
0.043380
0.096341
0.286962
0.142139
0.309993
0.231742
0.279827
0.232088
0.264101
0.161696
0.108125
0.148052
0.149472
0.097457
0.202780
0.151914
0.145542
0.218944
0.143444
0.091882
0.174207
0.162668
0.351782
0.225549
0.422323
0.195408
0.219671
0.085934
0.197802
0.090902
0.090456
0.064646
0.336095
0.134100
0.055920
0.202758
0.277244
0.267013
0.121528
0.098893
0.173440
0.246157
0.141003
0.040611
0.249192
0.229297
0.175660
0.265362
0.200998
0.258445
0.199617
0.327865
0.367237
0.222020
0.126515
0.386166
0.112491
0.451981
0.098673
0.082091
0.342507
0.217636
0.189384
0.291789
0.113850
0.208605
0.156837
0.093185
0.058241
0.172395
0.187541
0.243571
0.191899
0.102835
0.181861
0.111163
0.316676
0.173940
0.113600
0.142059
0.106694
0.221019
0.175187
0.197109
0.101535
0.080443
0.133205
0.060878
0.101662
0.122309
0.134178
0.089293
0.231364
0.113125
0.303975
0.215585
0.173085
0.163654
0.315546
0.083934
0.143733
0.103533
0.128046
0.044069
0.172822
0.124568
0.155911
0.178994
0.168897
0.059269
0.072115
0.173360
0.183110
0.120048
0.232036
0.114215
0.085658
0.080010
0.137913
0.227886
0.209960
0.076859
0.051195
0.038532
0.130245
0.117928
0.220648
0.061091
0.083659
0.347833
0.179144
0.118145
0.084074
0.197452
0.070355
0.137624
0.128599
0.046458
0.144836
0.085421
0.090981
0.182914
0.063516
0.143946
0.165614
0.166016
0.183932
0.146854
0.148917
0.124202
0.045021
0.068337
