0.086684 -0.038949 -0.007712 0.070495 -0.014166 0.090352
0.102953 -0.068743 -0.014057 0.025421 -0.021795 0.084966
0.083542 -0.044965 -0.009552 0.036307 -0.015081 0.095692
0.090362 -0.009310 -0.001209 0.093402 -0.001422 0.097528
0.095762 -0.020208 -0.004179 0.058382 -0.012094 0.092616
0.095016 -0.027013 -0.007843 0.012912 -0.021831 0.086377
0.077850 -0.012809 -0.003716 0.015517 -0.019273 0.094237
0.091521 -0.001178 -0.000036 0.076472 -0.003930 0.097252
0.095469 -0.001123 0.000336 0.075582 -0.007142 0.095400
0.077804 0.002330 0.001499 0.020944 -0.021013 0.089568
0.065842 0.009884 0.001620 0.019897 -0.019745 0.091010
0.085906 0.013301 0.001725 0.072346 -0.005631 0.096180
0.093175 0.003771 0.000637 0.096552 -0.002052 0.096507
0.073664 0.022021 0.002997 0.053022 -0.011749 0.094392
0.067418 0.027297 0.003330 0.041746 -0.012176 0.094161
0.084677 0.015633 0.001268 0.083770 -0.002447 0.096409
0.083105 0.015268 0.001532 0.090428 -0.002298 0.096388
0.076358 0.022964 0.001618 0.080557 -0.002055 0.096213
0.089970 0.007581 -0.000183 0.097509 0.000277 0.096710
0.071180 -0.023887 -0.006618 0.088949 -0.006332 0.094937
0.036696 -0.037813 -0.011882 0.034659 -0.012761 0.109149
0.035032 -0.035035 -0.009256 0.045864 0.000018 0.126197
0.081790 -0.009873 0.001527 0.099541 0.003715 0.102470
0.081873 -0.013947 -0.004810 0.075002 -0.005660 0.095780
0.046953 -0.020797 -0.014432 0.016220 -0.011752 0.106679
0.062503 -0.023519 -0.015337 0.026490 0.003385 0.117587
0.099699 -0.007255 -0.000148 0.099412 0.006326 0.100519
0.096320 -0.000035 0.000065 0.105311 0.000266 0.096926
0.091772 0.002502 0.000123 0.089896 -0.002372 0.096569
0.064593 0.017412 0.002968 0.033991 -0.008494 0.097940
0.068002 0.028602 0.009270 0.029686 -0.002650 0.102553
0.087799 0.022907 0.005667 0.085892 0.001520 0.099061
0.095670 0.001128 0.000324 0.104562 0.000151 0.096956
0.092285 0.004199 0.000602 0.100243 -0.000798 0.096770
0.067736 0.031459 0.005216 0.062313 -0.005574 0.096828
0.071506 0.038735 0.009968 0.043164 -0.005518 0.098091
0.082895 0.025545 0.004140 0.083454 -0.000027 0.097420
0.095565 0.001375 0.000189 0.104243 0.000124 0.096870
0.082127 0.014618 0.001214 0.092903 -0.000830 0.096553
0.072938 0.025935 0.001961 0.080080 -0.000073 0.096166
0.088388 0.010617 -0.000062 0.096769 0.001037 0.096547
0.081566 -0.002151 -0.000916 0.104520 0.000738 0.098033
0.025751 -0.004873 -0.003282 0.094981 0.004508 0.107546
0.025858 0.010367 0.001148 0.110907 0.008043 0.109127
0.083833 0.008342 0.001201 0.111591 0.001447 0.098479
0.091976 -0.007094 -0.002672 0.103839 0.000163 0.096633
0.133591 -0.096459 -0.033573 0.145458 0.005796 0.090055
0.333430 -0.295168 -0.080782 0.356457 -0.008455 0.078443
0.144019 -0.019420 -0.010798 0.148942 0.003432 0.090669
0.097527 -0.000204 -0.000212 0.106234 0.000136 0.096605
0.097101 -0.001895 -0.000283 0.106178 0.000630 0.096879
0.121140 -0.028192 -0.000382 0.139458 0.013889 0.098809
0.155197 -0.058527 0.007990 0.204552 0.042403 0.105305
0.119767 -0.003582 0.007850 0.128741 0.010749 0.100959
0.097664 0.000279 0.000636 0.106166 0.000517 0.097099
0.094658 0.000986 0.000364 0.104731 0.000061 0.096983
0.080640 0.015015 0.005157 0.104086 0.001863 0.099193
0.081910 0.034237 0.010409 0.119464 0.007134 0.101517
0.109456 0.019603 0.004867 0.125975 0.004605 0.097670
0.098577 0.001282 0.000326 0.107518 0.000410 0.096819
0.090130 0.005855 0.000023 0.104131 0.000137 0.096503
0.087446 0.015862 -0.001552 0.110956 0.001656 0.094948
0.098377 0.006284 -0.002137 0.115390 0.001753 0.095440
0.096681 0.000252 -0.000265 0.106472 0.000227 0.096700
0.090251 0.002388 -0.000330 0.103426 -0.000269 0.096823
0.051127 0.027352 -0.002691 0.080956 -0.004976 0.096053
0.042647 0.043501 -0.005015 0.056276 -0.010558 0.094952
0.072591 0.024041 -0.000421 0.082478 -0.005425 0.096304
0.095166 0.000316 -0.000798 0.102378 -0.000598 0.096319
0.091605 0.009652 -0.010805 0.059018 -0.008022 0.089100
0.089004 0.013505 -0.019686 0.022499 -0.013596 0.081772
0.091725 0.008050 -0.003466 0.046981 -0.010010 0.092526
0.095539 0.000686 -0.000008 0.099716 -0.000881 0.096683
0.095950 -0.001212 -0.000248 0.102920 -0.000202 0.096725
0.094915 -0.017748 -0.002812 0.062790 -0.005057 0.095279
0.094793 -0.032945 -0.002538 0.024320 -0.014405 0.093965
0.103714 -0.018776 0.001453 0.051717 -0.008687 0.096083
0.097352 -0.001744 0.000277 0.100956 -0.000652 0.096814
0.086062 -0.012778 -0.002480 0.103389 -0.002334 0.095951
0.094783 -0.046372 -0.006851 0.121162 -0.008656 0.091652
0.118093 -0.026327 -0.004026 0.133930 -0.005091 0.093214
0.099663 -0.001501 -0.000274 0.108919 -0.000392 0.096507
0.092677 -0.002498 -0.001798 0.108803 -0.000714 0.096090
0.093322 -0.013425 -0.008061 0.134572 -0.003865 0.092946
0.103142 -0.009863 -0.006139 0.133359 -0.002570 0.093962
0.097402 -0.000872 -0.000634 0.108401 -0.000209 0.096540
0.093910 0.001737 0.000009 0.102962 -0.000235 0.096832
0.072455 0.022691 0.000382 0.071257 -0.004714 0.096608
0.057032 0.031077 0.000460 0.038280 -0.011531 0.096049
0.076611 0.021045 0.001213 0.065586 -0.006817 0.096436
0.094988 0.000768 0.000043 0.099383 -0.000628 0.096782
0.082758 0.001332 0.000706 0.033940 -0.010311 0.095555
0.067952 -0.006457 0.002321 0.012383 -0.019404 0.092786
0.084568 -0.006475 0.002261 0.024895 -0.015293 0.094918
0.095211 -0.000082 0.000270 0.093004 -0.001946 0.096711
0.098522 -0.021962 0.001687 0.037673 -0.010171 0.095705
0.139832 -0.065609 0.012432 0.013166 -0.020825 0.092882
0.122040 -0.044261 0.007025 0.027592 -0.016941 0.094841
0.097453 -0.004339 0.000391 0.094345 -0.002224 0.096700
0.098681 -0.014322 -0.000104 0.091678 -0.004042 0.096220
0.136414 -0.066639 0.003593 0.074561 -0.014884 0.094163
0.125345 -0.043116 0.002203 0.095313 -0.011050 0.095188
0.098241 -0.003576 0.000065 0.105274 -0.001154 0.096697
0.095883 -0.003404 -0.000553 0.106254 -0.000956 0.096591
0.101532 -0.020046 -0.002231 0.116338 -0.005738 0.095517
0.102714 -0.015876 -0.001595 0.117498 -0.004834 0.095847
0.096680 -0.001638 -0.000195 0.106706 -0.000553 0.096737
