60.363834
65.519815
53.735762
77.754012
70.656833
60.551339
101.406528
66.175128
81.177139
92.614094
76.239491
94.284816
91.851727
66.025226
84.157147
59.021992
77.466554
95.514409
78.086547
89.351802
79.386592
79.995784
63.046580
71.845178
83.590491
58.476745
77.427732
82.021438
82.499531
58.793181
68.714694
68.322641
69.072144
80.891293
91.357826
84.605568
101.542808
71.812594
80.747233
87.639678
82.552185
90.018883
82.533786
82.556297
94.546365
72.620968
68.522933
67.898566
62.524081
86.277284
78.470886
70.218638
68.764760
85.952662
68.960106
56.791746
88.431571
81.920898
80.633221
53.607257
56.881963
84.838695
88.321102
77.632689
78.289261
71.371051
62.629647
75.164845
71.908324
77.526009
64.581457
75.316328
62.411613
78.210780
69.751696
81.917298
83.151101
89.058595
82.102286
80.755876
77.177636
79.634829
64.908648
65.706803
93.755493
96.414930
90.579174
62.196275
80.495801
81.203259
50.542768
85.852736
68.074523
76.234608
78.082601
91.336550
100.522964
69.843521
81.327221
66.529539
73.131776
60.641395
83.075381
77.662956
77.257173
91.031896
76.644229
71.829314
74.430972
78.522249
76.109659
66.127062
91.067697
84.297006
74.542330
89.208248
54.981196
72.696995
69.897338
84.716627
87.361717
68.343792
91.822032
90.300379
59.416389
65.432048
79.499638
82.726791
71.025440
59.971090
73.482956
77.467009
87.182394
78.454564
72.547170
93.889104
80.929220
58.285700
88.455623
80.596817
75.949499
65.290306
68.370883
70.353538
66.316850
86.344349
69.239255
75.979033
97.370679
95.543854
68.762123
64.502452
100.292975
54.853892
81.576578
84.171042
85.142674
70.613743
69.418105
59.159457
68.688162
72.588838
82.458320
67.737950
86.387996
73.969470
92.975725
80.238450
92.732458
86.255583
56.556541
93.282750
94.252232
77.751806
83.157851
74.573692
80.635031
81.626917
73.105895
86.757161
57.597245
92.633234
69.824619
78.796162
62.648594
72.660705
71.881215
71.446462
62.905462
60.088184
60.704712
74.439992
69.015477
62.682491
64.201127
72.195929
70.835585
84.626705
81.852915
54.415889
104.325623
75.074469
69.505857
69.885619
54.119381
82.895529
74.786725
71.219149
73.821828
70.455781
85.192361
69.607126
92.086149
97.705710
81.516819
66.637384
63.036035
78.710608
61.474954
73.536716
79.673839
72.711080
67.470022
66.903456
80.717776
76.012014
91.554397
68.505144
77.850068
51.578969
70.625761
93.934548
76.894630
83.827402
65.332222
89.244645
80.174605
75.675506
73.432585
71.728515
81.230964
63.427231
73.527692
98.407932
71.263497
88.922918
68.555707
74.980330
91.157171
82.089452
61.414580
69.370141
90.035508
75.745929
71.524427
78.071822
53.401432
84.993255
83.819483
79.959659
78.857808
88.781852
67.194187
68.821879
67.432861
81.446655
79.560978
76.227502
62.177626
68.911893
85.925764
78.954450
63.090749
79.814853
65.219643
89.419489
74.344928
78.145029
78.491443
82.713375
52.911980
53.409026
67.392869
73.271907
94.458696
71.392320
69.174437
83.309243
92.133043
85.726890
81.007058
100.343186
72.284937
69.733664
61.813208
69.982893
50.360686
87.376889
67.903948
65.379532
70.470692
89.072634
87.482608
70.048020
77.695766
67.118758
72.469412
55.569785
96.476258
63.247354
70.452443
94.047531
77.084544
82.849848
75.815450
55.050815
75.610438
56.698487
66.696290
68.956292
84.789017
84.087827
66.025626
80.529831
94.194987
61.337744
64.112911
76.903411
86.149959
83.522436
88.721282
65.144601
82.933696
68.444308
86.092563
64.878745
91.636101
66.703025
59.667426
77.540962
62.538774
80.184272
57.433495
60.725749
61.005665
74.095085
77.110540
92.085938
73.921813
59.203497
69.556261
81.613785
66.590683
78.239660
88.722138
85.785023
78.071969
84.963288
70.875834
63.044648
82.831224
71.590160
61.582042
87.325584
77.455018
72.734744
93.161866
92.341571
89.621527
82.698102
63.162895
110.126544
99.520864
92.103802
56.352541
70.044593
41.715274
80.894389
69.358197
58.546239
76.747038
72.786409
75.294164
75.798120
73.262087
87.812357
66.967406
77.929775
79.437045
83.795908
61.461702
68.743601
74.480990
79.350394
70.541567
73.264153
78.330521
65.073192
67.086854
58.569077
94.399485
56.445321
69.912180
75.519336
61.961993
89.991592
83.216964
62.389879
72.426175
74.751993
65.144626
78.670353
52.782678
64.181914
72.257222
61.404777
93.995423
70.059576
60.818359
80.676938
80.023790
75.829729
76.641683
72.461032
72.113238
75.587309
72.282272
81.279106
79.424257
59.900064
69.917184
84.750199
88.901722
79.625419
83.250379
67.742434
78.529313
59.376893
68.985179
92.586086
79.218709
95.460501
76.224756
52.141645
69.130425
74.916126
61.636917
66.461273
75.778154
78.576432
73.498577
81.498310
62.859937
67.627571
70.028232
72.638255
69.090088
80.561115
70.093512
69.335586
50.374957
75.274081
83.904111
77.898260
79.687172
67.461393
86.210045
66.320846
79.019747
70.573486
69.569310
66.635296
70.005319
80.250623
77.550547
90.004271
69.163592
58.943860
60.760953
74.110921
74.006710
83.082533
86.859339
80.246037
79.246388
66.683844
99.379778
68.169653
64.922047
83.086870
47.419273
75.749468
76.097993
75.049553
76.867107
74.212774
81.821958
68.109120
63.499044
105.543680
64.758901
63.830535
78.587620
77.340132
78.342709
65.837617
96.104901
74.022128
83.951609
62.708412
62.810115
70.327914
76.580975
68.586148
70.660076
79.164001
69.069755
57.452574
75.040226
74.693149
69.678920
69.156488
76.759485
101.776427
78.083417
87.175077
72.486862
76.705240
72.902336
80.559581
108.192718
60.253676
75.003662
81.841967
67.874164
67.264639
69.504238
56.732637
67.506369
74.526149
78.064090
57.947421
61.725731
83.792257
70.426061
71.049957
76.719902
70.078411
78.148273
99.505619
38.068316
101.126458
72.319381
87.291593
99.296701
45.798383
66.951286
70.618248
69.853481
74.489578
70.065867
74.693809
92.588761
67.350254
80.557671
72.444305
57.165405
67.030541
61.636679
84.589744
63.720009
52.676666
74.058072
62.533397
73.772330
64.810832
62.593784
74.627284
71.722550
79.487898
71.449992
68.363503
85.340488
64.150716
87.098528
74.676287
83.222520
70.119301
65.445681
81.794918
62.860788
63.732572
70.612075
81.534134
77.908927
62.613033
86.642724
63.575091
72.946826
67.870457
79.688020
80.330156
67.237031
53.380360
80.701202
77.514002
80.201694
72.040508
66.389470
79.082746
81.100714
67.630354
78.663259
76.745644
72.977214
54.015254
92.836081
82.265094
68.180050
67.983934
77.502614
83.841566
70.433315
66.108545
64.861999
88.819542
69.772208
66.646859
66.688736
71.335090
69.728468
80.587689
62.939896
62.846405
88.793370
85.727250
85.825626
58.284829
64.274079
79.589718
85.049409
85.730262
56.369746
85.422825
79.921524
86.306474
88.878848
77.661689
87.965362
92.803038
86.532807
83.493423
69.045530
73.926063
91.762882
72.618927
78.434225
82.322017
68.121064
69.396006
88.614582
68.985955
74.016680
67.460025
80.481294
60.558969
96.208874
68.035268
78.351085
79.223670
71.387786
75.522795
87.486977
61.476278
86.951988
85.067605
72.238128
64.651405
78.407265
87.621427
65.183720
78.216769
102.032438
86.128381
60.114691
71.636447
76.235350
83.924596
78.173357
77.809940
60.067148
54.485469
83.037081
94.753846
80.142281
78.818477
69.624039
78.350201
68.220932
74.821824
77.355387
97.520879
72.319637
74.307321
70.481831
76.909591
84.457653
76.460675
61.332595
75.030153
70.600126
77.358471
61.937742
70.990794
70.714706
64.530057
76.775440
84.817810
71.499355
71.123919
70.820813
68.630314
64.407720
89.365185
71.772769
83.306728
71.480938
60.287963
64.812359
65.287034
72.155864
61.482742
66.007969
76.064069
57.015003
62.453894
66.417356
62.707596
72.605805
102.557074
45.935035
66.229691
64.892126
60.282395
73.381969
62.743996
72.771910
67.669339
69.971652
69.292301
46.326448
63.658454
61.634313
71.729522
72.794812
76.890562
75.416296
43.858108
69.881460
76.448809
64.737266
77.354791
74.250374
92.308233
40.087527
72.727232
56.066815
82.473702
59.309527
95.653942
77.492491
74.618619
75.531563
65.045269
76.262966
57.910761
65.892685
90.910119
80.464629
85.309841
83.639094
83.675378
80.678188
85.941959
73.963942
87.155571
67.942306
65.458449
80.852976
71.200340
77.635094
80.449387
76.357975
78.752716
76.888433
80.714515
82.966071
78.145856
72.499214
80.565416
78.029517
85.082139
74.755230
89.248240
66.608046
83.351879
74.009271
82.652267
87.283377
98.748398
75.805082
73.153078
61.488820
79.694294
78.719465
74.426658
82.995890
81.124281
77.723030
64.008109
71.769586
64.990391
85.629353
70.331775
68.352688
80.470289
85.001963
78.742491
90.263363
84.368863
85.396128
76.240247
88.138178
75.435637
84.144871
94.254140
77.150584
68.799728
87.484542
91.028197
77.223444
63.939329
68.423345
69.496672
92.535635
79.830686
78.382178
78.195867
73.416155
86.353982
66.564114
70.141962
88.363846
83.031138
79.628237
78.354023
74.318694
80.671006
90.317839
83.130217
89.151564
70.994150
73.852528
90.783221
74.957515
69.610772
60.711462
81.531204
78.618470
75.134705
73.602317
86.583076
78.313776
68.038870
68.028477
92.143558
71.198822
79.294669
76.620365
80.677327
74.789497
75.117481
57.285413
79.019265
83.553103
75.500207
65.508259
80.089831
70.534493
71.218451
75.967854
92.533627
73.462051
73.105096
79.593323
81.553865
70.970386
66.785579
75.525611
83.079293
68.884340
72.843087
79.745743
85.618293
77.684401
81.786546
80.779170
90.199992
81.824673
80.602633
71.733765
88.294868
81.851733
74.906592
75.701774
41.584476
84.745841
82.454406
74.801812
67.757985
81.128713
65.924660
70.683970
117.385485
78.214382
51.142397
82.437580
60.909829
94.975238
81.122517
73.761124
69.334049
81.351804
75.840136
78.878095
65.894492
88.371881
75.624039
96.055339
78.306513
67.753727
87.580218
78.326947
81.347818
80.048219
69.922886
62.927318
80.179402
85.256315
82.923999
80.698015
70.114471
66.838328
85.593887
77.999738
64.081506
59.410610
73.714971
74.779323
77.951551
55.636657
72.996003
77.467729
74.354462
55.211693
71.714781
85.595198
81.879105
92.437450
65.150942
84.647639
91.890804
71.641912
66.187294
80.617234
75.988093
73.911039
75.404536
53.182310
70.737956
85.812685
71.633878
80.958682
82.667150
43.071317
71.198350
85.285086
80.259191
94.170113
76.268045
69.123904
63.868325
76.109064
62.026360
91.883327
79.618167
93.745779
67.664877
58.223190
83.115904
82.237566
85.064785
93.975903
92.063289
78.731825
83.130100
80.156200
81.994144
63.344502
68.484408
77.040762
81.615905
43.185183
99.419031
76.452949
88.739993
66.381208
87.676288
57.481393
76.194294
70.004063
84.573070
63.176258
80.216807
69.678157
85.714707
78.759797
69.916843
87.747534
69.403846
69.894814
55.415625
83.617808
84.382624
86.180667
93.163935
77.000523
68.911375
87.963473
89.505681
85.623937
65.117264
89.422148
73.559989
64.892585
56.087226
67.807310
71.556253
70.337736
62.487800
64.118014
74.577996
78.647006
72.769213
91.092781
78.847376
70.140339
80.876877
62.873510
79.175098
73.632030
69.494187
79.861268
78.948752
91.481570
80.366073
71.987254
71.726419
84.723704
90.939510
90.352836
92.377621
70.387159
82.856958
73.108405
83.159834
77.782430
77.609455
92.152255
72.850922
76.902288
90.687357
71.345374
63.968564
79.417599
76.766812
73.164479
64.057956
75.689014
65.501860
71.561290
87.519857
71.998294
74.517536
77.371757
92.566338
83.076287
60.143356
81.486544
76.623478
59.741214
75.297219
94.913518
70.052882
73.431231
88.304090
84.878711
89.491377
80.149851
66.679931
82.563633
84.662006
105.493973
72.898454
88.129495
53.402567
82.415498
90.318308
95.761751
82.358216
96.362050
67.267046
81.290603
60.263415
77.796522
78.412126
74.416970
84.854446
91.366985
79.545527
72.216414
86.713152
77.257902
96.629805
90.422912
87.237135
69.097817
92.389165
82.253294
79.527344
85.055018
87.008365
84.284308
77.597432
82.290695
86.446655
83.319447
87.158509
97.738273
85.537453
83.825260
67.756702
73.497609
83.806812
96.515208
71.512664
74.102868
80.487899
60.640298
77.350737
86.014835
78.669327
76.562732
90.345711
83.507563
69.274437
79.993515
56.378771
74.686752
79.004913
86.428735
70.512002
68.601647
53.823606
94.717682
74.995761
71.666505
85.333947
81.098585
84.698904
83.406292
86.067635
81.239868
77.738104
80.679299
80.717793
82.823542
74.395690
70.048948
65.883427
64.809934
72.877825
82.561083
81.229964
83.777284
77.593870
75.977887
75.498519
74.206981
77.543936
79.428769
94.041624
71.369766
112.955006
87.326535
83.492078
81.160597
101.884963
84.412981
87.113779
67.729010
89.765360
74.478938
86.622761
80.300840
71.998042
56.361284
90.455922
90.671883
68.243787
70.273721
96.568321
72.240735
88.120312
77.450491
65.156411
69.129401
83.845608
79.200694
85.402806
69.018467
67.755908
67.336874
69.357167
66.255877
80.082926
76.187267
88.075969
76.668189
69.826376
85.711097
84.914341
56.076041
78.070941
78.744543
65.720981
73.695845
83.261835
81.229893
78.256841
87.825544
75.480288
80.246781
79.733028
50.436518
86.992777
88.609458
62.226180
71.699144
95.556804
86.839138
100.049241
80.967889
85.919552
59.171458
78.417267
88.362701
81.661656
72.102763
70.279288
75.294076
64.948211
77.984082
68.411764
64.042278
68.933290
91.071524
87.611458
80.873690
76.186821
88.882516
81.099250
81.394994
84.573819
69.838828
82.913269
69.390168
75.086131
61.904479
80.869743
85.013344
68.355255
71.112775
80.602155
55.876991
66.332840
79.455575
91.189260
79.645313
76.356594
81.768493
84.827006
84.655026
70.474285
64.653730
75.442448
77.730318
86.354813
65.550815
85.578837
77.360951
87.709712
74.973389
60.297515
81.611776
72.692065
73.067109
65.155572
79.506268
59.991223
85.240620
77.349204
77.768167
75.647657
70.355518
64.275562
66.626292
87.394646
66.304357
68.806419
56.393233
66.024146
55.186046
84.249751
73.501444
71.970456
81.381709
66.816906
56.070885
68.011202
73.741063
75.407185
86.876682
97.428607
55.121749
75.716802
72.738656
50.204231
67.151295
60.698580
49.386560
82.408463
57.281844
77.425815
67.849347
86.965913
86.179546
58.799018
89.969179
63.225665
74.257398
63.822623
81.884305
83.684605
67.842356
69.125918
76.369455
59.893348
76.108235
79.066325
78.370852
91.950961
80.401732
75.233600
75.740044
81.987581
87.945933
62.612833
67.769395
78.431334
64.520526
78.647128
67.806801
76.430355
86.520217
77.206482
70.093429
53.743912
64.100199
68.335486
78.884642
72.440350
64.431144
74.221584
62.777819
56.129542
73.557821
76.774240
64.653170
80.705439
86.419107
70.867433
88.087223
81.072493
95.489668
55.347156
71.146565
76.370959
64.954870
87.826199
65.333501
68.317867
70.002486
58.978942
77.942493
60.235297
63.546670
76.062567
78.894095
71.845869
85.621469
79.089594
85.020124
76.548176
84.114573
85.587992
70.940360
87.594319
70.069180
66.733937
65.986381
75.762481
77.905438
66.874895
70.762366
49.262649
76.315868
64.105481
81.879735
54.013828
99.786222
67.755697
69.356953
58.870121
65.705193
69.676242
77.103449
73.641912
56.007531
67.180731
56.712740
61.648400
66.353373
83.312521
65.670222
75.397933
73.785366
67.894399
62.199066
77.237254
71.110028
74.611177
55.584039
76.746002
68.638580
51.189091
78.414001
55.062788
79.562199
76.206294
86.166961
92.855422
63.774941
70.068142
66.733121
66.921778
66.927327
70.416363
60.816782
68.314409
72.766608
62.678894
74.026711
71.087379
78.235931
42.845697
55.266420
63.686556
75.859467
64.199186
71.547207
62.099909
49.147592
71.741035
69.979119
72.715378
59.419304
51.436999
71.299483
54.746765
58.795765
69.963829
64.899563
62.027694
69.413570
69.530307
55.573455
70.621271
75.875744
62.812789
61.970728
62.495826
55.813361
71.118201
54.774544
74.633901
96.549782
71.524262
69.315084
66.573470
61.125587
59.110406
52.715018
61.766532
77.702745
61.965818
59.903928
62.664628
92.771951
76.100040
85.462815
91.911744
86.934756
55.587408
44.715911
79.173920
78.019377
58.651851
80.096942
68.848660
74.011455
71.788919
74.881701
56.367317
78.527643
90.636210
58.741795
71.645997
91.039974
61.909166
80.041023
70.021211
79.339032
71.794891
71.527156
79.052767
100.868538
75.326783
73.322221
83.257917
77.457116
74.423165
74.972843
82.460835
93.265526
73.555288
82.030678
79.659150
96.554131
82.840177
78.686096
78.277974
74.659037
80.750531
58.186015
60.877408
62.131779
107.335024
90.098926
83.808122
85.753181
83.529716
74.880247
96.981316
83.874552
55.516976
84.143973
40.644649
78.428452
77.493145
79.947470
69.311935
81.241431
78.632597
74.551187
84.270822
68.997431
71.884215
47.627896
75.549839
63.870202
77.650586
74.312437
77.162989
82.765465
81.330045
88.866253
92.974666
72.257561
71.882935
80.158262
95.573303
75.933346
66.557590
71.584020
79.001280
93.622548
89.224484
87.488219
86.476893
84.873043
88.512462
64.006853
51.450971
80.405536
85.133236
93.252518
91.477340
81.693570
78.386284
78.579057
89.607070
86.038615
79.412632
81.996397
79.057577
78.942053
67.855976
88.832529
88.184717
79.967348
74.948922
99.544504
52.257008
84.701411
90.275782
61.828202
84.936769
80.790205
89.694080
75.137246
78.821342
