-0.006702 0.180023 0.170266
-0.004507 0.181477 0.173009
-0.002315 0.182944 0.175781
-0.000145 0.184430 0.178569
0.002043 0.185922 0.181539
0.004242 0.187441 0.184618
0.006412 0.188967 0.187716
0.008562 0.190521 0.190773
0.010679 0.192094 0.193793
0.012781 0.193682 0.196815
0.014878 0.195293 0.199914
0.016987 0.196919 0.203214
0.019080 0.198564 0.206552
0.021150 0.200222 0.209928
0.023202 0.201936 0.213163
0.025234 0.203679 0.216411
0.027245 0.205428 0.219688
0.029272 0.207219 0.223121
0.031274 0.209014 0.226664
0.033263 0.210844 0.230210
0.035241 0.212722 0.233751
0.037198 0.214642 0.237173
0.039136 0.216605 0.240601
0.041057 0.218582 0.244088
0.042986 0.220592 0.247800
0.044909 0.222649 0.251532
0.046818 0.224748 0.255279
0.048698 0.226903 0.258905
0.050559 0.229092 0.262493
0.052424 0.231363 0.266047
0.054273 0.233646 0.269737
0.056125 0.235984 0.273583
0.057965 0.238361 0.277430
0.059819 0.240822 0.281295
0.061631 0.243336 0.284953
0.063429 0.245904 0.288574
0.065220 0.248523 0.292227
0.067046 0.251213 0.296166
0.068869 0.253973 0.300094
0.070676 0.256771 0.303998
0.072490 0.259683 0.307703
0.074299 0.262664 0.311340
0.076105 0.265706 0.314957
0.077932 0.268834 0.318673
0.079771 0.272005 0.322561
0.081614 0.275263 0.326404
0.083458 0.278578 0.330172
0.085356 0.282039 0.333831
0.087227 0.285525 0.337456
0.089113 0.289078 0.341105
0.091064 0.292774 0.344762
0.093036 0.296523 0.348425
0.095033 0.300369 0.352028
0.097063 0.304280 0.355614
0.099093 0.308244 0.359158
0.101169 0.312291 0.362650
0.103299 0.316427 0.366152
0.105512 0.320694 0.369579
0.107770 0.325025 0.372995
0.110088 0.329426 0.376297
0.112447 0.333910 0.379604
0.114839 0.338385 0.382891
0.117328 0.343001 0.386166
0.119906 0.347668 0.389336
0.122593 0.352451 0.392456
0.125361 0.357311 0.395488
0.128202 0.362163 0.398509
0.131102 0.367058 0.401568
0.134098 0.371978 0.404556
0.137185 0.376907 0.407448
0.140475 0.382015 0.410244
0.143902 0.387160 0.412906
0.147446 0.392300 0.415509
0.151033 0.397402 0.418167
0.154718 0.402463 0.420835
0.158517 0.407493 0.423373
0.162557 0.412665 0.425820
0.166765 0.417809 0.428088
0.171130 0.422963 0.430360
0.175596 0.428064 0.432631
0.180165 0.433045 0.434818
0.184881 0.438025 0.436999
0.189748 0.442918 0.439062
0.194873 0.447857 0.440971
0.200180 0.452772 0.442849
0.205664 0.457612 0.444641
0.211170 0.462269 0.446478
0.216830 0.466846 0.448284
0.222616 0.471324 0.450040
0.228624 0.475760 0.451656
0.234851 0.480142 0.453212
0.241189 0.484384 0.454758
0.247628 0.488538 0.456284
0.254160 0.492520 0.457757
0.260868 0.496444 0.459215
0.267864 0.500368 0.460610
0.274779 0.504031 0.461998
0.281862 0.507652 0.463393
0.288956 0.511087 0.464790
0.296209 0.514476 0.466110
0.303590 0.517745 0.467414
0.311106 0.520973 0.468763
0.318663 0.524053 0.470096
0.326151 0.527014 0.471460
0.333718 0.529883 0.472828
0.341345 0.532661 0.474220
0.349146 0.535441 0.475571
0.356945 0.538116 0.476914
0.364770 0.540723 0.478273
0.372544 0.543246 0.479678
0.380303 0.545708 0.481132
0.388007 0.548087 0.482596
0.395754 0.550472 0.484122
0.403608 0.552828 0.485582
0.411429 0.555176 0.487107
0.419257 0.557493 0.488642
0.426916 0.559742 0.490187
0.434443 0.561937 0.491806
0.441986 0.564176 0.493548
0.449500 0.566373 0.495144
0.457169 0.568666 0.496811
0.464726 0.570927 0.498490
0.472259 0.573202 0.500184
0.479538 0.575438 0.502015
0.486771 0.577686 0.503830
0.494016 0.579980 0.505721
0.501245 0.582299 0.507528
0.508521 0.584670 0.509290
0.515613 0.587011 0.511066
0.522672 0.589419 0.512944
0.529616 0.591823 0.514890
0.536587 0.594323 0.517007
0.543416 0.596791 0.519008
0.550227 0.599307 0.520823
0.556857 0.601784 0.522587
0.563475 0.604333 0.524400
0.570098 0.606949 0.526479
0.576726 0.609635 0.528498
0.583146 0.612281 0.530489
0.589509 0.614953 0.532421
0.595868 0.617668 0.534246
0.602234 0.620427 0.536038
0.608556 0.623246 0.537867
0.614717 0.626057 0.539859
0.620891 0.628925 0.541840
0.626827 0.631740 0.543940
0.632992 0.634702 0.545737
0.639145 0.637683 0.547422
0.645338 0.640751 0.549104
0.651331 0.643773 0.550946
0.657160 0.646784 0.552793
0.662976 0.649818 0.554683
0.668782 0.652911 0.556538
0.674618 0.656028 0.558242
0.680642 0.659290 0.559786
0.686482 0.662504 0.561431
0.692287 0.665749 0.563179
0.697907 0.668934 0.564866
0.703452 0.672094 0.566397
0.709157 0.675405 0.568051
0.714912 0.678771 0.569730
0.720630 0.682150 0.571378
0.726213 0.685474 0.572974
0.731822 0.688852 0.574378
0.737271 0.692146 0.575692
0.742832 0.695564 0.577202
0.748293 0.698929 0.578625
0.753920 0.702434 0.580073
0.759571 0.705949 0.581289
0.765113 0.709441 0.582653
0.770465 0.712828 0.583848
0.775855 0.716287 0.585167
0.781233 0.719754 0.586535
0.786679 0.723250 0.587547
0.792097 0.726756 0.588658
0.797549 0.730285 0.589717
0.802947 0.733830 0.590889
0.808306 0.737363 0.592121
0.813637 0.740890 0.593323
0.818935 0.744407 0.594474
0.824368 0.747998 0.595420
0.829773 0.751553 0.596134
0.835268 0.755188 0.596885
0.840516 0.758682 0.597749
0.845778 0.762230 0.598783
0.850946 0.765717 0.599796
0.856222 0.769263 0.600709
0.861519 0.772799 0.601447
0.866915 0.776412 0.602170
0.872230 0.779967 0.602923
0.877358 0.783444 0.603794
0.882539 0.786938 0.604617
0.887713 0.790416 0.605403
0.892951 0.793941 0.606139
0.898214 0.797448 0.606765
0.903573 0.801028 0.607436
0.908795 0.804517 0.608099
0.913810 0.807881 0.608794
0.918777 0.811200 0.609442
0.923752 0.814538 0.610142
