-0.406862
0.312771
-0.864631
-0.072783
-0.563179
0.124728
-0.737056
0.030386
-0.908167
-0.478591
-0.235444
-0.701212
-0.021741
1.001719
0.174716
1.209635
0.294336
-0.597640
0.386418
-0.587425
0.072597
-0.356546
0.234016
0.888397
-0.180139
-0.552003
0.333362
-0.778190
0.946939
0.133445
0.395955
0.430544
0.625721
-1.268471
-0.141341
-0.527868
-0.548595
-0.161493
0.707669
-0.012360
0.026911
-0.235689
-0.916121
-0.795243
-0.821632
-1.213738
-0.379937
0.202981
0.218159
-0.366676
-0.502676
1.137756
-0.231860
0.494330
0.649223
0.796122
-0.599697
0.002871
-0.190189
0.200460
0.642290
0.305518
-1.163366
0.295677
-0.121999
0.394853
0.915541
0.380728
-0.014670
1.089565
1.329544
0.496460
-0.293887
-0.079201
-0.543510
-0.291030
0.146094
-0.641349
-0.494342
-0.731575
0.837951
-0.518794
1.225360
-0.200709
-0.510706
-0.566520
-0.394290
0.560567
0.193785
-0.603033
0.859635
0.729990
-0.050731
0.382014
-0.561652
-0.227473
-0.851192
0.451175
0.410490
0.161479
0.761976
0.192569
-0.728854
-0.348557
0.500173
-0.455049
-0.677536
-0.583669
0.058154
-0.328262
0.936469
1.260447
0.470906
-0.592526
0.344217
0.059358
-0.539340
-0.276807
0.885709
0.223525
-0.312300
0.755112
-0.505699
-0.218518
0.117517
0.607396
0.978728
0.718058
-0.468863
1.050430
-0.918350
1.241460
-0.055446
1.078228
1.507109
-0.052149
0.864722
-0.450320
-0.629776
-0.743900
-0.669399
0.663652
0.102749
0.318491
0.924146
0.178393
0.585018
0.302817
-0.640609
0.033007
0.048608
1.092902
-0.603166
-0.735257
-0.183481
0.036867
0.310046
0.136718
0.353214
0.883074
1.516208
0.298584
0.076911
-0.085677
1.019797
-0.364804
0.171189
-0.162479
-0.203834
0.742610
-0.105590
-0.093569
-0.706429
-0.427400
-0.260397
0.043657
-0.830685
0.031266
0.216461
-0.433935
-0.731988
-0.431902
0.752511
-0.850780
0.230214
0.048008
-0.153287
0.285322
0.780099
0.274966
-0.422586
-0.340126
-1.667574
0.495117
0.437813
-0.357002
0.291714
-0.318181
-0.299805
0.532369
-1.126082
0.733017
0.406771
-0.086290
1.826709
-0.596878
-0.075609
0.932223
1.092607
0.370001
-1.334256
1.185011
-0.288540
-1.366214
-0.073644
0.510453
-0.225931
1.301071
0.207520
-1.104804
0.932579
-0.409613
1.695855
-0.617001
-0.502145
-0.057750
-0.499673
0.634762
0.560523
-0.492095
-0.226632
-0.564167
0.580244
-0.125770
0.411495
0.093043
0.095840
-0.675905
0.696979
-0.677648
-0.497791
0.289278
0.416138
0.029058
1.046505
-0.413432
-0.536583
0.328298
0.015740
0.215122
-0.494064
0.900205
-0.206292
0.933576
-0.151235
-0.652442
-0.922877
-0.084860
0.821610
0.262390
-0.277087
-0.391309
0.310795
0.453377
-0.147170
0.579672
-0.676271
0.776995
0.420684
0.392377
0.137580
0.657234
-0.574935
-0.593878
0.665891
-0.675281
-0.669575
0.059776
-0.032897
-0.671607
1.571761
0.268762
0.466963
-0.338955
-0.372259
0.690056
1.359084
-0.788932
-0.372350
-0.431139
-0.809532
-0.177306
0.336539
0.448202
-0.263885
-0.160637
-0.645602
-0.618117
0.626676
0.943185
-0.568647
-0.196990
-0.320298
-0.522894
1.289498
0.386132
-0.234672
0.916198
-0.394696
0.692302
-0.335512
-0.429516
-0.489331
0.286136
-0.185166
0.379900
0.785342
0.427752
-0.677990
-0.401208
0.209517
-0.271145
0.560025
-0.423326
-0.925754
1.062295
-0.379746
-0.330922
-0.177525
0.262256
-0.657003
0.714276
0.112096
2.000150
-0.907484
0.769473
0.220337
0.840562
-0.324943
0.712620
0.712441
-0.531470
1.200446
0.111732
0.270573
0.934629
-0.419425
-0.511421
0.631491
0.495748
-0.383574
0.449362
-0.398691
0.129790
-0.437335
1.104142
-0.488348
-0.140714
0.060758
0.836454
-0.584314
-0.495633
0.827261
-0.476237
0.000413
0.106883
-0.345673
-0.944885
-0.694041
0.253752
0.927602
-0.461860
-0.757275
-0.939870
0.768459
0.488662
1.044524
-0.686277
1.249637
-0.014906
0.119070
0.616366
0.506596
0.498723
-0.854386
-0.292025
0.585326
0.027424
0.751035
0.663421
0.155307
-0.422044
-0.683883
0.261213
1.020353
-0.091305
-0.000002
0.300905
1.041532
0.440817
-0.255542
1.062672
-1.082761
0.005626
-0.094498
-0.841060
-0.609102
0.568210
0.870411
2.000150
-0.471794
0.941120
0.623945
1.221130
0.398619
0.788256
-0.778730
-0.447702
1.067811
-0.009555
0.225156
0.314538
-0.218577
-0.190756
-0.312924
0.622468
1.213800
1.288626
0.239138
0.668218
-0.716665
-0.304715
-0.406817
0.996254
-0.671247
1.280869
0.549484
0.565127
0.345490
-0.801576
1.080522
-0.914368
0.324814
-0.413679
-0.751100
1.266968
1.179621
-0.013683
0.033597
1.528323
-0.529580
-0.583960
-0.559799
0.015776
0.695055
0.560022
-0.471695
0.454262
-0.269905
-0.189564
0.085767
0.122633
0.662103
0.372281
-0.674609
-0.117855
0.418160
-0.081555
0.754700
-0.471985
-0.083177
1.337198
0.536807
1.163181
0.022825
-0.381681
0.900704
0.450389
0.112603
0.774656
2.000150
-0.379359
-0.162831
-0.484834
0.485131
1.273962
-0.843182
-0.804953
-0.221735
-0.179651
0.555181
0.038558
0.727283
1.089980
-0.313355
-0.555746
0.061055
-0.254542
0.386006
-1.155717
-0.231594
-0.577753
-0.191590
0.339337
0.794955
0.052207
-0.039726
0.914263
0.177096
-0.391335
0.712269
0.643325
0.201649
0.847499
-0.966514
0.831485
0.461633
-0.199406
-0.313164
-0.868547
-0.614601
0.842007
0.340965
-1.407247
-0.470700
-0.120456
-0.043488
0.176540
0.258526
0.911517
-0.857772
-0.473567
0.910787
0.232126
0.537802
0.115970
0.506378
1.380286
-0.238995
-0.507171
0.881744
0.539470
0.979871
-1.072158
1.005526
0.409856
-0.624637
1.115686
-0.172831
-1.156991
-0.869054
-0.734045
-0.504441
-0.233645
-0.839416
-0.554465
0.124378
0.373264
0.997377
-0.064546
0.070111
-0.070513
-0.551118
0.315048
-0.367468
-0.636911
0.300562
0.961275
0.818947
-0.032473
-0.120063
-0.448306
-0.185418
0.553308
0.687888
1.142328
1.072056
0.528374
-0.752459
0.390645
1.265308
0.497494
-0.605758
0.518584
0.168564
-0.744419
-0.616008
0.380865
0.612980
0.735255
-0.087295
1.330074
0.358101
-0.587038
-0.032021
-0.526143
0.000993
-0.863787
0.426482
0.073681
0.518157
-0.503134
-0.133671
-0.132032
-0.583990
-1.475019
-0.026296
0.481899
0.175654
0.569837
0.381120
0.457953
-0.112734
1.001844
-0.181732
1.549434
-0.332218
0.398031
-0.360091
0.136348
0.755875
-0.135789
0.171648
0.743635
0.920491
-0.953294
0.494594
0.529938
0.227455
0.875778
-1.256841
1.233285
-0.356179
0.851108
-0.834423
0.187148
-0.835886
-0.547149
0.315916
-0.833817
0.161288
0.220809
1.140068
0.142089
-1.415281
0.521132
0.133719
0.170508
0.470908
-0.698350
0.098690
0.943255
0.693752
-0.174740
-0.714022
-1.280564
0.127712
-0.734752
0.173668
-0.508263
-0.172832
1.246192
-0.061767
1.373303
0.017166
0.369997
-0.434698
-0.020126
-0.849415
-0.070680
-0.005195
0.301739
0.173343
0.563865
-0.994648
0.220682
-0.184409
-0.359678
-0.057679
-0.100074
0.457464
0.386764
-0.377891
0.219866
0.421721
0.618687
0.811922
0.145684
-0.477575
0.273369
0.488120
0.116830
0.651111
-0.373493
0.073642
-0.054715
1.607369
0.113242
0.061090
0.245071
-0.818531
-0.882577
0.167688
1.233247
-0.919449
0.389972
-0.292211
-0.062045
-0.448602
0.763681
0.982806
1.483120
-0.481995
-0.012543
1.169661
0.376330
0.165718
-0.048719
0.760732
-0.050679
0.352121
0.122567
0.677828
0.094382
-0.453597
1.493477
-0.162786
-0.775312
1.117740
-0.611772
0.490338
0.025034
0.037714
1.222039
-0.184373
0.403234
0.196404
0.087869
1.549184
-1.371856
-0.138551
-0.052463
-0.126995
0.445214
-0.124641
1.240357
0.256875
-0.911975
0.559822
-0.630887
0.212788
0.347095
-0.333330
0.520159
0.871002
1.052837
1.857690
0.593945
0.906871
-0.213103
1.211244
0.234779
0.087251
-0.595490
0.066241
-0.340244
-0.377511
-0.300173
-0.849572
-1.282298
-0.000104
-0.613742
-0.456243
0.276605
1.552079
-0.208353
-0.172940
-0.407000
0.211120
-0.065935
-0.119956
-0.088865
-0.330116
-0.371719
-0.077616
-0.305839
-1.396828
0.361620
0.563603
-0.007064
0.177472
0.162898
1.171438
0.079156
1.042869
-0.428553
-0.541356
0.102401
-0.551122
-0.674881
-1.134426
-0.585750
-1.086477
-0.940713
-0.823901
-0.432854
-0.739702
-0.183983
0.411544
-0.826582
-0.077474
0.254662
-0.232199
-0.760344
-0.625193
0.384158
-1.045343
-0.760069
0.156061
0.514424
-0.789331
0.002914
-0.213233
-0.112207
-0.395135
0.056437
-0.258805
-0.337541
-0.382245
-0.321471
-0.379622
-0.397678
0.046154
0.354296
-0.973456
-0.177808
0.638401
0.328961
-0.695597
-0.430325
0.171607
-0.089010
1.644246
0.365602
-0.267930
0.166360
-0.579185
0.368355
-0.333378
-0.180291
1.348481
-0.924395
-0.606991
-0.058539
-0.398977
0.042464
-0.275914
-0.777540
0.042185
-0.778991
-0.185570
-0.023536
-0.121716
-0.293735
-0.571127
-0.163205
0.537497
-0.533128
0.362361
-0.369585
0.035825
-0.785406
-0.028215
-0.038362
0.071190
-0.415241
-0.595824
0.291387
-0.270853
-0.196141
0.302828
0.151589
0.106167
-0.063121
-0.605346
-0.487935
-0.016441
0.040030
-0.583536
0.122866
-0.529939
0.359320
0.714408
-0.580828
-0.886052
-1.121340
-0.536157
0.499350
0.483967
-0.865017
0.100851
0.096228
0.118544
-0.791558
-0.680782
0.040255
-0.206121
-0.932742
-0.031503
-0.648262
1.347776
-0.741284
-0.814281
-0.368515
-0.262642
-0.265099
-0.595429
-0.285415
-0.261396
1.431476
0.448325
0.124688
1.253163
-1.231449
-0.358964
0.883750
-0.778398
0.244421
-0.329075
-0.260644
-0.665929
0.212678
-0.040580
0.619248
0.276680
-0.080210
0.439591
-0.230845
-0.530712
-0.402453
0.021247
-0.619206
-0.792682
-0.901189
0.183029
0.101957
1.169897
-0.820448
-0.865303
-0.121145
0.368761
-0.815699
0.777461
-0.234392
-0.263788
-0.661034
-0.297459
0.383417
0.828065
-0.557795
0.473567
0.023122
0.518821
-0.084504
0.011305
-0.649270
-0.421173
0.522395
0.494587
0.062053
-0.253324
-0.377577
0.091945
-0.516230
-0.564412
0.800129
-0.270373
-0.220886
-0.684004
-0.050916
0.363243
-0.754134
-0.386809
-0.051003
0.619732
0.290409
0.289117
0.548501
-0.478724
0.207659
-0.424708
0.022591
-0.077899
0.292579
-0.601642
-0.658477
-0.143665
0.782803
0.215859
0.144542
0.792880
0.246086
-0.634414
-0.467693
-0.985814
-0.300538
0.012661
-1.201125
-0.342621
0.774523
1.268255
-0.558087
-0.441748
-0.358879
0.382983
-1.160147
-0.058346
-0.160610
0.337900
-0.406233
-0.049627
-0.528024
-0.628774
0.029138
0.225664
-0.508920
0.113682
-0.379773
-0.067072
-0.277839
-0.200169
-0.450376
-0.213993
-0.338221
-0.462372
-0.441513
-0.080753
1.351033
-0.285817
-0.782438
0.156533
-1.001515
-0.286227
-0.017531
0.248202
-0.381580
1.312929
-0.038030
0.498128
-0.571993
-0.301725
0.576532
0.344009
0.231259
0.240148
-0.081178
-0.099406
-1.291422
-0.528258
-0.331242
0.182515
0.449838
0.160670
-0.258920
-0.864943
0.157626
-0.918235
-0.439500
-0.808161
-1.094523
-0.426883
-0.734041
-0.329881
-0.242985
0.364341
-0.373566
-1.148198
-0.049115
-0.512574
-0.616627
-0.916744
-0.781623
-0.402094
-0.392870
0.079751
0.095064
0.174539
-0.289658
0.399371
0.772415
-0.946478
-0.119605
0.001120
-0.045400
-0.199390
-0.595051
-0.081998
1.147963
0.375507
0.326745
-1.270756
-0.318114
-0.471112
-0.603082
0.451973
-0.887474
-0.093099
0.168127
0.462322
0.329577
-0.184015
-0.377988
-0.538299
-0.038477
0.103714
1.042132
-0.194880
-0.118927
-0.265200
-0.160095
-0.642161
-0.114710
0.722418
0.511570
0.073460
-0.134110
-0.159972
0.061911
-0.757409
0.102114
-0.209287
-0.065614
-0.346893
-0.235578
-0.843290
-0.340997
-0.486287
0.439588
-0.262289
-0.433345
0.147361
-0.783429
-0.363268
-0.390949
-0.119999
-0.127410
0.022203
0.169617
-0.541937
0.340286
0.046621
0.453791
0.072008
-0.355823
-0.796718
-0.146309
1.159574
0.280659
1.050313
0.326151
-0.883075
0.278917
-1.252002
-0.267026
-0.395908
0.000862
0.315485
-0.480981
-0.499406
0.294899
0.002807
0.549578
-0.519416
-0.521946
-1.000820
0.191829
0.435927
0.278517
0.298768
-0.513160
-0.034458
-0.156130
-0.298784
0.245240
-0.230356
-0.675695
-0.386242
-0.681381
0.069310
-0.112041
0.373152
0.014513
0.444094
-0.161156
-0.225654
-1.255450
-0.650642
0.292546
-0.534313
-1.107294
0.660679
-0.428645
0.523713
-1.050073
0.507208
-0.023133
-0.004958
-1.030103
0.033995
0.225542
0.905550
-1.142918
-0.338770
0.170934
0.316659
0.649552
1.057325
-0.625485
-0.049282
-0.531422
0.244269
-0.849240
-0.088051
-0.208734
-0.642761
-0.047508
1.146128
-0.388386
0.163768
0.241860
1.346099
-0.312645
0.062077
-0.400317
0.381623
-0.236241
0.031566
-1.240910
-0.107101
0.853260
-0.592229
-0.413000
-0.054760
0.283317
-1.071426
0.339150
-1.120956
0.222614
-0.128897
0.592259
0.443428
0.537039
-0.672420
-0.335169
-0.475450
-0.273061
0.631342
0.001220
-0.017840
-0.517616
-0.371204
-0.694479
-0.307987
0.043367
-0.034283
0.448797
-0.390789
0.185212
-0.137696
-0.529938
0.545295
0.490353
-0.414577
0.227279
-0.453125
-0.103885
-0.632943
-0.871249
0.496705
-0.076374
0.650107
-0.347405
0.022655
-0.844787
0.475553
0.145084
0.116383
0.155187
-0.768161
-0.279864
-0.855178
0.253654
-0.075848
-0.179075
-0.286601
-0.330082
-0.313385
-0.509052
-0.006154
0.008453
0.429088
-0.208618
0.010032
-0.973745
-0.373876
-0.119083
0.640334
-0.629157
-0.604153
-0.046112
0.200334
-0.154455
-0.968219
0.801528
-0.402344
0.662513
0.976167
1.009521
-0.097546
0.168347
-0.054630
0.902064
-0.175009
0.904271
0.163567
0.450346
0.070950
0.657537
1.048034
-0.075600
1.214749
-0.221531
0.234219
0.324810
0.340816
0.048005
0.454358
-0.212919
0.224363
0.886707
-0.364454
-0.497651
-0.357327
-0.606428
0.171035
1.396390
1.128660
-0.517954
0.157543
0.107197
-1.629919
-1.077225
0.612537
-0.197119
1.176763
0.236043
-0.381182
-1.605017
0.438352
-0.635762
-0.009647
0.593197
0.167480
0.055048
-0.680168
-0.119159
-0.245422
0.201380
1.308554
0.265709
0.020720
-0.703664
-0.524255
0.197937
0.263731
-0.636125
-0.568432
-0.485275
0.118505
-0.345082
0.249141
-0.407461
0.734796
0.811621
0.082896
0.476071
-0.962895
-0.055726
-0.535518
-0.049001
0.587869
-0.338719
-0.206848
0.404766
-0.440541
-0.535712
-0.509190
1.183649
-0.436253
0.050551
0.136691
-0.290778
-0.084611
0.257280
-1.067729
0.512758
0.541970
-1.023261
0.315034
-0.106850
-0.120032
0.969896
0.110970
0.605043
-0.493739
-0.801446
0.057254
-0.136603
0.376254
0.194492
-0.120796
0.534543
-0.422518
-0.203635
-0.414254
0.124905
0.093338
0.405504
-0.096952
0.402944
-0.531767
0.052780
-0.887437
-0.031013
-0.023568
0.320188
-1.262872
-1.233123
-0.385490
-0.567572
-0.779812
-0.034767
-0.270827
-0.151995
-0.235830
0.594041
0.010851
0.543105
0.666112
0.179151
0.030320
-0.466391
-0.122384
-0.527627
-0.175829
-0.256675
0.575749
0.842018
-0.261188
0.572558
0.511973
0.785891
0.100433
0.395444
0.301898
-0.718001
-0.252785
1.068073
-0.411846
0.059011
0.230309
-0.140686
0.003322
0.179022
0.704008
-0.190160
0.699553
0.218283
-0.130137
-0.398914
1.199559
0.680715
0.283338
0.368583
0.171251
0.513453
0.274487
0.288331
-0.181237
0.059378
-0.060489
0.399075
0.357086
0.687586
-0.303922
0.140261
0.816652
-0.117158
-0.508494
-0.522982
-0.701896
-0.398485
0.247345
-0.738661
0.189638
0.710342
0.487664
0.245037
-0.019149
0.195078
0.071158
0.155413
-0.432171
0.200979
0.579276
1.062900
-0.545167
0.310416
0.432159
-0.398122
1.209128
1.374923
-0.180260
0.806918
-1.169668
-0.605016
0.814107
-0.476993
0.032065
-0.288349
-0.170363
-0.681281
0.281581
0.380294
-0.609330
-0.363951
0.697133
0.558403
-0.940507
-0.411777
-0.307636
0.233769
0.036054
0.293764
-1.143061
-0.256682
-0.115176
0.331093
-0.395211
-0.109550
0.575716
-0.304508
0.157881
0.061985
0.300086
-0.854856
-0.667970
0.192827
-0.075939
0.163998
0.104431
0.106975
-0.605934
0.072434
-0.841440
-0.021617
0.222487
0.108941
-1.088848
-0.644089
-0.738780
0.162277
0.717609
-0.348342
0.127327
0.049206
0.326479
-0.870592
-0.099034
-0.031558
-0.048088
-0.156393
-0.335034
-0.533459
-0.430414
-0.196234
-0.402328
-0.447544
0.577261
0.467286
0.294640
0.284867
0.457631
0.676180
-1.045900
0.085030
0.820531
0.759606
0.514026
1.047202
-0.077773
-0.116672
-0.005057
-0.711633
-0.364874
-0.052030
0.364431
-0.807552
-0.283890
0.587523
-0.693832
-0.016873
-0.724234
0.224964
-0.449825
-0.718038
-0.027837
-0.467711
-0.227825
0.004385
0.270975
-1.354792
0.474705
0.109136
-0.474010
-0.005400
-0.109718
0.046276
0.540028
0.121531
-0.612811
-0.486000
0.117486
0.293351
-0.178977
-0.388904
-1.220069
0.097020
-1.286119
-0.472776
0.073622
-0.705548
-0.604336
-0.296802
-0.200788
-0.462579
1.229236
-0.119394
0.904398
-0.232013
-0.040616
0.293759
