0.665736
1.367208
0.421207
0.929802
0.569396
1.132840
0.478521
1.030852
0.403263
0.619656
0.790220
0.495984
0.978494
2.722959
1.190908
3.352259
1.342234
0.550108
1.471700
0.555757
1.075297
0.700090
1.263664
2.431228
0.835154
0.575795
1.395652
0.459236
2.577807
1.142759
1.485803
1.538094
1.869594
0.281261
0.868193
0.589861
0.577761
0.850872
2.029255
0.987716
1.027277
0.790026
0.400068
0.451472
0.439713
0.297085
0.683905
1.225049
1.243784
0.693034
0.604910
3.119759
0.793057
1.639400
1.914054
2.216927
0.548978
1.002875
0.826803
1.221965
1.900829
1.357327
0.312433
1.344037
0.885149
1.484166
2.498125
1.463350
0.985437
2.972980
3.779320
1.642896
0.745361
0.923854
0.580707
0.747493
1.157305
0.526581
0.609972
0.481150
2.311625
0.595238
3.405393
0.818150
0.600072
0.567497
0.674159
1.751665
1.213836
0.547150
2.362298
2.075061
0.950534
1.465233
0.570266
0.796544
0.426906
1.570156
1.507556
1.175248
2.142505
1.212360
0.482462
0.705705
1.649007
0.634417
0.507867
0.557848
1.059879
0.720174
2.550959
3.526996
1.601444
0.552929
1.410885
1.061155
0.583133
0.758201
2.424702
1.250477
0.731762
2.127851
0.603084
0.803709
1.124701
1.835645
2.661070
2.050447
0.625714
2.858879
0.399177
3.460663
0.946063
2.939465
4.513663
0.949187
2.374345
0.637424
0.532711
0.475257
0.512016
1.941870
1.108213
1.375051
2.519716
1.195295
1.795023
1.353667
0.526972
1.033557
1.049809
2.982919
0.547077
0.479382
0.832368
1.037555
1.363488
1.146505
1.423635
2.418323
4.554920
1.347948
1.079946
0.917891
2.772633
0.694333
1.186716
0.850034
0.815598
2.101413
0.899793
0.910675
0.493403
0.652203
0.770745
1.044624
0.435751
1.031760
1.241675
0.647954
0.480952
0.649273
2.122322
0.427082
1.258869
1.049179
0.857883
1.330190
2.181688
1.316486
0.655350
0.711681
0.188704
1.640690
1.549315
0.699771
1.338720
0.727471
0.740962
1.702963
0.324301
2.081351
1.501960
0.917328
6.213406
0.550528
0.927179
2.540150
2.982040
1.447736
0.263354
3.270724
0.749357
0.255071
0.929002
1.666045
0.797773
3.673230
1.230623
0.331276
2.541054
0.663907
5.451307
0.539560
0.605231
0.943886
0.606729
1.886573
1.751589
0.611344
0.797214
0.568834
1.786475
0.881818
1.509073
1.097509
1.100583
0.508696
2.007679
0.507810
0.607872
1.335463
1.516095
1.029485
2.847681
0.661376
0.584743
1.388603
1.015865
1.240014
0.610142
2.460108
0.813596
2.543590
0.859646
0.520773
0.397374
0.918640
2.274159
1.300033
0.757989
0.676171
1.364510
1.573617
0.863148
1.785452
0.508510
2.174927
1.523002
1.480496
1.147494
1.929449
0.562741
0.552182
1.946223
0.509013
0.511926
1.061599
0.967638
0.510887
4.815119
1.308344
1.595143
0.712515
0.689175
1.993828
3.892627
0.454330
0.689113
0.649768
0.445066
0.837524
1.400093
1.565494
0.768062
0.851601
0.524347
0.538958
1.871379
2.568149
0.566291
0.821199
0.725933
0.592803
3.630963
1.471278
0.790830
2.499768
0.673885
1.998310
0.714972
0.650824
0.613036
1.331273
0.830966
1.462139
2.193158
1.533805
0.507636
0.669511
1.233082
0.762506
1.750717
0.654865
0.396232
2.893003
0.684035
0.718261
0.837340
1.299859
0.518403
2.042706
1.118620
7.390167
0.403538
2.158629
1.246497
2.317668
0.722568
2.039328
2.038961
0.587740
3.321597
1.118213
1.310715
2.546269
0.657425
0.599643
1.880413
1.641725
0.681421
1.567311
0.671198
1.138589
0.645755
3.016634
0.613639
0.868738
1.062641
2.308167
0.557488
0.609185
2.287047
0.621116
1.000413
1.112804
0.707744
0.388724
0.499553
1.288852
2.528439
0.630111
0.468942
0.390679
2.156440
1.630134
2.842046
0.503447
3.489076
0.985205
1.126449
1.852185
1.659632
1.646618
0.425544
0.746750
1.795576
1.027803
2.119193
1.941422
1.168017
0.655705
0.504654
1.298505
2.774174
0.912740
0.999998
1.351081
2.833555
1.553976
0.774496
2.894095
0.338659
1.005642
0.909830
0.431253
0.543839
1.765105
2.387891
7.390167
0.623882
2.562851
1.866277
3.391017
1.489766
2.199556
0.458989
0.639095
2.909003
0.990491
1.252517
1.369626
0.803661
0.826334
0.731306
1.863522
3.366252
3.627798
1.270154
1.950757
0.488378
0.737334
0.665766
2.708119
0.511071
3.599768
1.732359
1.759671
1.412682
0.448621
2.946216
0.400770
1.383773
0.661213
0.471847
3.550073
3.253140
0.986411
1.034168
4.610437
0.588852
0.557685
0.571324
1.015901
2.003819
1.750710
0.623944
1.575011
0.763452
0.827320
1.089553
1.130470
1.938865
1.451041
0.509356
0.888825
1.519164
0.921682
2.126973
0.623763
0.920188
3.808357
1.710536
3.200095
1.023087
0.682713
2.461336
1.568922
1.119188
2.169846
7.390167
0.684300
0.849735
0.615800
1.624387
3.574990
0.430339
0.447109
0.801127
0.835562
1.742255
1.039312
2.069449
2.974215
0.730990
0.573644
1.062957
0.775272
1.471093
0.314832
0.793268
0.561158
0.825645
1.404017
2.214342
1.053594
0.961053
2.494936
1.193745
0.676154
2.038613
1.902797
1.223419
2.333802
0.380407
2.296727
1.586662
0.819217
0.731130
0.419561
0.540857
2.321020
1.406304
0.244816
0.624565
0.886516
0.957444
1.193082
1.295020
2.488093
0.424106
0.622777
2.486280
1.261279
1.712240
1.122962
1.659270
3.976039
0.787418
0.602197
2.415109
1.715097
2.664112
0.342269
2.733346
1.506602
0.535456
3.051660
0.841280
0.314431
0.419348
0.479964
0.603843
0.791643
0.431963
0.574379
1.132443
1.452468
2.711160
0.937493
1.072627
0.931915
0.576305
1.370325
0.692486
0.528924
1.350618
2.615029
2.268110
0.968049
0.886864
0.638710
0.830757
1.738995
1.989510
3.134057
2.921378
1.696173
0.471206
1.477934
3.544186
1.644595
0.545661
1.679648
1.183604
0.475010
0.540096
1.463550
1.845924
2.086014
0.916406
3.781322
1.430610
0.555971
0.968487
0.590879
1.000993
0.421562
1.531859
1.076463
1.678931
0.604633
0.874878
0.876313
0.557669
0.228774
0.974046
1.619146
1.192025
1.767979
1.463923
1.580834
0.893388
2.723299
0.833825
4.708804
0.717331
1.488890
0.697613
1.146081
2.129474
0.873026
1.187260
2.103567
2.510524
0.385469
1.639832
1.698827
1.255401
2.400742
0.284551
3.432488
0.700347
2.342240
0.434125
1.205805
0.433490
0.578597
1.371515
0.434388
1.175024
1.247086
3.126980
1.152679
0.242857
1.683932
1.143072
1.185907
1.601448
0.497405
1.103724
2.568327
2.001211
0.839676
0.489671
0.277881
1.136226
0.479625
1.189661
0.601539
0.841279
3.477077
0.940102
3.948370
1.017314
1.447730
0.647460
0.980075
0.427665
0.931760
0.994819
1.352208
1.189274
1.757452
0.369854
1.246927
0.831595
0.697901
0.943953
0.904770
1.580061
1.472209
0.685305
1.245910
1.524582
1.856489
2.252232
1.156830
0.620286
1.314385
1.629250
1.123928
1.917670
0.688326
1.076422
0.946755
4.989668
1.119903
1.062995
1.277712
0.441079
0.413715
1.182567
3.432357
0.398739
1.476940
0.746611
0.939841
0.638520
2.146162
2.671942
4.406673
0.617550
0.987536
3.220900
1.456928
1.180240
0.952449
2.139841
0.950584
1.422081
1.130395
1.969595
1.098979
0.635339
4.452551
0.849773
0.460560
3.057935
0.542389
1.632868
1.025350
1.038434
3.394102
0.831626
1.496657
1.217018
1.091845
4.707625
0.253636
0.870619
0.948889
0.880738
1.560825
0.882814
3.456848
1.292883
0.401730
1.750361
0.532120
1.237122
1.414951
0.716533
1.682295
2.389303
2.865769
6.408913
1.811119
2.476560
0.808073
3.357658
1.264630
1.091170
0.551293
1.068484
0.711597
0.685566
0.740690
0.427598
0.277399
0.999896
0.541321
0.633660
1.318646
4.721274
0.811920
0.841188
0.665644
1.235061
0.936192
0.886960
0.914969
0.718841
0.689548
0.925320
0.736505
0.247380
1.435653
1.756992
0.992961
1.194195
1.176917
3.226630
1.082373
2.837345
0.651451
0.581959
1.107828
0.576303
0.509217
0.321607
0.556688
0.337403
0.390349
0.438717
0.648655
0.477256
0.831950
1.509146
0.437542
0.925451
1.290026
0.792788
0.467506
0.535158
1.468377
0.351571
0.467634
1.168898
1.672675
0.454149
1.002918
0.807968
0.893860
0.673589
1.058060
0.771974
0.713522
0.682328
0.725082
0.684120
0.671878
1.047236
1.425178
0.377775
0.837103
1.893451
1.389524
0.498776
0.650298
1.187212
0.914836
5.177104
1.441381
0.764962
1.180999
0.560355
1.445355
0.716499
0.835027
3.851572
0.396771
0.544988
0.943142
0.671006
1.043378
0.758878
0.459535
1.043088
0.458869
0.830631
0.976739
0.885400
0.745474
0.564889
0.849417
1.711717
0.586767
1.436717
0.691021
1.036475
0.455935
0.972179
0.962364
1.073785
0.660181
0.551108
1.338282
0.762729
0.821896
1.353681
1.163682
1.112008
0.938830
0.545885
0.613893
0.983694
1.040842
0.557922
1.130733
0.588641
1.432355
2.042977
0.559435
0.412280
0.325843
0.584992
1.647650
1.622498
0.421044
1.106112
1.101010
1.125856
0.453138
0.506221
1.041076
0.813735
0.393473
0.968988
0.522954
3.848855
0.476502
0.442958
0.691761
0.769017
0.767130
0.551326
0.751702
0.769976
4.184870
1.565687
1.132795
3.501402
0.291869
0.698399
2.419956
0.459141
1.276881
0.719589
0.770555
0.513796
1.236986
0.960232
1.857531
1.318745
0.922922
1.552072
0.793862
0.588186
0.668678
1.021474
0.538372
0.452629
0.406087
1.200849
1.107336
3.221662
0.440234
0.420924
0.885906
1.445942
0.442330
2.175940
0.791052
0.768136
0.516317
0.742703
1.467289
2.288885
0.572470
1.605712
1.023391
1.680046
0.918968
1.011370
0.522427
0.656277
1.686061
1.639821
1.064018
0.776216
0.685521
1.096305
0.596766
0.568695
2.225829
0.763095
0.801808
0.504592
0.950358
1.437986
0.470418
0.679221
0.950276
1.858431
1.336974
1.335248
1.730658
0.619574
1.230794
0.653961
1.022848
0.925058
1.339878
0.547911
0.517639
0.866178
2.187596
1.240928
1.155510
2.209750
1.279009
0.530246
0.626446
0.373135
0.740420
1.012741
0.300856
0.709907
2.169557
3.554644
0.572303
0.642911
0.698459
1.466652
0.313440
0.943324
0.851624
1.402001
0.666155
0.951584
0.589769
0.533245
1.029567
1.253155
0.601144
1.120396
0.684017
0.935128
0.757419
0.818592
0.637388
0.807354
0.713038
0.629788
0.643062
0.922421
3.861411
0.751400
0.457290
1.169449
0.367323
0.751092
0.982622
1.281718
0.682782
3.717045
0.962685
1.645637
0.564399
0.739541
1.779855
1.410591
1.260186
1.271437
0.922030
0.905375
0.274880
0.589631
0.718031
1.200233
1.568059
1.174297
0.771884
0.421076
1.170728
0.399223
0.644358
0.445677
0.334699
0.652540
0.479966
0.719009
0.784284
1.439565
0.688276
0.317208
0.952071
0.598952
0.539762
0.399819
0.457663
0.668918
0.675116
1.083017
1.099730
1.190697
0.748520
1.490887
2.164987
0.388106
0.887271
1.001121
0.955615
0.819231
0.551535
0.921274
3.151767
1.455730
1.386448
0.280619
0.727520
0.624308
0.547123
1.571409
0.411694
0.911103
1.183087
1.587756
1.390380
0.831924
0.685239
0.583740
0.962254
1.109283
2.835256
0.822933
0.887872
0.767053
0.852063
0.526154
0.891625
2.059407
1.667907
1.076226
0.874494
0.852168
1.063868
0.468880
1.107509
0.811163
0.936492
0.706881
0.790114
0.430293
0.711061
0.614905
1.552068
0.769289
0.648337
1.158772
0.456837
0.695400
0.676414
0.886921
0.880372
1.022451
1.184850
0.581621
1.405349
1.047725
1.574268
1.074664
0.700597
0.450806
0.863891
3.188575
1.324002
2.858546
1.385625
0.413509
1.321697
0.285932
0.765653
0.673069
1.000862
1.370924
0.618176
0.606891
1.342990
1.002811
1.732521
0.594868
0.593365
0.367578
1.211463
1.546396
1.321169
1.348197
0.598601
0.966129
0.855448
0.741720
1.277929
0.794251
0.508803
0.679606
0.505918
1.071769
0.894008
1.452305
1.014618
1.559076
0.851160
0.797994
0.284948
0.521711
1.339834
0.586072
0.330452
1.936107
0.651391
1.688285
0.349912
1.660648
0.977132
0.995055
0.356970
1.034579
1.253002
2.473292
0.318887
0.712647
1.186412
1.372535
1.914682
2.878660
0.535002
0.951913
0.587769
1.276688
0.427740
0.915714
0.811611
0.525838
0.953603
3.145987
0.678150
1.177941
1.273616
3.842407
0.731509
1.064044
0.670108
1.464660
0.789591
1.032069
0.289121
0.898435
2.347286
0.553093
0.661663
0.946712
1.327526
0.342520
1.403754
0.325968
1.249338
0.879064
1.808068
1.558039
1.710933
0.510472
0.715217
0.621605
0.761046
1.880132
1.001221
0.982318
0.595940
0.689903
0.499334
0.734925
1.044321
0.966298
1.566427
0.676523
1.203474
0.871364
0.588642
1.725117
1.632892
0.660619
1.255180
0.635638
0.901329
0.531027
0.418429
1.643298
0.926469
1.915747
0.706519
1.022914
0.429649
1.608904
1.156137
1.123426
1.167876
0.463865
0.755887
0.425207
1.288726
0.926957
0.836043
0.750812
0.718865
0.730968
0.601065
0.993865
1.008489
1.535857
0.811705
1.010083
0.377666
0.688062
0.887734
1.897115
0.533041
0.546537
0.954935
1.221811
0.856882
0.379759
2.228943
0.668751
1.939661
2.654262
2.744287
0.907061
1.183347
0.946835
2.464685
0.839449
2.470130
1.177704
1.568855
1.073527
1.930033
2.852038
0.927187
3.369449
0.801291
1.263922
1.383768
1.406095
1.049176
1.575162
0.808222
1.251526
2.427123
0.694576
0.607957
0.699544
0.545295
1.186532
4.040586
3.091510
0.595738
1.170631
1.113153
0.195945
0.340539
1.845106
0.821093
3.243856
1.266229
0.683053
0.200886
1.550151
0.529532
0.990400
1.809765
1.182322
1.056592
0.506532
0.887667
0.782374
1.223089
3.700819
1.304356
1.020936
0.494769
0.591996
1.218886
1.301777
0.529340
0.566413
0.615528
1.125813
0.708162
1.282923
0.665338
2.085057
2.251554
1.086428
1.609737
0.381786
0.945798
0.585366
0.952180
1.800148
0.712683
0.813143
1.498951
0.643688
0.585253
0.600982
3.266271
0.646454
1.051850
1.146474
0.747682
0.918869
1.293408
0.343788
1.669891
1.719390
0.359421
1.370306
0.898660
0.886892
2.637670
1.117362
1.831331
0.610340
0.448680
1.058925
0.872317
1.456817
1.214694
0.886215
1.706669
0.655394
0.815760
0.660833
1.133041
1.097833
1.500058
0.907600
1.496223
0.587566
1.054198
0.411710
0.969463
0.976708
1.377387
0.282841
0.291381
0.680118
0.566900
0.458492
0.965830
0.762748
0.858992
0.789915
1.811293
1.010910
1.721343
1.946653
1.196201
1.030784
0.627262
0.884808
0.590004
0.838761
0.773619
1.778463
2.321047
0.770136
1.772796
1.668580
2.194361
1.105650
1.485043
1.352424
0.487726
0.776635
2.909766
0.662426
1.060787
1.258989
0.868762
1.003327
1.196047
2.021841
0.826827
2.012852
1.243939
0.877975
0.671049
3.318655
1.975289
1.327553
1.445684
1.186789
1.671051
1.315856
1.334199
0.834238
1.061176
0.941304
1.490446
1.429158
1.988908
0.737919
1.150574
2.262911
0.889445
0.601400
0.592750
0.495645
0.671336
1.280621
0.477753
1.208811
2.034686
1.628508
1.277669
0.981033
1.215405
1.073751
1.168140
0.649099
1.222600
1.784746
2.894753
0.579745
1.363993
1.540580
0.671580
3.350563
3.954774
0.835053
2.240991
0.310470
0.546066
2.257158
0.620647
1.032585
0.749500
0.843359
0.505969
1.325223
1.462715
0.543715
0.694925
2.007988
1.747879
0.390430
0.662472
0.735183
1.263353
1.036712
1.341468
0.318842
0.773614
0.891209
1.392489
0.673538
0.896237
1.778403
0.737486
1.171027
1.063946
1.349975
0.425345
0.512748
1.212673
0.926872
1.178212
1.110078
1.112907
0.545565
1.075122
0.431089
0.978615
1.249179
1.115096
0.336604
0.525141
0.477697
1.176186
2.049527
0.705857
1.135788
1.050437
1.386079
0.418703
0.905712
0.968935
0.953050
0.855223
0.715314
0.586572
0.650240
0.821820
0.668761
0.639196
1.781153
1.595658
1.342644
1.329585
1.580326
1.966351
0.351376
1.088750
2.271706
2.137433
1.672010
2.849668
0.925174
0.889877
0.994956
0.490842
0.694284
0.949301
1.439694
0.445949
0.752849
1.799526
0.499658
0.983269
0.484696
1.252278
0.637740
0.487708
0.972547
0.626434
0.796264
1.004395
1.311243
0.258001
1.607540
1.115314
0.622501
0.994614
0.896087
1.047363
1.716054
1.129224
0.541826
0.615082
1.124666
1.340914
0.836125
0.677799
0.295210
1.101883
0.276341
0.623270
1.076400
0.493838
0.546437
0.743191
0.818086
0.629657
3.418617
0.887458
2.470445
0.792936
0.960198
1.341461
