0.052130 0.119517 0.148741
0.054674 0.120754 0.151610
0.057177 0.121973 0.154524
0.059714 0.123212 0.157578
0.062114 0.124472 0.160225
0.064423 0.125726 0.162727
0.066777 0.127013 0.165324
0.069148 0.128271 0.168206
0.071589 0.129541 0.171373
0.074019 0.130796 0.174648
0.076412 0.132063 0.177858
0.078688 0.133375 0.180628
0.080962 0.134700 0.183422
0.083258 0.136057 0.186241
0.085574 0.137319 0.189630
0.087904 0.138588 0.193133
0.090246 0.139882 0.196635
0.092465 0.141183 0.199827
0.094705 0.142568 0.202816
0.096939 0.143942 0.205910
0.099166 0.145296 0.209157
0.101415 0.146584 0.212832
0.103695 0.147884 0.216629
0.105967 0.149221 0.220308
0.108147 0.150640 0.223445
0.110302 0.152050 0.226611
0.112460 0.153468 0.229814
0.114705 0.154858 0.233479
0.116968 0.156241 0.237285
0.119209 0.157570 0.241300
0.121441 0.159001 0.244930
0.123634 0.160502 0.248208
0.125828 0.162014 0.251483
0.127965 0.163495 0.254771
0.130267 0.164951 0.258702
0.132615 0.166413 0.262769
0.134986 0.167913 0.266766
0.137190 0.169509 0.269944
0.139427 0.171121 0.273186
0.141724 0.172773 0.276452
0.144064 0.174310 0.280318
0.146466 0.175847 0.284367
0.148927 0.177417 0.288456
0.151352 0.179035 0.292255
0.153747 0.180783 0.295463
0.156221 0.182543 0.298815
0.158759 0.184317 0.302283
0.161239 0.185979 0.306031
0.163920 0.187756 0.309814
0.166652 0.189593 0.313459
0.169294 0.191384 0.317020
0.171982 0.193239 0.320418
0.174761 0.195101 0.323955
0.177579 0.197009 0.327373
0.180616 0.199012 0.330855
0.183683 0.201018 0.334342
0.186770 0.203055 0.337668
0.189824 0.205035 0.341069
0.192969 0.207076 0.344359
0.196161 0.209101 0.347768
0.199564 0.211219 0.351119
0.203100 0.213451 0.354230
0.206664 0.215662 0.357335
0.210246 0.217869 0.360418
0.213855 0.220049 0.363528
0.217605 0.222241 0.366769
0.221448 0.224532 0.369695
0.225563 0.226952 0.372424
0.229759 0.229401 0.375082
0.234080 0.231886 0.377728
0.238316 0.234234 0.380562
0.242571 0.236550 0.383492
0.246914 0.238913 0.386288
0.251694 0.241482 0.388816
0.256627 0.244159 0.390995
0.261706 0.246862 0.393247
0.266683 0.249433 0.395666
0.271669 0.251962 0.398212
0.276746 0.254535 0.400581
0.282107 0.257231 0.402784
0.287671 0.260022 0.404831
0.293418 0.262872 0.406822
0.299209 0.265734 0.408777
0.304922 0.268473 0.411026
0.310697 0.271231 0.413228
0.316476 0.273992 0.415396
0.322717 0.276997 0.417218
0.329048 0.280050 0.418939
0.335525 0.283173 0.420634
0.341931 0.286223 0.422565
0.348244 0.289227 0.424501
0.354648 0.292313 0.426237
0.361316 0.295522 0.428078
0.368068 0.298798 0.429786
0.374794 0.302080 0.431514
0.381219 0.305216 0.433396
0.388092 0.308615 0.435085
0.394950 0.312032 0.436860
0.401929 0.315566 0.438419
0.408915 0.319108 0.440354
0.415695 0.322583 0.442133
0.422451 0.326089 0.443937
0.429163 0.329614 0.445629
0.436301 0.333423 0.447466
0.443302 0.337207 0.449233
0.450181 0.340972 0.450875
0.456867 0.344659 0.452871
0.463542 0.348392 0.454876
0.470176 0.352156 0.456912
0.476921 0.356044 0.458911
0.483676 0.359993 0.460864
0.490449 0.364005 0.462802
0.497199 0.368075 0.464830
0.503499 0.371885 0.466963
0.509921 0.375855 0.469200
0.516155 0.379746 0.471413
0.522663 0.383881 0.473747
0.529265 0.388117 0.475892
0.535837 0.392395 0.477943
0.542195 0.396581 0.480361
0.548172 0.400571 0.482818
0.554172 0.404614 0.485253
0.560060 0.408627 0.487731
0.566359 0.412946 0.489928
0.572596 0.417274 0.492253
0.578625 0.421468 0.494409
0.584500 0.425622 0.496890
0.590071 0.429609 0.499551
0.595813 0.433731 0.502154
0.601614 0.437940 0.504687
0.607334 0.442045 0.506865
0.612980 0.446108 0.508739
0.618619 0.450174 0.510810
0.624275 0.454392 0.513665
0.630028 0.458662 0.516509
0.635822 0.462999 0.519400
0.641249 0.466927 0.521258
0.646672 0.470932 0.523483
0.652378 0.475120 0.525701
0.658064 0.479310 0.528070
0.663593 0.483423 0.530730
0.668847 0.487321 0.533337
0.674277 0.491359 0.535991
0.679896 0.495437 0.538009
0.685348 0.499382 0.539996
0.691219 0.503535 0.541484
0.696533 0.507425 0.543993
0.701526 0.511071 0.546558
0.706513 0.514737 0.549258
0.711730 0.518439 0.551197
0.717526 0.522546 0.553261
0.723035 0.526384 0.554888
0.728714 0.530349 0.556743
0.733968 0.534030 0.558731
0.738832 0.537516 0.561300
0.744029 0.541143 0.563373
0.749248 0.544738 0.565026
0.754930 0.548622 0.566772
0.760637 0.552527 0.568780
0.766069 0.556230 0.570502
0.771156 0.559688 0.571915
0.776294 0.563170 0.573315
0.781643 0.566768 0.574662
0.787125 0.570505 0.576681
0.792764 0.574318 0.578648
0.798295 0.578037 0.580117
0.803797 0.581727 0.581516
0.809037 0.585270 0.582927
0.814028 0.588696 0.584812
0.819295 0.592254 0.586143
0.824950 0.596066 0.587756
0.830733 0.599952 0.589101
0.836367 0.603728 0.590075
0.841769 0.607440 0.591993
0.847209 0.611161 0.593502
0.852360 0.614711 0.594943
0.857925 0.618516 0.596154
0.863410 0.622259 0.596963
0.868939 0.626045 0.597754
0.874527 0.629890 0.598595
0.879678 0.633518 0.599930
0.884728 0.637133 0.601748
0.889780 0.640784 0.603571
0.895195 0.644626 0.604733
0.900830 0.648593 0.605508
0.906538 0.652619 0.606143
0.911881 0.656455 0.606971
0.916959 0.660171 0.608114
0.922022 0.663919 0.609432
0.926944 0.667558 0.610347
0.932674 0.671730 0.611038
0.938035 0.675680 0.611677
0.943194 0.679509 0.612233
0.948440 0.683456 0.613065
0.953230 0.687117 0.613920
0.958012 0.690801 0.614785
0.962957 0.694594 0.615483
0.968431 0.698757 0.616005
0.973802 0.702859 0.616481
0.979416 0.707162 0.616950
