0.201158 -0.018057 0.003127
0.201916 -0.017663 0.008634
0.202898 -0.017265 0.014068
0.204336 -0.016909 0.019521
0.205383 -0.016390 0.024841
0.206284 -0.015734 0.030215
0.206920 -0.014961 0.035451
0.207485 -0.014032 0.040882
0.208319 -0.013133 0.046202
0.209297 -0.012160 0.051637
0.210177 -0.011102 0.057012
0.210950 -0.009945 0.062364
0.211889 -0.008866 0.067432
0.212885 -0.007778 0.072392
0.213919 -0.006664 0.077291
0.214975 -0.005509 0.082158
0.216045 -0.004315 0.086990
0.216638 -0.002868 0.091981
0.217646 -0.001493 0.096952
0.218668 -0.000102 0.101851
0.219419 0.001355 0.106613
0.220010 0.002888 0.111342
0.220801 0.004301 0.115840
0.221881 0.005631 0.120264
0.223427 0.006794 0.124560
0.224655 0.008056 0.128804
0.225757 0.009300 0.132888
0.226723 0.010649 0.137058
0.227097 0.012190 0.141220
0.227940 0.013599 0.145365
0.228752 0.015051 0.149544
0.229665 0.016416 0.153602
0.230546 0.017824 0.157707
0.231644 0.019068 0.161586
0.232544 0.020282 0.165254
0.233403 0.021558 0.169029
0.234188 0.022827 0.172739
0.234874 0.024082 0.176348
0.235488 0.025360 0.179961
0.236038 0.026726 0.183724
0.236773 0.027967 0.187390
0.237390 0.029348 0.191304
0.238114 0.030639 0.195115
0.238639 0.031994 0.198947
0.239301 0.033243 0.202639
0.240044 0.034420 0.206293
0.240927 0.035512 0.209865
0.241840 0.036611 0.213520
0.242925 0.037604 0.217061
0.243433 0.038978 0.221208
0.244019 0.040367 0.225511
0.244658 0.041752 0.229927
0.245375 0.043105 0.234405
0.246181 0.044411 0.238914
0.246826 0.045720 0.243320
0.247671 0.046895 0.247611
0.248732 0.048019 0.252074
0.249643 0.049197 0.256604
0.250912 0.050261 0.261288
0.252017 0.051410 0.266134
0.252933 0.052708 0.271366
0.253685 0.054086 0.276745
0.254867 0.055277 0.282111
0.256049 0.056477 0.287674
0.257035 0.057753 0.293195
0.258113 0.059003 0.299009
0.259541 0.060110 0.304810
0.260866 0.061254 0.310661
0.262261 0.062379 0.316600
0.263447 0.063617 0.322697
0.264723 0.064835 0.328896
0.266337 0.066054 0.335744
0.267833 0.067294 0.342463
0.269298 0.068585 0.349325
0.270933 0.069827 0.356228
0.272484 0.071105 0.363061
0.273962 0.072506 0.370226
0.275603 0.073935 0.377666
0.277409 0.075296 0.384951
0.279039 0.076777 0.392250
0.280708 0.078348 0.399764
0.282606 0.079904 0.407372
0.284674 0.081465 0.415022
0.286771 0.083112 0.422698
0.288752 0.084911 0.430529
0.290517 0.086946 0.438467
0.292519 0.088987 0.446398
0.294718 0.091062 0.454341
0.296903 0.093304 0.462383
0.299359 0.095644 0.470624
0.301776 0.098101 0.478710
0.304129 0.100796 0.486914
0.306667 0.103465 0.494802
0.309265 0.106368 0.502921
0.312055 0.109322 0.510873
0.314811 0.112497 0.518827
0.317660 0.115881 0.526839
0.320634 0.119341 0.534662
0.323777 0.123144 0.542793
0.326781 0.127186 0.550769
0.329977 0.131383 0.558674
0.333426 0.135725 0.566512
0.336889 0.140260 0.574212
0.340335 0.144903 0.581621
0.343970 0.149828 0.589088
0.347765 0.155017 0.596539
0.351934 0.160340 0.603914
0.356289 0.165943 0.611261
0.360383 0.171686 0.618224
0.364780 0.177399 0.624900
0.369163 0.183560 0.631611
0.373537 0.189869 0.638069
0.377736 0.196456 0.644332
0.382145 0.203177 0.650414
0.387256 0.210028 0.656472
0.392527 0.217288 0.662502
0.397765 0.224676 0.668241
0.403305 0.232438 0.673936
0.408964 0.239973 0.679173
0.413938 0.247367 0.683862
0.419300 0.255161 0.688556
0.424700 0.263085 0.693020
0.430322 0.270603 0.697067
0.435934 0.278768 0.701134
0.441500 0.287373 0.705109
0.447690 0.296180 0.708973
0.454301 0.305213 0.712690
0.460995 0.314312 0.716151
0.467842 0.323627 0.719418
0.474572 0.333284 0.722485
0.480305 0.341445 0.724827
0.486503 0.350256 0.727202
0.492553 0.359036 0.729352
0.498979 0.367940 0.731376
0.505519 0.377001 0.733260
0.512260 0.386702 0.735087
0.519164 0.396366 0.736751
0.525711 0.406285 0.738281
0.532767 0.416007 0.739640
0.539214 0.425900 0.740879
0.546142 0.434873 0.741898
0.552831 0.443827 0.742783
0.559490 0.452809 0.743608
0.565979 0.461421 0.744321
0.572828 0.470455 0.745015
0.578879 0.479095 0.745642
0.585011 0.488337 0.746334
0.591174 0.497693 0.746992
0.597224 0.506606 0.747595
0.602682 0.515785 0.748263
0.608706 0.524934 0.748886
0.613764 0.532986 0.749519
0.619820 0.540523 0.750027
0.625335 0.547589 0.750541
0.630526 0.554561 0.751099
0.636293 0.561103 0.751596
0.641470 0.567967 0.752198
0.645855 0.576193 0.753170
0.649792 0.583555 0.754114
0.653750 0.591067 0.755162
0.657462 0.598333 0.756311
0.661405 0.604770 0.757335
0.665903 0.609886 0.758083
0.669686 0.614808 0.758932
0.673557 0.619479 0.759778
0.677261 0.623368 0.760502
0.680847 0.627352 0.761309
0.684099 0.632001 0.762403
0.686302 0.637818 0.763923
0.689024 0.643057 0.765333
0.691505 0.647785 0.766659
0.693651 0.652758 0.768193
0.695509 0.657370 0.769713
0.698225 0.660010 0.770611
0.701305 0.662472 0.771421
0.704253 0.665092 0.772331
0.707169 0.667461 0.773190
0.710106 0.669654 0.774006
0.712209 0.672651 0.775176
0.712997 0.676805 0.776955
0.714540 0.680822 0.778744
0.715583 0.684814 0.780573
0.716275 0.688644 0.782408
0.717394 0.692719 0.784378
0.720021 0.694277 0.785178
0.722256 0.695901 0.786021
0.725124 0.697634 0.786936
0.727840 0.699208 0.787784
0.730977 0.701201 0.788875
0.731654 0.705172 0.791061
0.732226 0.709432 0.793409
0.732718 0.713894 0.795940
0.733491 0.718059 0.798345
0.733973 0.722312 0.800838
0.735352 0.726204 0.803176
0.738218 0.728213 0.804439
0.741155 0.730542 0.805908
0.744191 0.733089 0.807522
0.747274 0.735494 0.809053
0.750476 0.738203 0.810780
