0.295430
0.162377
-0.748738
0.203623
0.079585
0.390329
-0.729820
0.489320
-0.743143
0.439642
-0.025979
0.313833
-0.748149
-0.457661
-0.728810
-0.251558
0.194076
-0.732576
0.311837
0.496467
-0.728647
0.491901
0.432775
0.554181
-0.744278
-0.737500
0.329525
-0.724294
0.096905
-0.735039
-0.734045
-0.747450
-0.716729
-0.725903
0.436450
0.263332
0.357905
0.464208
-0.735097
0.350956
-0.726901
0.220802
-0.739911
0.438474
0.517820
-0.738446
-0.377099
0.517163
0.471382
-0.744335
-0.747402
-0.740655
0.186570
-0.003484
0.285183
-0.753180
-0.735668
-0.733776
0.632357
-0.755177
-0.223351
-0.739350
0.423816
0.521927
0.356860
0.160012
0.221088
-0.729767
0.228624
0.314799
0.023568
-0.063171
-0.736153
-0.750875
0.058664
0.510925
0.577127
0.271262
0.080117
-0.050953
-0.743784
0.387959
0.522472
0.143262
0.446770
-0.728109
0.385617
-0.143050
0.421820
-0.027422
0.142153
0.305670
0.404895
0.503399
-0.046425
0.323762
0.136884
0.113141
0.592149
0.513753
0.387054
-0.732952
0.341090
-0.146964
-0.736377
-0.738691
-0.742743
0.630376
-0.027664
0.462165
0.100815
0.218028
0.409431
0.531312
0.493198
-0.755958
0.454077
0.447031
-0.341533
0.295885
0.563256
-0.736295
-0.713224
-0.003455
0.194661
0.519092
-0.741040
-0.745791
-0.731345
-0.736722
-0.145913
0.264952
0.530238
-0.737133
0.303694
0.348044
0.333479
0.233419
0.141573
0.429495
0.527323
-0.058290
0.159622
0.443247
-0.741651
0.369611
0.570070
-0.732384
0.138120
0.328535
-0.746723
0.406747
0.562050
-0.756795
0.474065
-0.729474
0.515474
0.233022
0.515811
-0.752894
0.153545
0.009458
0.258926
0.497401
0.303338
0.207710
0.503722
0.116276
-0.728457
-0.739355
0.471683
0.414975
0.439320
0.388724
-0.002360
-0.745963
-0.723474
-0.726607
-0.126498
-0.752628
0.199430
-0.738951
0.538159
0.171144
0.509806
-0.715764
0.347258
0.163177
-0.728546
0.621966
0.287130
0.343664
0.430520
0.599191
-0.732266
0.444036
0.543960
0.323879
0.084103
0.298583
0.237244
0.459666
-0.033750
0.376405
0.489891
0.345716
0.418508
-0.741024
-0.744354
0.316397
0.465552
0.334252
0.362102
0.322860
0.383374
0.083303
0.001895
-0.736819
0.167960
-0.746199
0.030192
0.463552
0.304449
-0.733668
0.375991
-0.740078
0.381578
0.518960
0.404109
0.218365
0.390057
0.269799
-0.711304
-0.717405
-0.070353
-0.723160
0.486470
-0.724516
-0.742536
0.327762
0.229674
0.351658
-0.729716
-0.740963
0.213182
0.625057
0.480233
-0.747157
0.282493
0.109653
0.063767
-0.742175
0.442787
0.274552
-0.742104
0.252291
0.212657
-0.001536
0.488371
0.436744
-0.740733
0.548947
0.423713
0.284941
-0.741286
0.548519
-0.739418
0.302705
0.291811
0.116978
0.284529
-0.736418
0.234545
-0.736549
-0.742873
0.305051
-0.737528
-0.724937
-0.737213
-0.735666
0.536640
0.594104
0.295167
0.173397
-0.036235
-0.734980
0.042328
0.386451
-0.745929
0.351121
0.229324
0.376141
0.491924
-0.761817
0.448094
0.336262
0.294784
-0.740781
0.439076
0.372107
-0.739265
-0.021724
0.241269
-0.738996
0.411742
0.525877
0.318865
0.376815
0.401346
0.485530
-0.734181
0.401940
-0.741039
-0.726852
0.560368
-0.734876
0.273344
-0.733429
0.121596
0.041845
0.465512
0.504908
0.141841
0.430649
0.078904
-0.735607
-0.010296
-0.736313
0.233436
0.308410
0.124000
0.352210
0.306572
0.321620
0.447743
0.289463
0.202424
-0.736156
0.243935
0.378033
0.398685
-0.049624
0.344014
0.345145
0.593528
-0.735556
0.301666
0.475457
-0.768303
0.242350
-0.732872
0.180289
0.561278
0.542524
-0.724044
-0.363318
0.575971
0.139445
0.423753
-0.756170
0.476979
0.150738
0.544484
0.525508
0.459054
0.018978
0.552647
0.580377
0.322874
0.160866
0.547743
-0.736466
0.032655
-0.745651
-0.078786
0.013633
-0.736245
0.450658
0.435980
0.469788
-0.722255
-0.738026
0.582185
-0.748488
0.613518
0.337754
0.497272
0.496688
0.539277
0.159922
0.362016
0.194802
-0.734901
0.495861
0.460457
0.092104
-0.009179
-0.738193
0.594516
0.138318
-0.736248
0.279343
0.623968
-0.735661
-0.743936
0.092588
-0.733458
0.301744
-0.735049
0.115040
0.242446
-0.719402
0.288315
0.075564
0.076083
0.257868
0.227736
-0.746919
-0.739817
0.288616
-0.726048
0.127913
-0.084543
0.273867
0.245562
-0.759706
0.444181
0.261755
-0.733572
-0.267645
