0.221965 0.047844 -0.018436
0.222743 0.048453 -0.013912
0.223674 0.049058 -0.009424
0.224913 0.049629 -0.004917
0.225898 0.050310 -0.000483
0.226794 0.051092 0.003992
0.227520 0.051953 0.008392
0.228204 0.052929 0.012919
0.229077 0.053884 0.017391
0.230052 0.054892 0.021945
0.230969 0.055961 0.026475
0.231822 0.057103 0.031005
0.232792 0.058190 0.035378
0.233808 0.059286 0.039701
0.234857 0.060406 0.044002
0.235929 0.061560 0.048301
0.237017 0.062744 0.052595
0.237799 0.064123 0.057004
0.238865 0.065451 0.061424
0.239948 0.066797 0.065820
0.240857 0.068199 0.070151
0.241666 0.069663 0.074482
0.242617 0.071048 0.078694
0.243770 0.072380 0.082884
0.245247 0.073599 0.087021
0.246514 0.074895 0.091145
0.247708 0.076189 0.095193
0.248813 0.077562 0.099321
0.249523 0.079081 0.103465
0.250558 0.080508 0.107629
0.251575 0.081968 0.111842
0.252670 0.083374 0.116009
0.253746 0.084809 0.120233
0.254974 0.086131 0.124339
0.256069 0.087435 0.128330
0.257139 0.088781 0.132419
0.258161 0.090123 0.136493
0.259116 0.091453 0.140523
0.260022 0.092796 0.144584
0.260885 0.094197 0.148770
0.261879 0.095506 0.152923
0.262792 0.096906 0.157270
0.263776 0.098235 0.161573
0.264622 0.099603 0.165914
0.265558 0.100886 0.170179
0.266551 0.102110 0.174446
0.267637 0.103261 0.178674
0.268741 0.104405 0.182981
0.269958 0.105461 0.187223
0.270782 0.106781 0.191917
0.271656 0.108097 0.196738
0.272564 0.109397 0.201658
0.273523 0.110660 0.206639
0.274540 0.111876 0.211656
0.275439 0.113083 0.216611
0.276472 0.114180 0.221497
0.277654 0.115226 0.226517
0.278727 0.116298 0.231593
0.280049 0.117274 0.236791
0.281253 0.118299 0.242111
0.282325 0.119419 0.247716
0.283278 0.120585 0.253429
0.284529 0.121606 0.259134
0.285781 0.122622 0.264993
0.286887 0.123686 0.270803
0.288061 0.124721 0.276847
0.289479 0.125643 0.282873
0.290822 0.126588 0.288929
0.292213 0.127513 0.295045
0.293456 0.128516 0.301266
0.294761 0.129501 0.307555
0.296313 0.130481 0.314313
0.297779 0.131477 0.320964
0.299223 0.132511 0.327708
0.300790 0.133510 0.334471
0.302297 0.134540 0.341169
0.303756 0.135663 0.348093
0.305335 0.136811 0.355203
0.307034 0.137915 0.362187
0.308609 0.139117 0.369163
0.310217 0.140393 0.376276
0.311995 0.141666 0.383443
0.313899 0.142954 0.390625
0.315828 0.144318 0.397795
0.317684 0.145806 0.405075
0.319388 0.147485 0.412395
0.321270 0.149181 0.419692
0.323300 0.150918 0.426980
0.325329 0.152795 0.434314
0.327565 0.154760 0.441769
0.329779 0.156830 0.449088
0.331956 0.159096 0.456460
0.334272 0.161362 0.463577
0.336649 0.163819 0.470850
0.339172 0.166334 0.477969
0.341681 0.169034 0.485057
0.344271 0.171908 0.492155
0.346961 0.174861 0.499090
0.349789 0.178085 0.506209
0.352527 0.181509 0.513178
0.355418 0.185068 0.520065
0.358502 0.188754 0.526862
0.361618 0.192609 0.533543
0.364729 0.196568 0.539975
0.367993 0.200754 0.546408
0.371385 0.205154 0.552784
0.375067 0.209675 0.559077
0.378901 0.214423 0.565308
0.382561 0.219308 0.571238
0.386450 0.224196 0.576925
0.390345 0.229433 0.582588
0.394247 0.234808 0.588033
0.398027 0.240408 0.593288
0.401988 0.246146 0.598394
0.406470 0.251998 0.603440
0.411084 0.258171 0.608419
0.415685 0.264472 0.613152
0.420521 0.271072 0.617810
0.425454 0.277551 0.622114
0.429886 0.283966 0.625990
0.434622 0.290707 0.629828
0.439402 0.297591 0.633468
0.444343 0.304218 0.636780
0.449286 0.311341 0.640052
0.454193 0.318802 0.643209
0.459570 0.326457 0.646248
0.465259 0.334317 0.649140
0.471009 0.342267 0.651809
0.476872 0.350413 0.654297
0.482659 0.358858 0.656600
0.487704 0.366253 0.658380
0.493074 0.374134 0.660132
0.498344 0.382039 0.661690
0.503882 0.390069 0.663117
0.509497 0.398242 0.664405
0.515262 0.406922 0.665606
0.521123 0.415589 0.666657
0.526719 0.424457 0.667581
0.532670 0.433217 0.668347
0.538176 0.442109 0.669006
0.544000 0.450345 0.669489
0.549670 0.458616 0.669848
0.555296 0.466901 0.670145
0.560792 0.474926 0.670348
0.566537 0.483276 0.670506
0.571707 0.491332 0.670620
0.576920 0.499812 0.670760
0.582167 0.508408 0.670856
0.587331 0.516690 0.670911
0.592082 0.525162 0.671013
0.597250 0.533661 0.671059
0.601701 0.541300 0.671161
0.606866 0.548625 0.671158
0.611649 0.555603 0.671185
0.616209 0.562515 0.671258
0.621173 0.569142 0.671293
0.625753 0.576023 0.671418
0.629800 0.583872 0.671813
0.633532 0.591087 0.672231
0.637295 0.598429 0.672739
0.640880 0.605573 0.673352
0.644637 0.612150 0.673913
0.648776 0.617808 0.674323
0.652405 0.623286 0.674853
0.656100 0.628594 0.675416
0.659666 0.633329 0.675943
0.663162 0.638138 0.676562
0.666436 0.643411 0.677414
0.669042 0.649537 0.678592
0.672001 0.655259 0.679737
0.674802 0.660620 0.680872
0.677366 0.666126 0.682191
0.679723 0.671353 0.683545
0.682604 0.675137 0.684522
0.685752 0.678823 0.685478
0.688814 0.682614 0.686539
0.691845 0.686213 0.687605
0.694884 0.689675 0.688677
0.697382 0.693706 0.690030
0.698976 0.698497 0.691828
0.701064 0.703171 0.693660
0.702814 0.707814 0.695551
0.704307 0.712310 0.697473
0.706107 0.716991 0.699518
0.708861 0.719863 0.700791
0.711336 0.722754 0.702113
0.714236 0.725714 0.703505
0.717016 0.728536 0.704868
0.720077 0.731638 0.706413
0.721450 0.736045 0.708698
0.722774 0.740667 0.711116
0.724012 0.745381 0.713654
0.725421 0.749863 0.716111
0.726617 0.754378 0.718629
0.728386 0.758604 0.721036
0.731149 0.761536 0.722742
0.733948 0.764668 0.724584
0.736800 0.767929 0.726521
0.739667 0.771072 0.728401
0.742619 0.774422 0.730416
