0.283052 0.214237 -0.116216
0.284200 0.215938 -0.113498
0.285342 0.217694 -0.110761
0.286431 0.219507 -0.108018
0.287627 0.221344 -0.105253
0.288881 0.223198 -0.102488
0.290220 0.225085 -0.099702
0.291592 0.226972 -0.096932
0.292968 0.228931 -0.094153
0.294336 0.230909 -0.091384
0.295756 0.232919 -0.088610
0.297227 0.234954 -0.085836
0.298706 0.237065 -0.083034
0.300207 0.239222 -0.080225
0.301731 0.241419 -0.077415
0.303283 0.243650 -0.074610
0.304851 0.245908 -0.071808
0.306562 0.248160 -0.069039
0.308210 0.250461 -0.066278
0.309886 0.252799 -0.063521
0.311648 0.255166 -0.060762
0.313473 0.257554 -0.058016
0.315292 0.260015 -0.055257
0.317085 0.262534 -0.052504
0.318812 0.265130 -0.049751
0.320623 0.267734 -0.047008
0.322515 0.270399 -0.044268
0.324451 0.273063 -0.041555
0.326541 0.275720 -0.038863
0.328562 0.278440 -0.036185
0.330604 0.281171 -0.033529
0.332682 0.283978 -0.030879
0.334782 0.286796 -0.028251
0.336875 0.289700 -0.025610
0.339054 0.292660 -0.022961
0.341267 0.295633 -0.020341
0.343533 0.298647 -0.017731
0.345860 0.301708 -0.015123
0.348239 0.304801 -0.012529
0.350647 0.307890 -0.009967
0.353080 0.311072 -0.007404
0.355548 0.314227 -0.004883
0.358036 0.317449 -0.002355
0.360607 0.320695 0.000161
0.363185 0.324008 0.002693
0.365815 0.327404 0.005224
0.368446 0.330858 0.007768
0.371107 0.334344 0.010303
0.373767 0.337898 0.012859
0.376589 0.341366 0.015329
0.379411 0.344842 0.017789
0.382256 0.348346 0.020245
0.385121 0.351889 0.022705
0.388008 0.355481 0.025176
0.390992 0.359127 0.027671
0.393985 0.362859 0.030202
0.396955 0.366621 0.032735
0.400004 0.370403 0.035278
0.402994 0.374227 0.037834
0.406056 0.378050 0.040392
0.409176 0.381826 0.042927
0.412370 0.385600 0.045471
0.415481 0.389437 0.048061
0.418648 0.393306 0.050658
0.421864 0.397155 0.053297
0.425136 0.401059 0.055935
0.428323 0.404997 0.058626
0.431571 0.408948 0.061351
0.434829 0.412920 0.064111
0.438162 0.416871 0.066892
0.441495 0.420839 0.069711
0.444704 0.424738 0.072505
0.447988 0.428675 0.075362
0.451295 0.432604 0.078250
0.454579 0.436559 0.081189
0.457917 0.440538 0.084187
0.461265 0.444465 0.087194
0.464564 0.448369 0.090221
0.467852 0.452327 0.093324
0.471203 0.456276 0.096474
0.474539 0.460195 0.099649
0.477818 0.464124 0.102868
0.481059 0.468063 0.106134
0.484260 0.471963 0.109441
0.487567 0.475900 0.112782
0.490891 0.479755 0.116146
0.494158 0.483628 0.119560
0.497376 0.487512 0.123016
0.500595 0.491366 0.126498
0.503729 0.495196 0.129992
0.506888 0.499039 0.133543
0.510058 0.502838 0.137106
0.513164 0.506660 0.140736
0.516321 0.510504 0.144378
0.519398 0.514337 0.148060
0.522485 0.518144 0.151760
0.525545 0.521925 0.155467
0.528585 0.525729 0.159216
0.531566 0.529462 0.162921
0.534593 0.533184 0.166652
0.537577 0.536904 0.170395
0.540463 0.540589 0.174129
0.543436 0.544343 0.177914
0.546388 0.548085 0.181714
0.549293 0.551791 0.185487
0.552136 0.555450 0.189226
0.554919 0.559132 0.192969
0.557663 0.562788 0.196686
0.560524 0.566495 0.200462
0.563282 0.570207 0.204233
0.566047 0.573855 0.207954
0.568820 0.577507 0.211679
0.571598 0.581097 0.215364
0.574413 0.584760 0.219093
0.577030 0.588390 0.222742
0.579619 0.591969 0.226333
0.582220 0.595550 0.229923
0.584761 0.599088 0.233452
0.587276 0.602687 0.237024
0.589891 0.606289 0.240620
0.592465 0.609873 0.244176
0.595066 0.613482 0.247754
0.597564 0.617133 0.251343
0.600069 0.620687 0.254840
0.602544 0.624147 0.258233
0.604930 0.627624 0.261609
0.607231 0.631077 0.264937
0.609507 0.634526 0.268255
0.611749 0.637947 0.271541
0.614050 0.641351 0.274834
0.616429 0.644924 0.278314
0.618684 0.648373 0.281641
0.620982 0.651851 0.285024
0.623194 0.655312 0.288375
0.625368 0.658747 0.291702
0.627545 0.662121 0.294990
0.629630 0.665464 0.298228
0.631763 0.668755 0.301447
0.633771 0.672073 0.304676
0.635867 0.675345 0.307905
0.637772 0.678706 0.311180
0.639764 0.682118 0.314574
0.641693 0.685477 0.317910
0.643605 0.688867 0.321300
0.645440 0.692190 0.324622
0.647365 0.695531 0.328017
0.649228 0.698738 0.331267
0.651096 0.701941 0.334551
0.652931 0.705180 0.337889
0.654847 0.708344 0.341200
0.656665 0.711532 0.344541
0.658498 0.714760 0.347929
0.660136 0.718088 0.351401
0.661818 0.721448 0.354939
0.663522 0.724787 0.358483
0.665072 0.728172 0.362049
0.666748 0.731507 0.365623
0.668546 0.734552 0.368934
0.670362 0.737687 0.372358
0.672150 0.740765 0.375725
0.673903 0.743805 0.379042
0.675594 0.746985 0.382501
0.677145 0.750393 0.386170
0.678758 0.753758 0.389804
0.680320 0.757139 0.393436
0.681864 0.760625 0.397166
0.683411 0.764072 0.400846
0.684978 0.767338 0.404332
0.686801 0.770408 0.407685
0.688484 0.773557 0.411068
0.690223 0.776815 0.414561
0.691974 0.779967 0.417931
0.693758 0.783167 0.421333
0.695262 0.786678 0.424943
0.696719 0.790259 0.428585
0.698195 0.793806 0.432169
0.699663 0.797399 0.435763
0.701115 0.801028 0.439354
0.702793 0.804551 0.442865
0.704718 0.807810 0.446155
0.706438 0.811053 0.449358
0.708304 0.814357 0.452613
0.710242 0.817707 0.455886
0.712143 0.821070 0.459128
0.713647 0.824910 0.462669
0.715241 0.828761 0.466199
0.716714 0.832616 0.469668
0.718226 0.836532 0.473157
0.719668 0.840392 0.476548
0.721617 0.843825 0.479646
0.723699 0.847332 0.482787
0.725764 0.850774 0.485844
0.727778 0.854307 0.488934
0.729867 0.857853 0.492013
0.731725 0.861450 0.495071
0.733313 0.865529 0.498422
0.734904 0.869574 0.501715
0.736491 0.873607 0.504967
0.738080 0.877700 0.508236
0.739712 0.881820 0.511495
