1.343704
1.176304
0.472963
1.225836
1.082838
1.477466
0.481996
1.631206
0.475617
1.552152
0.974355
1.368661
0.473242
0.632762
0.482483
0.777589
1.214188
0.480669
1.365933
1.642907
0.482561
1.635422
1.541529
1.740515
0.475077
0.478308
1.390308
0.484666
1.101756
0.479487
0.479963
0.473573
0.488347
0.483887
1.547204
1.301259
1.430330
1.590754
0.479459
1.420425
0.483405
1.247077
0.477156
1.550340
1.678364
0.477856
0.685848
1.677263
1.602206
0.475050
0.473595
0.476801
1.205109
0.996522
1.330006
0.470867
0.479185
0.480093
1.882042
0.469927
0.799834
0.477424
1.527780
1.685272
1.428836
1.173525
1.247433
0.482021
1.256869
1.369983
1.023848
0.938783
0.478953
0.471953
1.060419
1.666832
1.780914
1.311618
1.083414
0.950323
0.475312
1.473970
1.686191
1.154032
1.563254
0.482821
1.470521
0.866711
1.524734
0.972950
1.152753
1.357535
1.499145
1.654334
0.954636
1.382319
1.146695
1.119789
1.807869
1.671553
1.472636
0.480488
1.406480
0.863325
0.478846
0.477739
0.475807
1.878316
0.972715
1.587507
1.106072
1.243622
1.505961
1.701164
1.637545
0.469560
1.574719
1.563662
0.710680
1.344316
1.756381
0.478885
0.490062
0.996551
1.214899
1.680502
0.476618
0.474359
0.481261
0.478680
0.864233
1.303369
1.699337
0.478484
1.354854
1.416295
1.395816
1.262911
1.152085
1.536481
1.694390
0.943376
1.173067
1.557758
0.476327
1.447172
1.768391
0.480762
1.148113
1.388931
0.473917
1.501924
1.754265
0.469168
1.606511
0.482162
1.674432
1.262409
1.674996
0.471001
1.165960
1.009503
1.295538
1.644442
1.354373
1.230856
1.654869
1.123306
0.482653
0.477422
1.602690
1.514334
1.551652
1.475097
0.997643
0.474277
0.485064
0.483547
0.881176
0.471127
1.220706
0.477615
1.712851
1.186662
1.664969
0.488818
1.415182
1.177245
0.482610
1.862587
1.332598
1.410104
1.538058
1.820645
0.480818
1.558987
1.722815
1.382480
1.087740
1.347947
1.267751
1.583545
0.966813
1.457037
1.632138
1.413001
1.519693
0.476626
0.475041
1.372174
1.592893
1.396895
1.436346
1.381072
1.467226
1.086871
1.001897
0.478634
1.182890
0.474165
1.030653
1.589711
1.355878
0.480144
1.456434
0.477076
1.464595
1.680279
1.497967
1.244041
1.477065
1.309701
0.491004
0.488017
0.932065
0.485216
1.626565
0.484559
0.475905
1.387858
1.258190
1.421422
0.482046
0.476655
1.237610
1.868352
1.616451
0.473711
1.326432
1.115891
1.065844
0.476077
1.557041
1.315941
0.476111
1.286970
1.236960
0.998466
1.629659
1.547660
0.476764
1.731429
1.527624
1.329684
0.476501
1.730689
0.477392
1.353514
1.338850
1.124094
1.329136
0.478826
1.264334
0.478763
0.475745
1.356695
0.478295
0.484355
0.478446
0.479186
1.710250
1.811408
1.343351
1.189338
0.964414
0.479515
1.043236
1.471749
0.474294
1.420660
1.257750
1.456652
1.635459
0.466818
1.565326
1.399706
1.342836
0.476741
1.551274
1.450788
0.477465
0.978511
1.272863
0.477593
1.509444
1.691942
1.375566
1.457635
1.493834
1.625036
0.479898
1.494721
0.476618
0.483428
1.751317
0.479565
1.314353
0.480259
1.129297
1.042733
1.592829
1.656833
1.152394
1.538256
1.082100
0.479214
0.989757
0.478876
1.262931
1.361259
1.132016
1.422207
1.358759
1.379360
1.564777
1.335710
1.224367
0.478952
1.276262
1.459412
1.489864
0.951587
1.410599
1.412195
1.810364
0.479239
1.352109
1.608750
0.463800
1.274240
0.480527
1.197563
1.752910
1.720343
0.484788
0.695365
1.778857
1.149636
1.527684
0.469461
1.611200
1.162692
1.723718
1.691319
1.582576
1.019159
1.737847
1.786711
1.381091
1.174528
1.729346
0.478803
1.033194
0.474425
0.924237
1.013726
0.478909
1.569344
1.546477
1.599654
0.485656
0.478057
1.789945
0.473081
1.846918
1.401796
1.644229
1.643270
1.714766
1.173420
1.436222
1.215070
0.479553
1.641911
1.584798
1.096478
0.990863
0.477977
1.812153
1.148341
0.478907
1.322261
1.866319
0.479189
0.475240
1.097009
0.480246
1.352215
0.479482
1.121918
1.274363
0.487043
1.334177
1.078492
1.079052
1.294168
1.255754
0.473824
0.477201
1.334579
0.483817
1.136454
0.918932
1.315041
1.278339
0.467804
1.559213
1.299208
0.480191
0.765179
