49.833884
50.060849
50.287814
50.514780
50.741745
50.968711
51.195676
51.422641
51.649607
51.876572
52.103537
52.330503
52.557468
52.784433
53.011399
53.238364
53.465329
53.692295
53.919260
54.146226
54.373191
54.600156
54.827122
55.054087
55.281052
55.508018
55.734983
55.961948
56.188914
56.415879
56.642844
56.869810
57.096775
57.323741
57.550706
57.777671
58.004637
58.231602
58.458567
58.685533
58.912498
59.139463
59.366429
59.593394
59.820360
60.047325
60.274290
60.501256
60.728221
60.955186
61.182152
61.409117
61.636082
61.863048
62.090013
62.316978
62.543944
62.770909
62.997875
63.224840
63.451805
63.678771
63.905736
64.132701
64.359667
64.586632
64.813597
65.040563
65.267528
65.494493
65.721459
65.948424
66.175390
66.402355
66.629320
66.856286
67.083251
67.310216
67.537182
67.764147
67.991112
68.218078
68.445043
68.672008
68.898974
69.125939
69.352905
69.579870
69.806835
70.033801
70.260766
70.487731
70.714697
70.941662
71.168627
71.395593
71.622558
71.849523
72.076489
72.303454
72.530420
72.757385
72.984350
73.211316
73.438281
73.665246
73.892212
74.119177
74.346142
74.573108
74.800073
75.027038
75.254004
75.480969
75.707935
75.934900
76.161865
76.388831
76.615796
76.842761
77.069727
77.296692
77.523657
77.750623
77.977588
78.204554
78.431519
78.658484
78.885450
79.112415
79.339380
79.566346
79.793311
80.020276
80.247242
80.474207
80.701172
80.928138
81.155103
81.382069
81.609034
81.835999
82.062965
82.289930
82.516895
82.743861
82.970826
83.197791
83.424757
83.651722
83.878687
84.105653
84.332618
84.559584
84.786549
85.013514
85.240480
85.467445
85.694410
85.921376
86.148341
86.375306
86.602272
86.829237
87.056202
87.283168
87.510133
87.737099
87.964064
88.191029
88.417995
88.644960
88.871925
89.098891
89.325856
89.552821
89.779787
90.006752
90.233717
90.460683
90.687648
90.914614
91.141579
91.368544
91.595510
91.822475
92.049440
92.276406
92.503371
92.730336
92.957302
93.184267
93.411232
93.638198
93.865163
94.092129
94.319094
94.546059
94.773025
94.999990
