0.284795 0.110903 0.304720
0.293024 0.117050 0.343786
0.302564 0.123896 0.385087
0.313919 0.133134 0.429616
0.343398 0.163962 0.519203
0.386652 0.219855 0.599878
0.357172 0.295159 0.068068
0.370169 0.310891 0.085754
0.411539 0.359673 0.141033
0.428057 0.378752 0.163597
0.441457 0.394238 0.182372
0.657554 0.745495 0.120522
0.665558 0.758867 0.135989
0.672994 0.772038 0.151242
0.676418 0.778628 0.158877
0.679491 0.785346 0.166567
0.609124 0.682099 0.027479
0.640605 0.724447 0.074926
0.650131 0.738642 0.091063
0.661121 0.756597 0.111269
0.673722 0.778324 0.135928
0.484974 0.568591 -0.150898
0.501639 0.588587 -0.140819
0.519753 0.610363 -0.128395
0.537245 0.630744 -0.115186
0.555902 0.653682 -0.098635
0.588868 0.694369 -0.064763
0.619742 0.735748 -0.026535
0.408561 0.402733 -0.026134
0.452525 0.456905 0.000098
0.495262 0.507398 0.030113
0.519479 0.535589 0.051013
0.541011 0.561081 0.072885
0.669406 0.838925 0.013860
0.673992 0.847910 0.020846
0.677525 0.855513 0.026553
0.687455 0.880562 0.045351
0.691256 0.889709 0.052350
0.693860 0.899614 0.059721
0.473948 0.315813 0.848932
0.534501 0.396520 0.878334
0.597553 0.473649 0.907588
0.650728 0.530593 0.936452
0.696443 0.577674 0.968007
0.471205 0.554168 -0.161914
0.479478 0.563720 -0.157644
0.487922 0.573957 -0.152880
0.495753 0.583503 -0.148153
0.513936 0.605751 -0.136040
0.522703 0.615497 -0.130160
0.530772 0.625071 -0.124101
0.546613 0.413920 0.868410
0.605839 0.484303 0.892777
0.652928 0.537220 0.916280
0.694195 0.583621 0.942984
0.723020 0.611238 0.964657
0.553161 0.653903 -0.107110
0.569302 0.674597 -0.091202
0.582944 0.691328 -0.077238
0.597143 0.710344 -0.060755
0.621688 0.743445 -0.030506
0.645531 0.778006 0.001478
0.563232 0.685161 -0.122313
0.582863 0.712064 -0.102814
0.602115 0.740015 -0.081510
0.619941 0.765359 -0.061406
0.640253 0.796293 -0.036950
0.665827 0.840773 -0.003126
0.676867 0.864893 0.014255
0.687176 0.892334 0.033869
0.567171 0.576193 0.203040
0.571741 0.582421 0.209382
0.577184 0.589740 0.216861
0.582937 0.597554 0.224791
0.588991 0.605898 0.233205
0.598881 0.619832 0.247166
0.341469 0.276248 0.043880
0.344288 0.279775 0.047951
0.346344 0.282318 0.050871
0.354560 0.292511 0.062409
0.361595 0.301124 0.072026
0.368318 0.309270 0.081052
0.382846 0.326680 0.100261
0.398659 0.345355 0.121025
0.406133 0.354075 0.130869
0.398964 0.322141 0.222839
0.401450 0.324730 0.227923
0.404265 0.327697 0.233742
0.409539 0.333250 0.244632
0.414917 0.338881 0.255635
0.425539 0.350252 0.277309
0.524972 0.603492 -0.101907
0.532105 0.611237 -0.096648
0.537326 0.617172 -0.092478
0.549471 0.631186 -0.082058
0.562073 0.646337 -0.069930
0.619865 0.718352 -0.001266
0.336929 0.248788 0.118802
0.342555 0.255093 0.130652
0.346922 0.260105 0.140179
0.358218 0.272502 0.164702
0.369878 0.284880 0.190485
0.632959 0.687668 0.167312
0.635068 0.690767 0.170977
0.637131 0.693877 0.174649
0.641485 0.700783 0.182736
0.645576 0.707253 0.190340
0.305589 0.187277 0.141999
0.309241 0.191881 0.154647
0.315623 0.198834 0.175610
0.324025 0.207048 0.203301
0.334050 0.215967 0.237265
0.344771 0.224989 0.274973
0.412289 0.290516 0.463020
0.624629 0.656598 0.297841
0.631746 0.667979 0.308671
0.639114 0.680386 0.320641
0.652895 0.704238 0.344363
0.665580 0.728025 0.368939
0.678504 0.752712 0.395158
0.658005 0.785121 0.038701
0.659843 0.788014 0.041452
0.662718 0.793021 0.046247
0.667171 0.800773 0.053680
0.671763 0.808773 0.061285
0.675837 0.815883 0.068018
0.414845 0.232790 0.780800
0.438683 0.269416 0.799501
0.469252 0.312115 0.817464
0.529590 0.394877 0.844252
0.589515 0.468560 0.865393
0.515274 0.545364 -0.002138
0.526397 0.558186 0.007275
0.537425 0.570551 0.017154
0.582250 0.623644 0.067576
0.600067 0.647071 0.092963
0.540411 0.431679 0.718842
0.564321 0.465956 0.721385
0.587438 0.499390 0.722942
0.628632 0.560547 0.725534
0.661430 0.611444 0.730273
0.686765 0.656892 0.739517
0.517854 0.477720 0.342500
0.524516 0.486806 0.349747
0.531907 0.497042 0.357288
0.537864 0.505391 0.362999
0.551613 0.525198 0.375212
0.437806 0.371424 0.264572
0.440790 0.374760 0.269998
0.444198 0.378613 0.276161
0.449899 0.385097 0.286275
0.455198 0.391181 0.295424
0.461299 0.398330 0.305676
0.470051 0.408847 0.319726
0.473133 0.412620 0.324471
0.453353 0.499551 -0.105315
0.463726 0.512115 -0.100171
0.475865 0.526673 -0.093672
0.498301 0.552413 -0.080495
0.522808 0.580602 -0.063160
0.546350 0.606790 -0.043743
0.600317 0.538457 0.667158
0.606012 0.547476 0.667213
0.610900 0.554586 0.667223
0.620830 0.570273 0.667472
0.630141 0.585689 0.668005
0.661180 0.638432 0.672786
0.563116 0.612930 0.005642
0.570762 0.621955 0.014215
0.578378 0.630940 0.023138
0.592733 0.648268 0.041240
0.605973 0.665280 0.059831
0.618546 0.681726 0.078491
0.458946 0.409796 0.231044
0.461764 0.413095 0.235365
0.465011 0.416914 0.240333
0.470924 0.423918 0.249320
0.477255 0.431501 0.258827
0.483511 0.439087 0.268060
0.495802 0.454290 0.285573
0.510465 0.507116 0.118681
0.513565 0.510819 0.122059
0.517179 0.515315 0.126215
0.523895 0.523594 0.133966
0.530541 0.531738 0.141816
0.536870 0.539648 0.149576
0.553994 0.518715 0.435857
0.556959 0.523349 0.437454
0.561167 0.529867 0.439659
0.568609 0.541564 0.443420
0.582812 0.564334 0.450355
0.512367 0.367697 0.860813
0.520563 0.379865 0.864874
0.531372 0.393354 0.869425
0.549943 0.416998 0.877370
0.568183 0.439674 0.885210
0.586512 0.461765 0.893290
0.624791 0.503636 0.911026
0.657513 0.700455 0.448666
0.659748 0.704499 0.451459
0.662046 0.708672 0.454374
0.666429 0.716676 0.460056
0.671003 0.725093 0.466149
0.675896 0.734154 0.472829
0.617374 0.494180 1.008908
0.653164 0.526275 1.051043
0.677357 0.544656 1.081040
0.716783 0.573531 1.134001
0.768798 0.597262 1.197309
0.309285 0.196245 0.133974
0.313364 0.200950 0.146245
0.318064 0.205978 0.160159
0.326965 0.215284 0.187808
0.336662 0.224787 0.219189
0.347348 0.234149 0.253761
0.453341 0.294393 0.770228
0.473047 0.321798 0.780374
0.500533 0.361284 0.792271
0.548706 0.425483 0.806834
0.596605 0.485200 0.818150
0.638430 0.540596 0.829673
0.609711 0.537145 0.706789
0.630536 0.570158 0.708009
0.643186 0.593217 0.709703
0.670043 0.634893 0.714691
0.688734 0.667181 0.722088
0.721305 0.714459 0.740388
0.572774 0.690505 -0.103783
0.576184 0.694804 -0.100444
0.580159 0.699889 -0.096457
0.586647 0.709139 -0.089216
0.592539 0.717733 -0.082396
0.598999 0.726939 -0.074893
0.552477 0.554133 0.201012
0.561271 0.565841 0.212846
0.569727 0.577066 0.224151
0.586458 0.599799 0.246662
0.602208 0.622328 0.268297
0.630712 0.666104 0.309545
0.650716 0.700155 0.342657
0.450716 0.305854 0.680244
0.457308 0.315006 0.683874
0.463625 0.323667 0.687048
0.476492 0.341887 0.692815
0.489032 0.359928 0.697491
0.502684 0.380682 0.701796
0.544340 0.440166 0.709264
0.560649 0.462465 0.710618
0.397166 0.424088 -0.125159
0.404572 0.434088 -0.121626
0.411959 0.444615 -0.118021
0.428858 0.466289 -0.110500
0.447677 0.489971 -0.101798
0.466302 0.512385 -0.092572
0.543882 0.600738 -0.039565
0.564835 0.625103 -0.018823
0.660000 0.767054 0.078666
0.661663 0.769954 0.081713
0.664360 0.774540 0.086648
0.668782 0.781142 0.093818
0.672683 0.788101 0.101190
0.678629 0.781533 0.174957
0.690328 0.805805 0.204196
0.699413 0.827139 0.230221
0.706670 0.850782 0.258386
0.716215 0.869941 0.282034
0.746836 0.942304 0.358631
0.524721 0.411925 0.706170
0.549273 0.447150 0.709445
0.579517 0.490846 0.711517
0.616227 0.544937 0.713004
0.647343 0.599046 0.716655
0.674718 0.639270 0.722092
0.728011 0.724091 0.752860
0.742293 0.754958 0.770651
0.486167 0.463335 0.162162
0.489152 0.466979 0.165806
0.492377 0.470887 0.169743
0.498583 0.478465 0.177436
0.505035 0.486367 0.185529
0.510837 0.493542 0.192907
0.522966 0.508677 0.208493
0.529808 0.517274 0.217304
0.580283 0.696963 -0.092416
0.584967 0.703395 -0.087268
0.590274 0.710704 -0.081326
0.600487 0.725960 -0.068793
0.609113 0.736887 -0.059289
0.390439 0.374179 -0.020914
0.404596 0.391927 -0.011679
0.416641 0.407448 -0.003798
0.444084 0.440672 0.013572
0.467664 0.469048 0.029896
0.239321 -0.028169 0.447199
0.246976 -0.018247 0.474966
0.257884 -0.002471 0.516710
0.282373 0.030167 0.590849
0.313516 0.075430 0.665622
0.356173 0.140802 0.738744
0.518036 0.377765 0.865317
0.568165 0.439927 0.886652
0.628915 0.509936 0.915407
0.320075 0.114916 0.548101
0.322823 0.118750 0.555607
0.326701 0.123890 0.565190
0.334073 0.133863 0.582224
0.342049 0.144069 0.598070
0.352333 0.157891 0.616866
0.653107 0.818509 -0.021106
0.655711 0.823389 -0.017487
0.658775 0.827848 -0.014101
0.663530 0.836919 -0.007391
0.667004 0.844200 -0.002035
0.675024 0.860952 0.010043
0.603024 0.674439 0.018694
0.606617 0.679165 0.023754
0.609346 0.682748 0.027639
0.619535 0.695882 0.042182
0.301928 0.164762 0.214244
0.304963 0.167681 0.227252
0.310035 0.171912 0.248128
0.317436 0.177485 0.278720
0.325312 0.183330 0.312143
0.334171 0.189597 0.347436
0.343899 0.197040 0.383616
0.364311 0.216025 0.447885
0.377214 0.230263 0.479966
0.393299 0.249717 0.512042
0.339119 0.297040 -0.035987
0.350274 0.311811 -0.023986
0.355586 0.318754 -0.018708
0.370654 0.338141 -0.004946
0.400088 0.375540 0.018902
0.531517 0.436319 0.649084
0.548543 0.462007 0.650523
0.562009 0.482577 0.651105
0.593444 0.532250 0.651374
0.619886 0.575895 0.651897
0.642332 0.616049 0.654295
0.662812 0.648008 0.658166
0.457795 0.325825 0.635534
0.464780 0.335669 0.639265
0.468531 0.341175 0.641103
0.509470 0.400904 0.654995
0.535023 0.438774 0.658955
0.559283 0.475251 0.660635
0.253884 0.016191 0.420503
0.256313 0.018533 0.429200
0.258803 0.020948 0.438011
0.263295 0.026200 0.455949
0.274055 0.038698 0.495325
0.289665 0.057051 0.543808
0.297013 0.066437 0.564614
0.305502 0.077931 0.587221
0.496296 0.502326 0.053063
0.500662 0.507630 0.056975
0.504016 0.511594 0.059988
0.511434 0.520346 0.066865
0.519186 0.529370 0.074306
0.525692 0.537150 0.080972
0.508075 0.413571 0.588926
0.528197 0.444913 0.593290
0.548056 0.476288 0.595663
0.585920 0.537208 0.597467
0.619928 0.594107 0.599531
0.650145 0.644694 0.605099
0.330722 0.129749 0.571180
0.338095 0.139429 0.587097
0.347839 0.152762 0.606350
0.355513 0.163407 0.619975
0.363850 0.173894 0.632453
0.404868 0.426922 -0.101231
0.409466 0.431985 -0.099365
0.414831 0.439840 -0.096555
0.425744 0.453270 -0.091707
0.437840 0.468583 -0.086023
0.449908 0.483672 -0.080113
0.484269 0.524453 -0.061482
0.499882 0.485263 0.151883
0.503210 0.489308 0.155807
0.506708 0.493619 0.160014
0.513286 0.501694 0.167998
0.519273 0.509084 0.175395
0.525297 0.516652 0.183008
0.543010 0.592105 -0.021600
0.553562 0.604362 -0.011348
0.566034 0.618869 0.001758
0.587129 0.643870 0.026621
0.606482 0.667944 0.052678
0.623833 0.690967 0.078766
0.653482 0.734591 0.129329
0.646670 0.551451 0.827504
0.666345 0.579768 0.834894
0.684473 0.598171 0.840792
0.707307 0.631334 0.853982
0.723660 0.650734 0.864480
0.733825 0.662651 0.872421
0.517564 0.556459 -0.024093
0.525890 0.566065 -0.017274
0.538975 0.580642 -0.006006
0.560474 0.605458 0.015533
0.580519 0.629180 0.038845
0.599735 0.653142 0.064518
0.631805 0.696323 0.113910
0.646038 0.717370 0.138619
0.658683 0.737643 0.162700
0.669578 0.756176 0.185029
0.608822 0.697548 -0.005853
0.623147 0.716632 0.014137
0.637023 0.735968 0.034724
0.649376 0.753511 0.053564
0.660545 0.771408 0.072436
0.691895 0.833839 0.137154
0.699848 0.850745 0.154968
0.371014 0.341571 -0.012439
0.380310 0.353723 -0.004737
0.387673 0.362687 0.000757
0.406556 0.386455 0.014746
0.423184 0.406912 0.026662
0.441354 0.428943 0.039840
0.346451 0.283380 0.047916
0.348570 0.286043 0.050896
0.351464 0.289629 0.054891
0.356660 0.296051 0.061976
0.362684 0.303400 0.070010
0.390001 0.336219 0.105465
0.377892 0.348872 -0.002855
0.385109 0.358310 0.003066
0.394408 0.369971 0.010209
0.410606 0.389856 0.022114
0.429467 0.413207 0.036119
0.447239 0.434688 0.049520
0.470414 0.462153 0.068168
0.485216 0.479735 0.081256
0.505852 0.504260 0.101285
0.523232 0.525302 0.120117
0.540258 0.546292 0.140270
0.420580 0.455169 -0.114279
0.430129 0.467457 -0.109987
0.440191 0.480622 -0.105232
0.461911 0.507002 -0.094798
0.484586 0.533907 -0.082361
0.506586 0.558992 -0.068524
0.571506 0.632822 -0.011523
0.260361 0.013173 0.479984
0.264955 0.019159 0.497259
0.271771 0.027063 0.519173
0.285516 0.044240 0.560771
0.302647 0.067718 0.606648
0.322340 0.095911 0.650371
0.413152 0.231327 0.771911
0.451362 0.288170 0.799899
0.289609 0.194576 0.002239
0.292159 0.197858 0.008070
0.296194 0.202890 0.016881
0.303252 0.211906 0.032127
0.310314 0.220842 0.046866
0.317878 0.230281 0.062233
0.325537 0.239664 0.077463
0.333630 0.249496 0.093478
0.342011 0.259459 0.109946
0.350803 0.269599 0.127105
0.359828 0.279752 0.144768
0.539232 0.538500 0.175678
0.542756 0.542936 0.180174
0.547109 0.548420 0.185755
0.556113 0.560184 0.197706
0.569753 0.578270 0.216085
0.526115 0.508515 0.236696
0.529134 0.512458 0.240666
0.532281 0.516535 0.244752
0.538470 0.524634 0.252738
0.550554 0.540682 0.268034
0.446179 0.493178 -0.113734
0.455917 0.504853 -0.109194
0.464372 0.515062 -0.104967
0.482173 0.536345 -0.095273
0.498994 0.555546 -0.085227
0.516517 0.575431 -0.073329
0.553887 0.617780 -0.042085
0.585485 0.654820 -0.007912
0.549176 0.567308 0.098596
0.563458 0.584901 0.116214
0.571856 0.595604 0.127300
0.593673 0.624319 0.158265
0.610070 0.646825 0.183188
0.626713 0.670607 0.209925
0.658489 0.651936 0.629583
0.671260 0.673202 0.634091
0.681572 0.693219 0.639844
0.700367 0.726689 0.652751
0.720263 0.757385 0.668133
0.735083 0.789015 0.686425
0.270455 0.149831 0.020716
0.273951 0.154472 0.031348
0.278256 0.159285 0.042533
0.286475 0.169747 0.065628
0.294708 0.179936 0.088290
0.303248 0.190404 0.112373
0.325345 0.215270 0.177785
0.344898 0.233706 0.238896
0.360004 0.230067 0.356794
0.364656 0.234184 0.372331
0.369254 0.238343 0.386747
0.380335 0.248958 0.417987
0.392871 0.262473 0.448364
0.405736 0.277745 0.474299
0.447424 0.331854 0.529396
0.468252 0.360613 0.545794
0.488431 0.389981 0.557095
0.516282 0.601558 -0.122738
0.524419 0.610852 -0.116948
0.532140 0.620096 -0.110910
0.549108 0.639781 -0.096865
0.562811 0.656417 -0.083905
0.592164 0.692604 -0.052318
0.607776 0.713682 -0.032514
0.622757 0.733337 -0.013222
0.330488 0.196556 0.293850
0.332105 0.197642 0.299859
0.333616 0.198750 0.305778
0.337361 0.201576 0.320572
0.340796 0.204054 0.333478
0.344875 0.207109 0.348584
0.353171 0.213887 0.378348
0.357050 0.217187 0.391207
0.361567 0.221241 0.405508
0.418797 0.257429 0.671961
0.434541 0.279867 0.684375
0.459295 0.315013 0.699513
0.539055 0.428903 0.723959
0.665039 0.618052 0.737976
0.685546 0.651033 0.744786
0.701303 0.676729 0.752879
0.411140 0.335090 0.247005
0.421570 0.346220 0.268409
0.429676 0.354971 0.284686
0.450896 0.378746 0.324533
0.472810 0.405257 0.359498
0.495647 0.434916 0.388056
0.522915 0.472931 0.413120
0.512338 0.608706 -0.145628
0.521255 0.619307 -0.139469
0.529952 0.629763 -0.133023
0.548423 0.652722 -0.117689
0.566619 0.675729 -0.100663
0.580843 0.644764 -0.002815
0.591157 0.656639 0.009358
0.601627 0.669988 0.023404
0.620839 0.694841 0.050839
0.651885 0.739415 0.101428
0.249029 0.013610 0.391762
0.250997 0.015511 0.399092
0.252944 0.017540 0.406739
0.257312 0.022179 0.423993
0.266723 0.032525 0.460539
0.202332 -0.110097 0.355967
0.206832 -0.099598 0.372938
0.211620 -0.090021 0.390268
0.223694 -0.068247 0.434673
0.238021 -0.043112 0.492439
0.716333 0.841779 0.427251
0.719157 0.847829 0.433345
0.722906 0.855431 0.440836
0.728841 0.868926 0.453463
0.742491 0.896182 0.477589
0.482783 0.332850 0.807240
0.508989 0.368232 0.818039
0.535157 0.403279 0.827296
0.589609 0.470847 0.843767
0.636971 0.529347 0.859841
0.676012 0.581711 0.878494
0.724962 0.630593 0.905808
0.738342 0.637840 0.912806
0.745288 0.643387 0.918273
0.371786 0.384118 -0.129875
0.377831 0.392490 -0.126242
0.381352 0.397873 -0.124039
0.391668 0.412659 -0.118296
0.414134 0.443012 -0.107427
0.427484 0.459889 -0.101463
0.292096 0.164523 0.130131
0.295729 0.168866 0.142462
0.299157 0.172839 0.154309
0.306053 0.180102 0.178061
0.321941 0.195283 0.237413
0.335740 0.206392 0.290528
0.353874 0.220056 0.356282
0.354918 0.206712 0.421777
0.363630 0.215192 0.446936
0.370583 0.222518 0.464905
0.388153 0.243242 0.503365
0.432160 0.300699 0.564069
0.479270 0.367082 0.596426
0.512527 0.417049 0.607489
0.553127 0.491992 0.563246
0.566951 0.514352 0.564695
0.583222 0.540575 0.565982
0.609859 0.585362 0.568788
0.654417 0.661675 0.580193
0.368932 0.159510 0.759206
0.398250 0.204625 0.791673
0.427704 0.249387 0.817252
0.488757 0.336348 0.855104
0.615243 0.493261 0.914056
0.459402 0.390712 0.329500
0.465864 0.398550 0.339933
0.472636 0.406909 0.350145
0.486205 0.424041 0.368426
0.512545 0.459608 0.396847
0.542651 0.503189 0.420016
0.559668 0.529047 0.430212
0.572387 0.549057 0.437171
0.531253 0.626196 -0.124584
0.543439 0.640845 -0.114688
0.552522 0.652129 -0.106592
0.573805 0.679001 -0.085607
0.610788 0.728402 -0.042298
0.646287 0.778107 0.004131
0.659108 0.799514 0.023294
0.560795 0.674373 -0.114433
0.569108 0.685086 -0.106468
0.578388 0.697114 -0.097187
0.593620 0.718359 -0.080256
0.632566 0.773924 -0.033430
0.668044 0.832560 0.014830
0.481738 0.405759 0.427181
0.490071 0.417213 0.435310
0.499411 0.430316 0.443276
0.517920 0.456976 0.456069
0.537357 0.486126 0.466268
0.575375 0.546417 0.480899
0.615883 0.613746 0.495780
0.631440 0.584648 0.678519
0.645875 0.611012 0.680457
0.661000 0.635807 0.683275
0.684363 0.674498 0.691254
0.720518 0.734436 0.715281
0.603262 0.549907 0.647061
0.619400 0.575469 0.647392
0.636194 0.603999 0.648690
0.660870 0.649382 0.654130
0.728917 0.762502 0.696705
0.740948 0.783890 0.709265
0.397279 0.206858 0.762899
0.423583 0.246882 0.786426
0.445619 0.279031 0.801937
0.498719 0.352708 0.829583
0.605661 0.486899 0.868495
0.504402 0.440937 0.428765
0.507973 0.445935 0.431598
0.512101 0.451783 0.434699
0.519581 0.462705 0.439983
0.535532 0.486318 0.449502
0.412576 0.442861 -0.112441
0.421805 0.455240 -0.108139
0.432850 0.469032 -0.103230
0.455134 0.496689 -0.092648
0.476242 0.521894 -0.081542
0.523508 0.575889 -0.050370
0.559486 0.616396 -0.018369
0.597142 0.661105 0.025797
0.414119 0.441174 -0.102635
0.420732 0.449561 -0.099654
0.426135 0.456156 -0.097285
0.439121 0.473196 -0.091026
0.451591 0.488108 -0.085186
0.465403 0.504631 -0.078178
0.624795 0.694978 0.071510
0.627509 0.698172 0.075309
0.630133 0.702020 0.079687
0.635111 0.709400 0.088126
0.639933 0.716590 0.096371
0.388725 0.276395 0.355996
0.391359 0.278972 0.363180
0.394021 0.281496 0.370021
0.398733 0.286238 0.381943
0.409493 0.297757 0.406899
0.664895 0.759342 0.127623
0.667089 0.763098 0.131907
0.669029 0.766490 0.135811
0.672870 0.773593 0.143979
0.679457 0.787267 0.159612
0.664226 0.655401 0.654268
0.679810 0.678313 0.659297
0.688785 0.693438 0.663818
0.709174 0.727517 0.677383
0.740889 0.784253 0.708459
0.499008 0.506564 0.052261
0.507329 0.516386 0.059695
0.514412 0.524528 0.066189
0.528024 0.540620 0.079795
0.555789 0.574466 0.111688
0.325502 0.213124 0.187574
0.333145 0.220414 0.211853
0.337950 0.224977 0.227921
0.349592 0.234777 0.265719
0.377365 0.258563 0.355312
0.545029 0.646329 -0.118047
0.552204 0.655313 -0.111666
0.561039 0.666544 -0.103327
0.577747 0.687794 -0.086464
0.601829 0.719399 -0.059385
0.652280 0.792971 0.006746
0.663396 0.811197 0.022672
0.292334 0.212163 -0.039059
0.296587 0.217809 -0.030292
0.300667 0.223242 -0.022200
0.310186 0.235756 -0.004560
0.332650 0.264704 0.032321
0.363476 0.302935 0.076438
0.392412 0.337440 0.115058
0.636392 0.519101 0.910091
0.659290 0.543564 0.922484
0.677521 0.564957 0.934435
0.708982 0.598429 0.957268
0.745625 0.619094 0.983034
0.751001 0.625976 0.995348
0.757064 0.634870 1.002565
0.330601 0.225726 0.171198
0.338006 0.233235 0.192446
0.343952 0.239103 0.210030
0.357406 0.251372 0.249948
0.651294 0.557421 0.836927
0.671271 0.587162 0.845738
0.691673 0.604637 0.852232
0.711579 0.629421 0.863274
0.739024 0.657395 0.880960
0.288409 0.108420 0.342166
0.290537 0.109811 0.351287
0.292251 0.111189 0.359483
0.295748 0.113671 0.374458
0.302389 0.118833 0.402347
0.311950 0.127372 0.439890
0.316426 0.131516 0.455412
0.322391 0.137452 0.474804
0.436910 0.264819 0.805835
0.472528 0.315700 0.827524
0.496716 0.348766 0.839342
0.553211 0.423214 0.862386
0.657452 0.548554 0.908425
0.724989 0.614494 0.950889
0.263019 -0.005223 0.625198
0.284348 0.031684 0.680856
0.306307 0.066253 0.724825
0.349215 0.138227 0.792326
0.524238 0.541300 0.055177
0.529145 0.546978 0.059951
0.534021 0.552639 0.064858
0.544748 0.565685 0.076613
0.563354 0.588255 0.098636
0.587515 0.618928 0.131093
0.603664 0.640583 0.155060
0.548684 0.547590 0.206223
0.558016 0.559991 0.218694
0.566372 0.570947 0.229668
0.581856 0.592212 0.250409
0.611612 0.635266 0.290647
0.636389 0.674651 0.326864
0.657938 0.712542 0.363595
0.556233 0.614451 -0.026047
0.568142 0.628172 -0.013725
0.582705 0.645386 0.002951
0.605688 0.673728 0.032798
0.643384 0.725090 0.090871
0.470776 0.436977 0.182518
0.473709 0.440467 0.186340
0.477222 0.444668 0.190952
0.483795 0.452574 0.199646
0.505050 0.478658 0.228097
0.510624 0.485581 0.235489
0.524099 0.502743 0.253251
0.267385 0.082661 0.277808
0.268472 0.083707 0.283229
0.269846 0.085161 0.290755
0.272754 0.087522 0.304331
0.276044 0.089785 0.318452
0.355057 0.264442 0.177528
0.367939 0.277595 0.208400
0.384414 0.293963 0.249021
0.414285 0.323715 0.321022
0.737970 0.861407 0.549384
0.737970 0.861407 0.549384
0.737970 0.861407 0.549384
0.737970 0.861407 0.549384
0.737970 0.861407 0.549384
0.737970 0.861407 0.549384
0.253139 0.030137 0.366911
0.260987 0.037832 0.399665
0.267307 0.043670 0.424101
0.283508 0.061095 0.485646
0.333035 0.123426 0.616360
0.616079 0.675102 0.086867
0.618671 0.678327 0.090640
0.621244 0.681946 0.094781
0.626401 0.688758 0.102773
0.594126 0.639257 0.083201
0.597088 0.643026 0.087379
0.599616 0.646284 0.091017
0.605414 0.654050 0.099723
0.616009 0.667837 0.115606
0.626999 0.683399 0.133629
0.636815 0.697452 0.150163
0.661364 0.754224 0.120469
0.664261 0.758986 0.126013
0.665618 0.760441 0.127737
0.669672 0.767832 0.136161
0.676872 0.781585 0.151902
0.650939 0.739915 0.093209
0.652459 0.742552 0.096088
0.655408 0.747291 0.101467
0.659225 0.753275 0.108276
0.667901 0.767452 0.124402
0.280231 0.162328 0.046474
0.282406 0.165451 0.053177
0.285527 0.169261 0.061590
0.291200 0.175910 0.076406
0.302806 0.190298 0.108841
0.314655 0.203940 0.142406
0.326794 0.217169 0.178906
0.662962 0.696265 0.525064
0.670843 0.709717 0.531427
0.676846 0.721107 0.537221
0.691740 0.746967 0.551656
0.716317 0.793959 0.581267
0.736976 0.832023 0.606849
0.602185 0.544901 0.661318
0.620360 0.572063 0.661528
0.634495 0.600266 0.663076
0.662146 0.643578 0.667448
0.700796 0.711176 0.686308
0.329278 0.095882 0.729604
0.336270 0.106517 0.740743
0.344060 0.118064 0.752157
0.358961 0.142823 0.773940
0.395214 0.200099 0.815403
0.433242 0.257371 0.847770
0.455245 0.289959 0.863225
0.475643 0.318578 0.875966
0.656044 0.738042 0.136844
0.665422 0.753697 0.155354
0.667383 0.757320 0.159594
0.677560 0.777311 0.183246
0.695307 0.814391 0.228847
0.710944 0.854575 0.278397
0.716221 0.875255 0.302155
0.612653 0.701531 0.002873
0.620911 0.711604 0.013731
0.630432 0.723993 0.027132
0.644297 0.744569 0.049056
0.671672 0.788689 0.096030
0.694768 0.836096 0.145747
0.334817 0.120830 0.641322
0.348502 0.140468 0.665132
0.367233 0.167677 0.692804
0.401500 0.218155 0.732152
0.441289 0.277343 0.764308
0.493487 0.350103 0.790771
0.536324 0.409270 0.805149
0.589419 0.475474 0.818129
0.630259 0.531977 0.829684
0.354673 0.324716 -0.041344
0.362334 0.334854 -0.034558
0.369759 0.344702 -0.028356
0.384807 0.364497 -0.016743
0.426221 0.416105 0.011077
0.462135 0.459479 0.035865
0.481729 0.482598 0.050972
0.500674 0.505051 0.067416
0.482279 0.565594 -0.153184
0.492966 0.578381 -0.147003
0.502952 0.590490 -0.140714
0.520649 0.611949 -0.128405
0.624639 0.743518 -0.020646
0.548641 0.611091 -0.045403
0.559959 0.624148 -0.034416
0.570834 0.636839 -0.022964
0.592542 0.662446 0.002319
0.629726 0.710147 0.054349
0.548217 0.464949 0.639003
0.566050 0.492226 0.639652
0.586495 0.525840 0.639907
0.619371 0.579153 0.640419
0.673586 0.673295 0.651845
0.462434 0.498309 -0.072651
0.471392 0.508930 -0.067812
0.477305 0.515889 -0.064464
0.525469 0.570833 -0.031637
0.346137 0.323165 -0.080805
0.351252 0.330515 -0.075925
0.357311 0.338992 -0.070597
0.371097 0.357848 -0.059866
0.451291 0.459163 -0.012160
0.470450 0.482381 -0.000003
0.628625 0.520942 0.853262
0.652022 0.552683 0.862964
0.669564 0.575485 0.871199
0.699554 0.607202 0.885539
0.731180 0.645042 0.909950
0.610480 0.631741 0.304271
0.613267 0.635956 0.307943
0.615605 0.639593 0.311110
0.620334 0.647016 0.317573
0.747365 0.616928 1.000787
0.748648 0.619621 1.005277
0.751947 0.616403 1.006029
0.757561 0.611049 1.005987
0.769690 0.630096 1.020600
0.654247 0.720164 0.216921
0.660689 0.731216 0.230260
0.667598 0.744818 0.246837
0.679820 0.768074 0.276408
0.699403 0.811920 0.333058
0.719317 0.859369 0.389172
0.730061 0.886053 0.416206
0.374020 0.254909 0.347915
0.376170 0.256819 0.354386
0.378376 0.258882 0.361053
0.382943 0.263094 0.374055
0.392697 0.272776 0.399992
0.308686 0.241089 -0.031572
0.312944 0.246900 -0.024279
0.318115 0.253615 -0.016108
0.327455 0.266030 -0.001896
0.350045 0.295060 0.028256
0.375142 0.326364 0.057638
0.403601 0.360902 0.088668
0.497348 0.362540 0.750310
0.516856 0.389817 0.756080
0.540578 0.423206 0.761507
0.581907 0.477645 0.767869
0.711042 0.667025 0.804224
0.725181 0.678454 0.809923
0.533215 0.520712 0.228091
0.536371 0.524730 0.232145
0.539608 0.528989 0.236386
0.545473 0.536660 0.243973
0.558256 0.553697 0.260295
0.301166 0.154440 0.252996
0.305651 0.157937 0.272925
0.309725 0.160803 0.290525
0.320351 0.168377 0.337118
0.344993 0.187969 0.429094
0.591850 0.563431 0.534053
0.607867 0.590936 0.537345
0.621391 0.612873 0.540497
0.646780 0.657326 0.550063
0.665905 0.781748 0.078658
0.667796 0.785392 0.082442
0.669969 0.789089 0.086277
0.673975 0.796681 0.094118
0.681396 0.810703 0.108541
0.514662 0.558485 -0.040297
0.527667 0.573478 -0.029919
0.540089 0.587298 -0.019335
0.565580 0.616557 0.006140
0.606686 0.667282 0.058853
0.665044 0.782638 0.074421
0.667714 0.787114 0.079093
0.669894 0.790753 0.082844
0.674083 0.798623 0.090836
0.686690 0.826114 0.118491
0.690548 0.834302 0.126923
0.585067 0.467081 0.841546
0.617254 0.507447 0.851907
0.637102 0.530679 0.858764
0.679903 0.588585 0.879668
0.725988 0.637313 0.907677
0.554580 0.618356 -0.040841
0.568685 0.634664 -0.026467
0.576645 0.644196 -0.017546
0.594570 0.665316 0.003703
0.626746 0.706808 0.048830
0.650871 0.741783 0.088035
0.672598 0.777219 0.127918
0.610816 0.493450 0.872292
0.634669 0.522607 0.882456
0.659596 0.550379 0.893847
0.699115 0.592576 0.915346
0.734548 0.634211 0.946428
0.560808 0.535815 0.401021
0.564821 0.541912 0.403795
0.567817 0.546504 0.405844
0.574623 0.556995 0.410366
0.587646 0.577616 0.418884
0.292731 0.087483 0.450415
0.298018 0.092974 0.469888
0.304920 0.100505 0.493250
0.319869 0.117522 0.536173
0.355489 0.164179 0.612758
0.403574 0.232792 0.676954
0.244707 0.113556 -0.049341
0.246498 0.115537 -0.041522
0.249104 0.118139 -0.031738
0.253765 0.123433 -0.014291
0.263812 0.135748 0.019880
0.275561 0.150304 0.055402
0.284267 0.160901 0.080457
0.287963 0.165705 0.091765
0.368460 0.367277 -0.097746
0.375273 0.376180 -0.093441
0.382834 0.386786 -0.088699
0.397976 0.407312 -0.080192
0.440420 0.461332 -0.058994
0.287105 0.050434 0.551278
0.299434 0.066556 0.585077
0.311492 0.083238 0.614440
0.443317 0.277740 0.783850
0.463391 0.510930 -0.098437
0.473493 0.523080 -0.093053
0.485076 0.536736 -0.086471
0.508027 0.562528 -0.072189
0.558942 0.620494 -0.029527
0.597266 0.665804 0.014639
0.614158 0.687488 0.038161
0.629956 0.708473 0.061709
0.489621 0.555278 -0.112860
0.499162 0.566411 -0.107000
0.510004 0.578996 -0.099834
0.530705 0.602645 -0.084616
0.571243 0.649514 -0.047196
0.609441 0.696427 -0.001102
0.638946 0.736417 0.041592
0.663585 0.749188 0.155041
0.669591 0.759774 0.167602
0.675716 0.772354 0.182549
0.687085 0.796166 0.211500
0.707640 0.849595 0.277409
0.726148 0.890627 0.326156
0.376174 0.366000 -0.060413
0.382238 0.373857 -0.056481
0.389809 0.384362 -0.051521
0.404045 0.402406 -0.043324
0.437148 0.443778 -0.024958
0.473444 0.487288 -0.003169
0.686638 0.840615 0.091838
0.688367 0.844671 0.095601
0.690419 0.849136 0.099791
0.693812 0.857080 0.107175
0.700371 0.872568 0.121670
0.707330 0.886954 0.135355
0.710373 0.895030 0.142943
0.266113 0.009299 0.539490
0.269730 0.013761 0.550145
0.273781 0.019450 0.562963
0.281635 0.030225 0.585663
0.298415 0.054461 0.629455
0.316599 0.081587 0.669687
0.341835 0.118301 0.713687
0.629178 0.553289 0.746320
0.648984 0.583586 0.749253
0.659899 0.601649 0.751705
0.684286 0.638899 0.758958
0.718395 0.687719 0.776061
0.741633 0.731117 0.799972
0.749927 0.740464 0.805804
0.684419 0.802330 0.158794
0.689000 0.812105 0.169956
0.694439 0.824362 0.184042
0.705145 0.846088 0.209721
0.719402 0.888736 0.257849
0.723864 0.910888 0.280942
0.729789 0.931185 0.301459
0.739712 0.953712 0.323634
0.544389 0.560380 0.097956
0.554999 0.573468 0.110732
0.563960 0.584624 0.122066
0.583698 0.610326 0.149200
0.617284 0.656202 0.199795
0.646190 0.700547 0.249715
0.659340 0.724245 0.277281
0.271980 0.051098 0.430376
0.278936 0.058492 0.457990
0.286692 0.067037 0.486261
0.355653 0.156073 0.649110
0.448199 0.291006 0.743830
0.372326 0.355581 -0.047927
0.378378 0.363452 -0.043647
0.384389 0.371365 -0.039543
0.396746 0.387548 -0.031514
0.424304 0.422235 -0.015029
0.454942 0.459377 0.003521
0.488456 0.498789 0.026754
0.658780 0.830480 -0.017295
0.661627 0.836010 -0.013249
0.663509 0.839508 -0.010726
0.668544 0.849377 -0.003591
0.609290 0.630605 0.296758
0.611771 0.634425 0.300140
0.614373 0.638408 0.303680
0.619057 0.645663 0.310135
0.623945 0.653428 0.317034
0.240129 0.018827 0.296889
0.241147 0.020304 0.302034
0.242322 0.022013 0.308179
0.245204 0.024947 0.319912
0.251119 0.031084 0.345362
0.254272 0.034671 0.360338
0.257777 0.037861 0.374719
0.262550 0.042179 0.394035
0.265487 0.045404 0.407371
0.548530 0.664573 -0.134434
0.554759 0.672904 -0.128892
0.562080 0.682991 -0.121988
0.575047 0.700005 -0.109693
0.599220 0.734689 -0.083403
0.623590 0.769667 -0.055481
0.611599 0.652190 0.161248
0.613837 0.655367 0.164833
0.616738 0.659625 0.169668
0.621218 0.666118 0.177024
0.630411 0.679524 0.192370
0.638584 0.692045 0.206851
0.647184 0.705713 0.222791
0.640456 0.816369 -0.059383
0.648264 0.829656 -0.050264
0.654070 0.839435 -0.043667
0.665691 0.862980 -0.028310
0.684429 0.913651 0.003982
0.693856 0.946377 0.025531
0.703385 0.980939 0.050070
0.403589 0.272385 0.483132
0.406582 0.276024 0.488297
0.410277 0.280518 0.494300
0.417937 0.290200 0.505855
0.433260 0.310103 0.525142
0.699469 0.830922 0.212707
0.702975 0.845433 0.229272
0.709374 0.856199 0.242744
0.716724 0.876817 0.266773
0.732991 0.921657 0.315266
0.512586 0.589755 -0.112972
0.522463 0.601540 -0.105717
0.532284 0.612378 -0.098460
0.624194 0.725583 0.002728
0.640933 0.749153 0.027100
0.512616 0.459421 0.398989
0.525299 0.477337 0.409554
0.538073 0.496130 0.418811
0.563576 0.534821 0.433980
0.670232 0.714703 0.505423
0.231160 -0.004251 0.303229
0.232200 -0.002458 0.308499
0.233334 -0.000596 0.314290
0.236285 0.002941 0.326260
0.239815 0.006318 0.338724
0.633632 0.751801 -0.004201
0.641298 0.763953 0.007353
0.647669 0.772966 0.016024
0.662325 0.797097 0.038743
0.686089 0.843722 0.081197
0.705160 0.890462 0.123394
0.712587 0.914024 0.144564
0.719150 0.939955 0.167875
0.553832 0.562251 0.163619
0.560883 0.571235 0.172857
0.567668 0.580233 0.182155
0.581950 0.599164 0.201912
0.614297 0.644748 0.249102
0.457954 0.338052 0.576713
0.462865 0.344967 0.579867
0.467565 0.351783 0.582709
0.477624 0.366591 0.588077
0.498803 0.397309 0.596358
0.712226 0.702170 0.742235
0.728467 0.723682 0.752945
0.732302 0.740834 0.762536
0.746394 0.755954 0.771629
0.620863 0.606154 0.565626
0.630454 0.623410 0.567998
0.640551 0.639120 0.570505
0.658266 0.671195 0.577898
0.690512 0.729104 0.599370
0.465747 0.324105 0.701791
0.483522 0.349190 0.709271
0.503273 0.378114 0.715791
0.543613 0.435517 0.723691
0.616285 0.543169 0.729744
0.659780 0.604606 0.734581
0.696625 0.666023 0.747856
0.417766 0.370523 0.133853
0.429637 0.384382 0.149027
0.439586 0.395968 0.161984
0.458826 0.418479 0.187762
0.677412 0.764334 0.280568
0.683675 0.775417 0.295166
0.688949 0.787509 0.310738
0.700093 0.811595 0.341787
0.719593 0.861451 0.399247
0.733876 0.887439 0.425762
0.515500 0.523774 0.075395
0.519111 0.528007 0.078959
0.522371 0.531965 0.082342
0.529321 0.540324 0.089702
0.579147 0.644407 -0.008842
0.589863 0.657139 0.003973
0.600626 0.670532 0.017996
0.619338 0.694631 0.044411
0.652282 0.741585 0.097484
0.396597 0.280279 0.393893
0.405737 0.290015 0.415018
0.417504 0.303677 0.438829
0.440691 0.332208 0.474359
0.502310 0.418863 0.524152
0.564957 0.516671 0.540522
0.599402 0.573647 0.545510
0.622545 0.613512 0.550406
0.414516 0.229479 0.805551
0.437516 0.263540 0.823303
0.463527 0.301755 0.840536
0.516157 0.373488 0.867326
0.619282 0.496320 0.914150
0.701189 0.589547 0.970144
0.728505 0.604006 0.986739
0.740092 0.619084 1.002103
0.530340 0.602350 -0.085380
0.539242 0.612493 -0.078137
0.559534 0.635937 -0.059647
0.568406 0.646414 -0.050613
0.598701 0.682832 -0.015771
0.636097 0.731835 0.036142
0.417476 0.444119 -0.096956
0.427628 0.456458 -0.092492
0.436302 0.467511 -0.088402
0.457075 0.492730 -0.078380
0.500678 0.543672 -0.053036
0.533347 0.580770 -0.028198
0.574131 0.627667 0.012735
0.388467 0.328831 0.125765
0.398518 0.340456 0.140273
0.404073 0.346841 0.148347
0.419382 0.364341 0.170894
0.478423 0.432894 0.260644
0.494992 0.453260 0.284526
0.511727 0.474641 0.306766
0.652037 0.618143 0.676729
0.663494 0.636973 0.679024
0.673939 0.656672 0.682666
0.691479 0.689438 0.691614
0.723843 0.740483 0.713963
0.742797 0.773341 0.732766
0.742797 0.773341 0.732766
0.742797 0.773341 0.732766
0.552476 0.644472 -0.094536
0.561888 0.655974 -0.085529
0.569273 0.665044 -0.078080
0.585650 0.685077 -0.060587
0.376354 0.206392 0.583518
0.387313 0.221192 0.599699
0.403465 0.243540 0.619888
0.435374 0.288266 0.649173
0.505571 0.388886 0.681612
0.543619 0.444852 0.687771
0.275126 0.104357 0.252850
0.278430 0.107205 0.268448
0.284055 0.111952 0.296243
0.293935 0.119029 0.342009
0.322132 0.142029 0.454305
0.402722 0.344073 0.151545
0.411256 0.353802 0.164347
0.420038 0.363783 0.177680
0.438925 0.385268 0.206898
0.507681 0.468079 0.308819
0.545336 0.519213 0.350996
0.640764 0.712769 0.114683
0.649146 0.725549 0.129578
0.654823 0.734676 0.140228
0.666565 0.754608 0.163857
0.715800 0.865223 0.299704
0.635860 0.791025 -0.043436
0.639793 0.796618 -0.038992
0.642723 0.801121 -0.035445
0.647955 0.810259 -0.028488
0.657495 0.827538 -0.015550
0.487328 0.437516 0.306904
0.490520 0.441510 0.311372
0.493909 0.445778 0.315991
0.498788 0.452031 0.322489
0.517077 0.476146 0.344583
0.524105 0.485730 0.352180
0.537208 0.504006 0.365098
0.325224 0.100723 0.761882
0.353875 0.148181 0.801210
0.382145 0.195771 0.832480
0.451223 0.298090 0.885613
0.580013 0.455661 0.972841
0.664333 0.533207 1.059128
0.703355 0.563057 1.107211
0.655809 0.601739 0.735025
0.667663 0.617092 0.737041
0.680007 0.640787 0.741749
0.699427 0.666755 0.748659
0.728492 0.715062 0.769971
0.748186 0.748003 0.789261
0.748186 0.748003 0.789261
0.748186 0.748003 0.789261
0.624759 0.643997 0.408189
0.631728 0.655844 0.415257
0.639687 0.669554 0.423774
0.653537 0.693891 0.439856
0.704092 0.788640 0.511189
0.661378 0.774627 0.070921
0.668170 0.785545 0.082434
0.674159 0.796808 0.094034
0.684963 0.820015 0.117670
0.704227 0.864166 0.163242
0.711291 0.887870 0.187292
0.719649 0.903975 0.204457
0.737484 0.659630 0.874538
0.739937 0.666613 0.879035
0.742115 0.673610 0.883590
0.749972 0.690365 0.894979
0.759819 0.695489 0.898886
0.759819 0.695489 0.898886
0.601314 0.697726 -0.031493
0.620198 0.722138 -0.007000
0.639256 0.749407 0.020662
0.667279 0.793343 0.064946
0.684315 0.826818 0.097545
0.324201 0.228164 0.112122
0.328415 0.233207 0.122239
0.332798 0.238282 0.132696
0.341723 0.248323 0.154212
0.360603 0.267994 0.200323
0.371022 0.278305 0.226504
0.393592 0.436636 -0.170046
0.398679 0.443883 -0.167598
0.403372 0.451337 -0.165149
0.414273 0.466750 -0.160149
0.441599 0.502307 -0.148160
0.569517 0.565775 0.297979
0.573101 0.570854 0.302161
0.574907 0.573402 0.304213
0.581641 0.583081 0.311927
0.593399 0.600553 0.325327
0.360274 0.164042 0.652713
0.375213 0.186697 0.674540
0.385223 0.199960 0.686107
0.418925 0.248830 0.719258
0.491659 0.351505 0.760454
0.443277 0.291251 0.698184
0.452432 0.303977 0.703636
0.456210 0.309526 0.705723
0.469638 0.327969 0.712219
0.495982 0.365937 0.722446
0.521867 0.402422 0.729104
0.548132 0.439064 0.733425
0.434809 0.488151 -0.138563
0.444311 0.499903 -0.134343
0.453628 0.511716 -0.129904
0.466415 0.527292 -0.123562
0.501223 0.567908 -0.103751
0.686188 0.631105 0.784476
0.695616 0.645304 0.788769
0.703737 0.657292 0.793068
0.717440 0.680956 0.803638
0.744356 0.719734 0.826238
0.752728 0.728382 0.831826
0.752728 0.728382 0.831826
0.698953 0.918162 0.076799
0.704513 0.929952 0.086218
0.708136 0.939505 0.093847
0.712992 0.963960 0.113623
0.719038 1.000023 0.143923
0.621127 0.764630 -0.057345
0.642393 0.796966 -0.031353
0.651526 0.812784 -0.019156
0.657372 0.822944 -0.011240
0.663108 0.832593 -0.003780
0.289206 0.152436 0.158729
0.292801 0.156293 0.171941
0.297323 0.161268 0.190000
0.305498 0.169198 0.223117
0.324121 0.183790 0.300130
0.340980 0.196012 0.366328
0.346445 0.186466 0.446460
0.351746 0.191788 0.461921
0.367238 0.209199 0.501218
0.378714 0.223349 0.525091
0.395040 0.244056 0.552327
0.349821 0.312432 -0.028462
0.357910 0.323148 -0.020510
0.367146 0.335332 -0.012013
0.383811 0.356411 0.001659
0.454742 0.443745 0.055125
0.308067 0.170643 0.237466
0.314103 0.175523 0.262653
0.320214 0.180008 0.287937
0.331651 0.188247 0.334988
0.360900 0.213061 0.436585
0.264887 0.126462 0.061746
0.269013 0.131544 0.074977
0.273756 0.136994 0.089342
0.282260 0.147648 0.117633
0.298734 0.167082 0.177117
0.336593 0.198770 0.326489
0.446751 0.474966 -0.070185
0.457659 0.488379 -0.064522
0.466971 0.499251 -0.059617
0.487328 0.522851 -0.047754
0.527930 0.569154 -0.018291
0.563690 0.610191 0.016331
0.641633 0.704295 0.163085
0.647304 0.713044 0.173523
0.653793 0.723435 0.185911
0.665769 0.744233 0.211066
0.712792 0.854012 0.349153
0.401285 0.239173 0.624498
0.414830 0.258455 0.638722
0.431346 0.280910 0.652527
0.462167 0.324918 0.672106
0.532078 0.425688 0.692931
0.578371 0.493780 0.696367
0.623908 0.563207 0.697694
0.359477 0.295233 0.081352
0.362019 0.298300 0.085021
0.364685 0.301501 0.088848
0.370239 0.308138 0.096779
0.381304 0.321223 0.112471
0.387054 0.327959 0.120609
0.391464 0.333096 0.126856
0.396968 0.339479 0.134675
0.403230 0.346703 0.143612
0.414887 0.382835 0.068463
0.418226 0.386857 0.071518
0.421382 0.390718 0.074457
0.428805 0.399658 0.081347
0.442033 0.415423 0.093809
0.456743 0.432922 0.108244
0.457736 0.495067 -0.080989
0.466156 0.505145 -0.076607
0.474487 0.514885 -0.072104
0.488713 0.531480 -0.063717
0.520948 0.568158 -0.041498
0.358238 0.300004 0.056927
0.360904 0.303276 0.060360
0.364781 0.308022 0.065307
0.369603 0.313951 0.071435
0.380570 0.327174 0.085041
0.641806 0.702411 0.176955
0.649671 0.714479 0.191328
0.656022 0.724859 0.203759
0.671037 0.753479 0.238651
0.713876 0.847336 0.358191
0.337156 0.235984 0.173109
0.338767 0.237754 0.177690
0.340856 0.239955 0.183522
0.345079 0.244139 0.195029
0.352923 0.251826 0.217057
0.358949 0.257364 0.233811
0.367231 0.265075 0.257693
0.289377 0.074835 0.475415
0.292700 0.078498 0.487007
0.294385 0.080583 0.493134
0.299837 0.086317 0.509648
0.322608 0.114718 0.571954
0.338379 0.135656 0.605880
0.349722 0.310471 -0.022658
0.357054 0.320187 -0.015261
0.365596 0.331272 -0.007244
0.382371 0.352544 0.007083
0.419714 0.399037 0.036158
0.405360 0.257562 0.564948
0.417784 0.274949 0.580053
0.430505 0.292031 0.592460
0.461997 0.336744 0.615232
0.521936 0.424777 0.635381
0.586390 0.525989 0.639069
0.611417 0.567746 0.639429
0.380934 0.386057 -0.095201
0.389788 0.398125 -0.090115
0.399629 0.412385 -0.084466
0.417500 0.434561 -0.075976
0.436843 0.459363 -0.066410
0.458554 0.485362 -0.055477
0.506439 0.541162 -0.025700
0.396644 0.319928 0.217018
0.399116 0.322541 0.222093
0.401495 0.325021 0.226941
0.407020 0.330865 0.238344
0.417330 0.341678 0.259376
0.598164 0.639301 0.115217
0.600830 0.642661 0.119022
0.603691 0.646265 0.123145
0.609149 0.653433 0.131329
0.614788 0.661298 0.140278
0.395228 0.435217 -0.160888
0.402388 0.445881 -0.157312
0.409344 0.455803 -0.154059
0.424235 0.476122 -0.147390
0.463295 0.525294 -0.129334
0.506251 0.575698 -0.104647
0.526102 0.598893 -0.090259
0.477000 0.348181 0.666773
0.499503 0.381301 0.674494
0.524549 0.418533 0.679851
0.571483 0.487031 0.683505
0.645345 0.603262 0.686451
0.398367 0.256655 0.517578
0.410198 0.271575 0.535108
0.427734 0.295509 0.556616
0.458254 0.337600 0.582149
0.529144 0.442993 0.607869
0.627666 0.692676 0.098040
0.630234 0.696029 0.102019
0.632896 0.700084 0.106653
0.637200 0.706460 0.114121
0.646226 0.719579 0.129518
0.653969 0.731969 0.144031
0.658159 0.738640 0.151970
0.661922 0.745164 0.159704
0.460192 0.511874 -0.111349
0.471139 0.525359 -0.105586
0.484202 0.540826 -0.098316
0.505568 0.565250 -0.085146
0.551091 0.616586 -0.049252
0.578559 0.648899 -0.020481
0.489959 0.494827 0.048691
0.498477 0.504826 0.055932
0.508480 0.516537 0.064925
0.525057 0.536130 0.081220
0.580509 0.605086 0.149359
0.401076 0.368186 0.047997
0.407560 0.376105 0.053688
0.415352 0.385732 0.060608
0.431093 0.404751 0.074536
0.445687 0.422241 0.087827
0.533255 0.501692 0.342334
0.536826 0.506661 0.346022
0.540102 0.511249 0.349312
0.546700 0.520578 0.355684
0.509244 0.559521 -0.061399
0.519989 0.571814 -0.053493
0.533024 0.586691 -0.042996
0.558208 0.615148 -0.019867
0.603003 0.668887 0.033723
0.500307 0.585455 -0.139465
0.510007 0.596997 -0.133114
0.523638 0.613194 -0.123430
0.545593 0.639069 -0.105941
0.567399 0.666145 -0.085142
0.380742 0.209224 0.603287
0.386365 0.216666 0.610956
0.389669 0.221899 0.615791
0.398476 0.234547 0.626807
0.418704 0.262839 0.647379
0.380341 0.316603 0.125152
0.387645 0.325037 0.136267
0.396192 0.334805 0.149338
0.410363 0.350897 0.171340
0.442270 0.386968 0.222143
0.466448 0.414988 0.260768
0.500769 0.457208 0.310722
0.348066 0.322765 -0.068146
0.354131 0.330906 -0.062683
0.361187 0.340670 -0.056582
0.376013 0.360239 -0.045400
0.405331 0.398439 -0.026323
0.435385 0.435808 -0.008532
0.454759 0.459170 0.003371
0.474739 0.482672 0.016653
0.356878 0.344275 -0.088235
0.361493 0.350769 -0.084526
0.366797 0.358068 -0.080583
0.379172 0.374943 -0.072154
0.408559 0.413991 -0.055096
0.425381 0.434800 -0.046438
0.455660 0.471751 -0.030172
0.346118 0.129504 0.697675
0.370913 0.166470 0.732446
0.393072 0.200817 0.758216
0.444518 0.277552 0.800620
0.563695 0.439710 0.853693
0.645134 0.536334 0.884725
0.703018 0.601346 0.916385
0.714757 0.613303 0.924311
0.307742 0.182213 0.182868
0.313261 0.187995 0.203799
0.318465 0.192673 0.222799
0.328372 0.201000 0.260334
0.351934 0.218952 0.347681
0.372241 0.237005 0.412942
0.390824 0.256869 0.459285
0.511467 0.500397 0.160596
0.514353 0.503956 0.164107
0.517548 0.507875 0.168003
0.524287 0.516237 0.176371
0.536843 0.532076 0.192374
0.543613 0.540762 0.201181
0.468654 0.308500 0.858112
0.502768 0.354719 0.876632
0.536658 0.400758 0.894106
0.604909 0.479774 0.928900
0.664061 0.541136 0.966846
0.716453 0.585635 1.006007
0.745909 0.606855 1.034306
0.321812 0.083860 0.701942
0.344340 0.117308 0.738614
0.372058 0.163554 0.778273
0.422577 0.240375 0.827391
0.543396 0.407278 0.898871
0.638555 0.515089 0.952036
0.533661 0.638124 -0.136547
0.545057 0.652714 -0.127034
0.555689 0.666162 -0.117669
0.575986 0.692558 -0.097856
0.636525 0.778124 -0.026148
0.651194 0.801106 -0.006727
0.664998 0.824108 0.012202
0.438216 0.300910 0.606602
0.443776 0.308810 0.610856
0.448545 0.315852 0.614339
0.458725 0.330673 0.620831
0.481545 0.513190 -0.044108
0.497151 0.531160 -0.034084
0.510477 0.546317 -0.024624
0.537997 0.577763 -0.001660
0.587132 0.635655 0.053009
0.611713 0.667104 0.087855
0.630134 0.692398 0.117164
0.247752 -0.014600 0.472582
0.251916 -0.008190 0.489896
0.267983 0.012217 0.542882
0.285162 0.034726 0.591773
0.508736 0.472178 0.294914
0.516665 0.482501 0.305035
0.526457 0.495496 0.316829
0.544671 0.520477 0.336832
0.582647 0.576152 0.372254
0.609137 0.617928 0.395282
0.638414 0.667079 0.423884
0.504840 0.550204 -0.054134
0.514823 0.561514 -0.047021
0.527649 0.576228 -0.036924
0.618803 0.684970 0.068227
0.641500 0.716940 0.105083
0.546797 0.597987 -0.022033
0.555595 0.608262 -0.013297
0.564914 0.619196 -0.003478
0.580107 0.637000 0.013798
0.610438 0.675174 0.054594
0.632428 0.703928 0.087676
0.752899 0.642758 0.948374
0.753146 0.650887 0.953905
0.754271 0.661236 0.960992
0.765629 0.661841 0.962396
0.765629 0.661841 0.962396
0.765629 0.661841 0.962396
0.383609 0.261193 0.387093
0.385903 0.263385 0.393190
0.388902 0.266369 0.400995
0.394299 0.272043 0.414495
0.404696 0.283630 0.437795
0.305446 0.231213 -0.018936
0.313279 0.241535 -0.005055
0.318332 0.248213 0.003501
0.327251 0.259751 0.017700
0.398654 0.347214 0.113388
0.366446 0.184482 0.608586
0.370919 0.189878 0.614922
0.378440 0.200598 0.626120
0.385731 0.211302 0.636194
0.407271 0.241709 0.660435
0.632967 0.687686 0.167292
0.635162 0.690964 0.171140
0.637508 0.694685 0.175437
0.641961 0.701619 0.183552
0.650168 0.714657 0.199086
0.336558 0.265491 0.052671
0.343424 0.273990 0.063444
0.349590 0.281544 0.072921
0.363960 0.298877 0.094509
0.395152 0.335344 0.140522
0.416723 0.359956 0.172888
0.451563 0.399711 0.226974
0.554935 0.569046 0.133889
0.558427 0.573424 0.138358
0.561493 0.577294 0.142338
0.567628 0.585050 0.150425
0.573041 0.592259 0.157962
0.319565 0.203153 0.186711
0.321214 0.204810 0.192238
0.323010 0.206540 0.198188
0.326251 0.209566 0.208968
0.333999 0.216497 0.235339
0.339617 0.221201 0.254604
0.346992 0.227228 0.280263
0.569588 0.598449 0.094610
0.572604 0.602139 0.098434
0.575432 0.605779 0.102239
0.581529 0.613309 0.110311
0.593687 0.629420 0.127815
0.603470 0.642473 0.142405
0.614048 0.657024 0.158891
0.360586 0.198524 0.498632
0.364310 0.202984 0.507324
0.368007 0.207571 0.515557
0.373058 0.213620 0.525728
0.380973 0.223740 0.540609
0.585043 0.487185 0.752136
0.606524 0.516814 0.754301
0.627767 0.551593 0.757378
0.662965 0.601919 0.763681
0.708247 0.667155 0.781001
0.474583 0.343256 0.672953
0.502354 0.383740 0.682423
0.523295 0.414728 0.686902
0.570394 0.483303 0.691041
0.369283 0.321336 0.043786
0.376288 0.329914 0.051316
0.386467 0.342359 0.062023
0.401420 0.360563 0.077532
0.445288 0.412912 0.123644
0.474310 0.447403 0.156864
0.571279 0.676621 -0.089474
0.581475 0.689407 -0.078835
0.589774 0.700430 -0.069422
0.604923 0.721151 -0.051066
0.634907 0.762773 -0.012706
0.657504 0.797842 0.019243
0.367745 0.364224 -0.093009
0.373286 0.371657 -0.089344
0.377994 0.378477 -0.086172
0.388991 0.393463 -0.079578
0.434299 0.451160 -0.056419
0.464115 0.487687 -0.040436
0.652159 0.783617 0.018641
0.654556 0.787593 0.022341
0.657025 0.791570 0.026014
0.662038 0.799892 0.033689
0.666884 0.807877 0.041091
0.671392 0.815948 0.048381
0.675801 0.824409 0.056017
0.366866 0.294457 0.130287
0.373133 0.301563 0.141121
0.378553 0.307681 0.150579
0.389786 0.320191 0.170307
0.413359 0.346068 0.212612
0.432387 0.366966 0.247242
0.457748 0.395740 0.291921
0.416102 0.443288 -0.101813
0.426610 0.456529 -0.097099
0.439700 0.473692 -0.090789
0.458527 0.496830 -0.081534
0.508870 0.554820 -0.051667
0.604829 0.668091 0.044447
0.607821 0.672306 0.049039
0.610548 0.675826 0.052969
0.616497 0.683286 0.061466
0.627254 0.697079 0.077393
0.644571 0.722099 0.106262
0.312951 0.196444 0.162978
0.317686 0.201475 0.178435
0.322430 0.206107 0.193766
0.354218 0.233603 0.302958
0.373184 0.249569 0.364754
0.387161 0.262914 0.404090
0.417090 0.441231 -0.091436
0.424942 0.450783 -0.087941
0.434474 0.462950 -0.083413
0.453107 0.485742 -0.074361
0.495191 0.534893 -0.050529
0.521543 0.565246 -0.031382
0.541730 0.587447 -0.014555
0.560233 0.609135 0.004098
0.518580 0.595009 -0.105062
0.529760 0.607886 -0.096658
0.542191 0.621949 -0.086650
0.565372 0.649314 -0.064873
0.606527 0.700089 -0.017046
0.641546 0.747192 0.031871
0.595809 0.504830 0.748955
0.616998 0.534379 0.750994
0.630696 0.553099 0.752490
0.666348 0.610578 0.759960
0.707960 0.670639 0.776374
0.643210 0.712711 0.132924
0.645665 0.716544 0.137428
0.647738 0.719936 0.141379
0.651388 0.725827 0.148228
0.659295 0.738188 0.163007
0.474427 0.328469 0.899652
0.524001 0.388941 0.930051
0.553810 0.424009 0.950555
0.620913 0.494637 1.009040
0.716219 0.573258 1.118919
0.513301 0.575631 -0.083559
0.526037 0.590401 -0.073982
0.535911 0.601331 -0.066212
0.560516 0.629354 -0.043796
0.598363 0.674483 -0.000479
0.574357 0.662657 -0.059563
0.583381 0.673398 -0.049771
0.593388 0.685345 -0.038396
0.610828 0.708205 -0.015911
0.641999 0.750864 0.027896
0.614230 0.729033 -0.034802
0.617563 0.733142 -0.030837
0.622742 0.740701 -0.023791
0.626824 0.745799 -0.018817
0.650678 0.781894 0.015004
0.640732 0.584781 0.719348
0.653295 0.606216 0.721535
0.668781 0.631041 0.725042
0.685042 0.657421 0.730752
0.746769 0.754268 0.775381
0.746769 0.754268 0.775381
0.454326 0.497738 -0.097420
0.466682 0.512400 -0.091263
0.478386 0.526216 -0.084903
0.502240 0.553463 -0.070469
0.550420 0.607904 -0.032201
0.583091 0.646009 0.002955
0.311669 0.074836 0.653291
0.316922 0.082725 0.664351
0.323761 0.092698 0.677510
0.334516 0.108014 0.696228
0.372362 0.167070 0.752230
0.463509 0.537021 -0.151822
0.470321 0.545838 -0.148135
0.478854 0.555955 -0.143625
0.495589 0.575357 -0.134121
0.528802 0.614560 -0.111116
0.555815 0.646237 -0.088204
0.584943 0.681591 -0.058164
0.535898 0.570318 0.011506
0.545403 0.581078 0.020568
0.554367 0.591628 0.029956
0.572149 0.612888 0.050435
0.603458 0.652528 0.093002
0.634604 0.695272 0.142546
0.646020 0.712577 0.162953
0.511863 0.465403 0.359202
0.515114 0.469841 0.362693
0.518500 0.474501 0.366206
0.525184 0.483814 0.372795
0.539067 0.503491 0.385068
0.253351 0.084409 0.116133
0.257477 0.089690 0.131943
0.260537 0.094174 0.145383
0.266888 0.102608 0.172829
0.280608 0.118815 0.238718
0.293979 0.129485 0.301153
0.316178 0.145148 0.396910
0.470378 0.310607 0.865753
0.507812 0.361060 0.886376
0.542794 0.406324 0.904619
0.605955 0.479923 0.939627
0.660417 0.535765 0.976656
0.708790 0.581843 1.017433
0.650163 0.736357 0.098785
0.656156 0.745966 0.109726
0.662596 0.756566 0.121890
0.673565 0.775325 0.143381
0.682664 0.795347 0.166148
0.648552 0.533867 0.905249
0.667099 0.557509 0.916428
0.690050 0.575352 0.927678
0.715401 0.605278 0.947264
0.733406 0.620734 0.961708
0.740756 0.628679 0.971151
0.546792 0.446849 0.696034
0.566644 0.475169 0.697325
0.585660 0.504917 0.698117
0.619208 0.554890 0.698998
0.671031 0.638569 0.706275
0.699986 0.687196 0.718949
0.714026 0.710859 0.728729
0.727913 0.734101 0.740532
0.559351 0.444107 0.781561
0.588631 0.481982 0.786631
0.614910 0.518871 0.791579
0.654863 0.576342 0.801161
0.705286 0.644620 0.820936
0.722865 0.672898 0.834790
0.738159 0.685985 0.842980
0.612967 0.678272 0.057558
0.615710 0.681451 0.061264
0.618961 0.685760 0.066153
0.624061 0.692575 0.073950
0.629678 0.700164 0.082729
0.764275 0.670574 0.946261
0.764275 0.670574 0.946261
0.764275 0.670574 0.946261
0.764275 0.670574 0.946261
0.764275 0.670574 0.946261
0.531977 0.531054 0.156605
0.534880 0.534768 0.160278
0.538590 0.539372 0.164899
0.544898 0.547333 0.172936
0.557018 0.562935 0.188848
0.447444 0.460054 -0.028980
0.451100 0.464299 -0.027025
0.455345 0.469428 -0.024586
0.462889 0.478433 -0.020151
0.478049 0.496418 -0.010619
0.608281 0.657260 0.106479
0.617804 0.669785 0.120941
0.626656 0.682431 0.135586
0.642969 0.706462 0.163892
0.670506 0.754386 0.221573
0.687169 0.788302 0.264697
0.591358 0.695129 -0.058067
0.594844 0.699380 -0.054133
0.598594 0.704387 -0.049535
0.605137 0.712981 -0.041498
0.617683 0.729717 -0.025527
0.445743 0.404744 0.162753
0.454997 0.415655 0.174915
0.464150 0.426387 0.187004
0.479953 0.445240 0.208414
0.526970 0.504030 0.271484
0.540142 0.521485 0.287855
0.573718 0.568336 0.325887
0.626989 0.733675 0.000861
0.630656 0.738350 0.005694
0.633515 0.742514 0.009904
0.638070 0.749189 0.016605
0.650571 0.767169 0.034948
0.308879 0.230748 0.004144
0.313303 0.236466 0.012160
0.318217 0.242780 0.020790
0.328315 0.255629 0.037775
0.366049 0.301905 0.095532
0.381869 0.320563 0.118588
0.493365 0.476740 0.147104
0.500509 0.485415 0.155467
0.507913 0.494504 0.164382
0.521785 0.511640 0.181545
0.548148 0.545247 0.215569
0.322979 0.219492 0.141282
0.328673 0.225878 0.156941
0.335173 0.232528 0.174394
0.347812 0.245097 0.209950
0.402058 0.295636 0.363000
0.643579 0.561646 0.790039
0.662801 0.585996 0.794434
0.676870 0.609386 0.799780
0.701157 0.638419 0.808571
0.715761 0.662770 0.818728
0.728284 0.684094 0.830236
0.313457 0.217890 0.078591
0.318690 0.224164 0.090200
0.323254 0.229763 0.100598
0.332694 0.240703 0.121636
0.352467 0.262760 0.166992
0.371120 0.282041 0.210944
0.393082 0.303836 0.264150
0.569919 0.667443 -0.080534
0.580500 0.680656 -0.069252
0.602673 0.709188 -0.043292
0.639448 0.759832 0.005611
0.443539 0.438475 0.018070
0.450616 0.447169 0.022962
0.461219 0.459839 0.030397
0.478076 0.479677 0.042954
0.510665 0.518125 0.071191
0.306886 0.105832 0.487100
0.312494 0.111927 0.504371
0.324443 0.126180 0.537982
0.331126 0.134409 0.554366
0.399882 0.436363 -0.145816
0.405090 0.444202 -0.143191
0.410250 0.451051 -0.140905
0.423587 0.468585 -0.135063
0.450687 0.503783 -0.122540
0.471453 0.529329 -0.111987
0.505673 0.568700 -0.091876
0.583561 0.697983 -0.083859
0.586697 0.701980 -0.080515
0.590445 0.706853 -0.076393
0.595944 0.714944 -0.069639
0.608703 0.732951 -0.054084
0.617821 0.744334 -0.043735
0.630290 0.761993 -0.027944
0.306308 0.192081 0.129785
0.311035 0.197513 0.143975
0.314619 0.201507 0.154907
0.323656 0.210922 0.182804
0.342620 0.228610 0.244425
0.364193 0.246673 0.315879
0.379219 0.259928 0.362571
0.476109 0.318819 0.872359
0.503922 0.355992 0.887865
0.530204 0.391214 0.902179
0.590972 0.465112 0.936250
0.679359 0.551162 0.997491
0.307211 0.231250 -0.007960
0.311304 0.236607 -0.000585
0.317172 0.244242 0.009592
0.326673 0.256454 0.025189
0.390181 0.333995 0.115376
0.287325 0.098078 0.373336
0.291713 0.101640 0.392591
0.297527 0.105988 0.414924
0.311759 0.119480 0.467851
0.355382 0.171928 0.579264
0.588271 0.674388 -0.035989
0.596369 0.684496 -0.026137
0.605919 0.696564 -0.013986
0.622822 0.718884 0.009148
0.651863 0.759965 0.052583
0.672678 0.794429 0.088258
0.683411 0.816747 0.110951
0.692804 0.837821 0.132378
0.312576 0.173666 0.260868
0.317578 0.177081 0.280619
0.321960 0.180386 0.299480
0.331641 0.187273 0.338992
0.354365 0.206068 0.420769
0.553360 0.580486 0.066759
0.563810 0.593168 0.079156
0.576888 0.609341 0.095822
0.597474 0.636040 0.124877
0.627430 0.677377 0.172096
0.615483 0.693600 0.029873
0.623777 0.703941 0.041466
0.632251 0.715411 0.054300
0.646365 0.735499 0.076809
0.657505 0.753574 0.096835
0.414023 0.298057 0.439546
0.423417 0.309283 0.456013
0.432629 0.320830 0.470075
0.451161 0.345188 0.492870
0.495230 0.407421 0.525756
0.556557 0.502267 0.543517
0.580108 0.540583 0.546642
0.543469 0.533934 0.242448
0.547034 0.538724 0.247124
0.550082 0.542806 0.251063
0.556460 0.551241 0.259095
0.568067 0.567068 0.273663
0.293822 0.165377 0.141596
0.297410 0.169067 0.153006
0.301745 0.174160 0.169040
0.309223 0.182151 0.197092
0.326417 0.197121 0.262540
0.442656 0.292331 0.688808
0.462214 0.319141 0.699665
0.481183 0.345955 0.707985
0.523082 0.406835 0.720022
0.600742 0.517208 0.727870
0.454127 0.474871 -0.043952
0.466373 0.489447 -0.037116
0.477681 0.502894 -0.030291
0.502893 0.531725 -0.013496
0.548529 0.584140 0.026401
0.578549 0.619900 0.061012
0.597277 0.643540 0.086460
0.614436 0.666173 0.112127
0.427737 0.482100 -0.149767
0.433538 0.490474 -0.146939
0.440803 0.499275 -0.143838
0.455170 0.517238 -0.137133
0.486449 0.555016 -0.120542
0.509257 0.581285 -0.106397
0.291047 0.134975 0.254623
0.296031 0.139176 0.278798
0.299651 0.141710 0.295014
0.345954 0.179710 0.471711
0.383157 0.224310 0.553002
0.486683 0.561912 -0.134233
0.497372 0.574675 -0.127760
0.509460 0.588860 -0.119916
0.532768 0.616357 -0.102597
0.577816 0.669566 -0.060410
0.617839 0.721057 -0.010981
0.314907 0.162824 0.319447
0.322034 0.167868 0.350005
0.328309 0.172423 0.375124
0.345093 0.186991 0.435294
0.413057 0.327574 0.295062
0.416221 0.330845 0.302092
0.418512 0.333264 0.307161
0.423966 0.339012 0.318868
0.434984 0.351069 0.341306
0.443927 0.361308 0.358050
0.590456 0.595249 0.328550
0.598161 0.606890 0.337055
0.605498 0.618095 0.345106
0.620561 0.642188 0.362401
0.646625 0.686557 0.395917
0.659310 0.708880 0.414138
0.671180 0.731499 0.433363
0.683065 0.753640 0.452680
0.631426 0.544862 0.786499
0.649569 0.569422 0.790313
0.667599 0.592890 0.794761
0.691421 0.626760 0.803499
0.722121 0.673373 0.822840
0.732141 0.692851 0.834044
0.326222 0.107928 0.627986
0.330731 0.115053 0.637676
0.335635 0.121702 0.646577
0.345858 0.136272 0.664291
0.368031 0.168055 0.696811
0.380811 0.187368 0.713166
0.392946 0.205720 0.726908
0.405319 0.224094 0.739059
0.465283 0.460135 0.049104
0.476081 0.472840 0.057677
0.485416 0.483956 0.065616
0.504285 0.506285 0.082920
0.344593 0.205796 0.351897
0.346412 0.207101 0.358166
0.348351 0.208709 0.365374
0.352335 0.212177 0.379835
0.361155 0.220018 0.408580
0.367745 0.226414 0.428040
0.379360 0.238577 0.457965
0.356334 0.351549 -0.115570
0.361136 0.359183 -0.111482
0.366953 0.367656 -0.107159
0.378603 0.383982 -0.099568
0.406347 0.422182 -0.084221
0.466764 0.496741 -0.054130
0.240102 -0.047224 0.532847
0.253762 -0.023595 0.580516
0.269794 0.003149 0.628591
0.319476 0.082647 0.736892
0.457663 0.297296 0.882586
0.465774 0.304875 0.847000
0.501961 0.353997 0.866130
0.535593 0.397725 0.881843
0.600708 0.476226 0.912703
0.701381 0.584179 0.978433
0.739209 0.609256 1.007393
0.444943 0.467615 -0.058178
0.448588 0.472019 -0.056305
0.452452 0.476800 -0.054248
0.460354 0.486165 -0.050067
0.474932 0.503445 -0.041750
0.484073 0.513652 -0.036384
0.492229 0.523208 -0.031049
0.499836 0.531936 -0.025860
0.309604 0.217407 0.054277
0.312264 0.220734 0.059927
0.315103 0.224239 0.065884
0.320778 0.231230 0.077758
0.331917 0.244570 0.100720
0.338606 0.252536 0.114667
0.345090 0.259996 0.128064
0.351006 0.266716 0.140401
0.670111 0.802364 0.062917
0.678163 0.817863 0.077833
0.685443 0.834933 0.093752
0.697164 0.864586 0.121604
0.716920 0.925161 0.178695
0.531476 0.623190 -0.118667
0.540011 0.633165 -0.111882
0.551103 0.646887 -0.102042
0.568085 0.667829 -0.085679
0.600746 0.709315 -0.049285
0.632111 0.752027 -0.008750
0.644952 0.770542 0.008934
0.234055 -0.049227 0.466330
0.241564 -0.036696 0.496513
0.251318 -0.022141 0.531203
0.276968 0.015441 0.609888
0.356706 0.138119 0.765369
0.413975 0.227749 0.827395
0.478251 0.321459 0.872700
0.582459 0.578434 0.354616
0.586028 0.583823 0.357999
0.588835 0.588099 0.360653
0.594542 0.596872 0.366026
0.349008 0.129048 0.725701
0.369622 0.161694 0.754604
0.400678 0.208256 0.788157
0.453841 0.289000 0.829981
0.575453 0.450187 0.887746
0.631877 0.511886 0.913606
0.634924 0.743079 0.012832
0.640514 0.751796 0.021595
0.646803 0.760241 0.030215
0.658442 0.779335 0.049373
0.678957 0.815102 0.084582
0.686801 0.834397 0.102888
0.695796 0.853171 0.121241
0.702350 0.873126 0.140286
0.651920 0.712848 0.238286
0.657141 0.721983 0.249080
0.664357 0.735896 0.265781
0.676113 0.759077 0.294698
0.700686 0.812429 0.362291
0.586419 0.531539 0.619795
0.599887 0.552732 0.619887
0.619518 0.587510 0.621021
0.646154 0.631230 0.624432
0.689915 0.708740 0.643265
0.709087 0.740470 0.657221
0.724055 0.770811 0.673614
0.739502 0.793832 0.687353
0.552500 0.419698 0.932147
0.586714 0.456927 0.953749
0.622737 0.495177 0.980290
0.676097 0.546659 1.027295
0.454244 0.524524 -0.154212
0.462293 0.534540 -0.150248
0.470177 0.544010 -0.146277
0.487417 0.564586 -0.136826
0.522378 0.605971 -0.113723
0.536664 0.622469 -0.102707
0.553689 0.642476 -0.087918
0.569620 0.661741 -0.072226
0.501564 0.388829 0.656521
0.531602 0.433334 0.662038
0.546188 0.455064 0.663349
0.586052 0.517355 0.664561
0.423550 0.265598 0.668872
0.448531 0.301258 0.686595
0.470225 0.331473 0.697715
0.518722 0.400699 0.713066
0.568433 0.471222 0.719404
0.575503 0.456163 0.833485
0.595681 0.479426 0.838933
0.616159 0.507238 0.845722
0.655281 0.551437 0.858684
0.709276 0.617651 0.886208
0.237560 0.011465 0.300745
0.240534 0.014880 0.312944
0.244105 0.019490 0.330044
0.251619 0.027662 0.362810
0.270714 0.046182 0.439387
0.300286 0.079916 0.539938
0.318941 0.103717 0.587640
0.480928 0.329414 0.810486
0.515033 0.377586 0.825084
0.543991 0.415434 0.835018
0.607158 0.491524 0.854721
0.697738 0.597771 0.894291
0.542349 0.561211 0.080926
0.545514 0.565017 0.084488
0.549330 0.569628 0.088883
0.555563 0.577274 0.096330
0.568232 0.592835 0.112144
0.572824 0.598523 0.118114
0.578728 0.606317 0.126348
0.584467 0.613815 0.134401
0.531640 0.575893 -0.021457
0.539207 0.584300 -0.014898
0.548478 0.594690 -0.006308
0.566130 0.615230 0.012178
0.591691 0.645721 0.043155
0.490431 0.370118 0.659883
0.496104 0.378171 0.661598
0.502103 0.387375 0.663319
0.514471 0.405764 0.666134
0.536834 0.439773 0.669506
0.549650 0.458407 0.670497
0.561060 0.475247 0.671023
0.573126 0.493848 0.671358
0.452201 0.483981 -0.073966
0.459117 0.492506 -0.070384
0.468070 0.503231 -0.065577
0.483613 0.521409 -0.056671
0.512572 0.554310 -0.037453
0.538794 0.583980 -0.016008
0.521836 0.476434 0.384326
0.528771 0.486269 0.390433
0.537224 0.498488 0.397317
0.552661 0.521340 0.408482
0.586547 0.574061 0.429433
0.602657 0.600232 0.439129
0.615614 0.621735 0.447460
0.628317 0.643293 0.456498
0.570840 0.701196 -0.122089
0.574366 0.705988 -0.118749
0.577892 0.711069 -0.115212
0.591659 0.730936 -0.100995
0.608242 0.755273 -0.083005
0.205983 -0.076076 0.303756
0.209715 -0.068499 0.318142
0.213153 -0.060615 0.334171
0.222961 -0.044965 0.370526
0.252535 -0.005378 0.482403
0.462475 0.300056 0.850577
0.488560 0.335442 0.864983
0.526885 0.386864 0.884360
0.583160 0.457383 0.912136
0.685696 0.564267 0.975775
0.718472 0.593240 1.001887
0.739283 0.608136 1.020683
0.458219 0.437450 0.098141
0.473224 0.455306 0.112985
0.482672 0.466684 0.122890
0.505646 0.494258 0.148414
0.528339 0.522351 0.176079
0.554349 0.555589 0.209748
0.592347 0.607420 0.260701
0.610404 0.633929 0.285469
0.291835 0.130626 0.281971
0.293366 0.131678 0.288778
0.294819 0.132534 0.294731
0.297841 0.134586 0.308341
0.307119 0.141227 0.350982
0.310963 0.143867 0.367167
0.314336 0.146430 0.381451
0.643841 0.750680 0.036590
0.646401 0.754288 0.040409
0.648967 0.757672 0.044029
0.653610 0.764960 0.051534
0.666241 0.785293 0.072380
0.586939 0.594949 0.288744
0.598115 0.611276 0.302638
0.606976 0.624661 0.313786
0.626757 0.655756 0.339572
0.504652 0.457411 0.341631
0.508553 0.462599 0.346264
0.512092 0.467342 0.350302
0.518064 0.475466 0.356844
0.567749 0.567975 0.264678
0.579069 0.583707 0.278919
0.588631 0.597252 0.290751
0.609549 0.628613 0.317091
0.646270 0.688850 0.368030
0.608159 0.479924 0.973625
0.633830 0.505628 0.994147
0.657791 0.528686 1.015589
0.697800 0.560134 1.052427
0.750688 0.595309 1.106253
0.630504 0.665808 0.309106
0.638473 0.679061 0.321745
0.644831 0.690141 0.332518
0.658273 0.714093 0.356614
0.356369 0.245664 0.266724
0.362560 0.250999 0.286399
0.370921 0.258069 0.312240
0.385296 0.271141 0.355076
0.422038 0.310684 0.439185
0.471643 0.375580 0.499823
0.503257 0.421253 0.519266
0.335681 0.104709 0.738045
0.367655 0.156138 0.783774
0.396122 0.201990 0.815520
0.458912 0.294998 0.864788
0.603557 0.477052 0.947962
0.665373 0.537869 0.992361
0.463275 0.361300 0.507522
0.472331 0.373891 0.514620
0.484025 0.390413 0.522344
0.507647 0.424962 0.533730
0.552829 0.495769 0.545203
0.594237 0.563527 0.550587
0.614183 0.597585 0.553925
0.527402 0.386342 0.908062
0.555475 0.422031 0.924244
0.583381 0.454272 0.940970
0.638237 0.509680 0.977835
0.691592 0.561053 1.023593
0.753733 0.600128 1.082313
0.760268 0.596594 1.091625
0.485321 0.451944 0.214582
0.493075 0.461397 0.225174
0.501332 0.471607 0.236428
0.516814 0.491046 0.257075
0.535075 0.514877 0.280455
0.551657 0.537316 0.300354
0.567690 0.559812 0.318354
0.583531 0.582923 0.335235
0.598986 0.606309 0.351277
0.573048 0.656606 -0.053649
0.575896 0.660279 -0.050377
0.580268 0.665207 -0.045787
0.587497 0.673690 -0.037725
0.594178 0.681719 -0.029892
0.717186 0.665023 0.821390
0.722976 0.671912 0.824997
0.731341 0.683382 0.831551
0.736680 0.701867 0.842691
0.755071 0.718050 0.853509
0.755071 0.718050 0.853509
0.234234 -0.030133 0.417248
0.242994 -0.019331 0.448745
0.253107 -0.005362 0.488248
0.272966 0.019958 0.553170
0.302803 0.061701 0.633255
0.392543 0.197331 0.774479
0.462055 0.300917 0.828608
0.366126 0.360635 -0.090518
0.371976 0.368739 -0.086447
0.377826 0.376698 -0.082650
0.404628 0.412540 -0.067328
0.422690 0.435118 -0.058289
0.460313 0.481398 -0.038484
0.290204 0.170604 0.090335
0.293367 0.174536 0.099619
0.296503 0.178328 0.108783
0.309619 0.193593 0.148443
0.333141 0.217512 0.225768
0.284245 0.043641 0.555299
0.288149 0.048636 0.566351
0.291663 0.053402 0.576217
0.299261 0.063432 0.595677
0.308702 0.076782 0.618763
0.334122 0.112780 0.669771
0.650327 0.722132 0.155761
0.657407 0.733598 0.169442
0.665052 0.746672 0.185240
0.677380 0.771322 0.215182
0.707988 0.838683 0.301274
0.402157 0.377057 0.023608
0.410371 0.387420 0.030030
0.418077 0.396738 0.035836
0.435005 0.417404 0.048918
0.474893 0.464969 0.082113
0.491405 0.484706 0.097766
0.508915 0.505593 0.115772
0.523877 0.523803 0.132588
0.570278 0.570245 0.275032
0.574427 0.576149 0.280258
0.576698 0.579330 0.283067
0.582506 0.587628 0.290240
0.346763 0.276177 0.075651
0.362258 0.294810 0.099914
0.393534 0.331087 0.148172
0.426730 0.368560 0.200835
0.345500 0.136098 0.659060
0.365879 0.166356 0.690403
0.391257 0.204558 0.721593
0.445353 0.283245 0.766073
0.505240 0.366127 0.794141
0.610057 0.689564 0.016320
0.612756 0.692914 0.019968
0.615973 0.697223 0.024624
0.621903 0.704475 0.032714
0.635220 0.722319 0.052566
0.592225 0.628731 0.117902
0.594978 0.632375 0.121933
0.597862 0.636279 0.126265
0.603056 0.642984 0.133841
0.614270 0.658226 0.151194
0.399447 0.414370 -0.093253
0.406934 0.425103 -0.089249
0.413371 0.433630 -0.086089
0.428603 0.452162 -0.079170
0.462393 0.493769 -0.062221
0.492856 0.529306 -0.044318
0.514123 0.553407 -0.029482
0.624801 0.707237 0.039416
0.630184 0.714174 0.047206
0.635659 0.721874 0.055796
0.649159 0.741765 0.077861
0.657774 0.755610 0.093161
0.602226 0.643076 0.126862
0.609017 0.652277 0.137266
0.616562 0.662854 0.149322
0.630132 0.681888 0.171445
0.657027 0.724669 0.221891
0.666856 0.743386 0.244603
0.675920 0.761256 0.267108
0.644377 0.699400 0.232128
0.646221 0.702456 0.235684
0.648489 0.706198 0.240018
0.652599 0.713087 0.248136
0.659416 0.725760 0.263072
0.403781 0.420903 -0.090538
0.417603 0.438437 -0.084010
0.434033 0.459352 -0.076150
0.450420 0.479296 -0.068179
0.473165 0.506369 -0.056022
0.510725 0.549311 -0.031821
0.384451 0.415072 -0.155716
0.396043 0.432430 -0.149516
0.411330 0.453743 -0.142354
0.448827 0.502485 -0.125447
0.486989 0.547592 -0.105818
0.569704 0.502086 0.624622
0.574061 0.509129 0.624695
0.580146 0.519376 0.624787
0.589664 0.534685 0.624835
0.614852 0.577827 0.625645
0.429772 0.416184 0.027367
0.438350 0.426449 0.033423
0.450074 0.440773 0.042131
0.495395 0.494611 0.079844
0.557657 0.570162 0.149376
0.299112 0.193507 0.068937
0.306475 0.202586 0.087251
0.314253 0.212070 0.106841
0.331127 0.231296 0.149711
0.348373 0.249496 0.195685
0.491909 0.580337 -0.153454
0.531171 0.627576 -0.126629
0.572911 0.679428 -0.088673
0.603255 0.719324 -0.054348
0.308930 0.246789 -0.049585
0.313509 0.253073 -0.042086
0.331243 0.277178 -0.016035
0.357121 0.310660 0.014839
0.391700 0.353818 0.049330
0.492720 0.561965 -0.116628
0.501192 0.571809 -0.111363
0.540239 0.616635 -0.082602
0.575873 0.658650 -0.047913
0.612642 0.705006 -0.002309
0.577814 0.625488 0.037136
0.580722 0.629005 0.040746
0.590638 0.641094 0.053527
0.602235 0.655892 0.069735
0.613014 0.670228 0.085888
0.415840 0.294415 0.470252
0.419399 0.298731 0.475942
0.430847 0.312938 0.492215
0.444804 0.331994 0.509117
0.465697 0.360686 0.527724
0.414109 0.457683 -0.141609
0.450116 0.504363 -0.125316
0.498758 0.561815 -0.099038
0.521705 0.588471 -0.083041
0.543971 0.613219 -0.065334
0.314324 0.187175 0.215385
0.315679 0.188385 0.220470
0.320691 0.192700 0.239501
0.327621 0.198228 0.266006
0.331163 0.200930 0.279619
0.334220 0.203483 0.292166
0.329408 0.297244 -0.095302
0.333655 0.303170 -0.090451
0.349242 0.326175 -0.073771
0.378679 0.366453 -0.050287
0.391966 0.384056 -0.041572
0.407466 0.403956 -0.032309
0.461389 0.535896 -0.155591
0.468254 0.544138 -0.152179
0.492418 0.573117 -0.138769
0.539098 0.628033 -0.105778
0.553605 0.645633 -0.092861
0.463129 0.510107 -0.097310
0.472010 0.520773 -0.092606
0.506655 0.560553 -0.071771
0.556782 0.617226 -0.030472
0.578887 0.643043 -0.006650
0.593813 0.660788 0.011420
0.668986 0.791001 0.074732
0.674556 0.801730 0.085469
0.691177 0.838065 0.121603
0.705597 0.874349 0.157820
0.713189 0.893315 0.176975
0.721106 0.914120 0.197812
0.364837 0.170916 0.654879
0.386420 0.202695 0.683617
0.412063 0.239694 0.709583
0.424002 0.257609 0.719890
0.436231 0.275413 0.728839
0.621866 0.683600 0.093523
0.653208 0.729620 0.147446
0.677530 0.774363 0.200980
0.688578 0.795348 0.227391
0.697745 0.816263 0.253918
0.429202 0.385406 0.141703
0.463449 0.425585 0.186066
0.497761 0.466949 0.232739
0.516914 0.490970 0.258392
0.534140 0.616371 -0.098894
0.539327 0.621844 -0.094960
0.550716 0.635266 -0.084969
0.561765 0.648436 -0.074447
0.569062 0.657186 -0.067073
0.576392 0.666123 -0.059250
0.301863 0.195434 0.081616
0.312949 0.209032 0.110233
0.324011 0.221751 0.138953
0.330635 0.229047 0.156571
0.335733 0.234565 0.170501
