77.640000
78.647000
79.630000
80.649000
82.694000
84.780000
77.746000
78.751000
81.705000
82.822000
83.718000
81.035000
83.009000
85.021000
86.021000
87.020000
87.168000
89.482000
90.243000
91.245000
92.471000
81.500000
82.415000
83.411000
84.375000
85.462000
87.499000
89.684000
78.777000
80.797000
82.645000
83.713000
84.715000
77.059000
78.075000
79.053000
81.908000
82.918000
83.879000
76.580000
77.571000
78.576000
79.551000
80.602000
62.935000
63.929000
64.983000
65.980000
68.261000
69.309000
70.322000
87.217000
88.254000
89.204000
90.261000
91.337000
80.999000
82.094000
83.036000
84.112000
86.040000
88.107000
75.195000
76.186000
77.226000
78.223000
79.463000
81.245000
82.223000
83.244000
74.970000
75.795000
76.772000
77.821000
78.938000
80.797000
64.897000
65.342000
65.662000
66.913000
67.945000
68.904000
70.902000
72.986000
73.947000
62.950000
63.431000
63.979000
64.994000
66.010000
67.998000
76.516000
77.044000
77.446000
78.410000
79.464000
84.885000
66.061000
66.587000
66.995000
68.011000
69.027000
72.630000
73.065000
73.506000
74.519000
75.515000
66.787000
67.226000
67.948000
68.846000
69.878000
70.938000
76.000000
75.879000
76.343000
76.844000
77.837000
78.834000
79.883000
72.474000
72.893000
73.517000
74.486000
75.540000
76.498000
77.448000
77.904000
78.458000
79.455000
80.471000
73.204000
73.665000
74.122000
76.195000
77.175000
75.246000
75.726000
76.232000
77.226000
78.228000
79.332000
74.061000
75.072000
76.181000
77.065000
79.121000
66.063000
66.591000
67.192000
68.186000
69.095000
70.127000
71.578000
72.082000
68.372000
68.840000
69.377000
70.335000
71.395000
72.432000
83.225000
83.767000
84.240000
85.259000
86.277000
90.256000
72.869000
73.356000
73.848000
74.842000
75.839000
76.835000
63.455000
63.921000
64.457000
65.429000
66.464000
67.480000
69.454000
62.012000
62.464000
63.017000
64.033000
65.049000
66.042000
81.064000
81.481000
82.056000
83.088000
85.098000
65.642000
66.057000
66.651000
67.628000
68.641000
69.627000
71.822000
88.390000
88.871000
89.369000
90.328000
91.341000
92.436000
69.577000
70.212000
70.672000
71.636000
73.602000
59.616000
60.085000
60.603000
61.577000
62.607000
63.677000
87.879000
88.324000
88.901000
89.917000
90.916000
91.929000
75.233000
75.844000
76.285000
77.314000
78.278000
80.252000
61.725000
62.187000
62.749000
63.778000
64.723000
65.716000
71.776000
72.282000
72.772000
73.768000
74.773000
76.783000
78.409000
67.888000
68.422000
68.901000
69.900000
70.916000
71.989000
75.149000
76.397000
63.937000
64.480000
64.961000
65.977000
67.015000
67.954000
71.705000
72.819000
78.168000
78.598000
79.190000
80.192000
81.191000
76.560000
77.679000
78.656000
79.672000
80.709000
84.274000
62.567000
63.093000
63.776000
64.676000
65.640000
66.650000
69.736000
70.826000
66.459000
66.924000
67.420000
68.383000
69.388000
70.300000
72.216000
73.309000
67.796000
68.287000
68.854000
70.040000
70.919000
76.707000
77.339000
77.856000
78.962000
79.882000
68.951000
69.394000
69.996000
70.995000
71.967000
73.002000
75.874000
76.701000
77.752000
70.957000
71.387000
71.973000
72.996000
73.966000
75.157000
80.761000
81.363000
82.034000
83.077000
83.844000
85.848000
71.313000
71.953000
72.419000
74.215000
77.730000
78.174000
78.869000
79.825000
80.816000
81.813000
82.812000
84.594000
85.528000
86.533000
65.623000
66.733000
67.228000
68.556000
70.881000
83.141000
83.674000
84.093000
85.166000
86.158000
87.149000
88.145000
80.485000
81.101000
81.492000
85.065000
87.319000
89.388000
57.800000
58.313000
58.823000
59.822000
61.914000
64.424000
65.478000
66.606000
66.905000
67.518000
67.984000
69.018000
70.100000
71.044000
68.083000
68.575000
69.076000
70.056000
71.056000
72.085000
76.087000
77.079000
78.308000
79.211000
80.066000
63.779000
64.238000
64.764000
65.755000
66.806000
67.805000
70.472000
68.921000
69.429000
69.968000
70.984000
71.923000
72.876000
82.297000
82.754000
83.310000
84.309000
85.317000
86.324000
88.315000
68.212000
68.731000
69.230000
70.226000
71.258000
72.233000
74.361000
74.729000
75.304000
76.312000
77.317000
78.395000
80.443000
81.478000
82.480000
83.449000
82.161000
83.176000
84.230000
85.205000
86.199000
89.627000
90.607000
70.577000
71.198000
71.658000
72.788000
73.736000
74.729000
55.637000
56.066000
56.643000
57.659000
58.806000
63.710000
63.648000
64.107000
64.679000
65.621000
66.678000
67.639000
68.865000
69.654000
70.773000
71.754000
72.753000
68.573000
69.079000
69.594000
70.612000
71.625000
72.581000
75.576000
73.633000
74.043000
74.560000
75.505000
76.531000
77.512000
80.846000
82.021000
57.074000
57.473000
58.075000
59.102000
60.079000
61.084000
62.059000
63.055000
64.052000
65.062000
66.064000
65.271000
65.834000
66.530000
68.041000
70.379000
75.852000
76.355000
76.871000
77.895000
79.907000
62.098000
62.685000
63.192000
64.208000
65.147000
66.124000
68.301000
70.332000
69.491000
70.136000
70.538000
71.650000
72.556000
73.531000
64.043000
64.588000
65.084000
66.061000
67.096000
68.052000
65.814000
66.292000
66.798000
67.814000
68.786000
69.782000
72.233000
74.223000
61.416000
61.914000
62.374000
63.392000
64.424000
65.369000
67.833000
68.857000
69.815000
74.915000
75.417000
75.910000
76.999000
77.927000
80.036000
81.317000
82.565000
70.612000
71.061000
71.508000
72.589000
73.531000
74.621000
76.737000
77.649000
78.664000
67.018000
67.452000
68.109000
70.069000
73.765000
74.767000
75.791000
72.944000
73.508000
73.935000
75.003000
76.016000
76.982000
78.058000
71.124000
71.581000
72.035000
73.032000
74.061000
71.743000
72.216000
72.755000
73.788000
75.740000
63.133000
63.600000
64.079000
65.117000
67.164000
58.857000
59.416000
59.885000
60.878000
61.875000
74.792000
75.249000
75.836000
76.827000
78.809000
79.096000
79.584000
80.063000
81.079000
82.072000
83.116000
85.199000
86.163000
87.151000
59.987000
60.654000
61.032000
62.088000
64.062000
65.073000
66.017000
66.560000
67.059000
68.044000
70.226000
71.967000
73.963000
67.958000
68.583000
69.045000
70.080000
72.093000
73.807000
74.926000
69.183000
69.651000
70.226000
71.244000
73.240000
87.863000
88.403000
88.923000
89.903000
91.929000
64.445000
64.981000
65.522000
66.557000
68.460000
70.524000
71.690000
72.577000
67.526000
68.068000
68.490000
69.497000
71.491000
73.580000
74.560000
72.736000
73.216000
73.769000
74.749000
77.388000
80.307000
70.278000
70.758000
71.283000
72.279000
73.306000
75.362000
77.788000
71.603000
72.076000
72.607000
73.604000
75.564000
79.205000
79.695000
80.260000
81.252000
84.931000
87.061000
71.629000
72.191000
72.649000
73.664000
75.677000
68.072000
68.533000
69.070000
70.031000
72.043000
72.358000
72.862000
73.426000
74.478000
75.414000
77.426000
79.039000
80.972000
66.850000
67.422000
67.874000
68.928000
69.867000
70.872000
70.602000
71.047000
71.573000
72.580000
73.615000
68.919000
69.481000
70.018000
70.957000
72.978000
80.800000
81.380000
81.875000
82.891000
84.829000
73.640000
74.253000
74.656000
75.677000
77.645000
76.137000
76.706000
77.185000
78.143000
80.219000
66.634000
67.296000
67.712000
68.652000
70.724000
66.678000
67.094000
67.611000
68.638000
70.190000
74.013000
75.028000
63.515000
64.016000
64.476000
65.476000
67.551000
69.977000
71.994000
68.449000
68.953000
69.421000
70.415000
72.446000
74.733000
75.737000
70.235000
70.801000
71.250000
72.219000
72.842000
73.432000
73.985000
74.892000
77.030000
74.136000
74.779000
75.340000
76.350000
78.196000
80.619000
81.599000
82.847000
75.683000
76.317000
76.720000
77.716000
79.699000
81.820000
57.239000
57.810000
58.243000
58.998000
82.159000
82.623000
83.086000
84.162000
86.098000
88.835000
90.848000
70.756000
71.319000
71.822000
72.802000
74.812000
76.729000
78.626000
84.469000
84.925000
85.511000
86.524000
88.465000
64.232000
64.692000
65.245000
66.280000
69.653000
70.535000
72.701000
59.251000
59.696000
60.285000
61.319000
62.354000
64.986000
66.401000
68.156000
71.115000
84.671000
85.188000
85.648000
86.675000
88.989000
90.363000
62.376000
62.982000
63.406000
64.397000
66.434000
73.454000
73.911000
74.434000
75.389000
72.631000
73.150000
73.591000
74.673000
76.638000
78.886000
80.970000
75.567000
76.206000
76.548000
77.605000
79.579000
75.490000
75.913000
76.545000
77.421000
79.491000
68.500000
68.947000
69.508000
70.488000
72.556000
74.560000
76.553000
81.837000
82.374000
82.815000
83.891000
85.848000
88.162000
81.593000
82.111000
82.609000
83.609000
85.561000
60.141000
60.614000
61.107000
62.084000
64.200000
66.232000
67.450000
68.488000
78.648000
79.456000
79.650000
80.707000
82.700000
84.863000
85.928000
70.865000
71.315000
71.876000
72.816000
74.866000
77.073000
55.087000
55.552000
56.126000
57.054000
58.062000
59.192000
60.121000
61.249000
62.242000
67.552000
68.112000
68.630000
69.624000
72.011000
73.903000
74.916000
75.910000
79.388000
79.942000
80.454000
81.377000
87.603000
81.883000
82.360000
82.836000
83.841000
85.845000
89.068000
89.525000
90.081000
91.066000
93.185000
75.853000
76.452000
76.838000
79.927000
63.124000
63.601000
64.134000
65.240000
70.286000
71.340000
72.926000
73.473000
73.954000
74.888000
77.004000
79.778000
80.337000
80.813000
81.796000
88.523000
89.114000
89.651000
90.571000
92.509000
63.732000
64.205000
64.774000
65.785000
67.660000
69.642000
70.655000
61.861000
62.346000
62.845000
63.817000
65.796000
73.031000
73.506000
74.042000
74.976000
76.969000
78.910000
80.898000
73.360000
73.820000
74.379000
75.345000
80.525000
81.536000
73.960000
74.469000
75.011000
75.986000
78.132000
72.404000
72.911000
73.333000
74.406000
76.405000
81.212000
81.782000
82.281000
83.321000
84.375000
84.813000
85.350000
86.374000
88.386000
71.134000
71.639000
72.121000
73.175000
75.151000
74.239000
74.818000
75.335000
76.397000
80.011000
81.068000
71.357000
71.951000
72.356000
73.451000
75.406000
72.811000
73.555000
73.993000
75.009000
77.123000
79.009000
80.969000
69.626000
70.083000
70.598000
71.600000
73.632000
82.191000
82.787000
83.228000
84.243000
86.247000
62.008000
62.473000
63.039000
64.079000
66.012000
68.016000
65.697000
66.165000
66.748000
67.783000
69.777000
71.816000
73.221000
73.840000
69.894000
70.392000
70.946000
71.951000
74.319000
75.556000
76.035000
76.465000
79.567000
84.078000
84.545000
85.065000
86.056000
88.389000
90.407000
91.425000
92.471000
85.078000
85.544000
86.061000
87.061000
89.158000
91.425000
93.514000
83.075000
83.546000
84.058000
85.092000
87.387000
89.443000
62.411000
62.869000
63.431000
64.411000
66.473000
68.542000
80.497000
80.987000
81.539000
82.535000
84.528000
86.521000
87.537000
61.978000
62.473000
63.042000
64.055000
66.015000
67.806000
69.840000
77.297000
77.881000
78.261000
79.274000
81.314000
83.241000
85.218000
79.352000
79.784000
80.331000
81.372000
83.378000
84.413000
85.418000
86.565000
78.441000
78.951000
79.395000
80.443000
82.417000
84.457000
85.566000
59.085000
59.600000
60.109000
63.102000
65.615000
70.326000
70.842000
71.340000
72.317000
74.308000
76.339000
78.486000
81.481000
82.070000
82.527000
83.639000
68.694000
69.193000
69.711000
70.658000
71.685000
64.042000
64.518000
65.046000
66.029000
68.000000
69.051000
70.010000
71.242000
72.069000
64.737000
65.201000
65.763000
66.743000
68.755000
70.874000
78.050000
78.508000
79.099000
80.077000
82.108000
83.986000
86.108000
74.302000
74.798000
75.297000
76.337000
78.336000
79.666000
81.282000
56.451000
56.893000
57.427000
58.500000
60.482000
82.384000
82.908000
83.439000
84.324000
86.374000
75.256000
75.759000
76.238000
81.683000
82.907000
69.993000
70.492000
70.990000
71.987000
77.066000
62.982000
63.485000
64.000000
65.002000
65.999000
66.479000
66.987000
67.414000
68.449000
70.461000
72.416000
73.432000
74.581000
70.224000
70.696000
71.176000
72.194000
74.721000
63.904000
64.408000
64.881000
65.883000
67.857000
79.426000
80.312000
80.774000
81.785000
73.663000
74.152000
74.645000
75.647000
77.739000
85.996000
86.464000
86.968000
87.981000
89.960000
91.452000
93.462000
63.080000
63.680000
64.178000
65.136000
72.931000
73.426000
73.924000
74.940000
76.895000
77.930000
63.681000
64.189000
64.671000
65.684000
74.713000
75.206000
75.743000
76.739000
78.790000
61.902000
62.374000
62.935000
63.883000
65.947000
67.852000
68.983000
69.837000
70.973000
71.455000
71.934000
72.950000
74.924000
77.169000
78.147000
79.162000
72.893000
73.390000
74.569000
75.108000
77.076000
79.894000
73.948000
74.483000
74.935000
75.934000
77.911000
79.392000
81.412000
71.425000
72.099000
72.466000
73.462000
77.183000
78.193000
79.193000
75.124000
75.606000
76.107000
77.098000
79.099000
81.207000
82.431000
83.261000
83.883000
84.506000
85.007000
86.174000
77.515000
77.950000
78.530000
79.556000
81.514000
82.510000
70.927000
71.316000
71.957000
72.934000
75.078000
72.531000
73.036000
73.550000
74.642000
78.451000
80.411000
73.685000
74.289000
74.730000
75.649000
81.013000
75.640000
76.315000
76.794000
77.829000
79.847000
71.036000
71.546000
72.080000
72.854000
75.672000
76.734000
78.686000
69.809000
70.313000
70.790000
71.808000
73.757000
75.389000
76.394000
75.352000
75.778000
76.370000
77.336000
79.420000
81.260000
82.694000
83.365000
76.883000
77.349000
77.894000
78.888000
82.866000
74.667000
75.154000
75.652000
76.668000
78.655000
79.677000
80.588000
76.179000
76.706000
77.147000
78.239000
80.213000
81.363000
74.073000
75.074000
76.230000
78.127000
79.578000
68.348000
68.841000
69.339000
70.333000
72.323000
73.377000
62.377000
62.922000
63.423000
64.400000
66.440000
72.574000
73.180000
73.503000
74.656000
76.751000
69.324000
69.930000
70.253000
71.406000
73.498000
77.083000
77.755000
78.122000
79.159000
81.092000
82.995000
84.942000
70.797000
71.425000
72.019000
72.805000
74.809000
62.933000
63.412000
63.915000
65.002000
67.154000
69.569000
70.566000
75.430000
76.014000
76.469000
77.471000
79.483000
69.087000
72.745000
74.722000
75.809000
76.920000
71.734000
72.180000
72.748000
73.728000
75.732000
77.287000
66.701000
67.759000
70.547000
72.362000
74.593000
79.653000
80.170000
80.731000
81.667000
85.111000
69.938000
70.522000
71.070000
72.047000
74.065000
72.944000
73.443000
73.976000
75.006000
76.983000
80.887000
67.873000
68.433000
68.907000
69.900000
71.899000
73.794000
83.730000
84.147000
84.668000
85.719000
91.236000
75.847000
76.362000
76.923000
77.914000
79.970000
81.326000
82.842000
68.221000
68.704000
69.205000
70.234000
72.230000
73.243000
74.010000
74.957000
76.022000
73.756000
74.253000
74.724000
75.822000
77.733000
79.860000
76.796000
77.358000
77.900000
78.839000
80.922000
59.565000
60.065000
60.783000
61.664000
63.603000
80.406000
80.955000
81.434000
82.718000
87.121000
65.198000
65.628000
66.179000
67.242000
69.213000
70.650000
72.657000
68.408000
69.066000
69.410000
70.355000
73.914000
75.894000
70.115000
70.607000
71.154000
72.154000
74.152000
76.598000
77.172000
77.679000
78.905000
80.972000
83.220000
84.230000
71.999000
72.561000
73.161000
74.116000
75.069000
76.055000
78.124000
55.085000
55.567000
56.027000
57.100000
59.050000
72.031000
72.501000
73.011000
74.024000
75.176000
62.379000
62.981000
63.496000
64.476000
66.620000
68.687000
69.648000
68.402000
68.876000
69.391000
70.387000
72.263000
84.765000
85.232000
85.884000
86.861000
88.887000
76.194000
76.657000
77.270000
78.133000
80.145000
82.026000
83.023000
83.981000
66.973000
67.480000
68.080000
69.032000
71.108000
72.507000
81.180000
81.679000
82.273000
83.286000
87.067000
76.229000
76.681000
77.218000
78.273000
79.234000
74.540000
75.085000
75.584000
76.583000
73.520000
73.938000
74.456000
75.485000
77.599000
75.951000
76.385000
77.002000
78.015000
79.089000
72.473000
73.087000
73.509000
74.489000
76.515000
77.995000
78.496000
79.072000
80.011000
82.061000
83.575000
85.637000
71.168000
71.663000
72.219000
73.287000
75.162000
76.849000
77.873000
78.905000
67.478000
67.956000
68.474000
69.626000
72.006000
73.205000
75.203000
82.654000
83.217000
83.688000
84.685000
86.722000
88.233000
89.764000
90.226000
71.562000
72.148000
72.665000
73.618000
75.638000
77.089000
78.171000
69.232000
69.681000
70.179000
71.239000
73.246000
74.354000
60.852000
61.347000
61.831000
62.858000
63.898000
65.073000
66.390000
75.232000
75.739000
76.345000
77.287000
79.282000
80.947000
74.507000
75.050000
75.564000
76.577000
80.065000
81.067000
82.102000
75.105000
75.674000
76.151000
77.145000
70.869000
71.425000
71.893000
72.898000
74.905000
76.093000
77.076000
66.201000
67.080000
69.588000
71.811000
71.417000
71.860000
72.399000
73.396000
75.512000
77.103000
79.069000
72.617000
73.064000
73.656000
78.595000
80.211000
77.069000
77.591000
78.150000
79.105000
81.268000
82.982000
80.127000
80.633000
81.172000
82.144000
84.156000
85.898000
66.713000
67.173000
67.773000
68.821000
70.686000
68.727000
69.511000
69.993000
70.793000
75.986000
67.959000
68.424000
69.267000
70.067000
72.158000
77.639000
78.116000
78.692000
79.757000
81.692000
68.464000
68.986000
69.440000
70.453000
72.493000
73.826000
75.915000
67.599000
68.165000
68.663000
69.679000
70.637000
63.835000
64.337000
64.873000
65.829000
68.071000
69.637000
71.638000
65.979000
66.461000
66.937000
67.937000
70.119000
71.934000
74.007000
64.245000
64.887000
65.498000
66.242000
67.398000
76.153000
76.627000
77.145000
78.139000
80.173000
66.573000
67.163000
67.598000
68.603000
70.466000
70.906000
71.521000
72.394000
74.815000
76.386000
79.803000
80.366000
80.876000
81.842000
83.896000
85.640000
66.224000
66.771000
67.236000
68.249000
71.770000
73.771000
74.810000
75.285000
75.811000
76.851000
77.829000
78.877000
79.893000
77.259000
77.832000
78.322000
79.316000
81.339000
82.921000
84.950000
69.682000
70.201000
70.820000
71.646000
73.719000
73.300000
73.859000
74.349000
75.400000
77.358000
80.961000
72.768000
73.273000
73.755000
76.777000
78.330000
79.326000
74.354000
74.798000
75.332000
76.307000
78.355000
79.639000
80.627000
81.618000
84.193000
84.651000
85.163000
86.179000
88.213000
90.245000
77.658000
78.171000
78.522000
79.653000
81.679000
83.893000
84.465000
84.982000
85.946000
87.901000
58.584000
59.195000
59.616000
60.662000
62.658000
71.819000
72.370000
72.791000
73.903000
75.817000
80.445000
80.898000
81.416000
82.431000
84.424000
71.630000
72.128000
73.064000
73.695000
78.251000
78.191000
78.648000
79.275000
80.082000
84.449000
85.410000
66.550000
67.072000
67.570000
68.550000
70.582000
72.123000
68.146000
68.646000
69.257000
70.119000
73.054000
60.749000
61.202000
61.711000
62.708000
64.720000
66.421000
68.392000
67.711000
68.200000
68.687000
69.695000
71.688000
73.974000
74.949000
71.466000
71.948000
72.447000
73.424000
75.420000
67.958000
68.534000
69.026000
70.007000
72.046000
73.651000
75.742000
70.085000
70.636000
71.159000
72.117000
73.070000
74.187000
66.893000
67.373000
67.887000
68.884000
69.848000
73.817000
74.278000
74.862000
75.842000
76.885000
77.851000
77.998000
78.492000
79.012000
79.995000
81.988000
83.636000
84.643000
85.667000
78.970000
79.548000
80.123000
81.139000
83.129000
84.545000
85.678000
66.462000
66.913000
67.512000
68.462000
69.519000
79.352000
79.805000
80.304000
81.352000
83.351000
70.205000
70.671000
71.261000
72.274000
74.289000
67.071000
67.540000
68.104000
69.100000
71.083000
77.425000
77.911000
78.407000
79.368000
81.377000
82.837000
63.255000
63.760000
64.354000
65.389000
67.417000
73.080000
73.618000
74.143000
75.058000
77.796000
78.565000
80.561000
67.474000
68.074000
68.591000
69.508000
71.784000
70.628000
71.113000
71.633000
72.649000
75.986000
77.243000
69.297000
69.796000
70.319000
71.312000
73.265000
69.854000
70.335000
70.855000
71.849000
75.611000
66.590000
67.110000
67.609000
68.611000
69.607000
70.809000
65.437000
66.016000
66.517000
67.513000
69.504000
71.267000
73.241000
76.671000
77.133000
78.188000
80.140000
65.817000
66.257000
66.891000
67.899000
69.889000
62.198000
63.222000
65.213000
66.209000
65.157000
65.667000
66.113000
67.178000
69.098000
70.437000
72.468000
65.074000
65.520000
66.073000
67.009000
69.063000
70.382000
72.436000
56.257000
56.818000
57.240000
58.272000
60.323000
62.450000
63.784000
67.003000
67.482000
67.961000
69.092000
71.031000
68.460000
68.916000
69.544000
70.502000
75.805000
67.757000
68.180000
68.657000
69.749000
72.125000
77.183000
77.626000
78.163000
79.178000
81.114000
82.803000
83.819000
84.816000
61.211000
61.742000
62.240000
63.226000
65.197000
77.760000
78.256000
78.897000
80.000000
81.796000
69.214000
69.719000
70.286000
71.324000
72.246000
69.570000
70.141000
70.672000
71.649000
73.664000
76.251000
77.292000
67.826000
68.424000
68.934000
69.982000
71.956000
72.728000
73.181000
73.779000
74.768000
76.838000
77.115000
77.609000
78.091000
79.126000
81.097000
70.941000
71.458000
71.937000
72.972000
74.946000
76.402000
77.421000
78.436000
65.125000
65.591000
66.106000
67.102000
69.123000
70.522000
67.695000
68.342000
68.772000
72.848000
74.847000
76.447000
76.903000
77.404000
78.395000
80.427000
82.573000
60.891000
61.459000
61.914000
62.987000
65.480000
66.092000
66.533000
67.565000
69.566000
71.116000
75.534000
76.022000
76.501000
77.536000
79.510000
80.545000
81.580000
82.615000
85.977000
86.458000
86.984000
87.923000
89.971000
91.069000
77.959000
78.516000
79.007000
80.022000
82.026000
83.119000
84.096000
85.109000
72.395000
72.950000
73.435000
74.428000
60.781000
61.227000
61.730000
62.741000
64.758000
66.141000
68.337000
70.637000
71.122000
71.658000
72.630000
74.645000
78.092000
64.551000
65.054000
65.536000
66.566000
68.520000
56.761000
57.286000
57.809000
58.798000
60.810000
62.154000
68.067000
68.559000
69.076000
70.086000
71.987000
73.098000
74.141000
75.110000
69.483000
69.974000
70.491000
71.502000
73.402000
74.513000
75.557000
76.490000
61.752000
62.268000
62.850000
63.827000
65.941000
70.634000
71.086000
71.699000
72.654000
74.667000
76.832000
77.832000
72.335000
72.802000
73.297000
74.316000
76.328000
77.407000
78.445000
83.820000
84.427000
84.907000
85.903000
75.987000
76.434000
77.011000
77.991000
79.976000
80.964000
66.449000
66.902000
67.425000
68.397000
70.393000
71.387000
72.411000
73.383000
84.839000
85.243000
85.837000
86.847000
89.172000
72.018000
72.421000
73.065000
74.018000
76.057000
77.120000
78.097000
79.214000
72.704000
73.267000
73.842000
74.888000
68.063000
68.566000
69.026000
70.042000
72.079000
72.922000
73.957000
74.973000
71.974000
72.676000
73.021000
73.988000
72.100000
72.671000
73.142000
74.141000
75.135000
78.381000
78.807000
79.280000
80.255000
82.289000
67.691000
68.153000
68.706000
69.703000
71.661000
73.903000
74.957000
74.325000
74.905000
75.375000
76.424000
78.450000
60.727000
61.201000
61.780000
62.752000
64.767000
65.509000
66.552000
67.557000
69.743000
70.202000
70.777000
71.943000
73.761000
79.376000
79.841000
80.358000
81.396000
83.285000
84.339000
85.319000
86.373000
73.095000
73.572000
74.188000
75.204000
77.093000
78.859000
83.861000
84.327000
84.887000
85.911000
88.227000
89.402000
90.398000
91.430000
65.077000
65.561000
66.086000
68.170000
70.738000
55.156000
55.735000
56.255000
57.251000
59.324000
77.215000
77.660000
78.273000
79.212000
81.263000
82.224000
83.198000
77.355000
78.007000
78.423000
79.447000
80.501000
81.768000
83.775000
84.832000
57.789000
58.305000
58.759000
59.759000
62.718000
63.808000
64.747000
74.299000
74.776000
75.244000
76.251000
79.126000
84.481000
85.032000
85.487000
86.563000
76.159000
76.761000
77.295000
78.201000
75.042000
75.551000
75.994000
77.018000
79.077000
74.868000
75.335000
75.847000
76.824000
78.820000
75.661000
76.206000
76.660000
77.659000
59.737000
60.192000
60.780000
61.736000
63.729000
65.686000
66.741000
68.225000
68.802000
69.281000
70.195000
72.282000
73.347000
68.208000
68.646000
69.166000
70.215000
72.208000
74.144000
75.179000
75.411000
75.907000
76.406000
77.419000
78.670000
81.252000
82.503000
74.856000
75.343000
75.863000
76.835000
77.990000
79.047000
80.079000
81.131000
82.201000
62.509000
62.932000
63.530000
64.564000
65.561000
77.815000
78.262000
79.015000
79.822000
81.848000
82.716000
68.118000
68.673000
69.295000
70.225000
71.307000
73.448000
74.754000
72.068000
72.581000
73.079000
75.130000
76.334000
78.601000
69.489000
70.002000
70.500000
72.551000
76.022000
59.697000
60.222000
60.704000
61.659000
62.768000
65.281000
73.566000
74.024000
74.544000
75.543000
78.360000
64.642000
65.167000
65.642000
66.666000
69.015000
69.996000
71.055000
71.989000
71.683000
72.421000
72.805000
73.826000
75.976000
77.119000
79.255000
81.382000
68.956000
69.445000
69.984000
70.978000
71.978000
67.423000
67.873000
68.455000
69.443000
71.863000
73.386000
73.886000
74.423000
75.368000
77.531000
69.377000
69.928000
70.385000
71.379000
73.400000
75.100000
76.277000
67.625000
68.586000
69.607000
72.457000
74.420000
71.286000
71.745000
72.282000
73.256000
75.567000
76.585000
77.568000
78.433000
78.885000
79.477000
80.520000
82.472000
65.182000
66.128000
67.163000
68.124000
69.386000
71.420000
68.317000
69.314000
70.428000
72.588000
74.409000
76.733000
77.175000
77.766000
78.729000
81.453000
66.415000
66.850000
67.442000
69.700000
73.057000
69.407000
70.377000
71.373000
73.424000
75.409000
74.270000
76.435000
78.907000
80.939000
65.762000
66.218000
67.822000
69.777000
71.997000
76.925000
77.327000
79.176000
81.016000
83.225000
72.595000
73.041000
74.653000
76.687000
78.689000
68.716000
69.240000
70.831000
72.703000
75.192000
69.920000
71.868000
74.083000
75.107000
76.106000
65.208000
65.652000
67.233000
69.339000
70.382000
71.332000
69.223000
69.662000
71.236000
73.686000
74.650000
75.679000
76.434000
76.874000
78.459000
81.479000
82.475000
66.574000
67.001000
68.569000
70.921000
72.076000
72.895000
73.587000
74.109000
75.872000
77.635000
78.651000
79.839000
78.874000
80.950000
83.200000
84.123000
85.101000
75.130000
77.193000
79.260000
80.279000
81.256000
65.969000
67.975000
69.987000
71.113000
59.891000
60.506000
62.001000
63.480000
64.493000
65.533000
67.079000
69.128000
71.074000
72.211000
73.068000
