0.069360 -0.000200 -0.000331 0.071702 -0.000769 0.077517
0.068175 -0.002371 0.000020 0.066204 -0.000677 0.077564
0.066589 -0.005313 0.001178 0.059273 0.001019 0.076858
0.067190 -0.004268 0.001981 0.062899 0.003473 0.075824
0.069057 -0.000575 0.000566 0.071602 0.001081 0.077088
0.069660 -0.000297 -0.002113 0.070497 -0.004463 0.076914
0.064378 -0.008374 0.001107 0.051694 -0.000487 0.076389
0.059528 -0.015844 0.006233 0.029979 0.009825 0.069847
0.061296 -0.014296 0.009175 0.036651 0.020405 0.062253
0.064861 -0.008303 0.007864 0.054657 0.018175 0.066966
0.067351 -0.003606 0.004122 0.065015 0.009649 0.073822
0.069911 0.000169 -0.001850 0.071728 -0.003381 0.075191
0.064913 -0.006855 0.002249 0.057666 0.003518 0.074414
0.059844 -0.014437 0.008291 0.038590 0.017568 0.065170
0.061491 -0.013189 0.011540 0.042338 0.026657 0.053864
0.064495 -0.008833 0.010521 0.053291 0.024637 0.058511
0.066834 -0.004597 0.005953 0.060859 0.016214 0.069761
0.069543 0.000097 -0.000169 0.072467 -0.000278 0.076723
0.068709 -0.001015 0.000609 0.070470 0.001257 0.076793
0.067059 -0.003479 0.003073 0.065837 0.006278 0.073931
0.066746 -0.004306 0.005555 0.064052 0.011653 0.068556
0.067690 -0.003060 0.004648 0.065947 0.010575 0.069099
0.068537 -0.001650 0.002414 0.068048 0.006984 0.073757
0.069398 0.000007 0.000006 0.072464 0.000004 0.077402
0.069391 -0.000003 0.000010 0.072438 0.000034 0.077437
0.069330 -0.000088 0.000120 0.072293 0.000251 0.077273
0.069274 -0.000181 0.000311 0.072119 0.000639 0.076850
0.069298 -0.000162 0.000297 0.072103 0.000705 0.076759
0.069387 -0.000001 0.000002 0.072456 0.000005 0.077418
0.069387 -0.000001 0.000003 0.072455 0.000007 0.077415
0.069630 0.000170 -0.001305 0.072442 -0.002291 0.076769
0.068673 -0.001206 -0.000035 0.069880 -0.000248 0.076862
0.067848 -0.002438 0.001158 0.067551 0.002066 0.076231
0.068337 -0.001727 0.001572 0.069066 0.003067 0.075457
0.069022 -0.000602 0.000807 0.071362 0.001583 0.076279
0.069291 -0.000152 0.000222 0.072189 0.000458 0.077164
0.072707 0.003084 -0.008341 0.075403 -0.012335 0.064981
0.064803 -0.006699 0.000083 0.058320 0.001039 0.068941
0.060214 -0.011942 0.007764 0.048362 0.017530 0.063629
0.062981 -0.009264 0.011771 0.054963 0.024822 0.054300
0.066083 -0.005326 0.008939 0.062670 0.018570 0.059717
0.068132 -0.002121 0.003347 0.067795 0.008260 0.071758
0.075818 0.005279 -0.004628 0.077757 -0.005565 0.052377
0.068682 -0.002533 -0.001387 0.064182 0.001510 0.067054
0.059707 -0.010661 0.009573 0.054627 0.024870 0.054792
0.062587 -0.009126 0.014470 0.059233 0.030286 0.034519
0.064827 -0.007464 0.012641 0.059539 0.026485 0.037114
0.066689 -0.004566 0.006866 0.061498 0.018947 0.058084
0.071990 0.001600 0.001368 0.073858 0.001477 0.067721
0.076263 0.007091 -0.005586 0.079485 -0.006115 0.083477
0.071695 0.002698 0.000977 0.075601 0.004979 0.071803
0.066505 -0.004455 0.009911 0.065824 0.018899 0.046706
0.066512 -0.004857 0.008270 0.063335 0.018080 0.044680
0.067685 -0.003007 0.004554 0.064997 0.013668 0.060613
0.069534 0.000012 0.000363 0.072378 0.000432 0.076859
0.070310 0.000997 -0.000968 0.073560 -0.001166 0.078704
0.070379 0.001059 -0.000789 0.073703 -0.000978 0.077321
0.069277 -0.000332 0.001269 0.071740 0.002625 0.072362
0.069018 -0.000646 0.001302 0.071039 0.003610 0.070756
0.069121 -0.000472 0.000798 0.071299 0.002694 0.073823
0.069386 -0.000005 0.000009 0.072449 0.000014 0.077416
0.069399 0.000012 -0.000021 0.072471 -0.000021 0.077444
0.069411 0.000024 -0.000026 0.072485 -0.000037 0.077417
0.069392 -0.000001 0.000016 0.072449 0.000042 0.077305
0.069379 -0.000014 0.000022 0.072424 0.000087 0.077231
0.069377 -0.000018 0.000031 0.072424 0.000086 0.077275
0.069602 0.000252 -0.000934 0.072799 -0.001155 0.075831
0.069306 -0.000142 -0.000299 0.072145 -0.000390 0.076743
0.069185 -0.000224 0.000111 0.072157 0.000260 0.077071
0.069241 -0.000190 0.000348 0.072214 0.000580 0.076830
0.069321 -0.000100 0.000213 0.072301 0.000391 0.076991
0.069371 -0.000030 0.000056 0.072396 0.000130 0.077310
0.073181 0.003222 -0.003476 0.076429 -0.002152 0.053438
0.073807 0.004055 -0.005887 0.076339 -0.007398 0.070984
0.070875 0.002908 -0.003023 0.078244 -0.002959 0.075820
0.068031 -0.001550 0.005609 0.071364 0.009311 0.064529
0.068189 -0.001883 0.004464 0.069333 0.008829 0.065159
0.068957 -0.000783 0.001535 0.070656 0.004006 0.073195
0.079379 0.003198 0.007574 0.073534 0.011993 0.031539
0.155871 0.081997 -0.071452 0.151059 -0.084852 0.109929
0.166147 0.111826 -0.106889 0.210769 -0.129303 0.114440
0.071863 0.001474 0.011531 0.076375 0.018459 0.036475
0.066166 -0.005222 0.008573 0.063568 0.017426 0.034617
0.067509 -0.003239 0.005033 0.065196 0.013262 0.054444
0.071435 -0.005319 0.013460 0.060003 0.020539 0.041894
0.124995 0.046258 -0.081002 0.113774 -0.089212 0.137879
0.199971 0.140980 -0.161042 0.226075 -0.181882 0.123851
0.077081 0.004116 0.007449 0.073791 0.010706 0.035548
0.066098 -0.005111 0.005420 0.062446 0.012920 0.031534
0.066729 -0.004069 0.004683 0.064378 0.011209 0.047855
0.067195 -0.004030 0.005626 0.064945 0.010207 0.069096
0.069032 -0.000910 -0.003390 0.069333 -0.000715 0.079915
0.075170 0.006051 -0.009315 0.079104 -0.013077 0.079080
0.071595 0.001221 0.001660 0.072334 0.003047 0.063584
0.068462 -0.001600 0.001990 0.068681 0.007401 0.058149
0.068164 -0.001914 0.002675 0.069244 0.006083 0.063809
0.069208 -0.000275 0.000314 0.071974 0.000573 0.077099
0.069183 -0.000241 0.000066 0.072060 0.000276 0.077336
0.069456 0.000086 -0.000212 0.072561 -0.000307 0.077374
0.069498 0.000067 0.000089 0.072461 0.000159 0.076908
0.069315 -0.000143 0.000205 0.072104 0.000653 0.076320
0.069259 -0.000215 0.000379 0.072142 0.000624 0.076228
0.069426 0.000033 -0.000061 0.072502 0.000020 0.076827
0.069448 0.000055 -0.000092 0.072512 -0.000119 0.077310
0.069439 0.000075 -0.000096 0.072581 -0.000139 0.077470
0.069394 0.000009 0.000012 0.072483 0.000008 0.077379
0.069545 -0.000844 0.002445 0.070707 0.005495 0.062933
0.072386 0.002654 -0.002906 0.074732 -0.003372 0.077322
0.073056 0.004524 -0.005635 0.078692 -0.008253 0.081708
0.070018 0.000625 0.000336 0.073353 0.000147 0.075292
0.069262 -0.000226 0.000661 0.072022 0.001492 0.074497
0.069326 -0.000113 0.000235 0.072200 0.000682 0.076391
0.066004 -0.010873 0.011043 0.050431 0.023270 0.030467
0.074247 -0.004966 -0.011031 0.056616 -0.002236 0.081514
0.119109 0.051036 -0.087876 0.132806 -0.115090 0.122264
0.076437 0.004973 0.002898 0.075590 0.001480 0.059637
0.068617 -0.001662 0.003448 0.068704 0.008620 0.054411
0.068576 -0.001316 0.001996 0.069884 0.005399 0.066253
0.061334 -0.016529 0.010852 0.037386 0.026951 0.024419
0.048345 -0.026086 -0.003840 0.024856 0.024686 0.051563
0.087414 0.010069 -0.064913 0.078252 -0.082619 0.103089
0.082007 0.006466 0.007735 0.071867 0.004311 0.052174
0.067777 -0.003951 0.005762 0.062622 0.013802 0.044154
0.066576 -0.004585 0.005554 0.064925 0.009613 0.054929
0.060541 -0.013665 0.014411 0.044384 0.031091 0.047270
0.054550 -0.016730 0.008777 0.040339 0.028635 0.060125
0.063732 -0.005239 -0.003884 0.063665 -0.001422 0.076988
0.074529 0.002914 0.006347 0.072750 0.005843 0.070554
0.068376 -0.003334 0.007198 0.063611 0.014443 0.061964
0.067220 -0.004149 0.006629 0.065714 0.009137 0.062804
0.067723 -0.002451 0.002739 0.068227 0.004743 0.074949
0.067551 -0.002371 0.001909 0.068461 0.003737 0.075951
0.068930 -0.000298 0.000173 0.072160 0.000768 0.077068
0.069811 0.000221 0.001023 0.072370 0.001575 0.076682
0.069152 -0.000714 0.001618 0.070649 0.003007 0.075490
0.069004 -0.000760 0.001486 0.071234 0.001916 0.075149
0.069385 -0.000007 0.000013 0.072446 0.000031 0.077366
0.069390 0.000000 -0.000001 0.072455 0.000002 0.077418
0.068827 -0.000993 0.001459 0.070557 0.003021 0.074133
0.069060 -0.000568 0.000419 0.071246 0.001166 0.076785
0.069449 0.000075 -0.000357 0.072455 -0.000410 0.077820
0.069467 0.000053 0.000024 0.072477 -0.000040 0.077385
0.069387 -0.000010 0.000043 0.072430 0.000087 0.077263
0.069383 -0.000009 0.000015 0.072442 0.000034 0.077365
0.062407 -0.011192 0.012519 0.049371 0.027993 0.046870
0.060392 -0.012041 0.009074 0.048479 0.023541 0.063293
0.065694 -0.004201 -0.000380 0.064621 0.002636 0.078895
0.070290 0.000321 0.001276 0.071880 0.000372 0.077592
0.069379 -0.000345 0.001234 0.071563 0.001849 0.075668
0.069203 -0.000334 0.000545 0.071908 0.000746 0.076446
0.061161 -0.015676 0.013860 0.037376 0.032726 0.027909
0.053543 -0.017195 0.010677 0.034262 0.038206 0.038909
0.054630 -0.014180 0.003242 0.047084 0.020211 0.072292
0.072506 0.001191 0.008630 0.070811 0.007289 0.081045
0.069531 -0.002306 0.009066 0.065947 0.011993 0.074386
0.068261 -0.002395 0.004497 0.068322 0.004881 0.073793
0.061028 -0.015165 0.016963 0.039904 0.034271 0.041657
0.055713 -0.015995 0.012961 0.037044 0.035081 0.049087
0.059277 -0.008837 0.004738 0.058398 0.020860 0.067499
0.071903 0.001279 0.010101 0.071324 0.016308 0.072509
0.069569 -0.002809 0.011730 0.063468 0.017819 0.071022
0.068203 -0.002893 0.006213 0.067036 0.007216 0.072617
0.065755 -0.005286 0.006173 0.063801 0.009737 0.072545
0.066244 -0.004224 0.003886 0.065051 0.007581 0.073522
0.068096 -0.001047 0.000939 0.070762 0.004236 0.074251
0.069533 -0.000133 0.002161 0.071396 0.005199 0.073682
0.069169 -0.000942 0.002696 0.069858 0.004942 0.074505
0.069107 -0.000649 0.001429 0.071247 0.001860 0.076035
0.069291 -0.000159 0.000203 0.072159 0.000400 0.077139
0.069313 -0.000118 0.000113 0.072232 0.000233 0.077306
0.069388 -0.000001 0.000003 0.072458 0.000003 0.077427
0.066559 -0.004468 0.005512 0.064188 0.010343 0.070729
0.067033 -0.003621 0.003507 0.065481 0.007110 0.073693
0.068580 -0.001008 0.000720 0.070631 0.001762 0.076866
0.069360 -0.000064 0.000202 0.072320 0.000213 0.077635
0.069389 -0.000049 0.000196 0.072344 0.000197 0.077499
0.069374 -0.000033 0.000063 0.072401 0.000053 0.077432
0.061633 -0.012981 0.015926 0.047120 0.029927 0.053975
0.060991 -0.012029 0.011640 0.047736 0.025513 0.060285
0.065342 -0.004496 0.002995 0.064010 0.009860 0.071964
0.069105 -0.000448 0.001656 0.071296 0.003466 0.076097
0.069328 -0.000601 0.002029 0.070854 0.002869 0.076645
0.069250 -0.000339 0.000699 0.071816 0.000732 0.077222
0.061815 -0.013191 0.016237 0.048579 0.027388 0.059001
0.061621 -0.010870 0.010405 0.051257 0.022469 0.062408
0.065429 -0.003863 0.002231 0.065188 0.011201 0.068416
0.068768 -0.000773 0.002535 0.070105 0.008130 0.070281
0.069206 -0.001021 0.003215 0.069410 0.005970 0.073563
0.069185 -0.000514 0.001140 0.071408 0.001460 0.076593
0.066785 -0.003926 0.004740 0.066657 0.006668 0.074699
0.067844 -0.002182 0.002226 0.068682 0.004422 0.074957
0.068624 -0.000701 0.000485 0.071050 0.002899 0.074814
0.069301 -0.000306 0.000845 0.071551 0.001878 0.075910
0.069340 -0.000120 0.000279 0.072203 0.000419 0.077117
