83.689361
88.206779
68.769688
86.327947
87.652900
86.477344
62.022797
73.430739
78.511726
82.576060
83.515162
76.088544
72.294434
86.835647
75.816722
82.389370
75.870510
63.064947
76.108672
71.704029
61.030686
75.239380
76.449194
70.636726
70.331649
73.474673
74.915162
61.465521
74.872418
70.508023
68.980612
69.309856
52.840850
62.303554
64.883169
69.468278
84.451905
68.469446
63.459246
71.462975
58.274024
74.608142
66.211178
70.965698
58.124072
74.078642
68.406514
84.123158
71.901403
73.909231
68.626248
70.198048
86.411274
81.978507
77.465447
70.856438
68.840870
77.846670
64.913034
77.619063
79.422347
75.613420
84.655517
61.653039
77.907944
81.319506
81.419978
83.593360
73.883651
76.866919
77.347272
76.744915
66.858686
76.131255
71.104248
70.530273
56.147741
80.350909
65.515832
80.088858
85.482593
64.671868
75.967021
75.304014
72.466011
75.812967
64.338900
54.096483
75.331568
76.218158
78.013173
70.229203
64.046826
86.541137
65.652049
70.310751
74.172747
68.568398
64.940347
72.796784
69.544238
61.890695
80.866984
80.528579
65.288414
76.049616
66.982724
65.973500
81.403555
73.146706
69.301190
79.409567
62.000427
76.474628
66.019577
88.890173
72.958652
57.864249
87.460723
70.490285
86.063675
72.424970
78.484382
74.346928
64.587329
66.413957
69.061296
71.392955
62.734791
65.204174
88.758532
70.999805
75.321202
58.022739
74.283034
69.932227
54.806112
79.693033
85.302348
84.036116
84.243748
84.868809
77.645112
66.482123
67.077580
77.596692
59.640436
70.484095
88.997205
68.726086
73.881753
78.560733
75.870975
70.915445
74.452721
61.336296
66.204782
75.132063
64.148727
71.104326
65.472982
89.126653
81.865304
76.792192
90.333349
90.587612
78.931596
75.032759
61.905665
67.288111
70.257604
73.358357
79.728841
62.365793
84.569901
67.972119
56.744438
83.457861
67.271653
71.669112
70.090747
56.574350
75.611777
79.720203
68.351267
82.143305
64.172964
70.440964
56.156667
69.843229
65.078906
82.233537
67.970962
67.017535
71.778853
75.511897
63.205074
68.392183
76.905262
82.501625
78.639185
66.756989
86.682736
76.926778
77.105195
78.058824
70.868714
66.789786
71.925857
68.951178
67.305167
70.196767
70.582177
63.154304
73.721035
80.097593
76.096526
65.363680
68.242166
67.555579
80.725122
54.064016
66.936680
62.965821
80.620129
72.557846
90.130094
75.585357
84.894320
75.468491
80.228009
74.072695
92.280705
92.553015
86.254304
85.428717
77.058171
86.376429
75.816838
81.063749
75.367276
82.137720
68.470116
69.181261
73.358375
65.440419
84.495480
69.699708
73.488290
86.239956
85.961187
69.243146
77.189793
80.353004
69.720213
85.424071
84.522771
83.814190
81.891801
78.834135
74.375698
57.997692
74.830611
77.082541
67.953979
75.057056
74.720926
71.195271
77.059237
80.070986
65.431617
72.724579
83.066747
66.023948
67.974207
78.718794
69.228303
85.765075
67.424313
66.818370
70.634103
63.535791
79.597162
80.851826
82.278667
64.157215
86.927862
77.600342
71.534086
80.990887
83.520578
87.604122
71.625494
73.756257
55.736716
75.713562
81.510182
67.901080
70.333363
72.777430
68.255925
69.020776
70.638830
67.600869
78.939786
67.190602
63.321218
66.795456
72.458836
73.843171
63.262400
64.886270
73.387486
85.803704
76.368949
63.323117
77.286803
61.972254
85.794719
72.761445
77.329521
59.692308
77.957693
77.665094
73.776574
68.316898
78.408952
65.641010
66.638201
63.300326
84.042830
72.038965
77.579479
67.460311
79.060979
68.052252
70.044146
66.020564
83.171060
74.077551
76.862825
76.376416
74.446103
81.246820
64.691939
73.560944
71.581224
79.187462
77.953809
77.822124
71.375027
84.888956
66.072319
53.884796
87.632714
91.696726
57.921321
74.045763
75.121433
72.216555
75.064202
63.665479
80.487725
66.209057
68.517790
76.609682
68.302363
70.092808
72.291835
75.604683
71.083395
65.741046
73.850689
66.738180
82.977069
81.040256
66.166883
61.754977
74.100265
81.313464
75.573117
65.840854
82.113537
73.781325
73.618517
69.164378
71.083344
63.900958
67.526460
65.867416
71.137934
76.951129
65.827928
67.703453
71.616218
86.268295
84.982416
63.904298
70.411910
74.081430
65.451579
85.554884
68.483567
65.130467
71.243724
81.110871
62.775000
69.960160
64.272560
76.335231
79.902997
58.174953
73.316041
83.853958
79.965358
80.390352
82.138711
74.734639
68.452090
78.789674
85.755098
85.831733
85.349030
73.031173
68.384103
75.801096
73.460284
71.195853
68.171575
86.664804
