0.253211 0.136847 -0.062646
0.254129 0.137929 -0.059127
0.255110 0.139027 -0.055605
0.256205 0.140132 -0.052066
0.257236 0.141290 -0.048534
0.258258 0.142500 -0.044981
0.259243 0.143754 -0.041434
0.260228 0.145065 -0.037842
0.261302 0.146396 -0.034254
0.262420 0.147762 -0.030631
0.263538 0.149168 -0.027002
0.264654 0.150619 -0.023360
0.265824 0.152068 -0.019747
0.267027 0.153539 -0.016135
0.268258 0.155039 -0.012516
0.269515 0.156571 -0.008884
0.270789 0.158129 -0.005240
0.271998 0.159785 -0.001551
0.273311 0.161442 0.002156
0.274649 0.163125 0.005871
0.275947 0.164845 0.009583
0.277230 0.166607 0.013311
0.278576 0.168360 0.017021
0.280007 0.170115 0.020741
0.281561 0.171850 0.024462
0.283058 0.173626 0.028195
0.284558 0.175425 0.031925
0.286043 0.177267 0.035694
0.287414 0.179177 0.039486
0.288909 0.181073 0.043302
0.290410 0.182993 0.047149
0.291964 0.184918 0.051003
0.293522 0.186866 0.054893
0.295145 0.188785 0.058766
0.296733 0.190707 0.062626
0.298330 0.192658 0.066534
0.299923 0.194617 0.070458
0.301504 0.196579 0.074389
0.303082 0.198556 0.078349
0.304654 0.200561 0.082366
0.306293 0.202549 0.086397
0.307915 0.204577 0.090504
0.309570 0.206585 0.094619
0.311186 0.208610 0.098767
0.312835 0.210602 0.102909
0.314522 0.212583 0.107079
0.316242 0.214534 0.111254
0.317978 0.216486 0.115473
0.319751 0.218399 0.119688
0.321420 0.220431 0.124074
0.323112 0.222463 0.128516
0.324824 0.224492 0.133009
0.326561 0.226508 0.137542
0.328323 0.228506 0.142108
0.330043 0.230490 0.146677
0.331810 0.232427 0.151245
0.333639 0.234349 0.155876
0.335433 0.236275 0.160547
0.337323 0.238169 0.165275
0.339178 0.240079 0.170064
0.340996 0.242031 0.174966
0.342775 0.243997 0.179926
0.344659 0.245902 0.184896
0.346559 0.247812 0.189950
0.348386 0.249716 0.194992
0.350269 0.251629 0.200158
0.352230 0.253487 0.205326
0.354163 0.255343 0.210526
0.356114 0.257187 0.215766
0.358012 0.259056 0.221062
0.359934 0.260913 0.226401
0.361970 0.262790 0.231912
0.363965 0.264657 0.237410
0.365954 0.266534 0.242957
0.367990 0.268392 0.248530
0.369996 0.270248 0.254099
0.371992 0.272144 0.259762
0.374040 0.274054 0.265501
0.376129 0.275935 0.271215
0.378167 0.277846 0.276939
0.380224 0.279790 0.282720
0.382349 0.281733 0.288531
0.384526 0.283680 0.294357
0.386702 0.285651 0.300168
0.388878 0.287687 0.306054
0.390985 0.289796 0.311936
0.393166 0.291917 0.317811
0.395411 0.294061 0.323682
0.397663 0.296271 0.329561
0.400009 0.298534 0.335472
0.402350 0.300848 0.341323
0.404687 0.303258 0.347175
0.407069 0.305673 0.352903
0.409517 0.308207 0.358696
0.412021 0.310779 0.364390
0.414534 0.313454 0.370040
0.417096 0.316231 0.375656
0.419711 0.319073 0.381176
0.422408 0.322065 0.386714
0.425083 0.325176 0.392150
0.427840 0.328383 0.397503
0.430683 0.331678 0.402750
0.433586 0.335109 0.407928
0.436492 0.338622 0.412936
0.439486 0.342281 0.417873
0.442548 0.346072 0.422707
0.445761 0.349976 0.427445
0.449059 0.354028 0.432082
0.452321 0.358208 0.436545
0.455681 0.362437 0.440825
0.459069 0.366866 0.445008
0.462479 0.371411 0.449027
0.465843 0.376088 0.452876
0.469334 0.380917 0.456610
0.473039 0.385834 0.460217
0.476813 0.390935 0.463710
0.480595 0.396144 0.467027
0.484483 0.401523 0.470227
0.488416 0.406913 0.473217
0.492137 0.412310 0.475966
0.496004 0.417901 0.478628
0.499914 0.423615 0.481151
0.503867 0.429258 0.483473
0.507817 0.435119 0.485712
0.511725 0.441107 0.487839
0.515825 0.447221 0.489867
0.520029 0.453431 0.491787
0.524240 0.459693 0.493579
0.528471 0.466036 0.495264
0.532676 0.472518 0.496856
0.536574 0.478614 0.498218
0.540539 0.484844 0.499543
0.544472 0.491109 0.500782
0.548476 0.497408 0.501958
0.552477 0.503739 0.503079
0.556522 0.510248 0.504181
0.560543 0.516694 0.505230
0.564438 0.523176 0.506251
0.568429 0.529594 0.507223
0.572233 0.536018 0.508180
0.576101 0.542169 0.509067
0.579946 0.548367 0.509937
0.583718 0.554498 0.510809
0.587425 0.560513 0.511664
0.591181 0.566591 0.512550
0.594728 0.572544 0.513437
0.598223 0.578548 0.514391
0.601735 0.584590 0.515374
0.605205 0.590504 0.516363
0.608516 0.596444 0.517415
0.611976 0.602399 0.518493
0.615139 0.607992 0.519573
0.618554 0.613503 0.520649
0.621837 0.618886 0.521750
0.625034 0.624228 0.522901
0.628353 0.629463 0.524071
0.631562 0.634795 0.525326
0.634538 0.640361 0.526766
0.637414 0.645723 0.528209
0.640290 0.651113 0.529733
0.643070 0.656394 0.531314
0.645941 0.661533 0.532890
0.648975 0.666423 0.534417
0.651807 0.671212 0.535998
0.654656 0.675942 0.537623
0.657465 0.680489 0.539240
0.660245 0.685054 0.540932
0.662909 0.689719 0.542757
0.665375 0.694684 0.544770
0.667958 0.699524 0.546794
0.670522 0.704288 0.548834
0.672971 0.709058 0.550964
0.675350 0.713738 0.553119
0.677877 0.717922 0.555106
0.680522 0.722112 0.557134
0.683132 0.726331 0.559232
0.685729 0.730484 0.561352
0.688323 0.734589 0.563497
0.690763 0.738907 0.565788
0.692862 0.743424 0.568249
0.695085 0.747865 0.570732
0.697223 0.752326 0.573258
0.699270 0.756733 0.575798
0.701443 0.761233 0.578422
0.703899 0.765104 0.580743
0.706255 0.768971 0.583089
0.708741 0.772853 0.585481
0.711180 0.776680 0.587865
0.713699 0.780589 0.590331
0.715616 0.784875 0.593029
0.717569 0.789295 0.595814
0.719453 0.793701 0.598617
0.721385 0.798022 0.601388
0.723238 0.802345 0.604170
0.725240 0.806528 0.606893
0.727596 0.810314 0.609390
0.729953 0.814155 0.611930
0.732317 0.818029 0.614496
0.734678 0.821855 0.617032
0.737087 0.825776 0.619628
