0.868163
0.333425
0.677627
0.652975
0.845349
0.379914
0.736669
0.421024
0.467558
0.371830
0.561280
1.032249
0.934079
0.895573
0.662830
0.622046
0.229396
0.560044
0.521342
0.733910
0.598194
0.742074
0.616558
0.650583
0.543023
0.643859
0.559500
0.501945
0.811094
0.650874
0.700977
0.383368
0.668484
0.788477
1.434461
0.489214
0.802117
0.591386
0.495078
0.606997
1.213521
0.796379
0.573824
1.111621
0.852576
1.048885
0.395404
0.728385
1.399582
0.896878
0.551636
0.548713
1.440536
0.300566
1.027301
0.890733
1.387952
0.883304
0.898456
0.911395
0.544869
1.069055
0.807723
0.591672
1.209378
0.848725
0.333776
0.360220
1.249281
0.585688
1.167158
1.059377
0.577712
0.955737
0.727868
0.733221
0.988418
0.378610
1.305326
0.714230
0.963111
1.133486
1.054000
0.354176
0.665474
0.597946
0.292839
0.565218
1.365293
0.440478
0.712797
1.111581
0.911754
0.661709
0.617510
0.594475
0.557181
0.936105
0.618308
0.894430
0.607825
1.177220
0.758728
0.421230
0.808399
0.993065
0.667832
0.816180
0.467182
0.493553
0.607200
0.732721
0.323949
0.226672
0.834477
0.955186
0.746759
0.297415
0.847374
0.651177
0.588375
0.639964
0.506689
0.366930
1.117697
0.828854
0.609803
1.088360
0.501204
0.744359
0.408400
0.906007
0.737733
1.318785
0.938306
0.824168
1.216911
0.590590
0.389479
0.518963
0.595517
0.395513
0.771172
0.418201
0.549891
0.276271
1.012481
0.437901
0.382693
0.661313
0.832356
0.666779
0.446120
0.788991
0.565619
0.679570
0.535430
0.763122
0.368184
0.670710
1.062290
0.432950
0.405086
0.607519
0.862402
0.734113
0.815528
0.349111
0.681243
1.197627
0.785419
1.081934
0.909308
0.683039
0.429202
0.380470
0.623778
0.808203
0.431207
1.097223
0.736412
1.076298
0.800999
0.618280
0.678092
0.628398
0.855159
0.500447
0.921269
0.450765
0.781469
0.874065
0.467841
0.909472
0.602903
0.713256
1.986891
0.979390
0.612389
0.619407
1.095270
0.936793
0.435255
0.828845
0.566085
0.630371
0.729040
0.532305
0.631209
0.743049
1.123630
0.432835
1.192046
0.724273
0.482952
0.412297
0.382225
0.867510
0.734590
1.029968
0.508244
0.874347
0.582622
0.527105
0.597189
0.631471
0.475406
0.694061
0.453196
0.543685
0.620718
1.018021
0.878768
0.758915
0.450038
0.420660
0.770860
0.622678
0.955429
0.290026
0.882172
0.705344
0.601138
0.587689
0.939250
0.906086
0.680987
1.095883
0.559927
0.548061
0.440241
0.557051
0.685375
0.518237
0.764502
0.272360
0.459983
0.439777
1.083772
0.977352
0.794735
0.526208
0.940900
0.602937
0.610653
0.881043
0.514551
0.678682
0.640491
0.712327
0.484272
0.771812
0.281847
1.295189
0.532061
0.408936
0.761796
0.279568
0.813379
0.878906
0.488781
0.550028
0.416366
0.579207
0.405021
0.710104
0.528397
0.417618
0.983255
0.591834
0.750721
0.572962
0.807839
1.053837
0.393099
0.488965
0.504097
0.830497
0.696999
0.583185
0.854394
0.527088
1.160217
0.452568
0.655399
0.449794
0.614004
0.559255
0.964132
0.645554
0.500925
0.509392
0.766135
0.510566
0.883152
0.658067
0.454400
0.564958
0.348059
0.627103
0.367601
0.387193
0.341144
0.365840
0.809215
0.813198
0.912589
0.800475
0.565558
0.631080
0.219854
1.059474
0.882349
0.738744
0.530940
0.594697
0.595195
0.520198
0.503789
0.693303
0.791780
0.607549
0.657958
0.553699
0.676899
0.651446
1.068467
0.526160
1.358465
0.767461
0.923574
0.383120
0.700457
0.410284
0.837006
0.780667
0.849770
0.625504
1.152808
0.712517
0.965854
0.815638
0.682076
1.353903
0.141955
0.703710
0.472677
0.623185
0.707391
0.992317
0.647914
1.168976
0.498188
1.341390
0.575208
0.373046
0.686208
0.527693
0.623860
0.744968
0.781279
0.750814
0.399181
0.646003
0.853014
0.587637
0.328616
0.850227
0.787880
0.622153
0.364721
1.110339
0.620400
0.819519
1.159384
0.416572
0.427155
1.100392
0.616764
0.584202
0.312111
0.139530
0.809356
0.596713
0.675718
0.905143
0.567410
0.883051
0.585021
0.446795
0.513970
1.152385
0.729417
0.231272
0.391309
0.217443
0.454858
0.971274
0.520585
0.408911
0.489507
0.328076
0.485115
0.589486
0.744331
0.671368
0.666002
0.371534
0.611060
0.298203
