0.670774
-0.025518
-0.817748
-0.896317
-1.432990
-0.397109
-1.708311
1.845876
-1.474415
1.709739
-1.498268
-1.807917
-0.209528
-0.029752
0.097911
-1.202606
0.131181
-0.487913
0.301989
-0.187622
-1.339398
1.565342
-0.555328
0.796467
0.027402
0.065104
-0.889840
0.587219
-0.711549
-0.000835
-0.231401
0.100434
1.774979
-0.003598
3.155885
0.270378
1.260178
0.728511
-1.688071
-0.183589
0.752620
-0.849092
-1.071275
-0.775943
0.751321
-0.122785
-1.640300
-0.340460
1.786091
0.957420
-1.815738
-0.898315
0.425649
-0.241989
0.536559
0.567507
1.328661
-0.338579
0.384881
0.944023
-0.726971
-0.159804
-0.745481
1.237566
-0.654563
-1.118160
-0.266322
-0.036757
-0.254143
-0.848604
1.499723
0.098998
-0.195330
-0.094044
-0.924386
-0.357772
0.449480
0.262767
0.332167
-1.344883
0.380582
0.820181
0.097077
-1.575546
-0.860428
1.290749
2.183824
-0.323869
1.425449
-0.788029
0.353915
0.426815
0.311055
1.828462
0.088753
-1.484396
-1.676673
0.152744
0.621996
0.522972
1.548662
0.131396
-0.814680
-0.759726
-0.785870
0.245486
-0.848681
0.520046
-0.346625
0.275534
-1.542022
-0.026119
1.725573
0.232834
1.274420
0.705845
1.640128
2.840131
-0.398179
-0.169305
-0.839715
-0.072539
0.770670
0.157322
-0.056486
1.140399
-0.661900
-0.558342
-0.852893
-0.893257
0.258985
0.153940
0.567662
2.185810
-0.734365
-1.095269
1.270283
-0.314247
-1.440992
-0.913930
0.501178
-0.721086
-0.434650
1.404462
-0.146034
1.797947
-0.462214
0.278158
-0.094314
1.005282
-0.115140
0.482333
0.241197
-1.138206
-0.721813
-1.160638
1.418027
-0.920765
1.559053
0.050074
0.913151
0.307280
-0.597216
1.409225
-0.877388
-1.089212
-0.718681
-0.451166
-1.334169
1.756721
0.881049
-0.910539
-0.346552
1.101376
-0.391428
-1.845123
-0.154999
1.103550
-1.791759
-0.412204
-2.035421
0.350049
-0.843005
-1.220057
0.090925
1.242626
-1.395062
-0.243680
0.408625
0.752240
0.298924
0.816015
-0.047461
-0.441788
-0.327609
-0.884081
0.262239
1.817960
-1.092647
-0.736423
-0.000759
0.608644
-1.353306
0.666637
0.661365
0.006303
-0.711207
-1.822366
0.030364
2.973570
0.818361
-0.011360
-1.139019
1.249180
-1.252546
0.168659
-1.181693
-0.085599
1.078275
0.858637
-1.073647
0.981098
-1.694258
-1.777996
0.418231
0.502026
-0.254762
0.422966
0.390656
-0.666407
-0.545598
0.692154
-0.005629
-0.154862
-0.753363
-0.051993
-0.505890
0.211391
1.029236
-0.235976
0.498725
-0.623958
0.096814
-0.479678
-1.107741
0.645265
0.420256
-0.689839
-0.954307
-0.336443
-0.172139
0.010095
-0.816220
-1.407219
0.712190
0.016755
-0.391532
-0.509489
1.543412
0.351939
-0.167110
1.988601
2.009955
-1.654767
0.519949
-0.632050
1.740076
-0.008622
-0.757885
-0.766060
1.522336
0.289351
-0.041840
0.814882
-0.488010
0.006626
-0.299194
0.299661
-0.428174
0.527208
0.926664
0.673027
-0.110899
-1.498078
-0.571065
-1.433104
0.058156
-0.759503
-0.774304
0.297315
-0.704610
-1.187314
0.906511
-0.655663
2.906755
-0.980335
-1.224587
-1.444288
0.766253
-0.842207
1.705180
-1.319200
-0.571418
0.050760
0.596274
2.077907
-0.857599
1.657565
0.697851
1.096625
-0.768146
1.450667
-0.210340
-0.487730
-0.550362
-1.394451
-0.056760
-1.271492
0.002930
-0.155670
0.220108
1.060800
0.151485
-1.383404
-0.326746
0.873421
-1.004043
-1.583491
0.277164
2.125533
-0.020809
0.775361
-1.153421
0.427693
-0.450139
-0.937599
0.270327
-0.113904
0.363160
0.813930
-0.562265
-1.140475
0.548716
-1.266588
0.490544
0.137039
-0.076756
1.056489
1.291910
-0.287655
0.385529
-0.639303
2.604964
1.874933
-0.604211
0.118619
-1.302731
-1.420495
2.112586
-0.031484
1.766635
-1.260406
-0.397671
0.443677
2.373975
-1.297332
0.578663
0.787163
1.384234
1.149545
1.458103
-0.380844
-0.696414
0.602253
-0.699590
0.066371
-1.901201
1.682351
1.940051
-0.174773
0.581243
-1.182065
-0.125005
0.041670
-0.124970
2.432076
-0.183851
0.253583
2.170632
0.274742
2.234655
-0.058045
-1.159336
1.066000
1.703858
-0.553486
0.291516
1.483352
-0.621682
-0.233658
-0.115601
0.020789
1.264013
-0.976117
-0.447742
-0.666811
-0.960803
-0.463227
-0.378173
-0.665522
-1.019757
0.457829
-0.276642
0.200948
-1.508694
-0.149802
-1.137593
-0.648057
0.303649
-1.023595
0.362040
-0.417743
-1.347683
-0.869272
-1.197678
1.054291
-0.671315
-0.056784
-1.241179
0.212445
