6.535762786865234375e+01
6.671074676513671875e+01
6.803160095214843750e+01
6.940084075927734375e+01
7.214871215820312500e+01
7.495167541503906250e+01
6.118112945556640625e+01
6.236331176757812500e+01
6.583811187744140625e+01
6.715204620361328125e+01
6.820601654052734375e+01
7.928722381591796875e+01
8.022085571289062500e+01
8.117245483398437500e+01
8.164541625976562500e+01
8.211790466308593750e+01
7.451594543457031250e+01
7.735253906250000000e+01
7.828539276123046875e+01
7.951368713378906250e+01
8.101655578613281250e+01
6.682359313964843750e+01
6.781438446044921875e+01
6.889289855957031250e+01
6.993674468994140625e+01
7.111379241943359375e+01
7.331953430175781250e+01
7.568553161621093750e+01
6.210919189453125000e+01
6.509366607666015625e+01
6.782402038574218750e+01
6.940196228027343750e+01
7.088237762451171875e+01
8.073356628417968750e+01
8.122327423095703125e+01
8.169466400146484375e+01
8.307076263427734375e+01
8.355757904052734375e+01
8.402077484130859375e+01
7.862327575683593750e+01
8.023979949951171875e+01
8.187915802001953125e+01
8.346958923339843750e+01
8.518398284912109375e+01
6.607762908935546875e+01
6.655039215087890625e+01
6.705169677734375000e+01
6.752588653564453125e+01
6.861076354980468750e+01
6.910921478271484375e+01
6.959101104736328125e+01
8.068963623046875000e+01
8.229920959472656250e+01
8.377375793457031250e+01
8.541438293457031250e+01
8.708449554443359375e+01
7.103455352783203125e+01
7.210147094726562500e+01
7.301931762695312500e+01
7.406771850585937500e+01
7.594627380371093750e+01
7.796026611328125000e+01
7.226322174072265625e+01
7.361956024169921875e+01
7.504296875000000000e+01
7.640752410888671875e+01
7.810466003417968750e+01
8.054362487792968750e+01
8.188217163085937500e+01
8.327957916259765625e+01
7.475237274169921875e+01
7.514279937744140625e+01
7.560515594482421875e+01
7.610158538818359375e+01
7.663019561767578125e+01
7.750994873046875000e+01
5.960424041748046875e+01
5.988581848144531250e+01
6.008830261230468750e+01
6.087988662719726562e+01
6.153289794921875000e+01
6.213971710205078125e+01
6.340397644042968750e+01
6.472264862060546875e+01
6.533073425292968750e+01
6.727821350097656250e+01
6.751028442382812500e+01
6.777468872070312500e+01
6.826440429687500000e+01
6.875460815429687500e+01
6.971378326416015625e+01
6.891912078857421875e+01
6.932968902587890625e+01
6.964228057861328125e+01
7.039187622070312500e+01
7.121144866943359375e+01
7.542675781250000000e+01
6.157559204101562500e+01
6.221425628662109375e+01
6.270965194702148438e+01
6.394326400756835938e+01
6.517687988281250000e+01
7.808380889892578125e+01
7.829290008544921875e+01
7.850487518310546875e+01
7.899179077148437500e+01
7.947054290771484375e+01
6.075341033935546875e+01
6.135305023193359375e+01
6.233925247192382812e+01
6.356586456298828125e+01
6.497550201416015625e+01
6.642340087890625000e+01
7.333774566650390625e+01
8.034527587890625000e+01
8.110758972167968750e+01
8.193068695068359375e+01
8.356208801269531250e+01
8.520006561279296875e+01
8.692348480224609375e+01
7.900828552246093750e+01
7.921047973632812500e+01
7.951159667968750000e+01
7.997920227050781250e+01
8.048782348632812500e+01
8.095011138916015625e+01
7.709820556640625000e+01
7.784396362304687500e+01
7.874998474121093750e+01
8.038050842285156250e+01
8.204209136962890625e+01
6.848361968994140625e+01
6.919426727294921875e+01
6.989874267578125000e+01
7.309432983398437500e+01
7.460503387451171875e+01
8.150869750976562500e+01
8.234413909912109375e+01
8.322484588623046875e+01
8.495491027832031250e+01
8.669890594482421875e+01
8.862044525146484375e+01
7.525791168212890625e+01
7.573821258544921875e+01
7.626507568359375000e+01
7.668504333496093750e+01
7.766180419921875000e+01
6.994112396240234375e+01
7.019367218017578125e+01
7.048113250732421875e+01
7.095656585693359375e+01
7.139134979248046875e+01
7.188496398925781250e+01
7.257899475097656250e+01
7.282006072998046875e+01
6.438917541503906250e+01
6.503983306884765625e+01
6.578643035888671875e+01
6.711834716796875000e+01
6.859207153320312500e+01
7.003382110595703125e+01
8.403227233886718750e+01
8.429496002197265625e+01
8.452420806884765625e+01
8.501808166503906250e+01
8.551147460937500000e+01
8.743995666503906250e+01
7.127890777587890625e+01
7.181546020507812500e+01
7.235752105712890625e+01
7.345266723632812500e+01
7.455111694335937500e+01
7.564846801757812500e+01
7.010435485839843750e+01
7.032779693603515625e+01
7.058480072021484375e+01
7.105085754394531250e+01
7.154712677001953125e+01
7.203428649902343750e+01
7.298078918457031250e+01
7.014150238037109375e+01
7.035844421386718750e+01
7.062386322021484375e+01
7.111151123046875000e+01
7.159915161132812500e+01
7.207575988769531250e+01
7.905262756347656250e+01
7.925010681152343750e+01
7.952240753173828125e+01
8.001113128662109375e+01
8.096301269531250000e+01
7.973758697509765625e+01
7.994025421142578125e+01
8.023033142089843750e+01
8.070744323730468750e+01
8.120214080810546875e+01
8.168364715576171875e+01
8.275556945800781250e+01
8.610908508300781250e+01
8.634183502197265625e+01
8.658280944824218750e+01
8.704685974121093750e+01
8.753703308105468750e+01
8.806688690185546875e+01
8.074849700927734375e+01
8.173096466064453125e+01
8.244268035888671875e+01
8.393418884277343750e+01
8.697599029541015625e+01
6.066582107543945312e+01
6.127611160278320312e+01
6.195016479492187500e+01
6.321759033203125000e+01
6.455788421630859375e+01
6.595023345947265625e+01
7.838806152343750000e+01
7.902455139160156250e+01
7.984986114501953125e+01
8.130307769775390625e+01
8.273197937011718750e+01
8.418090057373046875e+01
8.424533843994140625e+01
8.521728515625000000e+01
8.591881561279296875e+01
8.755569458007812500e+01
8.908917999267578125e+01
9.222932434082031250e+01
7.265467834472656250e+01
7.287619018554687500e+01
7.314564514160156250e+01
7.363901519775390625e+01
7.409210205078125000e+01
7.456820678710937500e+01
7.393081665039062500e+01
7.464954376220703125e+01
7.534555816650390625e+01
7.676029205322265625e+01
7.818782806396484375e+01
8.104287719726562500e+01
8.335248565673828125e+01
7.813362121582031250e+01
7.839176177978515625e+01
7.862331390380859375e+01
7.910623168945312500e+01
7.959737396240234375e+01
8.011606597900390625e+01
8.164362335205078125e+01
8.224691009521484375e+01
6.017845535278320312e+01
6.085562133789062500e+01
6.145545959472656250e+01
6.272248840332031250e+01
6.401695251464843750e+01
6.518796539306640625e+01
6.986574554443359375e+01
7.125498962402343750e+01
7.919145202636718750e+01
7.939662933349609375e+01
7.967910766601562500e+01
8.015721893310546875e+01
8.063389587402343750e+01
8.215924835205078125e+01
8.389408111572265625e+01
8.540876007080078125e+01
8.698390197753906250e+01
8.859160614013671875e+01
9.411857604980468750e+01
8.094303894042968750e+01
8.182585144042968750e+01
8.297217559814453125e+01
8.448271179199218750e+01
8.610064697265625000e+01
8.779579925537109375e+01
9.297522735595703125e+01
9.480464172363281250e+01
6.984509277343750000e+01
7.006729888916015625e+01
7.030431365966796875e+01
7.076448822021484375e+01
7.124473571777343750e+01
7.168053436279296875e+01
7.259610748291015625e+01
7.311840057373046875e+01
7.306745910644531250e+01
7.340421295166015625e+01
7.379308319091796875e+01
7.460650634765625000e+01
7.520936584472656250e+01
6.104733276367187500e+01
6.210735702514648438e+01
6.297451400756835938e+01
6.482955932617187500e+01
6.637265014648437500e+01
6.875901794433593750e+01
6.946879577636718750e+01
7.043333435058593750e+01
7.203393554687500000e+01
7.359128570556640625e+01
7.524955749511718750e+01
7.985109710693359375e+01
8.117611694335937500e+01
8.286003875732421875e+01
7.208372497558593750e+01
7.228799438476562500e+01
7.256637573242187500e+01
7.305235290527343750e+01
7.351315307617187500e+01
7.407893371582031250e+01
7.923314666748046875e+01
7.951824951171875000e+01
7.983602905273437500e+01
8.032999420166015625e+01
8.069323730468750000e+01
8.164231872558593750e+01
7.401779174804687500e+01
7.432294464111328125e+01
7.454513549804687500e+01
7.540146636962890625e+01
6.302431488037109375e+01
6.355938339233398438e+01
6.439693450927734375e+01
6.554901123046875000e+01
6.674327850341796875e+01
6.794477081298828125e+01
6.914866638183593750e+01
7.129618072509765625e+01
7.242174530029296875e+01
7.363288116455078125e+01
5.718756103515625000e+01
5.829370117187500000e+01
5.878697586059570312e+01
6.011035919189453125e+01
6.242726898193359375e+01
8.103469848632812500e+01
8.174359893798828125e+01
8.230087280273437500e+01
8.372796630859375000e+01
8.504732513427734375e+01
8.636537170410156250e+01
8.769004821777343750e+01
7.801995086669921875e+01
7.831000518798828125e+01
7.849411010742187500e+01
8.017652130126953125e+01
8.123785400390625000e+01
8.221208190917968750e+01
6.819556427001953125e+01
6.844138336181640625e+01
6.868576812744140625e+01
6.916447448730468750e+01
7.016693115234375000e+01
7.136968994140625000e+01
7.187474822998046875e+01
7.241526794433593750e+01
6.823316192626953125e+01
6.852745819091796875e+01
6.875119018554687500e+01
6.924760437011718750e+01
6.976705932617187500e+01
7.022026824951171875e+01
7.945219421386718750e+01
8.037815093994140625e+01
8.132105255126953125e+01
8.316546630859375000e+01
8.504750061035156250e+01
8.698412322998046875e+01
7.276622009277343750e+01
7.323239135742187500e+01
7.380992889404296875e+01
7.423427581787109375e+01
7.463606262207031250e+01
6.097409820556640625e+01
6.134122085571289062e+01
6.176193237304687500e+01
6.255456924438476562e+01
6.339519500732421875e+01
6.419422912597656250e+01
6.632738494873046875e+01
7.029106140136718750e+01
7.053359222412109375e+01
7.079092407226562500e+01
7.127598571777343750e+01
7.172428894042968750e+01
7.217927551269531250e+01
6.988288116455078125e+01
7.058107757568359375e+01
7.143052673339843750e+01
7.295677947998046875e+01
7.449678802490234375e+01
7.603525543212890625e+01
7.907707214355468750e+01
8.453981781005859375e+01
8.541448211669921875e+01
8.625543212890625000e+01
8.793395233154296875e+01
8.967316436767578125e+01
9.131629943847656250e+01
6.841818237304687500e+01
6.894399261474609375e+01
6.976557922363281250e+01
7.120583343505859375e+01
7.264182281494140625e+01
7.418209838867187500e+01
7.710836029052734375e+01
7.858720397949218750e+01
8.001890563964843750e+01
8.140343475341796875e+01
7.447370147705078125e+01
7.566483306884765625e+01
7.690172576904296875e+01
7.804591369628906250e+01
7.921239471435546875e+01
8.323523712158203125e+01
8.438529968261718750e+01
5.996030044555664062e+01
6.073494720458984375e+01
6.130876541137695312e+01
6.271837234497070312e+01
6.390093612670898438e+01
6.513963317871093750e+01
6.001062774658203125e+01
6.021741485595703125e+01
6.049554443359375000e+01
6.098527526855468750e+01
6.153815460205078125e+01
6.390198516845703125e+01
6.062130737304687500e+01
6.119821166992187500e+01
6.191714096069335938e+01
6.310111236572265625e+01
6.442962646484375000e+01
6.563747406005859375e+01
6.717839050292968750e+01
6.817006683349609375e+01
6.957650756835937500e+01
7.080948638916015625e+01
7.206510162353515625e+01
6.212364959716796875e+01
6.281686401367187500e+01
6.352240753173828125e+01
6.491704559326171875e+01
6.630484008789062500e+01
6.761454772949218750e+01
7.171763610839843750e+01
6.968333435058593750e+01
7.010310363769531250e+01
7.063243103027343750e+01
7.159996795654296875e+01
7.265043640136718750e+01
7.365483856201171875e+01
7.706834411621093750e+01
7.827136993408203125e+01
5.501946258544921875e+01
5.539403533935546875e+01
5.595918273925781250e+01
5.692331695556640625e+01
5.784050369262695312e+01
5.878398132324218750e+01
5.969929504394531250e+01
6.063432312011718750e+01
6.157029342651367188e+01
6.251845932006835938e+01
6.345912551879882812e+01
7.272575378417968750e+01
7.299540710449218750e+01
7.332875823974609375e+01
7.405245208740234375e+01
7.517224884033203125e+01
7.335438537597656250e+01
7.359178161621093750e+01
7.383531188964843750e+01
7.431858825683593750e+01
7.526815795898437500e+01
6.393578720092773438e+01
6.455825805664062500e+01
6.509588623046875000e+01
6.617327117919921875e+01
6.716900634765625000e+01
6.820503234863281250e+01
7.051356506347656250e+01
7.266727447509765625e+01
7.175388336181640625e+01
7.282899475097656250e+01
7.349906921386718750e+01
7.535258483886718750e+01
7.686273193359375000e+01
7.848788452148437500e+01
8.754695892333984375e+01
8.851755523681640625e+01
8.940089416503906250e+01
9.114083862304687500e+01
9.298409271240234375e+01
9.468664550781250000e+01
5.441931533813476562e+01
5.504626464843750000e+01
5.570993804931640625e+01
5.704255294799804688e+01
5.831744384765625000e+01
5.962380981445312500e+01
6.283859252929687500e+01
6.544870758056640625e+01
6.904436492919921875e+01
6.958390808105468750e+01
7.008228302001953125e+01
7.118519592285156250e+01
7.230328369140625000e+01
7.332711029052734375e+01
7.599663543701171875e+01
7.710605621337890625e+01
7.814396667480468750e+01
6.856934356689453125e+01
6.904640197753906250e+01
6.951491546630859375e+01
7.054981994628906250e+01
7.143171691894531250e+01
7.343595123291015625e+01
7.465331268310546875e+01
7.583931732177734375e+01
6.641801452636718750e+01
6.663143157958984375e+01
6.684389495849609375e+01
6.735770416259765625e+01
6.780545043945312500e+01
6.832353973388671875e+01
6.932929992675781250e+01
6.976278686523437500e+01
7.024522399902343750e+01
7.694430541992187500e+01
7.758402252197265625e+01
7.855241394042968750e+01
8.144139099121093750e+01
8.688918304443359375e+01
8.836610412597656250e+01
8.987545013427734375e+01
6.838879394531250000e+01
6.933981323242187500e+01
7.005980682373046875e+01
7.186066436767578125e+01
7.356877136230468750e+01
7.519763946533203125e+01
7.701197814941406250e+01
6.866231536865234375e+01
6.918970489501953125e+01
6.971363830566406250e+01
7.086420440673828125e+01
7.205169677734375000e+01
7.235592651367187500e+01
7.309535980224609375e+01
7.393794250488281250e+01
7.555278778076171875e+01
7.860425567626953125e+01
6.736402893066406250e+01
6.758950805664062500e+01
6.782077789306640625e+01
6.832194519042968750e+01
6.931027984619140625e+01
6.542493438720703125e+01
6.624696350097656250e+01
6.693663024902343750e+01
6.839685821533203125e+01
6.986296844482421875e+01
9.142321777343750000e+01
9.181930541992187500e+01
9.232806396484375000e+01
9.318698120117187500e+01
9.490479278564453125e+01
7.922594451904296875e+01
7.997001647949218750e+01
8.070036315917968750e+01
8.224949645996093750e+01
8.376354980468750000e+01
8.535536956787109375e+01
8.853139495849609375e+01
9.000124359130859375e+01
9.150767517089843750e+01
5.769407653808593750e+01
5.834303665161132812e+01
5.871081161499023438e+01
5.973824691772460938e+01
6.165884780883789062e+01
6.264250183105468750e+01
5.965755844116210938e+01
6.028350067138671875e+01
6.085872650146484375e+01
6.199419021606445312e+01
6.450949096679687500e+01
6.651644134521484375e+01
6.881732940673828125e+01
7.040294647216796875e+01
7.125140380859375000e+01
7.187858581542968750e+01
7.328363800048828125e+01
7.601635742187500000e+01
7.834317016601562500e+01
7.986225128173828125e+01
8.118605041503906250e+01
8.188764953613281250e+01
8.274965667724609375e+01
8.427579498291015625e+01
8.726807403564453125e+01
7.567298126220703125e+01
7.656632995605468750e+01
7.742657470703125000e+01
7.904782867431640625e+01
8.239951324462890625e+01
7.233389282226562500e+01
7.284558105468750000e+01
7.336203765869140625e+01
7.435008239746093750e+01
7.616675567626953125e+01
7.813712310791015625e+01
7.925022888183593750e+01
8.009699249267578125e+01
6.963676452636718750e+01
7.038598632812500000e+01
7.096932220458984375e+01
7.236132049560546875e+01
7.511766052246093750e+01
7.800532531738281250e+01
7.935999298095703125e+01
7.183867645263671875e+01
7.238909149169921875e+01
7.302320861816406250e+01
7.414697265625000000e+01
7.717310333251953125e+01
8.052030181884765625e+01
7.540058135986328125e+01
7.593807983398437500e+01
7.652596282958984375e+01
7.764127349853515625e+01
7.879129791259765625e+01
8.109358978271484375e+01
8.381019592285156250e+01
8.553138732910156250e+01
8.638650512695312500e+01
8.734649658203125000e+01
8.914892578125000000e+01
9.269236755371093750e+01
8.419786071777343750e+01
8.501692199707031250e+01
8.596134948730468750e+01
8.761952972412109375e+01
9.376917266845703125e+01
9.732957458496093750e+01
7.655628204345703125e+01
7.738391113281250000e+01
7.805837249755859375e+01
7.955310058593750000e+01
8.251751708984375000e+01
7.645623016357421875e+01
7.667773437500000000e+01
7.693575286865234375e+01
7.739750671386718750e+01
7.836425018310546875e+01
6.151847457885742188e+01
6.222733688354492188e+01
6.302059555053710938e+01
6.450020599365234375e+01
6.581667327880859375e+01
6.864651489257812500e+01
7.091516876220703125e+01
7.363388824462890625e+01
6.167712020874023438e+01
6.217094039916992188e+01
6.256116485595703125e+01
6.347111129760742188e+01
6.428176879882812500e+01
6.514941406250000000e+01
7.603057098388671875e+01
7.624365997314453125e+01
7.649552917480468750e+01
7.697772979736328125e+01
7.747333526611328125e+01
7.007961273193359375e+01
7.034809875488281250e+01
7.060464477539062500e+01
7.105324554443359375e+01
7.201875305175781250e+01
8.006053924560546875e+01
8.033650207519531250e+01
8.057202911376953125e+01
8.105545043945312500e+01
8.197756958007812500e+01
8.788628387451171875e+01
8.903768920898437500e+01
8.979465484619140625e+01
9.171241760253906250e+01
9.540893554687500000e+01
6.836332702636718750e+01
6.891680145263671875e+01
6.938272857666015625e+01
7.031459045410156250e+01
7.233394622802734375e+01
6.314722061157226562e+01
6.419814300537109375e+01
6.485854339599609375e+01
6.635080718994140625e+01
6.964012145996093750e+01
7.058474731445312500e+01
7.104486846923828125e+01
7.161670684814453125e+01
7.275264739990234375e+01
7.446926879882812500e+01
7.869777679443359375e+01
7.982044219970703125e+01
5.371935272216796875e+01
5.434240722656250000e+01
5.491447067260742188e+01
5.615809249877929688e+01
5.873861312866210938e+01
6.175563049316406250e+01
6.426402282714843750e+01
8.319747924804687500e+01
8.395648956298828125e+01
8.466127014160156250e+01
8.615820312500000000e+01
8.921680450439453125e+01
9.266094207763671875e+01
9.417292022705078125e+01
6.287156295776367188e+01
6.383442306518554688e+01
6.459824371337890625e+01
6.624667358398437500e+01
8.465821838378906250e+01
8.562435913085937500e+01
8.652992248535156250e+01
8.801517486572265625e+01
9.151625061035156250e+01
6.655820465087890625e+01
6.686013793945312500e+01
6.712355804443359375e+01
6.759781646728515625e+01
6.846462249755859375e+01
6.960237121582031250e+01
7.006253814697265625e+01
7.064854431152343750e+01
7.777626800537109375e+01
7.877464294433593750e+01
7.940925598144531250e+01
8.097768402099609375e+01
8.410034179687500000e+01
8.744032287597656250e+01
7.250849914550781250e+01
7.340135955810546875e+01
7.407842254638671875e+01
7.525898742675781250e+01
6.971835327148437500e+01
7.004811096191406250e+01
7.037715148925781250e+01
7.114184570312500000e+01
7.251772308349609375e+01
7.446285247802734375e+01
7.589345550537109375e+01
7.384337615966796875e+01
7.460023498535156250e+01
7.527642059326171875e+01
7.659385681152343750e+01
7.929592132568359375e+01
8.187297821044921875e+01
8.442314910888671875e+01
7.068532562255859375e+01
7.148624420166015625e+01
7.251548004150390625e+01
7.429469299316406250e+01
7.770381927490234375e+01
6.956269073486328125e+01
6.978298187255859375e+01
7.004780578613281250e+01
7.054344940185546875e+01
7.215872955322265625e+01
7.258110809326171875e+01
7.361837005615234375e+01
6.406063842773437500e+01
6.427871704101562500e+01
6.456735992431640625e+01
6.507408905029296875e+01
6.558129882812500000e+01
6.415753936767578125e+01
6.556765747070312500e+01
6.731660461425781250e+01
7.026539611816406250e+01
9.788580322265625000e+01
9.851391601562500000e+01
9.907276916503906250e+01
1.003204727172851562e+02
1.031317443847656250e+02
1.048010101318359375e+02
6.670039367675781250e+01
6.771877288818359375e+01
6.843130493164062500e+01
7.009669494628906250e+01
7.351986694335937500e+01
7.557982635498046875e+01
7.579764556884765625e+01
7.604691314697265625e+01
7.650208282470703125e+01
7.407346343994140625e+01
7.431965637207031250e+01
7.452884674072265625e+01
7.504209899902343750e+01
7.597422027587890625e+01
7.704057312011718750e+01
7.802913665771484375e+01
7.966182708740234375e+01
7.996936035156250000e+01
8.013394165039062500e+01
8.064263916015625000e+01
8.159265136718750000e+01
7.840980529785156250e+01
7.861228942871093750e+01
7.891481781005859375e+01
7.933413696289062500e+01
8.032500457763671875e+01
5.597810363769531250e+01
5.636441421508789062e+01
5.684925079345703125e+01
5.769619750976562500e+01
5.948342895507812500e+01
6.121535110473632812e+01
6.293776702880859375e+01
8.761104583740234375e+01
8.831095886230468750e+01
8.888574218750000000e+01
9.028816223144531250e+01
9.283885955810546875e+01
9.585485839843750000e+01
8.414407348632812500e+01
8.502433013916015625e+01
8.587059783935546875e+01
8.756993865966796875e+01
9.088703155517578125e+01
7.449973297119140625e+01
7.472605895996093750e+01
7.496195220947265625e+01
7.542942810058593750e+01
7.644190216064453125e+01
7.741418457031250000e+01
7.799697113037109375e+01
7.849364471435546875e+01
7.940007781982421875e+01
8.049479675292968750e+01
8.075764465332031250e+01
8.218972015380859375e+01
8.488993835449218750e+01
8.782049560546875000e+01
8.926341247558593750e+01
7.480725860595703125e+01
7.544459533691406250e+01
7.623913574218750000e+01
7.757045745849609375e+01
8.047385406494140625e+01
8.359961700439453125e+01
7.387825012207031250e+01
7.452729797363281250e+01
7.532849884033203125e+01
7.662381744384765625e+01
7.803079986572265625e+01
7.960807037353515625e+01
8.090477752685546875e+01
8.247926330566406250e+01
8.386531066894531250e+01
5.815314483642578125e+01
5.886037445068359375e+01
5.951455688476562500e+01
6.076989746093750000e+01
6.378446578979492188e+01
6.617388916015625000e+01
6.745321655273437500e+01
6.870855712890625000e+01
6.667235565185546875e+01
6.731061553955078125e+01
6.790048217773437500e+01
6.896385192871093750e+01
7.613672637939453125e+01
7.017796325683593750e+01
7.091085815429687500e+01
7.164221954345703125e+01
7.318639373779296875e+01
7.626549530029296875e+01
8.166033935546875000e+01
8.243467712402343750e+01
8.337675476074218750e+01
8.504573059082031250e+01
8.863613891601562500e+01
6.498088073730468750e+01
6.554596710205078125e+01
6.591010284423828125e+01
6.882419586181640625e+01
5.645195007324218750e+01
5.701150512695312500e+01
5.763674926757812500e+01
5.893415451049804688e+01
6.485345458984375000e+01
6.608985900878906250e+01
8.352418518066406250e+01
8.437627410888671875e+01
8.512555694580078125e+01
8.658050537109375000e+01
8.987670898437500000e+01
7.953573608398437500e+01
7.980200195312500000e+01
8.002873229980468750e+01
8.049695587158203125e+01
8.929843139648437500e+01
9.015370178222656250e+01
9.093083190917968750e+01
9.226222991943359375e+01
9.506685638427734375e+01
8.072166442871093750e+01
8.155812072753906250e+01
8.256433868408203125e+01
8.435218048095703125e+01
8.766791534423828125e+01
9.117285156250000000e+01
9.296423339843750000e+01
6.934053039550781250e+01
6.957369995117187500e+01
6.981359863281250000e+01
7.028089904785156250e+01
7.123233032226562500e+01
5.515517044067382812e+01
5.570052337646484375e+01
5.631591415405273438e+01
5.738825225830078125e+01
5.967644500732421875e+01
6.190493392944335938e+01
6.418737792968750000e+01
7.992236328125000000e+01
8.056127166748046875e+01
8.133768463134765625e+01
8.267939758300781250e+01
8.987406158447265625e+01
9.127827453613281250e+01
7.352326202392578125e+01
7.376448822021484375e+01
7.402135467529296875e+01
7.448342132568359375e+01
7.550045013427734375e+01
6.423924255371093750e+01
6.500072479248046875e+01
6.563452911376953125e+01
6.724609375000000000e+01
7.024843597412109375e+01
8.285575866699218750e+01
8.385569000244140625e+01
8.473107147216796875e+01
8.655550384521484375e+01
7.980097198486328125e+01
8.000646972656250000e+01
8.025840759277343750e+01
8.073883819580078125e+01
8.168280792236328125e+01
6.815462493896484375e+01
6.896591186523437500e+01
6.974024963378906250e+01
7.143351745605468750e+01
7.460797882080078125e+01
7.970738220214843750e+01
7.998655700683593750e+01
8.023583221435546875e+01
8.074789428710937500e+01
8.249042510986328125e+01
8.300006866455078125e+01
8.211322784423828125e+01
8.310783386230468750e+01
8.378598785400390625e+01
8.561947631835937500e+01
8.889299774169921875e+01
7.055604553222656250e+01
7.149528503417968750e+01
7.204821014404296875e+01
7.333082580566406250e+01
7.599955749511718750e+01
7.838046264648437500e+01
8.085478973388671875e+01
8.266059112548828125e+01
8.342606353759765625e+01
8.428868865966796875e+01
8.596703338623046875e+01
8.937063598632812500e+01
7.870802307128906250e+01
7.898873901367187500e+01
7.919644927978515625e+01
7.967451477050781250e+01
8.061840820312500000e+01
6.944615173339843750e+01
6.998831939697265625e+01
7.064825439453125000e+01
7.186085510253906250e+01
7.411465454101562500e+01
7.645124053955078125e+01
4.983387374877929688e+01
5.030632400512695312e+01
5.089486694335937500e+01
5.193969726562500000e+01
5.395264816284179688e+01
5.601102447509765625e+01
5.742937469482421875e+01
5.805425262451171875e+01
5.797690582275390625e+01
5.862208557128906250e+01
5.933981323242187500e+01
6.064182662963867188e+01
6.370966339111328125e+01
7.145333862304687500e+01
7.224103546142578125e+01
7.294812774658203125e+01
7.804920196533203125e+01
6.501411437988281250e+01
6.564659881591796875e+01
6.635087585449218750e+01
6.769305419921875000e+01
7.085280609130859375e+01
7.358592987060546875e+01
7.496468353271484375e+01
7.638135528564453125e+01
6.670465087890625000e+01
6.727822875976562500e+01
6.791457366943359375e+01
6.914543151855468750e+01
7.172653961181640625e+01
7.451689910888671875e+01
7.708815002441406250e+01
8.034297180175781250e+01
8.112241363525390625e+01
8.196971130371093750e+01
8.368085479736328125e+01
8.747877502441406250e+01
9.088118743896484375e+01
5.930807876586914062e+01
5.982255554199218750e+01
6.045385360717773438e+01
6.155469512939453125e+01
6.387094879150390625e+01
6.619506835937500000e+01
8.245935058593750000e+01
8.269584655761718750e+01
8.296227264404296875e+01
8.344300079345703125e+01
8.440492248535156250e+01
8.536685180664062500e+01
8.585723114013671875e+01
7.095101928710937500e+01
7.118734741210937500e+01
7.145899963378906250e+01
7.194262695312500000e+01
7.287837219238281250e+01
7.373343658447265625e+01
7.470451354980468750e+01
8.476814270019531250e+01
8.570411682128906250e+01
8.631314086914062500e+01
8.793666839599609375e+01
9.120616149902343750e+01
9.429453277587890625e+01
9.746305847167968750e+01
8.256254577636718750e+01
8.321673583984375000e+01
8.404508972167968750e+01
8.562150573730468750e+01
8.865925598144531250e+01
9.022659301757812500e+01
9.174849700927734375e+01
9.348544311523437500e+01
7.148789978027343750e+01
7.227923583984375000e+01
7.296817016601562500e+01
7.459430694580078125e+01
7.765726470947265625e+01
8.082263183593750000e+01
8.254341888427734375e+01
6.864669799804687500e+01
6.940637207031250000e+01
7.015719604492187500e+01
7.457216644287109375e+01
7.827907562255859375e+01
5.927585220336914062e+01
5.979064178466796875e+01
6.028746414184570312e+01
6.126216506958007812e+01
6.324847030639648438e+01
6.527468109130859375e+01
6.741662597656250000e+01
7.989314270019531250e+01
8.017248535156250000e+01
8.038923645019531250e+01
8.091662597656250000e+01
7.928248596191406250e+01
7.952453613281250000e+01
7.977579498291015625e+01
8.023515319824218750e+01
8.073331451416015625e+01
6.409770965576171875e+01
6.432787322998046875e+01
6.458318328857421875e+01
6.505851745605468750e+01
6.601158142089843750e+01
6.651979064941406250e+01
6.698351287841796875e+01
6.757923889160156250e+01
6.797913360595703125e+01
7.125270843505859375e+01
7.166156768798828125e+01
7.215679931640625000e+01
7.302034759521484375e+01
7.479327392578125000e+01
7.666048431396484375e+01
7.649239349365234375e+01
7.670816802978515625e+01
7.698660278320312500e+01
7.744736480712890625e+01
7.840422058105468750e+01
7.928900146484375000e+01
8.028873443603515625e+01
7.862689208984375000e+01
7.923235321044921875e+01
7.984149169921875000e+01
8.111102294921875000e+01
8.355121612548828125e+01
8.517475891113281250e+01
8.714741516113281250e+01
7.342726898193359375e+01
7.363837432861328125e+01
7.389342498779296875e+01
7.440590667724609375e+01
7.535253143310546875e+01
8.508599090576171875e+01
8.598351287841796875e+01
8.689305114746093750e+01
8.840891265869140625e+01
9.192025756835937500e+01
6.818868255615234375e+01
6.878558349609375000e+01
6.935398864746093750e+01
7.581536102294921875e+01
7.726783752441406250e+01
7.621961212158203125e+01
7.705043792724609375e+01
7.787959289550781250e+01
7.953956604003906250e+01
8.799594879150390625e+01
6.411978149414062500e+01
6.436566162109375000e+01
6.461740112304687500e+01
6.510720062255859375e+01
6.559455108642578125e+01
7.674963378906250000e+01
7.746855163574218750e+01
7.807283782958984375e+01
7.953754425048828125e+01
8.238489532470703125e+01
8.515158081054687500e+01
8.658940124511718750e+01
8.821544647216796875e+01
7.323075866699218750e+01
7.378642272949218750e+01
7.435150146484375000e+01
7.554993438720703125e+01
7.852484130859375000e+01
7.722512817382812500e+01
7.746836090087890625e+01
7.769663238525390625e+01
7.818021392822265625e+01
7.913288879394531250e+01
9.133493041992187500e+01
9.298516845703125000e+01
9.384568786621093750e+01
9.572876739501953125e+01
8.492533111572265625e+01
8.557697296142578125e+01
8.623394012451171875e+01
8.756920623779296875e+01
9.035699462890625000e+01
7.879165649414062500e+01
7.945157623291015625e+01
8.016227722167968750e+01
8.159071350097656250e+01
8.438130187988281250e+01
8.648518371582031250e+01
8.931948852539062500e+01
6.596360015869140625e+01
6.688643646240234375e+01
6.765238952636718750e+01
6.912584686279296875e+01
8.425251007080078125e+01
8.515373229980468750e+01
8.606041717529296875e+01
8.791018676757812500e+01
9.146954345703125000e+01
9.335391235351562500e+01
6.959259033203125000e+01
6.983684539794921875e+01
7.006859588623046875e+01
7.055566406250000000e+01
7.224071502685546875e+01
7.300930023193359375e+01
7.384646606445312500e+01
7.539922332763671875e+01
7.859671020507812500e+01
7.124122619628906250e+01
7.205439758300781250e+01
7.302089691162109375e+01
7.465412139892578125e+01
7.821001434326171875e+01
8.149197387695312500e+01
8.344048309326171875e+01
8.491176605224609375e+01
7.705411529541015625e+01
7.772047424316406250e+01
7.838267517089843750e+01
7.978726959228515625e+01
8.251629638671875000e+01
8.561995697021484375e+01
8.697203063964843750e+01
8.837524414062500000e+01
6.912187957763671875e+01
6.966248321533203125e+01
7.094493103027343750e+01
7.153122711181640625e+01
7.367189025878906250e+01
7.673714447021484375e+01
6.195634460449218750e+01
6.267750167846679688e+01
6.328676605224609375e+01
6.463336944580078125e+01
6.729826354980468750e+01
6.929457092285156250e+01
7.201742553710937500e+01
6.434040069580078125e+01
6.519486236572265625e+01
6.566013336181640625e+01
6.692280578613281250e+01
7.164010620117187500e+01
7.292053222656250000e+01
7.418828582763671875e+01
8.673571777343750000e+01
8.749899291992187500e+01
8.829235076904296875e+01
8.986163330078125000e+01
9.303031158447265625e+01
9.636842346191406250e+01
9.830668640136718750e+01
9.962103271484375000e+01
7.077936553955078125e+01
7.138168334960937500e+01
7.186605834960937500e+01
7.299433135986328125e+01
7.434323883056640625e+01
7.497705078125000000e+01
7.582212829589843750e+01
7.731705474853515625e+01
8.016993713378906250e+01
8.162114715576171875e+01
6.340251922607421875e+01
6.403742218017578125e+01
6.508361816406250000e+01
6.667821502685546875e+01
7.017752838134765625e+01
6.567536163330078125e+01
6.638893127441406250e+01
6.711521148681640625e+01
6.865820312500000000e+01
7.404032897949218750e+01
7.680981445312500000e+01
7.776606750488281250e+01
7.868396759033203125e+01
7.935415649414062500e+01
8.075075531005859375e+01
8.890238189697265625e+01
7.770442199707031250e+01
7.802614593505859375e+01
7.825444793701171875e+01
7.874775695800781250e+01
7.970958709716796875e+01
7.306346893310546875e+01
7.330573272705078125e+01
7.355941009521484375e+01
7.392708587646484375e+01
7.526575469970703125e+01
7.577024841308593750e+01
7.669752502441406250e+01
7.466326141357421875e+01
7.535484313964843750e+01
7.600936889648437500e+01
7.740623474121093750e+01
8.008061218261718750e+01
8.231999206542968750e+01
8.369902801513671875e+01
8.630391693115234375e+01
8.698249816894531250e+01
8.792549133300781250e+01
8.946421813964843750e+01
9.278381347656250000e+01
9.571473693847656250e+01
9.799894714355468750e+01
9.906777191162109375e+01
8.282614898681640625e+01
8.347709655761718750e+01
8.423840332031250000e+01
8.562691497802734375e+01
9.118376159667968750e+01
7.935340118408203125e+01
8.005290222167968750e+01
8.076820373535156250e+01
8.222753143310546875e+01
8.508154296875000000e+01
8.654949951171875000e+01
8.785800170898437500e+01
9.147422027587890625e+01
9.220204162597656250e+01
9.281110382080078125e+01
9.431922912597656250e+01
9.704545593261718750e+01
9.863369750976562500e+01
7.400260162353515625e+01
7.547129058837890625e+01
7.716741180419921875e+01
7.995073699951171875e+01
8.207968139648437500e+01
6.071588897705078125e+01
6.125172042846679688e+01
6.179297637939453125e+01
6.287332916259765625e+01
6.503620147705078125e+01
6.618176269531250000e+01
5.974062728881835938e+01
6.028666305541992188e+01
6.078861236572265625e+01
6.176746749877929688e+01
6.381134033203125000e+01
7.693728637695312500e+01
7.722734069824218750e+01
7.738193511962890625e+01
7.793380737304687500e+01
7.893653869628906250e+01
7.476586914062500000e+01
7.548270416259765625e+01
7.586477661132812500e+01
7.722865295410156250e+01
7.970326232910156250e+01
7.800375366210937500e+01
7.832239532470703125e+01
7.849641418457031250e+01
7.898812103271484375e+01
7.990468597412109375e+01
8.080702209472656250e+01
8.173022460937500000e+01
6.325373458862304688e+01
6.390098953247070312e+01
6.451319122314453125e+01
6.532328796386718750e+01
6.738871765136718750e+01
8.758530426025390625e+01
8.834677124023437500e+01
8.914640045166015625e+01
9.087441253662109375e+01
9.429547119140625000e+01
9.813462066650390625e+01
9.971956634521484375e+01
8.500208282470703125e+01
8.579391479492187500e+01
8.641084289550781250e+01
8.776942443847656250e+01
9.049745178222656250e+01
7.642523193359375000e+01
7.818160247802734375e+01
7.913084411621093750e+01
7.965276336669921875e+01
8.018620300292968750e+01
6.054412078857421875e+01
6.119368743896484375e+01
6.202094268798828125e+01
6.344824218750000000e+01
6.636694335937500000e+01
6.863169860839843750e+01
7.069201660156250000e+01
7.119676971435546875e+01
7.252685546875000000e+01
7.339274597167968750e+01
7.445710754394531250e+01
5.814148330688476562e+01
5.889867782592773438e+01
5.972032165527343750e+01
6.109117889404296875e+01
6.613523864746093750e+01
6.399705123901367188e+01
6.497833251953125000e+01
6.589912414550781250e+01
6.754074859619140625e+01
7.093156433105468750e+01
5.558499908447265625e+01
5.633248901367187500e+01
5.713089752197265625e+01
5.867380523681640625e+01
6.163529205322265625e+01
6.748335266113281250e+01
6.403708648681640625e+01
6.473374176025390625e+01
6.532341766357421875e+01
6.655875396728515625e+01
6.904559326171875000e+01
7.140304565429687500e+01
7.865885162353515625e+01
7.927478790283203125e+01
8.004433441162109375e+01
8.159673309326171875e+01
8.974569702148437500e+01
7.580999755859375000e+01
7.648448944091796875e+01
7.721923065185546875e+01
7.851715087890625000e+01
8.120989227294921875e+01
8.298583984375000000e+01
8.497135162353515625e+01
6.167277526855468750e+01
6.190993499755859375e+01
6.215592575073242188e+01
6.266116714477539062e+01
6.364121246337890625e+01
6.413859558105468750e+01
6.451519775390625000e+01
6.498017883300781250e+01
6.550309753417968750e+01
6.431291198730468750e+01
6.455545806884765625e+01
6.478531646728515625e+01
6.532115936279296875e+01
6.625376129150390625e+01
6.729177093505859375e+01
6.467042541503906250e+01
6.519425201416015625e+01
6.569943237304687500e+01
6.657463836669921875e+01
6.851612854003906250e+01
6.093667984008789062e+01
6.117929077148437500e+01
6.152767562866210938e+01
6.195515060424804688e+01
6.289598464965820312e+01
7.893164062500000000e+01
7.982462310791015625e+01
8.060374450683593750e+01
8.269226074218750000e+01
8.985402679443359375e+01
6.322398376464843750e+01
6.343234634399414062e+01
6.369934082031250000e+01
6.421442413330078125e+01
6.516948699951171875e+01
6.586579895019531250e+01
6.683831024169921875e+01
6.996027374267578125e+01
7.027342224121093750e+01
7.043713378906250000e+01
7.088686370849609375e+01
7.258061218261718750e+01
7.352290344238281250e+01
5.829086685180664062e+01
5.897370147705078125e+01
5.973285675048828125e+01
6.112071228027343750e+01
6.389365386962890625e+01
7.503466033935546875e+01
7.575685882568359375e+01
7.639476776123046875e+01
7.793730926513671875e+01
8.053798675537109375e+01
8.336640167236328125e+01
8.463717651367187500e+01
5.907478713989257812e+01
5.987361907958984375e+01
6.072648239135742188e+01
6.208393096923828125e+01
6.343855285644531250e+01
6.484007263183593750e+01
6.778099822998046875e+01
6.703394317626953125e+01
6.726628875732421875e+01
6.748802947998046875e+01
6.800526428222656250e+01
6.894525146484375000e+01
7.484452819824218750e+01
7.506855010986328125e+01
7.531164550781250000e+01
7.579450225830078125e+01
7.634360504150390625e+01
5.989800262451171875e+01
6.064303970336914062e+01
6.128041076660156250e+01
6.249326705932617188e+01
6.514670562744140625e+01
6.770484161376953125e+01
6.889418792724609375e+01
7.901945495605468750e+01
7.990505218505859375e+01
8.086724853515625000e+01
8.272813415527343750e+01
8.623316192626953125e+01
7.392184448242187500e+01
7.467672729492187500e+01
7.573065948486328125e+01
7.730992889404296875e+01
8.058485412597656250e+01
7.656260681152343750e+01
7.678192901611328125e+01
7.707231140136718750e+01
7.748113250732421875e+01
7.843423461914062500e+01
7.932528686523437500e+01
7.979757690429687500e+01
8.025139617919921875e+01
6.484409332275390625e+01
6.551660156250000000e+01
6.631245422363281250e+01
6.757521057128906250e+01
7.032889556884765625e+01
7.218457794189453125e+01
6.783982849121093750e+01
6.839665985107421875e+01
6.905950164794921875e+01
7.018989562988281250e+01
7.440908050537109375e+01
6.311318206787109375e+01
6.359494781494140625e+01
6.416730499267578125e+01
6.529177093505859375e+01
6.631604766845703125e+01
7.600789642333984375e+01
7.626735687255859375e+01
7.650492095947265625e+01
7.698052215576171875e+01
6.777215576171875000e+01
6.842300415039062500e+01
6.922955322265625000e+01
7.083174896240234375e+01
7.412332916259765625e+01
6.769340515136718750e+01
6.826452636718750000e+01
6.907646179199218750e+01
7.040950775146484375e+01
7.182282257080078125e+01
7.479681396484375000e+01
7.508914947509765625e+01
7.529006958007812500e+01
7.575665283203125000e+01
7.672126007080078125e+01
6.392519378662109375e+01
6.456996154785156250e+01
6.531125640869140625e+01
6.651972198486328125e+01
6.915800476074218750e+01
7.110647583007812500e+01
7.376021575927734375e+01
5.696686553955078125e+01
5.757916259765625000e+01
5.826691055297851562e+01
5.958798599243164062e+01
6.190728759765625000e+01
6.399403381347656250e+01
6.526068115234375000e+01
6.653722381591796875e+01
5.717506027221679688e+01
5.765233230590820312e+01
5.816953277587890625e+01
5.931976699829101562e+01
6.169611358642578125e+01
6.289328002929687500e+01
6.488821411132812500e+01
7.472830963134765625e+01
7.564581298828125000e+01
7.641338348388671875e+01
7.803813934326171875e+01
8.135775756835937500e+01
8.382017517089843750e+01
8.631518554687500000e+01
8.706808471679687500e+01
6.223138046264648438e+01
6.313832092285156250e+01
6.393845748901367188e+01
6.541336822509765625e+01
6.853964996337890625e+01
7.078530120849609375e+01
7.245986938476562500e+01
7.103385162353515625e+01
7.124791717529296875e+01
7.148535156250000000e+01
7.199071502685546875e+01
7.294758605957031250e+01
7.347583770751953125e+01
7.842821502685546875e+01
7.928527069091796875e+01
8.012328338623046875e+01
8.190145874023437500e+01
8.370214080810546875e+01
8.573657226562500000e+01
8.801686096191406250e+01
7.409935760498046875e+01
7.487385559082031250e+01
7.579959869384765625e+01
7.723862457275390625e+01
8.028622436523437500e+01
8.282971954345703125e+01
7.006153106689453125e+01
7.078354644775390625e+01
7.146700286865234375e+01
7.281397247314453125e+01
7.745191192626953125e+01
7.878425598144531250e+01
8.016046905517578125e+01
7.689365386962890625e+01
7.716477966308593750e+01
7.739206695556640625e+01
7.786570739746093750e+01
6.623797607421875000e+01
6.720023345947265625e+01
6.801018524169921875e+01
6.974954223632812500e+01
7.322302246093750000e+01
7.527909088134765625e+01
7.698034667968750000e+01
6.941883850097656250e+01
6.983847045898437500e+01
7.103576660156250000e+01
7.209700775146484375e+01
7.378629302978515625e+01
7.438590240478515625e+01
7.511544799804687500e+01
7.646490478515625000e+01
7.932893371582031250e+01
8.148236846923828125e+01
8.414338684082031250e+01
6.753868865966796875e+01
6.813716888427734375e+01
6.892975616455078125e+01
7.554234313964843750e+01
7.770592498779296875e+01
7.011167144775390625e+01
7.069844818115234375e+01
7.132682037353515625e+01
7.240032958984375000e+01
7.483174133300781250e+01
7.675844573974609375e+01
9.301834106445312500e+01
9.369088745117187500e+01
9.440727996826171875e+01
9.569920349121093750e+01
9.837342071533203125e+01
1.006887817382812500e+02
7.060768127441406250e+01
7.082794189453125000e+01
7.111524200439453125e+01
7.161705017089843750e+01
7.251005554199218750e+01
5.535595321655273438e+01
5.634719467163085938e+01
5.695659637451171875e+01
5.796806716918945312e+01
6.453375244140625000e+01
7.441261291503906250e+01
7.463523864746093750e+01
7.503883361816406250e+01
7.542184448242187500e+01
7.642294311523437500e+01
7.808415985107421875e+01
7.831108856201171875e+01
7.858512115478515625e+01
7.909178924560546875e+01
8.001235961914062500e+01
5.957355117797851562e+01
6.028174972534179688e+01
6.089769363403320312e+01
6.227202606201171875e+01
6.503967285156250000e+01
6.684814453125000000e+01
6.968228912353515625e+01
7.270689392089843750e+01
7.297761535644531250e+01
7.321580505371093750e+01
7.370175170898437500e+01
7.415995788574218750e+01
6.286423492431640625e+01
6.310738372802734375e+01
6.336699676513671875e+01
6.383003997802734375e+01
6.491596221923828125e+01
6.567446899414062500e+01
6.664366149902343750e+01
7.279467773437500000e+01
7.302529144287109375e+01
7.325302886962890625e+01
7.373147583007812500e+01
7.477544403076171875e+01
7.564382171630859375e+01
7.663564300537109375e+01
7.225305938720703125e+01
7.256069946289062500e+01
7.285348510742187500e+01
7.320999145507812500e+01
7.376393890380859375e+01
8.292488098144531250e+01
8.373553466796875000e+01
8.462144470214843750e+01
8.632144165039062500e+01
8.980007934570312500e+01
7.898780822753906250e+01
8.005654144287109375e+01
8.084450531005859375e+01
8.266496276855468750e+01
6.121983337402343750e+01
6.181090164184570312e+01
6.263706970214843750e+01
6.380980682373046875e+01
6.706206512451171875e+01
6.917247009277343750e+01
7.223876953125000000e+01
7.290836334228515625e+01
7.351493072509765625e+01
7.466383361816406250e+01
7.710673522949218750e+01
7.918093872070312500e+01
5.800284576416015625e+01
5.853038406372070312e+01
5.897883605957031250e+01
5.995578765869140625e+01
6.335148239135742188e+01
6.528128051757812500e+01
7.859435272216796875e+01
7.882212829589843750e+01
7.907434844970703125e+01
7.957304382324218750e+01
8.004200744628906250e+01
8.054454040527343750e+01
8.103173065185546875e+01
6.339927673339843750e+01
6.399705123901367188e+01
6.450823211669921875e+01
6.554521179199218750e+01
6.765567779541015625e+01
6.930607604980468750e+01
7.142279815673828125e+01
6.183237457275390625e+01
6.259620666503906250e+01
6.350722503662109375e+01
6.472289276123046875e+01
6.777382659912109375e+01
7.432374572753906250e+01
7.458887481689453125e+01
7.482127380371093750e+01
7.531976318359375000e+01
7.624842834472656250e+01
7.795730590820312500e+01
6.180424880981445312e+01
6.252169036865234375e+01
6.320643997192382812e+01
6.749967956542968750e+01
6.970596313476562500e+01
7.112093353271484375e+01
6.195692062377929688e+01
6.251536178588867188e+01
6.318700408935546875e+01
6.441330718994140625e+01
6.698918151855468750e+01
6.860413360595703125e+01
6.984678649902343750e+01
7.109321594238281250e+01
6.851737213134765625e+01
6.918451690673828125e+01
6.993032836914062500e+01
7.141028594970703125e+01
7.437310791015625000e+01
7.733303070068359375e+01
8.335209655761718750e+01
8.419108581542968750e+01
8.476513671875000000e+01
8.661483764648437500e+01
8.992828369140625000e+01
7.821819305419921875e+01
7.848521423339843750e+01
7.872656250000000000e+01
7.917656707763671875e+01
8.008919525146484375e+01
7.794310760498046875e+01
7.889952087402343750e+01
7.955852508544921875e+01
8.119585418701171875e+01
8.432025146484375000e+01
6.803494262695312500e+01
6.880618286132812500e+01
6.939545440673828125e+01
7.095192718505859375e+01
7.363096618652343750e+01
7.205581665039062500e+01
7.266412353515625000e+01
7.335971069335937500e+01
7.472268676757812500e+01
7.739896392822265625e+01
7.526391601562500000e+01
7.550133514404296875e+01
7.594756317138671875e+01
7.624838256835937500e+01
7.842041778564453125e+01
8.567552947998046875e+01
8.638446044921875000e+01
8.735710906982421875e+01
8.860898590087890625e+01
9.538339233398437500e+01
9.687417602539062500e+01
6.445150756835937500e+01
6.520881652832031250e+01
6.593131256103515625e+01
6.735308837890625000e+01
7.030108642578125000e+01
7.253675079345703125e+01
7.343370056152343750e+01
7.367243194580078125e+01
7.396416473388671875e+01
7.437573242187500000e+01
7.577709197998046875e+01
6.539216613769531250e+01
6.583542633056640625e+01
6.633348846435546875e+01
6.730906677246093750e+01
6.927783203125000000e+01
7.094227600097656250e+01
7.287091827392578125e+01
6.975945281982421875e+01
7.038188171386718750e+01
7.100176239013671875e+01
7.228481292724609375e+01
7.482163238525390625e+01
7.773139190673828125e+01
7.897243499755859375e+01
7.533214569091796875e+01
7.556233978271484375e+01
7.580065917968750000e+01
7.626727294921875000e+01
7.722054290771484375e+01
5.690978240966796875e+01
5.777921676635742188e+01
5.852186965942382812e+01
6.000263977050781250e+01
6.308038711547851562e+01
6.550305175781250000e+01
6.865929412841796875e+01
7.838333129882812500e+01
7.931559753417968750e+01
8.020046997070312500e+01
8.182135009765625000e+01
8.343377685546875000e+01
8.532366943359375000e+01
7.839940643310546875e+01
7.905967712402343750e+01
7.976672363281250000e+01
8.113816070556640625e+01
8.246420288085937500e+01
8.372103118896484375e+01
8.439300537109375000e+01
8.524426269531250000e+01
8.667274475097656250e+01
8.819306182861328125e+01
8.960112762451171875e+01
8.176077270507812500e+01
8.249871826171875000e+01
8.327552032470703125e+01
8.474395751953125000e+01
8.772116851806640625e+01
9.018301391601562500e+01
9.168729400634765625e+01
9.321697998046875000e+01
8.181746673583984375e+01
8.275672912597656250e+01
8.369113159179687500e+01
8.534217071533203125e+01
8.857598876953125000e+01
9.087703704833984375e+01
9.271820831298828125e+01
7.502166748046875000e+01
7.523809814453125000e+01
7.552555847167968750e+01
7.598146057128906250e+01
7.648870849609375000e+01
9.510841369628906250e+01
9.578552246093750000e+01
9.653139495849609375e+01
9.809785461425781250e+01
1.010858001708984375e+02
7.196935272216796875e+01
7.219145202636718750e+01
7.247266387939453125e+01
7.295547485351562500e+01
7.391586303710937500e+01
6.443026733398437500e+01
6.465699005126953125e+01
6.492964172363281250e+01
6.541114044189453125e+01
6.636978149414062500e+01
7.533567047119140625e+01
7.618680572509765625e+01
7.705545043945312500e+01
7.873846435546875000e+01
8.225686645507812500e+01
8.481378173828125000e+01
7.345351409912109375e+01
7.369569396972656250e+01
7.398056030273437500e+01
7.447690582275390625e+01
7.544946289062500000e+01
6.795696258544921875e+01
6.866407775878906250e+01
6.935411071777343750e+01
7.055674743652343750e+01
7.415544128417968750e+01
7.516618347167968750e+01
7.778962707519531250e+01
7.612844848632812500e+01
7.641660308837890625e+01
7.666490173339843750e+01
7.710529327392578125e+01
7.819836425781250000e+01
5.635844421386718750e+01
5.690615844726562500e+01
5.749339675903320312e+01
5.864076232910156250e+01
6.240922546386718750e+01
6.382874679565429688e+01
6.987368774414062500e+01
7.039401245117187500e+01
7.093936920166015625e+01
7.197480010986328125e+01
7.401125335693359375e+01
6.157894897460937500e+01
6.234510421752929688e+01
6.317338180541992188e+01
6.475664520263671875e+01
7.074887084960937500e+01
8.491450500488281250e+01
8.577606201171875000e+01
8.660282897949218750e+01
8.826296997070312500e+01
8.991317749023437500e+01
9.190468597412109375e+01
5.905740737915039062e+01
5.972464752197265625e+01
6.030199432373046875e+01
6.144978332519531250e+01
6.374419403076171875e+01
6.577586364746093750e+01
6.805068969726562500e+01
7.195700836181640625e+01
7.266769409179687500e+01
7.429055786132812500e+01
7.729322052001953125e+01
6.487313079833984375e+01
6.534925842285156250e+01
6.603530120849609375e+01
6.712606048583984375e+01
6.927944183349609375e+01
7.055391693115234375e+01
7.104463195800781250e+01
7.199874877929687500e+01
7.247604370117187500e+01
6.036997222900390625e+01
6.087474822998046875e+01
6.131618118286132812e+01
6.237027359008789062e+01
6.427060699462890625e+01
6.559588623046875000e+01
6.760608673095703125e+01
7.321465301513671875e+01
7.342823791503906250e+01
7.369305419921875000e+01
7.414128112792968750e+01
7.512489318847656250e+01
7.575653076171875000e+01
7.674014282226562500e+01
6.037544250488281250e+01
6.108394622802734375e+01
6.161690521240234375e+01
6.292024612426757812e+01
6.551052093505859375e+01
6.819677734375000000e+01
6.988152313232421875e+01
7.852648162841796875e+01
7.917852783203125000e+01
7.983056640625000000e+01
8.137015533447265625e+01
8.400962829589843750e+01
5.584616088867187500e+01
5.636236190795898438e+01
5.707326507568359375e+01
5.815773773193359375e+01
6.416082000732421875e+01
6.739634704589843750e+01
6.799794006347656250e+01
6.867633056640625000e+01
7.022938537597656250e+01
7.360854339599609375e+01
7.294746398925781250e+01
7.354940032958984375e+01
7.427905273437500000e+01
7.565819549560546875e+01
7.828874969482421875e+01
8.058369445800781250e+01
8.196419525146484375e+01
8.331887817382812500e+01
6.486613464355468750e+01
6.559857177734375000e+01
6.628549957275390625e+01
6.764554595947265625e+01
7.036425781250000000e+01
7.145043945312500000e+01
7.222656250000000000e+01
7.322959136962890625e+01
7.495553588867187500e+01
7.776586914062500000e+01
7.503793334960937500e+01
7.571247863769531250e+01
7.646982574462890625e+01
7.785628509521484375e+01
7.908781433105468750e+01
7.290565490722656250e+01
7.360476684570312500e+01
7.425490570068359375e+01
7.545111846923828125e+01
7.791821289062500000e+01
8.108564758300781250e+01
8.236021423339843750e+01
7.435089874267578125e+01
7.463731384277343750e+01
7.488157653808593750e+01
7.538352203369140625e+01
7.632897186279296875e+01
6.015810012817382812e+01
6.073625183105468750e+01
6.149945449829101562e+01
6.276167678833007812e+01
6.540354156494140625e+01
7.791906738281250000e+01
7.864002227783203125e+01
7.934346008300781250e+01
8.085394287109375000e+01
8.373044586181640625e+01
6.466346740722656250e+01
6.543373107910156250e+01
6.614736938476562500e+01
6.768938446044921875e+01
7.063037109375000000e+01
7.279962158203125000e+01
7.431778717041015625e+01
7.583000183105468750e+01
6.277947998046875000e+01
6.322292327880859375e+01
6.371298980712890625e+01
6.466076660156250000e+01
6.658392333984375000e+01
6.791519927978515625e+01
6.396308135986328125e+01
6.487574768066406250e+01
6.548229980468750000e+01
7.123189544677734375e+01
7.405168151855468750e+01
6.670790100097656250e+01
6.735186767578125000e+01
6.805937194824218750e+01
6.945885467529296875e+01
7.232844543457031250e+01
7.535900878906250000e+01
6.660509490966796875e+01
6.763338470458984375e+01
6.845709991455078125e+01
7.039962005615234375e+01
6.961347961425781250e+01
6.990677642822265625e+01
7.011811828613281250e+01
7.061269378662109375e+01
7.157164764404296875e+01
7.231446838378906250e+01
7.883076477050781250e+01
7.949060058593750000e+01
8.013825988769531250e+01
8.153769683837890625e+01
8.420675659179687500e+01
8.560618591308593750e+01
8.700562286376953125e+01
8.840505218505859375e+01
8.440884399414062500e+01
8.518266296386718750e+01
8.602886199951171875e+01
8.753947448730468750e+01
9.083419799804687500e+01
9.260060882568359375e+01
7.348858642578125000e+01
7.374692535400390625e+01
7.397465515136718750e+01
7.444541168212890625e+01
7.537486267089843750e+01
7.588179779052734375e+01
7.633493041992187500e+01
7.680475616455078125e+01
6.657072448730468750e+01
6.727793121337890625e+01
6.789593505859375000e+01
6.916126251220703125e+01
6.839546966552734375e+01
6.860978698730468750e+01
6.885148620605468750e+01
6.933730316162109375e+01
7.030652618408203125e+01
7.097109222412109375e+01
7.202632904052734375e+01
5.641857147216796875e+01
5.699938964843750000e+01
5.764127731323242188e+01
5.880530548095703125e+01
6.121839904785156250e+01
6.534640502929687500e+01
7.081945037841796875e+01
7.170116424560546875e+01
7.254606628417968750e+01
7.435156250000000000e+01
7.777674102783203125e+01
7.843424224853515625e+01
7.933741760253906250e+01
8.023715972900390625e+01
8.193858337402343750e+01
8.539990997314453125e+01
8.771205139160156250e+01
6.400096893310546875e+01
6.423948669433593750e+01
6.449011993408203125e+01
6.497975158691406250e+01
6.590133666992187500e+01
6.643993377685546875e+01
6.694556427001953125e+01
6.741532897949218750e+01
5.803953552246093750e+01
5.838095855712890625e+01
5.874045944213867188e+01
5.944347381591796875e+01
6.076467132568359375e+01
6.153722000122070312e+01
6.226318359375000000e+01
6.291195678710937500e+01
8.030041503906250000e+01
8.121830749511718750e+01
8.225359344482421875e+01
8.399153900146484375e+01
8.775205230712890625e+01
6.956390380859375000e+01
7.008353424072265625e+01
7.078826141357421875e+01
7.188616180419921875e+01
7.420037841796875000e+01
7.668934631347656250e+01
7.783898162841796875e+01
6.922940063476562500e+01
6.994283294677734375e+01
7.069902801513671875e+01
7.225574493408203125e+01
7.532944488525390625e+01
7.697780609130859375e+01
7.856354522705078125e+01
7.893354797363281250e+01
7.921851348876953125e+01
7.944385528564453125e+01
7.991143798828125000e+01
7.497299194335937500e+01
7.569319915771484375e+01
7.662287139892578125e+01
7.820183563232421875e+01
8.140007019042968750e+01
8.299193572998046875e+01
7.672255706787109375e+01
7.724925994873046875e+01
7.785735321044921875e+01
7.898748779296875000e+01
8.130821990966796875e+01
8.246393585205078125e+01
8.365454101562500000e+01
8.478467559814453125e+01
8.098654937744140625e+01
8.168292999267578125e+01
8.270682525634765625e+01
8.444778442382812500e+01
8.845542144775390625e+01
8.331094360351562500e+01
8.399254608154296875e+01
8.508176422119140625e+01
8.669358062744140625e+01
9.014218139648437500e+01
9.194006347656250000e+01
9.359247589111328125e+01
9.548167419433593750e+01
8.011117553710937500e+01
8.100215911865234375e+01
8.191214752197265625e+01
8.356752014160156250e+01
6.477575683593750000e+01
6.528839874267578125e+01
6.575720977783203125e+01
6.679267120361328125e+01
6.886870574951171875e+01
6.972784423828125000e+01
7.078268432617187500e+01
7.181814575195312500e+01
7.986692810058593750e+01
8.108690643310546875e+01
8.168646240234375000e+01
8.336695098876953125e+01
7.707244873046875000e+01
7.809265899658203125e+01
7.893419647216796875e+01
8.071912384033203125e+01
8.249512481689453125e+01
8.189587402343750000e+01
8.248422241210937500e+01
8.313748168945312500e+01
8.448403930664062500e+01
8.729319000244140625e+01
6.419134521484375000e+01
6.473397827148437500e+01
6.538349151611328125e+01
6.655449676513671875e+01
6.885422515869140625e+01
7.148751068115234375e+01
7.272546386718750000e+01
7.909203338623046875e+01
8.009505462646484375e+01
8.090785217285156250e+01
8.272193908691406250e+01
8.622557830810546875e+01
7.108544158935546875e+01
7.131239318847656250e+01
7.158962249755859375e+01
7.205502319335937500e+01
7.301980590820312500e+01
7.337508392333984375e+01
7.387447357177734375e+01
7.435566711425781250e+01
6.924214172363281250e+01
6.971638488769531250e+01
7.031047058105468750e+01
7.151517486572265625e+01
7.339352416992187500e+01
7.948188018798828125e+01
7.970249176025390625e+01
7.994776916503906250e+01
8.044022369384765625e+01
8.133641052246093750e+01
8.183645629882812500e+01
8.230139160156250000e+01
8.280143737792968750e+01
6.435281372070312500e+01
6.479367065429687500e+01
6.536300659179687500e+01
6.630202484130859375e+01
6.804791259765625000e+01
6.968011474609375000e+01
7.634564971923828125e+01
7.681804656982421875e+01
7.738573455810546875e+01
7.842378997802734375e+01
8.077157592773437500e+01
8.196270751953125000e+01
8.297238159179687500e+01
8.401853942871093750e+01
7.296422576904296875e+01
7.319601440429687500e+01
7.344744873046875000e+01
7.444548797607421875e+01
7.567533111572265625e+01
6.313011550903320312e+01
6.403877258300781250e+01
6.485482788085937500e+01
6.641789245605468750e+01
6.967114257812500000e+01
7.830304718017578125e+01
7.899124145507812500e+01
7.993922424316406250e+01
8.139136505126953125e+01
8.456319427490234375e+01
8.604935455322265625e+01
8.755561828613281250e+01
6.715402221679687500e+01
6.819699096679687500e+01
6.886244201660156250e+01
7.050048828125000000e+01
7.218652343750000000e+01
7.421328735351562500e+01
7.742379760742187500e+01
7.911463165283203125e+01
6.484922027587890625e+01
6.509982299804687500e+01
6.532030487060546875e+01
6.580596160888671875e+01
6.724301910400390625e+01
6.777238464355468750e+01
6.822841644287109375e+01
7.752966308593750000e+01
7.775769042968750000e+01
7.798142242431640625e+01
7.846282958984375000e+01
7.983724212646484375e+01
7.772380828857421875e+01
7.871006011962890625e+01
7.952449035644531250e+01
8.145047760009765625e+01
7.461101531982421875e+01
7.489581298828125000e+01
7.514843750000000000e+01
7.557704162597656250e+01
7.611524200439453125e+01
7.705532836914062500e+01
7.787351226806640625e+01
7.976474761962890625e+01
8.356756591796875000e+01
8.148149871826171875e+01
8.213613891601562500e+01
8.285385894775390625e+01
8.422341156005859375e+01
8.702140045166015625e+01
8.101290893554687500e+01
8.190901184082031250e+01
8.265549468994140625e+01
8.429806518554687500e+01
6.664367675781250000e+01
6.739136505126953125e+01
6.835760498046875000e+01
6.992857360839843750e+01
7.320360565185546875e+01
7.641947937011718750e+01
7.815312957763671875e+01
7.468401336669921875e+01
7.567343902587890625e+01
7.649481201171875000e+01
7.806210327148437500e+01
8.164082336425781250e+01
8.346704864501953125e+01
7.623267364501953125e+01
7.674663543701171875e+01
7.735680389404296875e+01
7.858772277832031250e+01
8.092635345458984375e+01
8.319808959960937500e+01
8.441258239746093750e+01
7.962326049804687500e+01
8.033561706542968750e+01
8.105229187011718750e+01
8.250718688964843750e+01
8.430390167236328125e+01
8.801222991943359375e+01
8.980894470214843750e+01
7.094046020507812500e+01
7.153220367431640625e+01
7.216403198242187500e+01
7.334507751464843750e+01
7.474848175048828125e+01
7.603281402587890625e+01
7.728677368164062500e+01
7.856501770019531250e+01
7.986514282226562500e+01
7.189458465576171875e+01
7.209743499755859375e+01
7.238420867919921875e+01
7.288006591796875000e+01
7.335817718505859375e+01
9.008844757080078125e+01
9.082238006591796875e+01
9.205873107910156250e+01
9.338375854492187500e+01
9.671026611328125000e+01
9.813545227050781250e+01
6.794220733642578125e+01
6.882176971435546875e+01
6.980751800537109375e+01
7.128137969970703125e+01
7.299613189697265625e+01
7.638918304443359375e+01
7.845893096923828125e+01
5.791586685180664062e+01
5.847836303710937500e+01
5.902441024780273438e+01
6.127328109741210938e+01
6.259344482421875000e+01
6.507915496826171875e+01
5.813433837890625000e+01
5.864265060424804688e+01
5.913610076904296875e+01
6.116836166381835938e+01
6.460765075683593750e+01
7.147518920898437500e+01
7.172612762451171875e+01
7.195651245117187500e+01
7.241298675537109375e+01
7.294306182861328125e+01
7.414421081542968750e+01
7.920188140869140625e+01
8.003184509277343750e+01
8.097415924072265625e+01
8.278450012207031250e+01
8.788933563232421875e+01
6.264649963378906250e+01
6.324937820434570312e+01
6.379483795166015625e+01
6.497074127197265625e+01
6.766819763183593750e+01
6.879472351074218750e+01
7.001081085205078125e+01
7.108335876464843750e+01
7.647045898437500000e+01
7.682389068603515625e+01
7.700778961181640625e+01
7.749675750732421875e+01
6.082038879394531250e+01
6.233174133300781250e+01
6.515608215332031250e+01
6.796854400634765625e+01
7.436789703369140625e+01
7.528052520751953125e+01
7.628647613525390625e+01
7.814158630371093750e+01
8.000790405273437500e+01
7.458473205566406250e+01
7.480036926269531250e+01
7.507926177978515625e+01
7.555269622802734375e+01
7.671233367919921875e+01
7.450428009033203125e+01
7.474189758300781250e+01
7.499710083007812500e+01
7.544620513916015625e+01
7.647415161132812500e+01
6.061401367187500000e+01
6.121847152709960938e+01
6.171980285644531250e+01
6.281022644042968750e+01
6.502729034423828125e+01
6.689219665527343750e+01
6.818338012695312500e+01
7.581537628173828125e+01
7.627688598632812500e+01
7.676721954345703125e+01
7.813591766357421875e+01
7.907864379882812500e+01
7.527900695800781250e+01
7.589967346191406250e+01
7.662580871582031250e+01
7.794286346435546875e+01
8.106784057617187500e+01
8.244439697265625000e+01
8.377362060546875000e+01
8.027585601806640625e+01
8.049258422851562500e+01
8.077643585205078125e+01
8.127653503417968750e+01
8.221248626708984375e+01
6.097317123413085938e+01
6.203450393676757812e+01
6.319569396972656250e+01
6.427385711669921875e+01
6.568972015380859375e+01
6.797169494628906250e+01
5.872141647338867188e+01
5.999195861816406250e+01
6.141159820556640625e+01
6.416421508789062500e+01
6.648483276367187500e+01
8.252475738525390625e+01
8.274002838134765625e+01
8.302787017822265625e+01
8.349688720703125000e+01
8.482360076904296875e+01
6.427897644042968750e+01
6.485933685302734375e+01
6.564916992187500000e+01
6.866174316406250000e+01
7.314057922363281250e+01
5.790525436401367188e+01
5.895139312744140625e+01
6.002557373046875000e+01
6.223756027221679688e+01
6.437835693359375000e+01
6.734059143066406250e+01
6.967674255371093750e+01
7.234416198730468750e+01
7.453680419921875000e+01
5.455464935302734375e+01
5.514479064941406250e+01
5.722063064575195312e+01
5.975073242187500000e+01
6.262378311157226562e+01
6.693904876708984375e+01
6.744386291503906250e+01
6.976575469970703125e+01
7.207633209228515625e+01
7.485029602050781250e+01
7.247236633300781250e+01
7.268369293212890625e+01
7.344750213623046875e+01
7.441125488281250000e+01
7.535985565185546875e+01
7.361212158203125000e+01
7.386217498779296875e+01
7.462140655517578125e+01
7.551472473144531250e+01
7.670247650146484375e+01
6.164889907836914062e+01
6.424865722656250000e+01
6.720475769042968750e+01
6.857136535644531250e+01
6.990460968017578125e+01
6.354514312744140625e+01
6.375995635986328125e+01
6.452487182617187500e+01
6.554379272460937500e+01
6.604841613769531250e+01
6.650804138183593750e+01
5.461112213134765625e+01
5.511003112792968750e+01
5.689880371093750000e+01
5.968311309814453125e+01
6.077865982055664062e+01
6.194807052612304688e+01
6.529387664794921875e+01
6.569820404052734375e+01
6.715471649169921875e+01
6.992988586425781250e+01
7.084514617919921875e+01
6.499473571777343750e+01
6.555625915527343750e+01
6.761824798583984375e+01
7.071121978759765625e+01
7.223008728027343750e+01
7.330710601806640625e+01
8.013725280761718750e+01
8.080454254150390625e+01
8.305825805664062500e+01
8.531197357177734375e+01
8.661076354980468750e+01
8.812942504882812500e+01
7.492369842529296875e+01
7.589485931396484375e+01
7.694741821289062500e+01
7.737920379638671875e+01
7.783671569824218750e+01
7.608962249755859375e+01
7.930628967285156250e+01
8.252918243408203125e+01
8.411801147460937500e+01
8.564135742187500000e+01
6.669541168212890625e+01
6.930162048339843750e+01
7.191562652587890625e+01
7.337854003906250000e+01
6.950992584228515625e+01
6.980524444580078125e+01
7.052313232421875000e+01
7.123332977294921875e+01
7.171976470947265625e+01
7.221916198730468750e+01
5.849953460693359375e+01
6.006738281250000000e+01
6.155642318725585938e+01
6.242643356323242188e+01
6.308219146728515625e+01
