0.319674 0.302254 -0.198867
0.321023 0.304600 -0.197092
0.322279 0.307047 -0.195304
0.323283 0.309598 -0.193528
0.324576 0.312145 -0.191724
0.325986 0.314649 -0.189941
0.327608 0.317173 -0.188137
0.329270 0.319589 -0.186391
0.330825 0.322126 -0.184646
0.332283 0.324627 -0.182947
0.333829 0.327129 -0.181256
0.335463 0.329608 -0.179586
0.337038 0.332254 -0.177877
0.338597 0.334953 -0.176172
0.340146 0.337674 -0.174485
0.341689 0.340397 -0.172825
0.343216 0.343111 -0.171188
0.345074 0.345621 -0.169639
0.346641 0.348196 -0.168118
0.348202 0.350779 -0.166619
0.349958 0.353344 -0.165131
0.351822 0.355853 -0.163680
0.353574 0.358508 -0.162212
0.355128 0.361244 -0.160761
0.356363 0.364137 -0.159309
0.357801 0.366948 -0.157885
0.359367 0.369817 -0.156473
0.360995 0.372564 -0.155118
0.363040 0.375144 -0.153815
0.364747 0.377829 -0.152528
0.366451 0.380453 -0.151278
0.368127 0.383186 -0.150037
0.369802 0.385860 -0.148829
0.371365 0.388738 -0.147582
0.373124 0.391710 -0.146317
0.374904 0.394609 -0.145097
0.376770 0.397548 -0.143883
0.378758 0.400553 -0.142665
0.380829 0.403566 -0.141463
0.382936 0.406480 -0.140302
0.384995 0.409583 -0.139124
0.387113 0.412512 -0.138006
0.389226 0.415604 -0.136855
0.391544 0.418687 -0.135716
0.393850 0.421972 -0.134522
0.396208 0.425419 -0.133314
0.398546 0.429043 -0.132055
0.400924 0.432709 -0.130792
0.403280 0.436596 -0.129460
0.406029 0.439995 -0.128300
0.408751 0.443394 -0.127133
0.411498 0.446838 -0.125955
0.414271 0.450374 -0.124748
0.417076 0.454036 -0.123502
0.420166 0.457843 -0.122203
0.423262 0.461924 -0.120813
0.426249 0.466069 -0.119393
0.429461 0.470240 -0.117946
0.432457 0.474536 -0.116444
0.435655 0.478780 -0.114934
0.438994 0.482810 -0.113472
0.442543 0.486799 -0.111996
0.445854 0.491034 -0.110398
0.449259 0.495281 -0.108786
0.452906 0.499540 -0.107091
0.456575 0.503818 -0.105401
0.460041 0.508279 -0.103583
0.463691 0.512767 -0.101701
0.467365 0.517305 -0.099746
0.471263 0.521753 -0.097764
0.475156 0.526242 -0.095708
0.478631 0.530497 -0.093712
0.482351 0.534868 -0.091597
0.486139 0.539201 -0.089432
0.489862 0.543623 -0.087166
0.493763 0.548112 -0.084787
0.497686 0.552422 -0.082423
0.501453 0.556655 -0.080034
0.505208 0.561072 -0.077484
0.509167 0.565450 -0.074858
0.513081 0.569732 -0.072204
0.516833 0.574050 -0.069469
0.520482 0.578408 -0.066644
0.524093 0.582713 -0.063745
0.527901 0.586986 -0.060810
0.531837 0.591069 -0.057858
0.535618 0.595217 -0.054806
0.539271 0.599401 -0.051668
0.542936 0.603497 -0.048500
0.546360 0.607528 -0.045328
0.549886 0.611595 -0.042036
0.553458 0.615529 -0.038745
0.556929 0.619605 -0.035276
0.560432 0.623609 -0.031819
0.563788 0.627654 -0.028256
0.567191 0.631619 -0.024664
0.570529 0.635505 -0.021069
0.573830 0.639461 -0.017359
0.576962 0.643201 -0.013785
0.580255 0.646898 -0.010145
0.583439 0.650596 -0.006466
0.586411 0.654254 -0.002791
0.589541 0.657992 0.001003
0.592690 0.661747 0.004888
0.595715 0.665399 0.008707
0.598616 0.668945 0.012459
0.601319 0.672537 0.016232
0.603926 0.676052 0.019949
0.606854 0.679657 0.023857
0.609556 0.683349 0.027829
0.612301 0.686847 0.031675
0.615102 0.690360 0.035583
0.618008 0.693748 0.039451
0.620929 0.697251 0.043436
0.623337 0.700724 0.047257
0.625686 0.704046 0.050934
0.628108 0.707386 0.054670
0.630379 0.710600 0.058251
0.632602 0.714033 0.062043
0.635235 0.717547 0.066074
0.637717 0.720964 0.069968
0.640264 0.724426 0.073944
0.642591 0.728123 0.078096
0.644985 0.731522 0.081988
0.647395 0.734682 0.085650
0.649506 0.737865 0.089231
0.651390 0.740999 0.092685
0.653244 0.744150 0.096155
0.655037 0.747240 0.099550
0.657011 0.750242 0.102943
0.659354 0.753954 0.107219
0.661414 0.757325 0.111035
0.663609 0.760789 0.115028
0.665575 0.764237 0.118926
0.667474 0.767634 0.122759
0.669379 0.770789 0.126362
0.671095 0.773932 0.129876
0.673037 0.776932 0.133345
0.674609 0.780075 0.136832
0.676541 0.783091 0.140346
0.677937 0.786564 0.144128
0.679550 0.790148 0.148175
0.681071 0.793645 0.152088
0.682581 0.797314 0.156203
0.683874 0.800755 0.159999
0.685537 0.804323 0.164105
0.687114 0.807459 0.167688
0.688682 0.810537 0.171248
0.690176 0.813791 0.174987
0.692014 0.816773 0.178587
0.693462 0.819782 0.182103
0.695160 0.823147 0.186063
0.696091 0.826848 0.190129
0.697213 0.830692 0.194445
0.698446 0.834462 0.198738
0.699124 0.838412 0.203021
0.700212 0.842058 0.207173
0.701900 0.844580 0.210296
0.703671 0.847464 0.213859
0.705358 0.850078 0.217098
0.707031 0.852603 0.220199
0.708371 0.855571 0.223693
0.709060 0.859335 0.227850
0.710086 0.862978 0.231970
0.710909 0.866627 0.236015
0.711644 0.870651 0.240430
0.712386 0.874442 0.244579
0.713327 0.877524 0.247990
0.715192 0.879620 0.250695
0.716492 0.881958 0.253458
0.717873 0.884553 0.256536
0.719415 0.886744 0.259201
0.721061 0.889051 0.262002
0.721639 0.892662 0.265774
0.721886 0.896338 0.269519
0.722194 0.899785 0.273021
0.722438 0.903331 0.276575
0.722590 0.906931 0.280133
0.723524 0.909890 0.283277
0.725583 0.911834 0.285682
0.726929 0.913772 0.287846
0.728713 0.915751 0.290170
0.730757 0.917843 0.292637
0.732522 0.919783 0.294879
0.732700 0.923703 0.298574
0.733223 0.927613 0.302315
0.733253 0.931488 0.305864
0.733418 0.935563 0.309602
0.733310 0.939379 0.313002
0.735424 0.941591 0.315413
0.737804 0.943781 0.317854
0.740253 0.945832 0.320150
0.742480 0.948233 0.322698
0.745004 0.950668 0.325311
0.746727 0.953453 0.328059
0.747169 0.958015 0.332115
0.747642 0.962447 0.336044
0.748113 0.966832 0.339921
0.748602 0.971466 0.344021
0.749150 0.976065 0.348090
