0.306634 0.271629 -0.166716
0.307944 0.273795 -0.164615
0.309194 0.276047 -0.162497
0.310263 0.278390 -0.160385
0.311562 0.280742 -0.158245
0.312961 0.283076 -0.156121
0.314532 0.285439 -0.153974
0.316146 0.287738 -0.151876
0.317695 0.290144 -0.149775
0.319182 0.292541 -0.147710
0.320750 0.294954 -0.145650
0.322398 0.297366 -0.143607
0.324015 0.299919 -0.141523
0.325634 0.302526 -0.139441
0.327261 0.305169 -0.137372
0.328899 0.307831 -0.135325
0.330537 0.310503 -0.133298
0.332450 0.313051 -0.131349
0.334154 0.315663 -0.129424
0.335870 0.318300 -0.127519
0.337751 0.320942 -0.125623
0.339730 0.323563 -0.123760
0.341639 0.326310 -0.121883
0.343414 0.329134 -0.120024
0.344961 0.332091 -0.118167
0.346676 0.335004 -0.116338
0.348510 0.337985 -0.114522
0.350404 0.340891 -0.112762
0.352633 0.343695 -0.111052
0.354617 0.346590 -0.109364
0.356610 0.349453 -0.107715
0.358601 0.352418 -0.106079
0.360600 0.355350 -0.104481
0.362527 0.358446 -0.102856
0.364616 0.361629 -0.101218
0.366733 0.364770 -0.099631
0.368927 0.367952 -0.098056
0.371225 0.371198 -0.096484
0.373597 0.374460 -0.094936
0.376001 0.377653 -0.093433
0.378383 0.381003 -0.091925
0.380812 0.384227 -0.090479
0.383245 0.387578 -0.089012
0.385842 0.390931 -0.087565
0.388431 0.394436 -0.086075
0.391073 0.398075 -0.084582
0.393699 0.401844 -0.083053
0.396357 0.405648 -0.081529
0.398997 0.409615 -0.079952
0.401951 0.413230 -0.078533
0.404880 0.416840 -0.077115
0.407828 0.420482 -0.075695
0.410797 0.424192 -0.074255
0.413790 0.427995 -0.072786
0.417004 0.431910 -0.071275
0.420221 0.436029 -0.069690
0.423351 0.440193 -0.068084
0.426653 0.444375 -0.066459
0.429783 0.448644 -0.064791
0.433069 0.452873 -0.063118
0.436463 0.456938 -0.061487
0.440018 0.460971 -0.059842
0.443379 0.465177 -0.058097
0.446817 0.469399 -0.056340
0.450429 0.473615 -0.054509
0.454071 0.477858 -0.052683
0.457542 0.482224 -0.050747
0.461152 0.486608 -0.048755
0.464777 0.491027 -0.046698
0.468574 0.495375 -0.044614
0.472362 0.499749 -0.042463
0.475821 0.503933 -0.040357
0.479468 0.508205 -0.038146
0.483162 0.512444 -0.035886
0.486801 0.516743 -0.033537
0.490573 0.521092 -0.031088
0.494358 0.525300 -0.028641
0.498019 0.529442 -0.026166
0.501663 0.533718 -0.023552
0.505459 0.537962 -0.020865
0.509216 0.542127 -0.018147
0.512841 0.546311 -0.015355
0.516381 0.550520 -0.012481
0.519876 0.554674 -0.009537
0.523533 0.558818 -0.006555
0.527276 0.562804 -0.003548
0.530891 0.566832 -0.000451
0.534400 0.570882 0.002722
0.537912 0.574860 0.005930
0.541232 0.578779 0.009149
0.544622 0.582723 0.012472
0.548040 0.586561 0.015805
0.551364 0.590492 0.019284
0.554721 0.594381 0.022763
0.557950 0.598286 0.026332
0.561206 0.602127 0.029931
0.564406 0.605901 0.033539
0.567569 0.609725 0.037244
0.570598 0.613379 0.040847
0.573742 0.616999 0.044510
0.576795 0.620614 0.048207
0.579672 0.624186 0.051904
0.582675 0.627830 0.055702
0.585678 0.631475 0.059571
0.588581 0.635038 0.063392
0.591378 0.638513 0.067163
0.594025 0.642021 0.070955
0.596593 0.645467 0.074707
0.599400 0.648983 0.078610
0.602023 0.652551 0.082559
0.604673 0.655971 0.086412
0.607356 0.659396 0.090314
0.610104 0.662718 0.094180
0.612868 0.666132 0.098145
0.615238 0.669513 0.101979
0.617560 0.672779 0.105707
0.619928 0.676051 0.109479
0.622179 0.679228 0.113133
0.624386 0.682558 0.116945
0.626878 0.685931 0.120922
0.629259 0.689234 0.124803
0.631687 0.692567 0.128750
0.633936 0.696055 0.132818
0.636231 0.699322 0.136691
0.638525 0.702407 0.140382
0.640601 0.705511 0.144023
0.642505 0.708576 0.147570
0.644381 0.711646 0.151128
0.646207 0.714667 0.154631
0.648163 0.717624 0.158141
0.650361 0.721056 0.162279
0.652346 0.724240 0.166072
0.654424 0.727484 0.170002
0.656331 0.730711 0.173864
0.658184 0.733895 0.177678
0.660043 0.736911 0.181338
0.661754 0.739911 0.184925
0.663621 0.742802 0.188479
0.665217 0.745790 0.192051
0.667063 0.748679 0.195642
0.668508 0.751874 0.199419
0.670112 0.755143 0.203412
0.671640 0.758343 0.207301
0.673151 0.761651 0.211337
0.674508 0.764805 0.215152
0.676118 0.768029 0.219188
0.677664 0.770959 0.222843
0.679205 0.773852 0.226501
0.680687 0.776860 0.230295
0.682411 0.779677 0.233992
0.683863 0.782525 0.237655
0.685467 0.785588 0.241608
0.686532 0.788894 0.245667
0.687726 0.792289 0.249908
0.688997 0.795631 0.254140
0.689876 0.799106 0.258377
0.691053 0.802382 0.262541
0.692659 0.804906 0.265963
0.694316 0.807668 0.269706
0.695917 0.810262 0.273227
0.697502 0.812796 0.276644
0.698856 0.815641 0.280366
0.699756 0.819038 0.284588
0.700886 0.822350 0.288774
0.701877 0.825680 0.292915
0.702806 0.829270 0.297326
0.703747 0.832719 0.301554
0.704829 0.835702 0.305247
0.706578 0.838037 0.308454
0.707932 0.840555 0.311711
0.709355 0.843265 0.315211
0.710888 0.845707 0.318404
0.712496 0.848238 0.321695
0.713346 0.851659 0.325663
0.713982 0.855157 0.329627
0.714668 0.858517 0.333416
0.715315 0.861960 0.337235
0.715904 0.865455 0.341052
0.717056 0.868535 0.344583
0.718990 0.870917 0.347568
0.720420 0.873301 0.350361
0.722171 0.875730 0.353273
0.724107 0.878245 0.356275
0.725864 0.880681 0.359124
0.726506 0.884480 0.362955
0.727393 0.888278 0.366799
0.727938 0.892066 0.370487
0.728582 0.895996 0.374284
0.729037 0.899757 0.377822
0.731033 0.902389 0.380651
0.733242 0.905034 0.383512
0.735486 0.907570 0.386242
0.737577 0.910348 0.389123
0.739875 0.913146 0.392029
0.741602 0.916176 0.394988
0.742447 0.920454 0.398808
0.743314 0.924641 0.402513
0.744176 0.928794 0.406155
0.745049 0.933115 0.409916
0.745973 0.937425 0.413640
