58.639750
58.795649
58.951548
59.107447
59.263346
59.419245
59.575144
59.731043
59.886942
60.042841
60.198740
60.354639
60.510538
60.666437
60.822336
60.978235
61.134134
61.290033
61.445932
61.601831
61.757730
61.913629
62.069529
62.225428
62.381327
62.537226
62.693125
62.849024
63.004923
63.160822
63.316721
63.472620
63.628519
63.784418
63.940317
64.096216
64.252115
64.408014
64.563913
64.719812
64.875711
65.031610
65.187509
65.343408
65.499307
65.655206
65.811105
65.967004
66.122903
66.278802
66.434701
66.590600
66.746499
66.902398
67.058297
67.214196
67.370095
67.525994
67.681893
67.837792
67.993691
68.149590
68.305489
68.461389
68.617288
68.773187
68.929086
69.084985
69.240884
69.396783
69.552682
69.708581
69.864480
70.020379
70.176278
70.332177
70.488076
70.643975
70.799874
70.955773
71.111672
71.267571
71.423470
71.579369
71.735268
71.891167
72.047066
72.202965
72.358864
72.514763
72.670662
72.826561
72.982460
73.138359
73.294258
73.450157
73.606056
73.761955
73.917854
74.073753
74.229652
74.385551
74.541450
74.697349
74.853248
75.009148
75.165047
75.320946
75.476845
75.632744
75.788643
75.944542
76.100441
76.256340
76.412239
76.568138
76.724037
76.879936
77.035835
77.191734
77.347633
77.503532
77.659431
77.815330
77.971229
78.127128
78.283027
78.438926
78.594825
78.750724
78.906623
79.062522
79.218421
79.374320
79.530219
79.686118
79.842017
79.997916
80.153815
80.309714
80.465613
80.621512
80.777411
80.933310
81.089209
81.245108
81.401007
81.556907
81.712806
81.868705
82.024604
82.180503
82.336402
82.492301
82.648200
82.804099
82.959998
83.115897
83.271796
83.427695
83.583594
83.739493
83.895392
84.051291
84.207190
84.363089
84.518988
84.674887
84.830786
84.986685
85.142584
85.298483
85.454382
85.610281
85.766180
85.922079
86.077978
86.233877
86.389776
86.545675
86.701574
86.857473
87.013372
87.169271
87.325170
87.481069
87.636968
87.792867
87.948767
88.104666
88.260565
88.416464
88.572363
88.728262
88.884161
89.040060
89.195959
89.351858
89.507757
89.663656
