0.238836
-0.731839
0.801799
-0.034828
2.082137
-0.077501
-0.854499
0.763648
1.130701
-0.107456
-0.476495
1.319166
0.477575
-0.937615
-0.164058
1.063879
0.205482
1.564017
0.041914
0.610007
-0.590192
0.453177
-1.209306
-0.776230
-0.853610
-1.140011
1.341174
2.326370
1.059132
0.027888
-0.446994
-1.159260
0.716892
-0.206649
-0.747944
-0.256392
0.408511
1.897454
-1.096645
-0.593065
-0.164183
-0.588603
1.128802
1.655975
0.356833
0.797102
0.103358
0.346409
0.107608
-1.177196
-0.371646
1.402219
1.157290
0.827172
0.041533
-0.249291
-0.765768
-1.148151
0.356638
1.121501
-0.139675
0.854792
0.106864
-0.313773
1.367356
1.367816
0.406811
-0.829258
-0.181965
-0.285477
2.067576
-0.556242
1.561771
0.674639
-0.613269
-0.808690
0.538538
0.009972
1.555813
-1.009821
-0.092962
-0.230588
-0.888247
-0.291326
-0.114239
-2.511163
-0.482990
0.399599
-0.840853
0.624900
0.182699
0.568709
0.907542
-0.206638
-0.341175
0.442922
-0.615723
0.209628
-2.087831
0.026148
-0.415021
-0.973974
-0.332971
1.512680
1.713033
0.522744
-1.996744
-0.597801
0.435965
0.244130
-0.953824
1.280562
0.175571
0.636438
0.244527
0.122840
1.858191
-1.738028
-0.888422
-1.582457
-0.390155
-0.081871
-0.898842
-1.455831
0.191122
-0.128004
-0.258538
-0.661835
-0.677577
0.352659
-0.198380
-0.613694
-0.207963
1.157697
-0.012248
-0.020183
0.946162
-0.632591
0.731726
-1.810067
-0.565372
0.674782
0.179491
-1.259535
0.232556
-0.275193
0.939063
-1.632773
-0.391294
0.298130
-0.727444
-0.000359
-1.028325
-1.378109
0.000752
-0.165699
-0.275056
0.941322
0.802250
-0.310800
-1.266483
2.217540
0.914407
-0.435656
1.456747
1.693151
-0.310393
-1.729999
-0.563934
-0.849252
0.206293
0.425132
2.305902
0.125456
-1.342970
-1.386428
0.338271
-0.230670
-0.473612
0.620917
1.402751
2.063670
-1.326314
0.414367
-1.114604
0.540730
0.405402
0.084792
0.170785
-0.855667
-0.302017
0.269080
0.948014
-0.595237
0.217274
-0.029578
0.136854
0.024415
-0.773215
-1.049159
-0.004650
-1.634804
-2.371635
-0.711848
-0.170617
1.214274
-1.124466
-0.599372
1.755436
-0.839134
0.052693
-0.822287
-1.487085
-1.159027
1.436835
-0.302127
-0.125737
0.423316
-0.100391
-0.474181
1.981025
1.728157
-0.750474
0.669007
0.139365
-0.631225
-1.706076
-1.291985
0.870707
-0.320908
-0.157558
-0.938128
1.537214
-0.493684
0.297044
-0.552686
2.660064
0.272758
0.450210
-0.709600
0.200354
-1.879841
-0.386127
1.773660
1.038921
-1.792062
-1.576976
0.676004
0.460148
-1.644366
1.502088
-0.087511
1.242887
1.490256
-1.578885
