-0.087176 0.010754
-0.083914 0.008266
-0.080281 0.005539
-0.076616 0.002801
-0.073140 0.000183
-0.069291 -0.002670
-0.065516 -0.005475
-0.061735 -0.008271
-0.057747 -0.011195
-0.053867 -0.014047
-0.049806 -0.017002
-0.045788 -0.019919
-0.041641 -0.022905
-0.037427 -0.025926
-0.033120 -0.028991
-0.028753 -0.032075
-0.024277 -0.035207
-0.019788 -0.038338
-0.015195 -0.041510
-0.010534 -0.044700
-0.005757 -0.047933
-0.000941 -0.051173
0.004020 -0.054470
0.009095 -0.057803
0.014193 -0.061112
0.019549 -0.064546
0.024880 -0.067928
0.030297 -0.071313
0.035991 -0.074809
0.041573 -0.078207
0.047455 -0.081723
0.053464 -0.085244
0.059444 -0.088695
0.065819 -0.092303
0.072118 -0.095807
0.078571 -0.099323
0.085412 -0.102950
0.092012 -0.106398
0.099110 -0.110002
0.106316 -0.113564
0.113396 -0.116968
0.121139 -0.120599
0.128680 -0.124023
0.136441 -0.127450
0.144712 -0.130955
0.152593 -0.134205
0.161151 -0.137589
0.169826 -0.140879
0.178434 -0.143994
0.187743 -0.147239
0.196826 -0.150236
0.206260 -0.153207
0.216140 -0.156122
0.225801 -0.158809
0.236118 -0.161516
0.246490 -0.164029
0.256781 -0.166318
0.267851 -0.168608
0.278671 -0.170619
0.289855 -0.172505
0.301551 -0.174222
0.312821 -0.175660
0.324838 -0.176982
0.336868 -0.178039
0.348699 -0.178821
0.361364 -0.179439
0.373694 -0.179771
0.386261 -0.179824
0.399199 -0.179621
0.411702 -0.179143
0.424787 -0.178390
0.437753 -0.177332
0.450419 -0.175998
0.463734 -0.174334
0.476507 -0.172436
0.489391 -0.170201
0.502441 -0.167647
0.515038 -0.164868
0.527859 -0.161760
0.540413 -0.158384
0.552863 -0.154715
0.565186 -0.150782
0.577294 -0.146609
0.589193 -0.142174
0.601026 -0.137458
0.612411 -0.132601
0.623847 -0.127428
0.634976 -0.122055
0.645759 -0.116526
0.656553 -0.110680
0.666872 -0.104783
0.677003 -0.098663
0.687042 -0.092276
0.696597 -0.085892
0.706044 -0.079269
0.715252 -0.072493
0.724093 -0.065663
0.732829 -0.058611
0.741190 -0.051563
0.749299 -0.044416
0.757302 -0.037037
0.765103 -0.029547
0.772445 -0.022205
0.779563 -0.014799
0.786519 -0.007255
0.793074 0.000125
0.799557 0.007689
0.805787 0.015243
0.811735 0.022745
0.817447 0.030174
0.822979 0.037616
0.828307 0.045040
0.833431 0.052428
0.838298 0.059674
0.843011 0.066916
0.847461 0.073922
0.851835 0.081044
0.855955 0.087952
0.860028 0.094945
0.863844 0.101684
0.867500 0.108350
0.871104 0.115019
0.874505 0.121475
0.877824 0.127927
0.880998 0.134237
0.884105 0.140548
0.887057 0.146647
0.889858 0.152550
0.892678 0.158590
0.895058 0.163805
0.897755 0.169747
0.900133 0.175132
0.902426 0.180302
0.904925 0.186020
0.906877 0.190588
0.909172 0.195945
0.911266 0.200894
0.913097 0.205293
0.915323 0.210583
0.917044 0.214765
0.918870 0.219195
0.920843 0.223959
0.922401 0.227805
0.924447 0.232782
0.926188 0.236971
0.927778 0.240873
0.929758 0.245619
0.931186 0.249142
0.932926 0.253328
0.934826 0.257894
0.935908 0.260570
0.937964 0.265360
0.939433 0.268875
0.940791 0.272130
0.943043 0.277223
0.944091 0.279831
0.945822 0.283717
0.947594 0.287700
0.948693 0.290291
0.950838 0.294939
0.952236 0.298066
0.953641 0.301218
0.955799 0.305695
0.956677 0.307725
0.958407 0.311344
0.960212 0.315060
0.961099 0.317041
0.963509 0.321769
0.964713 0.324270
0.966117 0.327096
0.968342 0.331325
0.969281 0.333270
0.971192 0.336857
0.972945 0.340172
0.974294 0.342686
0.976370 0.346410
0.977700 0.348869
0.979284 0.351700
0.981499 0.355502
0.982384 0.357160
0.984689 0.361001
0.986268 0.363675
0.987564 0.365885
0.989727 0.369366
0.991032 0.371567
0.992645 0.374121
0.994749 0.377384
0.995960 0.379330
0.998217 0.382723
0.999861 0.385217
1.001322 0.387424
1.003355 0.390383
1.004798 0.392509
1.006621 0.395113
1.008529 0.397797
1.009935 0.399788
1.011934 0.402553
1.013424 0.404570
1.015147 0.406887
1.016940 0.409263
