0.390959 0.131291
0.428107 0.142723
0.464208 0.157120
0.498610 0.174172
0.588428 0.236610
0.658038 0.847739
0.665606 0.849279
0.672470 0.850814
0.679287 0.852444
0.684236 0.853712
0.699383 0.857691
0.811547 0.104395
0.828690 0.132998
0.867464 0.210547
0.494164 0.474522
0.504515 0.479170
0.514656 0.483760
0.532363 0.491878
0.553032 0.501558
0.527266 -0.300713
0.587397 -0.286751
0.644385 -0.268625
0.793450 -0.191958
0.602411 0.559629
0.628312 0.571343
0.651844 0.582696
0.673421 0.593773
0.693033 0.604430
0.730923 0.626582
0.465515 0.869993
0.474665 0.869689
0.483389 0.869379
0.841864 0.179318
0.855804 0.208388
0.138838 -0.152871
0.174911 -0.167158
0.200737 -0.175893
0.273629 -0.194048
0.556446 0.564472
0.584171 0.574478
0.609568 0.584228
0.654045 0.603110
0.650608 0.770944
0.656509 0.772074
0.660527 0.772870
0.947058 0.143180
0.949609 0.148975
-0.091080 0.112883
-0.079252 0.107153
-0.066944 0.101195
-0.040544 0.088480
-0.008567 0.073345
0.020313 0.060100
0.441165 0.888877
0.469703 0.887863
0.494366 0.886858
0.558956 0.885533
0.572544 0.609980
0.602912 0.618971
0.809446 -0.000869
0.841616 0.041459
0.867113 0.081628
0.887464 0.118956
0.457156 0.185695
0.507591 0.212527
0.553190 0.243296
-0.072961 -0.081299
-0.060481 -0.091711
-0.047353 -0.102385
-0.018194 -0.124941
0.611258 0.463104
0.674337 0.508980
0.464896 -0.065159
0.504143 -0.055355
0.542135 -0.042338
0.635548 0.007331
0.123529 0.724593
0.185245 0.754058
0.249411 0.775188
0.311973 0.788161
0.369655 0.794826
0.827223 0.373354
0.842445 0.402228
-0.180499 0.634845
-0.163124 0.660779
-0.141871 0.689427
-0.083642 0.754335
0.001443 0.824884
0.109206 0.886177
0.198229 0.821899
0.232028 0.831542
0.265336 0.838955
0.327132 0.847861
0.712484 0.892470
0.718276 0.894213
0.724708 0.896115
0.735806 0.899462
0.054724 0.845130
0.129313 0.881986
0.203511 0.907003
0.340961 0.927423
0.634734 -0.187428
0.668918 -0.171645
0.701244 -0.154123
0.759766 -0.114627
0.293320 -0.328461
0.347128 -0.332453
0.404593 -0.332490
0.535779 -0.317257
0.871802 0.091642
0.883804 0.113843
0.894450 0.135075
0.911739 0.172757
0.337333 0.330566
0.370073 0.344876
0.402505 0.359859
0.434260 0.375288
0.465002 0.390935
0.522457 0.422130
0.530944 0.748255
0.593570 0.752587
0.491468 0.927963
0.509989 0.927208
0.519047 0.926944
0.527803 0.926761
0.537595 0.926673
0.557155 0.927012
0.815091 0.156532
0.819710 0.164890
0.824078 0.173054
0.828303 0.181096
0.832345 0.189014
0.840024 0.204580
0.847150 0.219611
0.034469 0.402433
0.053737 0.417347
0.067409 0.427991
0.108325 0.459259
0.146247 0.486450
0.271542 0.832158
0.335262 0.840931
0.391583 0.844183
0.479958 0.843778
0.281385 0.602411
0.324347 0.616889
0.366684 0.628292
0.407540 0.637209
0.292135 0.012429
0.357247 0.012257
0.402054 0.016944
-0.006848 -0.171582
0.008679 -0.182530
0.025126 -0.193560
0.061189 -0.215620
0.503874 0.916697
0.537993 0.915835
0.352893 0.794335
0.399961 0.797714
0.441814 0.798974
0.511105 0.799218
0.406707 0.566192
0.520327 0.596129
0.581992 0.612763
0.341002 0.791505
0.463521 0.797734
0.488094 0.797802
0.557893 0.798319
0.309378 -0.199239
0.342496 -0.202457
0.430620 -0.202267
0.564686 -0.176971
0.147240 -0.230966
0.180399 -0.243108
0.216518 -0.253929
0.255422 -0.262974
0.731729 0.287794
0.745393 0.309114
0.753903 0.322820
0.299117 -0.127725
0.343931 -0.132068
0.471505 0.305097
0.510458 0.328480
0.546472 0.352567
0.735570 0.303318
0.742462 0.314068
0.745309 0.318534
0.750940 0.327531
0.403293 0.265898
0.447492 0.287074
0.489376 0.310490
0.563957 0.360368
-0.083853 0.746770
-0.029306 0.795359
0.038233 0.842704
0.120000 0.602851
0.178861 0.639189
0.215777 0.657052
0.302307 0.686645
0.394936 0.704109
0.723239 -0.150897
0.747529 -0.134606
0.774723 -0.113996
0.791835 -0.099601
0.830432 -0.062292
0.891599 0.089899
0.903542 0.112765
0.916050 0.138712
0.676650 -0.049284
0.715578 -0.018905
0.749468 0.013401
0.802967 0.079349
0.423080 0.353372
0.450952 0.367485
0.477886 0.381813
0.537794 0.416172
0.573609 0.438480
0.613630 0.465095
-0.087086 0.341471
-0.074154 0.349758
-0.060618 0.359004
-0.031338 0.380852
0.001517 0.407717
0.039223 0.440136
0.528293 0.847120
0.551775 0.846922
0.572823 0.847201
0.609031 0.849226
0.502091 0.925635
0.521004 0.925025
0.537552 0.924781
0.567413 0.925610
0.695704 0.237018
0.702120 0.245515
0.708296 0.253936
0.591923 -0.166354
0.638343 -0.146897
0.681559 -0.123967
0.364034 0.529967
0.402972 0.543177
0.440609 0.554835
0.509821 0.574833
0.690947 -0.047994
0.727816 -0.017808
0.759970 0.014013
0.810711 0.078195
0.542888 0.346059
0.552386 0.352778
0.561599 0.359465
0.570544 0.366092
0.579284 0.372713
0.631276 0.704377
0.648375 0.708298
0.667576 0.713283
0.693109 0.721019
0.703704 -0.157054
0.754187 -0.123661
0.798825 -0.086598
0.869285 -0.008082
0.390301 -0.240676
0.427292 -0.239392
0.510139 -0.228913
0.210677 0.023729
0.222372 0.021577
0.234339 0.019611
0.246411 0.017829
0.256177 0.016568
0.284346 0.013820
0.566555 0.862115
0.581928 0.862586
0.319801 0.553617
0.359857 0.567429
0.399368 0.579185
0.473022 0.597732
-0.142787 0.324261
-0.127175 0.332680
-0.110616 0.342611
-0.074183 0.368105
0.134097 -0.267645
0.160439 -0.277629
0.188399 -0.286749
0.249926 -0.301721
0.550168 0.787888
0.573946 0.788755
0.595627 0.790064
0.632933 0.793983
0.319023 -0.261723
0.333844 -0.263017
0.349156 -0.264025
0.380919 -0.264975
0.687436 0.017864
0.720793 0.049574
0.749140 0.081807
0.773343 0.114081
0.755180 0.842391
0.762072 0.844689
0.769085 0.846991
0.782705 0.851356
0.559138 0.857232
0.574403 0.857528
0.588388 0.858101
0.613641 0.860106
0.082689 0.013489
0.104046 0.004642
0.126781 -0.004143
0.177074 -0.021057
0.234510 -0.035672
0.299088 -0.045629
0.613863 0.494093
0.645274 0.514169
-0.089101 -0.066432
-0.065238 -0.086754
-0.037979 -0.108783
-0.006805 -0.132272
0.472822 0.902113
0.498431 0.901005
0.520019 0.900216
0.664123 0.598786
0.685360 0.609548
0.704779 0.619977
0.738833 0.639598
0.353958 0.605772
0.382171 0.613160
0.409523 0.619490
0.461206 0.629863
0.507935 0.638349
0.644139 0.883265
0.648161 0.884051
0.651628 0.884701
0.243907 0.614164
0.293216 0.632639
0.342730 0.646742
0.374941 0.653929
0.413593 0.661011
0.167344 0.408671
0.201808 0.428226
0.238631 0.448064
0.277330 0.467374
0.317487 0.485662
0.501693 1.083345
0.498826 1.084028
0.497525 1.084728
0.496253 1.086222
0.536197 0.762174
0.563577 0.763426
0.588191 0.765100
0.610311 0.767224
0.750236 0.278257
0.771328 0.313982
0.527158 0.864924
0.545372 0.864654
0.562381 0.864683
0.591164 0.865724
0.789192 0.169131
0.794202 0.177717
0.799910 0.187792
0.807923 0.202568
0.816233 0.218538
0.256025 0.154905
0.290705 0.158807
0.326391 0.164880
0.362528 0.173380
0.398641 0.184510
0.488036 0.225012
0.088580 0.001488
0.125227 -0.013516
0.165997 -0.028034
0.309044 -0.155628
0.354354 -0.159451
0.401300 -0.159700
0.498255 -0.147844
0.742450 0.695682
0.746322 0.697562
0.749951 0.699359
0.757381 0.703040
0.764434 0.706601
0.529775 0.702181
0.568805 0.706434
0.602519 0.711117
0.292416 -0.004201
0.307824 -0.005188
0.323513 -0.005738
0.339345 -0.005858
0.413374 0.805746
0.512041 0.806224
0.551829 0.806379
0.306505 0.138929
0.350530 0.146463
0.394814 0.157915
0.500415 1.042336
0.502517 1.042444
0.504350 1.042607
0.507785 1.042952
0.583833 0.460359
0.608411 0.475977
0.631112 0.491026
0.671524 0.519396
0.476415 0.732224
0.521821 0.734771
0.211549 0.875584
0.274527 0.888633
0.330519 0.894898
0.420768 0.896855
0.024308 0.491517
0.054775 0.520791
0.089867 0.551501
0.130144 0.582139
0.195187 0.621520
0.310109 0.665439
0.863371 -0.047703
0.887950 -0.016530
0.908773 0.013416
0.943800 0.073036
1.006184 0.146657
1.007420 0.149552
1.008930 0.152971
1.012149 0.160179
0.094648 0.013633
0.129196 0.000358
0.167509 -0.012483
0.469275 1.034398
0.474735 1.034099
0.584398 0.802131
0.607553 0.803744
0.628358 0.805953
0.663968 0.811790
0.759843 0.262461
0.776630 0.291720
0.791699 0.319372
0.516457 0.179312
0.544957 0.197678
0.571435 0.217267
0.595831 0.237607
0.618373 0.258491
0.657712 0.299797
0.475672 0.890947
0.528108 0.889042
0.365392 -0.227942
0.381195 -0.228255
0.397458 -0.228168
0.430020 -0.226771
0.462865 -0.223679
0.139094 0.158146
0.154946 0.157548
0.179572 0.157132
0.228050 0.158412
0.735650 0.085935
0.780410 0.147428
0.813347 0.204883
0.632938 0.272638
0.657660 0.299332
0.679849 0.325362
0.640347 0.406932
0.706251 0.470450
0.639838 -0.249619
0.690041 -0.228520
0.820927 -0.145155
0.470535 1.007399
0.490028 1.006518
0.504084 1.006277
-0.079431 0.668535
-0.046815 0.703867
-0.007297 0.740180
0.049952 0.782771
0.093121 0.808390
0.208458 0.854818
0.592775 1.001035
0.597489 1.002412
0.602618 1.003939
0.642281 0.738120
0.648876 0.739452
0.653055 0.740341
0.663347 0.742656
0.513523 0.527643
0.551013 0.541922
0.585029 0.555561
0.648379 0.583913
0.214222 0.858954
0.268549 0.870809
0.318301 0.877396
0.428569 0.975289
0.437951 0.974817
0.446819 0.974363
-0.018103 0.169552
0.007420 0.165057
0.035172 0.160578
0.098406 0.152300
0.501499 0.563044
0.529679 0.571621
0.555969 0.579857
0.607271 0.597290
0.368745 0.630332
0.419335 0.640927
0.466082 0.648914
0.508349 0.819836
0.516565 0.819758
0.524497 0.819680
0.621918 0.827756
0.626738 0.828305
0.655654 0.193022
0.678791 0.219393
0.699338 0.245449
0.737300 0.300203
0.229171 0.528706
0.278674 0.552167
0.329860 0.571827
0.429741 0.600070
0.570550 0.806241
0.592238 0.807283
0.611737 0.808805
0.646548 0.813222
0.617920 0.649035
0.636563 0.654494
0.648172 0.658153
0.677386 0.668324
0.885043 0.077999
0.890531 0.087802
0.898990 0.103677
0.906624 0.118797
0.465652 0.437194
0.506253 0.456729
0.543767 0.475464
0.609220 0.510663
0.591212 0.507605
0.624248 0.525815
0.659330 0.546543
0.683357 -0.080472
0.722835 -0.051406
0.757869 -0.019975
0.822678 0.057401
0.629566 0.816182
0.644163 0.818269
0.656839 0.820518
0.681206 0.825754
0.802495 0.126635
0.820032 0.156640
0.835037 0.185095
0.343320 1.020233
0.385275 1.019859
0.418314 1.018389
0.464860 1.015595
-0.109761 0.478809
-0.098999 0.493711
-0.087298 0.509898
-0.074402 0.527413
-0.060228 0.546211
-0.026679 0.587381
0.362550 -0.097339
0.433529 -0.093362
0.747032 0.468734
0.755194 0.478523
0.763152 0.488060
0.770745 0.497095
0.371838 0.948147
0.408183 0.947709
0.438532 0.946608
0.464046 0.945358
0.644987 0.297702
0.674528 0.331079
0.569954 0.674430
0.597436 0.679406
0.622306 0.684650
0.669122 0.697026
0.856203 0.114745
0.860616 0.122886
0.864927 0.131062
0.499053 0.994115
0.511691 0.994056
0.522229 0.994359
0.538375 0.995798
0.524345 0.724737
0.533250 0.725376
0.542024 0.726024
0.550342 0.726692
0.558467 0.727380
0.573909 0.728826
0.693862 0.289897
0.701058 0.299448
0.706815 0.307279
0.714639 0.318140
0.721086 0.327298
0.395980 0.838708
0.441106 0.839052
0.479625 0.838423
0.149306 0.290208
0.173302 0.298294
0.198339 0.307233
0.224357 0.317014
0.503277 0.904313
0.509694 0.904068
0.515948 0.903856
0.321995 0.964615
0.370775 0.965998
0.410259 0.965297
0.468398 0.962558
0.267427 0.332928
0.305139 0.348740
0.343501 0.365502
0.419750 0.400488
0.562134 0.608178
0.594729 0.617496
0.614485 0.623649
0.658057 0.638999
0.517326 0.666334
0.527033 0.667714
0.806387 0.036850
0.813248 0.046028
0.899849 0.286017
0.901966 0.291057
0.904021 0.295937
0.908932 0.307279
0.912701 0.315999
0.032568 0.482629
0.055912 0.504489
0.081874 0.527455
0.142378 0.573641
0.491420 0.945068
0.515524 0.944219
1.006763 0.032440
1.014868 0.047007
0.166951 -0.121950
0.194413 -0.131542
0.223959 -0.140362
0.255545 -0.148087
0.289127 -0.154366
0.659199 0.758416
0.672266 0.761379
0.684635 0.764493
0.707060 0.770966
0.875772 -0.020399
0.898360 0.011197
0.917228 0.041053
0.382182 -0.279381
0.416139 -0.278646
0.459692 -0.275377
0.503431 -0.269393
0.588675 -0.249607
0.523665 0.686186
0.555942 0.690166
0.197488 0.991834
0.284764 1.007623
0.350894 1.011241
0.400870 1.010327
0.437913 1.008426
0.522515 0.789911
0.547821 0.790315
0.570383 0.791041
0.155666 0.827013
0.227532 0.850057
0.563343 0.250168
0.592958 0.274732
0.619664 0.299438
0.665708 0.347664
0.684412 0.164821
0.707538 0.193321
0.731427 0.226676
0.764210 0.279283
0.545208 -0.313929
0.591181 -0.302917
0.656460 -0.282165
0.713718 0.475861
0.731732 0.494468
0.748438 0.511873
0.778665 0.543253
0.557336 0.956896
0.560379 0.957158
0.564789 0.957706
0.570219 0.958342
0.575695 0.966085
0.576229 0.966300
0.579610 0.966893
0.585339 0.968022
0.797042 0.410937
0.808399 0.429596
0.819440 0.447297
0.840114 0.478925
0.606301 0.658325
0.625282 0.663182
0.651406 0.670699
0.685647 0.682256
0.288068 0.735839
0.367430 0.749374
0.418598 0.753919
0.673923 0.031589
0.713338 0.069170
0.745932 0.107516
0.915380 0.052755
0.919109 0.059269
0.924520 0.069008
0.932638 0.084272
0.784035 -0.196518
0.828182 -0.163746
0.876207 -0.120147
0.936138 -0.050907
0.523421 0.953099
0.540668 0.953336
0.716058 0.213741
0.728164 0.231024
0.135515 0.879594
0.272045 0.916284
0.329059 0.922212
0.377783 0.923881
0.452549 0.922178
0.798352 0.246204
0.802459 0.254115
0.658948 0.152531
0.689004 0.186166
0.714742 0.219560
0.756106 0.282804
0.183813 0.225658
0.208763 0.230147
0.288805 0.249523
0.440052 0.213148
0.475688 0.230930
0.509436 0.250779
0.575310 0.298478
0.445538 0.870843
0.455718 0.870557
0.617389 0.696197
0.640848 0.701326
0.665844 0.707816
0.698525 0.718053
0.332813 0.096877
0.425724 0.116352
0.498167 0.146144
0.637416 -0.108053
0.650632 -0.100902
0.663386 -0.093564
0.678244 -0.084339
0.715216 -0.058032
0.387449 0.797784
0.397760 0.798338
0.412767 0.798964
0.336869 0.137386
0.379082 0.146630
0.420739 0.436129
0.457623 0.452606
0.492766 0.468468
0.525812 0.483726
0.556522 0.498388
0.610958 0.526129
0.532684 0.304519
0.570019 0.332122
0.603499 0.359603
0.660439 0.411962
0.737852 0.571340
0.742341 0.574916
0.746798 0.578479
0.755292 0.585292
0.268282 0.838690
0.318833 0.846190
0.364782 0.849862
0.473677 0.909488
0.501032 0.908267
0.527723 0.907399
0.424426 0.409042
0.486032 0.438619
0.514828 0.453011
0.541891 0.466944
0.590980 0.493634
0.442713 0.997117
0.464486 0.995865
0.481805 0.994960
0.494381 1.067029
0.496718 1.067131
0.403978 0.834537
0.447474 0.834749
0.484832 0.834147
0.516602 0.833505
0.207328 0.489742
0.241870 0.508405
0.278034 0.525740
0.315293 0.541364
0.352918 0.555066
0.433082 0.578919
-0.004848 -0.085231
0.019313 -0.101696
0.045921 -0.118606
0.563791 0.921250
0.567189 0.921445
0.504826 0.801205
0.513600 0.801186
0.523599 0.801200
0.537751 0.801282
0.751236 -0.183294
0.796394 -0.151515
0.837547 -0.116328
0.589838 0.865230
0.605234 0.866375
0.618887 0.867892
0.570446 0.424819
0.579122 0.430603
0.071083 0.776962
0.144495 0.814992
0.220512 0.841212
0.523553 0.975692
0.534815 0.976137
0.544683 0.976881
0.440244 0.930324
0.470036 0.928944
0.494303 0.927796
0.534530 0.926642
0.502343 -0.239661
0.556385 -0.227816
0.608283 -0.211758
0.702273 -0.168952
0.601166 0.693160
0.608306 0.694476
0.615233 0.695812
0.673428 0.622917
0.688360 0.629933
0.702338 0.636822
0.073480 0.056291
0.098464 0.047368
0.130692 0.036817
0.185067 0.021902
0.254526 0.008938
0.593899 0.573032
0.601816 0.576170
0.609541 0.579285
0.624309 0.585436
0.345511 0.746791
0.408069 0.753431
0.614711 -0.269937
0.668904 -0.250043
0.719569 -0.226442
0.816603 -0.131215
0.856913 -0.093076
0.160639 0.800566
0.222967 0.821713
0.294663 0.836774
0.397189 0.845008
0.932626 0.429101
0.939961 0.440630
0.625477 0.376370
0.651206 0.400525
0.678918 0.427989
0.715218 0.465809
0.406166 0.810496
0.445490 0.811218
0.480155 0.811149
-0.016202 0.890640
0.063059 0.937164
0.143290 0.972147
0.215896 0.993463
0.490119 0.948989
0.507808 0.948300
0.522645 0.947979
0.546483 0.948302
0.841451 0.120561
0.856757 0.149159
0.865812 0.167477
0.884604 0.208761
0.438576 0.682066
0.475247 0.686342
0.508674 0.689934
0.566612 0.696692
0.548982 0.599005
0.584488 0.609203
0.350002 0.888458
0.396444 0.889647
0.435938 0.889128
0.497547 0.886848
0.676865 -0.196706
0.717162 -0.175211
0.754475 -0.151403
0.820345 -0.097884
0.559472 0.767032
0.566849 0.767402
0.683436 0.277569
0.705565 0.306639
0.725262 0.334346
0.759336 0.385495
0.184913 0.738321
0.234283 0.756043
0.295645 0.771170
0.435552 -0.351785
0.501703 -0.344260
0.566584 -0.331982
0.555101 0.177272
0.575814 0.192639
0.585626 0.200505
0.595220 0.208564
0.335068 -0.009380
0.404918 -0.004837
0.562842 0.832748
0.586644 0.833493
0.601133 0.834360
0.633309 0.837696
0.667527 0.355760
0.685725 0.376559
0.702541 0.396521
0.732772 0.433752
0.541183 1.028808
0.545946 1.030169
0.550800 1.031614
0.561913 1.034989
0.536973 0.723403
0.556659 0.725026
0.574870 0.726772
0.533507 -0.271948
0.586469 -0.258764
0.636918 -0.242025
0.728497 -0.199184
0.655373 -0.120521
0.698369 -0.094488
0.737047 -0.065679
0.777556 -0.028597
0.806219 0.003056
0.851641 0.065613
0.501375 1.012303
0.507928 1.012364
0.512943 1.012593
0.521497 1.013290
0.523574 0.987391
0.531262 0.987873
0.539099 0.988533
0.823982 0.198882
0.837537 0.226503
0.869692 0.298165
0.441823 -0.003489
0.456102 -0.000181
0.470326 0.003543
0.528788 0.996258
0.536280 0.997087
0.636261 -0.210019
0.697007 -0.181532
0.751792 -0.147882
0.380057 0.482978
0.435247 0.504156
0.519133 0.534704
0.414712 -0.221940
0.466960 -0.217422
0.519594 -0.208394
0.570461 -0.195120
0.619037 -0.177881
0.748824 -0.148094
0.780219 -0.124803
0.809295 -0.099948
0.859340 -0.047945
0.530215 0.988029
0.538554 0.988737
0.558381 0.991936
