1.092834
0.779858
1.271032
0.384168
1.427079
1.329729
0.384924
1.461447
1.100412
1.229222
0.384769
0.385040
0.950559
1.146347
1.447007
1.761180
1.652743
1.007590
1.770055
1.274240
1.529951
1.923359
0.951113
0.740847
0.858060
1.334668
0.940529
1.373403
1.054848
1.060633
1.583837
0.830120
0.379867
0.834398
1.549686
1.226344
1.523245
0.880384
1.203214
1.340381
1.306383
1.174914
1.078359
1.154363
0.871575
1.190872
1.400816
0.382504
1.445957
1.338546
1.294519
0.774107
1.397191
1.379656
0.945949
1.050046
1.389283
1.313881
0.384403
1.246869
1.214456
1.346161
0.384693
1.100410
1.606853
0.883029
0.383028
1.170147
1.203383
1.563337
0.935849
1.311236
0.383974
1.358164
0.988123
1.096811
0.963739
1.398220
1.031827
1.283439
1.390176
0.835479
0.381236
1.159678
1.270357
1.320255
1.347293
1.777581
1.132760
0.382082
1.090355
1.591699
1.179551
0.376498
1.751725
0.440072
1.414658
1.315020
0.385468
1.169753
1.767301
1.311544
1.452734
1.254798
0.381028
1.481913
0.384385
1.537840
1.431366
0.993700
1.427457
0.387913
0.763040
1.304949
1.287859
1.292250
1.350996
1.437658
1.184145
0.929951
0.380721
1.494040
1.159177
0.384186
1.496329
1.078745
1.529434
0.384999
0.383819
1.172415
1.524038
1.379165
0.876707
0.382022
1.474215
1.638826
1.350734
1.226654
1.340324
1.081752
0.911006
1.797012
0.717898
1.124900
1.662309
1.358673
0.384421
1.411264
0.381808
0.383837
1.467672
0.930329
0.384609
1.233850
1.248568
1.253578
0.384046
0.384742
0.377195
1.119193
1.729953
0.383655
0.962025
1.050314
1.313044
1.011965
1.376891
1.402831
1.236388
1.505823
1.227524
1.229914
1.374080
1.395951
0.381463
0.384658
1.263938
1.303510
1.508381
1.617238
0.382854
1.436546
1.828333
0.384540
1.298833
0.384170
1.465067
0.893771
1.158756
0.384803
1.410991
1.217266
0.385792
0.384735
0.892558
1.252194
1.511259
0.380280
1.202182
1.417998
1.071930
1.090881
0.383902
1.444685
1.134103
1.467990
0.383903
0.384279
1.464933
1.372352
0.384631
1.612562
1.475985
1.298996
1.287423
0.384141
1.018711
1.138927
0.383748
1.793185
1.405966
1.547151
1.365219
0.557425
1.393339
1.284315
1.012473
1.224396
1.120167
1.237260
1.573290
1.325734
1.163335
0.384586
1.394269
1.504589
1.513791
0.384736
1.882819
1.336978
1.131896
1.244405
0.895369
1.268129
1.321749
0.819844
1.244631
1.358595
0.382870
1.463655
1.678243
1.491578
1.241992
1.057318
1.367692
