7.067205047607421875e+01
7.121846771240234375e+01
7.176488494873046875e+01
7.231130218505859375e+01
7.395055389404296875e+01
8.292464447021484375e+01
8.331457519531250000e+01
8.370449829101562500e+01
8.409442901611328125e+01
8.440637207031250000e+01
8.526422119140625000e+01
7.626336669921875000e+01
7.689888763427734375e+01
7.880543518066406250e+01
7.446294403076171875e+01
7.465502929687500000e+01
7.484711456298828125e+01
7.519286346435546875e+01
7.561544799804687500e+01
7.030660247802734375e+01
7.102014160156250000e+01
7.173368072509765625e+01
7.387429809570312500e+01
7.705144500732421875e+01
7.771631622314453125e+01
7.838117980957031250e+01
7.904604339599609375e+01
7.971090698242187500e+01
8.117360687255859375e+01
7.660088348388671875e+01
7.679334259033203125e+01
7.698580932617187500e+01
7.775114440917968750e+01
7.848187255859375000e+01
6.533337402343750000e+01
6.599361419677734375e+01
6.643378448486328125e+01
6.753419494628906250e+01
7.621028137207031250e+01
7.682489776611328125e+01
7.743950653076171875e+01
7.866873168945312500e+01
8.086907958984375000e+01
8.109994506835937500e+01
8.125385284423828125e+01
7.968139648437500000e+01
7.987391662597656250e+01
5.931889343261718750e+01
5.979417419433593750e+01
6.026945495605468750e+01
6.122001266479492188e+01
6.226562500000000000e+01
6.312113189697265625e+01
7.618668365478515625e+01
7.675985717773437500e+01
7.733303070068359375e+01
7.939645385742187500e+01
7.691478729248046875e+01
7.763829040527343750e+01
7.524342346191406250e+01
7.612401580810546875e+01
7.700460815429687500e+01
7.788519287109375000e+01
7.186234283447265625e+01
7.268872070312500000e+01
7.351509094238281250e+01
5.935984802246093750e+01
5.986363983154296875e+01
6.036743545532226562e+01
6.137502670288085938e+01
7.630155944824218750e+01
7.807161712646484375e+01
7.051623535156250000e+01
7.102593231201171875e+01
7.153562927246093750e+01
7.293729400634765625e+01
7.166107177734375000e+01
7.242604827880859375e+01
7.319102478027343750e+01
7.395600128173828125e+01
7.472097778320312500e+01
8.025890350341796875e+01
8.122058105468750000e+01
6.860346984863281250e+01
6.907902526855468750e+01
6.955458068847656250e+01
7.050569152832031250e+01
7.145680236816406250e+01
7.240792083740234375e+01
7.289656066894531250e+01
7.326698303222656250e+01
7.363740539550781250e+01
7.437825012207031250e+01
8.744146728515625000e+01
8.787049865722656250e+01
8.829953002929687500e+01
8.915758514404296875e+01
7.187273406982421875e+01
7.254006958007812500e+01
7.320740509033203125e+01
7.467553710937500000e+01
7.190432739257812500e+01
7.237459564208984375e+01
7.284485626220703125e+01
7.378538513183593750e+01
6.747875213623046875e+01
6.816545867919921875e+01
6.885215759277343750e+01
7.036289978027343750e+01
7.721610260009765625e+01
7.774352264404296875e+01
7.827095031738281250e+01
7.932579803466796875e+01
7.129542541503906250e+01
7.182574462890625000e+01
7.235606384277343750e+01
7.288637542724609375e+01
7.341669464111328125e+01
7.447732543945312500e+01
7.722463989257812500e+01
7.880847167968750000e+01
7.744686889648437500e+01
7.802796173095703125e+01
7.836000823974609375e+01
7.869205474853515625e+01
7.910711669921875000e+01
8.002024841308593750e+01
7.691188812255859375e+01
7.710182189941406250e+01
7.729175567626953125e+01
7.748168945312500000e+01
7.767162322998046875e+01
7.805149078369140625e+01
7.843135833740234375e+01
6.751554870605468750e+01
6.801618957519531250e+01
6.834994506835937500e+01
6.926778411865234375e+01
7.001873779296875000e+01
7.368033599853515625e+01
7.445517730712890625e+01
7.523001861572265625e+01
7.677970886230468750e+01
7.251328277587890625e+01
7.312644958496093750e+01
7.373962402343750000e+01
7.435279846191406250e+01
6.864073181152343750e+01
6.955467987060546875e+01
7.016397857666015625e+01
6.181324386596679688e+01
6.225343322753906250e+01
6.269362640380859375e+01
6.357400894165039062e+01
7.776181030273437500e+01
7.896501922607421875e+01
7.449490356445312500e+01
7.516509246826171875e+01
7.583528137207031250e+01
7.717566680908203125e+01
7.386657714843750000e+01
7.582614898681640625e+01
7.713253021240234375e+01
7.433068084716796875e+01
7.621054077148437500e+01
7.668051147460937500e+01
7.832539367675781250e+01
6.802224731445312500e+01
6.845359039306640625e+01
6.953195190429687500e+01
7.114949035644531250e+01
6.535881042480468750e+01
6.593598937988281250e+01
6.651317596435546875e+01
6.709035491943359375e+01
7.677317810058593750e+01
7.729612731933593750e+01
7.764475250244140625e+01
6.812763977050781250e+01
6.872307586669921875e+01
7.287515258789062500e+01
7.357556152343750000e+01
7.427597045898437500e+01
7.702526092529296875e+01
7.729301452636718750e+01
7.740776062011718750e+01
7.763726806640625000e+01
7.170746612548828125e+01
7.243044281005859375e+01
7.315341949462890625e+01
7.459938049316406250e+01
7.042482757568359375e+01
7.109410095214843750e+01
7.176337432861328125e+01
7.070610046386718750e+01
7.161227416992187500e+01
7.213008117675781250e+01
7.329514312744140625e+01
7.458966064453125000e+01
7.313365173339843750e+01
7.352070617675781250e+01
7.398516845703125000e+01
7.429481506347656250e+01
7.506892395019531250e+01
7.756574249267578125e+01
7.812461090087890625e+01
7.882320404052734375e+01
7.310211181640625000e+01
7.379193878173828125e+01
7.448176574707031250e+01
7.586142730712890625e+01
7.258051300048828125e+01
7.305348205566406250e+01
7.352645874023437500e+01
7.466159820556640625e+01
7.541835784912109375e+01
7.636430358886718750e+01
6.386133575439453125e+01
6.438636016845703125e+01
6.491137695312500000e+01
6.596142578125000000e+01
6.701147460937500000e+01
6.806151580810546875e+01
7.796356201171875000e+01
7.865820312500000000e+01
7.935284423828125000e+01
8.074213409423828125e+01
7.775587463378906250e+01
7.841281890869140625e+01
7.906975555419921875e+01
8.051502227783203125e+01
7.559092712402343750e+01
7.578312683105468750e+01
7.597532653808593750e+01
7.150170898437500000e+01
7.212514495849609375e+01
7.274858093261718750e+01
7.305171203613281250e+01
7.365894317626953125e+01
7.426616668701171875e+01
7.548062133789062500e+01
7.328887939453125000e+01
7.396196746826171875e+01
7.463504791259765625e+01
7.598120880126953125e+01
7.417176818847656250e+01
7.436411285400390625e+01
7.455646514892578125e+01
7.474880981445312500e+01
7.494115447998046875e+01
7.927747344970703125e+01
7.982768249511718750e+01
8.048792266845703125e+01
8.147829437255859375e+01
7.286199951171875000e+01
7.366542053222656250e+01
7.446884918212890625e+01
7.607569885253906250e+01
6.892839813232421875e+01
6.936991882324218750e+01
7.034124755859375000e+01
6.737904357910156250e+01
6.757055664062500000e+01
6.776206970214843750e+01
6.795358276367187500e+01
6.810679626464843750e+01
6.852812957763671875e+01
7.933645629882812500e+01
7.992153167724609375e+01
7.265068054199218750e+01
7.325236511230468750e+01
7.385405731201171875e+01
7.505744171142578125e+01
6.163199615478515625e+01
6.241366577148437500e+01
6.319533538818359375e+01
6.475866699218750000e+01
6.505603027343750000e+01
6.552395629882812500e+01
6.599188232421875000e+01
6.692773437500000000e+01
7.801596069335937500e+01
7.867158508300781250e+01
7.932720184326171875e+01
8.063843536376953125e+01
6.797299194335937500e+01
6.816497802734375000e+01
6.835696411132812500e+01
6.874093627929687500e+01
7.366986083984375000e+01
7.434893798828125000e+01
7.502802276611328125e+01
7.570710754394531250e+01
8.768741607666015625e+01
8.818147277832031250e+01
8.867553710937500000e+01
8.966366577148437500e+01
7.900089263916015625e+01
7.954930114746093750e+01
8.009770202636718750e+01
8.119451904296875000e+01
6.460617065429687500e+01
6.508804321289062500e+01
6.556990814208984375e+01
6.653364562988281250e+01
6.749739074707031250e+01
6.846112823486328125e+01
7.664739990234375000e+01
7.748632812500000000e+01
5.863973999023437500e+01
5.967156982421875000e+01
6.070339584350585938e+01
6.173522186279296875e+01
7.687729644775390625e+01
7.751901245117187500e+01
7.816073608398437500e+01
7.887068939208984375e+01
7.956577301025390625e+01
8.026086425781250000e+01
8.165103912353515625e+01
7.342845153808593750e+01
7.384619140625000000e+01
7.426393127441406250e+01
7.509941101074218750e+01
7.593489074707031250e+01
8.339124298095703125e+01
8.361997985839843750e+01
8.377247619628906250e+01
7.215517425537109375e+01
7.285098266601562500e+01
7.354678344726562500e+01
7.401065826416015625e+01
7.459049987792968750e+01
6.960926818847656250e+01
7.024444580078125000e+01
7.087962341308593750e+01
7.151480102539062500e+01
7.214997863769531250e+01
8.100770568847656250e+01
8.166783142089843750e+01
8.232795715332031250e+01
8.378024291992187500e+01
7.745406341552734375e+01
7.812771606445312500e+01
7.880136108398437500e+01
7.947500610351562500e+01
7.703430938720703125e+01
7.792310333251953125e+01
7.808337402343750000e+01
7.864974975585937500e+01
7.921613311767578125e+01
8.034889221191406250e+01
7.655847167968750000e+01
7.674951171875000000e+01
7.697875976562500000e+01
7.732263183593750000e+01
7.770471191406250000e+01
6.892417907714843750e+01
6.946936035156250000e+01
7.001454162597656250e+01
7.055971527099609375e+01
7.110488891601562500e+01
7.252234649658203125e+01
6.469286346435546875e+01
6.548870849609375000e+01
6.628456115722656250e+01
6.816514587402343750e+01
6.875492095947265625e+01
6.934469604492187500e+01
7.052424621582031250e+01
8.281275177001953125e+01
8.300100708007812500e+01
8.318925476074218750e+01
8.356575012207031250e+01
8.394224548339843750e+01
7.683448028564453125e+01
7.771034240722656250e+01
7.858620452880859375e+01
6.855964660644531250e+01
6.877967834472656250e+01
6.899971771240234375e+01
6.921975708007812500e+01
7.540668487548828125e+01
7.724574279785156250e+01
7.823600006103515625e+01
6.957126617431640625e+01
7.022878265380859375e+01
7.088629150390625000e+01
7.803311157226562500e+01
7.822584533691406250e+01
7.841857910156250000e+01
7.880404663085937500e+01
7.578588867187500000e+01
7.637076568603515625e+01
7.695564270019531250e+01
7.812539672851562500e+01
7.604289245605468750e+01
7.692654418945312500e+01
7.321392059326171875e+01
7.386969757080078125e+01
7.452546691894531250e+01
7.583701324462890625e+01
6.846636962890625000e+01
6.919273376464843750e+01
6.991910552978515625e+01
7.064546966552734375e+01
7.166237640380859375e+01
7.326038360595703125e+01
7.564486694335937500e+01
7.627227020263671875e+01
7.689966583251953125e+01
7.827994537353515625e+01
8.163089752197265625e+01
8.182141113281250000e+01
8.205003356933593750e+01
8.239295959472656250e+01
6.490676116943359375e+01
6.564771270751953125e+01
6.638867187500000000e+01
7.655355834960937500e+01
7.674575042724609375e+01
7.914118957519531250e+01
7.991011047363281250e+01
8.067903137207031250e+01
8.221687316894531250e+01
7.704615783691406250e+01
7.776184082031250000e+01
7.847752380371093750e+01
7.257332611083984375e+01
7.307017517089843750e+01
7.356702423095703125e+01
7.406387329101562500e+01
7.456072235107421875e+01
7.555442047119140625e+01
7.690351867675781250e+01
7.833097839355468750e+01
6.866505432128906250e+01
6.885900878906250000e+01
6.905296325683593750e+01
6.944087982177734375e+01
6.982878875732421875e+01
6.690082550048828125e+01
6.720604705810546875e+01
6.766386413574218750e+01
6.850321960449218750e+01
7.485657501220703125e+01
7.616152191162109375e+01
7.746646881103515625e+01
7.490521240234375000e+01
7.554914093017578125e+01
7.619306945800781250e+01
7.629251861572265625e+01
7.836011505126953125e+01
7.173518371582031250e+01
7.241068267822265625e+01
7.443717956542968750e+01
7.679962921142578125e+01
7.751846313476562500e+01
7.823728942871093750e+01
6.956765747070312500e+01
7.015972900390625000e+01
7.075180053710937500e+01
7.146228790283203125e+01
7.193594360351562500e+01
7.312009429931640625e+01
8.596832275390625000e+01
8.643329620361328125e+01
8.689826965332031250e+01
8.005973052978515625e+01
8.028816223144531250e+01
8.044045257568359375e+01
8.082117462158203125e+01
7.517462921142578125e+01
7.592164611816406250e+01
7.666866302490234375e+01
7.831210327148437500e+01
7.318968963623046875e+01
7.376927947998046875e+01
7.434886932373046875e+01
7.593417358398437500e+01
7.612626647949218750e+01
7.631835937500000000e+01
6.299113082885742188e+01
6.373929595947265625e+01
6.448745727539062500e+01
6.598378753662109375e+01
7.525399780273437500e+01
7.579337310791015625e+01
7.633274841308593750e+01
7.751936340332031250e+01
7.377899169921875000e+01
7.454370880126953125e+01
7.530842590332031250e+01
7.725601959228515625e+01
7.744852447509765625e+01
7.764102172851562500e+01
8.084913635253906250e+01
8.104104614257812500e+01
7.456256103515625000e+01
7.514877319335937500e+01
7.573497772216796875e+01
7.702463531494140625e+01
7.137495422363281250e+01
7.213697052001953125e+01
7.289898681640625000e+01
7.442302703857421875e+01
7.875992584228515625e+01
7.944950866699218750e+01
8.013909149169921875e+01
8.151825714111328125e+01
7.829615020751953125e+01
7.882217407226562500e+01
7.917285919189453125e+01
8.013723754882812500e+01
7.728777313232421875e+01
7.751698303222656250e+01
7.789900970458984375e+01
7.828102874755859375e+01
7.376869201660156250e+01
7.450579833984375000e+01
7.524290466308593750e+01
7.671711730957031250e+01
7.634646606445312500e+01
7.716587829589843750e+01
7.814916992187500000e+01
7.300250244140625000e+01
7.367786407470703125e+01
7.435323333740234375e+01
7.597411346435546875e+01
8.092119598388671875e+01
8.153451538085937500e+01
8.214784240722656250e+01
8.337449645996093750e+01
7.633831024169921875e+01
7.700846862792968750e+01
7.767863464355468750e+01
7.441144561767578125e+01
7.495232391357421875e+01
7.549320220947265625e+01
7.657495117187500000e+01
6.628138732910156250e+01
6.673689270019531250e+01
6.719239044189453125e+01
6.764789581298828125e+01
6.810340118408203125e+01
6.901440429687500000e+01
6.911119079589843750e+01
7.000968933105468750e+01
7.936233520507812500e+01
7.972128295898437500e+01
8.008023071289062500e+01
8.043917846679687500e+01
7.506940460205078125e+01
7.563185119628906250e+01
7.619430541992187500e+01
7.675675201416015625e+01
7.532333374023437500e+01
7.615448760986328125e+01
7.744154357910156250e+01
7.812088012695312500e+01
7.880021667480468750e+01
8.029475402832031250e+01
7.720846557617187500e+01
7.740067291259765625e+01
7.759288024902343750e+01
7.793055725097656250e+01
7.863618469238281250e+01
7.934181976318359375e+01
8.075308227539062500e+01
7.690070343017578125e+01
7.709160614013671875e+01
7.728250885009765625e+01
7.747341156005859375e+01
7.766431427001953125e+01
7.804612731933593750e+01
7.608370971679687500e+01
7.631401062011718750e+01
7.650592803955078125e+01
7.677462005615234375e+01
7.700492095947265625e+01
7.527677917480468750e+01
7.601061248779296875e+01
7.674445343017578125e+01
6.825273132324218750e+01
6.871789550781250000e+01
6.918305969238281250e+01
6.964822387695312500e+01
7.767311859130859375e+01
7.786542510986328125e+01
7.805773162841796875e+01
7.439537811279296875e+01
7.501229858398437500e+01
7.562922668457031250e+01
7.686307525634765625e+01
7.037716674804687500e+01
7.100144958496093750e+01
7.162573242187500000e+01
7.287430572509765625e+01
7.669330596923828125e+01
7.744545745849609375e+01
7.794688415527343750e+01
7.920046234130859375e+01
7.631678009033203125e+01
7.650880432128906250e+01
7.552070617675781250e+01
7.571308135986328125e+01
8.112838745117187500e+01
8.131698608398437500e+01
8.150558471679687500e+01
8.188278198242187500e+01
8.225997161865234375e+01
6.847478485107421875e+01
6.903437805175781250e+01
6.959397888183593750e+01
7.071317291259765625e+01
7.750743103027343750e+01
7.837240600585937500e+01
7.854186248779296875e+01
7.892552185058593750e+01
6.596489715576171875e+01
6.644591522216796875e+01
6.692692565917968750e+01
6.740793609619140625e+01
6.788894653320312500e+01
8.094632720947265625e+01
8.147148895263671875e+01
8.199664306640625000e+01
8.304695892333984375e+01
7.605767059326171875e+01
7.671419525146484375e+01
7.737071228027343750e+01
6.871704864501953125e+01
6.912184143066406250e+01
6.962782287597656250e+01
7.013380432128906250e+01
7.114576721191406250e+01
7.658873748779296875e+01
7.727718353271484375e+01
7.314984130859375000e+01
7.385125732421875000e+01
7.455267333984375000e+01
7.525408172607421875e+01
7.595549774169921875e+01
7.736041259765625000e+01
7.797860717773437500e+01
7.859680175781250000e+01
7.253668975830078125e+01
7.328959655761718750e+01
7.370757293701171875e+01
7.432133483886718750e+01
7.493509674072265625e+01
7.616262054443359375e+01
7.475460052490234375e+01
7.536956024169921875e+01
7.610750579833984375e+01
7.733741760253906250e+01
7.047328948974609375e+01
7.102292633056640625e+01
7.184736633300781250e+01
7.860557556152343750e+01
7.930355072021484375e+01
8.000152587890625000e+01
8.139747619628906250e+01
8.083866882324218750e+01
8.102940368652343750e+01
8.141086578369140625e+01
8.179232788085937500e+01
8.252095794677734375e+01
8.267481994628906250e+01
8.294407653808593750e+01
8.344413757324218750e+01
7.993037414550781250e+01
8.056234741210937500e+01
8.119431304931640625e+01
8.245825195312500000e+01
7.811500549316406250e+01
7.863640594482421875e+01
7.941851043701171875e+01
8.059167480468750000e+01
7.341038513183593750e+01
7.446624755859375000e+01
7.522043609619140625e+01
7.358572387695312500e+01
7.439434051513671875e+01
7.520296478271484375e+01
7.749192047119140625e+01
7.764505767822265625e+01
7.787477111816406250e+01
7.825762939453125000e+01
7.373065948486328125e+01
7.444893646240234375e+01
7.531086730957031250e+01
7.660375213623046875e+01
7.878631591796875000e+01
7.970048522949218750e+01
7.570954895019531250e+01
7.609408569335937500e+01
7.257830810546875000e+01
7.387714385986328125e+01
7.452655792236328125e+01
7.517597198486328125e+01
7.647480773925781250e+01
7.766595458984375000e+01
7.785803985595703125e+01
7.427915954589843750e+01
7.501169586181640625e+01
7.574422454833984375e+01
7.720928955078125000e+01
6.827359771728515625e+01
6.872048187255859375e+01
7.006113433837890625e+01
7.182558441162109375e+01
7.240496826171875000e+01
7.298434448242187500e+01
7.425897216796875000e+01
7.621430969238281250e+01
7.640671539306640625e+01
7.880406951904296875e+01
7.950956726074218750e+01
8.035615539550781250e+01
8.162605285644531250e+01
6.968734741210937500e+01
7.102634429931640625e+01
7.212187957763671875e+01
7.230207824707031250e+01
7.249497222900390625e+01
7.268786621093750000e+01
7.291934204101562500e+01
7.353661346435546875e+01
7.498200225830078125e+01
7.513589477539062500e+01
7.536673736572265625e+01
6.998623657226562500e+01
7.061103057861328125e+01
7.314366912841796875e+01
7.376976776123046875e+01
7.439586639404296875e+01
7.502195739746093750e+01
7.564805603027343750e+01
7.690025329589843750e+01
7.370134735107421875e+01
7.445697784423828125e+01
7.521260070800781250e+01
7.672386169433593750e+01
8.054685211181640625e+01
8.073699188232421875e+01
8.092713165283203125e+01
8.130741119384765625e+01
7.366860198974609375e+01
7.426969146728515625e+01
7.487078094482421875e+01
7.692203521728515625e+01
7.763103485107421875e+01
7.848182678222656250e+01
7.299832153320312500e+01
7.407025146484375000e+01
7.460621643066406250e+01
7.514218139648437500e+01
7.621411132812500000e+01
7.613224029541015625e+01
7.667768096923828125e+01
7.722312164306640625e+01
7.731552124023437500e+01
7.750747680664062500e+01
7.538456726074218750e+01
7.610691070556640625e+01
7.682924652099609375e+01
7.755158996582031250e+01
7.081057739257812500e+01
7.137762451171875000e+01
7.194467926025390625e+01
7.251172637939453125e+01
7.307878112792968750e+01
7.432629394531250000e+01
6.175657653808593750e+01
6.249057006835937500e+01
6.322456741333007812e+01
8.023634338378906250e+01
8.042829132080078125e+01
7.705260467529296875e+01
7.724474334716796875e+01
7.747531127929687500e+01
7.782115936279296875e+01
7.335017395019531250e+01
7.408264160156250000e+01
7.481510162353515625e+01
8.027042388916015625e+01
8.095660400390625000e+01
8.164277648925781250e+01
7.524883270263671875e+01
7.544114685058593750e+01
7.157628631591796875e+01
7.238256072998046875e+01
7.318884277343750000e+01
7.911457061767578125e+01
7.985256195068359375e+01
8.059055328369140625e+01
7.623182678222656250e+01
7.688132476806640625e+01
7.753082275390625000e+01
7.895971679687500000e+01
7.021474456787109375e+01
7.085845184326171875e+01
7.150216674804687500e+01
7.278958892822265625e+01
7.835772705078125000e+01
7.854979705810546875e+01
7.874186706542968750e+01
7.941345977783203125e+01
7.992281341552734375e+01
8.043217468261718750e+01
6.462224578857421875e+01
6.519171142578125000e+01
6.587506866455078125e+01
6.690010070800781250e+01
6.803903198242187500e+01
7.700604248046875000e+01
7.719792175292968750e+01
7.738979339599609375e+01
7.777354431152343750e+01
7.416355895996093750e+01
7.506015777587890625e+01
7.138127136230468750e+01
7.208425140380859375e+01
7.278723144531250000e+01
7.445028686523437500e+01
7.522386169433593750e+01
7.245204162597656250e+01
7.313465118408203125e+01
7.395378112792968750e+01
7.531900024414062500e+01
8.545463562011718750e+01
8.606780242919921875e+01
7.573274993896484375e+01
7.642942047119140625e+01
7.726543426513671875e+01
7.851943206787109375e+01
7.531731414794921875e+01
7.595947265625000000e+01
7.660162353515625000e+01
7.177274322509765625e+01
7.227897644042968750e+01
7.278521728515625000e+01
7.329145050048828125e+01
7.747768402099609375e+01
7.808988189697265625e+01
7.870207977294921875e+01
7.992647552490234375e+01
7.699388885498046875e+01
7.766598510742187500e+01
7.811405944824218750e+01
7.923422241210937500e+01
7.509671020507812500e+01
7.571533966064453125e+01
7.633396911621093750e+01
7.757122802734375000e+01
7.636464691162109375e+01
7.715129089355468750e+01
7.476457214355468750e+01
7.542743682861328125e+01
7.609030151367187500e+01
7.741603851318359375e+01
7.236545562744140625e+01
7.294712066650390625e+01
7.352878570556640625e+01
7.469212341308593750e+01
7.805734252929687500e+01
7.824963378906250000e+01
7.577714538574218750e+01
7.647428131103515625e+01
7.717141723632812500e+01
7.856568145751953125e+01
7.232925415039062500e+01
7.293109130859375000e+01
7.368338775634765625e+01
6.916500854492187500e+01
6.992190551757812500e+01
7.067880249023437500e+01
7.305706024169921875e+01
7.344179534912109375e+01
7.363417053222656250e+01
7.382653808593750000e+01
6.914555358886718750e+01
7.008696746826171875e+01
7.883747863769531250e+01
7.963967132568359375e+01
8.017445373535156250e+01
8.151143646240234375e+01
7.627829742431640625e+01
7.684424591064453125e+01
7.741019439697265625e+01
7.854209136962890625e+01
8.371099090576171875e+01
8.433319091796875000e+01
8.495539855957031250e+01
8.619979858398437500e+01
7.715419006347656250e+01
7.760187530517578125e+01
7.804956054687500000e+01
7.045702362060546875e+01
7.109108734130859375e+01
7.172515106201171875e+01
7.299327850341796875e+01
7.245181274414062500e+01
7.311268615722656250e+01
7.377355957031250000e+01
7.456661224365234375e+01
7.522748565673828125e+01
7.654923248291015625e+01
7.809638214111328125e+01
7.850630187988281250e+01
7.891622924804687500e+01
7.973606872558593750e+01
7.927746582031250000e+01
7.989978790283203125e+01
8.052210235595703125e+01
7.761817932128906250e+01
7.829747772216796875e+01
8.033536529541015625e+01
7.055028533935546875e+01
7.074171447753906250e+01
7.093315124511718750e+01
7.992626953125000000e+01
8.065809631347656250e+01
7.183206176757812500e+01
7.267118072509765625e+01
7.351029968261718750e+01
7.293502044677734375e+01
7.382996368408203125e+01
7.532154083251953125e+01
6.927714538574218750e+01
6.989813995361328125e+01
7.051913452148437500e+01
7.114012908935546875e+01
7.176113128662109375e+01
7.347124481201171875e+01
7.399990844726562500e+01
7.452856445312500000e+01
7.558588409423828125e+01
7.980635833740234375e+01
8.049020385742187500e+01
8.254174041748046875e+01
