0.088774
-0.248644
0.239829
-0.956675
0.355630
0.284975
-0.954711
0.379427
0.095684
0.206382
-0.955111
-0.954407
-0.050705
0.136581
0.369497
0.565984
0.502436
0.007561
0.571011
0.242350
0.425235
0.654073
-0.050123
-0.299961
-0.153081
0.288682
-0.061313
0.317292
0.053397
0.058866
0.459851
-0.186184
-0.967933
-0.181045
0.438052
0.204037
0.420843
-0.127397
0.184997
0.292954
0.267262
0.161195
0.075440
0.143549
-0.137454
0.174685
0.337055
-0.961017
0.368771
0.291584
0.258139
-0.256045
0.334464
0.321834
-0.055567
0.048834
0.328788
0.272985
-0.956065
0.220636
0.194296
0.297257
-0.955310
0.095683
0.474278
-0.124397
-0.959647
0.157129
0.185137
0.446823
-0.066301
0.270970
-0.957181
0.306134
-0.011948
0.092407
-0.036935
0.335200
0.031331
0.249543
0.329431
-0.179750
-0.964336
0.148142
0.239298
0.277825
0.298097
0.575254
0.124657
-0.962121
0.086504
0.464802
0.165134
-0.976844
0.560601
-0.820816
0.346888
0.273852
-0.953298
0.156793
0.569454
0.271205
0.373447
0.226975
-0.964882
0.393334
-0.956112
0.430379
0.358629
-0.006320
0.355894
-0.946973
-0.270445
0.266164
0.252981
0.256385
0.300842
0.363015
0.169021
-0.072624
-0.965688
0.401484
0.147711
-0.956629
0.403015
0.075799
0.424898
-0.954514
-0.957585
0.159066
0.421364
0.321478
-0.131582
-0.962278
0.388126
0.493980
0.300648
0.204290
0.292911
0.078582
-0.093206
0.586125
-0.331428
0.117694
0.508208
0.306509
-0.956016
0.344486
-0.962836
-0.957539
0.383677
-0.072217
-0.955528
0.210140
0.221997
0.226002
-0.956994
-0.955181
-0.974993
0.112608
0.548094
-0.958012
-0.038714
0.049089
0.272348
0.011894
0.319828
0.338492
0.212194
0.409339
0.204999
0.206944
0.317785
0.333576
-0.963741
-0.955401
0.234232
0.265061
0.411037
0.480720
-0.960101
0.362241
0.603405
-0.955708
0.261466
-0.956671
0.381901
-0.112305
0.147347
-0.955024
0.344292
0.196607
-0.952456
-0.955202
-0.113663
0.224897
0.412943
-0.966849
0.184138
0.349246
0.069461
0.086985
-0.957368
0.367891
0.125842
0.383894
-0.957365
-0.956387
0.381810
0.316526
-0.955471
0.477824
0.389326
0.261592
0.252643
-0.956746
0.018538
0.130086
-0.957769
0.583993
0.340725
0.436415
0.311315
-0.584428
0.331703
0.250225
0.012396
0.202448
0.113478
0.212899
0.453169
0.281966
0.151290
-0.955588
0.332370
0.408520
0.414617
-0.955197
0.632770
0.290412
0.123894
0.218658
-0.110520
0.237543
0.278956
-0.198641
0.218839
0.306451
-0.960060
0.380937
0.517747
0.399835
0.216717
0.055735
0.313125
