0.657708
1.269184
0.598640
0.985728
1.084306
0.499247
0.516798
0.468796
1.008484
0.351191
0.328003
0.420744
0.934138
0.651187
0.119727
0.983851
0.865023
1.112752
0.255319
0.974691
1.129052
0.260288
1.634006
0.973393
0.699186
1.167703
1.133564
1.661350
0.991272
0.254189
0.310253
1.111787
2.309823
0.892205
0.895032
0.467595
0.588992
1.509102
0.378660
0.859778
0.278998
0.643192
0.930510
1.169588
0.626929
0.374693
0.205112
1.107536
0.660176
0.890554
0.807724
1.407401
0.872489
1.195709
1.715144
0.809723
1.061610
0.668376
0.572632
0.826979
0.327831
1.091041
0.325562
0.296878
1.068921
0.748849
1.074223
0.266920
0.427169
1.981781
1.314194
0.509682
0.983016
1.085224
0.449052
0.634484
1.228182
0.081707
0.750622
0.518725
0.197130
1.385132
1.066754
0.802794
0.449627
0.697383
0.483031
0.318373
0.560641
1.520906
0.654731
1.048153
0.903800
2.135825
0.504116
0.938325
0.578944
0.902010
0.867313
0.228386
0.340729
1.003309
0.949136
1.028135
1.252319
1.031979
0.447064
0.588191
0.522049
0.789562
0.321636
1.388381
0.348081
0.606667
0.311776
0.292649
0.924595
0.536191
1.464090
0.449480
1.427814
0.409218
0.650446
0.832087
1.545440
0.407203
0.413519
0.467895
0.370028
0.499693
0.591916
0.524862
0.291353
1.348903
0.103223
0.586513
0.984432
0.434883
0.777466
0.789486
1.451646
0.489874
0.516879
0.786197
0.216302
0.361329
0.763271
0.991761
1.869377
0.798581
0.516194
0.608463
0.515906
0.812793
0.364203
0.273588
0.547802
0.532871
2.227942
0.673921
0.390122
0.532608
1.358483
0.479962
0.713743
1.312074
0.336116
1.102978
0.403560
0.559116
0.463366
0.756319
0.803210
0.307008
1.227381
0.759786
0.461561
0.306668
0.619144
0.761065
1.225978
1.071561
0.724893
0.403940
1.049312
0.429607
0.661913
0.544456
0.447687
0.357895
0.368711
0.563034
1.705203
0.509725
0.340920
0.644557
0.689091
1.241224
0.678076
0.475863
0.156501
0.515186
0.556253
0.655681
0.621043
1.397834
0.546520
0.627819
0.922552
0.485508
0.145992
0.805372
0.490045
0.840669
1.090671
0.352643
0.359046
0.591605
0.520104
0.338316
0.742322
0.628864
0.822084
0.190411
0.430146
0.591143
1.128033
0.644137
0.851861
0.460915
0.130071
0.832226
1.124388
0.231441
0.485323
0.695406
0.572811
0.624029
0.464049
0.687414
0.405152
0.914960
0.427503
1.052862
1.567783
0.622147
0.487508
0.549600
0.978413
0.439700
0.834516
0.599673
1.406533
1.145487
0.512022
