-0.284844 0.394572
-0.283390 0.396195
-0.282016 0.397691
-0.280641 0.399228
-0.279175 0.400903
-0.277808 0.402475
-0.276384 0.404133
-0.274948 0.405854
-0.273536 0.407529
-0.272073 0.409337
-0.270635 0.411122
-0.269163 0.412999
-0.267687 0.414874
-0.266208 0.416807
-0.264726 0.418769
-0.263233 0.420782
-0.261728 0.422812
-0.260200 0.424937
-0.258666 0.427096
-0.257120 0.429315
-0.255557 0.431555
-0.253975 0.433893
-0.252391 0.436257
-0.250802 0.438669
-0.249164 0.441163
-0.247558 0.443656
-0.245905 0.446286
-0.244214 0.448975
-0.242551 0.451645
-0.240808 0.454524
-0.239094 0.457384
-0.237344 0.460298
-0.235532 0.463377
-0.233762 0.466411
-0.231906 0.469645
-0.230026 0.472961
-0.228169 0.476218
-0.226175 0.479809
-0.224231 0.483302
-0.222231 0.486920
-0.220094 0.490784
-0.218068 0.494532
-0.215865 0.498572
-0.213636 0.502743
-0.211425 0.506812
-0.208990 0.511381
-0.206620 0.515791
-0.204151 0.520380
-0.201508 0.525243
-0.198948 0.530024
-0.196141 0.535181
-0.193290 0.540457
-0.190390 0.545711
-0.187222 0.551419
-0.184084 0.557082
-0.180741 0.562995
-0.177131 0.569255
-0.173571 0.575428
-0.169650 0.582054
-0.165597 0.588846
-0.161457 0.595579
-0.156828 0.602972
-0.152192 0.610271
-0.147220 0.617863
-0.141784 0.625906
-0.136368 0.633785
-0.130378 0.642226
-0.124101 0.650746
-0.117580 0.659369
-0.110351 0.668575
-0.102981 0.677690
-0.095063 0.687081
-0.086434 0.696881
-0.077731 0.706444
-0.068092 0.716581
-0.058051 0.726638
-0.047571 0.736707
-0.036217 0.747083
-0.024497 0.757327
-0.012073 0.767607
0.000899 0.777772
0.014413 0.787806
0.028529 0.797704
0.043105 0.807295
0.058111 0.816589
0.073700 0.825605
0.089394 0.834105
0.105376 0.842126
0.121729 0.849712
0.137762 0.856579
0.154214 0.863053
0.170413 0.868851
0.186444 0.874073
0.202600 0.878823
0.218144 0.882920
0.233623 0.886562
0.248885 0.889718
0.263514 0.892377
0.277986 0.894667
0.291957 0.896550
0.305484 0.898092
0.318319 0.899316
0.331251 0.900329
0.343487 0.901078
0.355252 0.901619
0.366866 0.902000
0.377735 0.902235
0.388225 0.902342
0.398504 0.902335
0.408202 0.902254
0.417524 0.902115
0.426457 0.901917
0.435026 0.901674
0.443343 0.901398
0.451317 0.901107
0.458935 0.900816
0.466148 0.900514
0.473209 0.900203
0.479755 0.899926
0.486211 0.899645
0.492503 0.899357
0.498236 0.899125
0.503913 0.898902
0.509283 0.898703
0.514488 0.898519
0.519405 0.898361
0.524202 0.898231
0.528907 0.898118
0.533235 0.898039
0.538047 0.897947
0.541959 0.897924
0.546233 0.897886
0.550266 0.897903
0.553735 0.897945
0.557969 0.897980
0.561342 0.898064
0.564887 0.898158
0.568727 0.898266
0.571652 0.898410
0.575343 0.898564
0.578688 0.898742
0.581623 0.898938
0.585186 0.899156
0.587793 0.899371
0.590724 0.899636
0.593896 0.899909
0.596264 0.900178
0.599545 0.900494
0.602187 0.900806
0.604543 0.901102
0.608165 0.901513
0.610055 0.901828
0.612940 0.902217
0.615976 0.902639
0.617408 0.902949
0.620977 0.903434
0.623175 0.903847
0.625358 0.904254
0.628667 0.904792
0.630172 0.905149
0.632926 0.905655
0.635733 0.906175
0.637117 0.906550
0.640677 0.907209
0.642828 0.907693
0.644856 0.908167
0.648347 0.908874
0.649404 0.909219
0.652369 0.909869
0.655010 0.910484
0.656378 0.910891
0.659725 0.911648
0.661577 0.912153
0.663770 0.912714
0.666375 0.913382
0.667987 0.913854
0.670705 0.914546
0.673046 0.915176
0.674470 0.915620
0.677814 0.916469
0.679112 0.916893
0.681452 0.917541
0.684184 0.918284
0.685696 0.918758
0.688506 0.919519
0.690670 0.920150
0.692265 0.920647
0.695075 0.921426
0.696456 0.921874
0.698668 0.922515
0.701115 0.923217
0.702795 0.923734
0.705250 0.924436
0.707196 0.925016
0.709026 0.925564
0.711506 0.926274
0.713318 0.926814
0.715552 0.927458
0.717593 0.928053
0.719537 0.928621
