70.768912
69.269489
73.811581
64.831197
66.859362
81.189035
64.778128
83.500522
75.597930
78.500731
64.782806
64.779496
86.301847
76.605703
77.854560
75.432767
67.041292
77.172462
76.037813
77.625816
71.988528
84.172935
86.330911
66.919368
64.819919
67.676994
84.588065
64.626212
84.882841
76.680419
81.218362
71.342194
64.877930
82.764360
72.764009
78.511637
66.578787
80.220192
82.376686
67.213132
78.789235
79.526587
86.370048
68.997423
86.398645
78.936400
73.277488
64.829924
67.654525
71.553541
77.933311
78.334912
86.422870
81.027968
86.559000
86.288230
86.422978
78.227422
64.797169
73.799682
78.882102
77.309828
64.788876
69.426206
72.660338
86.320222
86.323979
75.848383
72.824393
64.567636
84.318243
76.123683
86.332995
80.823052
70.995434
80.663367
86.300901
77.381408
86.323359
77.248586
80.672183
86.476664
64.807513
68.301586
72.048711
77.577294
80.517715
79.730519
73.010990
64.843605
82.779373
64.700869
75.053905
64.842019
80.321437
86.317849
71.378414
64.653678
64.771200
73.282234
78.782370
69.285724
72.377376
76.383937
64.814369
64.701093
64.792674
80.115825
82.542617
84.181702
78.037182
86.383050
86.324136
74.830909
73.486919
85.215103
79.257334
74.822663
84.349497
64.793001
64.825571
77.977395
81.809907
64.801758
64.620604
81.864127
72.504321
64.777666
64.792116
65.228650
69.582810
78.525927
64.778481
64.833586
74.822711
82.017360
69.819451
79.256929
85.437782
64.745605
79.540936
66.756546
65.570988
78.666629
76.350958
75.746885
64.789628
85.488067
64.842923
64.808168
77.396607
78.740406
64.785255
72.377664
69.397364
77.746493
64.803893
64.782776
64.849598
80.555187
80.113819
64.798700
83.906356
75.819148
72.919059
78.462032
81.897391
74.280275
79.179767
70.434097
78.237348
81.085199
76.944484
83.075855
64.813293
64.783408
86.401408
78.530657
71.352941
69.707305
64.817692
75.557639
84.415830
64.789950
78.382782
64.793718
70.876301
76.180496
67.687450
64.780807
81.368483
65.943703
64.834715
64.782907
76.370772
82.279070
69.859356
64.826876
71.778994
78.411703
74.162489
69.169463
64.800333
77.010813
85.527819
64.706768
64.792138
64.792354
77.210441
77.109003
64.788662
71.354601
81.600415
67.970053
74.630044
64.792203
77.925908
81.348461
64.803572
74.845101
70.036438
78.166948
77.712901
64.789290
71.631829
82.364624
73.641237
74.959305
75.545491
79.311160
77.852365
76.507659
74.415169
64.785664
78.600700
71.472885
69.655432
64.786187
66.908104
71.764606
82.403132
67.792699
79.350213
67.286614
73.356244
64.801604
81.556201
81.016741
64.748572
74.718046
70.737443
66.777872
81.899450
77.331268
79.333354
