72.677483
55.293847
70.970387
93.034831
49.702703
49.702703
49.702703
74.807046
66.665623
80.899157
95.846668
60.875905
58.379952
78.342066
65.301079
49.702703
57.162358
77.171689
80.587594
78.309831
73.176313
81.725480
53.350604
68.314996
72.818648
95.846668
67.179950
49.702703
49.702703
61.855367
68.343504
73.553497
95.846668
95.846668
49.702703
80.585859
81.692594
68.683066
93.150188
52.297130
73.571164
65.305695
89.121311
81.197779
67.640386
82.577569
95.846668
71.798204
79.136495
49.702703
65.519948
95.846668
82.473590
76.372181
88.087535
81.044217
84.635333
66.650304
49.702703
49.702703
95.846668
95.846668
49.702703
66.590113
71.375973
73.439667
64.227668
95.846668
95.846668
60.469913
49.702703
79.066767
79.888605
65.524608
95.846668
79.452810
61.910043
81.523313
49.702703
90.384492
72.431473
95.846668
84.743232
78.581498
59.447772
80.660585
49.702703
49.702703
85.297329
95.846668
74.236702
49.702703
69.280256
66.902965
95.846668
95.828155
66.306448
82.579171
76.687328
65.470035
75.106445
49.702703
72.534199
49.702703
59.832922
49.702703
79.251872
86.762057
58.872159
49.702703
72.911272
74.750921
84.893938
66.422004
49.702703
49.702703
91.874274
95.846668
95.846668
49.702703
83.207479
74.290541
87.448078
95.846668
71.324738
92.153771
95.846668
49.702703
81.774416
64.223459
69.489807
61.135408
49.702703
95.846668
49.702703
68.141762
81.200817
49.702703
49.702703
70.921032
70.413741
72.942931
73.334509
79.620463
95.846668
72.356995
78.252230
49.702703
78.808167
71.028983
66.489806
59.731259
62.752142
65.918050
81.144081
75.295617
94.627813
95.846668
49.702703
81.678249
78.141061
73.533327
95.846668
87.636219
95.846668
82.063526
49.702703
71.968282
49.702703
95.846668
64.681066
79.506669
84.446071
64.785901
49.702703
70.584667
86.090555
49.702703
70.301590
66.194941
61.779130
49.702703
58.133144
49.702703
95.846668
95.846668
49.702703
79.509386
59.930721
49.702703
64.464243
79.224846
63.472704
77.802693
71.097570
71.225623
95.846668
71.999908
95.846668
75.420616
64.472860
49.702703
83.569757
49.702703
49.702703
49.702703
58.307896
83.392471
95.846668
66.046898
94.882131
49.702703
75.915760
58.834293
87.936671
89.748342
73.758222
49.702703
77.204472
49.702703
75.700031
95.846668
74.099588
52.586305
95.846668
49.702703
95.846668
72.877720
66.642239
85.607373
82.847707
77.114169
49.702703
69.239098
51.295342
95.846668
61.537136
49.702703
74.271570
49.702703
93.803827
49.702703
86.313664
95.846668
49.702703
95.846668
95.846668
60.123265
95.846668
49.702703
84.973396
62.624142
76.870434
66.715524
95.846668
86.522429
79.480690
76.065487
49.702703
69.184798
70.760641
66.501406
75.578955
95.846668
78.441689
73.108895
65.492819
49.702703
49.702703
75.128985
70.059447
60.305375
49.702703
77.281915
80.611741
63.386841
70.171569
75.437946
68.855185
49.702703
71.436587
95.846668
59.818328
49.702703
49.702703
71.296982
81.769955
77.188353
70.263969
95.846668
53.626207
75.687530
65.782168
68.575872
56.108160
73.116669
49.702703
60.561056
60.690830
75.788129
91.044770
73.753098
67.373169
54.334689
49.702703
87.911151
49.702703
80.889055
72.740922
56.746493
95.846668
78.128842
49.702703
74.140183
82.321503
89.796535
67.897992
95.846668
72.072133
68.062672
95.846668
73.265804
74.099391
68.183666
68.522256
49.702703
70.952692
71.868194
51.136329
69.957251
95.846668
73.257797
73.634840
75.000778
82.276541
69.351895
95.846668
49.702703
81.808116
95.846668
54.734636
95.846668
49.702703
49.702703
90.017868
68.898282
85.252250
58.813568
95.846668
72.357983
58.933774
64.585547
88.145725
63.246164
49.702703
70.221079
49.702703
59.978496
74.063854
65.695289
75.029215
79.104045
95.846668
49.733494
49.702703
89.857777
49.702703
65.422484
88.163295
89.814048
83.879293
69.848875
59.252156
78.886623
62.157938
61.123041
95.846668
49.702703
75.562179
95.846668
69.430708
49.702703
95.846668
79.990026
68.207149
95.846668
77.673963
49.702703
78.664759
86.534419
70.683799
63.885925
95.846668
62.706577
87.621058
58.814119
79.585107
69.046489
95.846668
80.266881
60.490757
80.279022
88.310720
56.615441
65.346919
80.221911
70.240397
66.990182
71.177262
65.910934
49.702703
95.846668
94.598379
95.846668
95.846668
69.683421
65.400576
85.378491
67.671456
90.078152
49.702703
49.702703
53.838025
58.954629
85.263763
82.643581
49.702703
63.880703
76.617369
92.531717
95.846668
70.901432
69.129834
52.185420
95.846668
49.702703
94.142476
95.846668
71.245116
79.536275
81.405026
65.707636
49.702703
49.702703
49.702703
79.341880
95.846668
69.716696
54.058587
95.846668
77.924189
79.398894
60.761475
78.919216
95.846668
49.702703
72.021397
69.610725
63.862451
49.702703
90.914778
68.858104
69.575939
88.341465
60.810270
54.468199
81.431057
73.267004
56.841826
63.504296
95.846668
72.474918
66.014644
87.717336
49.702703
83.424570
78.993687
68.182630
95.846668
71.773015
67.009611
95.846668
78.629740
59.483057
81.165801
74.578847
49.702703
95.846668
58.284123
49.702703
49.702703
61.638606
85.900852
58.219807
49.702703
62.815364
67.000211
49.702703
77.917091
88.441837
