-1.811934
0.578505
-1.626132
1.884881
-0.771187
0.120707
0.274415
-0.502142
-0.273664
-1.133911
0.239625
-1.362285
-1.038110
-1.337030
1.489624
-0.341879
-0.115530
0.367178
-0.153819
-0.468100
-0.569465
-1.329170
-0.098694
-1.799782
0.377888
0.074749
0.107888
-0.110434
1.127794
1.017251
-0.484771
-1.282092
0.002145
-0.212214
-1.094331
1.226386
1.102375
0.445263
-1.169347
-0.965549
-0.505569
0.188803
1.033320
-0.496399
-0.999688
0.618148
1.395248
1.486213
0.923919
-0.865923
-2.401282
0.504648
-1.731456
-1.901027
-1.164316
1.141676
-1.197224
-1.249014
1.073750
-0.089588
0.513994
0.738475
1.217754
-0.247874
-2.293662
0.038506
0.292718
1.382087
0.680005
0.342407
-0.908095
-0.268616
-0.718186
-1.640029
0.923281
-1.063511
0.756518
-0.062683
-0.176664
-0.970210
-0.041071
0.852279
0.688376
-0.244644
0.655414
0.141505
-0.409311
-0.373108
0.751420
-0.909191
0.809189
-1.928993
0.558803
-0.387014
-0.446691
-0.595848
0.212582
2.205761
-1.925235
0.361465
-1.633082
0.721770
-0.305961
-0.125235
-1.098841
0.443204
-0.441279
-0.043149
1.067053
-0.919370
0.727336
-0.649251
2.052248
-0.743628
-0.632982
-0.516243
1.613946
0.457722
0.065625
-1.087923
-0.135296
-0.748435
0.996157
-0.540030
-2.507161
-0.125453
0.580612
-1.377724
1.337626
-0.481849
0.538595
-0.678351
0.271342
0.328997
0.227394
0.226631
-0.026635
1.959663
-0.622027
0.282000
-1.226401
-1.506488
0.127397
2.515464
0.162232
0.188590
1.503830
-0.469446
0.036526
0.838353
1.581567
1.235602
0.284107
2.510074
0.650868
1.341460
-0.407484
1.048452
1.468477
1.473238
1.715154
0.269081
-0.212182
-0.701381
-1.102266
-0.261001
0.083167
0.082842
-0.875209
-0.866387
0.428460
1.287294
-1.108698
-2.130305
0.248468
-1.397812
-1.314111
-1.424189
0.336918
-1.123854
1.184212
0.695253
0.572157
1.167247
0.273577
0.072001
0.244351
-1.003733
-0.662204
-0.101047
0.316125
0.490128
2.694955
0.600507
0.497338
-0.345462
-0.330289
-1.903717
0.497605
-0.679358
-0.156953
-0.963844
0.049841
-0.274186
-0.640784
-0.974280
1.524919
1.095840
-1.369182
-0.297107
-0.307877
-0.553820
-0.796886
0.661460
0.050107
-0.360874
-1.492284
-0.656765
-0.646324
0.351544
-1.940207
-0.930788
1.352274
-0.296847
-0.611830
0.087669
0.858447
2.679736
-0.885552
-1.210166
0.073701
2.178558
0.827103
-0.176961
-0.352459
0.739025
0.204115
-1.520952
0.550754
-1.383922
-0.323130
-0.917530
0.302456
0.047234
-0.671876
-0.587330
0.395119
0.193048
1.315144
-1.358693
-1.207955
-0.227552
0.129766
1.307392
0.872730
-1.023035
0.780097
0.085859
-0.301628
0.855054
-0.132665
-0.215169
-0.196417
0.182787
-0.849887
1.870105
1.668500
-2.277570
-0.905843
0.001017
2.070495
-0.664525
0.779821
-1.122353
-0.169773
0.415933
1.256833
0.390591
1.205150
-1.123145
-0.157787
0.915723
0.129977
-0.544015
-0.297370
-0.718903
1.201723
1.042935
0.426105
-0.300020
1.468926
-1.503540
1.944964
-1.886115
0.533997
0.474409
0.679734
0.201514
-0.560395
-0.727467
0.086572
-0.633226
-0.293799
1.081272
-0.141070
-0.206737
-0.531092
-0.292559
-1.423451
0.945790
1.144895
0.041247
-0.165566
-0.897082
1.084309
-0.765032
-0.667438
1.183291
1.016958
0.264770
0.424223
-0.035092
-0.363348
-0.653783
0.257473
-0.208306
1.382665
-0.669113
0.197180
-0.393413
3.623255
0.272587
-0.306112
1.693389
-0.612940
-1.034845
-0.493394
1.729317
0.362787
0.898295
0.547205
-0.275128
-0.685557
0.294360
-0.618842
-1.942551
-1.357225
-0.503195
0.343012
-0.339325
-0.848053
1.295535
-0.920548
-0.885337
-1.040139
-1.217861
-0.020408
0.450638
1.852121
-0.871488
-0.294658
-0.916496
0.518959
1.242513
0.577424
-1.292891
0.184893
-1.043852
0.575374
1.332579
-1.441728
0.534398
0.513797
-0.726680
0.632908
1.134058
-0.294382
1.529771
-0.958982
-0.688091
0.111056
-0.540082
-0.124355
-2.348988
-0.466217
0.827515
0.795197
-0.747151
-0.640969
0.141356
-0.978903
-1.366417
0.146042
1.252720
-0.258014
1.340428
-0.203745
-1.033109
-0.316383
-0.579262
1.088347
0.081036
-1.247591
0.610541
-1.169449
-0.806361
-0.654639
-1.471479
1.025785
-0.107997
2.294554
-0.263772
1.326906
0.026544
0.237608
1.283052
1.062969
0.605505
1.476581
-0.309519
0.263462
-1.045162
1.565463
1.718215
-1.907075
-0.778145
-0.578785
1.067092
-0.112388
0.782742
0.306895
-1.987057
-0.461520
0.612269
1.032534
0.304858
0.674388
0.299844
-1.784506
-0.255072
0.593184
1.578286
-1.105445
0.724396
-2.164079
-0.600662
1.237147
1.782178
-0.090589
0.104323
1.119638
0.983887
0.191439
1.252932
-0.394547
0.208193
-1.057458
0.919867
0.488560
-0.113253
2.080591
-1.440719
-1.361861
-0.673717
-1.486969
0.569547
-1.899935
-0.053225
-2.301780
1.904398
1.303755
0.391337
-0.419113
1.495161
0.096396
1.873350
0.897408
-0.913805
-0.369450
-0.685175
-0.485860
0.309703
0.715843
0.763439
-0.577511
0.953716
-1.004752
0.973089
-1.535768
-0.043121
0.525785
-1.352611
-0.067260
1.551771
-0.436406
0.512925
0.815645
0.233903
0.414573
0.625305
