0.156581
-0.128722
0.261314
0.071389
-0.179564
-1.376703
0.063745
0.398484
0.473143
0.189238
-1.376703
0.004385
-0.397994
0.386476
0.039725
-0.040250
0.224025
0.323332
-0.261035
0.249920
0.493252
0.476427
0.041612
0.051738
-0.004833
-0.310508
0.363137
-0.131437
-0.035015
0.536208
0.177945
0.485192
-1.376703
0.035493
-0.412999
0.405795
0.224207
0.252031
-0.311525
0.099009
0.335834
0.288033
0.191310
0.394333
0.464835
0.225065
-1.376703
0.361312
0.203202
-1.376703
0.408982
-0.188715
0.153444
0.465701
0.422948
0.192330
0.097495
0.236674
-0.020271
-1.376703
0.071175
-0.209536
-0.029339
0.401251
0.319515
0.205543
0.212674
-1.376703
-1.376703
0.139536
-0.244150
0.413008
0.381009
0.027395
-0.551747
-0.447231
0.146713
0.363870
-1.376703
0.240368
0.151803
-1.376703
0.031092
0.282161
0.263678
-0.188488
-1.376703
-0.150822
0.346986
-0.031182
0.291468
-1.376703
0.250336
0.261589
-0.245970
0.193274
0.528815
-0.023109
0.234849
0.202221
-0.059482
-0.423269
0.490459
-0.065415
0.070902
-0.231184
0.222198
-0.303626
0.561810
-1.376703
0.301711
-0.086617
0.358081
0.480686
-1.376703
-1.376703
0.302796
-0.062878
-0.092465
-1.376703
0.390786
0.306862
0.143454
-0.049460
0.183949
-0.314756
-0.725686
-1.376703
0.431271
-0.004412
0.431013
-0.057668
-0.034249
-1.376703
0.201222
0.350703
0.192926
-0.318550
0.030021
0.146391
-0.051446
0.431461
0.340643
0.206486
-0.223657
0.315703
0.135938
-1.376703
-0.116091
0.084528
0.215961
-0.050609
0.182917
0.155199
0.349775
0.145301
0.272219
-1.140292
-0.437786
0.163473
0.094308
0.138516
-0.448092
0.159061
0.014391
0.242285
-0.165921
0.466800
-0.574786
-0.288648
-0.078542
0.336519
0.159502
0.337811
0.047870
0.325725
0.366688
-0.354443
0.576914
0.615848
0.479369
-0.250729
0.041881
-0.099076
-1.376703
-1.376703
0.107621
0.193685
0.414463
-1.376703
0.481457
0.400766
0.451714
0.020647
0.514761
0.170643
0.031465
0.026747
0.056523
0.427819
0.386362
-0.056412
0.201727
-0.116594
-1.376703
-0.280483
0.298928
0.348263
-0.197654
0.144882
0.161576
-0.332044
0.476670
0.183560
0.222562
0.281301
0.209039
-0.149726
0.500911
-0.102498
0.238615
-0.325208
0.492016
0.119821
0.169164
0.186371
-0.167205
0.405192
0.274179
0.325062
0.305809
0.085188
0.129506
0.164094
0.309922
-1.376703
0.371282
-0.276934
0.199257
-0.425972
0.118174
-1.376703
-0.613793
-0.052352
0.041212
-0.293502
-1.376703
0.414115
-0.326369
-0.143027
0.138785
0.432976
0.171640
0.172444
-1.376703
0.047996
0.392263
0.010039
0.047541
0.390507
-0.142511
0.641154
0.299479
-0.034014
-0.022567
0.158579
0.202069
-1.376703
-1.376703
0.261285
0.225498
0.333877
-0.045028
0.303921
0.415106
0.367206
0.288046
0.208089
0.310937
-0.738625
0.320310
-0.275266
0.243833
-0.259624
-0.797241
0.297530
0.466093
0.233255
0.236081
-0.069881
0.029221
0.096719
0.360954
0.173863
0.171997
0.191657
0.175865
0.382343
0.251516
0.139133
0.182280
0.589333
0.183377
0.158733
-0.036206
0.432198
-0.151519
0.139996
0.486999
0.447535
-0.312012
0.294033
-0.060789
0.447693
0.440403
-0.052909
0.389035
-0.336676
0.256098
0.366908
0.024843
0.055043
0.375508
0.157599
0.269215
-1.376703
0.227596
0.352388
0.153457
0.111831
-0.159273
0.532574
0.166770
0.368812
0.200149
0.386813
-0.152117
-0.110486
0.054783
-0.608851
0.313238
-0.436838
-0.248125
-1.376703
0.197985
0.276746
0.285138
0.280887
-0.149473
0.195924
0.179490
0.578631
0.191422
0.338236
0.002399
-0.021364
0.154091
0.153157
0.135236
0.169150
0.400726
0.220963
-1.376703
0.194729
-1.376703
0.271830
-1.376703
0.306751
0.023923
0.131292
0.225641
-0.020577
0.318607
0.398348
0.194278
0.121910
0.078187
-0.053259
0.268903
-0.056205
0.313445
-0.096455
0.041819
0.283025
0.298182
-0.461626
0.187377
-0.150515
0.298824
0.123876
0.020279
0.172506
0.100943
0.277929
-0.086792
0.205459
0.250589
0.337107
-1.376703
0.454025
0.225680
0.213956
0.252471
0.128010
0.249211
0.293554
0.267511
0.017731
0.475966
0.237892
0.242474
-0.656160
0.455589
-1.376703
-0.096280
0.055396
0.308718
-0.040893
0.474475
0.017846
-0.296603
-1.376703
0.098393
0.357683
0.196849
0.220347
-1.376703
0.052749
-0.413499
0.170975
-0.049060
0.000353
0.333954
0.241653
-0.313679
-1.376703
0.422499
-0.444303
0.367310
0.209930
0.359945
0.172364
-0.163846
0.085785
-1.376703
0.337561
-0.643368
0.153423
0.516267
0.148804
0.201189
0.274712
0.228309
0.190757
-0.096039
-0.063263
0.544017
0.328785
0.206857
-0.025947
0.313433
0.424918
0.414534
0.268861
0.251954
0.083265
0.387586
0.301803
0.143121
0.380688
-1.376703
0.163695
0.142734
-0.084052
0.089138
0.180147
0.245164
0.259610
0.014057
0.485907
0.426122
-0.324863
0.435705
0.155505
0.379707
0.247910
-1.376703
-1.376703
-0.054551
-1.376703
0.048163
0.295452
0.342372
0.323390
-1.376703
0.365875
0.437249
-0.336744
0.535268
0.070308
