0.091036
-0.236563
0.238630
-0.955620
0.358125
0.288860
-0.955620
0.380578
0.098409
0.207834
-0.955620
-0.955620
-0.042344
0.137041
0.369932
0.562979
0.505487
0.013977
0.569986
0.241461
0.425682
0.656142
-0.049297
-0.299401
-0.143991
0.292182
-0.061151
0.327096
0.054484
0.059818
0.461034
-0.183638
-0.955620
-0.172896
0.437407
0.203869
0.423508
-0.117531
0.185832
0.291423
0.267824
0.161936
0.073530
0.148504
-0.134467
0.174200
0.337300
-0.955620
0.370668
0.293870
0.257008
-0.256000
0.338101
0.321848
-0.054776
0.055742
0.333167
0.273059
-0.955620
0.220973
0.194377
0.297211
-0.955620
0.096930
0.473740
-0.122739
-0.955620
0.157415
0.185415
0.470537
-0.058018
0.270404
-0.955620
0.306453
-0.004752
0.094724
-0.031675
0.335713
0.034939
0.249511
0.331460
-0.178949
-0.955620
0.149052
0.241194
0.282596
0.299329
0.576004
0.124899
-0.955620
0.088177
0.471840
0.165639
-0.955620
0.562166
-0.816799
0.345283
0.280090
-0.955620
0.157331
0.570362
0.271514
0.371628
0.226340
-0.955620
0.400737
-0.955620
0.428924
0.360199
-0.006094
0.355874
-0.955620
-0.268212
0.265558
0.252816
0.258159
0.300045
0.362584
0.166234
-0.070691
-0.955620
0.402243
0.147632
-0.955620
0.419425
0.077151
0.424879
-0.955620
-0.955620
0.158047
0.422666
0.320870
-0.131951
-0.955620
0.388096
0.497175
0.300582
0.206120
0.294710
0.078340
-0.084200
0.587967
-0.326458
0.118174
0.508365
0.305941
-0.955620
0.347377
-0.955620
-0.955620
0.383889
-0.066095
-0.955620
0.209935
0.224363
0.227260
-0.955620
-0.955620
-0.955620
0.113226
0.548879
-0.955620
-0.034398
0.053232
0.270986
0.014484
0.321007
0.338688
0.212952
0.410604
0.205242
0.207533
0.316360
0.337139
-0.955620
-0.955620
0.239225
0.266346
0.411091
0.480757
-0.955620
0.362023
0.606776
-0.955620
0.261445
-0.955620
0.380363
-0.107503
0.148723
-0.955620
0.346024
0.199434
-0.955620
-0.955620
-0.111746
0.225833
0.412088
-0.955620
0.184254
0.349323
0.069766
0.086937
-0.955620
0.367698
0.124651
0.393336
-0.955620
-0.955620
0.381840
0.315294
-0.955620
0.478819
0.390308
0.259412
0.252375
-0.955620
0.021487
0.131800
-0.955620
0.584129
0.341838
0.436812
0.310901
-0.582766
0.330029
0.251128
0.016926
0.202393
0.112740
0.213751
0.453640
0.282116
0.151530
-0.955620
0.332937
0.409361
0.415367
-0.955620
0.635106
0.286965
0.125894
0.216858
-0.109290
0.239838
0.278635
-0.197105
0.220678
0.306670
-0.955620
0.380067
0.518689
0.400354
0.213481
0.055783
0.313727
