-2.124547
1.155020
-1.047559
-0.641464
0.637839
1.571472
-0.209639
1.242905
0.644250
0.508944
1.951488
-0.878708
-0.025530
0.437237
0.582112
-0.717468
0.623240
-0.201137
-0.001286
-0.842795
-0.934263
0.661443
-1.737465
0.432089
0.463777
-1.846464
-2.092789
1.881261
-0.833850
-1.487383
0.293422
0.964100
-1.030901
-0.101321
-0.472387
0.485379
1.185366
0.480134
-1.035041
-1.385965
-0.272106
0.660796
-0.865484
0.652656
0.028296
-0.249245
1.200237
0.513579
-0.772499
-1.077008
0.266785
-1.720790
-0.271874
0.652804
1.161886
0.770754
1.273925
-0.479224
0.322595
-0.271339
0.407461
-0.048257
-0.577394
-1.218364
0.092773
-0.905993
1.219689
-0.777161
0.983552
0.454340
1.284241
-1.036699
-0.732593
-1.958931
-0.603170
-0.303827
-0.595706
1.076857
0.291036
0.523680
-0.616412
0.365060
0.804289
0.402953
0.167487
-2.322780
0.835178
-0.631525
0.711573
-1.475548
0.213484
0.170656
-1.336037
0.156058
0.350038
-2.932927
-2.352973
-0.281797
-0.399357
1.613130
3.245800
0.327582
-1.222589
2.613088
-1.070675
1.546599
1.316905
-0.841111
-0.241752
-0.513868
-0.403414
-1.364572
-1.746104
-1.806815
-1.654305
0.169951
-2.594717
-0.710170
1.118792
0.931283
-0.718683
0.181432
-0.459674
0.527919
1.588687
0.221793
-0.027162
-0.643432
-0.246033
-0.948874
-0.199156
-0.799337
-0.211499
-0.275698
0.102236
-0.424054
-0.196852
0.536475
-0.600806
-0.395682
0.620676
0.788872
-0.080323
-0.738976
1.123289
-0.479262
-0.468418
-0.416955
-1.150213
2.342772
-1.354876
-1.263613
-0.375959
-1.051073
-1.035222
0.485477
1.683450
0.117552
-1.245059
0.451076
-0.121837
0.328779
0.053522
-0.498722
-0.735965
0.251282
-0.661134
1.400200
0.498453
0.511300
-0.920921
0.282713
-0.204690
-0.399930
0.503897
0.459857
1.268508
-0.678383
1.819930
0.111700
-0.368314
0.537239
0.709801
-0.200720
-0.212771
1.137824
0.456605
2.623887
-0.348906
0.191044
-2.977084
0.267573
0.273443
0.819925
-0.164336
0.181908
1.198348
-2.245603
-0.634616
0.292123
-0.074256
0.247853
0.640332
0.933345
0.515366
-0.519093
-0.590675
2.478368
0.035781
1.623816
-0.918174
-0.136282
0.296466
0.119852
-0.651917
1.675378
-0.102743
0.814697
0.670212
-0.429650
0.009938
-0.045206
-0.812317
0.388040
-0.908120
-1.807331
0.835001
0.341289
-0.185654
0.369581
-0.020404
0.540828
-0.913064
-0.443045
-0.298561
2.129611
0.196435
-0.045483
-0.606781
0.528120
0.911585
0.719320
-1.782364
0.347425
1.124702
-0.702686
1.531545
0.474416
1.491044
0.455109
-0.096568
0.251953
-0.171064
-2.700883
-1.345472
0.304958
-1.411718
0.368538
-0.792238
0.191404
-0.121828
-1.021817
0.138450
0.552958
0.495139
1.501044
0.120435
-0.256497
-0.192796
0.313685
1.572966
1.291703
1.111166
1.244099
0.004758
0.232015
0.351628
0.562098
-0.870113
-0.155226
0.135422
-0.201696
-0.563074
-0.220676
0.564866
0.280386
-0.980247
1.648173
-1.470779
2.517168
-0.519747
0.453852
-0.087619
-0.874117
-1.154913
2.033403
0.446889
-0.068656
0.966595
-0.794651
