67.539491
48.066874
64.985751
79.607992
85.201060
94.753867
59.444656
48.066874
67.663587
67.871293
53.436408
89.934704
70.695511
75.139943
94.753867
94.753867
60.794278
71.171482
68.777745
48.066874
64.621339
70.914553
48.730449
64.288137
64.929521
69.619993
68.963467
82.963119
94.753867
81.306050
58.589564
66.341424
94.753867
82.971366
74.428217
70.549372
66.013455
48.066874
82.781372
64.681047
61.310103
56.391367
74.426736
50.106582
48.066874
68.318265
48.066874
63.449986
66.453447
64.115236
94.753867
65.718028
84.154414
48.066874
90.697840
71.567931
77.398268
48.066874
94.753867
66.760020
71.135826
62.902010
67.140203
71.908019
74.121316
59.983313
78.354999
83.259734
82.761172
62.474239
48.066874
78.941982
87.274803
86.951140
75.571968
68.011311
74.150940
67.113858
81.166519
79.170002
92.491604
82.415785
71.369538
75.159696
48.066874
66.755216
77.159505
72.263211
75.198552
80.294956
94.753867
52.475715
89.172891
67.221023
77.174554
70.224725
94.753867
48.066874
74.769165
88.462182
51.403907
94.753867
83.139138
70.129751
76.135915
69.056629
48.066874
79.379206
48.066874
64.682734
67.991578
61.277135
51.429316
67.484051
94.753867
81.536019
72.631500
94.753867
48.066874
79.723040
94.753867
80.020317
78.702920
67.606590
64.785416
74.321987
67.408470
70.941572
77.150604
94.753867
48.066874
76.635465
85.311095
48.066874
57.207450
48.066874
91.580840
55.906457
94.753867
81.649360
48.607509
69.688045
83.965468
48.066874
80.893848
79.080860
94.753867
68.764763
64.167821
61.598683
72.597240
66.338868
94.753867
48.066874
71.929994
88.256884
59.230877
48.066874
94.753867
58.733634
72.588402
88.760073
73.529055
48.066874
94.753867
67.937269
79.734998
69.879614
65.998206
48.066874
74.870741
61.011350
72.047328
94.753867
67.112704
48.066874
94.753867
94.753867
66.420446
48.066874
67.648836
62.102754
48.066874
69.925480
48.066874
66.212619
70.090781
48.066874
66.170650
94.753867
94.753867
64.727375
48.066874
63.135157
72.256673
75.297696
94.001823
71.581204
71.885042
71.963778
58.005456
94.753867
64.500604
51.376391
69.392210
64.530153
89.288772
54.638387
48.066874
59.583097
74.455445
77.979485
69.699009
71.686739
73.662690
80.041324
48.066874
48.066874
77.334157
78.106945
48.066874
79.611768
86.966673
78.216217
94.753867
93.023881
68.534636
55.633558
87.298943
94.753867
94.753867
48.066874
65.140593
72.110327
48.066874
48.066874
62.697097
48.066874
48.066874
87.605620
48.066874
64.168429
82.599318
66.795297
67.698184
94.753867
48.066874
85.953569
72.762393
94.753867
48.066874
72.166849
79.729293
71.249362
48.066874
48.066874
76.339904
76.172676
71.968369
48.211879
64.675253
79.034761
79.760979
86.115044
67.520093
71.888382
63.677991
94.753867
78.015866
73.910149
61.577163
65.496794
77.104361
83.572769
60.426410
94.753867
52.102496
62.929069
66.871928
48.066874
94.753867
57.311688
59.168437
48.066874
76.377573
74.716130
94.753867
63.818007
76.123735
48.066874
94.753867
58.495030
48.066874
63.651854
65.449608
87.882133
94.753867
77.913891
75.831328
59.918327
