0.328978
-0.576620
0.218281
0.511668
0.307132
-0.259502
0.191956
-0.082793
0.277324
0.129051
0.021671
0.273995
0.201620
0.325695
-0.257347
-0.838013
0.570842
0.203173
-0.067099
-1.280152
0.092380
0.314602
-0.192762
0.312622
0.424617
0.256062
0.117026
0.177121
0.126939
0.313592
0.079757
0.203766
-0.753048
-0.709615
0.123309
0.237422
0.197564
-0.253668
0.191571
0.401439
0.172391
0.518748
0.176840
-0.169906
-0.289040
0.425981
0.051984
0.256889
-0.160019
0.471484
-0.209883
0.285028
0.078531
0.092320
0.392242
0.188047
0.145176
0.138381
-1.280152
0.423580
0.458825
0.014694
0.293647
0.488478
0.296419
0.332958
0.112037
0.122697
0.138059
0.241368
0.005600
0.142823
0.207510
0.118104
0.346833
0.268502
0.272139
0.228028
-0.446739
-0.025204
0.248045
0.461398
0.280994
0.168224
-0.567910
0.484288
0.208962
0.347772
0.250429
0.336653
0.062221
-0.050982
0.121265
0.217858
0.233618
0.282668
-0.629931
-1.280152
0.237393
0.390685
0.401909
-1.280152
0.347225
0.301189
0.172608
0.427205
-0.383479
0.332762
-0.233634
0.182154
0.277236
0.368794
-0.191595
0.341445
-0.443574
0.136350
0.260634
-1.280152
0.190422
0.309325
-0.323458
0.230442
0.191616
0.314802
0.273027
0.180857
0.498766
0.508282
0.070933
0.186272
0.005337
0.252286
0.141220
-1.280152
0.060984
-1.280152
0.042337
0.111441
-1.280152
0.234601
0.133875
0.117980
0.115836
-1.280152
0.194608
0.343935
0.068632
0.396328
0.397131
0.398920
0.410560
0.249446
0.029910
-0.280766
0.242927
0.173742
0.057677
-1.280152
-1.280152
-0.106720
0.156063
0.115099
0.214295
-1.280152
-1.280152
0.292928
-0.074163
0.414554
0.251602
-1.280152
0.322171
0.301790
0.405923
-1.280152
0.432021
0.091924
-0.678991
0.286967
0.175348
-1.280152
-0.045838
0.219418
0.067362
0.179274
-1.280152
0.155010
0.397846
-0.067205
0.263554
0.066777
-0.005691
0.503838
-1.280152
0.393501
0.215193
0.471778
-0.078964
0.240001
0.464169
0.075847
0.219864
-0.246822
0.032957
0.233328
0.297448
0.119627
0.188934
-1.280152
0.045983
0.278695
0.260674
0.512531
0.148881
0.196962
0.470961
0.296759
-0.272546
-0.165375
0.271235
-0.414278
-0.466657
0.043348
0.101635
0.070061
-1.280152
0.129950
0.185175
0.167282
-0.000458
-0.404876
-1.280152
-1.280152
0.381050
0.171344
-1.280152
-1.120306
0.185943
-0.015608
-1.280152
0.298886
-0.012242
0.203190
0.370335
0.048762
0.136346
-1.280152
0.059374
0.354748
0.355252
-0.598379
-0.057225
0.289579
0.320904
0.416957
-1.280152
-1.280152
0.424008
0.313114
0.471381
0.091686
0.018185
0.325283
0.307772
0.045640
0.170322
0.228183
0.380494
-1.280152
0.192632
0.465756
0.343928
0.407399
0.105392
0.095591
0.379060
-1.280152
0.179568
0.370522
0.324930
0.094797
-0.078685
0.192082
-0.027584
-0.393716
0.257253
0.204942
-0.110927
0.341036
0.315328
-1.280152
0.050956
-0.299248
-0.004788
0.456354
0.315839
0.042000
-1.280152
0.456046
0.404674
-0.036732
