0.116929 0.054191
0.115975 0.057923
0.115024 0.061559
0.114023 0.065438
0.113020 0.069261
0.112026 0.072977
0.110983 0.076921
0.109947 0.080757
0.108853 0.084870
0.107828 0.088562
0.106800 0.092268
0.105780 0.095890
0.104704 0.099776
0.103592 0.103816
0.102465 0.107903
0.101335 0.112013
0.100193 0.116138
0.098950 0.120712
0.097682 0.125389
0.096359 0.130310
0.095086 0.134982
0.093765 0.139881
0.092375 0.145076
0.090965 0.150372
0.089523 0.155840
0.088048 0.161428
0.086574 0.167069
0.085070 0.172874
0.083636 0.178447
0.082192 0.184123
0.080743 0.189893
0.079279 0.195801
0.077806 0.201842
0.076379 0.207825
0.074878 0.214181
0.073461 0.220341
0.072025 0.226721
0.070587 0.233270
0.069172 0.239899
0.067710 0.246946
0.066313 0.253957
0.064969 0.260919
0.063721 0.267712
0.062503 0.274650
0.061295 0.281867
0.060158 0.289062
0.059121 0.296091
0.058128 0.303286
0.057201 0.310561
0.056349 0.317920
0.055578 0.325237
0.054907 0.332499
0.054322 0.339790
0.053816 0.347223
0.053390 0.354852
0.053068 0.362501
0.052867 0.369982
0.052769 0.377568
0.052788 0.385048
0.052922 0.392480
0.053170 0.400106
0.053541 0.407759
0.054035 0.415227
0.054650 0.422691
0.055392 0.430136
0.056252 0.437442
0.057235 0.444700
0.058332 0.451809
0.059563 0.458990
0.060952 0.466352
0.062446 0.473487
0.064108 0.480798
0.065910 0.488088
0.067887 0.495501
0.070003 0.502831
0.072263 0.510105
0.074646 0.517239
0.077166 0.524303
0.079814 0.531258
0.082657 0.538317
0.085566 0.545088
0.088721 0.552077
0.091974 0.558863
0.095380 0.565616
0.098978 0.572389
0.102652 0.578935
0.106520 0.585506
0.110574 0.592069
0.114792 0.598575
0.119122 0.604930
0.123638 0.611264
0.128333 0.617552
0.133428 0.624110
0.138542 0.630355
0.143722 0.636378
0.149327 0.642645
0.155074 0.648769
0.160841 0.654614
0.166950 0.660553
0.173160 0.666304
0.179213 0.671623
0.185633 0.677045
0.192469 0.682595
0.199269 0.687822
0.206495 0.693157
0.213986 0.698435
0.221389 0.703386
0.228655 0.708018
0.236665 0.712906
0.244307 0.717328
0.252469 0.721858
0.261026 0.726392
0.269488 0.730646
0.278904 0.735182
0.288018 0.739327
0.297237 0.743315
0.306307 0.747038
0.315417 0.750600
0.324477 0.753975
0.333543 0.757203
0.342961 0.760423
0.352056 0.763393
0.360960 0.766185
0.370118 0.768988
0.379976 0.771845
0.390190 0.774739
0.400109 0.777460
0.409865 0.780070
0.419917 0.782702
0.429700 0.785227
0.439350 0.787698
0.448181 0.789967
0.455861 0.791962
0.464257 0.794152
0.472528 0.796343
0.479570 0.798270
0.487779 0.800536
0.495465 0.802737
0.502916 0.804951
0.510233 0.807260
0.517426 0.809510
0.525219 0.812089
0.532662 0.814687
0.539636 0.817257
0.546135 0.819865
0.552623 0.822476
0.558849 0.825192
0.564368 0.827787
0.569586 0.830389
0.574723 0.833151
0.579928 0.835937
0.584844 0.838804
0.589609 0.841738
0.593767 0.844511
0.598256 0.847582
0.602186 0.850487
0.606319 0.853643
0.610512 0.856984
0.614181 0.860151
0.618090 0.863619
0.621898 0.867176
0.625109 0.870455
0.628718 0.874175
0.631687 0.877548
0.634771 0.881146
0.637904 0.884935
0.640461 0.888360
0.643058 0.891942
0.645576 0.895575
0.647885 0.899122
0.650283 0.902986
0.652590 0.906674
0.654664 0.910322
0.656924 0.914321
0.658929 0.918128
0.661313 0.922557
0.663594 0.926993
0.665526 0.931109
0.667391 0.935262
0.669078 0.939289
0.670665 0.943278
0.672273 0.947518
0.673727 0.951397
0.675077 0.955307
0.676389 0.959245
0.677664 0.963210
0.678797 0.967124
0.679918 0.970863
0.681183 0.975082
0.682189 0.978877
0.683172 0.982696
0.684263 0.986945
0.685353 0.991037
0.686508 0.995486
0.687496 0.999647
0.688418 1.003735
0.689235 1.007641
0.690021 1.011541
0.690772 1.015416
0.691524 1.019359
