0.419240 0.094292
0.438699 0.106190
0.458100 0.118015
0.478806 0.130926
0.520045 0.158871
0.560200 0.190812
0.557240 0.372351
0.562053 0.377774
0.575987 0.393677
0.581037 0.399529
0.585175 0.404393
0.516044 0.462857
0.528651 0.472242
0.541241 0.481713
0.547495 0.486504
0.553468 0.491143
0.445812 0.711399
0.509431 0.727449
0.528587 0.733324
0.550177 0.741171
0.574547 0.752135
0.574680 0.010444
0.594452 0.021475
0.615651 0.034371
0.634754 0.047064
0.656053 0.062700
0.692890 0.093709
0.728990 0.130228
0.333741 0.275442
0.359160 0.324179
0.388405 0.368409
0.408858 0.392731
0.430594 0.414375
0.877368 0.283298
0.883384 0.320041
0.887176 0.358277
0.884232 0.496602
0.877031 0.555764
0.869302 0.603709
0.286252 0.818792
0.344975 0.846231
0.403840 0.869112
0.458333 0.888528
0.509349 0.907907
0.632508 0.017302
0.647320 0.027276
0.663142 0.038740
0.676882 0.049297
0.707906 0.075859
0.721196 0.088464
0.733635 0.101059
0.292812 0.845543
0.351408 0.874647
0.405232 0.897563
0.460869 0.919688
0.511247 0.940940
0.652867 -0.039801
0.674476 -0.026120
0.692033 -0.014205
0.712135 0.000625
0.745350 0.028144
0.778288 0.060912
0.687062 0.221473
0.705351 0.247148
0.721986 0.274443
0.736064 0.302179
0.750338 0.337849
0.764962 0.393614
0.769744 0.425660
0.772389 0.459845
0.454909 0.108058
0.472068 0.118333
0.492563 0.131053
0.514436 0.145492
0.537407 0.161986
0.573480 0.191591
0.171627 0.125921
0.170582 0.132904
0.169774 0.138618
0.166557 0.160145
0.163775 0.178474
0.161020 0.197055
0.155314 0.237598
0.150148 0.282462
0.148384 0.303963
0.165310 0.146344
0.164064 0.154121
0.162553 0.163732
0.159715 0.181503
0.156770 0.200196
0.151063 0.238559
0.704842 0.057168
0.715080 0.066321
0.722474 0.073225
0.739944 0.090552
0.757829 0.110092
0.833192 0.234790
0.227955 0.143304
0.228697 0.151923
0.229330 0.158910
0.230887 0.176088
0.232594 0.194001
0.780195 0.089881
0.782279 0.092370
0.784877 0.095595
0.789888 0.101892
0.795071 0.108727
0.342058 0.042334
0.347089 0.047037
0.356059 0.054857
0.367935 0.064416
0.382457 0.075150
0.398428 0.086078
0.483552 0.140021
0.596047 0.366440
0.598032 0.368988
0.600317 0.371967
0.604804 0.377889
0.609052 0.383577
0.613655 0.389886
0.848297 0.074402
0.855078 0.087289
0.865728 0.109500
0.881997 0.149707
0.898134 0.201212
0.910891 0.258389
0.058099 0.642730
0.073287 0.667606
0.093869 0.697509
0.135608 0.748413
0.185178 0.797663
0.455249 0.229923
0.464467 0.239223
0.473600 0.248600
0.514853 0.292801
0.534156 0.314340
0.422179 0.474527
0.439543 0.485393
0.458822 0.496578
0.496184 0.516900
0.532464 0.536979
0.568074 0.559382
0.551708 0.127997
0.567344 0.139034
0.584026 0.151772
0.596686 0.162190
0.624881 0.188099
0.127365 0.577660
0.130421 0.582309
0.133865 0.587304
0.139881 0.595585
0.145420 0.602696
0.152525 0.611350
0.162855 0.622869
0.166488 0.626648
0.695406 0.186944
0.697579 0.189554
0.700202 0.192767
0.704651 0.198337
0.709500 0.204617
0.714141 0.210847
0.572965 0.674977
0.582378 0.680306
0.589680 0.684880
0.603925 0.695053
0.616562 0.705847
0.655953 0.755657
0.269903 0.577380
0.281546 0.584860
0.294067 0.592122
0.321479 0.605731
0.350837 0.617617
0.380463 0.627613
0.331873 0.399703
0.333955 0.402783
0.336378 0.406246
0.341013 0.412540
0.346126 0.419026
0.351487 0.425373
0.362536 0.437217
0.085566 0.488002
0.089288 0.500310
0.094574 0.515536
0.105909 0.542139
0.119836 0.568159
0.135888 0.592487
0.399084 0.633653
0.408962 0.636456
0.422430 0.640144
0.445502 0.646274
0.489670 0.658270
0.223423 0.697105
0.235154 0.704463
0.252277 0.714245
0.282038 0.729039
0.314962 0.742743
0.348653 0.754525
0.422392 0.775229
0.700706 0.484384
0.703069 0.493712
0.705299 0.503374
0.709146 0.522515
0.712460 0.542920
0.715392 0.565731
0.037532 0.482260
0.040960 0.496874
0.044631 0.510471
0.050751 0.529777
0.067090 0.570565
0.114967 0.649466
0.294053 0.089968
0.297461 0.096035
0.301401 0.102754
0.309232 0.115340
0.318184 0.128668
0.328130 0.142518
0.323876 0.721394
0.329482 0.723367
0.336915 0.725889
0.348111 0.729466
0.361646 0.733618
0.372874 0.736786
0.516608 0.492231
0.526563 0.498754
0.535434 0.504664
0.548438 0.513590
0.576964 0.534880
0.600445 0.555452
0.639050 0.600811
0.714777 0.089767
0.717413 0.092352
0.720492 0.095370
0.726463 0.101439
0.731234 0.106358
0.736974 0.112559
0.595758 0.165387
0.605383 0.173861
0.614138 0.181958
0.631578 0.199314
0.648206 0.217586
0.678099 0.255817
0.699293 0.288953
0.268672 0.259296
0.271334 0.270752
0.273762 0.280886
0.279345 0.302599
0.285740 0.324711
0.293810 0.348416
0.329120 0.415862
0.349452 0.440223
0.427597 -0.023216
0.437679 -0.018397
0.446776 -0.014170
0.467830 -0.004696
0.490595 0.005423
0.511489 0.014925
0.594689 0.059172
0.618011 0.074626
0.787661 0.282158
0.789644 0.287432
0.792717 0.296247
0.796857 0.309194
0.800779 0.323285
0.758859 0.248590
0.772780 0.277608
0.782556 0.302741
0.791527 0.332606
0.798196 0.363487
0.804271 0.481598
0.338451 0.634763
0.365803 0.644068
0.401612 0.654413
0.446719 0.665963
0.492840 0.677909
0.535688 0.691429
0.625707 0.745931
0.645700 0.770233
0.483414 0.068942
0.488256 0.071431
0.493840 0.074316
0.504711 0.080068
0.515129 0.085703
0.525033 0.091275
0.545758 0.103531
0.557457 0.110943
0.754082 0.056924
0.756725 0.059557
0.759977 0.062898
0.766339 0.069581
0.771140 0.074834
0.617163 0.165582
0.621994 0.170021
0.631069 0.178676
0.641929 0.189639
0.663834 0.214026
0.680679 0.235299
-0.014602 0.456337
-0.009962 0.483843
-0.001889 0.518548
0.016139 0.573581
0.038904 0.624210
0.068561 0.675603
0.179971 0.809471
0.220725 0.846344
0.275258 0.888581
0.052147 0.312868
0.050952 0.323534
0.049679 0.337590
0.048355 0.361027
0.047973 0.385165
0.049064 0.413399
0.750595 -0.010196
0.757013 -0.004800
0.764085 0.001347
0.778479 0.014941
0.800619 0.039182
0.814928 0.057522
0.852547 0.119968
0.409114 0.248761
0.414035 0.254784
0.420456 0.262653
0.428902 0.272936
0.462693 0.313251
0.039409 0.500444
0.043549 0.515188
0.051428 0.539155
0.064351 0.570676
0.080736 0.602795
0.100067 0.633694
0.122678 0.663670
0.171225 0.713673
0.200564 0.737338
0.237382 0.762312
0.287303 0.112227
0.290636 0.119101
0.294086 0.125947
0.297301 0.132107
0.306380 0.148683
0.323946 0.178167
0.714287 0.250062
0.721000 0.261043
0.725931 0.269602
0.737480 0.291803
0.747194 0.313829
0.755462 0.336251
0.762439 0.359603
0.457256 0.083582
0.470157 0.090613
0.478444 0.095185
0.553070 0.141559
0.596711 0.176442
0.632724 0.211973
0.074763 0.469719
0.075867 0.474512
0.077015 0.479184
0.079736 0.489656
0.085929 0.509487
0.095196 0.533569
0.099491 0.543117
0.104542 0.553470
0.164024 0.528644
0.166925 0.533343
0.169268 0.536996
0.174655 0.544900
0.180770 0.553186
0.186088 0.559823
0.353557 0.690336
0.381161 0.698194
0.409243 0.705329
0.462788 0.717956
0.511450 0.730626
0.553584 0.745099
0.024003 0.472453
0.030450 0.501834
0.040809 0.536450
0.050521 0.562315
0.061013 0.585744
0.590966 -0.043795
0.594637 -0.041877
0.598263 -0.039975
0.605687 -0.035979
0.613557 -0.031617
0.620621 -0.027601
0.639809 -0.016080
0.153024 0.439195
0.156440 0.451931
0.160683 0.465178
0.170882 0.490324
0.182730 0.512577
0.197404 0.534267
0.658280 0.270576
0.665994 0.281672
0.674818 0.295223
0.689230 0.319833
0.702181 0.345677
0.713188 0.371936
0.729723 0.426716
0.591371 0.564468
0.605247 0.577104
0.617610 0.589791
0.638621 0.616151
0.656148 0.645024
0.669525 0.674044
0.354541 0.671206
0.366820 0.674893
0.386594 0.680429
0.420435 0.688930
0.454060 0.696922
0.487648 0.705214
0.543532 0.722428
0.566998 0.732340
0.586711 0.742815
0.603101 0.753690
0.673587 0.217362
0.689642 0.238414
0.705108 0.261445
0.717943 0.283346
0.729271 0.305633
0.757634 0.390385
0.762313 0.416285
0.197757 0.257361
0.197690 0.264262
0.197631 0.275533
0.197710 0.289334
0.198809 0.323048
0.201242 0.352508
0.205805 0.383064
0.266864 0.223025
0.267476 0.225629
0.268373 0.229372
0.270062 0.236288
0.271926 0.243894
0.280529 0.277337
0.480285 0.005633
0.488993 0.009537
0.499520 0.014312
0.517576 0.022696
0.537520 0.032415
0.555802 0.041894
0.578810 0.054829
0.593081 0.063530
0.613246 0.076860
0.630165 0.089102
0.646717 0.102129
0.377247 0.388152
0.384583 0.397011
0.392487 0.405835
0.409381 0.422647
0.427707 0.438460
0.446061 0.452495
0.507011 0.492654
0.163264 0.598976
0.165865 0.601929
0.169324 0.605755
0.175731 0.612501
0.182974 0.619653
0.190236 0.626380
0.216721 0.647705
0.226514 0.654511
0.277331 0.122093
0.279828 0.128338
0.283758 0.137818
0.290978 0.154287
0.298284 0.170069
0.306308 0.186639
0.314451 0.202919
0.323260 0.220073
0.332359 0.237472
0.342057 0.255635
0.352070 0.273928
0.195603 0.588378
0.206026 0.598261
0.220064 0.610138
0.253663 0.633326
0.316066 0.663549
0.105240 0.335427
0.104523 0.348519
0.104133 0.362160
0.104493 0.388168
0.110021 0.439418
0.481698 0.189424
0.486353 0.193271
0.492170 0.198154
0.500972 0.205735
0.518645 0.221685
0.534430 0.236800
0.550617 0.253274
0.584568 0.291296
0.613610 0.328232
0.617895 0.271375
0.622515 0.277184
0.630798 0.288014
0.638483 0.298561
0.658279 0.328439
0.672520 0.353115
0.686078 0.380395
0.452526 0.628574
0.465647 0.632306
0.480173 0.636530
0.503415 0.643687
0.544858 0.658884
0.581516 0.677251
0.608688 0.696381
0.055051 0.219554
0.052300 0.232183
0.049558 0.245497
0.044659 0.272166
0.040760 0.297983
0.037610 0.325424
0.035100 0.397346
0.040116 0.452376
0.371918 0.135529
0.375738 0.139009
0.379324 0.142241
0.387625 0.149605
0.395954 0.156915
0.403936 0.163849
0.424956 0.182150
0.433794 0.189908
0.442159 0.197377
0.774045 0.097949
0.776623 0.101054
0.779211 0.104235
0.784840 0.111370
0.789143 0.116983
0.798860 0.130451
0.804771 0.139263
0.810314 0.147987
0.044779 0.439647
0.045484 0.445302
0.046154 0.449836
0.047995 0.460929
0.050023 0.471874
0.052576 0.483579
0.058584 0.506406
0.061378 0.515308
0.065125 0.526522
0.257759 0.512312
0.266246 0.520836
0.280019 0.532951
0.328310 0.564353
0.438716 0.606517
0.468742 0.615689
0.497821 0.624959
0.610294 0.153060
0.616755 0.158673
0.623953 0.165171
0.634182 0.174862
0.658190 0.199971
0.679092 0.225105
0.697291 0.250303
0.715315 0.279593
0.731339 0.176575
0.733484 0.179358
0.735550 0.182070
0.740104 0.188218
0.744787 0.194795
0.590774 0.022689
0.602818 0.029788
0.616691 0.038457
0.642219 0.055938
0.686999 0.092257
0.039094 0.614448
0.042055 0.620413
0.044841 0.625681
0.051570 0.638150
0.065846 0.662418
-0.029758 0.331870
-0.030114 0.350936
-0.030133 0.374301
-0.028611 0.410904
-0.019528 0.481202
-0.003117 0.545754
0.908620 0.198869
0.915989 0.231838
0.924349 0.281591
0.931958 0.377726
0.913304 0.635069
0.082073 0.695483
0.098575 0.718118
0.116014 0.740196
0.156739 0.785984
0.201018 0.828695
0.254546 0.873136
0.366845 0.945952
0.418733 0.973774
0.467252 0.998582
0.252642 0.297031
0.253752 0.303200
0.255895 0.314286
0.257975 0.324194
0.264941 0.352113
0.284420 0.403666
0.298761 0.428716
0.188617 0.217717
0.188262 0.223438
0.187847 0.230581
0.187197 0.242122
0.186094 0.266338
0.185572 0.322390
0.188681 0.367959
0.198886 0.420520
0.039526 0.521751
0.041361 0.527427
0.046123 0.541355
0.051690 0.555938
0.066583 0.589138
0.102850 0.648775
0.143265 0.697248
0.173649 0.726035
0.204073 0.750454
0.176623 0.682207
0.195344 0.697445
0.221312 0.715884
0.271774 0.744455
0.382238 0.786047
0.110053 0.448067
0.112246 0.458123
0.114996 0.468956
0.121258 0.489327
0.136872 0.526172
0.188104 0.597055
0.278317 0.410449
0.284818 0.422613
0.292141 0.434513
0.308561 0.456297
0.347307 0.492188
0.399854 0.523999
0.432410 0.539169
0.457552 0.549820
0.651996 -0.017149
0.658896 -0.012686
0.664163 -0.009176
0.676819 -0.000410
0.701233 0.017875
0.725167 0.037728
0.735854 0.047307
0.760902 0.141906
0.763278 0.144970
0.766054 0.148622
0.770904 0.155202
0.782644 0.172147
0.795005 0.192238
0.602779 0.318865
0.604950 0.321682
0.607363 0.324865
0.611917 0.330969
0.616389 0.337076
0.625206 0.349551
0.634956 0.364073
0.537804 0.577744
0.554286 0.586608
0.571599 0.597035
0.600181 0.617941
0.642155 0.663909
0.331034 0.890949
0.356692 0.904055
0.386708 0.918450
0.437234 0.941252
0.578621 1.013998
0.625571 1.053279
0.334186 0.364832
0.336791 0.369419
0.340072 0.374947
0.345164 0.383023
0.357669 0.400590
0.387370 0.433082
0.099065 0.678315
0.110003 0.692508
0.123907 0.709319
0.150626 0.738072
0.215505 0.793821
0.584993 0.148456
0.594008 0.155743
0.603333 0.163644
0.620894 0.179658
0.635498 0.194214
0.664585 0.227270
0.685440 0.255294
0.707180 0.290263
0.493066 0.094330
0.500566 0.098507
0.508380 0.102983
0.520522 0.110157
0.548941 0.128287
0.572953 0.145519
0.597840 0.165636
0.466268 0.313269
0.475873 0.324246
0.487439 0.337186
0.510129 0.361731
0.533885 0.386518
0.044492 0.220999
0.042818 0.228890
0.040822 0.238600
0.037778 0.254545
0.033166 0.282286
0.026360 0.345969
0.743798 0.101538
0.748846 0.107057
0.755373 0.114449
0.764883 0.125800
0.783872 0.151019
0.814997 0.203419
0.506698 0.582916
0.518473 0.587890
0.533123 0.594463
0.549365 0.602418
0.585777 0.624142
0.636423 0.672173
0.531947 0.241711
0.538926 0.248758
0.544638 0.254672
0.556014 0.266824
0.579696 0.293757
0.023525 0.423754
0.026386 0.449266
0.028886 0.465236
0.036739 0.501723
0.064161 0.577458
0.644904 -0.075832
0.653190 -0.071375
0.663733 -0.065506
0.684167 -0.053548
0.713096 -0.035149
0.778598 0.018100
0.795096 0.035862
0.082708 0.135547
0.080215 0.144673
0.077647 0.154270
0.071868 0.176433
0.059145 0.230069
0.046316 0.302260
0.041223 0.363251
0.437027 0.621333
0.454217 0.626247
0.470806 0.631037
0.503528 0.641062
0.561374 0.663857
0.609489 0.694650
0.626214 0.710361
0.541315 0.313797
0.542651 0.315317
0.544138 0.317014
0.546359 0.319556
0.551058 0.324956
0.763824 0.517870
0.762945 0.542464
0.761533 0.565136
0.758340 0.600934
0.748883 0.683399
0.017216 0.214257
0.015437 0.224226
0.013382 0.235778
0.009808 0.257552
0.004883 0.294809
0.000030 0.368640
0.006145 0.459641
0.012736 0.494553
0.024573 0.537712
0.325876 0.497327
0.333279 0.503018
0.343108 0.509964
0.354632 0.517359
0.385653 0.534297
0.452228 0.562524
0.520096 0.589405
-0.016981 0.442629
-0.014019 0.464106
-0.010064 0.486057
-0.002856 0.517020
0.013737 0.568935
0.596412 0.120333
0.604155 0.126173
0.611597 0.132035
0.628890 0.146588
0.657419 0.173811
0.693438 0.215528
0.716586 0.248718
0.667451 0.244515
0.671534 0.250010
0.676101 0.256365
0.683450 0.267081
0.696877 0.288554
0.720037 0.334195
0.736656 0.380383
0.747635 0.428501
0.716223 0.132519
0.725579 0.142936
0.736844 0.156262
0.755513 0.180846
0.785677 0.230358
0.353570 0.186745
0.359251 0.194029
0.366182 0.202859
0.379514 0.219717
0.425595 0.277572
0.438363 0.293288
0.471344 0.332109
0.078626 0.482127
0.079687 0.486043
0.081233 0.491528
0.084449 0.502252
0.087771 0.512059
0.404601 0.164755
0.409297 0.168870
0.431222 0.188003
0.465033 0.218770
0.521174 0.275478
0.875268 0.135042
0.877575 0.141008
0.880325 0.148284
0.885525 0.163000
0.896206 0.197829
0.902188 0.221122
0.257000 0.152501
0.258216 0.157575
0.259777 0.163873
0.261774 0.171857
0.266725 0.190988
0.277848 0.231747
0.290824 0.275925
0.446806 0.431429
0.449733 0.433795
0.453044 0.436431
0.459318 0.441321
0.473114 0.451628
0.553977 0.091199
0.565367 0.098275
0.575247 0.104714
0.598349 0.121033
0.637676 0.153720
0.677521 0.195011
0.709305 0.236539
0.516362 0.685487
0.534453 0.691588
0.543718 0.695051
0.569071 0.706200
0.607111 0.730008
0.682740 -0.036283
0.689902 -0.031645
0.701176 -0.023992
0.716176 -0.013253
0.750075 0.013924
0.067120 0.395507
0.067312 0.400211
0.067625 0.406267
0.068358 0.416505
0.070706 0.437889
0.074009 0.458096
0.078359 0.477978
0.837937 0.098897
0.847062 0.115547
0.854554 0.130578
0.871497 0.170629
0.897974 0.266173
0.909986 0.431605
0.507571 0.485953
0.522024 0.495392
0.535829 0.504555
0.561845 0.522869
0.605588 0.560183
0.060201 0.639898
0.070312 0.656802
0.081397 0.673840
0.105471 0.706870
0.166884 0.774353
0.239502 0.834503
0.288266 0.866652
0.333102 0.892026
0.810666 0.277482
0.819283 0.306335
0.820996 0.313128
0.828699 0.353783
0.833526 0.440055
0.824487 0.542746
0.816096 0.593217
0.787010 0.107620
0.794697 0.117753
0.804631 0.131987
0.820442 0.157703
0.849942 0.222042
0.872960 0.313537
0.120288 0.734556
0.131832 0.747958
0.146267 0.763674
0.171315 0.788892
0.200456 0.815316
0.236456 0.844474
0.267348 0.866689
0.306807 0.892043
0.342916 0.912791
0.107236 0.567497
0.110900 0.573917
0.116227 0.582705
0.125474 0.596693
0.145430 0.622535
0.206125 0.678622
0.267745 0.715745
0.305981 0.732737
0.344752 0.746599
0.710653 0.286629
0.712682 0.290338
0.714630 0.294010
0.717256 0.298950
0.735584 0.340318
0.378782 0.647732
0.397685 0.653064
0.417444 0.658288
0.457694 0.668416
0.528769 0.688723
0.683718 0.240036
0.689595 0.248290
0.696709 0.258877
0.708163 0.277395
0.729395 0.319044
0.554325 0.233765
0.558613 0.238080
0.564205 0.243835
0.570431 0.250409
0.616485 0.305201
0.421977 -0.080832
0.428465 -0.077702
0.436477 -0.073977
0.454449 -0.065976
0.545826 -0.026122
0.566305 -0.016197
0.581318 0.411198
0.592633 0.424376
0.602127 0.435850
0.619441 0.458218
0.652370 0.510123
0.756305 0.151236
0.761925 0.158667
0.767841 0.166879
0.776616 0.179728
0.793026 0.206918
0.636766 1.092408
0.641906 1.098227
0.646654 1.103856
0.654907 1.113999
0.667359 1.132450
0.480843 0.686224
0.501061 0.691692
0.523233 0.698467
0.558125 0.711604
0.608031 0.741013
0.645780 0.780884
0.658572 0.802355
0.054312 0.317054
0.052505 0.335279
0.051408 0.352031
0.050688 0.387321
0.057204 0.458244
0.098622 0.232591
0.096408 0.243300
0.093878 0.256253
0.090040 0.277930
0.083618 0.327449
0.081334 0.376804
0.084388 0.427750
0.279161 0.659737
0.296472 0.667699
0.316856 0.675916
0.354990 0.688834
0.541442 0.738448
0.568107 0.749554
0.148651 0.746188
0.153940 0.751594
0.159096 0.756619
0.168168 0.765099
0.190857 0.785224
0.094261 0.446585
0.097602 0.463002
0.100873 0.476027
0.112067 0.510000
0.143383 0.569395
0.658239 0.258697
0.663205 0.265512
0.667971 0.272293
0.676283 0.284793
0.691515 0.310153
0.720801 0.087605
0.723257 0.090018
0.726218 0.092972
0.732140 0.099053
0.742835 0.110469
0.569228 0.323169
0.571639 0.326058
0.573946 0.328836
0.578918 0.334883
0.588111 0.346292
0.813732 0.167813
0.816813 0.173212
0.822401 0.183774
0.830129 0.199722
0.844835 0.236385
0.871839 0.398854
0.870361 0.459941
0.479278 0.645625
0.491812 0.649282
0.506735 0.653886
0.523884 0.659658
0.565652 0.677136
0.620497 0.715122
0.632042 0.188599
0.636195 0.192836
0.642961 0.199992
0.649075 0.206699
0.662977 0.222962
0.689298 0.258420
0.709545 0.291691
0.726883 0.327261
0.355863 0.906032
0.381942 0.918727
0.411862 0.932599
0.465410 0.956672
0.552484 1.000512
0.645633 0.144197
0.649090 0.147401
0.653155 0.151239
0.658498 0.156435
0.670764 0.168931
0.693264 0.194411
0.174988 0.212859
0.173902 0.223529
0.172631 0.236556
0.170480 0.261253
0.167807 0.309756
0.168586 0.361316
0.145503 0.120196
0.143770 0.128392
0.141310 0.140321
0.137334 0.158342
0.128491 0.199879
0.119583 0.245200
0.114103 0.278466
0.112122 0.292878
0.243275 0.289603
0.244104 0.295267
0.245056 0.301500
0.246880 0.312657
0.252168 0.339626
0.215767 0.361552
0.217769 0.372720
0.219889 0.382774
0.230770 0.419890
0.245969 0.452954
0.517379 0.208861
0.525021 0.215747
0.533263 0.223410
0.548798 0.238558
0.583523 0.276088
0.611047 0.310071
0.624132 0.327897
0.636507 0.345960
0.722340 0.235185
0.727966 0.244069
0.733818 0.253847
0.744149 0.272764
0.763015 0.316394
0.777395 0.366976
0.785010 0.417464
0.802095 0.237121
0.806643 0.247453
0.811723 0.260205
0.820566 0.286288
0.834622 0.351703
0.839294 0.418198
0.410578 -0.000764
0.416153 0.002194
0.422496 0.005476
0.434926 0.011668
0.463182 0.025062
0.492058 0.038595
0.835342 0.056127
0.844059 0.070652
0.852350 0.085911
0.867420 0.117447
0.897653 0.204608
0.918922 0.327828
0.922161 0.414471
-0.022237 0.393063
-0.021281 0.413659
-0.019522 0.433818
-0.014956 0.467281
-0.000579 0.530922
0.017773 0.583060
0.044672 0.639342
0.446826 0.964097
0.471826 0.975966
0.487130 0.983373
0.524796 1.002574
0.582306 1.037956
0.621971 1.070439
0.648540 1.100236
0.626462 0.505551
0.633560 0.515687
0.641955 0.528705
0.656093 0.554023
0.677149 0.605000
0.685248 0.632286
0.691604 0.659226
0.697427 0.690595
0.698452 0.190830
0.708272 0.203214
0.716505 0.214337
0.734581 0.241676
0.762424 0.296830
0.781707 0.358841
0.788121 0.395761
0.107534 0.525482
0.109612 0.530215
0.111793 0.534979
0.116147 0.543805
0.125527 0.560892
0.139443 0.582393
0.385140 0.031925
0.393655 0.037316
0.402311 0.042526
0.419161 0.052166
0.457753 0.072721
0.499194 0.094955
0.542707 0.121078
0.790707 0.103010
0.795480 0.109255
0.801556 0.117735
0.809011 0.128613
0.827668 0.159987
0.766668 0.082952
0.769360 0.085973
0.772215 0.089248
0.777113 0.094982
0.782901 0.102103
-0.028936 0.386338
-0.027763 0.410328
-0.025570 0.434390
-0.019058 0.478596
0.002619 0.559471
0.018803 0.600412
0.035487 0.634624
0.060315 0.677510
0.079005 0.705613
0.736054 0.028000
0.738744 0.030373
0.742092 0.033381
0.747845 0.038675
0.759182 0.049597
0.770874 0.061692
0.680535 0.052087
0.683653 0.054673
0.687294 0.057663
0.693073 0.062536
0.705159 0.073188
0.716170 0.083448
0.728334 0.095472
0.873344 0.250983
0.878507 0.272948
0.883093 0.297122
0.889849 0.353927
0.888264 0.484861
0.874755 0.590272
0.856161 0.687187
0.189055 0.544695
0.197982 0.555637
0.209733 0.568336
0.236940 0.592308
0.298819 0.629377
0.798694 0.420911
0.799332 0.435079
0.799657 0.451578
0.799225 0.475746
0.794493 0.539120
0.571977 0.039541
0.583416 0.046096
0.594591 0.052827
0.704382 0.142750
0.724986 0.166357
0.513658 0.219472
0.526579 0.231668
0.539164 0.244119
0.563574 0.269983
0.664096 0.412256
0.035935 0.557318
0.038032 0.562599
0.040608 0.569133
0.045655 0.581036
0.050762 0.592111
0.803623 0.170978
0.809605 0.181293
0.814852 0.191053
0.826824 0.216186
0.846226 0.271080
0.859029 0.333558
0.862769 0.369934
0.864267 0.415611
0.700599 0.222172
0.706631 0.230585
0.712860 0.239785
0.724430 0.258217
0.749440 0.308335
0.194486 0.652462
0.210934 0.665089
0.228870 0.677386
0.268328 0.699573
0.357190 0.733747
0.633418 0.736797
0.642529 0.748411
0.651588 0.762078
0.659893 0.776723
0.674871 0.811230
0.782958 0.419842
0.783898 0.431592
0.784574 0.443645
0.785157 0.469704
0.782880 0.526774
0.683772 0.162963
0.691041 0.170967
0.698398 0.179418
0.712623 0.196984
0.738006 0.233622
0.754154 0.262168
0.772337 0.303698
0.292209 0.074696
0.294131 0.078166
0.296287 0.081979
0.299872 0.088071
0.307208 0.099776
0.868747 0.186129
0.877901 0.213668
0.886305 0.244674
0.899440 0.319540
0.898685 0.508247
0.881557 0.630736
0.107482 0.277311
0.105112 0.293674
0.103385 0.307772
0.100481 0.341097
0.119805 0.494885
0.596693 0.091729
0.610896 0.101823
0.625691 0.113079
0.652193 0.135609
0.700400 0.186128
0.071218 0.591265
0.083239 0.612937
0.099212 0.637814
0.130978 0.678399
0.221780 0.757291
0.331281 0.814221
0.398714 0.838594
0.448536 0.854546
0.307744 0.549212
0.311428 0.551475
0.315987 0.554245
0.325159 0.559461
0.343900 0.568983
0.365866 0.578654
0.375972 0.582660
0.386054 0.586439
0.692075 0.101112
0.699273 0.107936
0.715965 0.124849
0.723305 0.132789
0.748366 0.162731
0.780096 0.210100
0.470736 0.079270
0.480648 0.084548
0.488696 0.088882
0.507101 0.099117
0.542876 0.120861
0.568615 0.138644
0.601867 0.165210
0.301605 0.133024
0.303864 0.137014
0.307167 0.142743
0.310288 0.148044
0.319172 0.162554
0.356533 0.218735
0.367596 0.234723
0.378882 0.250887
0.674649 0.426814
0.679867 0.438947
0.684837 0.451546
0.693481 0.476819
0.706361 0.529249
0.714468 0.586924
0.717056 0.620326
0.718232 0.643112
0.754192 0.197562
0.758100 0.203553
0.764384 0.213509
0.771975 0.226537
0.788280 0.259484
0.236804 0.637244
0.250680 0.645904
0.270776 0.657003
0.309579 0.674510
0.389447 0.699821
0.429957 0.709710
0.044509 0.577006
0.052647 0.594844
0.067377 0.622859
0.094142 0.664943
0.169207 0.749094
0.505441 0.272988
0.513554 0.281774
0.521932 0.290935
0.539388 0.310446
0.597267 0.379681
0.623614 0.415480
0.457880 0.494839
0.474617 0.504143
0.486528 0.510605
0.511435 0.524138
0.624239 0.608323
0.826963 0.012502
0.830406 0.017564
0.837560 0.028534
0.845353 0.041376
0.860273 0.069455
0.891043 0.144207
0.302447 0.283271
0.306003 0.293170
0.309867 0.303525
0.315931 0.318800
0.343538 0.373884
0.357053 0.393837
0.387348 0.428192
0.096090 0.688760
0.109027 0.705504
0.122603 0.721987
0.153917 0.755842
0.222315 0.814920
0.288994 0.859114
0.333711 0.883582
0.381397 0.846997
0.403273 0.854755
0.432575 0.864652
0.477366 0.879891
0.555602 0.912437
0.601964 0.942620
0.630553 0.969814
0.640385 0.982113
0.797121 0.139885
0.803589 0.149709
0.810970 0.161746
0.823421 0.184441
0.862316 0.299536
0.822200 0.232759
0.827647 0.246625
0.833562 0.263876
0.842947 0.298048
0.854194 0.375261
0.855586 0.422272
0.853978 0.463929
0.711731 0.503631
0.714512 0.519605
0.716493 0.533109
0.720274 0.567557
0.723338 0.628884
0.723573 0.662975
0.756431 0.185896
0.760396 0.191721
0.771716 0.209518
0.787979 0.239638
0.809130 0.293282
0.820610 0.340333
0.151741 0.571735
0.154593 0.575622
0.157357 0.579226
0.163745 0.587255
0.176927 0.602087
0.184672 0.609967
0.439353 -0.088289
0.443430 -0.086448
0.448463 -0.084245
0.456675 -0.080668
0.473389 -0.073523
0.512512 -0.056978
0.506953 0.167746
0.511437 0.171151
0.517025 0.175426
0.522438 0.179679
0.541314 0.195289
0.573825 0.225497
0.107177 0.398304
0.107734 0.405307
0.108666 0.414824
0.109717 0.423254
0.115423 0.454835
0.133825 0.510430
0.448600 0.189255
0.454732 0.194519
0.458708 0.197968
0.464125 0.202726
0.479643 0.216707
0.508114 0.244003
0.535333 0.272290
0.562230 0.302419
0.754178 0.086164
0.757351 0.089581
0.760501 0.093067
0.764650 0.097763
0.774888 0.109909
0.576419 0.783206
0.589917 0.790957
0.602709 0.799629
0.626934 0.820828
0.661462 0.870703
0.684649 0.934882
0.689281 0.958131
0.913195 0.125676
0.918848 0.146577
0.924941 0.171586
0.934049 0.215472
0.948699 0.336641
0.930822 0.666425
0.690181 -0.088268
0.696789 -0.084881
0.760669 -0.046417
0.795761 -0.015058
0.814337 0.006476
0.831831 0.030930
0.329725 0.192034
0.332961 0.197237
0.337154 0.203921
0.344564 0.215608
0.360323 0.240085
0.373110 0.259610
0.161158 0.190248
0.160045 0.197530
0.157026 0.218161
0.147678 0.298654
0.145732 0.354396
0.152483 0.423334
0.019038 0.356352
0.018563 0.379153
0.019089 0.403791
0.022446 0.443712
0.062334 0.581543
0.397463 0.198876
0.402378 0.204034
0.406904 0.208805
0.415187 0.217560
0.432409 0.235992
0.059728 0.259335
0.056515 0.277459
0.053401 0.297790
0.048925 0.338708
0.048742 0.418332
0.089411 0.566909
0.425778 0.230916
0.430578 0.236116
0.435526 0.241506
0.443825 0.250604
0.461373 0.270057
0.497323 0.310301
0.532040 0.348880
0.754361 0.307025
0.755799 0.310686
0.757322 0.314635
0.760268 0.322678
0.773180 0.368071
0.230865 0.645580
0.244242 0.654099
0.259358 0.662761
0.288528 0.677154
0.355574 0.701673
0.398946 0.713446
0.448252 0.725184
0.198850 0.201753
0.198620 0.208492
0.198382 0.215571
0.197937 0.230319
0.197303 0.259813
0.197185 0.275113
0.197209 0.286582
0.197455 0.301496
0.198055 0.318211
0.069248 0.275275
0.067028 0.288841
0.065215 0.301368
0.061977 0.329983
0.059659 0.383739
0.064069 0.443265
0.285346 0.592598
0.298759 0.599936
0.312385 0.606657
0.335636 0.616632
0.392921 0.635964
0.419006 0.308419
0.421311 0.311415
0.424633 0.315701
0.428823 0.320997
0.438203 0.332558
0.732124 0.226268
0.736681 0.233419
0.741615 0.241528
0.749596 0.255718
0.767276 0.293210
0.796535 0.449346
0.124813 0.171597
0.122720 0.180693
0.120172 0.191811
0.114591 0.217364
0.105072 0.266724
0.099567 0.304357
0.095363 0.359747
0.073521 0.672817
0.078325 0.680056
0.081017 0.684053
0.088153 0.694195
0.117915 0.732713
0.136049 0.753606
0.355160 0.453137
0.358287 0.456015
0.361715 0.459061
0.368288 0.464623
0.382000 0.475192
0.580530 0.006925
0.585666 0.009732
0.591086 0.012761
0.600421 0.018139
0.623170 0.032216
0.658572 0.057267
0.694571 0.087370
0.709622 0.101596
0.544535 0.104998
0.556702 0.112732
0.569252 0.121167
0.588344 0.135024
0.607227 0.150119
0.625540 0.166287
0.660792 0.202519
0.339087 0.172521
0.344473 0.179826
0.349743 0.186860
0.362402 0.203518
0.386520 0.234805
0.546642 0.173433
0.549489 0.175722
0.552424 0.178117
0.558569 0.183232
0.565292 0.189007
0.558346 -0.103837
0.563411 -0.101550
0.572367 -0.097527
0.583986 -0.092156
0.606333 -0.081343
0.653489 -0.056007
0.696390 -0.029195
0.714822 -0.016342
0.469896 0.427052
0.482234 0.436993
0.495895 0.447571
0.522347 0.467394
0.569175 0.503670
0.697478 0.324569
0.699079 0.327761
0.701030 0.331697
0.703744 0.337328
0.709408 0.349909
0.661806 0.207185
0.668063 0.214597
0.675900 0.224308
0.686582 0.238463
0.709291 0.273077
0.727075 0.306593
0.735235 0.325126
0.742136 0.343228
0.519274 -0.034736
0.527878 -0.030904
0.538538 -0.026032
0.554451 -0.018506
0.590137 -0.000133
0.613512 0.013402
0.150150 0.526676
0.152391 0.530675
0.155177 0.535438
0.160250 0.543591
0.181940 0.572544
0.171788 0.696012
0.176227 0.699920
0.181083 0.704010
0.190555 0.711603
0.200179 0.718978
0.392009 0.293873
0.395386 0.298757
0.399058 0.303996
0.405688 0.313245
0.419652 0.331769
0.590730 0.322851
0.592641 0.325264
0.594927 0.328169
0.599624 0.334234
0.608842 0.346458
0.576769 -0.023134
0.586931 -0.017844
0.601694 -0.009772
0.625473 0.004325
0.649648 0.020153
0.127526 0.309837
0.126732 0.319706
0.126013 0.331054
0.125415 0.345627
0.125647 0.379512
0.135233 0.449364
0.413763 0.177700
0.420583 0.183806
0.428626 0.191001
0.441611 0.202828
0.470213 0.229937
0.491286 0.251008
0.519501 0.280834
0.357505 0.143757
0.364600 0.151086
0.372685 0.159270
0.388888 0.175313
0.418515 0.204403
0.445957 0.232050
0.462768 0.249557
0.479769 0.267711
0.508268 0.142570
0.511467 0.144737
0.514791 0.147017
0.522050 0.152102
0.537189 0.163195
0.544616 0.168912
0.556856 0.178770
0.284068 0.719927
0.298804 0.726268
0.316007 0.733019
0.342522 0.742253
0.401395 0.759231
0.509760 0.787267
0.569954 0.810318
0.612792 0.838372
0.622895 0.847750
0.110834 0.201526
0.109401 0.207773
0.107214 0.217695
0.104049 0.232515
0.098457 0.261185
0.089596 0.324265
0.087157 0.372101
0.088415 0.408405
0.290200 0.126529
0.293566 0.133383
0.297439 0.141011
0.306157 0.157366
0.324305 0.188967
0.335140 0.206909
0.135654 0.780589
0.160767 0.808799
0.185727 0.834825
0.247541 0.894215
0.312846 0.947457
0.386957 0.998370
0.465270 1.045190
0.019953 0.629692
0.035907 0.658602
0.056964 0.692315
0.093009 0.742249
0.184326 0.853410
0.270075 0.951038
0.700324 0.058498
0.705157 0.062756
0.710334 0.067371
0.719460 0.075821
0.737123 0.093332
0.790885 0.160009
0.804193 0.181652
0.817289 0.206614
0.501022 0.052883
0.509235 0.056974
0.518434 0.061692
0.532555 0.069131
0.561333 0.085633
0.648565 0.092325
0.664042 0.105316
0.676478 0.116475
0.701888 0.141740
0.746587 0.196892
0.768373 0.231972
0.784192 0.264167
0.039545 0.205650
0.037361 0.215970
0.032892 0.238117
0.018895 0.345230
0.021385 0.440166
0.725917 0.209636
0.728560 0.213457
0.731510 0.217790
0.736710 0.225690
0.747186 0.242924
0.754400 0.256022
0.762370 0.271993
0.487858 0.091628
0.496906 0.096644
0.508481 0.103244
0.602703 0.170146
0.629553 0.195786
0.622677 0.015561
0.631794 0.021391
0.641129 0.027634
0.657557 0.039315
0.691452 0.066309
0.716635 0.089323
0.605007 1.009410
0.615665 1.018655
0.624268 1.027292
0.639220 1.043947
0.660535 1.075225
0.674938 1.102284
0.060643 0.441527
0.063394 0.458615
0.068235 0.481498
0.079801 0.519834
0.111488 0.585500
0.209125 0.147239
0.209078 0.163218
0.209041 0.173064
0.209025 0.190372
0.211954 0.313367
0.481662 0.080015
0.490036 0.084455
0.505578 0.092939
0.520008 0.101168
0.556555 0.124125
0.599617 0.360851
0.601818 0.363749
0.604375 0.367145
0.608812 0.373091
0.616763 0.384066
0.084452 0.269495
0.082607 0.280341
0.081239 0.289136
0.078057 0.312483
0.074443 0.357933
0.074183 0.389143
0.077896 0.435577
0.444017 0.055797
0.450189 0.058950
0.457526 0.062705
0.470081 0.069114
0.495726 0.082497
0.519486 0.095623
0.084820 0.201643
0.082563 0.211114
0.079943 0.222449
0.075727 0.241793
0.066905 0.290223
0.062375 0.326109
0.059730 0.372189
0.492659 -0.008016
0.500040 -0.004765
0.506906 -0.001693
0.522229 0.005300
0.554772 0.021155
0.581839 0.035817
0.611864 0.054207
0.135822 0.371578
0.136219 0.379863
0.136990 0.390737
0.139015 0.409383
0.142822 0.432000
0.151968 0.466418
0.454172 0.977329
0.474656 0.987359
0.495207 0.997673
0.531682 1.017021
0.587497 1.052671
0.474203 0.164225
0.480908 0.169238
0.489508 0.175756
0.500677 0.184529
0.525752 0.205596
0.452189 0.018206
0.460189 0.021936
0.470986 0.026962
0.487132 0.034507
0.531336 0.056238
0.560225 0.072154
0.731355 -0.000065
0.735091 0.002962
0.739582 0.006639
0.747103 0.013053
0.760340 0.024967
0.787856 0.053438
0.810019 0.081224
0.296675 0.173576
0.300752 0.182395
0.304344 0.190013
0.312504 0.206926
0.343728 0.268483
0.364080 0.305244
0.804478 0.054994
0.806940 0.058150
0.810262 0.062522
0.815366 0.069479
0.820421 0.076721
0.825618 0.084513
0.830458 0.092184
0.297279 0.165299
0.300190 0.171360
0.303232 0.177598
0.308517 0.188222
0.319790 0.210213
0.344852 0.257069
0.366692 0.295420
0.399611 0.345254
0.550929 -0.017606
0.563769 -0.011311
0.578649 -0.003654
0.598655 0.007391
0.646853 0.038174
0.688919 0.071191
0.504112 0.211603
0.508079 0.215173
0.512313 0.219040
0.519320 0.225570
0.534120 0.239945
0.560772 0.267820
0.605881 0.321936
0.190880 0.279119
0.190772 0.291056
0.190824 0.302941
0.196302 0.377237
0.204559 0.415643
0.212566 0.439611
0.417950 0.217441
0.424874 0.224739
0.433322 0.233712
0.448722 0.250309
0.481525 0.286474
0.502371 0.309725
0.518551 0.327764
0.534742 0.345798
0.762738 0.272513
0.764106 0.275478
0.765888 0.279514
0.768725 0.286050
0.774168 0.299802
0.779208 0.314170
0.290283 0.736761
0.313568 0.746307
0.330190 0.752447
0.382148 0.768786
0.472258 0.792398
0.304426 0.723873
0.311009 0.726428
0.318167 0.729148
0.330904 0.733700
0.355583 0.741682
0.128922 0.780070
0.143532 0.797364
0.161814 0.818270
0.185568 0.844291
0.249866 0.909761
0.379866 1.017242
0.579077 -0.054833
0.587106 -0.050826
0.593434 -0.047587
0.610338 -0.038554
0.637824 -0.022616
0.679841 0.003980
0.685154 0.007830
0.691919 0.012931
0.704410 0.022695
0.727744 0.042402
0.781642 0.056762
0.784549 0.060052
0.789725 0.066082
0.793427 0.070568
0.816732 0.102038
0.544965 0.832308
0.560605 0.839114
0.577443 0.847900
0.596321 0.860018
0.664577 0.943600
0.672864 0.963642
0.155847 0.551506
0.168859 0.569525
0.183070 0.586228
0.215730 0.616548
0.303178 0.666975
0.383443 0.693456
0.142136 0.557112
0.144683 0.561046
0.148044 0.566074
0.152721 0.572661
0.170941 0.595224
0.534280 -0.093570
0.544365 -0.089156
0.556431 -0.083772
0.578476 -0.073515
0.622655 -0.050781
0.658249 -0.029725
0.696592 -0.003633
0.642077 0.381407
0.646813 0.389247
0.651360 0.397065
0.660173 0.413180
0.675543 0.445540
0.689786 0.483768
0.694691 0.500194
0.714088 0.188743
0.716355 0.191649
0.718656 0.194648
0.722985 0.200415
0.731663 0.212611
0.125825 0.176201
0.124472 0.181996
0.122398 0.191371
0.119155 0.206205
0.113200 0.234852
0.102320 0.300904
0.097922 0.355397
0.101408 0.427939
0.153896 0.776485
0.167791 0.790308
0.183854 0.805657
0.215872 0.833856
0.280314 0.882227
0.346970 0.923005
0.424329 0.963154
0.762298 0.099659
0.769509 0.108074
0.777409 0.117828
0.792153 0.137719
0.804502 0.156303
0.486656 0.933305
0.505483 0.941492
0.527646 0.951844
0.559599 0.968944
0.586664 0.986718
0.608243 1.003915
0.309426 0.680998
0.330826 0.688845
0.354861 0.696594
0.399502 0.708753
0.486665 0.729628
0.545603 0.747755
0.575281 0.760795
0.599016 0.775107
0.387432 0.806182
0.417604 0.815131
0.445620 0.823131
0.491433 0.836685
0.563962 0.865019
0.600091 0.887514
0.623755 0.908290
0.742430 -0.000944
0.745084 0.001241
0.748741 0.004327
0.754238 0.009065
0.760421 0.014611
0.631484 0.938179
0.638454 0.946459
0.643992 0.954270
0.654645 0.971387
0.671193 1.005859
0.131769 0.647971
0.135385 0.652220
0.139777 0.657177
0.147901 0.665973
0.164854 0.682704
0.248423 0.321141
0.249084 0.324647
0.249910 0.328870
0.251486 0.336451
0.255012 0.351549
0.694367 0.334473
0.700765 0.347781
0.706714 0.361325
0.716965 0.388492
0.732142 0.446881
0.738408 0.491551
0.685059 0.146760
0.687694 0.149490
0.690833 0.152806
0.696263 0.158684
0.706582 0.170401
0.481883 0.209115
0.490562 0.216950
0.498892 0.224669
0.513331 0.238538
0.554857 0.282169
0.566076 0.294938
0.593700 0.328481
0.776434 -0.023661
0.781681 -0.018838
0.786457 -0.014233
0.795312 -0.005164
0.810171 0.011946
0.844954 0.063330
0.206533 0.235084
0.206545 0.242582
0.206606 0.251283
0.206824 0.267890
0.209567 0.325484
0.211875 0.347465
0.542676 -0.098270
0.550393 -0.094898
0.558937 -0.091089
0.576472 -0.082997
0.608885 -0.067012
0.141423 0.264434
0.139679 0.278641
0.137960 0.294735
0.135575 0.326691
0.145997 0.448705
0.416359 0.849152
0.445422 0.858559
0.471880 0.867231
0.520292 0.884751
0.559464 0.902637
0.595212 0.925100
0.119381 0.253374
0.118244 0.260142
0.116693 0.269768
0.114426 0.285189
0.110995 0.314348
0.108359 0.374862
0.112793 0.429060
0.127626 0.488577
0.664692 -0.025321
0.677597 -0.016723
0.687930 -0.009576
0.711933 0.008351
0.753104 0.044011
0.668416 0.096235
0.676511 0.103346
0.687824 0.113815
0.704905 0.130823
0.736286 0.166798
0.090942 0.303737
0.089484 0.316200
0.088233 0.329089
0.087307 0.341282
0.086641 0.353839
0.419057 -0.019363
0.426013 -0.015887
0.431128 -0.013373
0.446623 -0.006094
0.474415 0.006532
0.496207 0.016354
0.528280 0.031494
0.532771 -0.105812
0.542174 -0.101778
0.553401 -0.096865
0.573660 -0.087657
0.616546 -0.066463
0.643040 -0.051870
0.682794 -0.027209
0.303090 0.004118
0.307291 0.010492
0.310849 0.015510
0.319687 0.027078
0.340566 0.049850
0.366366 0.072438
0.385085 0.086490
0.624826 0.227372
0.634806 0.238892
0.644168 0.250360
0.664820 0.278347
0.694945 0.328856
0.104967 0.206868
0.102464 0.217945
0.098935 0.234284
0.094102 0.258673
0.083463 0.411469
0.076360 0.337836
0.075521 0.351378
0.074929 0.367895
0.075674 0.404720
0.088632 0.484165
0.669044 -0.014226
0.675143 -0.010039
0.681820 -0.005380
0.694490 0.003865
0.717951 0.022281
0.737253 0.038949
0.748676 0.049627
0.759484 0.060356
0.098889 0.556429
0.101289 0.561086
0.103626 0.565459
0.108832 0.574815
0.119738 0.592332
0.324204 0.653555
0.346823 0.661523
0.376939 0.670668
0.428948 0.684020
0.506561 0.703583
0.504774 0.433307
0.514873 0.441588
0.526097 0.450691
0.546280 0.467121
0.563533 0.481614
0.474842 0.112693
0.479857 0.115659
0.488062 0.120615
0.500431 0.128299
0.522792 0.143007
0.567430 0.176790
0.618851 0.226231
0.637392 0.247800
0.600923 -0.055568
0.606845 -0.052454
0.614708 -0.048227
0.626603 -0.041581
0.649971 -0.027655
0.691702 0.000610
0.101497 0.207321
0.098869 0.218865
0.095235 0.235635
0.089498 0.264893
0.080555 0.329625
0.169545 0.451530
0.175578 0.468405
0.182620 0.484533
0.202093 0.517884
0.256583 0.573564
0.513493 -0.058684
0.527920 -0.052385
0.540369 -0.046820
0.568791 -0.033402
0.621820 -0.004485
0.658383 0.019460
0.682998 0.037909
0.705533 0.056617
0.494411 -0.011282
0.503576 -0.007243
0.514212 -0.002470
0.534428 0.006924
0.574211 0.027236
0.601816 0.043342
0.631139 0.062848
0.396131 0.005753
0.405580 0.011196
0.412163 0.014822
0.485605 0.051140
0.524720 0.071011
0.693810 0.094923
0.702143 0.102782
0.710896 0.111422
0.727688 0.129140
0.759458 0.168173
0.788182 0.213361
0.023464 0.540529
0.027679 0.552523
0.033035 0.566947
0.041759 0.587604
0.066145 0.634930
0.377762 0.036201
0.383242 0.039867
0.388829 0.043550
0.397247 0.048822
0.417154 0.060559
0.460126 0.084096
0.495009 0.103422
0.311472 0.708797
0.330842 0.715799
0.348760 0.721611
0.389662 0.733190
0.464938 0.751445
0.499404 0.760297
0.531564 0.770075
0.558937 0.780606
0.463152 0.635513
0.480987 0.640622
0.499441 0.646196
0.530100 0.656657
0.585542 0.683165
0.608294 0.699438
0.027100 0.411609
0.027685 0.420261
0.028539 0.430281
0.030322 0.445690
0.035563 0.476861
0.052558 0.537545
0.065584 0.569406
0.079487 0.596976
0.096566 0.625310
0.706676 0.049553
0.713153 0.055214
0.719502 0.060926
0.730289 0.071051
0.751465 0.092642
0.020491 0.547747
0.026342 0.563893
0.033395 0.581214
0.050496 0.617666
0.092099 0.684819
0.127972 0.729833
0.195546 0.795585
0.593888 0.286046
0.596085 0.288723
0.598547 0.291735
0.602945 0.297221
0.611933 0.308800
0.626625 0.328904
0.058368 0.689440
0.081968 0.719271
0.106218 0.748221
0.162145 0.814696
0.266158 0.953303
0.180625 0.805984
0.208393 0.831031
0.238146 0.855507
0.298834 0.898908
0.424722 0.969410
0.497572 1.006056
0.472078 0.044160
0.479676 0.047832
0.488025 0.051886
0.503027 0.059315
0.532952 0.075014
0.549671 0.084522
0.565738 0.094294
0.579903 0.103546
0.029983 0.238595
0.027971 0.249806
0.025536 0.263933
0.021607 0.290624
0.016335 0.344963
0.015429 0.374713
0.015949 0.403881
0.017703 0.429074
0.519810 0.657472
0.536560 0.663620
0.554977 0.671313
0.581690 0.685100
0.625215 0.719269
0.669401 -0.010393
0.677135 -0.005038
0.687403 0.002333
0.702845 0.014014
0.733972 0.040103
0.765142 0.070672
0.778842 0.086066
0.020700 0.468007
0.024377 0.486504
0.029368 0.507407
0.041936 0.547026
0.078666 0.623902
0.104387 0.662154
0.134045 0.698120
0.190984 0.424093
0.193382 0.432261
0.197008 0.443122
0.202872 0.457972
0.218438 0.487798
0.098614 0.750481
0.116931 0.773363
0.142172 0.804160
0.186700 0.856735
0.284482 0.970159
0.334770 1.023430
0.762833 0.013888
0.770298 0.020946
0.778781 0.029442
0.794774 0.047079
0.823367 0.085186
0.838398 0.109880
0.851505 0.134987
0.864064 0.163297
0.506590 0.693814
0.523333 0.699013
0.546158 0.707105
0.579096 0.722354
0.633394 0.765662
0.634479 0.209646
0.642285 0.218340
0.654359 0.232639
0.670934 0.254239
0.701749 0.303045
0.715088 0.329838
0.725322 0.354510
0.735381 0.384996
0.322876 0.803258
0.337701 0.809134
0.359639 0.817258
0.396698 0.829737
0.462074 0.850068
0.568072 0.146950
0.576739 0.153632
0.584560 0.159916
0.601131 0.174110
0.632420 0.204661
0.644399 0.217885
0.658384 0.234636
0.671283 0.251530
0.200957 0.720273
0.213714 0.729289
0.233859 0.742293
0.253233 0.753668
0.306849 0.779534
0.187416 0.780867
0.200853 0.792024
0.219115 0.806163
0.246678 0.825584
0.310715 0.863710
0.376370 0.895316
0.512283 0.745109
0.528345 0.750079
0.544132 0.755701
0.574067 0.768689
0.620820 0.801073
0.125877 0.185285
0.123496 0.196085
0.120500 0.210053
0.115325 0.235424
0.106285 0.288725
0.100415 0.353847
0.100370 0.384890
0.175844 0.709307
0.187442 0.718951
0.207262 0.733968
0.233111 0.751047
0.300975 0.786695
0.439444 0.834791
0.134525 0.662279
0.147052 0.675891
0.163585 0.692136
0.193250 0.717163
0.267278 0.763932
0.297559 0.778421
0.342878 0.796579
0.386110 0.811090
0.509058 -0.107782
0.518193 -0.103971
0.529224 -0.099294
0.552845 -0.088971
0.588508 -0.072295
0.773166 0.167810
0.775423 0.171158
0.777557 0.174327
0.781627 0.180533
0.789388 0.193223
0.792450 0.198323
0.796703 0.206105
0.800172 0.212610
0.759175 0.098402
0.761674 0.101244
0.764775 0.104828
0.769625 0.110551
0.779097 0.122410
0.787695 0.133949
0.688202 0.228376
0.693345 0.235405
0.699335 0.243967
0.709808 0.260067
0.730511 0.297700
0.739202 0.316935
0.745895 0.334121
0.752101 0.352721
0.742666 -0.127998
0.745460 -0.126796
0.748824 -0.125307
0.762142 -0.118579
0.778221 -0.108280
0.017809 0.235452
0.015663 0.248209
0.013315 0.263218
0.009335 0.292143
0.004610 0.347841
0.009955 0.458825
0.146962 0.749002
0.166327 0.768109
0.195363 0.793948
0.244732 0.831490
0.363756 0.898691
0.419674 0.923700
0.471433 0.945963
0.172775 0.650521
0.180836 0.657816
0.194705 0.669365
0.209767 0.680680
0.251822 0.706953
0.299605 0.729541
0.363343 0.751791
0.461030 0.777290
0.505866 0.789382
0.272164 0.006902
0.274597 0.013089
0.276897 0.018616
0.282267 0.030660
0.301551 0.065972
0.310167 0.078909
0.318113 0.089816
0.694806 0.191181
0.701422 0.199353
0.707749 0.207539
0.720836 0.225823
0.752404 0.281076
0.726455 0.161408
0.731857 0.168047
0.737715 0.175545
0.746798 0.187870
0.766300 0.217840
0.199922 0.236470
0.199770 0.245468
0.199670 0.254042
0.199578 0.269370
0.199881 0.296065
0.258719 0.854600
0.288932 0.874270
0.317075 0.891046
0.380521 0.924294
0.496786 0.978736
0.205603 0.874538
0.229142 0.900243
0.257327 0.930589
0.308683 0.981317
0.414196 1.068752
0.750855 0.203255
0.755315 0.210087
0.760574 0.218605
0.768107 0.231636
0.782909 0.261303
0.250863 0.466135
0.259560 0.478630
0.272248 0.493972
0.296620 0.517065
0.361111 0.556708
0.434950 0.585417
0.474567 0.598657
0.014078 0.536637
0.019360 0.552437
0.026856 0.572760
0.039050 0.600741
0.067482 0.653420
0.156009 0.764974
0.213173 0.815792
0.271087 0.528786
0.274278 0.531548
0.278017 0.534654
0.285853 0.540777
0.301579 0.551707
0.318197 0.561689
0.328303 0.567154
0.328608 0.959152
0.350737 0.974596
0.374616 0.990533
0.420873 1.019275
0.473078 1.049713
0.559422 1.100889
0.589644 1.121177
0.192658 0.471632
0.198529 0.483576
0.205424 0.495729
0.220678 0.517759
0.243078 0.542450
0.267519 0.562956
0.294411 0.580504
0.325570 0.596482
0.359881 0.610382
0.694111 0.267718
0.700336 0.277696
0.709149 0.293083
0.722403 0.319530
0.733403 0.346222
0.433358 0.683880
0.454692 0.688991
0.488953 0.697552
0.522139 0.707141
0.588382 0.736066
0.608959 0.750511
0.031281 0.542347
0.038864 0.562725
0.048925 0.586364
0.066185 0.620276
0.090056 0.658646
0.149139 0.729635
0.193272 0.769293
0.507269 0.013945
0.514550 0.017323
0.522673 0.021166
0.552622 0.036110
0.570591 0.045890
0.602999 0.065582
0.180541 0.185117
0.179501 0.195463
0.178445 0.206351
0.174425 0.251384
0.171242 0.333041
0.123878 0.504386
0.125813 0.509154
0.127660 0.513468
0.131273 0.521322
0.136075 0.530981
0.148165 0.551935
0.750048 0.234427
0.758749 0.250011
0.767492 0.267528
0.781995 0.303291
0.803885 0.420511
0.379221 0.392780
0.381857 0.395942
0.384356 0.398854
0.389770 0.404917
0.403095 0.418571
0.408965 0.424093
0.415474 0.429915
0.421399 0.434972
0.676222 0.209773
0.680878 0.215532
0.691327 0.229160
0.698711 0.239464
0.716938 0.267992
0.256544 0.246724
0.257815 0.253571
0.261868 0.274563
0.274422 0.328461
0.293679 0.382611
0.152135 0.648157
0.156128 0.652327
0.160446 0.656664
0.168698 0.664573
0.177593 0.672609
0.202092 0.692267
0.587661 -0.090666
0.592798 -0.088242
0.599046 -0.085232
0.609871 -0.079872
0.637273 -0.065421
0.657696 -0.053904
0.440409 0.176471
0.446253 0.181284
0.452737 0.186667
0.464017 0.196226
0.489681 0.219046
0.384808 0.032878
0.388686 0.035368
0.392973 0.038057
0.399538 0.042062
0.415035 0.051034
0.449095 0.069425
0.479165 0.085343
0.500097 0.096818
0.686024 0.254508
0.699503 0.275358
0.711947 0.297174
0.739605 0.362829
0.747899 0.392889
0.751791 0.411328
0.730285 0.131594
0.736746 0.138969
0.744263 0.147954
0.757698 0.165289
0.785587 0.208108
0.796304 0.228412
0.805579 0.248778
0.811288 0.092576
0.813853 0.096288
0.816996 0.100945
0.821369 0.107572
0.830610 0.122749
0.193516 0.441591
0.201879 0.462770
0.213517 0.485294
0.226815 0.505305
0.248087 0.529877
0.291782 0.564630
0.501931 -0.112182
0.524347 -0.102802
0.551300 -0.091107
0.602600 -0.066701
0.643505 -0.044280
0.336631 0.418685
0.347584 0.431848
0.364055 0.448600
0.395043 0.473521
0.496990 0.530329
0.612896 0.054462
0.621665 0.060352
0.633669 0.068829
0.676847 0.103826
0.732543 0.162346
0.200102 0.179435
0.199337 0.201228
0.198607 0.224497
0.197772 0.274925
0.199174 0.326554
0.664120 -0.074778
0.669643 -0.071734
0.706066 -0.050478
0.750166 -0.019825
0.783877 0.010337
0.332330 0.006240
0.337344 0.011416
0.357054 0.029215
0.385995 0.050333
0.423799 0.073335
0.595840 -0.009501
0.603615 -0.005106
0.638310 0.016198
0.671066 0.039568
0.707265 0.069724
0.613179 0.098710
0.615954 0.100755
0.626337 0.108690
0.638792 0.118778
0.645305 0.124327
0.650660 0.129044
0.227888 0.531099
0.231009 0.534518
0.241419 0.545047
0.254719 0.556799
0.274105 0.571289
0.496678 -0.045892
0.530255 -0.031214
0.568962 -0.012744
0.585940 -0.003858
0.602830 0.005600
0.277426 0.096213
0.280032 0.102370
0.290117 0.124407
0.305571 0.154161
0.314001 0.169090
0.322112 0.182889
0.348822 0.044201
0.354917 0.049511
0.379550 0.068552
0.423283 0.097131
0.441815 0.108437
0.462216 0.120914
0.688182 -0.015041
0.691306 -0.012821
0.701386 -0.005556
0.720366 0.009019
0.726300 0.013813
0.540259 -0.045259
0.548842 -0.041329
0.582598 -0.024769
0.630599 0.002665
0.652831 0.017370
0.667870 0.028148
0.809403 0.030232
0.819504 0.043517
0.847996 0.089250
0.875274 0.149011
0.889794 0.191718
0.904897 0.253162
0.119310 0.498703
0.126663 0.516643
0.136208 0.536032
0.140572 0.543826
0.145415 0.551841
0.790410 0.109416
0.828388 0.169265
0.859696 0.247866
0.871196 0.296205
0.878422 0.349044
0.461670 -0.091253
0.500062 -0.075115
0.540704 -0.057517
0.564879 -0.046278
0.581969 -0.037804
0.650811 0.147665
0.654296 0.150972
0.662498 0.159009
0.670484 0.167209
0.675714 0.172799
0.681044 0.178650
0.155811 0.356845
0.156779 0.374796
0.158413 0.391682
0.159702 0.401519
0.160898 0.409157
