0.287274 -0.008477
0.288811 -0.005406
0.290436 -0.002309
0.292076 0.000773
0.293789 0.003857
0.295525 0.006918
0.297321 0.009985
0.299182 0.013065
0.301050 0.016098
0.303033 0.019170
0.304982 0.022147
0.306977 0.025111
0.309015 0.028066
0.311121 0.031000
0.313290 0.033946
0.315515 0.036882
0.317806 0.039815
0.320150 0.042732
0.322558 0.045643
0.325085 0.048596
0.327687 0.051548
0.330332 0.054483
0.333079 0.057415
0.335835 0.060313
0.338689 0.063204
0.341584 0.066078
0.344565 0.068958
0.347560 0.071788
0.350571 0.074570
0.353621 0.077327
0.356746 0.080086
0.359908 0.082821
0.363133 0.085563
0.366433 0.088289
0.369773 0.091009
0.373199 0.093746
0.376684 0.096491
0.380268 0.099242
0.383894 0.101996
0.387579 0.104755
0.391307 0.107511
0.395093 0.110277
0.398921 0.113044
0.402776 0.115818
0.406715 0.118606
0.410587 0.121354
0.414504 0.124096
0.418435 0.126860
0.422419 0.129629
0.426392 0.132400
0.430398 0.135192
0.434408 0.137990
0.438462 0.140822
0.442500 0.143675
0.446691 0.146595
0.450860 0.149539
0.455040 0.152509
0.459161 0.155483
0.463364 0.158494
0.467536 0.161534
0.471720 0.164612
0.475862 0.167693
0.480026 0.170826
0.484186 0.173991
0.488296 0.177160
0.492384 0.180355
0.496464 0.183608
0.500611 0.186914
0.504642 0.190201
0.508669 0.193533
0.512672 0.196895
0.516687 0.200318
0.520712 0.203801
0.524700 0.207307
0.528683 0.210866
0.532643 0.214461
0.536561 0.218077
0.540463 0.221739
0.544297 0.225395
0.548096 0.229077
0.551880 0.232803
0.555639 0.236562
0.559346 0.240328
0.563036 0.244138
0.566666 0.247944
0.570271 0.251783
0.573851 0.255656
0.577426 0.259584
0.580924 0.263503
0.584467 0.267502
0.587981 0.271547
0.591397 0.275540
0.594784 0.279563
0.598128 0.283596
0.601426 0.287635
0.604714 0.291728
0.607950 0.295821
0.611139 0.299918
0.614303 0.304046
0.617414 0.308179
0.620510 0.312346
0.623614 0.316610
0.626599 0.320773
0.629588 0.325021
0.632480 0.329195
0.635272 0.333292
0.638086 0.337499
0.640962 0.341894
0.643677 0.346112
0.646413 0.350456
0.649077 0.354769
0.651622 0.358961
0.654281 0.363466
0.656778 0.367773
0.659254 0.372145
0.661665 0.376495
0.664023 0.380851
0.666310 0.385177
0.668518 0.389451
0.670672 0.393726
0.672825 0.398120
0.674920 0.402512
0.676944 0.406871
0.679010 0.411453
0.681032 0.416075
0.682939 0.420568
0.684822 0.425143
0.686633 0.429688
0.688350 0.434125
0.690022 0.438621
0.691717 0.443319
0.693295 0.447859
0.694828 0.452426
0.696312 0.457019
0.697733 0.461589
0.699130 0.466253
0.700464 0.470897
0.701773 0.475635
0.703016 0.480335
0.704224 0.485099
0.705320 0.489659
0.706373 0.494247
0.707418 0.498982
0.708424 0.503759
0.709414 0.508656
0.710358 0.513563
0.711258 0.518503
0.712024 0.523085
0.712804 0.527899
0.713532 0.532682
0.714262 0.537649
0.714901 0.542407
0.715557 0.547409
0.716170 0.552405
0.716746 0.557405
0.717287 0.562416
0.717788 0.567406
0.718219 0.572213
0.718628 0.577066
0.719058 0.582191
0.719377 0.586889
0.719731 0.591920
0.720038 0.596878
0.720360 0.601987
0.720657 0.607143
0.720927 0.612285
0.721088 0.616899
0.721257 0.621683
0.721410 0.626477
0.721529 0.631181
0.721647 0.635959
0.721728 0.640592
0.721775 0.645120
0.721849 0.649875
0.721943 0.654843
0.722081 0.660189
0.722139 0.665083
0.722196 0.670040
0.722251 0.675050
0.722233 0.679734
0.722243 0.684415
0.722230 0.689111
0.722262 0.694168
0.722256 0.699007
0.722192 0.703468
0.722168 0.708247
0.722106 0.712772
0.721984 0.716870
0.721907 0.721290
0.721799 0.725517
0.721669 0.729626
0.721526 0.733678
0.721501 0.738515
0.721503 0.743548
0.721414 0.747972
0.721407 0.752956
0.721363 0.757875
0.721400 0.763026
0.721409 0.768187
0.721386 0.773106
