0.535738
1.091705
0.169028
0.430700
0.895967
0.229935
0.413711
0.644460
0.957579
0.649672
0.723371
0.833253
0.520149
0.451999
0.277188
0.809176
0.110574
0.677263
0.513660
0.390207
0.619721
0.936121
0.352755
0.730294
0.561060
1.618190
0.810017
0.305273
0.907664
0.724179
1.200886
0.569722
1.199177
0.314900
1.152863
0.196187
0.965276
0.729174
0.880673
0.860426
0.572205
0.778059
0.574512
0.607521
1.155137
0.809334
0.676560
0.886104
1.199716
0.734251
0.825348
0.324094
1.842271
0.420805
0.794671
0.606368
1.502066
1.160031
0.938500
0.893519
0.766341
0.976367
0.685290
0.744727
1.097862
0.795934
0.650083
0.519598
1.298594
0.444481
1.646326
0.396607
0.909426
0.658336
0.850102
0.878983
0.914321
0.972315
0.527057
1.164083
1.499471
0.982713
1.118006
0.684367
0.644291
0.807961
0.368268
0.300892
1.289440
0.724787
0.755898
1.830078
0.914991
1.100981
0.906306
0.901848
0.827623
0.584094
0.532372
0.646800
0.676773
0.916541
0.969672
0.877350
0.197868
0.417197
0.928049
0.968638
0.416232
0.873675
0.768977
0.412409
1.402797
1.252033
0.504863
1.006956
0.886386
0.659704
0.876625
1.075081
0.685036
0.278805
1.170948
0.449475
0.738189
0.379780
0.463693
0.842498
0.408330
0.594557
1.110166
0.576200
0.340499
1.335959
0.700049
0.730506
1.486258
1.719999
0.599789
0.558747
0.577790
0.631218
0.523914
0.378654
0.846725
0.709913
0.729744
0.609191
0.708851
0.805122
0.911405
0.872440
0.784927
0.684878
0.585582
0.883419
0.875670
1.180764
0.553650
0.923921
0.459365
0.470632
0.363473
0.687072
0.708963
0.903353
0.632668
0.489948
0.596515
0.962052
0.584189
0.682627
0.839564
1.264104
0.589486
0.764001
0.715981
1.045593
0.786634
0.992818
0.379869
0.931724
0.319107
0.639272
0.695076
1.068863
0.841581
0.689847
0.918834
0.733427
0.439547
0.902850
0.269265
0.725158
0.705778
0.648639
1.650945
1.214584
0.834718
0.708478
0.550762
0.589431
0.863264
0.981504
0.891375
0.318359
0.443561
0.617172
0.505076
1.234568
0.863167
0.642153
0.629977
0.463403
0.943640
1.213308
0.552100
0.677377
1.123309
0.694017
0.685648
0.854295
0.468162
0.630629
0.502697
0.612143
0.794256
0.306946
0.730362
0.512008
0.616268
1.145072
0.771321
0.646923
0.754308
0.873896
0.960685
0.491493
1.027243
0.569641
1.031302
0.862994
0.200894
0.500761
0.768182
0.247952
1.177454
1.245825
0.675415
0.931900
1.018790
0.295344
0.694148
0.592498
0.793110
0.569471
0.613049
0.936050
1.597148
0.744837
0.201838
0.903085
0.753062
1.149171
0.575834
0.948269
0.433235
0.936256
0.562041
0.797423
0.405869
0.856045
0.223264
0.495508
0.486058
0.864303
0.590395
0.825298
0.783136
1.108625
0.441929
0.531852
0.576190
0.957998
0.170577
0.868288
0.473421
0.726058
0.779874
0.627232
0.404156
0.875425
0.759460
0.824849
1.009151
0.545865
0.634647
0.656249
0.593197
1.210969
1.034306
0.708272
0.487456
0.741443
0.733857
1.288484
0.687781
0.517256
1.006951
0.767272
0.610562
0.493276
1.028045
0.421343
0.503006
0.687716
0.491449
0.682893
0.539070
0.451309
0.513114
0.662837
1.102410
0.614111
0.701405
0.854967
0.597004
0.671774
0.366089
0.521620
0.375010
0.752749
1.029042
0.979953
0.742906
0.215012
0.912699
0.674230
0.369120
0.833817
0.908437
0.789829
0.409298
0.832987
1.052250
0.533318
0.978088
0.476940
1.633688
0.741498
1.180723
1.183646
0.213607
0.841213
0.841631
0.800219
0.554557
0.906722
1.255877
0.782467
0.507122
0.955835
0.534441
0.949653
0.873444
0.932910
1.011661
1.008267
0.532919
0.861279
1.239025
1.441523
0.413969
1.312353
0.951489
1.033344
0.607379
0.424864
1.158424
1.547326
0.316344
0.641187
0.851347
0.354276
0.750935
0.481415
0.872715
1.032740
1.379677
1.195167
0.654654
1.426237
0.550654
0.684710
1.252320
0.653144
0.300675
1.122592
0.856647
0.502610
0.831155
0.330453
1.275252
0.587146
0.296713
0.651312
0.598157
0.950219
0.622972
0.946862
0.439576
0.704862
0.674189
0.276163
0.542057
0.328611
0.633704
0.888091
0.845287
0.538313
0.211617
0.423571
0.611302
0.706748
0.586058
0.964848
0.532941
0.472570
0.786448
0.755989
