0.343562 -0.112625
0.345401 -0.110701
0.347358 -0.108753
0.349274 -0.106862
0.351281 -0.104943
0.353406 -0.102983
0.355504 -0.101069
0.357749 -0.099124
0.359944 -0.097229
0.362429 -0.095215
0.364985 -0.093179
0.367703 -0.091117
0.370402 -0.089104
0.373145 -0.087113
0.375982 -0.085116
0.378916 -0.083098
0.381991 -0.081077
0.384974 -0.079142
0.388038 -0.077209
0.391106 -0.075306
0.394454 -0.073330
0.397818 -0.071378
0.401179 -0.069470
0.404633 -0.067559
0.408129 -0.065654
0.411738 -0.063760
0.415452 -0.061843
0.419227 -0.059935
0.423269 -0.057943
0.427406 -0.055944
0.431641 -0.053934
0.435948 -0.051923
0.440328 -0.049909
0.444863 -0.047841
0.449369 -0.045834
0.454098 -0.043739
0.458838 -0.041658
0.463610 -0.039579
0.468456 -0.037478
0.473180 -0.035436
0.478008 -0.033341
0.483006 -0.031202
0.488174 -0.028975
0.493345 -0.026740
0.498433 -0.024530
0.503607 -0.022273
0.508942 -0.019929
0.514234 -0.017583
0.519528 -0.015212
0.524785 -0.012816
0.530151 -0.010367
0.535548 -0.007855
0.540944 -0.005305
0.546264 -0.002749
0.551474 -0.000208
0.556668 0.002370
0.561951 0.005041
0.567155 0.007723
0.572399 0.010481
0.577646 0.013297
0.582746 0.016090
0.587793 0.018913
0.592910 0.021838
0.597988 0.024803
0.603031 0.027812
0.608105 0.030911
0.613155 0.034067
0.618238 0.037320
0.623220 0.040583
0.628037 0.043807
0.632927 0.047159
0.637651 0.050467
0.642326 0.053811
0.646866 0.057126
0.651387 0.060502
0.655875 0.063924
0.660376 0.067435
0.664852 0.071002
0.669322 0.074645
0.673661 0.078251
0.678100 0.082028
0.682338 0.085699
0.686569 0.089463
0.690857 0.093324
0.695001 0.097148
0.699205 0.101118
0.703316 0.105080
0.707353 0.109049
0.711344 0.113056
0.715351 0.117171
0.719289 0.121299
0.723168 0.125454
0.726794 0.129397
0.730519 0.133553
0.734286 0.137865
0.737807 0.141962
0.741317 0.146143
0.744901 0.150531
0.748324 0.154803
0.751757 0.159204
0.755356 0.163974
0.758778 0.168616
0.761958 0.173018
0.765315 0.177831
0.768434 0.182404
0.771463 0.186965
0.774580 0.191823
0.777741 0.196923
0.780667 0.201775
0.783733 0.207068
0.786579 0.212127
0.789271 0.217057
0.792007 0.222274
0.794374 0.226885
0.796860 0.231944
0.799296 0.237094
0.801763 0.242545
0.804183 0.248130
0.806575 0.253919
0.808914 0.259853
0.811087 0.265615
0.813291 0.271790
0.815471 0.278261
0.817463 0.284459
0.819247 0.290387
0.820828 0.295860
0.822398 0.301631
0.823914 0.307563
0.825261 0.313159
0.826571 0.318970
0.827806 0.324836
0.829107 0.331532
0.830516 0.339534
0.831643 0.346623
0.832662 0.353762
0.833756 0.362447
0.834515 0.369420
0.835227 0.376954
0.835840 0.384653
0.836339 0.392118
0.836720 0.400020
0.836937 0.406314
0.837087 0.412824
0.837166 0.419811
0.837184 0.427084
0.837079 0.434502
0.836903 0.441783
0.836627 0.450277
0.836233 0.459138
0.835764 0.467537
0.835165 0.475913
0.834489 0.484327
0.833726 0.492704
0.832773 0.502472
0.831842 0.510746
0.830709 0.520367
0.829605 0.528802
0.828517 0.536443
0.827217 0.545436
0.826030 0.552924
0.824824 0.560148
0.823333 0.569232
0.822096 0.575972
0.820520 0.584920
0.819053 0.592737
0.817680 0.599637
0.815952 0.608739
0.814302 0.617051
0.812650 0.625162
0.810887 0.633787
0.809348 0.640914
0.807660 0.648690
0.805907 0.656818
0.804428 0.663194
0.802784 0.670478
0.801644 0.674639
0.800510 0.678653
0.799104 0.684323
0.797729 0.689768
0.796252 0.695858
0.794755 0.702062
0.793457 0.707016
0.791919 0.713454
0.790416 0.719687
0.788959 0.725660
0.787548 0.731367
0.786112 0.737269
0.784608 0.743710
0.783465 0.747764
0.782055 0.753685
0.780698 0.759316
0.779648 0.762818
0.778552 0.766770
0.777700 0.768909
0.776691 0.772212
0.775665 0.775681
0.774561 0.779806
0.773487 0.783797
0.772432 0.787706
0.771449 0.791106
