0.325238 -0.072626
0.327088 -0.070278
0.329047 -0.067908
0.330990 -0.065591
0.333017 -0.063253
0.335148 -0.060882
0.337274 -0.058556
0.339534 -0.056204
0.341766 -0.053903
0.344241 -0.051500
0.346782 -0.049085
0.349471 -0.046651
0.352159 -0.044268
0.354897 -0.041912
0.357724 -0.039557
0.360639 -0.037194
0.363686 -0.034834
0.366674 -0.032560
0.369741 -0.030298
0.372821 -0.028073
0.376140 -0.025791
0.379483 -0.023541
0.382837 -0.021341
0.386274 -0.019148
0.389754 -0.016972
0.393342 -0.014815
0.397018 -0.012650
0.400754 -0.010502
0.404708 -0.008293
0.408747 -0.006089
0.412872 -0.003886
0.417063 -0.001693
0.421318 0.000492
0.425699 0.002713
0.430073 0.004873
0.434625 0.007098
0.439192 0.009302
0.443791 0.011496
0.448454 0.013701
0.453027 0.015850
0.457681 0.018036
0.462485 0.020255
0.467423 0.022542
0.472369 0.024831
0.477254 0.027097
0.482210 0.029399
0.487300 0.031771
0.492361 0.034145
0.497426 0.036540
0.502460 0.038955
0.507595 0.041417
0.512752 0.043932
0.517912 0.046483
0.523013 0.049042
0.528028 0.051594
0.533032 0.054181
0.538108 0.056851
0.543120 0.059536
0.548167 0.062291
0.553214 0.065101
0.558140 0.067900
0.563023 0.070732
0.567959 0.073656
0.572863 0.076622
0.577733 0.079634
0.582626 0.082729
0.587494 0.085881
0.592384 0.089122
0.597186 0.092381
0.601846 0.095617
0.606559 0.098969
0.611129 0.102294
0.615652 0.105659
0.620054 0.109008
0.624433 0.112417
0.628775 0.115874
0.633119 0.119413
0.637431 0.123008
0.641729 0.126674
0.645907 0.130318
0.650157 0.134111
0.654232 0.137825
0.658282 0.141619
0.662380 0.145509
0.666343 0.149371
0.670340 0.153360
0.674249 0.157348
0.678086 0.161349
0.681871 0.165385
0.685658 0.169516
0.689374 0.173662
0.693029 0.177833
0.696470 0.181833
0.699973 0.186011
0.703494 0.190320
0.706809 0.194453
0.710099 0.198657
0.713430 0.203030
0.716621 0.207308
0.719804 0.211691
0.723096 0.216371
0.726235 0.220945
0.729170 0.225317
0.732227 0.230027
0.735085 0.234536
0.737856 0.239031
0.740675 0.243758
0.743504 0.248662
0.746146 0.253378
0.748867 0.258426
0.751408 0.263282
0.753817 0.268031
0.756239 0.272994
0.758377 0.277484
0.760580 0.282311
0.762729 0.287199
0.764878 0.292305
0.766973 0.297500
0.769027 0.302835
0.771021 0.308262
0.772882 0.313550
0.774741 0.319125
0.776563 0.324897
0.778236 0.330443
0.779748 0.335802
0.781106 0.340816
0.782437 0.346032
0.783714 0.351348
0.784860 0.356421
0.785964 0.361635
0.787000 0.366876
0.788065 0.372670
0.789189 0.379326
0.790108 0.385345
0.790943 0.391377
0.791821 0.398407
0.792459 0.404291
0.793059 0.410522
0.793587 0.416841
0.794030 0.422975
0.794387 0.429407
0.794611 0.434792
0.794782 0.440308
0.794904 0.446118
0.794986 0.452076
0.794978 0.458157
0.794917 0.464126
0.794814 0.470828
0.794643 0.477743
0.794412 0.484344
0.794089 0.490970
0.793718 0.497590
0.793288 0.504185
0.792783 0.511610
0.792241 0.518139
0.791618 0.525475
0.790969 0.532104
0.790296 0.538263
0.789541 0.545237
0.788793 0.551317
0.788017 0.557248
0.787141 0.564302
0.786317 0.569963
0.785378 0.576959
0.784454 0.583290
0.783543 0.589081
0.782512 0.596216
0.781491 0.602892
0.780458 0.609464
0.779380 0.616370
0.778368 0.622345
0.777294 0.628800
0.776195 0.635463
0.775183 0.641051
0.774111 0.647225
0.773200 0.651452
0.772283 0.655598
0.771280 0.660793
0.770288 0.665856
0.769267 0.671335
0.768241 0.676901
0.767274 0.681652
0.766245 0.687426
0.765226 0.693052
0.764225 0.698527
0.763243 0.703843
0.762254 0.709264
0.761265 0.715115
0.760379 0.719395
0.759425 0.724900
0.758494 0.730230
0.757645 0.734143
0.756809 0.738426
0.756032 0.741499
0.755220 0.745344
0.754412 0.749305
0.753595 0.753706
0.752795 0.758026
0.752009 0.762303
0.751247 0.766255
