1.217649
0.359001
0.374587
0.977759
1.125617
1.422245
1.007010
1.638511
0.841856
1.567381
1.080672
1.586989
1.242787
1.026901
0.977815
1.212021
1.039371
0.378943
1.056821
0.379984
1.285605
1.769355
1.459580
1.834900
0.915676
0.373120
0.375302
0.942730
1.055756
0.376014
1.086688
0.808643
0.982096
1.106981
1.526489
1.017470
0.360758
1.718150
0.377200
1.222618
1.169328
1.178892
0.640417
1.388542
1.729865
0.602872
0.377713
1.482284
1.545226
0.851385
1.415270
1.472851
1.184325
0.923252
1.209321
1.214382
0.384647
0.371140
1.765304
0.961011
0.381626
1.140003
1.496221
1.969460
1.095506
1.319444
1.459948
0.385127
1.000741
1.078381
0.352481
1.131250
0.956026
1.065557
1.170254
1.659733
1.874481
0.965274
0.616868
0.363061
0.390542
1.135621
1.615053
0.376060
1.392819
0.377870
1.582967
1.379619
1.508531
1.349394
1.233256
1.109164
1.617916
1.664205
1.202424
0.711563
0.375471
0.382302
1.850688
1.474173
1.013505
1.131142
1.097411
1.542286
1.613695
1.017427
1.444258
2.031232
0.864136
1.280468
1.081133
1.077982
1.302335
0.369349
1.899002
1.055045
1.385481
1.898898
1.004792
1.322499
1.461001
1.166818
0.388425
1.359227
0.404270
1.220597
0.372643
1.258709
1.193144
1.020207
0.396962
1.335673
1.543999
1.153526
1.559845
1.387306
0.969971
1.153934
0.370607
1.371101
1.137828
1.168002
0.972975
1.621301
1.570916
0.927817
1.577393
1.302118
1.017393
1.241482
0.367280
1.310924
1.494900
0.376556
0.373222
1.440116
1.815572
1.052046
1.604209
0.842067
1.190262
1.074745
0.576136
1.121080
1.094280
1.124653
1.155896
0.781977
1.212926
0.826425
1.339306
1.614391
1.555115
0.377396
1.155759
1.389644
0.382303
1.042326
0.377152
0.378606
1.353396
1.272271
1.175375
1.246214
1.779597
0.381329
1.126160
1.115515
1.388577
2.186275
1.128552
1.113562
0.974306
1.762462
1.341177
1.676141
1.689305
0.386911
0.965956
1.032307
1.077820
1.487988
1.500938
1.286540
1.509748
1.189932
1.338708
1.113475
1.093716
1.201955
1.432577
1.137080
1.353899
1.654685
1.398185
0.370406
1.005377
1.055116
1.153167
1.029743
0.371366
1.663027
1.364128
1.137305
0.818748
1.380374
1.346017
0.661789
1.427675
1.345990
0.417375
1.019035
0.762816
1.044069
0.949113
0.380170
1.652443
1.138303
0.362967
0.372323
0.983798
1.214979
1.130935
0.379849
1.148785
1.537992
0.354090
1.037866
0.884141
0.377444
0.361884
1.157924
0.369664
1.240465
1.494465
0.994427
1.218494
0.387532
1.723194
1.331191
1.122649
1.777326
1.509259
1.166047
1.613627
1.728369
1.332643
0.472579
1.141673
0.950261
1.321380
1.426377
1.238186
1.011478
0.370840
0.887496
1.405641
0.866762
0.782842
1.328697
1.355077
1.645539
0.989415
0.906823
1.109567
0.383084
1.489362
1.258000
0.983644
1.162477
1.205417
0.365304
1.346965
0.375435
1.843082
0.757898
0.737453
0.380749
1.430349
1.658465
0.368618
1.113840
0.984774
0.371375
1.427435
1.942269
1.113124
1.415796
1.426931
1.467189
0.375542
1.243590
0.370210
0.383864
1.577149
0.377270
1.097949
1.093311
0.847876
0.840934
1.425833
1.669938
1.292792
1.336545
1.168129
0.517588
0.842760
1.053109
1.035524
1.569954
1.167107
1.324735
0.729736
0.377599
1.526735
1.208681
1.368677
1.198629
1.265216
1.582188
1.386199
1.044916
1.055315
1.192039
1.465446
1.293259
1.180111
1.387239
1.052802
1.456256
1.128459
0.368295
1.486059
1.737832
0.844665
0.839797
1.470354
0.964499
1.325564
1.491536
1.437600
1.090109
1.664538
1.453492
1.844295
1.060341
1.660077
1.803543
1.473405
1.223432
1.939480
1.218127
0.981012
0.353228
0.364367
0.943353
0.376956
1.533909
1.625782
1.464477
0.978109
1.113097
1.617314
1.477457
1.718661
1.523210
1.622541
1.474388
1.853375
0.380264
1.306645
1.178378
1.501518
1.605783
1.243234
0.782529
1.126268
0.378715
1.892504
0.374700
1.682255
1.336650
0.378089
0.567056
0.810916
1.019834
1.289318
1.061242
0.375002
1.078136
1.178651
1.793065
1.168044
1.264096
1.082365
1.136493
1.011858
0.380934
0.373196
0.878307
1.035745
1.212389
0.377751
1.067076
1.223151
0.378978
1.532530
1.045128
0.377328
0.390159
