-0.275240
-0.064117
0.056931
0.603602
-0.906768
0.074628
-1.453458
1.323088
-1.060820
1.465759
-1.536166
-0.474618
-0.294538
0.442487
0.458153
-1.146369
0.210195
-1.386128
-0.262315
-0.112325
-2.018706
1.682073
-0.092375
0.134831
-0.395493
0.767789
-0.582521
0.369077
0.409153
0.144312
0.775267
0.410273
0.865902
-0.190480
1.127532
-0.032709
0.762381
0.089072
-1.023384
-0.386406
0.157468
-0.725328
-0.726770
-0.662879
0.462209
-0.453180
-1.411436
-0.429688
1.853900
0.936794
-1.815309
-0.026370
1.152683
0.015718
-0.495918
-0.364171
0.811761
0.526808
0.612307
1.254292
-1.303240
0.454429
-0.319230
0.114901
0.549742
-0.447278
0.304503
0.145869
-0.702299
0.096807
0.689408
0.052719
0.567333
0.602012
-0.172940
-0.244842
0.362201
1.049961
-0.115837
-1.304067
0.993165
0.322244
-0.445660
-0.745627
-0.889010
1.750205
2.105760
-2.205032
1.850717
0.196456
0.335101
1.215225
0.959899
0.608787
0.207664
-1.364772
-1.017614
-0.167743
0.195094
1.623030
0.121625
1.448426
-0.405354
-0.389886
-0.029532
1.144505
-1.111547
0.229881
-0.164027
1.183881
-1.796401
0.995393
0.355668
-0.100240
-0.427540
1.467963
0.231404
1.867672
-0.505832
-0.380711
-0.840343
-0.019562
0.806301
-0.115345
-2.002959
0.130308
0.077149
-0.508006
0.463990
-1.653745
0.801755
-1.781969
0.088609
1.622899
-0.869917
-1.337486
1.721417
0.837297
-0.420651
0.461461
-0.428528
-0.201939
-1.035255
-0.053469
-0.954440
1.750498
0.496173
0.916086
0.715001
0.605832
1.531730
0.678954
-0.337096
-1.063216
-0.121846
-1.241829
0.385257
-0.409815
1.637467
-0.556087
0.381830
0.589608
0.210495
0.278539
-0.188601
-0.553256
-0.917395
-0.581214
-1.996756
1.905363
1.719904
-0.013145
-0.581982
0.729652
-0.397927
-1.385968
-1.338988
2.075423
-1.484751
-1.061603
-1.493738
0.490735
-0.627698
-0.753157
-0.169796
1.405696
-1.156146
-0.512328
0.768314
0.408750
-0.541536
-0.613268
-0.051490
-1.679619
0.622344
-0.601120
1.181768
0.316837
-0.870376
-0.398798
0.007384
-0.176844
-0.779416
0.610430
1.398496
-0.101308
0.133415
-2.176907
0.117721
1.568883
1.252839
-1.247299
-1.066881
-0.210729
-0.827687
0.654655
-1.138398
-0.240357
0.592841
-0.134015
-1.248029
0.709776
-2.650049
-2.110973
0.020104
0.446191
1.220381
-0.062170
0.942404
-0.060131
-0.532958
0.649280
0.305623
0.850056
0.420427
0.008977
-0.608753
0.643188
1.732121
0.163513
-0.943457
-0.446525
-0.014082
-0.286226
-1.668337
0.056765
-0.332890
-0.439007
-1.013997
0.564807
1.051222
0.024276
-0.147935
-1.111919
0.516235
-0.108360
-0.080323
-0.291808
0.822044
0.683792
0.025528
2.126952
2.700638
-1.117230
-0.542114
-0.747169
1.227129
-0.627499
-0.389310
-1.034439
1.514871
0.871937
0.275154
-0.414436
-0.122024
0.756812
-0.429987
0.849610
-0.797123
0.479687
1.771459
-0.203822
-0.588417
-1.642788
0.058835
-1.750340
0.050314
-0.998224
-0.168750
0.321480
-0.065352
-0.628076
0.884046
0.802458
2.309464
-1.340449
-1.350071
-1.582133
0.949931
0.594404
0.653631
-1.484894
-0.161725
-0.641339
0.631521
1.773689
-1.224388
1.479955
0.632319
1.044866
-1.708901
1.125253
1.014252
0.210459
-0.313341
-0.668724
-0.146070
-2.047201
0.282028
-1.556477
0.481851
1.204686
0.583672
-1.482718
-0.799876
0.688760
-0.685768
-1.585425
-0.238200
-0.321506
0.711080
0.752122
-1.423173
0.851224
0.528082
0.036457
-0.312355
-1.430968
0.731367
0.420075
-1.152834
-0.818190
-0.520181
-0.905203
1.497989
-0.367242
0.730741
0.371576
1.136196
-1.198532
1.583851
-0.191268
3.591547
1.807910
-0.521835
1.257555
0.383298
-1.397956
1.284315
0.353111
2.788427
-1.727557
0.497757
-0.372194
1.142364
-0.377549
1.054940
1.519460
0.662200
0.619953
1.104839
1.069741
-1.514985
-0.979859
-1.212643
-0.463364
-2.592814
1.409512
1.571326
0.834821
-0.094672
-0.569337
-0.776247
0.299668
1.673675
2.539934
-0.746967
0.282741
1.633602
0.327024
2.127269
0.385376
-0.406561
0.524406
1.395261
-0.720726
0.371957
0.620616
-0.659211
0.098271
-0.470413
0.174173
0.910864
-1.670930
-0.142472
-0.394006
-0.408202
-0.907146
-1.589980
0.359044
-1.527307
0.152504
-0.799112
0.304164
-1.877814
-0.339962
-1.089788
-0.618072
0.392056
-1.022474
0.023273
-0.274391
-1.522807
-1.141993
-1.932754
0.629964
-1.350959
-1.227963
-0.560050
0.416107
