0.222448 0.044703
0.222717 0.048366
0.222990 0.052006
0.223263 0.055679
0.223549 0.059362
0.223841 0.063088
0.224135 0.066814
0.224428 0.070530
0.224736 0.074320
0.225042 0.078063
0.225380 0.081953
0.225726 0.085870
0.226073 0.089802
0.226437 0.093776
0.226796 0.097734
0.227160 0.101711
0.227528 0.105696
0.227903 0.109706
0.228282 0.113730
0.228649 0.117688
0.229019 0.121648
0.229394 0.125631
0.229778 0.129628
0.230171 0.133673
0.230574 0.137740
0.230984 0.141833
0.231394 0.145918
0.231824 0.150090
0.232274 0.154349
0.232734 0.158657
0.233198 0.162970
0.233674 0.167333
0.234151 0.171689
0.234640 0.176101
0.235136 0.180531
0.235631 0.184949
0.236130 0.189363
0.236634 0.193805
0.237145 0.198258
0.237661 0.202729
0.238188 0.207234
0.238721 0.211754
0.239263 0.216306
0.239816 0.220875
0.240376 0.225481
0.240961 0.230182
0.241560 0.234962
0.242170 0.239732
0.242794 0.244568
0.243437 0.249446
0.244094 0.254344
0.244772 0.259291
0.245463 0.264240
0.246176 0.269188
0.246891 0.274141
0.247631 0.279093
0.248396 0.284068
0.249198 0.289075
0.250025 0.294154
0.250886 0.299222
0.251780 0.304296
0.252723 0.309435
0.253702 0.314560
0.254724 0.319698
0.255807 0.324899
0.256948 0.330122
0.258133 0.335275
0.259377 0.340483
0.260707 0.345740
0.262104 0.350982
0.263579 0.356228
0.265120 0.361428
0.266731 0.366583
0.268434 0.371743
0.270220 0.376863
0.272101 0.381963
0.274089 0.387059
0.276176 0.392115
0.278396 0.397195
0.280734 0.402252
0.283183 0.407254
0.285752 0.412214
0.288463 0.417159
0.291295 0.422039
0.294284 0.426907
0.297406 0.431712
0.300663 0.436450
0.304036 0.441092
0.307547 0.445659
0.311228 0.450203
0.314996 0.454604
0.318976 0.459014
0.323092 0.463341
0.327364 0.467599
0.331793 0.471792
0.336328 0.475868
0.341022 0.479878
0.345867 0.483818
0.350826 0.487658
0.355860 0.491379
0.361133 0.495091
0.366360 0.498603
0.371834 0.502131
0.377331 0.505520
0.383031 0.508899
0.388852 0.512225
0.394810 0.515483
0.400530 0.518498
0.406560 0.521583
0.412499 0.524522
0.418544 0.527430
0.424695 0.530331
0.430694 0.533057
0.436881 0.535834
0.443011 0.538533
0.449180 0.541214
0.455350 0.543863
0.461557 0.546508
0.467819 0.549164
0.474058 0.551803
0.480119 0.554366
0.486149 0.556925
0.492174 0.559502
0.497875 0.561964
0.503476 0.564414
0.509178 0.566947
0.514719 0.569453
0.520229 0.571994
0.525665 0.574584
0.531205 0.577233
0.536319 0.579772
0.541524 0.582426
0.546612 0.585102
0.551585 0.587799
0.556493 0.590547
0.561217 0.593284
0.565872 0.596073
0.570347 0.598855
0.574768 0.601700
0.579042 0.604555
0.583401 0.607566
0.587639 0.610609
0.591656 0.613619
0.595550 0.616654
0.599257 0.619669
0.602764 0.622686
0.606382 0.625810
0.610068 0.629138
0.613493 0.632385
0.616851 0.635696
0.619998 0.638951
0.623203 0.642367
0.626163 0.645689
0.629051 0.649058
0.631859 0.652467
0.634585 0.655910
0.637249 0.659406
0.639939 0.663048
0.642524 0.666703
0.644889 0.670236
0.647406 0.674057
0.649678 0.677716
0.651827 0.681403
0.654015 0.685134
0.656028 0.688816
0.657986 0.692537
0.660113 0.696607
0.662097 0.700602
0.664010 0.704619
0.665896 0.708717
0.667686 0.712798
0.669469 0.716992
0.671232 0.721273
0.672844 0.725439
0.674323 0.729492
0.675618 0.733329
0.677022 0.737463
0.678356 0.741576
0.679624 0.745669
0.680877 0.749924
0.682225 0.754316
0.683448 0.758651
0.684521 0.762768
0.685615 0.767034
0.686773 0.771553
0.687800 0.775876
0.688853 0.780373
0.689973 0.785157
0.690964 0.789746
0.691964 0.794466
0.692953 0.799265
0.693916 0.804104
0.694657 0.808445
0.695325 0.812662
0.696100 0.817275
0.696723 0.821529
0.697275 0.825755
0.697877 0.829970
0.698395 0.834106
0.698939 0.838399
