0.196922
-1.024430
-0.981931
-0.022492
0.118332
0.352237
0.006986
0.493788
-0.172146
0.449406
0.077583
0.461839
0.217357
0.026546
-0.022435
0.192289
0.038616
-0.970369
0.055266
-0.967625
0.251230
0.570615
0.378149
0.606990
-0.088093
-0.985856
-0.980024
-0.058975
0.054257
-0.978129
0.083135
-0.212398
-0.018066
0.101636
0.422970
0.017319
-1.019549
0.541248
-0.974981
0.200995
0.156429
0.164575
-0.445636
0.328254
0.548043
-0.506050
-0.973622
0.393584
0.435170
-0.160890
0.347320
0.387200
0.169173
-0.079853
0.190059
0.194235
-0.955430
-0.991175
0.568323
-0.039770
-0.963314
0.131031
0.402943
0.677759
0.091216
0.277210
0.378401
-0.954181
0.000741
0.075461
-1.042758
0.123323
-0.044970
0.063498
0.157221
0.506657
0.628332
-0.035343
-0.483100
-1.013184
-0.940220
0.127180
0.479367
-0.978008
0.331330
-0.973206
0.459301
0.321808
0.411136
0.299655
0.209658
0.103607
0.481139
0.509348
0.184339
-0.340291
-0.979574
-0.961545
0.615557
0.388097
0.013415
0.123228
0.092954
0.433266
0.478527
0.017277
0.367596
0.708642
-0.146025
0.247225
0.078009
0.075090
0.264159
-0.996014
0.641328
0.053584
0.326047
0.641274
0.004781
0.279523
0.379122
0.154281
-0.945654
0.306916
-0.905672
0.199340
-0.987135
0.230086
0.176591
0.020006
-0.923915
0.289435
0.434376
0.142824
0.444587
0.327364
-0.030489
0.143177
-0.992614
0.315614
0.129121
0.155295
-0.027397
0.483229
0.451659
-0.074921
0.455774
0.263992
0.017243
0.216305
-1.001630
0.270732
0.402059
-0.976688
-0.985581
0.364724
0.596401
0.050737
0.472631
-0.171896
0.174173
0.072084
-0.551412
0.114293
0.090097
0.117475
0.144876
-0.245930
0.193036
-0.190647
0.292151
0.478958
0.441550
-0.974461
0.144757
0.329048
-0.961542
0.041455
-0.975107
-0.971259
0.302617
0.240803
0.161587
0.220110
0.576387
-0.964094
0.118814
0.109316
0.328280
0.782199
0.120935
0.107564
-0.026030
0.566711
0.293548
0.516494
0.524317
-0.949561
-0.034637
0.031796
0.074941
0.397425
0.406090
0.251956
0.411943
0.173896
0.291705
0.107486
0.089581
0.183950
0.359475
0.128464
0.302989
0.503611
0.335175
-0.993156
0.005362
0.053650
0.142512
0.029309
-0.990566
0.508639
0.310516
0.128661
-0.199980
0.322354
0.297150
-0.412809
0.356047
0.297130
-0.873771
0.018856
-0.270739
0.043126
-0.052227
-0.967138
0.502255
0.129539
-1.013443
-0.987994
-0.016335
0.194727
0.123044
-0.967982
0.138705
0.430478
-1.038204
0.037167
-0.123139
-0.974333
-1.016431
0.146628
-0.995162
0.215486
0.401768
-0.005589
0.197616
-0.947957
0.544179
0.286074
0.115691
0.575110
0.411619
0.153619
0.478485
0.547178
0.287164
-0.749550
0.132495
-0.051019
0.278677
0.355137
0.213647
0.011412
-0.991985
-0.119351
0.340493
-0.142991
-0.244824
0.284199
0.303858
0.498068
-0.010642
-0.097808
0.103970
-0.959502
0.398348
0.229523
-0.016491
0.150553
0.186826
-1.007024
0.297854
-0.979669
0.611439
-0.277207
-0.304553
-0.965615
0.357918
0.505893
-0.997994
0.107813
-0.015343
-0.990544
0.355879
0.663857
0.107171
0.347692
0.355526
0.383349
-0.979386
0.218003
-0.993684
-0.957468
0.455619
-0.974795
0.093444
0.089210
-0.165021
-0.173242
0.354756
0.512787
0.256804
0.290088
0.155404
-0.658576
-0.171074
0.051746
0.034908
0.451046
0.154528
0.281213
-0.315073
-0.973923
0.423132
0.189530
0.313845
0.181178
0.235243
0.458809
0.326566
0.043936
0.053840
0.175666
0.382160
0.257165
0.165609
0.327315
0.051455
0.375869
0.120853
-0.998871
0.396128
0.552638
-0.168816
-0.174596
0.385503
-0.036147
0.281838
0.399806
0.362975
0.086277
0.509548
0.373969
0.612097
0.058591
0.506864
0.589753
0.387576
0.201660
0.662420
0.197314
-0.019171
-1.040641
-1.009594
-0.058314
-0.975626
0.427820
0.485989
0.381498
-0.022134
0.107147
0.480767
0.390323
0.541546
0.420820
0.483993
0.388243
0.617008
-0.966888
0.267463
0.164139
0.406477
0.473612
0.217716
-0.245224
0.118910
-0.970971
0.637901
-0.981628
0.520135
0.290167
-0.972627
-0.567298
-0.209591
0.019640
0.254113
0.059440
-0.980824
0.075234
0.164371
0.583926
0.155331
0.234357
0.079148
0.127948
0.011788
-0.965129
-0.985652
-0.129759
0.035121
0.192593
-0.973521
0.064923
0.201430
-0.970276
0.426920
0.044139
-0.974641
-0.941202
