0.033345 -0.029011 0.188812
0.092991 -0.028263 0.149961
0.077039 0.040108 0.113399
0.000000 0.024786 0.089674
0.000000 0.026662 0.101639
0.000000 0.048350 0.154995
0.000000 -0.014157 0.177908
0.000000 -0.017286 0.126561
0.260338 -0.006779 0.175765
0.000000 0.040568 0.150610
0.000000 0.027322 0.111664
0.000000 0.046789 0.152385
0.000000 0.017287 0.170866
0.000000 0.012956 0.137987
0.916293 -0.503994 0.282147
0.235890 -0.174830 0.250836
0.000000 0.026440 0.152748
0.000000 0.039942 0.173660
0.000000 0.034194 0.154805
0.000000 0.040856 0.126316
0.081599 0.072228 0.166713
0.108205 0.034617 0.183661
0.000000 0.016612 0.169977
0.000000 0.013492 0.187584
0.000000 0.044518 0.164331
0.000000 0.047095 0.133069
0.000000 0.043950 0.135075
0.011408 0.035120 0.152948
0.029676 0.015263 0.177364
0.027594 0.002164 0.193280
0.000000 0.030065 0.185973
0.000000 0.034996 0.169552
0.000000 0.031244 0.156605
0.000000 0.024557 0.158634
0.019548 0.010958 0.182711
0.027777 0.000792 0.195763
