87.650682
67.460672
64.652205
75.715408
88.622714
83.382332
65.194714
72.129159
69.254974
82.454765
85.376653
73.933959
83.238493
83.678453
81.442795
77.540529
82.106962
63.869573
83.570630
63.768504
66.667571
78.098160
76.717367
73.070833
80.681024
66.394406
65.212521
67.116563
69.442940
66.682245
65.587120
70.616583
60.637943
76.358745
73.006732
76.778465
65.952442
70.989370
62.420749
74.416569
75.690745
77.052070
65.336146
72.376532
58.591390
83.952310
63.933827
78.367721
73.294466
83.692630
80.136880
75.143456
81.663961
83.463980
79.809499
89.637032
70.251233
68.428051
63.375911
82.116471
84.302326
72.467159
80.452175
61.851699
67.041374
81.141020
78.191159
84.284269
75.918113
69.065405
69.622860
71.464848
63.172810
84.650921
67.268226
68.614092
58.771764
80.535856
81.072844
66.438875
87.043721
65.944340
74.889924
64.656425
76.876419
68.923147
64.732006
66.215658
78.968456
65.725459
76.929007
71.635871
67.117597
90.706144
66.203500
74.094468
64.573334
62.750474
65.613043
73.464527
74.185390
67.456744
76.177319
72.920618
71.387620
82.560286
79.807322
68.602831
78.872516
72.317849
71.509567
80.426433
61.371707
67.928439
63.817853
86.715398
73.977232
60.951008
86.804895
69.171338
84.026776
72.999820
70.267057
72.068529
61.051507
74.842289
65.425853
78.305822
64.554726
78.579601
87.652582
76.588406
77.201122
61.104512
72.843498
68.049819
53.227962
68.392151
65.207840
75.897414
86.851010
77.567748
80.321824
69.220403
77.852505
65.803320
56.156410
70.062252
86.861695
68.632189
66.138041
76.328592
79.669400
84.346598
65.657278
69.790998
65.242751
73.910249
63.912619
84.660327
73.809784
84.214249
84.364129
80.674256
87.866466
81.682146
76.650515
82.638693
75.108642
71.833621
68.530843
72.261806
77.518725
64.733182
84.222349
78.544861
62.248611
71.941783
64.240071
84.766257
66.086382
55.996324
70.559771
81.409676
72.141087
71.706302
61.222802
67.948146
61.439885
70.426271
61.843208
85.995082
81.962513
67.373875
72.586115
77.970584
62.809339
61.447588
74.102327
84.334729
85.141578
68.564234
81.190426
74.186722
72.684527
74.088026
69.421162
70.435208
77.479044
69.254743
68.410954
72.478973
68.525211
67.315442
71.341331
67.283478
78.030953
78.386066
75.169688
83.979864
65.988585
52.913295
67.089279
71.482272
84.830559
77.981121
86.609467
82.426342
81.945732
72.295778
65.237463
71.628471
86.682509
85.532460
72.124097
66.817059
78.033549
80.166118
69.213791
66.173087
84.551712
77.822146
65.177002
84.151811
70.746616
66.164645
67.082859
75.655390
79.562376
83.798649
66.983299
78.095984
66.290925
82.686063
79.240998
86.769761
81.206044
85.691372
78.695305
83.227258
83.089678
59.508782
76.788948
75.764670
81.482213
72.781094
76.915187
64.730887
81.075015
83.169287
66.084144
70.963345
82.470541
78.098553
65.515053
82.566714
76.548369
81.544031
81.270615
69.679740
67.321520
71.037764
83.883100
80.069278
77.712371
62.992542
86.102777
77.204077
77.810441
81.538688
79.985728
65.579719
72.350543
64.129803
57.439282
82.980900
84.658723
63.443600
67.462633
66.590773
68.887319
70.395512
60.908484
66.007090
79.718537
68.496510
64.715564
64.590648
73.102374
72.092539
65.378454
62.757396
66.289722
84.593428
73.277865
64.325522
77.832294
65.232516
84.860655
81.646433
78.300038
60.052986
75.426202
79.178999
67.831800
83.425923
83.956579
75.403979
77.195115
67.003762
81.550837
75.113515
82.337528
65.190223
73.237855
65.365867
76.429288
74.015339
84.765193
79.104956
79.313911
76.561937
83.249481
77.455189
63.658329
78.048381
69.227361
78.503814
85.176500
73.245134
64.309140
67.158122
64.895107
54.448402
81.958713
85.021167
53.108620
74.498933
76.858984
86.312645
75.348442
64.883479
77.070401
72.242984
68.216184
72.622168
69.288598
69.734580
69.082327
81.008611
72.467265
59.301638
81.985386
67.395185
66.956014
81.444730
63.840728
63.489067
75.483882
75.481960
81.595474
73.140658
83.363371
84.383182
71.287170
71.915511
73.166811
60.155509
70.576316
62.683231
69.124024
76.411339
59.921995
71.309122
71.176200
86.046227
83.216389
65.973479
70.940048
65.422270
70.981564
83.528786
63.437119
81.810013
83.157675
85.095689
65.195214
70.077332
64.380573
67.927903
78.853248
76.919617
71.248695
81.528460
78.149546
83.269536
84.168375
84.735793
65.738117
83.887010
82.369875
83.518733
83.701656
76.152546
69.708811
85.980446
72.436527
79.811702
64.573588
86.020738
