50.449683
50.714216
50.978750
51.243284
51.507818
51.772352
52.036886
52.301419
52.565953
52.830487
53.095021
53.359555
53.624088
53.888622
54.153156
54.417690
54.682224
54.946757
55.211291
55.475825
55.740359
56.004893
56.269426
56.533960
56.798494
57.063028
57.327562
57.592095
57.856629
58.121163
58.385697
58.650231
58.914764
59.179298
59.443832
59.708366
59.972900
60.237433
60.501967
60.766501
61.031035
61.295569
61.560102
61.824636
62.089170
62.353704
62.618238
62.882771
63.147305
63.411839
63.676373
63.940907
64.205440
64.469974
64.734508
64.999042
65.263576
65.528109
65.792643
66.057177
66.321711
66.586245
66.850778
67.115312
67.379846
67.644380
67.908914
68.173447
68.437981
68.702515
68.967049
69.231583
69.496116
69.760650
70.025184
70.289718
70.554252
70.818785
71.083319
71.347853
71.612387
71.876921
72.141454
72.405988
72.670522
72.935056
73.199590
73.464123
73.728657
73.993191
74.257725
74.522259
74.786792
75.051326
75.315860
75.580394
75.844928
76.109461
76.373995
76.638529
76.903063
77.167597
77.432130
77.696664
77.961198
78.225732
78.490266
78.754799
79.019333
79.283867
79.548401
79.812935
80.077468
80.342002
80.606536
80.871070
81.135604
81.400137
81.664671
81.929205
82.193739
82.458273
82.722806
82.987340
83.251874
83.516408
83.780942
84.045475
84.310009
84.574543
84.839077
85.103611
85.368144
85.632678
85.897212
86.161746
86.426280
86.690813
86.955347
87.219881
87.484415
87.748949
88.013482
88.278016
88.542550
88.807084
89.071618
89.336151
89.600685
89.865219
90.129753
90.394287
90.658820
90.923354
91.187888
91.452422
91.716956
91.981489
92.246023
92.510557
92.775091
93.039625
93.304158
93.568692
93.833226
94.097760
94.362294
94.626827
94.891361
95.155895
95.420429
95.684963
95.949496
96.214030
96.478564
96.743098
97.007632
97.272165
97.536699
97.801233
98.065767
98.330301
98.594834
98.859368
99.123902
99.388436
99.652970
99.917503
100.182037
100.446571
100.711105
100.975639
101.240172
101.504706
101.769240
102.033774
102.298308
102.562841
102.827375
103.091909
