0.155906 0.058573
0.155200 0.062594
0.154485 0.066560
0.153741 0.070689
0.152985 0.074784
0.152219 0.078810
0.151425 0.082985
0.150622 0.087095
0.149788 0.091382
0.148966 0.095394
0.148135 0.099407
0.147297 0.103369
0.146429 0.107498
0.145538 0.111725
0.144633 0.115978
0.143720 0.120237
0.142792 0.124507
0.141816 0.129064
0.140821 0.133683
0.139797 0.138451
0.138785 0.143055
0.137749 0.147797
0.136675 0.152726
0.135586 0.157714
0.134481 0.162801
0.133352 0.167969
0.132221 0.173159
0.131073 0.178448
0.129957 0.183581
0.128834 0.188774
0.127707 0.194023
0.126573 0.199356
0.125433 0.204773
0.124320 0.210142
0.123164 0.215762
0.122056 0.221247
0.120938 0.226874
0.119821 0.232612
0.118718 0.238402
0.117591 0.244466
0.116506 0.250504
0.115445 0.256524
0.114444 0.262432
0.113463 0.268440
0.112491 0.274637
0.111564 0.280827
0.110699 0.286915
0.109865 0.293122
0.109075 0.299389
0.108339 0.305717
0.107651 0.312038
0.107035 0.318327
0.106480 0.324645
0.105983 0.331071
0.105542 0.337641
0.105178 0.344236
0.104901 0.350731
0.104701 0.357309
0.104591 0.363828
0.104570 0.370324
0.104637 0.376966
0.104803 0.383637
0.105067 0.390194
0.105432 0.396758
0.105901 0.403319
0.106473 0.409792
0.107152 0.416239
0.107933 0.422590
0.108832 0.428997
0.109864 0.435536
0.110999 0.441919
0.112278 0.448431
0.113686 0.454932
0.115247 0.461521
0.116940 0.468052
0.118771 0.474543
0.120725 0.480932
0.122814 0.487267
0.125032 0.493518
0.127430 0.499838
0.129915 0.505943
0.132617 0.512198
0.135433 0.518287
0.138401 0.524356
0.141554 0.530419
0.144805 0.536303
0.148244 0.542189
0.151864 0.548053
0.155651 0.553856
0.159566 0.559532
0.163665 0.565171
0.167943 0.570754
0.172574 0.576511
0.177261 0.582015
0.182041 0.587331
0.187195 0.592798
0.192502 0.598132
0.197864 0.603233
0.203535 0.608372
0.209323 0.613343
0.215020 0.617968
0.221045 0.622634
0.227431 0.627354
0.233833 0.631815
0.240601 0.636313
0.247612 0.640733
0.254574 0.644882
0.261435 0.648764
0.268944 0.652798
0.276157 0.656462
0.283810 0.660167
0.291799 0.663840
0.299718 0.667281
0.308429 0.670887
0.316893 0.674188
0.325444 0.677350
0.333870 0.680302
0.342325 0.683119
0.350735 0.685785
0.359141 0.688332
0.367827 0.690859
0.376239 0.693201
0.384484 0.695412
0.392909 0.697627
0.401928 0.699875
0.411208 0.702155
0.420235 0.704321
0.429114 0.706417
0.438225 0.708543
0.447103 0.710608
0.455860 0.712652
0.463933 0.714564
0.471045 0.716288
0.478737 0.718176
0.486317 0.720085
0.492871 0.721805
0.500380 0.723811
0.507447 0.725786
0.514310 0.727790
0.521038 0.729887
0.527688 0.731963
0.534818 0.734328
0.541651 0.736728
0.548087 0.739125
0.554103 0.741565
0.560134 0.744037
0.565925 0.746609
0.571108 0.749093
0.576028 0.751595
0.580858 0.754240
0.585768 0.756940
0.590411 0.759713
0.594918 0.762558
0.598895 0.765272
0.603151 0.768262
0.606918 0.771118
0.610853 0.774206
0.614833 0.777471
0.618353 0.780592
0.622074 0.783994
0.625702 0.787489
0.628803 0.790746
0.632246 0.794412
0.635122 0.797776
0.638092 0.801357
0.641100 0.805124
0.643596 0.808570
0.646120 0.812173
0.648568 0.815834
0.650826 0.819429
0.653148 0.823307
0.655403 0.827079
0.657437 0.830807
0.659629 0.834872
0.661592 0.838776
0.663882 0.843275
0.666080 0.847803
0.667961 0.852043
0.669780 0.856336
0.671435 0.860522
0.672997 0.864689
0.674565 0.869090
0.676009 0.873207
0.677348 0.877352
0.678649 0.881539
0.679913 0.885770
0.681041 0.889947
0.682168 0.894013
0.683411 0.898543
0.684422 0.902678
0.685408 0.906854
0.686479 0.911448
0.687559 0.915949
0.688684 0.920800
0.689659 0.925386
0.690572 0.929918
0.691390 0.934288
0.692176 0.938666
0.692928 0.943036
0.693678 0.947488
