0.065883
0.397488
-0.603651
-0.291986
-0.296287
-0.025137
-0.413541
-0.088356
0.152738
-0.226001
-0.606978
-0.705695
-0.377391
0.078919
1.082497
-1.069135
0.314067
-0.673531
0.024319
0.802758
-0.243564
-0.530851
-0.400893
-0.580583
-0.262303
-0.070411
-0.535864
-0.032845
-0.232437
0.127895
0.005211
0.230916
0.887834
0.438754
0.659315
-0.842087
-0.185666
-0.357319
-0.821040
0.187776
-0.896155
0.179845
1.096427
-0.574439
-0.930878
1.437936
0.245419
-0.362680
0.001894
-0.150694
0.182330
0.826829
-0.965196
0.972190
-0.010323
-0.002831
-0.560180
0.358026
-0.127369
-0.144897
-0.055254
0.755972
0.244930
0.335355
-0.230113
-0.285136
0.007159
-1.067170
0.631183
-0.106323
0.008700
-0.775742
0.222521
-0.296566
0.442393
-0.469913
0.481212
1.027607
-0.630768
-0.047328
0.458058
-1.768861
-0.284599
0.978227
0.067811
0.372447
0.336978
0.305150
0.384323
1.329475
0.205692
-0.780039
-0.321157
-0.297263
-0.087702
0.009216
0.202326
0.584999
-0.233468
0.815667
0.332958
-0.421987
-0.266662
-0.754474
-0.298800
0.142257
0.081658
0.692797
0.394105
-0.676323
0.632604
0.530460
1.133747
-0.303756
0.136315
-0.099737
0.104351
0.099025
0.591550
-0.364847
-0.702141
0.641803
-0.357400
-0.413932
0.307279
-0.401983
-0.958961
1.418521
-0.699467
0.884071
-1.260551
-0.388470
-0.158654
1.035783
0.005909
-0.622556
0.582579
-0.608745
-0.117057
-0.176178
-0.546900
0.119474
-0.404191
0.380312
1.442483
-0.286576
-0.066354
0.025131
-0.066439
-0.345000
-0.363257
-0.615796
-0.456626
1.097701
-0.185721
-0.574690
-0.150683
-0.633301
0.054899
-0.249216
-0.209456
-0.076669
-0.188301
-0.209765
-0.120692
1.173021
0.497618
0.134439
0.790720
-0.138419
1.456716
-0.997989
-0.686139
-0.803017
-0.170887
0.429806
-0.329941
0.032296
-0.197827
0.398680
0.514485
-0.127210
-0.137761
-0.118014
1.108714
-0.708811
-0.732566
0.580945
-0.028084
-0.017457
-0.737869
0.309953
0.487873
0.163944
-0.798695
0.386445
0.983633
-0.444904
-0.207523
-0.003905
-0.378214
0.238235
0.601710
0.438961
-0.500705
1.714733
-0.042868
-0.837185
-0.383907
0.193914
-1.066966
-0.371235
0.964613
-0.296815
1.004137
0.455804
-0.326145
-0.430712
1.015922
-0.403129
0.207895
0.849564
-0.515299
-0.054238
-0.317560
-0.188575
0.594793
-0.991586
0.186251
0.213657
0.079473
0.182090
0.874871
0.201717
0.252932
0.397646
0.480774
0.880854
0.875034
0.312489
-0.512972
0.208279
-0.725522
-0.855067
-0.515623
0.664460
1.396490
0.059963
0.804281
-0.457732
-0.294978
0.374301
0.703293
-0.351140
0.777299
-0.027514
-0.307760
0.104617
0.461319
0.168573
-0.000664
0.210205
-0.011978
0.171367
1.228902
0.111145
1.281537
0.478275
0.594588
0.967793
0.234860
-1.287145
-0.002131
0.110447
-0.009201
0.836589
-0.755673
0.001316
1.650804
1.180543
0.118463
0.937771
0.008681
-1.196157
-1.142015
1.112062
-0.165840
-1.403469
0.356341
1.810049
-1.328960
1.330603
-0.228613
0.112709
-0.358032
0.087335
0.444722
0.623207
-0.207636
-0.456112
0.440435
1.300965
1.438558
-0.897844
-1.153100
-0.018236
0.037043
0.470548
0.777170
0.044724
-0.372560
0.283402
0.191655
-0.051742
-0.045579
1.164214
-0.011960
1.333543
0.106094
1.615570
0.006049
0.080811
-0.935106
1.132420
0.665198
-0.079444
0.884427
-0.248674
-0.047708
-0.632304
0.556598
0.839560
1.804329
-0.209403
-0.275615
-0.228022
-0.567481
-0.145022
-0.513541
-0.490849
0.009692
0.333707
-0.453096
0.927053
0.328050
-0.035459
1.120739
0.081341
0.766853
-0.253957
0.588324
0.444119
0.347993
-0.434708
-0.947735
-0.001234
-0.744267
0.354533
-0.166610
0.397384
0.197022
1.182640
0.212004
0.084483
0.381466
0.057539
0.204968
0.699738
-0.138476
0.124978
-0.282813
0.088938
1.815483
0.562052
0.301472
-0.419640
0.017606
-0.007878
0.737413
0.043115
-0.251817
-0.832195
0.556014
0.677986
-0.355867
0.913544
0.072638
-0.941874
-0.330254
-0.698821
0.813830
0.473285
0.338754
0.240164
-0.829451
-0.816156
1.611604
-1.539879
0.201948
-0.493550
1.199122
0.990907
0.522817
-0.220341
-0.169601
0.160462
-0.080430
0.404489
0.290814
1.054041
0.917805
-0.907882
0.256843
-0.160354
0.304810
1.810049
-0.509248
-0.268854
-0.063158
0.652285
0.480462
0.292887
-0.829070
-0.100958
-0.089681
-0.502474
-0.606092
0.290314
0.326523
-0.332090
-0.168537
-0.401829
0.000440
1.348697
0.027379
-0.455800
-0.399641
-0.443225
-0.282626
-0.627930
-0.310372
-0.757826
0.198673
-0.104145
-0.686374
0.753499
-0.236250
-0.318972
-0.511600
-0.268386
-0.221526
-0.514568
-0.035749
0.010665
-0.133673
-0.370549
-0.994535
-0.366922
-0.800622
-0.927569
-0.272668
-0.642959
1.303781
0.390860
0.023438
0.191608
0.095612
1.448371
-0.691127
-0.418966
0.673852
-0.209591
-0.152772
0.134405
-0.515467
-0.376326
0.184206
0.439742
0.014515
-0.423700
-0.830682
0.846409
-0.956396
-0.527199
0.261767
-0.220592
0.115561
-0.657796
-0.018496
0.317876
0.639418
0.432214
0.076017
-0.371028
0.059924
-0.182929
0.192697
0.412857
-1.295487
-0.128531
-0.370213
0.408151
-0.465852
-0.431635
0.034899
1.521307
-0.059804
-1.056099
-0.582300
-0.166835
1.820896
-0.360250
0.093808
-0.965410
-0.072719
0.237714
-0.398359
-1.343979
0.489695
-0.407853
-0.151641
0.108625
-1.448145
-0.681411
0.274302
-0.460409
0.086734
1.086547
-0.554687
0.256799
0.230404
-0.685760
0.236952
0.304147
0.420176
-0.458221
-0.351969
0.411576
0.810391
-0.294212
0.311208
0.064892
-0.136254
-0.563461
-0.233578
0.041270
-0.955109
-0.473826
0.484159
0.874179
0.985323
-0.446043
-0.589710
-0.442247
0.152711
-0.216262
-0.110787
-0.441322
-0.017036
-0.339535
-0.293525
-0.450265
1.153336
-0.054971
-0.617566
-0.603411
-0.118422
-0.204629
-0.427534
-1.337170
-0.363992
-0.319241
0.247832
-0.336329
0.875094
0.187215
-0.534036
-0.850744
0.654527
0.435479
0.160608
-0.660655
-1.814642
-0.507951
0.375948
-1.023619
-0.546028
-0.030651
-0.309667
-1.073430
0.219454
0.128277
-0.295296
0.136431
-0.140156
0.126754
1.072882
-0.178726
-0.775788
-0.444708
0.139658
-1.036725
-0.229657
-0.111504
-0.260290
0.280684
-0.951795
0.470488
-0.843247
-0.249896
-0.151007
-0.193112
-0.090949
-0.610197
-0.380545
-0.561994
0.294420
-0.506076
-0.251716
-0.343485
0.404857
-0.963832
0.250450
-0.241253
0.502468
-0.660856
0.538319
0.699719
0.193774
0.008879
0.150650
0.028319
0.077650
-0.296543
-0.371185
0.917413
-0.665346
0.591624
-0.290469
-0.016193
-0.758543
0.157227
0.038161
-0.896424
-0.268779
-0.569789
-0.021963
0.068325
0.579965
1.380277
-0.674226
0.287283
-0.998656
-0.467685
1.425307
-1.163751
0.110282
1.541839
-0.483189
0.705078
-1.084185
-0.498328
-0.074091
-0.224433
-0.721341
-0.258040
-0.673309
-0.614326
-0.247596
0.194027
-0.194561
0.869194
1.807575
-0.934292
-0.284560
0.520050
-0.696975
0.690915
0.485685
-0.123381
-0.137504
1.221912
0.276193
0.267851
-0.582117
0.319870
-0.269949
-0.396829
-0.759537
-0.180004
-0.570105
-1.003309
-0.335526
0.764383
-0.500957
1.257648
-0.180659
0.062318
0.053552
1.480046
0.195143
0.042596
-0.572137
-0.476208
-0.210253
-0.491101
0.180815
-0.076341
-0.311525
0.087139
-0.624708
-0.480482
-0.234629
-0.360063
-0.315515
0.285145
0.860638
0.615820
-0.199264
-0.446108
-0.782539
-0.819054
1.348752
0.885683
-0.901619
0.577478
0.971584
-0.326806
-0.236240
-1.341949
-0.415045
-0.451307
-0.237341
-0.781638
0.128126
