1.068102
1.488082
0.546812
0.746779
0.743574
0.975176
0.661305
0.915435
1.165020
0.797717
0.544995
0.493765
0.685648
1.082116
2.952043
0.343305
1.368981
0.509905
1.024617
2.231687
0.783829
0.588104
0.669722
0.559572
0.769278
0.932011
0.585163
0.967688
0.792600
1.136434
1.005225
1.259753
2.429861
1.550773
1.933467
0.430811
0.830551
0.699550
0.439974
1.206563
0.408136
1.197032
2.993450
0.563021
0.394207
4.211992
1.278156
0.695809
1.001896
0.860111
1.200010
2.286059
0.380909
2.643727
0.989730
0.997173
0.571106
1.430503
0.880408
0.865111
0.946245
2.129681
1.277531
1.398437
0.794444
0.751912
1.007185
0.343980
1.879833
0.899134
1.008738
0.460362
1.249222
0.743367
1.556427
0.625057
1.618034
2.794372
0.532183
0.953774
1.581000
0.170527
0.752316
2.659735
1.070163
1.451282
1.400708
1.356829
1.468619
3.779058
1.228375
0.458388
0.725309
0.742849
0.916034
1.009259
1.224247
1.794990
0.791783
2.260682
1.395089
0.655743
0.765932
0.470258
0.741708
1.152873
1.085084
1.999300
1.483056
0.508483
1.882505
1.699714
3.107277
0.738041
1.146043
0.905076
1.109990
1.104094
1.806787
0.694303
0.495523
1.899903
0.699492
0.661046
1.359720
0.668992
0.383291
4.131006
0.496850
2.420734
0.283498
0.678094
0.853291
2.817310
1.005927
0.536571
1.790650
0.544033
0.889535
0.838469
0.578741
1.126904
0.667517
1.462741
4.231187
0.750830
0.935799
1.025449
0.935720
0.708220
0.695407
0.540210
0.633417
2.997268
0.830505
0.562879
0.860120
0.530836
1.056433
0.779411
0.811025
0.926197
0.828365
0.810774
0.886307
3.231741
1.644798
1.143895
2.204983
0.870734
4.291843
0.368620
0.503516
0.447976
0.842917
1.536959
0.718966
1.032824
0.820512
1.489857
1.672777
0.880549
0.871307
0.888683
3.030460
0.492229
0.480674
1.787727
0.972306
0.982695
0.478132
1.363360
1.628849
1.178149
0.449916
1.471740
2.674153
0.640886
0.812595
0.996103
0.685084
1.269008
1.825237
1.551095
0.606103
5.555194
0.958038
0.432928
0.681195
1.213992
0.344051
0.689882
2.623772
0.743181
2.729551
1.577442
0.721701
0.650046
2.761907
0.668226
1.231084
2.338626
0.597322
0.947207
0.727923
0.828138
1.812656
0.370988
1.204725
1.238198
1.082716
1.199722
2.398566
1.223502
1.287796
1.488317
1.617326
2.412960
2.398957
1.366822
0.598713
1.231556
0.484072
0.425255
0.597129
1.943440
4.040991
1.061797
2.235089
0.632717
0.744548
1.453974
2.020394
0.703885
2.175588
0.972861
0.735092
1.110286
1.586165
1.183615
0.999336
1.233931
0.988094
1.186926
3.417475
1.117557
3.602171
1.613289
1.812283
2.632129
1.264732
0.276058
0.997872
1.116777
0.990842
2.308478
0.469694
1.001317
5.211169
3.256143
1.125766
2.554283
1.008719
0.302354
0.319175
3.040622
0.847181
0.245743
1.428094
6.110746
0.264753
3.783324
0.795637
1.119307
0.699050
1.091262
1.560057
1.864898
0.812503
0.633743
1.553384
3.672840
4.214612
0.407447
0.315657
0.981929
1.037738
1.600871
2.175307
1.045740
0.688968
1.327639
1.211253
0.949574
0.955444
3.203403
0.988111
3.794462
1.111927
5.030754
1.006068
1.084166
0.392544
3.103158
1.944876
0.923629
2.421597
0.779834
0.953413
0.531366
1.744727
2.315349
6.075894
0.811068
0.759105
0.796107
0.566952
0.865003
0.598373
0.612106
1.009739
1.396134
0.635657
2.527050
1.388259
0.965162
3.067119
1.084741
2.152981
0.775725
1.800967
1.559116
1.416222
0.647454
0.387618
0.998767
0.475082
1.425515
0.846529
1.487928
1.217771
3.262977
1.236152
1.088154
1.464430
1.059227
1.227485
2.013225
0.870684
1.133124
0.753660
1.093013
6.144042
1.754269
1.351848
0.657284
1.017762
0.992153
2.090521
1.044058
0.777387
0.435093
1.743708
1.969905
0.700566
2.493144
1.075341
0.389896
0.718741
0.497171
2.256534
1.605258
1.403198
1.271458
0.436289
0.442128
5.010843
0.214407
1.223785
0.610455
3.317203
2.693677
1.686773
0.802246
0.844001
1.174054
0.922719
1.498536
1.337516
2.869222
2.503789
0.403378
1.292842
0.851842
1.356367
6.110746
0.600947
0.764255
0.938795
1.919922
1.616822
1.340291
0.436455
0.903971
0.914223
0.605032
0.545478
1.336847
1.386140
0.717423
0.844900
0.669095
1.000440
3.852404
1.027758
0.633941
0.670560
0.641963
0.753802
0.533695
0.733174
0.468684
1.219783
0.901095
0.503398
2.124421
0.789583
0.726896
0.599535
0.764612
0.801295
0.597759
0.964882
1.010722
0.874876
0.690355
0.369895
0.692864
0.449049
0.395514
0.761346
0.525735
3.683196
1.478251
1.023715
1.211196
1.100332
4.256174
0.501011
0.657727
1.961780
0.810916
0.858325
1.143856
0.597222
0.686379
1.202263
1.552306
1.014621
0.654620
0.435752
2.331259
0.384275
0.590256
1.299224
0.802044
1.122502
0.517992
0.981674
1.374206
1.895378
1.540665
1.078981
0.690025
1.061756
0.832827
1.212516
1.511130
0.273765
0.879386
0.690587
1.504034
0.627600
0.649447
1.035515
4.578204
0.941949
0.347810
0.558612
0.846339
6.177389
0.697502
1.098349
0.380827
0.929862
1.268346
0.671421
0.260806
1.631818
0.665076
0.859296
1.114745
0.235006
0.505903
1.315612
0.631025
1.090606
2.964022
0.574252
1.292785
1.259108
0.503707
1.267380
1.355469
1.522230
0.632408
0.703302
1.509194
2.248788
0.745119
1.365073
1.067044
0.872621
0.569235
0.791696
1.042133
0.384770
0.622616
1.622809
2.396907
2.678678
0.640156
0.554488
0.642591
1.164988
0.805524
0.895129
0.643186
0.983108
0.712102
0.745630
0.637459
3.168746
0.946512
0.539256
0.546943
0.888321
0.814949
0.652115
0.262588
0.694897
0.726701
1.281245
0.714388
2.399100
1.205886
0.586234
0.427097
1.924233
1.545703
1.174225
0.516513
0.162896
0.601727
1.456371
0.359292
0.579246
0.969814
0.733691
0.341834
1.245397
1.136868
0.744312
1.146176
0.869223
1.135137
2.923793
0.836335
0.460341
0.641011
1.149881
0.354614
0.794807
0.894488
0.770828
1.324036
0.386048
1.600775
0.430311
0.778882
0.859842
0.824389
0.913065
0.543244
0.683489
0.570071
1.342348
0.602857
0.777465
0.709294
1.499088
0.381428
1.284604
0.785643
1.652795
0.516409
1.713125
2.013188
1.213822
1.008919
1.162590
1.028724
1.080744
0.743384
0.689917
2.502808
0.514095
1.806920
0.747912
0.983937
0.468348
1.170261
1.038899
0.408026
0.764312
0.565645
0.978276
1.070713
1.785975
3.976001
0.509551
1.332802
0.368374
0.626451
4.159136
0.312312
1.116593
4.673177
0.616813
2.024005
0.338177
0.607545
0.928588
0.798969
0.486100
0.772564
0.510018
0.541005
0.780675
1.214130
0.823196
2.384988
6.095645
0.392864
0.752345
1.682111
0.498090
1.995541
1.625288
0.883927
0.871531
3.393671
1.318103
1.307153
0.558714
1.376949
0.763418
0.672449
0.467883
0.835267
0.565466
0.366664
0.714962
2.147669
0.605950
3.517141
0.834720
1.064301
1.055012
4.393149
1.215485
1.043516
0.564318
0.621134
0.810379
0.611952
1.198194
0.926500
0.732330
1.091048
0.535418
0.618485
0.790864
0.697632
0.729413
1.329954
2.364670
1.851173
0.819334
0.640115
0.457244
0.440848
3.852616
2.424639
0.405912
1.781540
2.642127
0.721224
0.789591
0.261336
0.660311
0.636796
0.788723
0.457656
1.136696
