1.006769104003906250e+02
1.012109603881835938e+02
1.017450103759765625e+02
1.028131103515625000e+02
7.758969116210937500e+01
7.833373260498046875e+01
7.907777404785156250e+01
7.982181549072265625e+01
8.205393981933593750e+01
7.511933135986328125e+01
7.539273071289062500e+01
7.621295166015625000e+01
7.675976562500000000e+01
8.142138671875000000e+01
8.179477691650390625e+01
8.216816711425781250e+01
8.254155731201171875e+01
8.366172790527343750e+01
8.052439880371093750e+01
8.089617919921875000e+01
8.126796722412109375e+01
8.201154327392578125e+01
7.391144561767578125e+01
7.439903259277343750e+01
7.488661956787109375e+01
7.586179351806640625e+01
7.683697509765625000e+01
6.715069580078125000e+01
6.748135375976562500e+01
6.781200408935546875e+01
6.847330474853515625e+01
6.913461303710937500e+01
6.669764709472656250e+01
6.715536499023437500e+01
6.761308288574218750e+01
6.944395446777343750e+01
5.589099121093750000e+01
5.705601501464843750e+01
5.822103118896484375e+01
5.938605117797851562e+01
6.171609115600585938e+01
6.404612731933593750e+01
6.521115112304687500e+01
6.754119110107421875e+01
6.232082748413085938e+01
6.271968841552734375e+01
6.311854171752929688e+01
6.391625976562500000e+01
6.400997161865234375e+01
6.428247070312500000e+01
6.455496215820312500e+01
6.509996032714843750e+01
6.564495849609375000e+01
6.618994903564453125e+01
6.673494720458984375e+01
6.727993774414062500e+01
6.782493591308593750e+01
6.836993408203125000e+01
6.811055755615234375e+01
6.909808349609375000e+01
6.959185028076171875e+01
7.008561706542968750e+01
7.107315063476562500e+01
6.964073944091796875e+01
6.998356628417968750e+01
7.032638549804687500e+01
7.169768524169921875e+01
7.674029541015625000e+01
7.728135681152343750e+01
7.782241058349609375e+01
7.890452575683593750e+01
7.998664093017578125e+01
8.309058380126953125e+01
8.456660461425781250e+01
8.604262542724609375e+01
8.751864624023437500e+01
8.899466705322265625e+01
9.194670867919921875e+01
9.637477111816406250e+01
9.932681274414062500e+01
1.008028411865234375e+02
7.508003234863281250e+01
7.525168609619140625e+01
7.576663970947265625e+01
7.610994720458984375e+01
7.645325469970703125e+01
8.216239166259765625e+01
8.284688568115234375e+01
8.353137207031250000e+01
8.626934051513671875e+01
7.530420684814453125e+01
7.555915832519531250e+01
7.581411743164062500e+01
7.606906890869140625e+01
7.632402038574218750e+01
7.683392333984375000e+01
9.508866119384765625e+01
9.560096740722656250e+01
9.611328125000000000e+01
9.713789367675781250e+01
1.316021118164062500e+02
1.327179565429687500e+02
1.338337860107421875e+02
1.360654754638671875e+02
5.974479675292968750e+01
6.013671112060546875e+01
6.052862548828125000e+01
6.209628677368164062e+01
6.366394424438476562e+01
6.444777679443359375e+01
6.601543426513671875e+01
6.679926300048828125e+01
6.679663085937500000e+01
6.709068298339843750e+01
6.738473510742187500e+01
6.797283935546875000e+01
6.856094360351562500e+01
6.944309997558593750e+01
7.061930847167968750e+01
5.970296096801757812e+01
6.003782272338867188e+01
6.037268066406250000e+01
6.171212768554687500e+01
6.305157089233398438e+01
6.372129058837890625e+01
6.506073760986328125e+01
6.573045349121093750e+01
7.491984558105468750e+01
7.519963836669921875e+01
7.547942352294921875e+01
7.575920867919921875e+01
7.229373931884765625e+01
7.267837524414062500e+01
7.306301116943359375e+01
7.383229064941406250e+01
7.460157012939453125e+01
7.537084960937500000e+01
6.528931427001953125e+01
6.575531768798828125e+01
6.668733215332031250e+01
6.761933898925781250e+01
7.291594696044921875e+01
7.320852661132812500e+01
7.350111389160156250e+01
7.408627319335937500e+01
6.619088745117187500e+01
6.667472839355468750e+01
6.715857696533203125e+01
6.812626647949218750e+01
6.909395599365234375e+01
7.006163787841796875e+01
7.102932739257812500e+01
7.192900085449218750e+01
7.232530212402343750e+01
7.272160339355468750e+01
7.430680084228515625e+01
7.589199829101562500e+01
7.668460083007812500e+01
6.586937713623046875e+01
6.643759155273437500e+01
6.700581359863281250e+01
6.814224243164062500e+01
7.041510772705078125e+01
7.155154418945312500e+01
7.268798065185546875e+01
8.518927001953125000e+01
8.569187927246093750e+01
8.719971466064453125e+01
8.921016693115234375e+01
7.795762634277343750e+01
7.858750152587890625e+01
7.921737670898437500e+01
8.173688507080078125e+01
8.667720794677734375e+01
8.789213562011718750e+01
8.910707092285156250e+01
9.032199859619140625e+01
9.275186157226562500e+01
7.367221069335937500e+01
7.444759368896484375e+01
7.522298431396484375e+01
7.677375793457031250e+01
7.832452392578125000e+01
7.987529754638671875e+01
8.204552459716796875e+01
8.301226043701171875e+01
8.397899627685546875e+01
8.591246032714843750e+01
8.008142089843750000e+01
8.029682922363281250e+01
8.051222991943359375e+01
8.094304656982421875e+01
8.919911956787109375e+01
8.961439514160156250e+01
9.002967071533203125e+01
9.044494628906250000e+01
6.377875900268554688e+01
6.412853240966796875e+01
6.447830963134765625e+01
6.517785644531250000e+01
6.587741088867187500e+01
6.692673492431640625e+01
6.762628173828125000e+01
6.832582855224609375e+01
6.937515258789062500e+01
7.007470703125000000e+01
7.159948730468750000e+01
7.181947326660156250e+01
7.203945922851562500e+01
7.247943115234375000e+01
7.291940307617187500e+01
5.990314102172851562e+01
6.050642395019531250e+01
6.110970306396484375e+01
6.231626892089843750e+01
8.080823516845703125e+01
8.101229858398437500e+01
8.121636962890625000e+01
8.162450408935546875e+01
8.203263854980468750e+01
8.244078063964843750e+01
8.284891510009765625e+01
8.325704956054687500e+01
7.433243560791015625e+01
7.493095397949218750e+01
7.552947235107421875e+01
7.672650146484375000e+01
8.375259399414062500e+01
8.524932098388671875e+01
8.674604797363281250e+01
8.824276733398437500e+01
8.973949432373046875e+01
9.273294067382812500e+01
9.572639465332031250e+01
7.702361297607421875e+01
7.730512237548828125e+01
7.758663177490234375e+01
7.814965820312500000e+01
8.040174102783203125e+01
6.660325622558593750e+01
6.680036163330078125e+01
6.719457244873046875e+01
6.739167785644531250e+01
6.798298645019531250e+01
6.837718963623046875e+01
6.877140045166015625e+01
7.246192169189453125e+01
7.667391967773437500e+01
7.877991485595703125e+01
8.088591003417968750e+01
8.509790039062500000e+01
8.930989074707031250e+01
9.352188873291015625e+01
7.254766082763671875e+01
7.318673706054687500e+01
7.382581329345703125e+01
7.446488952636718750e+01
7.510397338867187500e+01
7.638212585449218750e+01
7.766028594970703125e+01
7.893843841552734375e+01
7.438298797607421875e+01
7.473089599609375000e+01
7.507879638671875000e+01
7.542670440673828125e+01
7.716622161865234375e+01
7.786203002929687500e+01
6.691395568847656250e+01
6.741490173339843750e+01
6.791584777832031250e+01
6.891774749755859375e+01
6.991964721679687500e+01
7.092153930664062500e+01
7.192343902587890625e+01
7.292533111572265625e+01
7.473290252685546875e+01
7.516296386718750000e+01
7.559301757812500000e+01
7.645312500000000000e+01
7.903345489501953125e+01
7.989356994628906250e+01
8.075367736816406250e+01
8.161379241943359375e+01
8.247389984130859375e+01
7.752415466308593750e+01
7.812416076660156250e+01
7.872416687011718750e+01
7.992417907714843750e+01
8.112418365478515625e+01
8.232419586181640625e+01
7.823867034912109375e+01
7.938169860839843750e+01
8.052472686767578125e+01
8.166775512695312500e+01
8.281079101562500000e+01
8.509684753417968750e+01
8.738290405273437500e+01
8.966896057128906250e+01
9.195502471923828125e+01
7.705265808105468750e+01
7.724311828613281250e+01
7.743357086181640625e+01
7.781447601318359375e+01
7.819538879394531250e+01
7.857629394531250000e+01
7.914765930175781250e+01
7.933811187744140625e+01
7.017543792724609375e+01
7.149729919433593750e+01
7.281916809082031250e+01
7.414102935791015625e+01
7.546289062500000000e+01
7.810662078857421875e+01
8.075034332275390625e+01
6.481371307373046875e+01
6.530857849121093750e+01
6.629830932617187500e+01
6.728804016113281250e+01
6.926749420166015625e+01
7.025722503662109375e+01
7.303218078613281250e+01
7.353076934814453125e+01
7.452793884277343750e+01
7.502652740478515625e+01
7.602370452880859375e+01
7.702087402343750000e+01
7.902346038818359375e+01
7.930901336669921875e+01
7.959456634521484375e+01
7.988011932373046875e+01
8.016567230224609375e+01
8.073677825927734375e+01
8.130788421630859375e+01
8.245009613037109375e+01
8.347441101074218750e+01
8.418966674804687500e+01
8.490491485595703125e+01
8.562016296386718750e+01
8.633541870117187500e+01
8.776592254638671875e+01
9.134217834472656250e+01
9.491844177246093750e+01
7.796521759033203125e+01
7.840541839599609375e+01
7.884562683105468750e+01
7.972603607177734375e+01
8.060644531250000000e+01
8.148685455322265625e+01
6.648334503173828125e+01
6.691590118408203125e+01
6.734845733642578125e+01
6.864612579345703125e+01
6.497753906250000000e+01
6.545066070556640625e+01
6.592378234863281250e+01
6.687002563476562500e+01
6.781626892089843750e+01
6.876251983642578125e+01
8.979326629638671875e+01
9.085810852050781250e+01
9.298779296875000000e+01
9.405262756347656250e+01
9.831199645996093750e+01
1.004416732788085938e+02
1.025713577270507812e+02
7.903600311279296875e+01
7.967477416992187500e+01
8.031353759765625000e+01
8.159106445312500000e+01
8.026151275634765625e+01
8.096073150634765625e+01
8.165994262695312500e+01
8.305838012695312500e+01
8.445681762695312500e+01
8.670422363281250000e+01
8.710144042968750000e+01
8.749866485595703125e+01
8.988199615478515625e+01
9.067643737792968750e+01
6.315462493896484375e+01
6.353057861328125000e+01
6.390653610229492188e+01
6.465844726562500000e+01
6.541036224365234375e+01
6.616226959228515625e+01
6.691418457031250000e+01
6.766609954833984375e+01
7.933517456054687500e+01
7.983876800537109375e+01
8.034236145019531250e+01
8.134954071044921875e+01
8.235672760009765625e+01
8.537828826904296875e+01
8.041690063476562500e+01
8.058889007568359375e+01
8.076087951660156250e+01
8.110485839843750000e+01
8.144884490966796875e+01
8.249353027343750000e+01
8.343344879150390625e+01
8.437335968017578125e+01
8.625319671630859375e+01
9.368431854248046875e+01
9.458345031738281250e+01
9.503302001953125000e+01
9.548258972167968750e+01
9.638172149658203125e+01
6.012048339843750000e+01
6.112921905517578125e+01
6.213795852661132812e+01
6.314669799804687500e+01
8.031205749511718750e+01
8.054223632812500000e+01
8.077242279052734375e+01
8.123278045654296875e+01
8.169314575195312500e+01
8.215351104736328125e+01
8.261386871337890625e+01
8.330441284179687500e+01
8.399495697021484375e+01
7.818876647949218750e+01
7.881337738037109375e+01
7.943798828125000000e+01
8.006259918212890625e+01
8.068721008300781250e+01
5.789699554443359375e+01
5.826868057250976562e+01
5.864036560058593750e+01
5.901204681396484375e+01
5.938372802734375000e+01
6.049877929687500000e+01
6.124214935302734375e+01
6.235719680786132812e+01
7.966968536376953125e+01
8.044789886474609375e+01
8.122611236572265625e+01
8.200432586669921875e+01
8.278253936767578125e+01
8.433896636962890625e+01
8.589539337158203125e+01
6.208053970336914062e+01
6.239306640625000000e+01
6.270559692382812500e+01
6.364318084716796875e+01
6.395571136474609375e+01
6.458076477050781250e+01
6.583087921142578125e+01
7.442777252197265625e+01
7.523678588867187500e+01
7.604580688476562500e+01
7.685482025146484375e+01
7.766384124755859375e+01
7.928187561035156250e+01
8.170892333984375000e+01
8.413597106933593750e+01
7.689444732666015625e+01
7.829163360595703125e+01
7.968881988525390625e+01
8.248318481445312500e+01
8.527755737304687500e+01
7.731564331054687500e+01
7.758173370361328125e+01
7.784782409667968750e+01
7.811391448974609375e+01
7.838000488281250000e+01
7.971046447753906250e+01
5.540831756591796875e+01
5.588520050048828125e+01
5.636209106445312500e+01
6.113095855712890625e+01
7.795078277587890625e+01
7.874128723144531250e+01
7.953178405761718750e+01
8.111278533935546875e+01
7.498870849609375000e+01
7.507397460937500000e+01
7.515923309326171875e+01
7.532976531982421875e+01
7.541502380371093750e+01
8.506316375732421875e+01
8.543932342529296875e+01
8.581547546386718750e+01
8.619163513183593750e+01
8.656779479980468750e+01
8.180143737792968750e+01
8.313130950927734375e+01
8.579104614257812500e+01
8.712091064453125000e+01
8.978064727783203125e+01
9.244038391113281250e+01
9.510011291503906250e+01
7.349436187744140625e+01
7.402944183349609375e+01
7.456452178955078125e+01
7.563468170166015625e+01
7.670484924316406250e+01
7.777500915527343750e+01
7.991533660888671875e+01
8.098550415039062500e+01
8.205566406250000000e+01
8.385021209716796875e+01
8.457585144042968750e+01
8.530149841308593750e+01
8.602713775634765625e+01
8.675277709960937500e+01
7.525379943847656250e+01
7.595414733886718750e+01
7.665450286865234375e+01
7.805521392822265625e+01
7.945591735839843750e+01
8.085662841796875000e+01
8.225733184814453125e+01
8.365804290771484375e+01
6.854701995849609375e+01
6.922543334960937500e+01
6.990384674072265625e+01
7.126067352294921875e+01
7.261750793457031250e+01
7.397433471679687500e+01
1.008780364990234375e+02
1.016123504638671875e+02
1.023466567993164062e+02
1.038152770996093750e+02
8.072956848144531250e+01
8.639815521240234375e+01
8.828768157958984375e+01
9.206674194335937500e+01
9.584579467773437500e+01
6.367811584472656250e+01
6.429230499267578125e+01
6.490649414062500000e+01
6.613486480712890625e+01
6.920580291748046875e+01
7.104836273193359375e+01
8.060392761230468750e+01
8.083312225341796875e+01
8.106231689453125000e+01
8.129151153564453125e+01
8.152070617675781250e+01
8.197909545898437500e+01
6.702952575683593750e+01
6.739218139648437500e+01
6.775483703613281250e+01
6.811749267578125000e+01
6.848014831542968750e+01
6.920545959472656250e+01
6.993077087402343750e+01
7.065607452392578125e+01
6.294942092895507812e+01
6.332084274291992188e+01
6.369226837158203125e+01
6.406369018554687500e+01
6.706480407714843750e+01
6.752282714843750000e+01
6.798084259033203125e+01
6.889687347412109375e+01
6.981290435791015625e+01
6.674212646484375000e+01
6.775138854980468750e+01
6.825601196289062500e+01
6.876064300537109375e+01
7.077915954589843750e+01
7.279767608642578125e+01
8.022796630859375000e+01
8.145220947265625000e+01
8.206433868408203125e+01
8.267646026611328125e+01
8.512495422363281250e+01
7.664282226562500000e+01
7.754032135009765625e+01
7.843781280517578125e+01
7.933531188964843750e+01
8.023280334472656250e+01
8.202779388427734375e+01
8.741276550292968750e+01
8.127342224121093750e+01
8.166931152343750000e+01
8.206520080566406250e+01
8.246109771728515625e+01
8.285698699951171875e+01
8.364877319335937500e+01
8.523233795166015625e+01
8.602411651611328125e+01
8.131563568115234375e+01
8.244597625732421875e+01
8.470665740966796875e+01
8.809767913818359375e+01
7.257987976074218750e+01
7.327742767333984375e+01
7.397497558593750000e+01
7.537006378173828125e+01
7.676515197753906250e+01
7.816024017333984375e+01
7.955532836914062500e+01
8.095041656494140625e+01
7.281452178955078125e+01
7.314239501953125000e+01
7.347026824951171875e+01
7.478175354003906250e+01
7.609323883056640625e+01
7.806046295166015625e+01
6.603948974609375000e+01
6.642245483398437500e+01
6.680541992187500000e+01
6.757135772705078125e+01
6.833728790283203125e+01
6.910321807861328125e+01
6.986915588378906250e+01
7.480023193359375000e+01
7.503536224365234375e+01
7.527049255371093750e+01
7.574074554443359375e+01
5.854874801635742188e+01
5.891960144042968750e+01
5.929045486450195312e+01
6.003216552734375000e+01
6.077387237548828125e+01
6.225728607177734375e+01
6.299899291992187500e+01
6.374069976806640625e+01
6.448240661621093750e+01
7.058370971679687500e+01
7.116014099121093750e+01
7.173657989501953125e+01
7.231301879882812500e+01
7.288945007324218750e+01
7.404232788085937500e+01
7.519519805908203125e+01
7.634807586669921875e+01
7.750094604492187500e+01
8.077600860595703125e+01
8.565888977050781250e+01
8.728651428222656250e+01
8.782905578613281250e+01
7.501250457763671875e+01
7.701180267333984375e+01
7.901110076904296875e+01
8.101040649414062500e+01
8.300970458984375000e+01
6.751080322265625000e+01
6.825232696533203125e+01
6.899385833740234375e+01
7.195996856689453125e+01
7.344302368164062500e+01
7.492607879638671875e+01
7.640913391113281250e+01
7.425225067138671875e+01
7.450649261474609375e+01
7.476073455810546875e+01
7.501497650146484375e+01
7.526921844482421875e+01
7.577770233154296875e+01
9.233047485351562500e+01
9.327172851562500000e+01
9.421298217773437500e+01
9.515423583984375000e+01
9.609548950195312500e+01
7.711217498779296875e+01
7.796202850341796875e+01
7.881188964843750000e+01
7.966174316406250000e+01
8.051160430908203125e+01
8.221131896972656250e+01
8.391102600097656250e+01
8.561074066162109375e+01
8.731045532226562500e+01
9.923625946044921875e+01
1.007899017333984375e+02
1.023435363769531250e+02
1.054508132934570312e+02
7.667849731445312500e+01
7.741653442382812500e+01
7.778555297851562500e+01
7.815457916259765625e+01
7.889261627197265625e+01
7.963066101074218750e+01
7.440721893310546875e+01
7.498024749755859375e+01
7.612628936767578125e+01
7.669931030273437500e+01
7.925260925292968750e+01
7.970514678955078125e+01
8.015768432617187500e+01
8.106275939941406250e+01
8.287291717529296875e+01
8.377799224853515625e+01
6.804878997802734375e+01
6.860379028320312500e+01
6.915878295898437500e+01
7.026876831054687500e+01
7.137876129150390625e+01
7.304374694824218750e+01
7.415373229980468750e+01
7.651856231689453125e+01
7.707061004638671875e+01
7.762265777587890625e+01
7.817470550537109375e+01
7.872674560546875000e+01
7.983084106445312500e+01
8.093493652343750000e+01
8.203903198242187500e+01
7.365343475341796875e+01
7.455682373046875000e+01
7.907379150390625000e+01
8.088057708740234375e+01
7.523424530029296875e+01
7.558139801025390625e+01
7.592854309082031250e+01
7.662284851074218750e+01
7.731715393066406250e+01
7.026305389404296875e+01
7.051081848144531250e+01
7.075857543945312500e+01
7.125410461425781250e+01
8.409561920166015625e+01
8.504557037353515625e+01
8.599552154541015625e+01
8.789542388916015625e+01
8.470442962646484375e+01
8.540392303466796875e+01
8.575366973876953125e+01
8.610340881347656250e+01
8.680290222167968750e+01
8.750239562988281250e+01
8.820188903808593750e+01
7.282833862304687500e+01
7.348938751220703125e+01
7.381990814208984375e+01
7.415043640136718750e+01
7.481147766113281250e+01
7.778618621826171875e+01
7.919128417968750000e+01
7.987114715576171875e+01
8.055101013183593750e+01
8.123086547851562500e+01
8.191072845458984375e+01
8.327044677734375000e+01
6.780055999755859375e+01
6.813505554199218750e+01
6.846955108642578125e+01
6.913854217529296875e+01
6.980753326416015625e+01
7.047652435302734375e+01
7.114552307128906250e+01
7.181451416015625000e+01
7.515833282470703125e+01
7.534998321533203125e+01
7.554162597656250000e+01
7.573327636718750000e+01
7.592491912841796875e+01
7.630821228027343750e+01
7.669149780273437500e+01
7.707479095458984375e+01
7.745808410644531250e+01
8.490462493896484375e+01
8.697013092041015625e+01
8.903563690185546875e+01
9.110113525390625000e+01
9.316664123535156250e+01
9.729764556884765625e+01
8.098528289794921875e+01
8.123371124267578125e+01
8.173056030273437500e+01
8.197898864746093750e+01
8.247583770751953125e+01
8.297268676757812500e+01
9.531356048583984375e+01
9.652392578125000000e+01
9.773429107666015625e+01
9.894465637207031250e+01
1.013653945922851562e+02
7.807215881347656250e+01
7.821390533447265625e+01
7.863915252685546875e+01
7.920614624023437500e+01
7.557355499267578125e+01
7.591259765625000000e+01
7.625164794921875000e+01
7.692974090576171875e+01
7.760783386230468750e+01
7.828592681884765625e+01
8.257901763916015625e+01
8.300566101074218750e+01
8.343230438232421875e+01
8.428559875488281250e+01
8.990937042236328125e+01
9.131802368164062500e+01
9.272668457031250000e+01
9.413533782958984375e+01
9.554399108886718750e+01
9.836129760742187500e+01
1.011786117553710938e+02
1.039959259033203125e+02
1.068132324218750000e+02
6.683857727050781250e+01
6.734153747558593750e+01
6.784449768066406250e+01
6.834746551513671875e+01
7.188655090332031250e+01
7.215483093261718750e+01
7.242311859130859375e+01
7.295968627929687500e+01
7.349626159667968750e+01
7.403282928466796875e+01
7.456940460205078125e+01
7.510597229003906250e+01
7.564254760742187500e+01
7.617911529541015625e+01
7.671569061279296875e+01
7.957891082763671875e+01
8.047423553466796875e+01
8.136956024169921875e+01
8.226488494873046875e+01
8.316020965576171875e+01
7.733541107177734375e+01
7.760742950439453125e+01
7.787944793701171875e+01
7.842347717285156250e+01
7.896751403808593750e+01
8.032759094238281250e+01
6.212681579589843750e+01
6.257158660888671875e+01
6.301634979248046875e+01
6.390588760375976562e+01
6.479541778564453125e+01
6.568495178222656250e+01
6.657449340820312500e+01
6.746402740478515625e+01
6.813675689697265625e+01
6.855599212646484375e+01
6.981369781494140625e+01
7.065216064453125000e+01
7.149063110351562500e+01
7.232910156250000000e+01
7.316757202148437500e+01
6.904922485351562500e+01
6.933859252929687500e+01
6.962796783447265625e+01
6.991733551025390625e+01
7.020670318603515625e+01
8.459939575195312500e+01
8.516284942626953125e+01
8.572630310058593750e+01
8.685320281982421875e+01
7.253845214843750000e+01
7.287220764160156250e+01
7.320597076416015625e+01
7.353972625732421875e+01
7.387348175048828125e+01
7.454100036621093750e+01
6.597694396972656250e+01
6.670831298828125000e+01
6.743968200683593750e+01
6.890242004394531250e+01
7.036516571044921875e+01
7.565874481201171875e+01
7.777433776855468750e+01
7.988993072509765625e+01
8.200552368164062500e+01
8.412111663818359375e+01
6.936256408691406250e+01
7.011339569091796875e+01
7.086422729492187500e+01
7.161505889892578125e+01
5.885086822509765625e+01
5.931877136230468750e+01
5.978667068481445312e+01
6.025457000732421875e+01
6.119036865234375000e+01
6.165826797485351562e+01
8.597677612304687500e+01
8.648950195312500000e+01
8.700222778320312500e+01
8.751494598388671875e+01
8.802767181396484375e+01
7.620504760742187500e+01
7.667291259765625000e+01
7.760862731933593750e+01
7.807649230957031250e+01
7.369196319580078125e+01
7.404607391357421875e+01
7.440018463134765625e+01
7.510840606689453125e+01
7.581662750244140625e+01
7.829540252685546875e+01
7.935772705078125000e+01
8.091153717041015625e+01
8.125924682617187500e+01
8.160694885253906250e+01
8.195465087890625000e+01
7.458228302001953125e+01
7.512249755859375000e+01
7.566270446777343750e+01
7.620291900634765625e+01
7.924735260009765625e+01
7.956405639648437500e+01
7.988076782226562500e+01
8.114759826660156250e+01
7.355113220214843750e+01
7.504976654052734375e+01
7.654840087890625000e+01
7.954566955566406250e+01
8.404157257080078125e+01
9.453201293945312500e+01
1.005265502929687500e+02
7.430413055419921875e+01
7.471938323974609375e+01
7.513463592529296875e+01
7.596514129638671875e+01
6.832006072998046875e+01
6.860150146484375000e+01
6.888294219970703125e+01
6.944582366943359375e+01
7.000869750976562500e+01
7.057157897949218750e+01
7.113446044921875000e+01
7.169734191894531250e+01
7.179913330078125000e+01
7.222918701171875000e+01
7.265924835205078125e+01
7.351937103271484375e+01
7.523960876464843750e+01
7.652979278564453125e+01
7.738990783691406250e+01
8.010683441162109375e+01
8.037225341796875000e+01
8.063767242431640625e+01
8.090309143066406250e+01
8.169934082031250000e+01
8.299412536621093750e+01
8.352233886718750000e+01
8.405055999755859375e+01
8.457877349853515625e+01
6.268890380859375000e+01
6.307861328125000000e+01
6.346831512451171875e+01
6.424772644042968750e+01
6.502713775634765625e+01
7.754612731933593750e+01
7.795164489746093750e+01
7.916818237304687500e+01
7.997920989990234375e+01
7.077728271484375000e+01
7.124038696289062500e+01
7.170348358154296875e+01
7.262967681884765625e+01
7.540827178955078125e+01
7.633446502685546875e+01
7.858068847656250000e+01
7.899486541748046875e+01
7.940904998779296875e+01
8.023741912841796875e+01
7.369021606445312500e+01
7.409560394287109375e+01
7.450099182128906250e+01
7.531175994873046875e+01
7.612253570556640625e+01
7.545919036865234375e+01
7.590234375000000000e+01
7.634549713134765625e+01
7.678865051269531250e+01
7.811811065673828125e+01
8.472406768798828125e+01
8.633993530273437500e+01
8.795580291748046875e+01
8.957167816162109375e+01
9.118754577636718750e+01
7.816252899169921875e+01
7.898493194580078125e+01
7.980732727050781250e+01
8.062973022460937500e+01
8.145212554931640625e+01
8.220138549804687500e+01
8.277333068847656250e+01
8.334528350830078125e+01
8.391722869873046875e+01
8.448917388916015625e+01
8.563307189941406250e+01
9.327330017089843750e+01
9.437579345703125000e+01
9.547828674316406250e+01
9.658078002929687500e+01
9.768326568603515625e+01
7.013425445556640625e+01
7.056962585449218750e+01
7.100498962402343750e+01
7.187572479248046875e+01
7.274645996093750000e+01
7.158591461181640625e+01
7.587775421142578125e+01
8.016960144042968750e+01
8.446144104003906250e+01
7.491772460937500000e+01
7.510203552246093750e+01
7.528633880615234375e+01
7.565496063232421875e+01
7.602358245849609375e+01
7.639220428466796875e+01
7.373327636718750000e+01
7.398503875732421875e+01
7.423679351806640625e+01
7.474031066894531250e+01
7.649674987792968750e+01
7.672073364257812500e+01
7.694472503662109375e+01
7.784067535400390625e+01
6.927960205078125000e+01
6.970105743408203125e+01
7.012251281738281250e+01
7.096543121337890625e+01
7.180834960937500000e+01
7.443807983398437500e+01
7.520655822753906250e+01
7.597504425048828125e+01
7.751200103759765625e+01
7.014423370361328125e+01
7.050371551513671875e+01
7.086319732666015625e+01
7.158216857910156250e+01
7.230113220214843750e+01
8.634088134765625000e+01
8.685729217529296875e+01
8.737370300292968750e+01
8.840652465820312500e+01
7.484140777587890625e+01
7.525166320800781250e+01
7.566192626953125000e+01
7.648243713378906250e+01
8.297697448730468750e+01
8.372190093994140625e+01
8.446683502197265625e+01
8.521176147460937500e+01
8.595668792724609375e+01
8.744654846191406250e+01
8.635852050781250000e+01
8.719490814208984375e+01
8.803129577636718750e+01
8.886768341064453125e+01
8.970407104492187500e+01
6.992517089843750000e+01
7.036544799804687500e+01
7.080572509765625000e+01
7.168627166748046875e+01
7.256681823730468750e+01
7.344737243652343750e+01
7.520846557617187500e+01
6.892348480224609375e+01
6.935913848876953125e+01
6.979479217529296875e+01
7.023044586181640625e+01
7.240871429443359375e+01
7.458698272705078125e+01
7.990672302246093750e+01
8.035105895996093750e+01
8.079540252685546875e+01
8.168408966064453125e+01
6.190901947021484375e+01
6.342425155639648438e+01
6.493948364257812500e+01
6.796994018554687500e+01
7.100040435791015625e+01
7.403086090087890625e+01
7.706132507324218750e+01
8.009178161621093750e+01
7.313323974609375000e+01
7.337935638427734375e+01
7.362546539306640625e+01
7.387158203125000000e+01
7.185769653320312500e+01
7.209803771972656250e+01
7.233837127685546875e+01
7.257870483398437500e+01
7.281904602050781250e+01
7.329972076416015625e+01
8.942382812500000000e+01
9.031769561767578125e+01
9.121155548095703125e+01
9.210542297363281250e+01
9.299928283691406250e+01
7.317200469970703125e+01
7.365815734863281250e+01
7.463046264648437500e+01
7.657507324218750000e+01
7.900583648681640625e+01
6.391683578491210938e+01
6.440818023681640625e+01
6.489952850341796875e+01
6.539087677001953125e+01
6.588222503662109375e+01
8.347326660156250000e+01
8.371233367919921875e+01
8.395139312744140625e+01
8.490766143798828125e+01
8.538578796386718750e+01
8.730017852783203125e+01
8.798185729980468750e+01
8.866353607177734375e+01
9.002690124511718750e+01
7.759998321533203125e+01
7.841440582275390625e+01
7.922882843017578125e+01
8.004325103759765625e+01
8.330094909667968750e+01
8.818750000000000000e+01
8.900192260742187500e+01
9.225962066650390625e+01
8.116923522949218750e+01
8.175831604003906250e+01
8.234738922119140625e+01
8.293646240234375000e+01
8.352553558349609375e+01
8.562433624267578125e+01
8.584929656982421875e+01
8.607424926757812500e+01
8.652416992187500000e+01
8.697408294677734375e+01
8.022927856445312500e+01
8.096514892578125000e+01
8.170101928710937500e+01
8.317276000976562500e+01
7.716868591308593750e+01
7.850576019287109375e+01
7.984284210205078125e+01
8.251699066162109375e+01
6.603765106201171875e+01
6.635809326171875000e+01
6.667853546142578125e+01
6.699897766113281250e+01
6.731941986083984375e+01
8.232734680175781250e+01
8.273364257812500000e+01
8.313993835449218750e+01
8.395252990722656250e+01
8.476512908935546875e+01
6.286994552612304688e+01
6.336799621582031250e+01
6.386604690551757812e+01
6.486215209960937500e+01
6.585825347900390625e+01
6.735240936279296875e+01
6.834851074218750000e+01
6.934461212158203125e+01
8.780430603027343750e+01
8.814685058593750000e+01
8.848939514160156250e+01
8.883193206787109375e+01
8.917447662353515625e+01
8.985955810546875000e+01
6.823635101318359375e+01
6.887084960937500000e+01
7.204337310791015625e+01
7.331237792968750000e+01
7.585039520263671875e+01
6.815365600585937500e+01
6.906627655029296875e+01
7.180413055419921875e+01
7.271675109863281250e+01
8.539917755126953125e+01
8.617472839355468750e+01
8.695027160644531250e+01
8.772582244873046875e+01
8.850137329101562500e+01
7.903244018554687500e+01
7.933549499511718750e+01
7.963854217529296875e+01
8.085075378417968750e+01
8.175990295410156250e+01
8.236601257324218750e+01
8.297211456298828125e+01
8.893212127685546875e+01
9.170971679687500000e+01
9.726490783691406250e+01
1.083752975463867188e+02
5.899435424804687500e+01
5.947337341308593750e+01
5.995239257812500000e+01
6.091043090820312500e+01
6.186846923828125000e+01
6.282650375366210938e+01
6.378454208374023438e+01
6.474258422851562500e+01
7.886754608154296875e+01
7.908400726318359375e+01
7.930046844482421875e+01
7.973339843750000000e+01
7.702301788330078125e+01
7.736361694335937500e+01
7.770421600341796875e+01
7.804480743408203125e+01
7.838540649414062500e+01
7.906660461425781250e+01
7.974779510498046875e+01
8.111018371582031250e+01
8.887232208251953125e+01
8.947931671142578125e+01
9.008631134033203125e+01
9.069330596923828125e+01
8.018415069580078125e+01
8.035617828369140625e+01
8.052819824218750000e+01
8.070022583007812500e+01
8.087225341796875000e+01
7.075366973876953125e+01
7.109860992431640625e+01
7.144355010986328125e+01
7.213343048095703125e+01
7.282331848144531250e+01
9.189479827880859375e+01
9.320668029785156250e+01
9.451856994628906250e+01
9.583045196533203125e+01
9.714234161376953125e+01
9.349111938476562500e+01
9.386271667480468750e+01
9.423430633544921875e+01
9.460589599609375000e+01
7.036933898925781250e+01
7.173411560058593750e+01
7.309889221191406250e+01
7.582844543457031250e+01
7.973477172851562500e+01
8.052349090576171875e+01
8.131221771240234375e+01
8.210093688964843750e+01
8.288965606689453125e+01
7.648085784912109375e+01
7.684170532226562500e+01
7.720256042480468750e+01
7.756340789794921875e+01
7.792425537109375000e+01
7.864595794677734375e+01
7.978559875488281250e+01
8.011061859130859375e+01
8.043564605712890625e+01
8.076066589355468750e+01
8.141071319580078125e+01
8.206076049804687500e+01
8.271080780029296875e+01
8.336084747314453125e+01
8.441314697265625000e+01
8.579410552978515625e+01
8.717505645751953125e+01
8.855600738525390625e+01
9.131791687011718750e+01
7.108755493164062500e+01
7.142166900634765625e+01
7.275811767578125000e+01
7.476279449462890625e+01
7.543102264404296875e+01
7.218128967285156250e+01
7.279683685302734375e+01
7.341237640380859375e+01
7.402791595458984375e+01
7.587454223632812500e+01
6.762899780273437500e+01
6.879830932617187500e+01
6.996762084960937500e+01
7.113693237304687500e+01
7.230625152587890625e+01
7.581418609619140625e+01
7.932212829589843750e+01
8.166075134277343750e+01
5.761637115478515625e+01
5.791503524780273438e+01
5.821369552612304688e+01
5.881101989746093750e+01
5.940834045410156250e+01
6.030432128906250000e+01
6.474979400634765625e+01
6.522340393066406250e+01
6.569700622558593750e+01
6.664421081542968750e+01
6.853862762451171875e+01
6.948583221435546875e+01
7.043303680419921875e+01
6.790032196044921875e+01
6.826428222656250000e+01
6.862824249267578125e+01
6.899220275878906250e+01
6.935616302490234375e+01
7.081201171875000000e+01
7.153993225097656250e+01
7.226785278320312500e+01
7.341968536376953125e+01
7.383375549316406250e+01
7.424782562255859375e+01
7.507596588134765625e+01
7.590410614013671875e+01
7.673223876953125000e+01
7.756037902832031250e+01
7.838851928710937500e+01
7.072875976562500000e+01
7.163508605957031250e+01
7.254141998291015625e+01
7.435407257080078125e+01
7.584091949462890625e+01
7.602641296386718750e+01
7.621190643310546875e+01
7.658289337158203125e+01
7.695388031005859375e+01
7.732486724853515625e+01
7.806684875488281250e+01
7.074710083007812500e+01
7.134946441650390625e+01
7.195182800292968750e+01
7.315655517578125000e+01
7.436128234863281250e+01
7.853437805175781250e+01
7.915348052978515625e+01
7.977257537841796875e+01
8.101077270507812500e+01
8.777956390380859375e+01
8.832092285156250000e+01
8.886228179931640625e+01
8.940364074707031250e+01
9.650961303710937500e+01
9.710947418212890625e+01
9.770933532714843750e+01
9.830919647216796875e+01
9.890905761718750000e+01
7.462474822998046875e+01
7.582403564453125000e+01
7.702331542968750000e+01
7.822260284423828125e+01
7.942188262939453125e+01
8.182044982910156250e+01
8.421901702880859375e+01
8.377712249755859375e+01
8.438887786865234375e+01
8.500062561035156250e+01
8.561238098144531250e+01
8.622412872314453125e+01
8.744763183593750000e+01
8.867113494873046875e+01
8.989463806152343750e+01
9.111814117431640625e+01
7.205513000488281250e+01
7.269902038574218750e+01
7.334292602539062500e+01
7.463071441650390625e+01
7.978189849853515625e+01
7.734473419189453125e+01
7.808889770507812500e+01
7.957720947265625000e+01
8.106552886962890625e+01
8.255384826660156250e+01
8.797773742675781250e+01
8.878639984130859375e+01
8.959506225585937500e+01
9.040372467041015625e+01
9.121238708496093750e+01
8.760208129882812500e+01
8.880855560302734375e+01
9.122151947021484375e+01
9.242800140380859375e+01
6.756510925292968750e+01
6.876458740234375000e+01
6.996406555175781250e+01
7.476197814941406250e+01
7.955989074707031250e+01
8.435780334472656250e+01
5.982193756103515625e+01
6.050534820556640625e+01
6.118876266479492188e+01
6.255558395385742188e+01
6.597264099121093750e+01
6.665605163574218750e+01
6.802287292480468750e+01
6.938969421386718750e+01
6.931288146972656250e+01
6.961224365234375000e+01
6.991159820556640625e+01
7.051030731201171875e+01
8.227264404296875000e+01
8.288842773437500000e+01
8.350420379638671875e+01
8.473576354980468750e+01
8.596731567382812500e+01
8.719887542724609375e+01
8.966198730468750000e+01
8.276586914062500000e+01
8.300790405273437500e+01
8.324993896484375000e+01
8.373401641845703125e+01
7.632402801513671875e+01
7.653665924072265625e+01
7.674928283691406250e+01
7.717453765869140625e+01
7.759979248046875000e+01
7.802504730224609375e+01
7.845030212402343750e+01
7.887555694580078125e+01
7.322140502929687500e+01
7.351997375488281250e+01
7.381853485107421875e+01
7.441566467285156250e+01
7.501279449462890625e+01
7.620704650878906250e+01
7.740130615234375000e+01
9.537034606933593750e+01
9.634206390380859375e+01
9.731378173828125000e+01
9.828550720214843750e+01
9.925722503662109375e+01
8.843753051757812500e+01
9.045802307128906250e+01
9.247851562500000000e+01
9.449900817871093750e+01
8.320436859130859375e+01
8.373526763916015625e+01
8.426616668701171875e+01
8.532796478271484375e+01
8.957514953613281250e+01
8.489637756347656250e+01
8.601392364501953125e+01
8.713146972656250000e+01
8.936655426025390625e+01
6.939898681640625000e+01
6.971534729003906250e+01
7.003170776367187500e+01
7.066442108154296875e+01
7.192985534667968750e+01
7.256257629394531250e+01
7.319528961181640625e+01
7.382801055908203125e+01
7.421351623535156250e+01
7.458579254150390625e+01
7.495806884765625000e+01
7.533033752441406250e+01
7.570261383056640625e+01
7.266338348388671875e+01
7.339037322998046875e+01
7.484434509277343750e+01
7.629831695556640625e+01
7.775228881835937500e+01
7.920626831054687500e+01
8.066024017333984375e+01
8.211421203613281250e+01
7.935683441162109375e+01
8.036702728271484375e+01
8.137722778320312500e+01
8.339762115478515625e+01
8.541801452636718750e+01
8.105754089355468750e+01
8.140948486328125000e+01
8.211336517333984375e+01
8.246530914306640625e+01
7.983021545410156250e+01
8.091800689697265625e+01
8.200580596923828125e+01
8.418138885498046875e+01
6.821980285644531250e+01
6.870623779296875000e+01
6.919266510009765625e+01
6.967909240722656250e+01
7.334097290039062500e+01
7.444360351562500000e+01
7.591378784179687500e+01
7.664888000488281250e+01
7.885415649414062500e+01
6.965424346923828125e+01
7.020938110351562500e+01
7.131967163085937500e+01
7.242995452880859375e+01
7.409538269042968750e+01
7.631595611572265625e+01
7.742623901367187500e+01
8.394923400878906250e+01
8.474230957031250000e+01
8.553540039062500000e+01
8.712155914306640625e+01
8.090292358398437500e+01
8.149473571777343750e+01
8.208654022216796875e+01
8.386196136474609375e+01
6.822888946533203125e+01
6.872855377197265625e+01
6.922822570800781250e+01
7.022756195068359375e+01
7.122689819335937500e+01
7.222622680664062500e+01
6.236599731445312500e+01
6.298296356201171875e+01
6.359992980957031250e+01
6.483386230468750000e+01
6.606779479980468750e+01
6.992852020263671875e+01
7.042256927490234375e+01
7.141065979003906250e+01
7.239875793457031250e+01
7.338684844970703125e+01
7.437494659423828125e+01
7.882136535644531250e+01
7.732217407226562500e+01
7.791563415527343750e+01
7.850909423828125000e+01
7.969602203369140625e+01
8.376369476318359375e+01
8.888990783691406250e+01
9.059864807128906250e+01
9.401612091064453125e+01
7.910442352294921875e+01
7.966320037841796875e+01
8.022198486328125000e+01
8.078076171875000000e+01
8.133953857421875000e+01
8.245709228515625000e+01
8.357465362548828125e+01
8.469220733642578125e+01
8.580976867675781250e+01
7.598477935791015625e+01
7.778586578369140625e+01
7.958695220947265625e+01
8.318912506103515625e+01
8.679129028320312500e+01
7.073618316650390625e+01
7.154282379150390625e+01
7.234947204589843750e+01
7.718933868408203125e+01
8.041591644287109375e+01
8.364249420166015625e+01
8.737833404541015625e+01
8.828447723388671875e+01
8.919062042236328125e+01
9.100289916992187500e+01
9.281518554687500000e+01
7.911984252929687500e+01
8.043590545654296875e+01
8.175197601318359375e+01
8.438410186767578125e+01
8.339367675781250000e+01
8.402603912353515625e+01
8.465840911865234375e+01
8.529077148437500000e+01
8.592314147949218750e+01
7.200021362304687500e+01
7.213823699951171875e+01
7.227626800537109375e+01
7.255232238769531250e+01
7.994905853271484375e+01
8.044799041748046875e+01
8.294267272949218750e+01
8.394054412841796875e+01
8.493841552734375000e+01
8.983168792724609375e+01
9.039007568359375000e+01
9.094846343994140625e+01
9.150685119628906250e+01
6.743576812744140625e+01
6.793119049072265625e+01
6.842660522460937500e+01
6.941744995117187500e+01
7.040829467773437500e+01
8.015529632568359375e+01
8.130953216552734375e+01
8.477224731445312500e+01
8.938920593261718750e+01
7.451164245605468750e+01
7.474649047851562500e+01
7.498133850097656250e+01
7.545102691650390625e+01
7.568587493896484375e+01
7.979953002929687500e+01
8.080084228515625000e+01
8.130150604248046875e+01
8.180216217041015625e+01
6.803133392333984375e+01
7.063691711425781250e+01
7.324250793457031250e+01
7.584809112548828125e+01
8.366484069824218750e+01
7.459137725830078125e+01
7.621945190429687500e+01
7.784751892089843750e+01
7.947559356689453125e+01
8.598787689208984375e+01
7.599596405029296875e+01
7.655884552001953125e+01
7.712172698974609375e+01
7.824748992919921875e+01
7.937326049804687500e+01
8.159019470214843750e+01
8.286733245849609375e+01
8.414447784423828125e+01
8.542161560058593750e+01
7.612660217285156250e+01
7.713532257080078125e+01
7.814404296875000000e+01
7.915276336669921875e+01
8.117019653320312500e+01
7.582319641113281250e+01
7.597437286376953125e+01
7.612554931640625000e+01
7.642790222167968750e+01
7.835640716552734375e+01
7.851599884033203125e+01
7.867558288574218750e+01
7.899475860595703125e+01
7.931393432617187500e+01
6.794674682617187500e+01
6.946705627441406250e+01
7.098737335205078125e+01
7.250768280029296875e+01
7.402799224853515625e+01
7.706861114501953125e+01
8.010923767089843750e+01
8.314985656738281250e+01
8.619048309326171875e+01
7.965759277343750000e+01
8.008118438720703125e+01
8.050477600097656250e+01
8.092836761474609375e+01
8.135195159912109375e+01
7.588508605957031250e+01
7.600795745849609375e+01
7.613082885742187500e+01
7.637657165527343750e+01
7.662231445312500000e+01
6.745858001708984375e+01
6.817262268066406250e+01
6.888667297363281250e+01
6.960071563720703125e+01
7.031476593017578125e+01
8.398371124267578125e+01
8.703908538818359375e+01
9.009445953369140625e+01
9.314983367919921875e+01
7.982710266113281250e+01
7.995948028564453125e+01
8.009185791015625000e+01
8.022423553466796875e+01
8.596833038330078125e+01
8.785999298095703125e+01
8.975165557861328125e+01
9.353497314453125000e+01
7.028003692626953125e+01
7.067785644531250000e+01
7.107567596435546875e+01
7.147349548339843750e+01
7.187131500244140625e+01
7.266694641113281250e+01
7.346258544921875000e+01
7.425822448730468750e+01
7.505385589599609375e+01
7.584949493408203125e+01
8.164184570312500000e+01
8.220149993896484375e+01
8.276115417480468750e+01
8.388046264648437500e+01
8.611907196044921875e+01
8.835768127441406250e+01
7.938710784912109375e+01
7.973663330078125000e+01
8.008615875244140625e+01
8.043568420410156250e+01
8.078520965576171875e+01
7.215287780761718750e+01
7.269850921630859375e+01
7.324414062500000000e+01
7.760918426513671875e+01
7.870044708251953125e+01
7.110478210449218750e+01
7.188481140136718750e+01
7.422489929199218750e+01
7.734500885009765625e+01
8.046512603759765625e+01
8.428108215332031250e+01
8.521353149414062500e+01
8.614598083496093750e+01
8.707843017578125000e+01
8.217655181884765625e+01
8.258280181884765625e+01
8.298905181884765625e+01
8.339530181884765625e+01
8.380155181884765625e+01
6.637617492675781250e+01
6.669304656982421875e+01
6.700991821289062500e+01
6.764366149902343750e+01
6.827740478515625000e+01
6.954489135742187500e+01
7.017863464355468750e+01
7.081237792968750000e+01
7.207986450195312500e+01
8.660699462890625000e+01
8.738368225097656250e+01
8.816036987304687500e+01
8.893706512451171875e+01
7.906983184814453125e+01
8.090625000000000000e+01
8.274266815185546875e+01
8.457908630371093750e+01
9.008834838867187500e+01
9.376118469238281250e+01
9.743402862548828125e+01
8.716062927246093750e+01
8.926793670654296875e+01
9.137524414062500000e+01
9.348255157470703125e+01
9.769716644287109375e+01
7.325831604003906250e+01
7.346203613281250000e+01
7.366576385498046875e+01
7.407321166992187500e+01
7.448065948486328125e+01
7.573285675048828125e+01
7.589068603515625000e+01
7.604851531982421875e+01
7.636416625976562500e+01
7.519002532958984375e+01
7.568098449707031250e+01
7.617195129394531250e+01
7.813581085205078125e+01
6.892884063720703125e+01
6.944770812988281250e+01
6.996658325195312500e+01
7.307979583740234375e+01
7.411753082275390625e+01
7.515527343750000000e+01
7.619300842285156250e+01
7.723074340820312500e+01
8.421012878417968750e+01
8.501055908203125000e+01
8.581099700927734375e+01
8.661143493652343750e+01
8.741186523437500000e+01
9.061360931396484375e+01
7.564447784423828125e+01
7.673213195800781250e+01
7.781978607177734375e+01
7.890744018554687500e+01
7.999508666992187500e+01
9.234488677978515625e+01
9.286775970458984375e+01
9.339062500000000000e+01
9.443637084960937500e+01
7.036128234863281250e+01
7.070576477050781250e+01
7.139472961425781250e+01
7.277266693115234375e+01
7.380612182617187500e+01
8.294460296630859375e+01
8.360842132568359375e+01
8.427223968505859375e+01
8.493606567382812500e+01
8.605292510986328125e+01
8.665855407714843750e+01
8.786980438232421875e+01
8.908106231689453125e+01
8.177777862548828125e+01
8.225256347656250000e+01
8.415171051025390625e+01
8.510128784179687500e+01
8.605085754394531250e+01
7.428783416748046875e+01
7.476555633544921875e+01
7.572100067138671875e+01
7.619872283935546875e+01
7.715416717529296875e+01
7.906506347656250000e+01
7.954278564453125000e+01
6.795490264892578125e+01
6.955660247802734375e+01
7.115830230712890625e+01
7.276000213623046875e+01
7.756510925292968750e+01
8.076851654052734375e+01
8.717532348632812500e+01
9.037872314453125000e+01
7.943510437011718750e+01
7.992916107177734375e+01
8.042321777343750000e+01
8.141133117675781250e+01
8.239943695068359375e+01
8.474463653564453125e+01
8.664186096191406250e+01
8.853909301757812500e+01
9.043632507324218750e+01
1.037169418334960938e+02
8.044730377197265625e+01
8.100326538085937500e+01
8.155923461914062500e+01
8.211519622802734375e+01
8.267115783691406250e+01
8.378308105468750000e+01
8.600693511962890625e+01
8.419255828857421875e+01
8.670793914794921875e+01
8.922331237792968750e+01
9.173869323730468750e+01
9.425406646728515625e+01
9.928482055664062500e+01
1.043155746459960938e+02
6.515261840820312500e+01
6.565565490722656250e+01
6.615869140625000000e+01
6.716475677490234375e+01
6.817082214355468750e+01
6.917689514160156250e+01
7.118902587890625000e+01
6.926233673095703125e+01
6.980442047119140625e+01
7.034650421142578125e+01
7.143067169189453125e+01
7.072156524658203125e+01
7.091783142089843750e+01
7.111410522460937500e+01
7.150665283203125000e+01
7.189919281005859375e+01
7.307682800292968750e+01
8.313363647460937500e+01
8.468521881103515625e+01
8.623679351806640625e+01
8.778837585449218750e+01
8.933995056152343750e+01
7.433094787597656250e+01
7.530338287353515625e+01
7.627582550048828125e+01
7.724826049804687500e+01
8.211045074462890625e+01
8.389837646484375000e+01
8.436019134521484375e+01
8.482200622558593750e+01
8.528382110595703125e+01
8.574563598632812500e+01
8.666926574707031250e+01
8.759289550781250000e+01
8.851652526855468750e+01
8.694430541992187500e+01
8.815509796142578125e+01
8.936589813232421875e+01
9.057669830322265625e+01
9.420909118652343750e+01
9.905229187011718750e+01
7.742292785644531250e+01
7.820275878906250000e+01
7.859267425537109375e+01
7.937251281738281250e+01
8.015234375000000000e+01
9.440443420410156250e+01
9.488114166259765625e+01
9.535784912109375000e+01
9.583454895019531250e+01
9.726467132568359375e+01
7.429341888427734375e+01
7.455910491943359375e+01
7.482478332519531250e+01
7.641888427734375000e+01
7.695024871826171875e+01
7.748162078857421875e+01
7.801298522949218750e+01
7.084320068359375000e+01
7.171556854248046875e+01
7.258792877197265625e+01
7.433265686035156250e+01
7.607737731933593750e+01
7.567073059082031250e+01
7.682840728759765625e+01
7.798607635498046875e+01
8.261677551269531250e+01
8.493212890625000000e+01
7.653861999511718750e+01
8.261451721191406250e+01
8.565246582031250000e+01
8.869040679931640625e+01
6.143148803710937500e+01
6.183702087402343750e+01
6.224255752563476562e+01
6.264809036254882812e+01
6.386469268798828125e+01
6.508129882812500000e+01
6.629789733886718750e+01
7.764783477783203125e+01
7.802738952636718750e+01
7.840694427490234375e+01
7.878649902343750000e+01
7.954560089111328125e+01
7.530039978027343750e+01
7.609650421142578125e+01
7.689260864257812500e+01
8.047509002685546875e+01
8.166925048828125000e+01
8.034308624267578125e+01
8.062656402587890625e+01
8.119351196289062500e+01
8.147698974609375000e+01
8.204394531250000000e+01
7.323419189453125000e+01
7.366669464111328125e+01
7.409919738769531250e+01
7.453170013427734375e+01
7.496419525146484375e+01
7.582920074462890625e+01
7.669420623779296875e+01
7.755920410156250000e+01
7.842420959472656250e+01
8.015421295166015625e+01
7.962998199462890625e+01
7.992916870117187500e+01
8.022835540771484375e+01
8.082672882080078125e+01
6.466395568847656250e+01
6.497001647949218750e+01
6.527606201171875000e+01
6.588816833496093750e+01
6.650027465820312500e+01
7.753238677978515625e+01
7.854212951660156250e+01
7.904699707031250000e+01
7.955186462402343750e+01
8.056160736083984375e+01
8.157134246826171875e+01
8.258108520507812500e+01
6.561804199218750000e+01
6.631610870361328125e+01
6.701417541503906250e+01
6.841030883789062500e+01
6.980644226074218750e+01
7.120257568359375000e+01
7.259870910644531250e+01
7.399484252929687500e+01
8.131681060791015625e+01
8.163463592529296875e+01
8.195246124267578125e+01
8.227029418945312500e+01
6.913354492187500000e+01
7.039707183837890625e+01
7.166059112548828125e+01
7.292411804199218750e+01
7.418764495849609375e+01
7.671469116210937500e+01
8.429584503173828125e+01
7.993346405029296875e+01
8.062759399414062500e+01
8.132172393798828125e+01
8.201585388183593750e+01
8.757571411132812500e+01
8.805828857421875000e+01
8.854087066650390625e+01
8.902345275878906250e+01
6.655660247802734375e+01
6.809016418457031250e+01
6.962372589111328125e+01
7.115727996826171875e+01
7.729151916503906250e+01
8.035864257812500000e+01
8.774137115478515625e+01
8.828374481201171875e+01
8.882611846923828125e+01
8.936848449707031250e+01
8.991085815429687500e+01
9.099559783935546875e+01
7.910637664794921875e+01
8.018286895751953125e+01
8.125936126708984375e+01
8.233585357666015625e+01
8.341233825683593750e+01
6.531513977050781250e+01
6.570300292968750000e+01
6.609086608886718750e+01
6.647872924804687500e+01
6.686659240722656250e+01
6.764231872558593750e+01
6.841803741455078125e+01
6.919376373291015625e+01
6.996949005126953125e+01
6.294905853271484375e+01
6.384954071044921875e+01
6.475003051757812500e+01
6.655099487304687500e+01
6.835195922851562500e+01
7.105341339111328125e+01
7.285437774658203125e+01
7.201802825927734375e+01
7.279759216308593750e+01
7.357714843750000000e+01
7.435670471191406250e+01
7.669538116455078125e+01
7.825449371337890625e+01
7.981360626220703125e+01
7.515413665771484375e+01
7.586225128173828125e+01
7.657035827636718750e+01
7.798657989501953125e+01
7.940280914306640625e+01
8.303927612304687500e+01
8.336300659179687500e+01
8.368673706054687500e+01
8.401045989990234375e+01
8.433419036865234375e+01
7.439165496826171875e+01
7.458546447753906250e+01
7.497308349609375000e+01
7.516689300537109375e+01
8.569773864746093750e+01
8.619712066650390625e+01
8.669650268554687500e+01
8.769526672363281250e+01
7.566117858886718750e+01
7.589871978759765625e+01
7.613626098632812500e+01
7.637379455566406250e+01
7.684887695312500000e+01
7.732395935058593750e+01
7.827412414550781250e+01
7.874921417236328125e+01
7.922429656982421875e+01
8.404981994628906250e+01
8.476258087158203125e+01
8.547534179687500000e+01
8.690085601806640625e+01
7.788471221923828125e+01
7.830798339843750000e+01
7.915451049804687500e+01
7.957777404785156250e+01
6.860929107666015625e+01
6.935325622558593750e+01
7.009721374511718750e+01
7.307307434082031250e+01
7.604892730712890625e+01
7.753685760498046875e+01
8.046176910400390625e+01
8.107065582275390625e+01
8.167954254150390625e+01
8.289731597900390625e+01
8.950907135009765625e+01
9.114055633544921875e+01
9.277204895019531250e+01
9.603501892089843750e+01
7.105340576171875000e+01
7.167148590087890625e+01
7.290763854980468750e+01
7.352571105957031250e+01
6.669116973876953125e+01
6.723525238037109375e+01
6.777932739257812500e+01
6.832340240478515625e+01
6.886747741699218750e+01
6.995563507080078125e+01
7.417636108398437500e+01
7.490857696533203125e+01
7.564079284667968750e+01
7.637300872802734375e+01
8.003408050537109375e+01
8.149851226806640625e+01
8.296294403076171875e+01
8.442736816406250000e+01
7.864578247070312500e+01
7.917539215087890625e+01
7.970500946044921875e+01
8.023461914062500000e+01
8.076423645019531250e+01
8.288269042968750000e+01
8.394191741943359375e+01
8.500114440917968750e+01
6.095237350463867188e+01
6.156611633300781250e+01
6.217985916137695312e+01
6.340734481811523438e+01
6.463482666015625000e+01
7.866779327392578125e+01
7.967440795898437500e+01
8.068102264404296875e+01
8.269424438476562500e+01
8.470747375488281250e+01
8.672069549560546875e+01
7.199884033203125000e+01
7.243418884277343750e+01
7.374021148681640625e+01
7.461089324951171875e+01
7.548158264160156250e+01
7.635226440429687500e+01
7.722295379638671875e+01
7.809363555908203125e+01
8.305082702636718750e+01
8.418395233154296875e+01
8.531707763671875000e+01
8.645020294189453125e+01
8.814988708496093750e+01
8.928301239013671875e+01
7.609789276123046875e+01
7.647472381591796875e+01
7.685155487060546875e+01
7.760521697998046875e+01
7.835887145996093750e+01
7.986619567871093750e+01
9.218347930908203125e+01
9.272998809814453125e+01
9.436950683593750000e+01
9.546251678466796875e+01
7.770304870605468750e+01
8.077507019042968750e+01
8.384709167480468750e+01
8.691911315917968750e+01
8.999113464355468750e+01
9.613516998291015625e+01
8.878481292724609375e+01
8.966194152832031250e+01
9.053907775878906250e+01
9.229335021972656250e+01
6.355871582031250000e+01
6.423464202880859375e+01
6.491056060791015625e+01
6.626241302490234375e+01
6.761425781250000000e+01
8.430375671386718750e+01
8.528968048095703125e+01
8.594696807861328125e+01
8.660424804687500000e+01
6.809328460693359375e+01
6.860216522216796875e+01
6.911104583740234375e+01
6.961992645263671875e+01
7.012881469726562500e+01
6.216017913818359375e+01
6.265625381469726562e+01
6.315232849121093750e+01
6.414448547363281250e+01
6.513663482666015625e+01
6.612879180908203125e+01
6.712094116210937500e+01
6.811309814453125000e+01
8.495372009277343750e+01
8.599897766113281250e+01
8.704424285888671875e+01
8.808950042724609375e+01
8.913476562500000000e+01
7.349666595458984375e+01
7.401869201660156250e+01
7.454072570800781250e+01
7.558477783203125000e+01
7.662883758544921875e+01
7.817614746093750000e+01
7.856484222412109375e+01
7.895352935791015625e+01
7.934222412109375000e+01
8.050830841064453125e+01
8.206307983398437500e+01
6.741734313964843750e+01
6.763488769531250000e+01
6.806997680664062500e+01
6.959280395507812500e+01
7.002790069580078125e+01
8.381820678710937500e+01
8.469005584716796875e+01
8.556191253662109375e+01
8.643376159667968750e+01
8.730561828613281250e+01
6.309579086303710938e+01
6.408074188232421875e+01
6.506569671630859375e+01
6.703559875488281250e+01
6.900550842285156250e+01
7.294532012939453125e+01
7.491522216796875000e+01
6.491030883789062500e+01
6.526059722900390625e+01
6.561087799072265625e+01
6.631144714355468750e+01
6.701200866699218750e+01
7.580940246582031250e+01
7.830255126953125000e+01
8.578198242187500000e+01
8.827512359619140625e+01
6.003548812866210938e+01
6.057315826416015625e+01
6.111082839965820312e+01
6.218616867065429688e+01
6.433685302734375000e+01
7.333967590332031250e+01
7.353462219238281250e+01
7.372956848144531250e+01
7.392451477050781250e+01
7.411946868896484375e+01
7.470430755615234375e+01
7.528140258789062500e+01
7.671887969970703125e+01
7.815636444091796875e+01
7.887510681152343750e+01
7.959384918212890625e+01
8.031258392333984375e+01
8.103132629394531250e+01
7.244945526123046875e+01
7.269804382324218750e+01
7.294662475585937500e+01
7.319521331787109375e+01
7.344379425048828125e+01
5.957888793945312500e+01
6.070715332031250000e+01
6.183542251586914062e+01
6.409195709228515625e+01
6.634849548339843750e+01
8.590505981445312500e+01
8.670768737792968750e+01
8.751031494140625000e+01
8.831294250488281250e+01
8.991820526123046875e+01
9.152346038818359375e+01
9.312872314453125000e+01
7.499900054931640625e+01
7.570059204101562500e+01
7.640219116210937500e+01
7.710379028320312500e+01
7.780538940429687500e+01
7.920858764648437500e+01
8.061178588867187500e+01
8.201498413085937500e+01
8.348499298095703125e+01
8.412071990966796875e+01
8.475644683837890625e+01
8.539217376708984375e+01
7.262785339355468750e+01
7.284600067138671875e+01
7.306414031982421875e+01
7.328228759765625000e+01
7.350043487548828125e+01
6.712365722656250000e+01
6.734472656250000000e+01
6.756578826904296875e+01
6.800791931152343750e+01
6.845004272460937500e+01
6.889217376708984375e+01
6.977642822265625000e+01
7.021855163574218750e+01
7.986476135253906250e+01
8.237017822265625000e+01
8.487560272216796875e+01
8.738102722167968750e+01
8.988644409179687500e+01
9.489728546142578125e+01
7.726580047607421875e+01
7.737300872802734375e+01
7.748020935058593750e+01
7.769461822509765625e+01
7.134103393554687500e+01
7.378860473632812500e+01
7.623617553710937500e+01
7.745996093750000000e+01
7.990752410888671875e+01
6.159722900390625000e+01
6.190245819091796875e+01
6.220768737792968750e+01
6.281814193725585938e+01
6.342859649658203125e+01
6.464950561523437500e+01
8.664057922363281250e+01
8.829917907714843750e+01
8.995777893066406250e+01
9.161637878417968750e+01
7.867943572998046875e+01
8.002627563476562500e+01
8.137311553955078125e+01
8.271994781494140625e+01
8.406678771972656250e+01
8.655793762207031250e+01
8.824471282958984375e+01
8.908809661865234375e+01
8.993148040771484375e+01
9.161825561523437500e+01
7.964119720458984375e+01
8.004232025146484375e+01
8.044344329833984375e+01
8.084456634521484375e+01
8.124568939208984375e+01
8.204793548583984375e+01
8.285018157958984375e+01
8.365242767333984375e+01
8.445467376708984375e+01
6.589176940917968750e+01
6.631377410888671875e+01
6.673577117919921875e+01
6.757977294921875000e+01
6.842377471923828125e+01
8.662300109863281250e+01
8.721002960205078125e+01
8.779705810546875000e+01
8.897110748291015625e+01
7.782277679443359375e+01
7.828413391113281250e+01
7.874549865722656250e+01
7.920685577392578125e+01
7.966821289062500000e+01
7.834990692138671875e+01
7.909917449951171875e+01
7.984844207763671875e+01
8.059770965576171875e+01
8.134698486328125000e+01
8.284552001953125000e+01
8.321356201171875000e+01
8.388232421875000000e+01
8.521984100341796875e+01
8.655735015869140625e+01
8.815483856201171875e+01
8.958944702148437500e+01
9.102406311035156250e+01
9.245867156982421875e+01
9.389328002929687500e+01
9.676250457763671875e+01
9.963172912597656250e+01
1.025009460449218750e+02
1.053701705932617188e+02
7.201894378662109375e+01
7.327083587646484375e+01
7.452272796630859375e+01
7.577462005615234375e+01
7.702651977539062500e+01
8.203409576416015625e+01
7.234735870361328125e+01
7.275073242187500000e+01
7.396086883544921875e+01
7.436425018310546875e+01
8.797077941894531250e+01
8.861720275878906250e+01
8.991004943847656250e+01
9.055646514892578125e+01
9.184931182861328125e+01
7.536587524414062500e+01
7.579180145263671875e+01
7.621772003173828125e+01
7.706956481933593750e+01
9.069232940673828125e+01
9.137051391601562500e+01
9.204869842529296875e+01
9.272688293457031250e+01
9.340506744384765625e+01
9.476142883300781250e+01
8.689562988281250000e+01
8.995100402832031250e+01
9.300637817382812500e+01
9.606175231933593750e+01
9.911712646484375000e+01
6.718838500976562500e+01
6.748886108398437500e+01
6.778933715820312500e+01
6.839028167724609375e+01
6.899123382568359375e+01
7.307878112792968750e+01
7.384303283691406250e+01
7.690005493164062500e+01
7.766430664062500000e+01
7.842856597900390625e+01
7.919281768798828125e+01
7.485266113281250000e+01
7.532205963134765625e+01
7.579145812988281250e+01
7.626085662841796875e+01
7.673025512695312500e+01
7.766905212402343750e+01
7.860784149169921875e+01
8.095483398437500000e+01
8.236302185058593750e+01
7.744518280029296875e+01
7.840514373779296875e+01
7.936510467529296875e+01
8.032506561279296875e+01
8.128502655029296875e+01
8.320495605468750000e+01
8.512487792968750000e+01
7.614563751220703125e+01
7.695404815673828125e+01
7.776245880126953125e+01
8.099610137939453125e+01
7.920587921142578125e+01
7.987602233886718750e+01
8.054617309570312500e+01
8.188645935058593750e+01
8.456703948974609375e+01
8.590733337402343750e+01
8.724762725830078125e+01
5.956578063964843750e+01
5.978400802612304688e+01
6.043869018554687500e+01
6.087514495849609375e+01
6.131159973144531250e+01
5.908551788330078125e+01
5.953750610351562500e+01
5.998948669433593750e+01
6.089345932006835938e+01
6.179743194580078125e+01
6.360537338256835938e+01
7.067668151855468750e+01
7.113378906250000000e+01
7.159090423583984375e+01
7.250512695312500000e+01
7.341934967041015625e+01
6.141213226318359375e+01
6.171464538574218750e+01
6.201716232299804688e+01
6.262219238281250000e+01
6.322722625732421875e+01
6.457954406738281250e+01
6.485227966308593750e+01
6.512502288818359375e+01
6.567050170898437500e+01
8.002900695800781250e+01
8.069743347167968750e+01
8.136585235595703125e+01
8.270269775390625000e+01
8.403955078125000000e+01
5.994445419311523438e+01
6.063752365112304688e+01
6.133059310913085938e+01
6.271673202514648438e+01
6.410287475585937500e+01
6.548901367187500000e+01
8.041275024414062500e+01
8.077146148681640625e+01
8.113017272949218750e+01
8.184759521484375000e+01
8.615077972412109375e+01
8.657322692871093750e+01
8.699568176269531250e+01
8.784057617187500000e+01
8.182030487060546875e+01
8.248940277099609375e+01
8.315850067138671875e+01
8.449668884277343750e+01
7.262263488769531250e+01
7.312285614013671875e+01
7.362307739257812500e+01
7.462351226806640625e+01
7.126531219482421875e+01
7.319151306152343750e+01
7.511771392822265625e+01
8.282252502441406250e+01
8.667492675781250000e+01
6.717797851562500000e+01
6.820573425292968750e+01
6.923348999023437500e+01
7.026124572753906250e+01
7.128900909423828125e+01
7.191544342041015625e+01
7.223241424560546875e+01
7.286635589599609375e+01
7.350029754638671875e+01
8.423342132568359375e+01
8.456870269775390625e+01
8.490398406982421875e+01
8.557453918457031250e+01
7.623335266113281250e+01
7.655432891845703125e+01
7.687531280517578125e+01
7.751727294921875000e+01
6.460830688476562500e+01
6.536211395263671875e+01
6.611591339111328125e+01
6.686971282958984375e+01
6.762351989746093750e+01
6.975923156738281250e+01
7.002607727050781250e+01
7.029292297363281250e+01
7.082662200927734375e+01
7.136031341552734375e+01
7.189401245117187500e+01
7.655503082275390625e+01
7.692161560058593750e+01
7.728820800781250000e+01
7.802137756347656250e+01
7.948773193359375000e+01
7.727777862548828125e+01
7.751212310791015625e+01
7.774646759033203125e+01
7.821514892578125000e+01
7.915251922607421875e+01
6.906693267822265625e+01
6.967682647705078125e+01
7.028671264648437500e+01
7.150650024414062500e+01
7.394606018066406250e+01
5.916175842285156250e+01
5.961230850219726562e+01
6.006285476684570312e+01
6.096395111083984375e+01
7.605718994140625000e+01
7.630889129638671875e+01
7.656059265136718750e+01
7.706398773193359375e+01
8.225536346435546875e+01
8.331758117675781250e+01
8.437979125976562500e+01
8.650421142578125000e+01
8.862863159179687500e+01
9.287747192382812500e+01
7.285374450683593750e+01
7.364332580566406250e+01
7.443290710449218750e+01
7.522248840332031250e+01
7.680165863037109375e+01
6.919512939453125000e+01
6.955857849121093750e+01
6.992202758789062500e+01
7.064892578125000000e+01
7.137581634521484375e+01
7.210271453857421875e+01
6.490126037597656250e+01
6.550079345703125000e+01
6.610032653808593750e+01
6.669985961914062500e+01
6.729940032958984375e+01
8.167089843750000000e+01
8.205319976806640625e+01
8.243550872802734375e+01
8.320011901855468750e+01
8.396473693847656250e+01
7.766968536376953125e+01
7.847097778320312500e+01
7.927227783203125000e+01
8.007357025146484375e+01
8.087486267089843750e+01
8.022447204589843750e+01
8.052334594726562500e+01
8.082222747802734375e+01
8.141999053955078125e+01
8.201774597167968750e+01
6.557440185546875000e+01
6.605683898925781250e+01
6.653928375244140625e+01
6.750416564941406250e+01
6.287815475463867188e+01
6.338351440429687500e+01
6.388887786865234375e+01
6.489959716796875000e+01
6.591031646728515625e+01
6.692104339599609375e+01
6.672792053222656250e+01
6.716535949707031250e+01
6.760279846191406250e+01
6.847767639160156250e+01
6.935254669189453125e+01
7.022742462158203125e+01
7.943429565429687500e+01
7.977947998046875000e+01
8.081501007080078125e+01
8.150536346435546875e+01
7.241531372070312500e+01
7.260025787353515625e+01
7.278520965576171875e+01
7.352499389648437500e+01
6.610556030273437500e+01
6.645199584960937500e+01
6.679842376708984375e+01
6.749128723144531250e+01
6.818415069580078125e+01
6.887701416015625000e+01
7.938865661621093750e+01
7.961318206787109375e+01
8.028675842285156250e+01
8.073580932617187500e+01
8.118485260009765625e+01
6.479839324951171875e+01
6.499614715576171875e+01
6.519390869140625000e+01
6.558941650390625000e+01
6.638044738769531250e+01
8.080809783935546875e+01
8.118877410888671875e+01
8.156944274902343750e+01
8.233078765869140625e+01
6.290770721435546875e+01
6.317057800292968750e+01
6.343344116210937500e+01
6.395917892456054688e+01
6.448490905761718750e+01
6.501065063476562500e+01
7.543163299560546875e+01
7.727323150634765625e+01
7.911482238769531250e+01
8.279801940917968750e+01
8.648121643066406250e+01
9.016441345214843750e+01
7.460258483886718750e+01
7.534170532226562500e+01
7.608083343505859375e+01
7.755908203125000000e+01
6.287839508056640625e+01
6.339025115966796875e+01
6.390210723876953125e+01
6.594953918457031250e+01
6.697325134277343750e+01
7.939459228515625000e+01
8.000019073486328125e+01
8.060578918457031250e+01
8.181698608398437500e+01
6.578232574462890625e+01
6.633248901367187500e+01
6.688265228271484375e+01
6.798298645019531250e+01
6.908332061767578125e+01
7.018364715576171875e+01
8.048410034179687500e+01
8.261218261718750000e+01
8.474027252197265625e+01
8.899644470214843750e+01
9.325262451171875000e+01
7.961311340332031250e+01
7.986361694335937500e+01
8.011412811279296875e+01
8.061513519287109375e+01
8.111614990234375000e+01
8.161715698242187500e+01
7.942047119140625000e+01
8.007820129394531250e+01
8.073592376708984375e+01
8.139365386962890625e+01
8.205137634277343750e+01
6.226390075683593750e+01
6.324479293823242188e+01
6.422568511962890625e+01
6.618746185302734375e+01
6.814923858642578125e+01
6.226806640625000000e+01
6.267352676391601562e+01
6.307898330688476562e+01
6.388990020751953125e+01
6.470081329345703125e+01
6.412797546386718750e+01
6.455713653564453125e+01
6.498629760742187500e+01
6.584462738037109375e+01
6.670294952392578125e+01
6.756127929687500000e+01
7.214239501953125000e+01
7.271432495117187500e+01
7.328624725341796875e+01
7.443010711669921875e+01
7.557395935058593750e+01
7.671781921386718750e+01
6.269198608398437500e+01
6.299059677124023438e+01
6.328920745849609375e+01
6.388642883300781250e+01
6.448365020751953125e+01
6.508087158203125000e+01
5.636402511596679688e+01
5.670721435546875000e+01
5.705040359497070312e+01
5.773678207397460938e+01
5.842316055297851562e+01
5.910953903198242188e+01
7.237185668945312500e+01
7.297298431396484375e+01
7.357411956787109375e+01
7.537751007080078125e+01
8.225909423828125000e+01
8.303524780273437500e+01
8.381140136718750000e+01
8.536370849609375000e+01
6.619570922851562500e+01
6.670301818847656250e+01
6.721033477783203125e+01
6.822495269775390625e+01
6.911489105224609375e+01
6.944219970703125000e+01
6.976951599121093750e+01
7.042413330078125000e+01
7.173337554931640625e+01
7.757363128662109375e+01
7.779150390625000000e+01
7.800938415527343750e+01
7.844513702392578125e+01
7.888088989257812500e+01
8.189653015136718750e+01
8.306216430664062500e+01
8.422779083251953125e+01
8.655905151367187500e+01
8.889031219482421875e+01
6.453247070312500000e+01
6.472460174560546875e+01
6.491674041748046875e+01
6.530101776123046875e+01
6.568529510498046875e+01
6.606956481933593750e+01
6.851897430419921875e+01
6.881410217285156250e+01
6.910923004150390625e+01
6.969948577880859375e+01
7.028974151611328125e+01
7.087999725341796875e+01
8.667163085937500000e+01
8.732124328613281250e+01
8.797085571289062500e+01
8.927008056640625000e+01
6.214576339721679688e+01
6.254678344726562500e+01
6.294780731201171875e+01
6.374985122680664062e+01
6.455189514160156250e+01
6.535393524169921875e+01
7.049338531494140625e+01
7.105464172363281250e+01
7.161589050292968750e+01
7.386089324951171875e+01
7.453367614746093750e+01
7.479267120361328125e+01
7.505166625976562500e+01
7.556965637207031250e+01
6.168463516235351562e+01
6.217547225952148438e+01
6.266630935668945312e+01
6.364798355102539062e+01
6.561133575439453125e+01
5.582798767089843750e+01
5.651509094238281250e+01
5.720219421386718750e+01
5.857640075683593750e+01
5.995060729980468750e+01
7.217648315429687500e+01
7.312417602539062500e+01
7.407186126708984375e+01
7.596723937988281250e+01
7.786261749267578125e+01
7.975799560546875000e+01
8.596081542968750000e+01
8.673114776611328125e+01
8.750148010253906250e+01
8.904214477539062500e+01
6.751376342773437500e+01
6.805326080322265625e+01
6.859275054931640625e+01
6.967173004150390625e+01
7.182968902587890625e+01
6.877081298828125000e+01
6.911582946777343750e+01
6.946083831787109375e+01
7.015086364746093750e+01
6.379185485839843750e+01
6.432273101806640625e+01
6.485361480712890625e+01
6.591536712646484375e+01
8.141311645507812500e+01
8.182952880859375000e+01
8.224594116210937500e+01
8.307876586914062500e+01
8.600862884521484375e+01
8.661489105224609375e+01
8.722114562988281250e+01
8.843366241455078125e+01
7.785232543945312500e+01
7.860788726806640625e+01
7.936344909667968750e+01
8.087458038330078125e+01
7.412641906738281250e+01
7.426329803466796875e+01
7.440018463134765625e+01
7.467394256591796875e+01
7.522147369384765625e+01
7.603417968750000000e+01
7.691356658935546875e+01
7.779294586181640625e+01
7.955171966552734375e+01
6.752371215820312500e+01
6.786900329589843750e+01
6.855959320068359375e+01
6.925017547607421875e+01
7.017610168457031250e+01
7.092811584472656250e+01
7.243215179443359375e+01
7.393618774414062500e+01
7.544021606445312500e+01
7.750026702880859375e+01
7.781407165527343750e+01
7.812786865234375000e+01
7.875547027587890625e+01
7.938307189941406250e+01
7.769463348388671875e+01
7.801935577392578125e+01
7.834407806396484375e+01
7.899353027343750000e+01
5.994453430175781250e+01
6.046228790283203125e+01
6.149780273437500000e+01
6.356883239746093750e+01
8.157831573486328125e+01
8.386742401123046875e+01
8.615652465820312500e+01
9.073472595214843750e+01
6.498785400390625000e+01
6.545882415771484375e+01
6.592980194091796875e+01
6.687174987792968750e+01
6.875564575195312500e+01
7.246951293945312500e+01
7.264341735839843750e+01
7.281732177734375000e+01
7.316513061523437500e+01
7.368684387207031250e+01
6.449089050292968750e+01
6.477020263671875000e+01
6.560811614990234375e+01
6.672534179687500000e+01
6.455283355712890625e+01
6.497600555419921875e+01
6.539917755126953125e+01
6.624551391601562500e+01
7.422412872314453125e+01
7.731282043457031250e+01
8.040151977539062500e+01
8.657890319824218750e+01
9.893368530273437500e+01
6.183117675781250000e+01
6.217992782592773438e+01
6.252867889404296875e+01
6.322618103027343750e+01
5.936732101440429688e+01
5.991649627685546875e+01
6.046567153930664062e+01
6.156401824951171875e+01
7.690908050537109375e+01
7.709948730468750000e+01
7.728990173339843750e+01
7.767073059082031250e+01
7.843238830566406250e+01
7.597779846191406250e+01
7.644272613525390625e+01
7.690766143798828125e+01
7.783751678466796875e+01
6.127979278564453125e+01
6.191396713256835938e+01
6.254813766479492188e+01
6.318231201171875000e+01
7.250905609130859375e+01
7.284476470947265625e+01
7.318047332763671875e+01
7.385189819335937500e+01
7.519474029541015625e+01
7.894944763183593750e+01
7.907984924316406250e+01
7.921025085449218750e+01
7.947106170654296875e+01
7.999266815185546875e+01
7.851110839843750000e+01
7.932701110839843750e+01
8.014292144775390625e+01
8.177474212646484375e+01
7.857877349853515625e+01
7.891130828857421875e+01
7.924384307861328125e+01
7.990892028808593750e+01
8.123907470703125000e+01
5.628668594360351562e+01
5.671633529663085938e+01
5.714598083496093750e+01
5.886457443237304688e+01
5.926034164428710938e+01
5.981771087646484375e+01
6.037508392333984375e+01
6.148983383178710938e+01
6.371932220458984375e+01
7.235935211181640625e+01
7.247685241699218750e+01
7.259435272216796875e+01
7.282936096191406250e+01
7.044834899902343750e+01
7.070130157470703125e+01
7.095425415039062500e+01
7.146015167236328125e+01
7.247196197509765625e+01
7.598118591308593750e+01
7.663899230957031250e+01
7.729679870605468750e+01
7.861241149902343750e+01
7.725125885009765625e+01
7.756677246093750000e+01
7.788228607177734375e+01
7.851331329345703125e+01
7.977536010742187500e+01
5.860469055175781250e+01
5.914999389648437500e+01
5.969529724121093750e+01
6.078590393066406250e+01
6.296711730957031250e+01
7.749987792968750000e+01
8.046389770507812500e+01
8.342792510986328125e+01
8.935596466064453125e+01
6.697731018066406250e+01
6.726443481445312500e+01
6.755155944824218750e+01
6.812581634521484375e+01
6.927431488037109375e+01
8.061483764648437500e+01
8.190762329101562500e+01
8.320040893554687500e+01
8.578598022460937500e+01
7.136015319824218750e+01
7.198970794677734375e+01
7.261926269531250000e+01
7.387837219238281250e+01
7.838853454589843750e+01
7.864038848876953125e+01
7.889224243164062500e+01
8.040336608886718750e+01
6.846893310546875000e+01
6.910262298583984375e+01
6.973631286621093750e+01
7.100369262695312500e+01
7.227107238769531250e+01
7.353845214843750000e+01
6.624397277832031250e+01
6.692170715332031250e+01
6.759944152832031250e+01
6.895491027832031250e+01
7.234358215332031250e+01
7.736534118652343750e+01
7.812645721435546875e+01
7.888757324218750000e+01
8.040979766845703125e+01
8.345426177978515625e+01
7.959487915039062500e+01
7.991107940673828125e+01
8.022728729248046875e+01
8.085969543457031250e+01
8.212451171875000000e+01
7.305611419677734375e+01
7.340776824951171875e+01
7.375942230224609375e+01
7.586932373046875000e+01
6.207141876220703125e+01
6.282601547241210938e+01
6.358061218261718750e+01
6.508980560302734375e+01
8.018839263916015625e+01
8.131278991699218750e+01
8.468596649169921875e+01
8.918354034423828125e+01
7.892613220214843750e+01
7.929869079589843750e+01
7.967125701904296875e+01
8.041637420654296875e+01
8.322393798828125000e+01
8.390647888183593750e+01
8.458901214599609375e+01
8.595408630371093750e+01
8.868423461914062500e+01
6.545003509521484375e+01
6.598355102539062500e+01
6.651707458496093750e+01
6.758412170410156250e+01
6.971821594238281250e+01
6.052354431152343750e+01
6.095985794067382812e+01
6.139616775512695312e+01
6.226879119873046875e+01
6.401403045654296875e+01
6.762800598144531250e+01
6.791262054443359375e+01
6.819723510742187500e+01
6.876647186279296875e+01
6.793185424804687500e+01
6.832769775390625000e+01
6.872354888916015625e+01
6.951524353027343750e+01
7.109863281250000000e+01
8.151217651367187500e+01
8.203324127197265625e+01
8.255431365966796875e+01
8.359644317626953125e+01
7.648700714111328125e+01
7.667938995361328125e+01
7.687177276611328125e+01
7.725654602050781250e+01
7.802608489990234375e+01
7.222293090820312500e+01
7.253423309326171875e+01
7.284554290771484375e+01
7.346816253662109375e+01
7.471339416503906250e+01
8.512432861328125000e+01
8.593573760986328125e+01
8.674713897705078125e+01
8.836994934082031250e+01
8.256867218017578125e+01
8.496558380126953125e+01
8.736248779296875000e+01
9.215630340576171875e+01
7.940809631347656250e+01
8.074743652343750000e+01
8.208677673339843750e+01
8.476545715332031250e+01
9.012281036376953125e+01
7.538637542724609375e+01
7.570645904541015625e+01
7.602653503417968750e+01
7.666668701171875000e+01
7.794700622558593750e+01
6.773322296142578125e+01
6.801046752929687500e+01
6.828771209716796875e+01
6.884220123291015625e+01
6.995117950439453125e+01
6.713948822021484375e+01
6.746078491210937500e+01
6.778208160400390625e+01
6.842466735839843750e+01
6.808500671386718750e+01
6.866750335693359375e+01
6.924999237060546875e+01
7.041498565673828125e+01
6.213026428222656250e+01
6.253302764892578125e+01
6.374131774902343750e+01
6.535236358642578125e+01
6.485847473144531250e+01
6.530603790283203125e+01
6.575360107421875000e+01
6.664872741699218750e+01
6.575312805175781250e+01
6.607472229003906250e+01
6.639631652832031250e+01
6.832586669921875000e+01
5.999144744873046875e+01
6.048300170898437500e+01
6.097455215454101562e+01
6.195766067504882812e+01
6.392387771606445312e+01
8.288644409179687500e+01
8.324249267578125000e+01
8.359854125976562500e+01
8.431064605712890625e+01
8.666894531250000000e+01
8.704176330566406250e+01
8.741457366943359375e+01
8.816020202636718750e+01
8.890583801269531250e+01
5.959313964843750000e+01
5.991186904907226562e+01
6.023059844970703125e+01
6.086805725097656250e+01
7.953066253662109375e+01
8.111503601074218750e+01
8.269940948486328125e+01
8.586815643310546875e+01
7.567835998535156250e+01
7.615161132812500000e+01
7.662487030029296875e+01
7.757138061523437500e+01
8.749955749511718750e+01
8.776918792724609375e+01
8.803881835937500000e+01
8.965658569335937500e+01
7.837535095214843750e+01
7.864882659912109375e+01
7.892229461669921875e+01
8.056312561035156250e+01
7.598808288574218750e+01
7.643224334716796875e+01
7.687640380859375000e+01
7.776472473144531250e+01
8.262589263916015625e+01
8.303336334228515625e+01
8.344084167480468750e+01
8.425579071044921875e+01
8.688053131103515625e+01
8.720658874511718750e+01
8.753264617919921875e+01
8.818476867675781250e+01
8.948899841308593750e+01
7.358460235595703125e+01
7.371588897705078125e+01
7.384718322753906250e+01
7.410977172851562500e+01
5.496485137939453125e+01
5.531229782104492188e+01
5.565974426269531250e+01
5.635464477539062500e+01
5.704953765869140625e+01
6.452292633056640625e+01
6.488627624511718750e+01
6.524962615966796875e+01
6.597632598876953125e+01
7.937844085693359375e+01
8.001905822753906250e+01
8.065968322753906250e+01
8.194092559814453125e+01
7.664059448242187500e+01
7.699778747558593750e+01
7.735498046875000000e+01
7.806937408447265625e+01
7.949814605712890625e+01
8.208811187744140625e+01
8.328766632080078125e+01
8.448721313476562500e+01
8.688631439208984375e+01
9.502153015136718750e+01
9.562448120117187500e+01
9.622741699218750000e+01
9.743330383300781250e+01
7.316551971435546875e+01
7.345863342285156250e+01
7.375175476074218750e+01
7.433798980712890625e+01
6.566407775878906250e+01
6.587762451171875000e+01
6.609117126464843750e+01
6.651827239990234375e+01
7.871736145019531250e+01
7.967948150634765625e+01
8.064159393310546875e+01
8.256582641601562500e+01
8.721189117431640625e+01
8.798474121093750000e+01
8.875759124755859375e+01
9.030329132080078125e+01
7.762710571289062500e+01
7.821421813964843750e+01
7.880133056640625000e+01
7.997555541992187500e+01
7.752635955810546875e+01
7.778461456298828125e+01
7.804286956787109375e+01
7.855938720703125000e+01
7.774613952636718750e+01
7.782758331298828125e+01
7.799047851562500000e+01
7.807192993164062500e+01
6.699661254882812500e+01
6.729747772216796875e+01
6.759834289550781250e+01
6.820006561279296875e+01
6.940352630615234375e+01
8.844242095947265625e+01
8.917060852050781250e+01
8.989878845214843750e+01
9.426789855957031250e+01
7.508011627197265625e+01
7.525976562500000000e+01
7.543940734863281250e+01
7.579870605468750000e+01
6.543386840820312500e+01
6.572348785400390625e+01
6.601311492919921875e+01
6.659236145019531250e+01
6.962427520751953125e+01
7.010917663574218750e+01
7.059408569335937500e+01
7.156389617919921875e+01
6.925409698486328125e+01
6.962094116210937500e+01
6.998778533935546875e+01
7.072148132324218750e+01
6.949445343017578125e+01
6.966536712646484375e+01
6.983628845214843750e+01
7.017811584472656250e+01
8.207008361816406250e+01
8.269277954101562500e+01
8.331547546386718750e+01
8.456087493896484375e+01
6.506177520751953125e+01
6.563021087646484375e+01
6.619863891601562500e+01
6.733551025390625000e+01
7.600418853759765625e+01
7.637634277343750000e+01
7.674850463867187500e+01
7.749281311035156250e+01
7.898143768310546875e+01
7.001087951660156250e+01
7.058396911621093750e+01
7.115705871582031250e+01
7.230323791503906250e+01
7.459558868408203125e+01
6.727056121826171875e+01
6.770516967773437500e+01
6.813978576660156250e+01
6.900901031494140625e+01
6.280708694458007812e+01
6.337465667724609375e+01
6.394222259521484375e+01
6.507736206054687500e+01
6.734763336181640625e+01
8.819949340820312500e+01
8.966139221191406250e+01
9.112329101562500000e+01
9.404709625244140625e+01
6.158381652832031250e+01
6.200198745727539062e+01
6.242015457153320312e+01
6.325648880004882812e+01
7.746366882324218750e+01
7.769384002685546875e+01
7.792401123046875000e+01
7.838435363769531250e+01
6.564134979248046875e+01
6.596185302734375000e+01
6.628235626220703125e+01
6.692337036132812500e+01
6.126718139648437500e+01
6.184212112426757812e+01
6.241706085205078125e+01
6.356694030761718750e+01
7.304050445556640625e+01
7.321781158447265625e+01
7.339511871337890625e+01
7.374973297119140625e+01
7.978728485107421875e+01
8.018468475341796875e+01
8.058209228515625000e+01
8.137689971923828125e+01
7.177921295166015625e+01
7.222645568847656250e+01
7.267369842529296875e+01
7.356818389892578125e+01
6.080467224121093750e+01
6.119008636474609375e+01
6.157550048828125000e+01
6.234632873535156250e+01
6.331465148925781250e+01
6.397666931152343750e+01
6.463868713378906250e+01
6.596272277832031250e+01
7.200482177734375000e+01
7.219784545898437500e+01
7.239086914062500000e+01
7.277691650390625000e+01
5.623298645019531250e+01
5.703337097167968750e+01
5.783375930786132812e+01
5.943453216552734375e+01
6.263608551025390625e+01
8.346595764160156250e+01
8.368111419677734375e+01
8.389627075195312500e+01
8.432658386230468750e+01
6.275309371948242188e+01
6.314253616333007812e+01
6.353197479248046875e+01
6.431085968017578125e+01
6.305751419067382812e+01
6.348743438720703125e+01
6.391735458374023438e+01
6.477719879150390625e+01
7.279231262207031250e+01
7.320450592041015625e+01
7.361669921875000000e+01
7.444108581542968750e+01
6.107727432250976562e+01
6.153380584716796875e+01
6.199034118652343750e+01
6.290340423583984375e+01
6.393836212158203125e+01
6.420998382568359375e+01
6.448160552978515625e+01
6.502484893798828125e+01
6.821304321289062500e+01
6.855478668212890625e+01
6.889653015136718750e+01
6.958001708984375000e+01
7.026350402832031250e+01
7.060956573486328125e+01
7.089459991455078125e+01
7.117963409423828125e+01
7.174971008300781250e+01
7.288984680175781250e+01
7.398503875732421875e+01
7.465621185302734375e+01
7.532738494873046875e+01
7.666973114013671875e+01
6.894934844970703125e+01
6.925077819824218750e+01
6.955220794677734375e+01
7.015505981445312500e+01
6.554418945312500000e+01
6.593292236328125000e+01
6.709912109375000000e+01
6.787658691406250000e+01
7.304474639892578125e+01
7.339939880371093750e+01
7.375404357910156250e+01
7.446334075927734375e+01
7.107449340820312500e+01
7.182403564453125000e+01
7.257357788085937500e+01
7.407266998291015625e+01
7.707084655761718750e+01
7.289639282226562500e+01
7.308710479736328125e+01
7.327781677246093750e+01
7.365924835205078125e+01
7.404067230224609375e+01
6.633729553222656250e+01
6.697959136962890625e+01
6.762189483642578125e+01
6.890650177001953125e+01
6.425841522216796875e+01
6.465123748779296875e+01
6.504405975341796875e+01
6.582969665527343750e+01
7.108572387695312500e+01
7.191212463378906250e+01
7.273852539062500000e+01
7.769690704345703125e+01
6.383510971069335938e+01
6.409331512451171875e+01
6.435151672363281250e+01
6.486792755126953125e+01
6.345225906372070312e+01
6.430882263183593750e+01
6.516538238525390625e+01
6.687850952148437500e+01
7.030476379394531250e+01
7.212007904052734375e+01
7.312667846679687500e+01
7.413327026367187500e+01
7.614645385742187500e+01
7.815964508056640625e+01
6.967244720458984375e+01
7.027935791015625000e+01
7.088626861572265625e+01
7.210009002685546875e+01
7.613750457763671875e+01
7.664196777343750000e+01
7.714642333984375000e+01
7.815534210205078125e+01
6.672378540039062500e+01
6.730508422851562500e+01
6.788637542724609375e+01
6.904896545410156250e+01
7.369945526123046875e+01
7.421381378173828125e+01
7.472817993164062500e+01
7.575690460205078125e+01
7.074573516845703125e+01
7.128610992431640625e+01
7.182648468017578125e+01
7.290722656250000000e+01
6.583946990966796875e+01
6.621116638183593750e+01
6.658285522460937500e+01
6.732624053955078125e+01
6.881300354003906250e+01
6.860493469238281250e+01
6.894989013671875000e+01
6.929484558105468750e+01
6.998476409912109375e+01
7.067468261718750000e+01
6.875916290283203125e+01
7.001056671142578125e+01
7.126197052001953125e+01
7.376478576660156250e+01
6.742887878417968750e+01
6.768592834472656250e+01
6.794297790527343750e+01
6.845706939697265625e+01
6.897116851806640625e+01
8.776319885253906250e+01
8.866665649414062500e+01
8.957011413574218750e+01
9.137703704833984375e+01
6.444367980957031250e+01
6.481763458251953125e+01
6.519158935546875000e+01
6.593949890136718750e+01
7.743667602539062500e+01
7.792864227294921875e+01
7.842061614990234375e+01
7.940454864501953125e+01
7.463546752929687500e+01
7.486964416503906250e+01
7.510381317138671875e+01
7.557216644287109375e+01
6.151453399658203125e+01
6.209966659545898438e+01
6.268479537963867188e+01
6.385505676269531250e+01
6.607894134521484375e+01
6.659839630126953125e+01
6.711784362792968750e+01
6.815673828125000000e+01
6.581872558593750000e+01
6.602273559570312500e+01
6.622674560546875000e+01
6.745082855224609375e+01
7.593514251708984375e+01
7.631729888916015625e+01
7.669945526123046875e+01
7.746376800537109375e+01
8.005357360839843750e+01
8.033639526367187500e+01
8.061921691894531250e+01
8.118486022949218750e+01
7.000074005126953125e+01
7.048987579345703125e+01
7.097901153564453125e+01
7.195729064941406250e+01
7.928122711181640625e+01
7.981658935546875000e+01
8.035194396972656250e+01
8.142265319824218750e+01
9.061537170410156250e+01
9.150836181640625000e+01
9.240135192871093750e+01
9.418732452392578125e+01
7.528425598144531250e+01
7.727226257324218750e+01
7.926026153564453125e+01
8.323625946044921875e+01
7.033506774902343750e+01
7.058984375000000000e+01
7.084461975097656250e+01
7.135416412353515625e+01
6.457492065429687500e+01
6.524132537841796875e+01
6.590772247314453125e+01
6.724052429199218750e+01
6.821710968017578125e+01
6.840129852294921875e+01
6.876966857910156250e+01
6.950642395019531250e+01
8.279495239257812500e+01
8.310818481445312500e+01
8.342140960693359375e+01
8.404785919189453125e+01
9.508145141601562500e+01
9.716102600097656250e+01
9.924059295654296875e+01
1.033997268676757812e+02
7.043665313720703125e+01
7.059281158447265625e+01
7.074896240234375000e+01
7.106127929687500000e+01
5.816192626953125000e+01
5.872022247314453125e+01
5.927851867675781250e+01
6.039511108398437500e+01
7.123227691650390625e+01
7.356886291503906250e+01
7.590545654296875000e+01
8.057862854003906250e+01
8.525180816650390625e+01
8.127610015869140625e+01
8.158450317382812500e+01
8.189291381835937500e+01
8.250972747802734375e+01
8.312654113769531250e+01
9.154232788085937500e+01
9.255433654785156250e+01
9.356633758544921875e+01
9.559033966064453125e+01
7.726696777343750000e+01
7.760514831542968750e+01
7.794332122802734375e+01
7.828150177001953125e+01
6.869262695312500000e+01
6.899639892578125000e+01
6.930017089843750000e+01
6.990771484375000000e+01
6.405187988281250000e+01
6.451617431640625000e+01
6.498046875000000000e+01
6.590905761718750000e+01
8.176296234130859375e+01
8.216244506835937500e+01
8.256192779541015625e+01
8.336090087890625000e+01
6.942165374755859375e+01
6.966470336914062500e+01
6.990775299072265625e+01
7.039385223388671875e+01
7.137786102294921875e+01
7.176414489746093750e+01
7.215042877197265625e+01
7.292298889160156250e+01
6.651351928710937500e+01
6.676852416992187500e+01
6.702353668212890625e+01
6.753355407714843750e+01
6.138790893554687500e+01
6.165840911865234375e+01
6.192891311645507812e+01
6.246991729736328125e+01
6.162068939208984375e+01
6.201102828979492188e+01
6.240136718750000000e+01
6.318204116821289062e+01
8.453342437744140625e+01
8.514048767089843750e+01
8.574755096435546875e+01
8.817581176757812500e+01
7.823311614990234375e+01
7.864471435546875000e+01
7.905631256103515625e+01
7.987950897216796875e+01
7.153144836425781250e+01
7.272394561767578125e+01
7.391643524169921875e+01
7.630142211914062500e+01
8.079293823242187500e+01
8.384075927734375000e+01
8.688858032226562500e+01
9.298422241210937500e+01
7.023119354248046875e+01
7.042761993408203125e+01
7.062405395507812500e+01
7.101692199707031250e+01
8.119515991210937500e+01
8.157133483886718750e+01
8.194750976562500000e+01
8.269985198974609375e+01
6.723525238037109375e+01
6.807630920410156250e+01
6.891736602783203125e+01
7.059947967529296875e+01
6.556388854980468750e+01
6.581293487548828125e+01
6.606198120117187500e+01
6.656006622314453125e+01
7.581665039062500000e+01
7.681442260742187500e+01
7.781219482421875000e+01
7.980773925781250000e+01
8.017359161376953125e+01
8.098623657226562500e+01
8.261152648925781250e+01
8.423680877685546875e+01
6.747158813476562500e+01
6.791355133056640625e+01
6.835551452636718750e+01
6.923944091796875000e+01
6.935875701904296875e+01
6.979452514648437500e+01
7.023028564453125000e+01
7.110182189941406250e+01
6.788604736328125000e+01
6.958288574218750000e+01
7.127971649169921875e+01
7.467338562011718750e+01
6.534706115722656250e+01
6.600611114501953125e+01
6.666516113281250000e+01
6.798326873779296875e+01
7.012783813476562500e+01
7.078141784667968750e+01
7.143498992919921875e+01
7.274214935302734375e+01
7.446859741210937500e+01
7.474795532226562500e+01
7.502731323242187500e+01
7.558602142333984375e+01
6.738301849365234375e+01
6.807149505615234375e+01
6.875996398925781250e+01
7.013691711425781250e+01
7.885528564453125000e+01
7.923699188232421875e+01
7.961869812011718750e+01
8.038211822509765625e+01
8.269566345214843750e+01
8.303189086914062500e+01
8.336811828613281250e+01
8.404056549072265625e+01
8.399919128417968750e+01
8.423313140869140625e+01
8.446707153320312500e+01
8.493495178222656250e+01
6.525202178955078125e+01
6.566965484619140625e+01
6.608728790283203125e+01
6.692255401611328125e+01
8.692096710205078125e+01
8.720370483398437500e+01
8.748643493652343750e+01
8.805190277099609375e+01
7.857668304443359375e+01
7.876000976562500000e+01
7.894334411621093750e+01
7.931001281738281250e+01
6.799326324462890625e+01
6.835074615478515625e+01
6.870822143554687500e+01
6.942318725585937500e+01
6.940779113769531250e+01
7.048162841796875000e+01
7.155546569824218750e+01
7.370313262939453125e+01
7.241993713378906250e+01
7.272290802001953125e+01
7.302588653564453125e+01
7.363183593750000000e+01
7.862977600097656250e+01
8.038834381103515625e+01
8.214691925048828125e+01
8.566406250000000000e+01
6.516361236572265625e+01
6.558097076416015625e+01
6.599832916259765625e+01
6.683305358886718750e+01
6.659552001953125000e+01
6.712767028808593750e+01
6.765982055664062500e+01
6.872412109375000000e+01
6.086097335815429688e+01
6.138848114013671875e+01
6.191598510742187500e+01
6.297099685668945312e+01
8.259268188476562500e+01
8.478925323486328125e+01
8.698582458496093750e+01
9.137897491455078125e+01
7.496668243408203125e+01
7.557442474365234375e+01
7.618216705322265625e+01
7.739765167236328125e+01
6.017272949218750000e+01
6.069448852539062500e+01
6.121624755859375000e+01
6.225976181030273438e+01
6.692779541015625000e+01
6.720995330810546875e+01
6.749211883544921875e+01
6.805643463134765625e+01
6.944954681396484375e+01
6.976010894775390625e+01
7.007067871093750000e+01
7.069181060791015625e+01
7.754278564453125000e+01
7.794797515869140625e+01
7.835316467285156250e+01
7.916354370117187500e+01
7.255757141113281250e+01
7.286354064941406250e+01
7.316951751708984375e+01
7.378147125244140625e+01
5.995693206787109375e+01
6.055603027343750000e+01
6.115512847900390625e+01
6.235332107543945312e+01
7.556183624267578125e+01
7.602508544921875000e+01
7.648833465576171875e+01
7.741483306884765625e+01
7.408039855957031250e+01
7.444656372070312500e+01
7.481272888183593750e+01
7.554505920410156250e+01
6.802430725097656250e+01
6.856983184814453125e+01
6.911535644531250000e+01
7.020640563964843750e+01
6.676285552978515625e+01
6.703056335449218750e+01
6.729827117919921875e+01
6.783368682861328125e+01
7.576550292968750000e+01
7.607474517822265625e+01
7.638398742675781250e+01
7.700247192382812500e+01
7.489154052734375000e+01
7.528697204589843750e+01
7.568240356445312500e+01
7.647326660156250000e+01
8.542680358886718750e+01
8.577561950683593750e+01
8.647325134277343750e+01
8.682206726074218750e+01
6.053533554077148438e+01
6.090003967285156250e+01
6.126474761962890625e+01
6.199416351318359375e+01
6.213346481323242188e+01
6.279843902587890625e+01
6.346341705322265625e+01
6.479337310791015625e+01
7.771749877929687500e+01
7.889983367919921875e+01
8.008216857910156250e+01
8.244683837890625000e+01
7.701039886474609375e+01
7.793598937988281250e+01
7.886157226562500000e+01
8.071274566650390625e+01
8.336814117431640625e+01
8.377780914306640625e+01
8.418747711181640625e+01
8.500681304931640625e+01
6.934458160400390625e+01
6.966464233398437500e+01
6.998469543457031250e+01
7.062480926513671875e+01
7.776882934570312500e+01
7.799745178222656250e+01
7.822607421875000000e+01
7.868331909179687500e+01
7.266645812988281250e+01
7.288687896728515625e+01
7.310730743408203125e+01
7.354815673828125000e+01
9.497538757324218750e+01
9.690170288085937500e+01
9.882801055908203125e+01
1.026806259155273438e+02
8.016364288330078125e+01
8.137596130371093750e+01
8.258827972412109375e+01
8.501291656494140625e+01
6.858496093750000000e+01
6.878791809082031250e+01
6.899087524414062500e+01
6.939678955078125000e+01
6.341923904418945312e+01
6.431001281738281250e+01
6.520078277587890625e+01
6.698232269287109375e+01
7.722942352294921875e+01
7.855049133300781250e+01
7.987155151367187500e+01
8.251367950439453125e+01
7.560392761230468750e+01
7.596453857421875000e+01
7.632514953613281250e+01
7.704637145996093750e+01
6.241207885742187500e+01
6.280687713623046875e+01
6.320167160034179688e+01
6.478085327148437500e+01
6.742497253417968750e+01
6.755563354492187500e+01
6.768630981445312500e+01
6.794763946533203125e+01
6.262277984619140625e+01
6.295293426513671875e+01
6.328308868408203125e+01
6.394339752197265625e+01
8.178440856933593750e+01
8.210280609130859375e+01
8.242120361328125000e+01
8.305799865722656250e+01
7.001103973388671875e+01
7.040540313720703125e+01
7.079975891113281250e+01
7.158848571777343750e+01
6.687058258056640625e+01
6.709941101074218750e+01
6.732823944091796875e+01
6.778589630126953125e+01
6.308542251586914062e+01
6.365377044677734375e+01
6.422211456298828125e+01
6.535881042480468750e+01
