58.837990
66.892177
76.563631
74.057837
68.736828
81.344362
79.817710
84.010165
90.448796
81.206843
94.957490
95.065822
87.174165
73.149075
70.630191
80.875619
80.699069
69.208321
62.138680
56.392200
91.212356
86.914315
96.257154
73.154815
82.708553
87.227204
80.941362
85.244723
78.900756
80.117332
69.740130
77.289941
75.587819
72.542893
70.427602
67.416662
60.032987
83.549634
81.359124
76.308978
69.497882
74.765492
71.239047
72.598920
86.275207
79.202674
73.837109
81.708682
81.752746
75.569820
73.000869
76.820460
69.635290
66.562337
85.594662
84.763369
75.105727
69.153968
72.646105
92.692534
90.272756
69.045049
69.959888
69.942634
65.688640
88.594879
70.568927
63.851400
71.710186
61.993895
94.721224
72.521718
75.896394
86.674468
69.182469
95.765324
66.495162
77.925118
81.215359
96.708091
79.199504
70.248490
77.163765
68.176410
81.481636
66.362976
71.621908
84.597942
69.026813
66.029794
80.988854
54.251064
84.212478
90.590673
88.902219
75.451853
64.806159
79.423605
70.605201
77.151750
87.742688
85.002731
90.299020
60.408362
97.852288
83.792416
74.829954
72.936634
77.686139
80.084707
62.289114
64.348789
66.742503
78.809081
70.387690
74.163312
89.080623
74.650928
72.177990
78.089797
87.460322
71.999583
59.035639
85.134476
67.156903
88.780636
83.783550
69.210303
62.845298
76.804664
59.007690
77.939369
80.892847
77.506093
71.088610
85.243174
77.983983
74.404820
86.566282
83.595296
74.794102
78.777047
68.912190
92.820680
71.942591
83.452709
82.057857
76.439019
67.013128
86.026410
76.822492
76.792764
79.055030
82.145640
74.867006
87.461330
79.180677
78.354253
58.428088
88.857516
76.438458
76.678678
75.111774
78.593981
81.083272
52.712530
56.801814
64.077714
73.176984
95.123464
70.588138
78.894838
75.762609
70.420666
93.885675
72.262051
71.897735
67.451182
84.947110
69.176925
70.917207
79.477056
88.308123
71.974942
78.475885
75.916060
74.243177
52.974395
88.713260
84.993209
65.602928
73.814102
78.238389
75.993992
66.331516
69.991913
76.819197
82.013796
69.656626
84.569301
70.269708
82.257835
82.674208
62.782045
75.127321
69.695415
93.265711
69.459088
82.704068
67.061108
71.930116
84.697885
77.303151
52.386499
75.113882
84.766753
82.783135
67.830491
66.701947
82.376866
67.258483
64.872442
93.923853
83.400628
74.968419
81.743194
80.086029
91.875752
76.928997
75.206548
64.053208
68.475829
77.259035
78.003582
79.595341
70.156856
73.917774
64.675731
68.901686
83.837564
69.413587
68.063095
70.238486
81.149297
79.600745
69.985523
72.691722
64.760249
65.726245
84.515738
77.419697
75.666088
78.177663
72.988267
73.054407
82.201547
79.049400
87.232569
80.120377
79.736570
81.161926
85.604540
83.538087
64.363345
61.828736
70.535245
79.594445
77.287506
64.599632
77.175027
54.995730
90.371043
75.829176
61.728187
89.334923
81.396804
74.227595
74.989760
67.760633
73.443038
76.712238
71.779690
77.353766
85.950974
74.863958
68.173904
59.391430
72.355882
80.360791
55.405623
68.732661
77.246301
70.450356
75.571675
64.234879
87.253282
74.977061
78.726921
68.541438
86.266873
76.212786
81.050737
70.814497
81.010612
79.817016
71.522690
85.374288
72.099477
73.578420
71.225242
93.978828
75.485303
69.366078
76.736985
66.809156
57.825316
75.717002
71.776002
68.916590
72.707703
89.763024
77.546600
92.292261
74.821975
68.610488
67.290388
64.263493
82.153990
53.014930
73.501183
64.548371
78.838151
73.624126
78.606945
64.931871
86.739462
76.848146
74.589581
76.478674
93.939135
72.160983
79.927004
75.713664
76.988328
75.460187
72.116397
72.202320
72.307543
55.075430
91.257326
83.427095
74.093470
80.981083
65.786039
90.317020
68.376333
60.455459
64.333707
79.983020
77.627615
69.798783
67.569886
77.255897
85.184382
84.913181
74.549040
89.317118
83.815213
82.282382
71.882224
73.679270
72.520583
67.634342
64.302754
83.110030
71.509015
73.041959
86.739890
63.044754
75.153973
75.382106
93.700856
68.409286
77.698507
91.007673
76.751281
87.083191
79.780541
73.053129
90.719682
80.780786
77.456457
74.601683
73.551970
77.599673
92.326182
76.365463
77.292042
79.866915
84.615921
73.198862
76.359656
65.946972
69.715340
84.888400
71.235471
67.867145
82.189106
61.919036
68.602523
73.663681
72.553784
75.970710
71.048779
65.773045
75.429098
87.203068
79.018870
83.452003
77.504155
74.733716
67.719297
104.023763
82.369293
82.972268
91.243394
84.092730
69.998737
78.777235
70.604247
58.296799
64.625289
81.460775
76.606877
75.250451
76.323976
71.843406
73.503852
79.421300
74.977382
81.177537
64.235644
75.745593
78.946821
84.947528
72.578028
76.552499
78.104178
83.555124
71.579434
61.271379
61.879096
88.115179
82.560574
82.281355
76.717844
82.843501
92.869422
76.979589
87.754059
76.984721
92.906160
68.340348
69.608831
77.186957
82.463035
78.708717
67.207438
68.455990
77.841316
77.751127
73.278827
78.229901
72.471479
96.930510
86.606359
68.687685
72.509276
86.138326
73.564421
67.261144
61.764584
97.325064
75.135048
70.913539
88.627983
78.416077
75.753580
78.280588
73.977637
81.378791
75.879473
68.400087
99.269716
83.843408
64.523052
63.810668
78.327646
80.946641
68.740310
86.066228
71.627764
69.201283
76.545696
85.566516
72.531209
78.918239
78.620648
85.329632
75.435096
68.698403
91.496018
89.767186
75.012115
78.660758
69.346054
88.319853
61.918244
83.481057
81.552848
82.938623
77.931253
91.807412
84.928156
65.035120
74.502944
84.978404
81.225140
76.905276
75.460325
76.629216
67.418394
61.482870
75.103037
81.353199
84.399043
80.960057
72.783162
71.242188
76.692503
58.809965
72.329236
91.520802
89.811155
83.256448
74.668176
84.815097
78.166966
68.899674
68.845387
68.483490
84.228902
78.144567
84.655034
82.882213
80.368888
75.212312
75.996755
87.180577
72.691628
55.210325
90.712792
80.002026
65.763730
54.145746
53.309816
77.184751
73.410350
66.665744
81.707856
94.156945
90.936281
67.997945
63.862434
76.247942
71.294304
78.403876
88.804712
71.743912
67.489705
60.997845
69.271459
66.287029
90.001287
66.927044
78.467331
90.324088
79.780701
81.028377
90.735771
72.476170
78.424069
73.414951
75.123116
87.831092
82.925929
58.861860
89.756616
82.608914
96.828785
86.308365
78.077913
79.697051
81.184682
88.701906
83.798328
88.823836
72.276445
64.542172
82.987312
84.149067
72.422140
87.093997
78.464298
84.395458
95.357677
78.111516
79.631986
90.529902
79.532492
77.242742
85.833209
80.455331
86.917336
85.887882
96.283534
76.824443
63.067603
80.877414
74.942847
83.668291
79.902375
73.395712
82.989675
79.211944
69.066853
82.205045
65.169131
86.767590
79.036253
92.976504
90.163486
79.709131
99.231811
85.081348
65.145068
82.932890
75.075419
82.500246
58.852349
78.862213
77.086328
84.087722
57.847028
70.176905
91.407350
84.389110
71.166858
59.357065
72.059542
64.679689
83.255510
80.604876
70.944612
85.242493
89.269771
80.443757
98.775672
88.496758
60.135922
76.419623
77.960911
75.926119
81.428099
61.805461
73.317904
83.427908
78.035237
67.553670
79.923500
76.106403
79.692813
79.401860
70.116520
80.267323
87.155649
72.557410
76.961826
51.167917
91.588055
61.698523
73.641371
84.457198
72.488513
70.438965
69.047115
78.302935
77.480091
84.399098
76.455296
72.013845
88.123871
75.290585
81.849094
70.841742
74.745017
81.561231
71.012483
64.256864
77.638134
91.531956
69.787011
79.367968
70.069608
79.840896
87.041530
74.563449
74.624326
67.443435
79.567650
72.830071
83.915924
70.252527
76.665376
80.155630
75.446345
56.294016
75.999217
87.376596
95.034182
81.396669
71.692381
81.661979
90.645404
81.264307
