0.140870
1.227033
0.423554
0.574447
1.401948
-2.399456
0.852574
-0.708389
-0.277002
0.887703
-0.516136
-0.848886
0.059749
-0.935157
-0.279867
-0.109371
-1.427594
0.641372
0.006875
-0.336647
-0.345411
0.139229
0.267849
0.932667
-0.186575
-0.793181
-1.095005
-0.952991
0.379863
-0.147935
-2.474576
1.307259
1.049025
-1.490970
1.177010
0.945167
0.326765
-0.413186
-0.755873
2.038845
-2.463044
-1.625849
-1.026133
-0.552165
-0.073755
1.437288
-1.187056
-0.099916
0.306689
-0.819614
-1.035044
0.366468
-0.862043
1.190170
-0.302268
1.949815
-0.937887
0.185108
-1.871385
0.622523
-0.826165
-0.167035
1.048909
-1.141757
-1.538628
0.267581
-1.204911
0.697086
-1.640620
0.563163
0.058961
-0.916602
1.010943
0.106557
1.196212
0.563448
1.187517
0.677501
-0.432454
-0.662962
-0.110314
1.085636
-0.497231
1.148384
-0.256024
-0.030030
-0.962241
-0.373519
-1.207914
0.702380
-0.797420
0.378398
0.396760
0.856457
-0.012936
1.281866
0.105175
-1.573552
1.113749
-0.073766
-1.021526
1.727900
0.189343
1.587984
-0.356199
0.892603
-1.275127
0.636005
0.158721
1.195708
-0.805495
0.954199
-0.289416
1.445799
0.797739
-1.362111
-1.369376
0.842569
1.335496
-2.133661
0.998433
0.326497
-1.598946
0.657804
0.198959
-0.514913
-0.022117
-0.339992
0.872352
-0.463213
0.268997
0.188830
1.458883
-1.255211
0.956004
-0.549842
1.061293
-1.280303
0.396513
0.724920
0.297722
-0.802893
1.452556
-0.065943
0.476152
-0.473619
0.207086
-0.899316
1.333553
-0.090228
1.260991
0.639832
-0.251196
-0.664705
-1.115306
0.326938
-1.332212
0.064300
0.330496
0.617963
-1.641592
-0.836415
-1.848333
0.616131
0.551710
0.561703
1.122898
0.224018
-2.606113
0.441842
2.151988
-1.267195
-1.592417
-1.978288
-0.347414
0.717788
-1.194866
0.639257
-2.034687
0.538665
-0.807545
-0.424123
0.706321
0.289482
0.911015
2.500160
0.206714
-0.138456
-0.455643
-0.329787
-0.420763
-0.475825
1.353824
0.601572
-1.522518
2.316565
-0.295324
-0.607831
-2.699563
0.085650
-1.497606
-1.001727
0.243484
-1.862721
-1.625080
-0.393507
-0.046847
-1.430990
0.888322
1.419622
0.334969
-0.096019
0.517432
-2.627638
-1.442300
0.558250
1.412118
0.178219
1.026578
0.442090
0.245241
2.064848
0.462902
-0.188218
0.526468
-0.516564
-1.622960
-0.475784
-0.824644
-1.019125
-1.907428
-2.158687
1.005676
-0.505167
0.130040
-0.860887
-0.754392
-0.925307
1.300264
-0.269149
2.567288
-1.061134
0.283173
-0.128231
-0.285026
-0.056450
-0.578337
-2.438707
1.311467
-0.040990
-0.959583
0.545647
0.223183
0.396814
1.523412
0.954557
-0.746143
0.295905
1.945145
-0.352245
-0.359546
0.715351
-0.047767
2.066160
0.107278
1.177179
1.480707
-0.205268
-0.893850
2.048646
0.911322
0.313813
-2.733027
-1.149577
-0.886986
0.877067
1.045389
1.557275
1.991994
1.423187
0.148890
1.315542
-1.095278
-0.381376
-0.150420
1.421948
-0.477209
1.801317
0.723056
1.471254
1.983648
1.299793
-0.136591
-0.757694
1.266968
-0.569988
-0.077780
0.387911
0.348907
-0.974783
-0.055843
0.794191
-0.391040
-1.410496
-0.687340
0.283450
0.136318
0.039176
0.546737
0.616647
-0.514404
0.853630
-1.506771
-0.613105
0.014860
1.152271
1.641695
0.553034
0.571327
0.393167
0.701195
0.999668
-0.668767
0.322110
0.156297
-1.033634
-0.259728
0.364222
-1.914260
0.487043
1.554900
0.125594
1.065434
0.620232
1.462815
0.750189
0.274623
1.849301
-0.271806
0.104218
1.199604
0.004446
-0.058335
-0.127077
1.520159
-0.867285
2.558459
-1.391195
2.226403
0.723906
0.592260
2.240660
-0.953102
0.308714
0.005402
0.782865
-0.489060
1.471049
-1.097524
-0.130788
0.376577
-1.010576
0.596716
0.618757
0.498436
-0.387119
-0.514261
-1.267523
-1.229244
-0.409862
-0.695033
-1.349976
-0.098106
0.753919
-0.188728
-0.422319
0.760844
-0.088354
0.472405
-0.470934
1.280556
0.115722
0.968093
-0.025865
-0.272547
0.384967
-0.015125
0.694448
-0.795535
1.224508
-0.270871
-1.502219
-0.702232
-1.205486
0.935000
-0.520683
1.165440
1.605608
-1.210407
0.175022
1.059667
0.611261
0.310525
-1.900776
-0.735020
0.677240
0.425860
1.876590
0.893272
-1.372372
1.070705
0.782074
-1.111215
2.549352
0.015411
0.402291
-1.308781
0.265315
-0.298600
-0.096931
0.416037
4.164665
-0.349743
-0.150311
-1.635206
-0.270320
0.268500
-1.802376
-0.356674
-0.132777
-0.264860
-2.945719
0.775051
-0.127755
0.472899
-0.998649
0.000033
0.293229
0.293997
0.729865
0.149411
0.293516
0.909169
0.098035
-0.221737
-0.198841
-0.734766
0.114855
-0.552635
-0.841905
-0.427179
-1.680824
-0.872664
1.007937
0.533821
-1.768273
-0.113214
0.562478
-0.952052
0.063038
-0.853839
0.273088
0.313820
-0.001804
-1.686397
0.336649
0.251628
-0.543309
0.199783
-0.536792
0.009180
-0.306928
-0.589691
-0.112337
0.490500
-0.773954
0.582795
-1.253327
0.070719
-0.064457
-0.146525
0.097582
0.492714
-0.242099
-0.270675
0.335030
-0.614153
-0.941838
0.827852
1.021827
1.066765
-1.085486
0.400164
0.353354
1.757388
-0.499232
-0.543585
1.205446
0.357130
0.791703
-0.945408
-0.446330
-0.032964
-0.375170
0.485200
0.245595
0.623666
-1.627209
0.077783
0.568811
0.566780
-0.195483
0.832613
0.199270
0.535855
2.264425
-0.804755
-0.268374
1.301508
-0.590185
-0.053827
0.005446
0.094492
-0.632155
2.569513
-1.528602
0.214706
-0.052271
1.678871
-1.761557
-0.096537
-1.841443
1.446534
1.061180
0.145977
-0.951064
-0.409490
-1.703942
-0.339684
-0.950444
-0.273547
0.459438
0.160915
1.498656
0.521033
1.575384
-1.341911
-0.442121
-1.220349
0.214818
0.946350
-1.087854
-0.179615
0.069455
0.356651
-0.929666
1.084933
1.322825
-0.569233
-1.204355
-1.852290
1.373618
0.252687
-1.840014
-2.882265
0.564707
-0.554058
-1.567144
-1.204931
-0.783247
0.079928
0.424972
-0.678358
0.288855
0.420720
0.616978
-0.219137
-0.286924
-2.408622
-0.594908
-0.032404
0.226101
-0.648089
-0.704521
-0.751396
0.698706
0.578513
-0.997961
0.034602
1.748938
-1.309382
0.204624
-0.321290
0.573249
-0.125208
-2.042668
-0.086268
-0.323116
-0.800307
0.058400
0.335701
-0.045661
-0.435596
0.847630
0.073183
0.501824
0.411617
-0.548846
-0.803796
0.088319
0.986394
-0.291547
-0.152586
-0.384034
-0.538469
-0.317835
-0.827926
-1.428695
1.249307
-0.156089
-0.402007
-0.788436
0.311456
0.155939
0.835347
0.329491
0.075139
1.732841
1.726961
-1.074288
-0.548189
-1.137780
-0.498965
0.288464
-0.157171
-1.074942
0.475318
-0.119577
-0.762310
-1.847545
-0.901806
-0.360673
-0.790626
0.168629
-0.783593
1.823457
-1.680417
0.438418
1.020866
2.692416
-0.128259
0.171215
-1.455231
-0.788808
0.165300
-0.420140
0.028451
1.599239
-1.260351
-0.239809
-1.329343
0.654057
-0.313174
-1.265286
-0.543457
0.564746
0.257195
0.040338
-1.773699
0.154404
0.161382
-1.262997
0.357677
-1.313300
-0.993737
0.343676
0.727284
0.541254
-0.027104
-0.190943
-1.542657
-0.020882
-1.283261
-0.614944
-1.154043
0.490904
0.109214
-0.122707
0.798296
0.842470
-0.193143
0.428476
-1.584333
1.272058
1.210607
1.828520
2.497127
-0.647718
0.463669
0.538072
-1.251403
0.833558
-0.074314
-0.716068
-0.373855
-0.297654
0.414057
2.478419
0.701194
-1.227560
-0.970256
1.303866
0.808821
0.042925
-0.579345
0.138055
0.742035
1.768425
-0.430878
0.702250
-0.332072
0.361131
-0.292572
2.105277
-0.976899
1.503663
0.987635
0.540759
-0.047810
0.656641
0.010657
-0.523678
-0.327751
-1.351488
-0.835264
