0.161338
0.182172
0.140749
0.132285
0.176585
0.265855
0.111289
0.207417
0.295455
0.271025
0.277164
0.107297
0.129139
0.176987
0.721156
0.134369
0.108318
0.215270
0.162613
0.195139
0.261559
0.367232
0.271517
0.098404
0.250638
0.127456
0.164657
0.193782
0.150998
0.306881
0.142106
0.184497
0.148356
0.176997
0.130176
0.155689
0.140634
0.333344
0.213634
0.302533
0.389741
0.100544
0.211939
0.226079
0.187165
0.338243
0.254573
0.229244
0.283692
0.466103
0.371464
0.577561
0.341484
0.354787
0.410804
0.149708
0.312551
0.230645
0.142291
0.253272
0.204574
0.437337
0.150424
0.264543
0.357823
0.166972
0.164459
0.190575
0.188133
0.347442
0.126357
0.482309
0.171554
0.256124
0.202388
0.164111
0.190149
0.207621
0.133719
0.160066
0.252763
0.168478
0.224190
0.330139
0.399374
0.155157
0.250029
0.155668
0.103055
0.170045
0.209572
0.247955
0.274093
0.213841
0.278241
0.335383
0.417041
0.211141
0.289721
0.162530
0.216937
0.209932
0.408491
0.131867
0.353461
0.495215
0.245362
0.175839
0.254165
0.493014
0.229550
0.336951
0.092250
0.308000
0.225328
0.239464
0.260015
0.237735
0.193273
0.135927
0.223590
0.228930
0.277623
0.307529
0.161322
0.337928
0.509599
0.248897
0.288815
0.426421
0.143675
0.181494
0.158337
0.383253
0.219395
0.614976
0.188696
0.189862
0.805787
0.246997
0.194140
0.136108
0.210529
0.153865
0.219712
0.189270
0.308036
0.201507
0.143008
0.303069
0.129342
0.148678
0.101502
0.354634
0.087114
0.254385
0.343729
0.263310
0.272267
0.153804
0.097685
0.117682
0.173017
0.133508
0.228600
0.299659
0.152995
0.262042
0.180295
0.218432
0.210649
0.279337
0.190896
0.077663
0.192527
0.253389
0.117514
0.181254
0.105327
0.152071
0.242975
0.450805
0.217046
0.133227
0.724106
0.198765
0.449982
0.179193
0.160284
0.197439
0.197055
0.171421
0.564128
0.238192
0.163837
0.258636
0.157192
0.138813
0.197028
0.304386
0.290654
0.140426
0.086255
0.182886
0.292313
0.171855
0.226886
0.227650
0.347647
0.213014
0.163851
0.229936
0.154979
0.084668
0.151878
0.254009
0.159012
0.243241
0.431806
0.258408
0.104294
0.305269
0.119306
0.195102
0.453653
0.122578
0.129392
0.319130
0.107178
0.160245
0.168391
0.161394
0.271325
0.457142
0.214368
0.203310
0.235822
0.097632
0.225418
0.231983
0.341944
0.289604
0.210331
0.678195
0.166156
0.169573
0.286626
0.158452
0.158969
0.283084
0.116725
0.294259
0.178264
0.106675
0.175222
0.097996
0.233259
0.165026
0.212075
0.139217
0.244408
0.216868
0.504035
0.178302
0.088235
0.261960
0.356656
0.176228
0.246293
0.088758
0.111013
0.221344
0.264793
0.191683
0.109601
0.124051
0.207087
0.157664
0.371927
0.208598
0.121232
0.239452
0.223309
0.200091
0.165066
0.318281
0.174289
0.247754
0.175875
0.144409
0.113248
0.283841
0.257964
0.186680
0.172230
0.418543
0.131390
0.151610
0.180926
0.269091
0.133458
0.253495
0.141305
0.229033
0.259683
0.138748
0.246840
0.209982
0.167754
0.218768
0.215347
0.152381
0.138725
0.222912
0.306317
0.347808
0.180418
0.282638
0.495888
0.357270
0.208655
0.132792
0.205707
0.163549
0.137574
0.169120
0.215437
0.270421
0.143037
0.276900
0.202152
0.212364
0.253613
0.219914
0.222400
0.372324
0.339780
0.399790
0.144890
0.145770
0.262862
0.190035
0.142705
0.263446
0.181926
0.189203
0.223883
0.216032
0.231720
0.794261
0.303534
0.242657
0.155878
0.169485
0.266339
0.134656
0.637292
0.207499
0.145914
0.453590
0.211945
0.254835
0.161049
0.158306
0.247144
0.238093
0.103128
0.391719
0.403472
0.234081
0.143306
0.348927
0.278642
0.177755
0.115716
0.141289
0.135865
0.204833
0.215917
0.130377
0.475704
0.240546
0.242112
0.270026
0.171219
0.127224
0.306342
0.118106
0.301106
0.163838
0.251244
0.307833
0.200018
0.137518
0.461108
0.318258
0.214750
0.085758
0.153645
0.322732
0.228415
0.326959
0.179932
0.218135
0.186351
0.105188
0.257517
0.185422
0.175189
0.742531
0.242148
0.224663
0.208254
0.137660
0.320247
0.318172
0.121075
0.277595
0.247071
0.158772
0.149034
0.565127
0.175601
0.100337
0.221163
0.095397
0.079121
0.220221
0.154898
0.108824
0.275351
0.137385
0.188896
0.229170
0.175799
0.209383
0.124815
0.209651
0.213894
0.219488
0.193406
0.171519
0.200575
0.190622
0.151121
0.187699
0.176734
0.257887
0.169299
0.153787
0.254090
0.166174
0.458640
0.172550
0.208871
0.164042
0.079142
0.183081
0.241052
0.192632
0.151208
0.234389
0.374357
0.147989
0.205573
0.169160
0.362850
0.319058
0.349826
0.170507
0.106345
0.165873
0.296253
0.261729
0.100600
0.355086
0.102061
0.220311
0.118743
0.180113
0.305112
0.197245
0.241155
0.160747
0.119538
0.142747
0.366557
0.167285
0.165866
0.130311
0.309990
0.169779
0.167856
0.090863
0.118989
0.435100
0.258978
0.145230
0.283302
0.442798
0.280138
0.205587
0.145024
0.200852
0.223926
0.191147
0.126991
0.151829
0.184405
0.057080
0.228654
0.071854
0.145438
0.259407
0.128754
0.197183
0.200005
0.327084
0.211184
0.257702
0.113117
0.205588
0.118478
0.098768
0.123794
0.139920
0.106730
0.188335
0.361519
0.101131
0.137369
0.195408
0.289511
0.220094
0.242662
0.242223
0.230470
0.290594
0.160365
0.242673
0.152240
0.127550
0.069142
0.114946
0.202896
0.067440
0.166573
0.151507
0.190397
0.165414
0.142021
0.246231
0.219917
0.107107
0.232125
0.069678
0.118425
0.198544
0.168179
0.149577
0.198317
0.166724
0.229222
0.090307
0.242150
0.193028
0.204100
0.120518
0.158569
0.170715
0.214185
0.127417
0.240564
0.227519
0.113578
0.110790
0.195301
0.292217
0.094254
0.106166
0.405708
0.358045
0.161559
0.138888
0.241077
0.110329
0.190289
0.301230
0.133490
0.199138
0.107490
0.124187
0.385795
0.145976
0.164857
0.210754
0.254686
0.136334
0.136902
0.192688
0.168364
0.139010
0.129192
0.132816
0.052372
0.086084
0.180887
0.180890
0.184729
0.080233
0.156979
0.154127
0.212423
0.236341
0.197783
0.193953
0.122887
0.146772
0.168730
0.128449
0.218304
0.159081
0.060710
0.154281
0.310682
0.160973
0.249686
0.232468
0.323295
0.136665
0.064595
0.147229
0.205087
0.093818
0.115830
0.118744
0.234020
0.115141
0.128670
0.067411
0.148335
0.061275
0.178383
0.147011
0.195501
0.124867
0.126929
0.201111
0.399435
0.160878
0.129687
0.208582
0.079204
0.481942
0.244904
0.173160
0.123035
0.197048
0.184277
0.172218
0.157564
0.168218
0.117955
0.194487
0.158092
0.173621
0.082561
0.168103
0.155726
0.183873
0.174885
0.111979
0.314479
0.229704
0.220068
0.163505
0.115189
0.210563
0.112762
0.165688
0.097220
0.204610
0.117946
0.076288
0.171828
0.348937
0.201481
0.098664
0.127627
0.143712
0.125608
0.283587
0.384270
0.093960
0.193573
0.172759
0.109716
0.187827
0.118690
0.222870
0.137665
0.226977
0.112381
0.093184
0.116355
0.077707
0.133691
0.120075
0.106773
0.103289
0.205534
0.189873
0.133698
0.087081
0.120866
0.108869
0.123630
0.187882
0.102461
0.187339
0.194652
0.224460
0.368483
0.420469
0.104812
0.219845
0.253604
0.154427
0.143362
0.169805
0.120425
0.318185
0.054276
0.078052
0.238331
