-0.013758 0.175268 0.239954
-0.012052 0.178669 0.242123
-0.010330 0.182084 0.244207
-0.008428 0.185705 0.246521
-0.006539 0.189266 0.248846
-0.004746 0.192693 0.250997
-0.002942 0.196128 0.253053
-0.000982 0.199695 0.255462
0.000991 0.203214 0.258012
0.002865 0.206669 0.260094
0.004739 0.210094 0.262159
0.006761 0.213599 0.264737
0.008789 0.217065 0.267354
0.010750 0.220470 0.269713
0.012656 0.223824 0.271850
0.014746 0.227295 0.274479
0.016876 0.230778 0.277165
0.018873 0.234139 0.279481
0.020801 0.237377 0.281790
0.022925 0.240772 0.284470
0.025131 0.244236 0.287223
0.027157 0.247486 0.289730
0.029099 0.250605 0.292187
0.031295 0.254021 0.294789
0.033583 0.257507 0.297488
0.035602 0.260650 0.300021
0.037555 0.263708 0.302434
0.039794 0.267022 0.305256
0.042139 0.270418 0.308221
0.044217 0.273530 0.310819
0.046173 0.276556 0.313080
0.048418 0.279776 0.315931
0.050767 0.283087 0.318919
0.052850 0.286157 0.321419
0.054885 0.289194 0.323758
0.057107 0.292330 0.326542
0.059452 0.295532 0.329595
0.061566 0.298562 0.332124
0.063581 0.301475 0.334554
0.065815 0.304572 0.337331
0.068170 0.307736 0.340338
0.070284 0.310673 0.342952
0.072331 0.313587 0.345372
0.074515 0.316543 0.348132
0.076798 0.319541 0.351182
0.078947 0.322464 0.353887
0.080993 0.325306 0.356342
0.083194 0.328233 0.359124
0.085456 0.331198 0.362047
0.087619 0.334118 0.364667
0.089683 0.336933 0.367155
0.091835 0.339811 0.369831
0.094145 0.342848 0.372643
0.096238 0.345613 0.375310
0.098307 0.348393 0.377835
0.100464 0.351293 0.380385
0.102670 0.354126 0.383268
0.104760 0.356899 0.385888
0.106825 0.359684 0.388317
0.108938 0.362483 0.390864
0.111166 0.365367 0.393667
0.113305 0.368232 0.396178
0.115319 0.370952 0.398496
0.117388 0.373722 0.400967
0.119659 0.376712 0.403618
0.121867 0.379692 0.405994
0.123751 0.382228 0.408281
0.125752 0.384913 0.410670
0.128108 0.388081 0.413162
0.130295 0.391062 0.415427
0.132231 0.393682 0.417696
0.134336 0.396533 0.419949
0.136634 0.399662 0.422293
0.138838 0.402667 0.424639
0.140800 0.405331 0.426802
0.142833 0.408108 0.428900
0.145217 0.411405 0.431142
0.147494 0.414598 0.433204
0.149544 0.417384 0.435352
0.151692 0.420363 0.437459
0.154188 0.423929 0.439435
0.156591 0.427383 0.441252
0.158697 0.430276 0.443283
0.160961 0.433467 0.445271
0.163441 0.437005 0.447142
0.165915 0.440580 0.449016
0.168249 0.443902 0.450818
0.171025 0.447879 0.452866
0.173391 0.451253 0.454618
0.175735 0.454595 0.456331
0.178587 0.458786 0.458091
0.181409 0.462916 0.459861
0.183943 0.466580 0.461469
0.186544 0.470359 0.463043
0.189559 0.474810 0.464713
0.192668 0.479450 0.466296
0.195328 0.483309 0.467756
0.198005 0.487168 0.469228
0.201263 0.492053 0.470654
0.204742 0.497304 0.472108
0.207648 0.501480 0.473584
0.210480 0.505659 0.474634
0.214075 0.510982 0.476145
0.217828 0.516520 0.477728
0.220900 0.520947 0.478938
0.224097 0.525633 0.479941
0.227823 0.531059 0.481315
0.231882 0.536958 0.482854
0.235474 0.542244 0.483726
0.238886 0.547217 0.484441
0.243142 0.553259 0.486079
0.247499 0.559363 0.487659
0.251405 0.564763 0.488948
0.255228 0.569977 0.490170
0.259826 0.576192 0.491970
0.264352 0.582494 0.493058
0.268808 0.588504 0.494353
0.273004 0.593580 0.496619
0.277597 0.599763 0.497635
0.282072 0.605614 0.498763
0.286564 0.611293 0.500156
0.291327 0.617109 0.502023
0.295957 0.622593 0.503964
0.300499 0.628113 0.505304
0.305439 0.633946 0.507210
0.310453 0.639590 0.509472
0.315452 0.645286 0.511406
0.320248 0.650965 0.512492
0.324889 0.656172 0.513970
0.329400 0.660806 0.516190
0.334325 0.666111 0.518074
0.339143 0.671540 0.519135
0.344018 0.676576 0.521186
0.348913 0.681389 0.523710
0.353360 0.685685 0.525852
0.358236 0.690771 0.527407
0.362690 0.695083 0.529338
0.367151 0.699246 0.531603
0.371760 0.703683 0.533648
0.376144 0.707736 0.535748
0.380559 0.711853 0.537789
0.384806 0.715710 0.539907
0.388973 0.719450 0.542032
0.393148 0.723230 0.544074
0.397723 0.727742 0.545510
0.401460 0.730826 0.547915
0.405517 0.734260 0.550505
0.409487 0.737933 0.552151
0.413684 0.741816 0.554049
0.417408 0.744924 0.556497
0.421074 0.747963 0.558976
0.424637 0.751257 0.560446
0.428121 0.754217 0.562549
0.431675 0.757492 0.564092
0.435367 0.760764 0.566268
0.438611 0.763687 0.567816
0.441817 0.766569 0.569389
0.445346 0.769754 0.571459
0.448641 0.772584 0.573816
0.452082 0.775708 0.575917
0.455335 0.778864 0.577174
0.458488 0.781710 0.579188
0.461731 0.784625 0.581505
0.464473 0.787114 0.583073
0.467479 0.790047 0.584397
0.470696 0.793125 0.586467
0.473600 0.795732 0.588757
0.476617 0.798797 0.590022
0.479187 0.801192 0.591685
0.482150 0.804205 0.593137
0.485169 0.807122 0.595534
0.488065 0.810025 0.597403
0.490463 0.812393 0.598785
0.493066 0.814964 0.600698
0.495967 0.817911 0.602971
0.498764 0.820928 0.604446
0.500891 0.823083 0.605673
0.503251 0.825461 0.607598
0.506383 0.828946 0.609759
0.509254 0.832130 0.611813
0.510983 0.833741 0.613563
0.513179 0.836154 0.614928
0.516045 0.839416 0.617210
0.518790 0.842530 0.619527
0.520621 0.844698 0.620015
0.522451 0.846784 0.621062
0.525521 0.850515 0.623586
0.528288 0.853920 0.625634
0.529650 0.855514 0.626160
0.531560 0.857913 0.627089
0.534205 0.861136 0.630017
0.536512 0.863994 0.632459
0.538171 0.866243 0.632726
0.539932 0.868559 0.633879
0.542547 0.872029 0.636427
0.544969 0.875272 0.638808
0.546381 0.877270 0.639410
0.547704 0.879150 0.640091
0.550024 0.882320 0.642989
0.552306 0.885502 0.645873
