0.015970 0.141881 0.238661
0.017514 0.145078 0.240820
0.019072 0.148287 0.242926
0.020753 0.151641 0.245192
0.022430 0.154959 0.247470
0.024045 0.158188 0.249639
0.025670 0.161426 0.251751
0.027406 0.164760 0.254103
0.029157 0.168067 0.256555
0.030840 0.171330 0.258702
0.032526 0.174575 0.260841
0.034322 0.177886 0.263332
0.036127 0.181175 0.265853
0.037889 0.184423 0.268209
0.039616 0.187635 0.270424
0.041475 0.190940 0.272971
0.043366 0.194257 0.275562
0.045170 0.197489 0.277915
0.046934 0.200639 0.280270
0.048836 0.203908 0.282877
0.050799 0.207230 0.285538
0.052646 0.210402 0.288044
0.054443 0.213486 0.290524
0.056413 0.216783 0.293105
0.058450 0.220133 0.295753
0.060316 0.223246 0.298305
0.062143 0.226299 0.300782
0.064168 0.229544 0.303536
0.066273 0.232854 0.306389
0.068203 0.235959 0.309008
0.070054 0.238997 0.311411
0.072110 0.242191 0.314207
0.074245 0.245457 0.317104
0.076203 0.248543 0.319685
0.078135 0.251603 0.322164
0.080204 0.254749 0.324944
0.082365 0.257954 0.327908
0.084373 0.261024 0.330529
0.086323 0.264014 0.333092
0.088432 0.267148 0.335896
0.090631 0.270340 0.338852
0.092672 0.273361 0.341549
0.094678 0.276367 0.344133
0.096784 0.279414 0.346936
0.098971 0.282506 0.349940
0.101075 0.285540 0.352726
0.103115 0.288513 0.355345
0.105269 0.291559 0.358178
0.107478 0.294642 0.361114
0.109627 0.297690 0.363851
0.111717 0.300667 0.366503
0.113881 0.303702 0.369288
0.116162 0.306856 0.372158
0.118305 0.309820 0.374928
0.120441 0.312800 0.377609
0.122650 0.315874 0.380313
0.124906 0.318913 0.383227
0.127094 0.321917 0.385976
0.129272 0.324931 0.388590
0.131494 0.327963 0.391274
0.133811 0.331072 0.394134
0.136079 0.334175 0.396802
0.138267 0.337176 0.399322
0.140511 0.340233 0.401953
0.142906 0.343454 0.404695
0.145265 0.346672 0.407240
0.147416 0.349592 0.409723
0.149663 0.352634 0.412276
0.152166 0.356022 0.414886
0.154561 0.359285 0.417328
0.156801 0.362318 0.419775
0.159165 0.365516 0.422191
0.161679 0.368925 0.424668
0.164144 0.372263 0.427142
0.166450 0.375374 0.429473
0.168814 0.378571 0.431744
0.171439 0.382145 0.434112
0.174001 0.385658 0.436346
0.176419 0.388905 0.438624
0.178920 0.392301 0.440872
0.181674 0.396107 0.443017
0.184370 0.399843 0.445035
0.186877 0.403212 0.447188
0.189509 0.406800 0.449309
0.192299 0.410626 0.451329
0.195104 0.414497 0.453355
0.197819 0.418202 0.455310
0.200861 0.422355 0.457425
0.203624 0.426116 0.459325
0.206383 0.429864 0.461189
0.209519 0.434192 0.463083
0.212643 0.438483 0.464973
0.215575 0.442471 0.466736
0.218564 0.446540 0.468470
0.221865 0.451065 0.470267
0.225243 0.455718 0.471998
0.228311 0.459857 0.473629
0.231401 0.463998 0.475261
0.234923 0.468825 0.476864
0.238614 0.473893 0.478484
0.241906 0.478252 0.480100
0.245149 0.482614 0.481425
0.248961 0.487731 0.483064
0.252897 0.492987 0.484748
0.256350 0.497512 0.486167
0.259900 0.502206 0.487445
0.263847 0.507384 0.488973
0.268046 0.512868 0.490611
0.271908 0.517947 0.491794
0.275648 0.522817 0.492870
0.280023 0.528394 0.494570
0.284471 0.533994 0.496212
0.288603 0.539138 0.497662
0.292684 0.544156 0.499066
0.297339 0.549832 0.500851
0.301931 0.555554 0.502161
0.306488 0.561088 0.503605
0.310895 0.566028 0.505690
0.315555 0.571669 0.506945
0.320141 0.577095 0.508272
0.324755 0.582416 0.509773
0.329581 0.587841 0.511583
0.334324 0.593055 0.513441
0.338992 0.598279 0.514901
0.343967 0.603738 0.516737
0.349006 0.609080 0.518789
0.354033 0.614460 0.520631
0.358888 0.619801 0.521914
0.363657 0.624852 0.523457
0.368375 0.629562 0.525490
0.373368 0.634711 0.527294
0.378248 0.639907 0.528553
0.383219 0.644900 0.530464
0.388232 0.649776 0.532685
0.392920 0.654295 0.534661
0.397869 0.659312 0.536236
0.402550 0.663839 0.538068
0.407254 0.668289 0.540117
0.412049 0.672921 0.542025
0.416680 0.677285 0.543951
0.421329 0.681698 0.545845
0.425863 0.685938 0.547790
0.430337 0.690101 0.549738
0.434802 0.694281 0.551625
0.439489 0.698913 0.553098
0.443662 0.702638 0.555229
0.448053 0.706611 0.557470
0.452309 0.710669 0.559083
0.456721 0.714882 0.560853
0.460837 0.718597 0.562994
0.464902 0.722259 0.565153
0.468820 0.726019 0.566649
0.472699 0.729570 0.568543
0.476575 0.733290 0.570069
0.480567 0.737039 0.572006
0.484201 0.740495 0.573533
0.487794 0.743913 0.575073
0.491611 0.747550 0.576930
0.495270 0.750951 0.578980
0.498989 0.754515 0.580853
0.502514 0.758035 0.582165
0.505995 0.761374 0.583978
0.509531 0.764758 0.585988
0.512673 0.767799 0.587508
0.515957 0.771108 0.588857
0.519405 0.774543 0.590705
0.522619 0.777635 0.592684
0.525844 0.780975 0.593986
0.528774 0.783875 0.595559
0.531932 0.787155 0.596983
0.535147 0.790393 0.599035
0.538236 0.793581 0.600736
0.540958 0.796384 0.602120
0.543815 0.799321 0.603854
0.546860 0.802500 0.605823
0.549787 0.805681 0.607261
0.552245 0.808277 0.608543
0.554861 0.811024 0.610288
0.557972 0.814481 0.612181
0.560899 0.817738 0.614017
0.563023 0.819920 0.615644
0.565436 0.822616 0.617019
0.568296 0.825869 0.619002
0.571059 0.829014 0.621011
0.573151 0.831493 0.621804
0.575239 0.833919 0.622971
0.578166 0.837429 0.625121
0.580864 0.840709 0.626958
0.582577 0.842773 0.627782
0.584647 0.845359 0.628874
0.587228 0.848500 0.631308
0.589558 0.851385 0.633420
0.591406 0.853850 0.634081
0.593303 0.856335 0.635321
0.595786 0.859594 0.637509
0.598122 0.862697 0.639588
0.599735 0.864957 0.640471
0.601276 0.867135 0.641408
0.603500 0.870172 0.643843
0.605682 0.873211 0.646269
