0.163711 0.042551 0.222639
0.165207 0.045787 0.224751
0.166712 0.049038 0.226946
0.168110 0.052158 0.229029
0.169528 0.055332 0.231129
0.171030 0.058634 0.233370
0.172544 0.061954 0.235698
0.173958 0.065175 0.237834
0.175366 0.068431 0.239903
0.176881 0.071792 0.242305
0.178402 0.075184 0.244734
0.179829 0.078502 0.246883
0.181256 0.081848 0.249024
0.182754 0.085279 0.251360
0.184311 0.088784 0.253864
0.185746 0.092165 0.256085
0.187167 0.095539 0.258298
0.188703 0.099057 0.260774
0.190288 0.102677 0.263275
0.191757 0.106148 0.265575
0.193189 0.109562 0.267858
0.194751 0.113178 0.270319
0.196375 0.116907 0.272831
0.197869 0.120399 0.275293
0.199316 0.123818 0.277712
0.200946 0.127547 0.280271
0.202628 0.131355 0.282917
0.204147 0.134909 0.285341
0.205614 0.138376 0.287704
0.207267 0.142124 0.290314
0.209027 0.145993 0.293159
0.210602 0.149607 0.295654
0.212142 0.153146 0.298111
0.213873 0.156942 0.300882
0.215659 0.160790 0.303777
0.217335 0.164483 0.306419
0.218943 0.168074 0.308915
0.220729 0.171874 0.311749
0.222605 0.175789 0.314675
0.224373 0.179517 0.317435
0.226066 0.183122 0.320048
0.227930 0.186945 0.322900
0.229897 0.190856 0.325946
0.231762 0.194621 0.328748
0.233588 0.198320 0.331409
0.235557 0.202150 0.334335
0.237615 0.206049 0.337414
0.239575 0.209793 0.340279
0.241534 0.213497 0.343096
0.243600 0.217275 0.346128
0.245765 0.221141 0.349260
0.247913 0.224941 0.352317
0.249973 0.228561 0.355276
0.252192 0.232378 0.358315
0.254487 0.236215 0.361492
0.256778 0.239966 0.364697
0.259022 0.243667 0.367639
0.261427 0.247486 0.370827
0.263884 0.251281 0.374129
0.266328 0.255015 0.377335
0.268743 0.258675 0.380408
0.271293 0.262398 0.383720
0.273951 0.266188 0.387119
0.276646 0.269971 0.390485
0.279226 0.273547 0.393696
0.281895 0.277125 0.397070
0.284872 0.281060 0.400571
0.287838 0.284903 0.404033
0.290582 0.288370 0.407365
0.293499 0.291967 0.410838
0.296708 0.295882 0.414405
0.299820 0.299592 0.417901
0.302870 0.303147 0.421340
0.306084 0.306838 0.424823
0.309555 0.310764 0.428432
0.313031 0.314610 0.432039
0.316325 0.318160 0.435514
0.319791 0.321816 0.439120
0.323544 0.325790 0.442702
0.327327 0.329703 0.446319
0.330892 0.333247 0.449900
0.334610 0.336888 0.453554
0.338726 0.340995 0.457149
0.342831 0.344994 0.460756
0.346814 0.348781 0.464291
0.350957 0.352674 0.467874
0.355338 0.356781 0.471476
0.359416 0.360563 0.474755
0.364035 0.364822 0.478330
0.368801 0.369189 0.481904
0.373221 0.373134 0.485269
0.377798 0.377221 0.488598
0.382804 0.381701 0.492067
0.387880 0.386214 0.495495
0.392701 0.390443 0.498700
0.397558 0.394667 0.501889
0.403024 0.399490 0.505219
0.408611 0.404433 0.508482
0.413768 0.408881 0.511563
0.418835 0.413231 0.514519
0.424640 0.418373 0.517536
0.430646 0.423614 0.520762
0.436036 0.428318 0.523466
0.441397 0.433014 0.526034
0.447577 0.438500 0.528893
0.453749 0.443941 0.531771
0.459524 0.449064 0.534255
0.465080 0.454009 0.536522
0.471217 0.459431 0.539175
0.477622 0.465147 0.541860
0.483333 0.470342 0.543862
0.488963 0.475493 0.545747
0.495132 0.481190 0.547809
0.501430 0.487062 0.549837
0.507060 0.492353 0.551405
0.512846 0.497666 0.553317
0.518716 0.503172 0.555049
0.524731 0.509169 0.556179
0.530538 0.514607 0.557933
0.536433 0.520229 0.559563
0.542272 0.525903 0.560985
0.547826 0.531401 0.562090
0.553431 0.537029 0.563102
0.559135 0.542655 0.564398
0.564469 0.547992 0.565385
0.569560 0.553195 0.566067
0.574690 0.558374 0.566936
0.580035 0.563614 0.568241
0.585341 0.568960 0.569291
0.590507 0.574381 0.569891
0.595393 0.579358 0.570690
0.600427 0.584314 0.571934
0.605145 0.589167 0.572615
0.609654 0.593909 0.573019
0.614409 0.598902 0.573597
0.618958 0.603444 0.574551
0.623568 0.608215 0.575250
0.627995 0.612858 0.575760
0.632346 0.617323 0.576456
0.636622 0.621759 0.577031
0.640850 0.626106 0.577691
0.645049 0.630455 0.578298
0.649204 0.634757 0.578905
0.653280 0.638936 0.579577
0.657220 0.642744 0.580675
0.661256 0.647009 0.581109
0.665002 0.650935 0.581479
0.668940 0.654848 0.582436
0.672625 0.658491 0.583279
0.676326 0.662345 0.583746
0.679980 0.666154 0.584200
0.683898 0.670008 0.585337
0.687544 0.673729 0.586002
0.691250 0.677362 0.587090
0.694667 0.680790 0.587805
0.698387 0.684470 0.588895
0.702054 0.688101 0.589984
0.705365 0.691390 0.590801
0.708676 0.694772 0.591420
0.711894 0.697974 0.592235
0.715328 0.701253 0.593605
0.718589 0.704518 0.594481
0.721682 0.707647 0.595176
0.725132 0.711090 0.596344
0.728421 0.714267 0.597714
0.731435 0.717252 0.598658
0.734433 0.720336 0.599350
0.737531 0.723305 0.600806
0.740756 0.726569 0.601974
0.743727 0.729459 0.603329
0.746455 0.732257 0.604047
0.749279 0.735093 0.605134
0.752412 0.738265 0.606542
0.755288 0.741231 0.607607
0.757876 0.743911 0.608447
0.760577 0.746598 0.609850
0.763661 0.749796 0.611411
0.766456 0.752775 0.612507
0.768680 0.755041 0.613475
0.771070 0.757530 0.614564
0.774065 0.760880 0.615749
0.776798 0.763802 0.617283
0.778938 0.766113 0.618192
0.781093 0.768496 0.619081
0.783970 0.771572 0.621271
0.786733 0.774654 0.623078
0.788463 0.776577 0.623850
0.790376 0.778717 0.624966
0.793316 0.782108 0.627182
0.795783 0.784940 0.629125
0.797516 0.787115 0.629632
0.799463 0.789548 0.630496
0.802013 0.792544 0.633004
0.804253 0.795322 0.634777
0.805776 0.797301 0.635585
0.807384 0.799431 0.636521
0.809764 0.802497 0.638781
0.812139 0.805645 0.640998
0.813588 0.807787 0.641580
0.815001 0.809914 0.642176
