0.095128 -0.010692 -0.000357 0.093263 -0.007136 0.100136
0.134717 -0.059110 -0.005116 0.082751 -0.016589 0.092923
0.129659 -0.046352 -0.008887 0.084614 -0.010049 0.098529
0.095363 -0.004266 -0.000568 0.095451 -0.001661 0.103612
0.098178 0.002178 0.000330 0.083730 -0.007025 0.098680
0.135897 0.016899 -0.007175 0.038706 -0.014523 0.087160
0.093186 0.033989 0.006391 0.031916 -0.014876 0.094052
0.083142 0.014880 0.004406 0.076180 -0.004377 0.103962
0.092659 0.003783 0.000337 0.087039 -0.002584 0.102087
0.083176 0.018222 0.003901 0.029459 -0.010745 0.095422
0.062337 0.023256 0.008190 0.019927 -0.010107 0.095682
0.078829 0.016007 0.004864 0.078303 -0.002624 0.103218
0.090733 0.002031 0.000190 0.095070 -0.000645 0.103244
0.075343 0.016582 -0.000848 0.052966 -0.003761 0.103015
0.076237 0.013089 -0.007578 0.026017 -0.001632 0.107103
0.079793 0.014415 -0.005548 0.071708 0.005704 0.106313
0.079907 0.012259 -0.001443 0.086160 0.001172 0.104148
0.063570 0.026126 -0.004107 0.064685 0.006179 0.105964
0.073806 0.017622 -0.005121 0.082502 0.005813 0.104416
0.070071 -0.006651 -0.000926 0.118533 -0.002673 0.099604
0.038118 -0.047388 0.010945 0.183528 -0.020609 0.098363
0.069291 -0.031498 0.021013 0.084708 -0.028541 0.124716
0.099486 -0.013752 0.006950 0.092383 -0.005677 0.112522
0.082916 0.005656 -0.000927 0.116563 0.000356 0.099025
0.082331 0.074401 0.008237 0.052433 -0.021422 0.106541
0.150685 0.167559 -0.063185 0.003766 0.041022 0.182228
0.092046 0.059107 0.017749 0.037860 0.010948 0.129540
0.092622 0.002332 0.001199 0.100089 0.000812 0.104584
0.097075 -0.003541 0.002586 0.115110 -0.000842 0.101130
0.117573 -0.003191 0.054100 0.194510 -0.054842 0.086178
0.129409 0.034133 0.079036 0.110207 -0.071431 0.081145
0.099161 0.032963 0.029836 0.114102 -0.011452 0.100297
0.094346 0.000702 0.001156 0.103777 0.001022 0.103656
0.092006 -0.000319 0.001168 0.100861 -0.000767 0.102494
0.079390 0.010007 0.002747 0.088996 -0.006519 0.095417
0.123394 -0.006906 -0.012989 0.054155 0.004662 0.096616
0.095598 0.001907 -0.015989 0.088231 0.015765 0.106698
0.094296 -0.000659 -0.002371 0.100900 0.002300 0.104049
0.080977 0.010156 -0.003691 0.086773 0.003229 0.104396
0.069791 0.020113 -0.012993 0.065023 0.014670 0.108903
0.072182 0.014359 -0.012031 0.083987 0.012429 0.106245
0.068755 0.006190 0.001181 0.108935 0.000567 0.103433
0.021773 0.032514 -0.001547 0.125435 -0.030577 0.110855
0.009406 0.073270 -0.041007 0.193676 -0.125059 0.113877
0.069481 -0.005310 0.016389 0.184533 -0.034546 0.103447
0.079202 0.007609 0.000313 0.100092 -0.000073 0.104416
0.039630 0.067119 -0.061079 0.028290 -0.024322 0.109461
0.050592 0.161240 -0.136238 0.079862 -0.118801 0.079431
0.096155 0.042501 0.035695 0.155451 -0.074219 0.085644
0.095753 -0.000397 0.002171 0.112399 -0.000921 0.102083
0.097572 -0.004665 0.001580 0.106089 -0.001991 0.101807
0.138315 -0.005209 0.051237 0.096703 -0.050368 0.070411
0.326014 0.170376 0.072382 0.124863 -0.112568 0.032291
0.185023 0.056045 0.039884 0.147719 -0.063579 0.061630
0.098902 0.000863 0.001373 0.105658 -0.001876 0.100120
0.088951 0.004333 0.009928 0.114278 -0.015200 0.088236
0.097606 0.024581 0.000995 0.130967 -0.039000 0.069097
0.097003 0.010603 -0.009266 0.127532 0.001508 0.088368
0.094972 -0.000624 -0.001820 0.103922 0.001446 0.102565
0.084950 0.005175 -0.001219 0.097460 0.001438 0.102610
0.068610 0.015431 -0.007831 0.096601 0.009943 0.102262
0.078563 0.008033 -0.008027 0.104444 0.009020 0.103141
0.091280 0.000293 -0.001295 0.101308 0.001052 0.103404
0.041300 0.046843 -0.005146 0.081187 -0.000586 0.100179
0.017335 0.140269 -0.000553 0.131229 -0.001458 0.091185
0.053686 0.040907 0.000031 0.144646 -0.004177 0.096316
0.087608 0.002498 -0.001061 0.098452 -0.000946 0.102829
0.049195 0.034173 -0.013697 0.088847 -0.018323 0.086216
0.057259 0.174989 -0.023775 0.232981 -0.015599 0.058436
0.057439 0.024070 -0.006708 0.172554 -0.017872 0.076515
0.090414 0.000245 0.000309 0.102936 -0.002519 0.100684
0.092166 -0.000346 -0.000449 0.098799 -0.001232 0.102353
0.090015 0.003870 -0.005590 0.064527 -0.021699 0.078444
0.119811 0.044154 -0.010763 0.028518 -0.026527 0.041553
0.134731 0.017580 0.004973 0.028794 -0.029972 0.057911
0.096670 -0.004056 -0.000511 0.078199 -0.009376 0.097358
0.095108 -0.001485 0.000359 0.092071 -0.006056 0.094225
0.117084 -0.010033 0.000058 0.055337 -0.018777 0.069576
0.124262 -0.023888 -0.001954 0.057178 -0.018126 0.078179
0.095618 -0.006002 -0.001448 0.092879 -0.004071 0.100236
0.091247 0.000250 -0.000027 0.104025 0.001100 0.102852
0.089907 -0.001088 -0.000972 0.125338 0.006180 0.100945
0.091920 -0.003617 -0.001240 0.122047 0.004698 0.101636
0.092153 -0.000728 -0.000205 0.102869 0.000464 0.103239
0.069043 0.025919 -0.004196 0.066557 0.002670 0.103490
0.058133 0.036602 -0.005740 0.026672 -0.001176 0.102633
0.071898 0.023930 -0.002215 0.065285 -0.000617 0.102222
0.081827 0.010460 -0.010478 0.078046 0.003450 0.102831
0.066629 0.013652 -0.021442 0.013652 -0.010643 0.097975
0.078737 0.008191 -0.007860 0.037874 -0.009214 0.097580
0.091897 0.000774 0.000082 0.091249 -0.001936 0.102504
0.092758 -0.005861 -0.005418 0.066672 -0.006636 0.099201
0.123473 -0.014359 -0.010423 0.015406 -0.018766 0.080306
0.145776 -0.015223 0.004967 0.016258 -0.019873 0.082041
0.099210 -0.006504 0.000444 0.071634 -0.008349 0.100131
0.095259 -0.007376 -0.001008 0.083082 -0.004493 0.100819
0.136292 -0.035964 0.002660 0.030002 -0.016326 0.086986
0.147608 -0.040864 0.005307 0.031222 -0.019027 0.087079
0.098271 -0.009136 -0.000700 0.083316 -0.006352 0.100764
0.092324 -0.001057 -0.000071 0.100698 0.000034 0.103280
0.095516 -0.008674 -0.000671 0.101640 -0.000814 0.102117
0.096535 -0.009953 -0.000934 0.101118 -0.001724 0.101949
0.092773 -0.001598 -0.000225 0.100435 -0.000406 0.103192
