54.964861
55.216294
55.467727
55.719160
55.970593
56.222025
56.473458
56.724891
56.976324
57.227757
57.479189
57.730622
57.982055
58.233488
58.484921
58.736353
58.987786
59.239219
59.490652
59.742085
59.993518
60.244950
60.496383
60.747816
60.999249
61.250682
61.502114
61.753547
62.004980
62.256413
62.507846
62.759278
63.010711
63.262144
63.513577
63.765010
64.016442
64.267875
64.519308
64.770741
65.022174
65.273606
65.525039
65.776472
66.027905
66.279338
66.530771
66.782203
67.033636
67.285069
67.536502
67.787935
68.039367
68.290800
68.542233
68.793666
69.045099
69.296531
69.547964
69.799397
70.050830
70.302263
70.553695
70.805128
71.056561
71.307994
71.559427
71.810859
72.062292
72.313725
72.565158
72.816591
73.068023
73.319456
73.570889
73.822322
74.073755
74.325188
74.576620
74.828053
75.079486
75.330919
75.582352
75.833784
76.085217
76.336650
76.588083
76.839516
77.090948
77.342381
77.593814
77.845247
78.096680
78.348112
78.599545
78.850978
79.102411
79.353844
79.605276
79.856709
80.108142
80.359575
80.611008
80.862441
81.113873
81.365306
81.616739
81.868172
82.119605
82.371037
82.622470
82.873903
83.125336
83.376769
83.628201
83.879634
84.131067
84.382500
84.633933
84.885365
85.136798
85.388231
85.639664
85.891097
86.142529
86.393962
86.645395
86.896828
87.148261
87.399694
87.651126
87.902559
88.153992
88.405425
88.656858
88.908290
89.159723
89.411156
89.662589
89.914022
90.165454
90.416887
90.668320
90.919753
91.171186
91.422618
91.674051
91.925484
92.176917
92.428350
92.679782
92.931215
93.182648
93.434081
93.685514
93.936946
94.188379
94.439812
94.691245
94.942678
95.194111
95.445543
95.696976
95.948409
96.199842
96.451275
96.702707
96.954140
97.205573
97.457006
97.708439
97.959871
98.211304
98.462737
98.714170
98.965603
99.217035
99.468468
99.719901
99.971334
100.222767
100.474199
100.725632
100.977065
101.228498
101.479931
101.731364
101.982796
102.234229
102.485662
102.737095
102.988528
103.239960
103.491393
103.742826
103.994259
104.245692
104.497124
104.748557
104.999990
