0.061167 0.102212 0.234907
0.062584 0.105275 0.237042
0.064010 0.108347 0.239170
0.065484 0.111478 0.241363
0.066962 0.114604 0.243570
0.068427 0.117707 0.245754
0.069900 0.120818 0.247930
0.071418 0.123973 0.250197
0.072948 0.127126 0.252508
0.074461 0.130268 0.254731
0.075980 0.133409 0.256958
0.077549 0.136587 0.259321
0.079126 0.139762 0.261702
0.080695 0.142928 0.264040
0.082259 0.146086 0.266343
0.083877 0.149288 0.268769
0.085513 0.152500 0.271219
0.087127 0.155686 0.273604
0.088737 0.158849 0.276001
0.090402 0.162064 0.278493
0.092095 0.165303 0.281013
0.093760 0.168495 0.283496
0.095416 0.171660 0.285981
0.097138 0.174907 0.288511
0.098890 0.178177 0.291070
0.100600 0.181372 0.293619
0.102304 0.184547 0.296151
0.104085 0.187801 0.298784
0.105902 0.191084 0.301461
0.107672 0.194297 0.304074
0.109425 0.197485 0.306627
0.111257 0.200740 0.309315
0.113130 0.204032 0.312056
0.114954 0.207255 0.314700
0.116780 0.210472 0.317321
0.118665 0.213732 0.320052
0.120593 0.217021 0.322853
0.122481 0.220257 0.325547
0.124363 0.223471 0.328237
0.126318 0.226752 0.331026
0.128312 0.230057 0.333863
0.130263 0.233294 0.336615
0.132224 0.236541 0.339359
0.134225 0.239801 0.342163
0.136275 0.243093 0.345051
0.138315 0.246372 0.347886
0.140345 0.249624 0.350662
0.142425 0.252908 0.353505
0.144545 0.256220 0.356398
0.146661 0.259522 0.359232
0.148775 0.262804 0.362044
0.150937 0.266124 0.364915
0.153151 0.269488 0.367807
0.155333 0.272784 0.370659
0.157537 0.276100 0.373496
0.159789 0.279466 0.376354
0.162068 0.282817 0.379261
0.164355 0.286178 0.382137
0.166653 0.289542 0.384958
0.168982 0.292917 0.387789
0.171372 0.296341 0.390691
0.173771 0.299779 0.393538
0.176155 0.303175 0.396310
0.178593 0.306620 0.399140
0.181101 0.310130 0.401991
0.183613 0.313640 0.404761
0.186086 0.317069 0.407514
0.188622 0.320564 0.410298
0.191267 0.324187 0.413084
0.193892 0.327770 0.415793
0.196505 0.331308 0.418518
0.199173 0.334900 0.421200
0.201929 0.338592 0.423907
0.204701 0.342286 0.426615
0.207440 0.345910 0.429248
0.210219 0.349570 0.431838
0.213129 0.353389 0.434465
0.216043 0.357204 0.437033
0.218939 0.360949 0.439599
0.221900 0.364773 0.442156
0.224976 0.368747 0.444655
0.228053 0.372704 0.447083
0.231105 0.376570 0.449549
0.234238 0.380540 0.452005
0.237448 0.384590 0.454387
0.240709 0.388696 0.456783
0.243966 0.392759 0.459121
0.247371 0.396985 0.461499
0.250717 0.401114 0.463788
0.254093 0.405258 0.466048
0.257645 0.409618 0.468310
0.261224 0.413985 0.470553
0.264771 0.418276 0.472729
0.268370 0.422613 0.474880
0.272125 0.427123 0.477041
0.275939 0.431694 0.479167
0.279678 0.436121 0.481230
0.283457 0.440567 0.483278
0.287435 0.445260 0.485309
0.291510 0.450050 0.487334
0.295473 0.454631 0.489327
0.299449 0.459233 0.491207
0.303677 0.464100 0.493187
0.307983 0.469029 0.495169
0.312143 0.473742 0.497033
0.316369 0.478526 0.498838
0.320780 0.483486 0.500717
0.325315 0.488561 0.502622
0.329754 0.493522 0.504354
0.334174 0.498428 0.506035
0.338876 0.503595 0.507929
0.343609 0.508755 0.509759
0.348262 0.513794 0.511522
0.352920 0.518804 0.513255
0.357817 0.524043 0.515103
0.362706 0.529302 0.516784
0.367603 0.534511 0.518492
0.372475 0.539546 0.520392
0.377442 0.544804 0.522012
0.382398 0.549999 0.523643
0.387380 0.555168 0.525317
0.392454 0.560381 0.527078
0.397510 0.565530 0.528841
0.402537 0.570675 0.530465
0.407696 0.575921 0.532214
0.412861 0.581102 0.533985
0.418029 0.586304 0.535695
0.423119 0.591473 0.537214
0.428183 0.596548 0.538806
0.433237 0.601520 0.540545
0.438368 0.606620 0.542198
0.443431 0.611704 0.543665
0.448533 0.616732 0.545330
0.453642 0.621720 0.547085
0.458619 0.626568 0.548755
0.463644 0.631543 0.550281
0.468570 0.636351 0.551885
0.473486 0.641120 0.553549
0.478417 0.645940 0.555175
0.483234 0.650611 0.556764
0.488044 0.655292 0.558352
0.492785 0.659889 0.559950
0.497477 0.664436 0.561542
0.502126 0.668953 0.563105
0.506796 0.673572 0.564523
0.511289 0.677888 0.566157
0.515825 0.682262 0.567817
0.520247 0.686599 0.569266
0.524691 0.690962 0.570758
0.529013 0.695141 0.572372
0.533284 0.699272 0.573987
0.537453 0.703388 0.575400
0.541556 0.707379 0.576904
0.545616 0.711392 0.578300
0.549692 0.715397 0.579826
0.553594 0.719253 0.581220
0.557447 0.723064 0.582616
0.561341 0.726919 0.584110
0.565153 0.730671 0.585669
0.568935 0.734431 0.587167
0.572599 0.738126 0.588480
0.576225 0.741742 0.589960
0.579838 0.745346 0.591505
0.583270 0.748791 0.592891
0.586706 0.752286 0.594219
0.590189 0.755824 0.595730
0.593527 0.759178 0.597252
0.596831 0.762587 0.598567
0.600013 0.765832 0.599979
0.603228 0.769166 0.601339
0.606442 0.772470 0.602911
0.609572 0.775723 0.604369
0.612542 0.778821 0.605728
0.615529 0.781941 0.607205
0.618548 0.785117 0.608763
0.621485 0.788260 0.610147
0.624233 0.791191 0.611485
0.627010 0.794154 0.612981
0.629917 0.797324 0.614527
0.632753 0.800432 0.616079
0.635249 0.803123 0.617531
0.637825 0.805981 0.618919
0.640526 0.809007 0.620515
0.643165 0.811980 0.622124
0.645532 0.814709 0.623328
0.647876 0.817410 0.624663
0.650478 0.820453 0.626333
0.652971 0.823406 0.627902
0.655093 0.825942 0.629135
0.657309 0.828637 0.630461
0.659680 0.831509 0.632246
0.661934 0.834284 0.633927
0.664001 0.836927 0.635139
0.666021 0.839518 0.636513
0.668236 0.842385 0.638233
0.670374 0.845192 0.639920
0.672224 0.847706 0.641204
0.674025 0.850184 0.642508
0.676035 0.852946 0.644329
0.678006 0.855704 0.646150
