0.111117 0.069041 0.229319
0.112518 0.072124 0.231433
0.113927 0.075218 0.233585
0.115306 0.078277 0.235712
0.116698 0.081362 0.237854
0.118125 0.084496 0.240056
0.119561 0.087642 0.242298
0.120971 0.090765 0.244487
0.122386 0.093908 0.246664
0.123842 0.097089 0.248966
0.125305 0.100285 0.251283
0.126749 0.103472 0.253526
0.128198 0.106674 0.255772
0.129678 0.109908 0.258097
0.131184 0.113170 0.260489
0.132657 0.116404 0.262798
0.134134 0.119641 0.265114
0.135657 0.122930 0.267531
0.137204 0.126257 0.269968
0.138722 0.129546 0.272349
0.140234 0.132824 0.274735
0.141800 0.136171 0.277193
0.143395 0.139560 0.279679
0.144955 0.142879 0.282160
0.146504 0.146180 0.284632
0.148131 0.149590 0.287172
0.149784 0.153028 0.289749
0.151390 0.156394 0.292261
0.152988 0.159739 0.294763
0.154661 0.163177 0.297360
0.156379 0.166656 0.300047
0.158045 0.170062 0.302622
0.159712 0.173457 0.305202
0.161454 0.176933 0.307896
0.163226 0.180429 0.310641
0.164973 0.183886 0.313310
0.166709 0.187319 0.315939
0.168516 0.190817 0.318688
0.170368 0.194360 0.321482
0.172201 0.197859 0.324238
0.174017 0.201320 0.326944
0.175901 0.204849 0.329729
0.177843 0.208423 0.332607
0.179756 0.211947 0.335391
0.181676 0.215466 0.338145
0.183663 0.219038 0.341006
0.185691 0.222630 0.343914
0.187698 0.226176 0.346746
0.189726 0.229725 0.349578
0.191806 0.233302 0.352488
0.193937 0.236916 0.355437
0.196085 0.240526 0.358375
0.198217 0.244079 0.361274
0.200416 0.247697 0.364192
0.202665 0.251337 0.367171
0.204937 0.254967 0.370172
0.207204 0.258576 0.373065
0.209556 0.262250 0.376064
0.211941 0.265917 0.379090
0.214338 0.269566 0.382074
0.216753 0.273212 0.385024
0.219242 0.276897 0.388065
0.221778 0.280599 0.391109
0.224362 0.284329 0.394163
0.226928 0.287994 0.397153
0.229541 0.291662 0.400182
0.232288 0.295473 0.403258
0.235062 0.299276 0.406329
0.237787 0.302956 0.409344
0.240588 0.306684 0.412387
0.243526 0.310556 0.415474
0.246446 0.314351 0.418509
0.249385 0.318119 0.421534
0.252412 0.321958 0.424576
0.255545 0.325884 0.427634
0.258703 0.329788 0.430670
0.261844 0.333617 0.433673
0.265070 0.337498 0.436708
0.268421 0.341505 0.439717
0.271820 0.345518 0.442743
0.275182 0.349412 0.445741
0.278616 0.353345 0.448736
0.282218 0.357466 0.451702
0.285857 0.361578 0.454678
0.289483 0.365614 0.457596
0.293209 0.369725 0.460543
0.297040 0.373919 0.463463
0.300809 0.378010 0.466269
0.304793 0.382298 0.469154
0.308857 0.386641 0.472024
0.312859 0.390857 0.474823
0.316944 0.395138 0.477595
0.321204 0.399579 0.480387
0.325521 0.404047 0.483154
0.329805 0.408438 0.485840
0.334138 0.412845 0.488509
0.338699 0.417482 0.491194
0.343334 0.422176 0.493843
0.347885 0.426723 0.496430
0.352446 0.431253 0.498966
0.357273 0.436077 0.501487
0.362202 0.440957 0.504068
0.366985 0.445670 0.506470
0.371795 0.450400 0.508813
0.376900 0.455424 0.511226
0.382041 0.460451 0.513638
0.387100 0.465390 0.515905
0.392126 0.470287 0.518088
0.397374 0.475369 0.520385
0.402740 0.480570 0.522680
0.407935 0.485627 0.524742
0.413112 0.490658 0.526720
0.418506 0.495910 0.528757
0.423971 0.501239 0.530769
0.429252 0.506388 0.532607
0.434609 0.511559 0.534553
0.440018 0.516811 0.536421
0.445499 0.522252 0.538058
0.450931 0.527507 0.539905
0.456409 0.532836 0.541694
0.461886 0.538195 0.543394
0.467282 0.543505 0.544964
0.472706 0.548868 0.546486
0.478167 0.554228 0.548095
0.483523 0.559513 0.549593
0.488771 0.564722 0.550932
0.494041 0.569933 0.552339
0.499371 0.575149 0.553887
0.504685 0.580401 0.555330
0.509949 0.585681 0.556598
0.515094 0.590787 0.557918
0.520263 0.595858 0.559382
0.525314 0.600893 0.560630
0.530277 0.605876 0.561766
0.535301 0.610925 0.562954
0.540210 0.615777 0.564256
0.545125 0.620696 0.565460
0.549947 0.625547 0.566584
0.554723 0.630323 0.567778
0.559408 0.635022 0.568885
0.564058 0.639677 0.570029
0.568662 0.644300 0.571145
0.573217 0.648877 0.572254
0.577700 0.653370 0.573375
0.582085 0.657688 0.574633
0.586488 0.662149 0.575661
0.590752 0.666459 0.576659
0.595024 0.670708 0.577852
0.599172 0.674831 0.578999
0.603297 0.678998 0.580017
0.607370 0.683116 0.581028
0.611491 0.687215 0.582285
0.615458 0.691201 0.583344
0.619409 0.695128 0.584561
0.623233 0.698957 0.585649
0.627113 0.702829 0.586865
0.630940 0.706651 0.588080
0.634606 0.710319 0.589201
0.638243 0.713991 0.590258
0.641802 0.717560 0.591380
0.645390 0.721115 0.592688
0.648891 0.724638 0.593834
0.652303 0.728086 0.594921
0.655793 0.731603 0.596168
0.659188 0.734994 0.597483
0.662480 0.738317 0.598678
0.665700 0.741601 0.599757
0.668925 0.744831 0.601108
0.672167 0.748138 0.602369
0.675284 0.751287 0.603693
0.678296 0.754384 0.604812
0.681303 0.757465 0.606057
0.684378 0.760633 0.607410
0.687338 0.763709 0.608656
0.690173 0.766667 0.609832
0.693008 0.769601 0.611196
0.695938 0.772683 0.612617
0.698746 0.775674 0.613890
0.701334 0.778407 0.615126
0.703967 0.781220 0.616426
0.706727 0.784250 0.617723
0.709389 0.787143 0.619157
0.711829 0.789820 0.620394
0.714246 0.792506 0.621629
0.716858 0.795396 0.623291
0.719408 0.798276 0.624832
0.721597 0.800768 0.626045
0.723815 0.803317 0.627373
0.726329 0.806254 0.629061
0.728663 0.808999 0.630665
0.730736 0.811527 0.631811
0.732849 0.814127 0.633077
0.735138 0.816914 0.634897
0.737260 0.819575 0.636444
0.739146 0.822002 0.637707
0.741031 0.824469 0.639014
0.743125 0.827220 0.640751
0.745191 0.829989 0.642477
0.746934 0.832441 0.643682
0.748639 0.834882 0.644895
