0.314413
-0.769425
0.837400
-0.057395
2.097956
-0.090847
-0.880739
0.787671
1.154497
-0.125721
-0.494785
1.333401
0.508160
-0.971555
-0.175948
1.101578
0.254555
1.579876
0.050284
0.659104
-0.652570
0.474159
-1.258735
-0.821465
-0.869663
-1.176891
1.367091
2.339477
1.096011
0.047835
-0.466838
-1.203806
0.798878
-0.251257
-0.787286
-0.306346
0.448807
1.913513
-1.112795
-0.632347
-0.188809
-0.632762
1.154474
1.672658
0.393601
0.814393
0.128679
0.392737
0.150442
-1.206598
-0.436999
1.434636
1.183219
0.869843
0.042997
-0.274223
-0.804595
-1.174799
0.399089
1.145114
-0.175248
0.898238
0.146307
-0.336307
1.395168
1.385237
0.474267
-0.844720
-0.223497
-0.320567
2.081274
-0.588139
1.580139
0.725416
-0.623417
-0.840740
0.593397
0.011407
1.570109
-1.033683
-0.098475
-0.293289
-0.911274
-0.355717
-0.148873
-2.527315
-0.519764
0.426389
-0.871890
0.687461
0.256711
0.596958
0.940645
-0.228024
-0.369360
0.494188
-0.641710
0.253919
-2.097951
0.033109
-0.437911
-1.008879
-0.400922
1.537766
1.737691
0.551930
-2.008447
-0.624340
0.475617
0.331307
-0.970117
1.305248
0.211098
0.677907
0.285279
0.133402
1.870080
-1.751717
-0.944685
-1.597586
-0.425267
-0.098202
-0.930424
-1.480263
0.215870
-0.155157
-0.291310
-0.689118
-0.693558
0.415778
-0.242760
-0.643114
-0.226505
1.191715
-0.014221
-0.026323
0.988017
-0.657825
0.768684
-1.829225
-0.639736
0.697555
0.204735
-1.290373
0.257712
-0.300757
0.970530
-1.659434
-0.462279
0.361386
-0.759113
0.011473
-1.051850
-1.403817
0.008073
-0.188566
-0.297793
0.962532
0.851452
-0.354911
-1.280995
2.226031
0.951798
-0.459523
1.477214
1.715114
-0.330738
-1.758111
-0.593200
-0.872330
0.256019
0.483843
2.314156
0.146314
-1.372718
-1.406091
0.374536
-0.252602
-0.510014
0.666554
1.430378
2.079727
-1.343863
0.443566
-1.157457
0.567412
0.470237
0.107990
0.224687
-0.874238
-0.325266
0.314913
0.989584
-0.630624
0.244764
-0.048482
0.182456
0.025766
-0.805631
-1.072163
-0.006435
-1.651608
-2.383209
-0.751795
-0.233976
1.232463
-1.140640
-0.641147
1.769338
-0.857269
0.058586
-0.856843
-1.504225
-1.181109
1.458940
-0.325448
-0.134372
0.467480
-0.119976
-0.499117
1.993357
1.737974
-0.796025
0.682994
0.175584
-0.667017
-1.733170
-1.316660
0.914211
-0.363939
-0.170450
-0.974433
1.559966
-0.512611
0.348585
-0.592933
2.667276
0.333072
0.477581
-0.734757
0.237395
-1.895206
-0.415792
1.792359
1.093323
-1.813627
-1.594754
0.712285
0.507156
-1.651899
1.520238
-0.099832
1.272558
1.514511
-1.594031
