5.991036224365234375e+01
5.998231506347656250e+01
6.021591567993164062e+01
6.044951629638671875e+01
6.068311309814453125e+01
6.091671371459960938e+01
6.138391494750976562e+01
6.185111618041992188e+01
6.231831359863281250e+01
6.278551483154296875e+01
6.325271606445312500e+01
6.371991729736328125e+01
6.418711853027343750e+01
6.465431976318359375e+01
6.652311706542968750e+01
6.745751953125000000e+01
7.561449432373046875e+01
7.569587707519531250e+01
7.606579589843750000e+01
7.623447418212890625e+01
7.680563354492187500e+01
7.717555236816406250e+01
7.791539001464843750e+01
7.865522766113281250e+01
7.939507293701171875e+01
8.013491058349609375e+01
8.087474822998046875e+01
8.161458587646484375e+01
8.235443115234375000e+01
8.309426879882812500e+01
8.605361938476562500e+01
8.753330230712890625e+01
6.572489166259765625e+01
6.582549285888671875e+01
6.612136840820312500e+01
6.641723632812500000e+01
6.671311187744140625e+01
6.700898742675781250e+01
6.760428619384765625e+01
6.819248962402343750e+01
6.878424072265625000e+01
6.937599182128906250e+01
6.996774291992187500e+01
7.055949401855468750e+01
7.115124511718750000e+01
7.174298858642578125e+01
7.292649078369140625e+01
7.529349517822265625e+01
4.794499588012695312e+01
4.863589477539062500e+01
4.932678985595703125e+01
5.001768493652343750e+01
5.070858001708984375e+01
5.139947509765625000e+01
5.347216415405273438e+01
6.337246704101562500e+01
6.351394271850585938e+01
6.372573089599609375e+01
6.393751525878906250e+01
6.414929962158203125e+01
6.436108398437500000e+01
6.701630401611328125e+01
6.710313415527343750e+01
5.967786407470703125e+01
5.996283721923828125e+01
6.024780654907226562e+01
6.053277587890625000e+01
6.081774520874023438e+01
6.110271453857421875e+01
6.167265319824218750e+01
6.195762252807617188e+01
5.406114196777343750e+01
5.535480117797851562e+01
5.664846038818359375e+01
5.794211959838867188e+01
5.923577880859375000e+01
6.441041564941406250e+01
8.156830596923828125e+01
8.169495391845703125e+01
8.206743621826171875e+01
8.243991851806640625e+01
8.281240081787109375e+01
8.318488311767578125e+01
8.392984771728515625e+01
8.467481231689453125e+01
8.541976928710937500e+01
8.616473388671875000e+01
8.690969848632812500e+01
8.765466308593750000e+01
8.839962768554687500e+01
8.914459228515625000e+01
9.212444305419921875e+01
9.361436462402343750e+01
7.417088317871093750e+01
7.427020263671875000e+01
7.456229400634765625e+01
7.495136260986328125e+01
7.514647674560546875e+01
7.543857574462890625e+01
7.602275848388671875e+01
7.660694885253906250e+01
7.719113159179687500e+01
7.777532196044921875e+01
7.835951232910156250e+01
7.894369506835937500e+01
7.952788543701171875e+01
8.244882202148437500e+01
4.982920837402343750e+01
5.085673904418945312e+01
5.188427352905273438e+01
5.393934249877929688e+01
5.702194213867187500e+01
6.128381729125976562e+01
6.149227905273437500e+01
6.180434417724609375e+01
6.211766052246093750e+01
6.274054718017578125e+01
6.336468124389648438e+01
6.398881530761718750e+01
7.279414367675781250e+01
7.292658996582031250e+01
7.312848663330078125e+01
7.333037567138671875e+01
7.353227233886718750e+01
7.373416900634765625e+01
7.413795471191406250e+01
7.454174804687500000e+01
7.494553375244140625e+01
7.534931945800781250e+01
7.575311279296875000e+01
7.615689849853515625e+01
7.777205657958984375e+01
7.857963562011718750e+01
7.082357025146484375e+01
7.103647613525390625e+01
7.166268157958984375e+01
7.228887939453125000e+01
7.291508483886718750e+01
7.354129028320312500e+01
7.479370117187500000e+01
7.604610443115234375e+01
7.729851531982421875e+01
7.855091857910156250e+01
7.980332946777343750e+01
8.857018280029296875e+01
6.496836853027343750e+01
6.522931671142578125e+01
6.561995697021484375e+01
6.601060485839843750e+01
6.640124511718750000e+01
6.679188537597656250e+01
6.757317352294921875e+01
6.835446166992187500e+01
6.913574981689453125e+01
6.991703796386718750e+01
7.069831848144531250e+01
7.460475158691406250e+01
7.616732788085937500e+01
6.122453308105468750e+01
6.129668045043945312e+01
6.151663208007812500e+01
6.173658752441406250e+01
6.195653915405273438e+01
6.217649459838867188e+01
6.261639785766601562e+01
6.370504760742187500e+01
6.406875610351562500e+01
6.461323547363281250e+01
6.515771484375000000e+01
6.570219421386718750e+01
6.624667358398437500e+01
6.733563232421875000e+01
6.842459106445312500e+01
6.951354217529296875e+01
7.060250091552734375e+01
7.169145965576171875e+01
7.278041839599609375e+01
7.931415557861328125e+01
6.515978240966796875e+01
6.532705688476562500e+01
6.581903839111328125e+01
6.631102752685546875e+01
6.680300903320312500e+01
6.729499816894531250e+01
6.844624328613281250e+01
7.024691009521484375e+01
7.123088073730468750e+01
7.221484375000000000e+01
7.910263824462890625e+01
7.761219787597656250e+01
7.769586944580078125e+01
6.308817672729492188e+01
6.316713714599609375e+01
6.340166854858398438e+01
6.875350189208984375e+01
6.885833740234375000e+01
6.901527404785156250e+01
6.917221832275390625e+01
6.932915496826171875e+01
6.948609924316406250e+01
6.979998016357421875e+01
7.021430206298828125e+01
7.042774200439453125e+01
7.074162292480468750e+01
7.199714660644531250e+01
7.262490844726562500e+01
6.263095092773437500e+01
6.280112075805664062e+01
6.335359573364257812e+01
6.390606689453125000e+01
6.445854187011718750e+01
6.501101684570312500e+01
6.611595916748046875e+01
6.722090911865234375e+01
6.851369476318359375e+01
6.943080139160156250e+01
7.053575134277343750e+01
7.274564361572265625e+01
7.385059356689453125e+01
7.606048583984375000e+01
4.394258880615234375e+01
4.489109802246093750e+01
4.583961105346679688e+01
4.868514633178710938e+01
4.963365936279296875e+01
6.196196746826171875e+01
6.390575027465820312e+01
6.402969360351562500e+01
6.439424133300781250e+01
6.475879669189453125e+01
6.512334442138671875e+01
6.548789215087890625e+01
6.621699523925781250e+01
6.694609832763671875e+01
6.767519378662109375e+01
6.840429687500000000e+01
6.913339233398437500e+01
6.986249542236328125e+01
7.059159851074218750e+01
7.132069396972656250e+01
7.277889251708984375e+01
7.423709106445312500e+01
7.569529724121093750e+01
6.177560043334960938e+01
6.191023254394531250e+01
6.253351593017578125e+01
6.315680313110351562e+01
6.378008651733398438e+01
6.440337371826171875e+01
6.564994049072265625e+01
6.689650726318359375e+01
6.814307403564453125e+01
6.938964843750000000e+01
7.063621520996093750e+01
7.188278198242187500e+01
7.312934875488281250e+01
7.437591552734375000e+01
7.686905670166015625e+01
7.936219787597656250e+01
8.185533142089843750e+01
8.434846496582031250e+01
6.892233276367187500e+01
6.902175903320312500e+01
6.932125854492187500e+01
6.962075042724609375e+01
6.992024993896484375e+01
7.021974182128906250e+01
7.081873321533203125e+01
7.141772460937500000e+01
7.201671600341796875e+01
7.261570739746093750e+01
7.321469879150390625e+01
7.381369018554687500e+01
7.441267395019531250e+01
7.501166534423828125e+01
7.620964813232421875e+01
7.740763092041015625e+01
7.860561370849609375e+01
7.980358886718750000e+01
7.771740722656250000e+01
7.775749206542968750e+01
7.787972259521484375e+01
7.791932678222656250e+01
7.812416839599609375e+01
7.824639892578125000e+01
7.849084472656250000e+01
7.873529815673828125e+01
7.897974395751953125e+01
7.922419738769531250e+01
7.946864318847656250e+01
7.971309661865234375e+01
7.995755004882812500e+01
8.020199584960937500e+01
8.069089508056640625e+01
8.117979431152343750e+01
8.166870117187500000e+01
8.215760040283203125e+01
5.915961837768554688e+01
5.973169708251953125e+01
6.030377960205078125e+01
6.087586212158203125e+01
6.144794082641601562e+01
6.202001953125000000e+01
6.316418075561523438e+01
6.373626327514648438e+01
6.430834197998046875e+01
8.305725097656250000e+01
8.319442749023437500e+01
8.359291076660156250e+01
8.360270690917968750e+01
8.441926574707031250e+01
8.482755279541015625e+01
8.564411163330078125e+01
8.646067047119140625e+01
8.727723693847656250e+01
8.809379577636718750e+01
8.891035461425781250e+01
8.972691345214843750e+01
9.054347991943359375e+01
9.136003875732421875e+01
9.299316406250000000e+01
9.462628173828125000e+01
9.625940704345703125e+01
4.315996551513671875e+01
4.467594146728515625e+01
4.619192123413085938e+01
4.770790100097656250e+01
4.922387695312500000e+01
5.073985290527343750e+01
5.377181243896484375e+01
5.528778839111328125e+01
5.680376815795898438e+01
8.227386474609375000e+01
8.232644653320312500e+01
8.248294830322265625e+01
8.279594421386718750e+01
8.295244598388671875e+01
8.326544189453125000e+01
8.357844543457031250e+01
8.389144134521484375e+01
8.420444488525390625e+01
8.451744079589843750e+01
8.483044433593750000e+01
8.514344024658203125e+01
8.545643615722656250e+01
7.796831512451171875e+01
7.808547973632812500e+01
7.843008422851562500e+01
7.877468872070312500e+01
7.911929321289062500e+01
7.946389770507812500e+01
8.015310668945312500e+01
8.084231567382812500e+01
8.153152465820312500e+01
8.222073364257812500e+01
8.290994262695312500e+01
8.359915924072265625e+01
8.428836822509765625e+01
5.896695709228515625e+01
5.914463424682617188e+01
5.966721725463867188e+01
6.018980026245117188e+01
6.071238327026367188e+01
6.123497009277343750e+01
6.228640365600585938e+01
6.332530212402343750e+01
6.437046813964843750e+01
6.541564178466796875e+01
6.646080780029296875e+01
6.750597381591796875e+01
6.855113983154296875e+01
6.959631347656250000e+01
7.168664550781250000e+01
7.377697753906250000e+01
7.586731719970703125e+01
6.644764709472656250e+01
6.647473907470703125e+01
6.660014343261718750e+01
6.672554016113281250e+01
6.678372955322265625e+01
6.697634887695312500e+01
6.722714996337890625e+01
6.747795867919921875e+01
6.772875976562500000e+01
6.797956848144531250e+01
6.823036956787109375e+01
6.848117828369140625e+01
6.873197937011718750e+01
6.898278808593750000e+01
6.948439788818359375e+01
6.998600006103515625e+01
7.048760986328125000e+01
6.144900131225585938e+01
6.162290954589843750e+01
6.189295196533203125e+01
6.216299438476562500e+01
6.243303298950195312e+01
6.270307540893554688e+01
6.324316024780273438e+01
6.361042022705078125e+01
6.432332611083984375e+01
6.486341094970703125e+01
6.540349578857421875e+01
6.594358062744140625e+01
6.648366546630859375e+01
6.702375030517578125e+01
6.810391998291015625e+01
6.918408966064453125e+01
7.026425170898437500e+01
6.888697814941406250e+01
6.911743927001953125e+01
6.979528045654296875e+01
7.047312164306640625e+01
7.115095520019531250e+01
7.182879638671875000e+01
7.318447113037109375e+01
7.342306518554687500e+01
7.454015350341796875e+01
7.589582824707031250e+01
7.725151062011718750e+01
7.860718536376953125e+01
7.996286010742187500e+01
8.131854248046875000e+01
8.267421722412109375e+01
8.538557434082031250e+01
8.809693145751953125e+01
9.080828857421875000e+01
7.753883361816406250e+01
7.755617523193359375e+01
7.760903167724609375e+01
7.766188812255859375e+01
7.771473693847656250e+01
7.776759338378906250e+01
7.787330627441406250e+01
7.789190673828125000e+01
7.797901916503906250e+01
7.808472442626953125e+01
7.819043731689453125e+01
7.829615020751953125e+01
7.840185546875000000e+01
7.850756835937500000e+01
7.861328125000000000e+01
7.882469940185546875e+01
7.903611755371093750e+01
7.924754333496093750e+01
6.644431304931640625e+01
6.659855651855468750e+01
6.705221557617187500e+01
6.750587463378906250e+01
6.795953369140625000e+01
6.841319274902343750e+01
6.932050323486328125e+01
7.022782135009765625e+01
7.113513946533203125e+01
7.204245758056640625e+01
7.294976806640625000e+01
7.385708618164062500e+01
7.476440429687500000e+01
7.567172241210937500e+01
7.748635101318359375e+01
8.111561584472656250e+01
4.356467056274414062e+01
4.444205474853515625e+01
4.531943511962890625e+01
4.619681930541992188e+01
4.707420349121093750e+01
4.795158386230468750e+01
4.970635223388671875e+01
5.058373260498046875e+01
7.453078460693359375e+01
7.457242584228515625e+01
7.469490814208984375e+01
7.481739044189453125e+01
7.493987274169921875e+01
7.506235504150390625e+01
7.530731964111328125e+01
7.555228424072265625e+01
7.579724884033203125e+01
7.604221343994140625e+01
7.653214263916015625e+01
5.869258880615234375e+01
5.873781204223632812e+01
5.894337463378906250e+01
5.914894104003906250e+01
5.935450363159179688e+01
5.956007003784179688e+01
5.997119522094726562e+01
5.999586486816406250e+01
6.038232421875000000e+01
6.079345321655273438e+01
6.120458221435546875e+01
6.161570739746093750e+01
6.202683639526367188e+01
6.243796539306640625e+01
6.284909057617187500e+01
6.449360656738281250e+01
6.694186401367187500e+01
6.700632476806640625e+01
6.710282897949218750e+01
6.719933319091796875e+01
6.729583740234375000e+01
6.739234161376953125e+01
6.758535003662109375e+01
6.777835845947265625e+01
7.508393096923828125e+01
7.526525878906250000e+01
7.563115692138671875e+01
7.607958221435546875e+01
7.635102844238281250e+01
7.689391326904296875e+01
7.743679809570312500e+01
7.797968292236328125e+01
7.852256774902343750e+01
7.906545257568359375e+01
7.960833740234375000e+01
8.015122222900390625e+01
8.069410705566406250e+01
6.345811462402343750e+01
6.348728561401367188e+01
6.357622528076171875e+01
6.366516494750976562e+01
6.375410461425781250e+01
6.384304428100585938e+01
6.402092742919921875e+01
6.419880676269531250e+01
6.493836975097656250e+01
6.506130218505859375e+01
6.524533081054687500e+01
6.536531829833984375e+01
6.579741668701171875e+01
6.616547393798828125e+01
6.653353881835937500e+01
6.690159606933593750e+01
6.726965332031250000e+01
6.763771057128906250e+01
6.800576782226562500e+01
6.837382507324218750e+01
6.874188232421875000e+01
6.947799682617187500e+01
7.021411895751953125e+01
4.090415191650390625e+01
4.195168304443359375e+01
4.299921417236328125e+01
4.404674911499023438e+01
4.509428405761718750e+01
4.614181518554687500e+01
4.718935012817382812e+01
4.823688507080078125e+01
5.866861724853515625e+01
5.874096298217773438e+01
5.897585296630859375e+01
5.921073913574218750e+01
5.944562911987304688e+01
5.968051528930664062e+01
6.015029525756835938e+01
6.062007141113281250e+01
6.108984756469726562e+01
6.155962371826171875e+01
6.202939987182617188e+01
6.249917984008789062e+01
6.296895599365234375e+01
6.437828826904296875e+01
6.531784057617187500e+01
5.765292739868164062e+01
5.772611999511718750e+01
5.783977127075195312e+01
5.795342254638671875e+01
5.806707382202148438e+01
5.818072509765625000e+01
5.840802764892578125e+01
5.863533020019531250e+01
5.886263275146484375e+01
5.908993530273437500e+01
5.931723785400390625e+01
5.954454040527343750e+01
5.977183914184570312e+01
5.999914169311523438e+01
6.045374679565429688e+01
6.043806838989257812e+01
6.046967697143554688e+01
6.061334609985351562e+01
6.075701522827148438e+01
6.090068817138671875e+01
6.104435729980468750e+01
6.133169555664062500e+01
6.161903762817382812e+01
6.190637588500976562e+01
6.219371795654296875e+01
6.248105621337890625e+01
6.276839828491210938e+01
6.305573654174804688e+01
6.334307861328125000e+01
6.391775894165039062e+01
5.636822128295898438e+01
5.714361953735351562e+01
5.718130111694335938e+01
5.729213714599609375e+01
5.740296936035156250e+01
5.751380538940429688e+01
5.762464141845703125e+01
5.784630584716796875e+01
5.806797790527343750e+01
7.621322631835937500e+01
7.626325988769531250e+01
7.641040039062500000e+01
7.655754089355468750e+01
7.670468139648437500e+01
7.685123443603515625e+01
7.714610290527343750e+01
7.744038391113281250e+01
7.773467254638671875e+01
7.802895355224609375e+01
7.832323455810546875e+01
7.861752319335937500e+01
7.891180419921875000e+01
8.087406921386718750e+01
8.101968383789062500e+01
8.169379425048828125e+01
8.223037719726562500e+01
8.371612548828125000e+01
8.506435394287109375e+01
8.641257476806640625e+01
8.776080322265625000e+01
8.910902404785156250e+01
9.045725250244140625e+01
9.180547332763671875e+01
5.912924957275390625e+01
5.919131851196289062e+01
5.937387084960937500e+01
5.955715560913085938e+01
5.973898315429687500e+01
5.992153549194335938e+01
6.028664398193359375e+01
6.065175247192382812e+01
6.101686096191406250e+01
6.138196945190429688e+01
6.174707794189453125e+01
6.211218643188476562e+01
6.247729492187500000e+01
6.284240341186523438e+01
6.357261657714843750e+01
6.430283355712890625e+01
6.503305053710937500e+01
5.726512908935546875e+01
5.741468048095703125e+01
5.785976409912109375e+01
5.830662918090820312e+01
5.874993896484375000e+01
5.919502258300781250e+01
6.008519744873046875e+01
6.097536849975585938e+01
6.186553955078125000e+01
6.275571441650390625e+01
6.364588546752929688e+01
6.453605651855468750e+01
6.542623138427734375e+01
6.631640625000000000e+01
6.809674835205078125e+01
6.987709045410156250e+01
7.165744018554687500e+01
4.377887725830078125e+01
4.475856018066406250e+01
4.573824310302734375e+01
4.671792221069335938e+01
4.769760131835937500e+01
4.867728424072265625e+01
5.063664627075195312e+01
5.161632537841796875e+01
7.173164367675781250e+01
7.184435272216796875e+01
7.218798065185546875e+01
7.230755615234375000e+01
7.287522888183593750e+01
7.321885681152343750e+01
7.390611267089843750e+01
7.459336090087890625e+01
7.528060913085937500e+01
7.596786499023437500e+01
7.665511322021484375e+01
7.734236907958984375e+01
7.802961730957031250e+01
7.871687316894531250e+01
8.009136962890625000e+01
8.146587371826171875e+01
8.284037780761718750e+01
6.883409118652343750e+01
6.888747406005859375e+01
6.913014984130859375e+01
6.937282562255859375e+01
6.961550140380859375e+01
6.985817718505859375e+01
7.034352111816406250e+01
7.082887268066406250e+01
7.126568603515625000e+01
7.179956817626953125e+01
7.228491973876953125e+01
7.325561523437500000e+01
7.374096679687500000e+01
7.471166229248046875e+01
7.568235778808593750e+01
7.665305328369140625e+01
7.487295532226562500e+01
7.532690429687500000e+01
7.600647735595703125e+01
7.669691467285156250e+01
7.736561584472656250e+01
7.804518890380859375e+01
7.940432739257812500e+01
8.076347351074218750e+01
8.212261199951171875e+01
8.348175048828125000e+01
8.484089660644531250e+01
4.581007003784179688e+01
4.697255706787109375e+01
4.813504791259765625e+01
4.929753494262695312e+01
5.046002197265625000e+01
5.162251281738281250e+01
5.394748687744140625e+01
7.943570709228515625e+01
7.963812255859375000e+01
8.023345947265625000e+01
8.082403564453125000e+01
8.142413330078125000e+01
8.201947021484375000e+01
8.321015167236328125e+01
8.440082550048828125e+01
8.559150695800781250e+01
8.678218078613281250e+01
8.797285461425781250e+01
8.916353607177734375e+01
9.035420989990234375e+01
9.154489135742187500e+01
6.390046691894531250e+01
6.400474548339843750e+01
6.447873687744140625e+01
6.495272827148437500e+01
6.542672729492187500e+01
6.590071868896484375e+01
6.684870147705078125e+01
6.779668426513671875e+01
6.874466705322265625e+01
6.969264984130859375e+01
7.064064025878906250e+01
7.158862304687500000e+01
7.253660583496093750e+01
7.348458862304687500e+01
7.538056182861328125e+01
7.727652740478515625e+01
7.917250061035156250e+01
6.730078887939453125e+01
6.733284759521484375e+01
6.747858428955078125e+01
6.762431335449218750e+01
6.777005004882812500e+01
6.791577911376953125e+01
6.820724487304687500e+01
6.848996734619140625e+01
6.879017639160156250e+01
6.908164215087890625e+01
6.937310791015625000e+01
6.966457366943359375e+01
6.995603942871093750e+01
7.024750518798828125e+01
7.083043670654296875e+01
7.141336822509765625e+01
6.543961334228515625e+01
6.548364257812500000e+01
6.554956817626953125e+01
6.555009460449218750e+01
6.568141174316406250e+01
6.574732971191406250e+01
6.587917327880859375e+01
6.601100921630859375e+01
6.614285278320312500e+01
6.627469635009765625e+01
6.640653991699218750e+01
6.653837585449218750e+01
6.667021942138671875e+01
6.680206298828125000e+01
6.706574249267578125e+01
6.732942962646484375e+01
5.839406204223632812e+01
5.853204727172851562e+01
5.895272827148437500e+01
5.895609283447265625e+01
5.979409027099609375e+01
6.021476745605468750e+01
6.105612945556640625e+01
6.189749145507812500e+01
6.273885345458984375e+01
6.358021163940429688e+01
6.442156982421875000e+01
6.526293182373046875e+01
6.610429382324218750e+01
6.694565582275390625e+01
6.862837982177734375e+01
7.031109619140625000e+01
5.676211547851562500e+01
5.697180175781250000e+01
5.758853912353515625e+01
5.820527267456054688e+01
5.882200622558593750e+01
5.943627548217773438e+01
6.067221069335937500e+01
6.190568161010742188e+01
6.313915252685546875e+01
6.437261962890625000e+01
6.560609436035156250e+01
6.683956146240234375e+01
6.807303619384765625e+01
6.930650329589843750e+01
7.177344512939453125e+01
7.424038696289062500e+01
6.781666564941406250e+01
6.790051269531250000e+01
6.814713287353515625e+01
6.831385040283203125e+01
6.864037322998046875e+01
6.888699340820312500e+01
6.938024139404296875e+01
6.987348175048828125e+01
7.036672210693359375e+01
7.085996246337890625e+01
7.135320281982421875e+01
7.184645080566406250e+01
7.233969116210937500e+01
7.283293151855468750e+01
7.381941223144531250e+01
7.480589294433593750e+01
5.857256698608398438e+01
5.860621643066406250e+01
5.870880508422851562e+01
5.881139373779296875e+01
5.887910461425781250e+01
5.901657485961914062e+01
5.922175216674804688e+01
5.942692947387695312e+01
5.963211059570312500e+01
5.983728790283203125e+01
6.004246520996093750e+01
6.024764251708984375e+01
6.045281982421875000e+01
6.065800094604492188e+01
6.106835556030273438e+01
6.147871398925781250e+01
6.322363281250000000e+01
6.338884353637695312e+01
6.387477111816406250e+01
6.436069488525390625e+01
6.484661865234375000e+01
6.541612243652343750e+01
6.630439758300781250e+01
6.727624511718750000e+01
6.824810028076171875e+01
6.921994781494140625e+01
7.019180297851562500e+01
7.116365051269531250e+01
7.213549804687500000e+01
7.310735321044921875e+01
7.505105590820312500e+01
7.699475097656250000e+01
5.341817474365234375e+01
5.350239562988281250e+01
5.374912261962890625e+01
5.424554061889648438e+01
5.498868560791015625e+01
5.597954940795898438e+01
5.647497940063476562e+01
5.697040939331054688e+01
5.746583938598632812e+01
5.845670318603515625e+01
6.043842315673828125e+01
6.051999282836914062e+01
6.063526916503906250e+01
6.097432708740234375e+01
6.131338500976562500e+01
6.165244674682617188e+01
6.199015045166015625e+01
6.266962051391601562e+01
6.334773635864257812e+01
6.402585601806640625e+01
6.470397186279296875e+01
6.538208770751953125e+01
6.606020355224609375e+01
6.673831939697265625e+01
6.741644287109375000e+01
7.012890625000000000e+01
6.569094085693359375e+01
6.579505920410156250e+01
6.595217132568359375e+01
6.626265716552734375e+01
6.641852569580078125e+01
4.925808715820312500e+01
4.935702133178710938e+01
4.965033721923828125e+01
5.022999191284179688e+01
5.052098083496093750e+01
5.110295867919921875e+01
5.168493652343750000e+01
5.226691818237304688e+01
5.284889602661132812e+01
5.343087768554687500e+01
5.401285552978515625e+01
5.459483337402343750e+01
5.517681503295898438e+01
5.634077453613281250e+01
5.750473022460937500e+01
6.778887939453125000e+01
6.791059112548828125e+01
6.830574035644531250e+01
6.857285308837890625e+01
6.949117279052734375e+01
7.028146362304687500e+01
7.107175445556640625e+01
7.186204528808593750e+01
7.265233612060546875e+01
7.344262695312500000e+01
6.007741546630859375e+01
6.010531234741210938e+01
6.019707107543945312e+01
6.028882980346679688e+01
6.038058853149414062e+01
6.047234725952148438e+01
6.065586471557617188e+01
6.083938217163085938e+01
6.102289962768554688e+01
6.120641326904296875e+01
6.138993072509765625e+01
6.157344818115234375e+01
6.175696563720703125e+01
6.194048309326171875e+01
6.230751800537109375e+01
5.506885528564453125e+01
5.521537017822265625e+01
5.574172210693359375e+01
5.725024414062500000e+01
5.792853546142578125e+01
5.928511428833007812e+01
6.064169692993164062e+01
6.199827957153320312e+01
6.335486221313476562e+01
6.471144104003906250e+01
6.606802368164062500e+01
6.742460632324218750e+01
6.878118896484375000e+01
7.149435424804687500e+01
6.274375534057617188e+01
6.284558486938476562e+01
6.299802398681640625e+01
6.315046310424804688e+01
6.330290222167968750e+01
6.345534133911132812e+01
6.376021957397460938e+01
6.406510162353515625e+01
6.436997985839843750e+01
6.467485809326171875e+01
6.497973632812500000e+01
6.558949279785156250e+01
6.589437103271484375e+01
5.925477981567382812e+01
5.940904998779296875e+01
5.952349090576171875e+01
5.963793563842773438e+01
5.986682128906250000e+01
6.009571075439453125e+01
6.032459640502929688e+01
6.055348205566406250e+01
6.078237152099609375e+01
6.101125717163085938e+01
6.124014282226562500e+01
6.146902847290039062e+01
6.169791793823242188e+01
6.215568923950195312e+01
5.721746444702148438e+01
5.773072814941406250e+01
5.824398803710937500e+01
5.875725173950195312e+01
5.927051544189453125e+01
5.978377914428710938e+01
6.081030273437500000e+01
5.406048583984375000e+01
5.447804260253906250e+01
5.489559555053710938e+01
5.531314849853515625e+01
5.573070526123046875e+01
5.614825820922851562e+01
5.411973953247070312e+01
5.491742706298828125e+01
5.515711593627929688e+01
5.539680480957031250e+01
5.563649368286132812e+01
5.587618255615234375e+01
5.635556030273437500e+01
5.683493804931640625e+01
5.731431961059570312e+01
5.779369735717773438e+01
5.827307510375976562e+01
5.875245285034179688e+01
5.923183059692382812e+01
5.971120834350585938e+01
6.066996765136718750e+01
7.142867279052734375e+01
7.156681823730468750e+01
7.176996612548828125e+01
7.197312164306640625e+01
7.217627716064453125e+01
7.237942504882812500e+01
7.278573608398437500e+01
7.319203948974609375e+01
7.359835052490234375e+01
7.414117431640625000e+01
7.441096496582031250e+01
7.481726837158203125e+01
7.522357177734375000e+01
7.063408660888671875e+01
7.067793273925781250e+01
7.080687713623046875e+01
7.106477355957031250e+01
7.119371795654296875e+01
7.145161437988281250e+01
7.170950317382812500e+01
7.196739959716796875e+01
7.222529602050781250e+01
7.248319244384765625e+01
7.274108886718750000e+01
7.299897766113281250e+01
7.325687408447265625e+01
7.428845214843750000e+01
7.480424499511718750e+01
5.486335754394531250e+01
5.569498443603515625e+01
5.652661132812500000e+01
5.735824203491210938e+01
5.818986892700195312e+01
5.902149581909179688e+01
6.068475341796875000e+01
6.151638031005859375e+01
5.434681701660156250e+01
5.449326324462890625e+01
5.463854980468750000e+01
5.478383255004882812e+01
5.492911529541015625e+01
5.507440185546875000e+01
5.536496734619140625e+01
5.565553665161132812e+01
5.519741439819335938e+01
5.526079177856445312e+01
5.544720458984375000e+01
5.563361358642578125e+01
5.582002258300781250e+01
5.600643157958984375e+01
5.637924957275390625e+01
5.675207138061523438e+01
5.712488937377929688e+01
5.749771118164062500e+01
5.787052917480468750e+01
5.824334716796875000e+01
5.861616897583007812e+01
5.898898696899414062e+01
5.973462677001953125e+01
6.048026657104492188e+01
6.122590637207031250e+01
6.094118499755859375e+01
6.103290939331054688e+01
6.130268859863281250e+01
6.157246398925781250e+01
6.184224319458007812e+01
6.211202239990234375e+01
6.265157699584960938e+01
6.319113159179687500e+01
6.373068618774414062e+01
6.427024078369140625e+01
6.480979919433593750e+01
6.534935760498046875e+01
6.588890838623046875e+01
6.642846679687500000e+01
4.612193298339843750e+01
4.617593765258789062e+01
4.633666992187500000e+01
4.649740600585937500e+01
4.665814208984375000e+01
4.681887817382812500e+01
4.714034271240234375e+01
4.746181488037109375e+01
4.778328323364257812e+01
4.810475158691406250e+01
4.842622375488281250e+01
4.874768829345703125e+01
4.906916046142578125e+01
4.939062881469726562e+01
7.009724426269531250e+01
7.031703186035156250e+01
7.097905731201171875e+01
7.165166473388671875e+01
7.296512603759765625e+01
7.428917694091796875e+01
7.561322021484375000e+01
7.693727111816406250e+01
7.826132202148437500e+01
7.958536529541015625e+01
8.090941619873046875e+01
8.223345947265625000e+01
8.355751037597656250e+01
8.620560455322265625e+01
8.885369873046875000e+01
7.770347595214843750e+01
7.786084747314453125e+01
7.832371520996093750e+01
7.878842926025390625e+01
7.971231079101562500e+01
8.063804626464843750e+01
8.156378173828125000e+01
8.248951721191406250e+01
8.341524505615234375e+01
8.434098052978515625e+01
8.526670837402343750e+01
8.619244384765625000e+01
8.711817932128906250e+01
6.088821792602539062e+01
6.110941314697265625e+01
6.178378677368164062e+01
6.245816040039062500e+01
6.313253402709960938e+01
6.380690765380859375e+01
6.515565490722656250e+01
6.650440216064453125e+01
6.785314941406250000e+01
6.919651031494140625e+01
7.055064392089843750e+01
7.189939880371093750e+01
7.324814605712890625e+01
7.459689331054687500e+01
7.501578521728515625e+01
7.505592346191406250e+01
7.517829895019531250e+01
7.530068206787109375e+01
7.542305755615234375e+01
7.554543304443359375e+01
7.579018402099609375e+01
7.603493499755859375e+01
7.652444458007812500e+01
7.676919555664062500e+01
7.701394653320312500e+01
7.750345611572265625e+01
7.799295806884765625e+01
5.125266647338867188e+01
5.133837127685546875e+01
5.159044647216796875e+01
5.184252166748046875e+01
5.209459686279296875e+01
5.234667205810546875e+01
5.285082244873046875e+01
5.335497283935546875e+01
5.385912322998046875e+01
5.436327362060546875e+01
5.486742401123046875e+01
5.537157440185546875e+01
5.587572479248046875e+01
5.637987518310546875e+01
5.839647674560546875e+01
6.904856109619140625e+01
6.911082458496093750e+01
6.929395294189453125e+01
6.947708892822265625e+01
6.966021728515625000e+01
6.971882629394531250e+01
7.020961761474609375e+01
7.057588195800781250e+01
7.094214630126953125e+01
7.130841064453125000e+01
7.167468261718750000e+01
7.204094696044921875e+01
7.240721130371093750e+01
7.277347564697265625e+01
5.847096252441406250e+01
5.851411056518554688e+01
5.864101791381835938e+01
5.876792526245117188e+01
5.889483261108398438e+01
5.902173995971679688e+01
5.927555465698242188e+01
5.952936935424804688e+01
5.010385894775390625e+01
5.018262863159179688e+01
5.041431427001953125e+01
5.064599609375000000e+01
5.087767791748046875e+01
5.110935974121093750e+01
5.157272720336914062e+01
5.203609466552734375e+01
5.249945831298828125e+01
5.296282577514648438e+01
5.342619323730468750e+01
5.388956069946289062e+01
5.435292434692382812e+01
5.481629180908203125e+01
5.574302291870117188e+01
5.666975784301757812e+01
4.588757324218750000e+01
4.598560333251953125e+01
4.630386352539062500e+01
4.662213134765625000e+01
4.694039154052734375e+01
4.725865554809570312e+01
4.789517974853515625e+01
4.853170776367187500e+01
4.916823577880859375e+01
4.980476379394531250e+01
5.044128799438476562e+01
5.107781600952148438e+01
5.171434020996093750e+01
5.235086822509765625e+01
7.204008483886718750e+01
7.208010101318359375e+01
7.221172332763671875e+01
7.234334564208984375e+01
7.247496795654296875e+01
7.260658264160156250e+01
7.286982727050781250e+01
7.313307189941406250e+01
7.339631652832031250e+01
7.365956115722656250e+01
7.392280578613281250e+01
7.418605041503906250e+01
7.444929504394531250e+01
7.471253967285156250e+01
5.867040252685546875e+01
5.886638641357421875e+01
5.916882324218750000e+01
5.947126007080078125e+01
5.977370071411132812e+01
6.007613754272460938e+01
6.068101501464843750e+01
7.463864898681640625e+01
7.476593780517578125e+01
7.514032745361328125e+01
7.551470947265625000e+01
7.588909912109375000e+01
7.626348876953125000e+01
7.701226043701171875e+01
7.776103210449218750e+01
7.850980377197265625e+01
7.888718414306640625e+01
8.000735473632812500e+01
8.075612640380859375e+01
8.150489807128906250e+01
8.375122070312500000e+01
4.664847183227539062e+01
4.762525177001953125e+01
4.860203552246093750e+01
4.957881546020507812e+01
5.055559539794921875e+01
5.153237533569335938e+01
5.348593902587890625e+01
5.446271896362304688e+01
5.543949890136718750e+01
4.342658615112304688e+01
4.429398345947265625e+01
4.516138458251953125e+01
4.602878570556640625e+01
4.689618682861328125e+01
4.776358795166015625e+01
4.949839019775390625e+01
5.036579132080078125e+01
6.077379226684570312e+01
6.100202178955078125e+01
6.167328643798828125e+01
6.234455108642578125e+01
6.301581573486328125e+01
6.368708038330078125e+01
6.502960968017578125e+01
6.614659881591796875e+01
6.771467590332031250e+01
6.905720520019531250e+01
7.039973449707031250e+01
7.174226379394531250e+01
7.308479309082031250e+01
7.442733001708984375e+01
7.711238861083984375e+01
7.979744720458984375e+01
8.248251342773437500e+01
8.516757202148437500e+01
4.731484603881835938e+01
4.781893157958984375e+01
4.807300567626953125e+01
4.832707977294921875e+01
4.858115005493164062e+01
5.035966491699218750e+01
5.086781311035156250e+01
5.137596130371093750e+01
5.188410568237304688e+01
5.239225387573242188e+01
5.290039825439453125e+01
5.391669464111328125e+01
5.493298721313476562e+01
5.594928359985351562e+01
5.079681015014648438e+01
5.092947769165039062e+01
5.136021423339843750e+01
5.179095458984375000e+01
5.222169113159179688e+01
5.280232620239257812e+01
5.351390075683593750e+01
5.437537765502929688e+01
5.523685455322265625e+01
5.609832763671875000e+01
5.695980072021484375e+01
5.782127761840820312e+01
5.868275070190429688e+01
5.954422760009765625e+01
6.126718139648437500e+01
6.299013137817382812e+01
6.471308135986328125e+01
6.643603515625000000e+01
8.324842834472656250e+01
8.333132171630859375e+01
8.358403778076171875e+01
8.383675384521484375e+01
8.408946990966796875e+01
8.434218597412109375e+01
8.484761810302734375e+01
8.535304260253906250e+01
8.585847473144531250e+01
8.636390686035156250e+01
8.686933898925781250e+01
8.737477111816406250e+01
8.788020324707031250e+01
8.838562774658203125e+01
8.939649200439453125e+01
9.040734863281250000e+01
5.650182342529296875e+01
5.658946609497070312e+01
5.698783111572265625e+01
5.738619613647460938e+01
5.818292617797851562e+01
5.897965621948242188e+01
5.977638244628906250e+01
6.057312011718750000e+01
6.136985015869140625e+01
6.216658020019531250e+01
6.296331024169921875e+01
6.376004028320312500e+01
6.455677032470703125e+01
6.615023040771484375e+01
5.715206909179687500e+01
5.722890472412109375e+01
5.757816314697265625e+01
5.792741775512695312e+01
5.819983673095703125e+01
5.932444000244140625e+01
6.002294921875000000e+01
6.072145843505859375e+01
6.141997146606445312e+01
6.211848068237304688e+01
6.281698989868164062e+01
6.351550292968750000e+01
6.421401214599609375e+01
6.561103057861328125e+01
6.700805664062500000e+01
4.233837890625000000e+01
4.433489227294921875e+01
4.633140563964843750e+01
4.832791519165039062e+01
5.032442855834960938e+01
5.232093811035156250e+01
5.631396484375000000e+01
4.637467193603515625e+01
4.714628601074218750e+01
4.791790008544921875e+01
4.868951034545898438e+01
4.946112060546875000e+01
5.023273468017578125e+01
5.254757308959960938e+01
5.493730545043945312e+01
5.608987045288085938e+01
5.724243545532226562e+01
5.839500045776367188e+01
5.954756546020507812e+01
6.070013046264648438e+01
6.300526046752929688e+01
6.415782165527343750e+01
6.339698410034179688e+01
6.348052978515625000e+01
6.386028289794921875e+01
6.424002838134765625e+01
6.461978149414062500e+01
6.499953460693359375e+01
6.575903320312500000e+01
6.651853179931640625e+01
6.727803039550781250e+01
6.803753662109375000e+01
6.879703521728515625e+01
6.955653381347656250e+01
7.031603240966796875e+01
7.107553100585937500e+01
7.259453582763671875e+01
7.411353302001953125e+01
7.563253784179687500e+01
4.615686798095703125e+01
4.742330932617187500e+01
4.868975448608398438e+01
4.995619964599609375e+01
5.122264099121093750e+01
5.248908615112304688e+01
5.502197265625000000e+01
5.628841781616210938e+01
5.477112197875976562e+01
5.484232330322265625e+01
5.505939483642578125e+01
5.527646636962890625e+01
5.549353790283203125e+01
5.571060943603515625e+01
5.614475250244140625e+01
5.650856399536132812e+01
5.701303863525390625e+01
5.744718170166015625e+01
5.788132858276367188e+01
5.831547164916992188e+01
5.874961471557617188e+01
5.918375778198242188e+01
6.005204772949218750e+01
6.092033386230468750e+01
7.838670349121093750e+01
7.840397644042968750e+01
7.848396301269531250e+01
7.856394195556640625e+01
7.864392089843750000e+01
7.872390747070312500e+01
7.888386535644531250e+01
7.902687835693359375e+01
7.920379638671875000e+01
7.936376190185546875e+01
7.952372741699218750e+01
7.968368530273437500e+01
7.984365081787109375e+01
8.000361633300781250e+01
8.032354736328125000e+01
8.064347076416015625e+01
8.096340179443359375e+01
7.137613677978515625e+01
7.160266113281250000e+01
7.226891326904296875e+01
7.293516540527343750e+01
7.360141754150390625e+01
7.426767730712890625e+01
7.560018157958984375e+01
7.693269348144531250e+01
7.826519775390625000e+01
7.959770202636718750e+01
8.093021392822265625e+01
8.226271820068359375e+01
8.359523010253906250e+01
8.492773437500000000e+01
8.759275054931640625e+01
9.025776672363281250e+01
6.070311355590820312e+01
6.073567581176757812e+01
6.088368606567382812e+01
6.103169631958007812e+01
6.117970275878906250e+01
6.132771301269531250e+01
6.162373352050781250e+01
6.191975402832031250e+01
6.221577453613281250e+01
6.251179504394531250e+01
6.280781173706054688e+01
6.310383224487304688e+01
6.339985275268554688e+01
6.369587326049804688e+01
6.428791046142578125e+01
6.320701599121093750e+01
6.334302520751953125e+01
6.396124267578125000e+01
6.457946014404296875e+01
6.519767761230468750e+01
6.588266754150390625e+01
6.705233764648437500e+01
6.828877258300781250e+01
6.952520751953125000e+01
7.076164245605468750e+01
7.199808502197265625e+01
7.323451995849609375e+01
7.447095489501953125e+01
7.570738983154296875e+01
6.032585906982421875e+01
6.039087295532226562e+01
6.068638610839843750e+01
6.098189544677734375e+01
6.127740859985351562e+01
6.157291793823242188e+01
6.216394042968750000e+01
6.268876647949218750e+01
6.334598541259765625e+01
6.393700790405273438e+01
6.452803039550781250e+01
6.511904907226562500e+01
6.571007537841796875e+01
6.630109405517578125e+01
6.748313903808593750e+01
7.207119750976562500e+01
7.213246917724609375e+01
7.241612243652343750e+01
7.269976806640625000e+01
7.298342132568359375e+01
7.326707458496093750e+01
7.383437347412109375e+01
7.440167236328125000e+01
7.496897125244140625e+01
7.553627777099609375e+01
7.610357666015625000e+01
7.667087554931640625e+01
7.723817443847656250e+01
7.780548095703125000e+01
7.894007873535156250e+01
8.007468414306640625e+01
6.406536865234375000e+01
6.410958862304687500e+01
6.424440002441406250e+01
6.437921142578125000e+01
6.451402282714843750e+01
6.464883422851562500e+01
6.491844940185546875e+01
6.518807220458984375e+01
6.545769500732421875e+01
6.572731781005859375e+01
6.599694061279296875e+01
6.626655578613281250e+01
6.653617858886718750e+01
6.680580139160156250e+01
6.734504699707031250e+01
6.788428497314453125e+01
5.830953598022460938e+01
5.834931564331054688e+01
5.853347396850585938e+01
5.871763229370117188e+01
5.890179061889648438e+01
5.908594894409179688e+01
5.945426559448242188e+01
5.982257843017578125e+01
6.019089508056640625e+01
6.055921173095703125e+01
6.092752838134765625e+01
6.129584503173828125e+01
6.166416168212890625e+01
6.203247451782226562e+01
6.276910781860351562e+01
6.350573730468750000e+01
5.796782684326171875e+01
5.803546142578125000e+01
5.834291458129882812e+01
5.865037155151367188e+01
5.895782470703125000e+01
5.926527786254882812e+01
5.988018798828125000e+01
6.049509811401367188e+01
6.111000442504882812e+01
6.172491455078125000e+01
6.233982086181640625e+01
6.295473098754882812e+01
6.356964111328125000e+01
6.418454742431640625e+01
6.541436767578125000e+01
6.664418029785156250e+01
6.067057037353515625e+01
6.071210479736328125e+01
6.083426666259765625e+01
6.095642471313476562e+01
6.107858657836914062e+01
6.120074844360351562e+01
6.144506835937500000e+01
6.168939208984375000e+01
6.193371582031250000e+01
6.242235946655273438e+01
6.266667938232421875e+01
6.291100311279296875e+01
6.315532302856445312e+01
5.917001724243164062e+01
5.928927612304687500e+01
5.941047286987304688e+01
5.953166961669921875e+01
5.965286636352539062e+01
5.977357482910156250e+01
6.001645278930664062e+01
6.025884628295898438e+01
6.050123977661132812e+01
6.074363327026367188e+01
6.098602676391601562e+01
6.122841644287109375e+01
6.147080993652343750e+01
6.171320343017578125e+01
6.219799041748046875e+01
7.783290100097656250e+01
7.805851745605468750e+01
7.828414154052734375e+01
7.872210693359375000e+01
7.937509155273437500e+01
8.071287536621093750e+01
8.204005432128906250e+01
8.336723327636718750e+01
8.469441223144531250e+01
8.602159118652343750e+01
8.734876251220703125e+01
8.867594146728515625e+01
9.000312042236328125e+01
9.133029937744140625e+01
6.137195968627929688e+01
6.138721847534179688e+01
6.143137359619140625e+01
6.143209075927734375e+01
6.146134567260742188e+01
6.156670761108398438e+01
6.165645217895507812e+01
6.174619674682617188e+01
6.183594131469726562e+01
6.192568588256835938e+01
6.201543045043945312e+01
6.210517501831054688e+01
6.219491958618164062e+01
6.228466415405273438e+01
6.336833572387695312e+01
6.344398498535156250e+01
6.355589675903320312e+01
6.370361709594726562e+01
6.389162445068359375e+01
6.411544799804687500e+01
6.019625854492187500e+01
6.022686767578125000e+01
6.036857604980468750e+01
6.051028823852539062e+01
6.065200042724609375e+01
6.076253128051757812e+01
6.107712936401367188e+01
6.192739486694335938e+01
6.249423599243164062e+01
6.277766036987304688e+01
6.195481109619140625e+01
6.201319503784179688e+01
6.220275115966796875e+01
6.277141952514648438e+01
6.315053176879882812e+01
4.655247116088867188e+01
4.818115234375000000e+01
7.079621124267578125e+01
7.083067321777343750e+01
7.103339385986328125e+01
7.113475036621093750e+01
7.123611450195312500e+01
7.522667694091796875e+01
7.532907867431640625e+01
7.564128112792968750e+01
7.585232543945312500e+01
7.657788085937500000e+01
7.720228576660156250e+01
5.862139511108398438e+01
5.907526779174804688e+01
5.975470352172851562e+01
6.043414306640625000e+01
6.111357879638671875e+01
6.179301452636718750e+01
6.315188980102539062e+01
6.722850799560546875e+01
6.858737945556640625e+01
6.994625854492187500e+01
7.130513000488281250e+01
7.266400146484375000e+01
7.538175201416015625e+01
4.910372924804687500e+01
4.924435043334960938e+01
4.945236968994140625e+01
4.966039276123046875e+01
4.986841583251953125e+01
5.007643508911132812e+01
5.049247741699218750e+01
5.097841262817382812e+01
5.132455825805664062e+01
5.174060058593750000e+01
5.215664291381835938e+01
5.257268524169921875e+01
5.298872375488281250e+01
5.340476608276367188e+01
5.423685073852539062e+01
5.244419860839843750e+01
5.251353073120117188e+01
5.271744537353515625e+01
5.292136383056640625e+01
5.312528228759765625e+01
5.332920074462890625e+01
5.373703384399414062e+01
5.414487075805664062e+01
4.440153503417968750e+01
4.602571105957031250e+01
4.927405548095703125e+01
5.252240371704101562e+01
6.704768371582031250e+01
6.740124511718750000e+01
6.793052673339843750e+01
6.845980834960937500e+01
6.898908233642578125e+01
6.951836395263671875e+01
7.057692718505859375e+01
7.163548278808593750e+01
7.481116485595703125e+01
7.586972808837890625e+01
7.692828369140625000e+01
7.798684692382812500e+01
8.010396575927734375e+01
8.222108459472656250e+01
8.433821105957031250e+01
5.045066070556640625e+01
5.051791381835937500e+01
5.072294235229492188e+01
5.092797088623046875e+01
5.113299942016601562e+01
5.133802795410156250e+01
5.174808502197265625e+01
5.215814590454101562e+01
5.297826385498046875e+01
5.338832092285156250e+01
5.379837799072265625e+01
5.420843505859375000e+01
5.461849594116210938e+01
5.543861007690429688e+01
5.625872802734375000e+01
5.707884216308593750e+01
6.436606597900390625e+01
6.439852905273437500e+01
6.449401855468750000e+01
6.458950042724609375e+01
6.468498229980468750e+01
6.471744537353515625e+01
6.516239929199218750e+01
6.554433441162109375e+01
6.573530578613281250e+01
6.592626953125000000e+01
6.611723327636718750e+01
6.630820465087890625e+01
6.829053497314453125e+01
6.841904449462890625e+01
6.879702758789062500e+01
6.917501068115234375e+01
6.955300140380859375e+01
7.144292449951171875e+01
7.219889068603515625e+01
7.295485687255859375e+01
7.371083068847656250e+01
7.446679687500000000e+01
7.522276306152343750e+01
7.597873687744140625e+01
7.749067687988281250e+01
6.523908233642578125e+01
6.561221313476562500e+01
6.618100738525390625e+01
6.674980926513671875e+01
6.732543182373046875e+01
6.902500152587890625e+01
7.016259765625000000e+01
7.243778228759765625e+01
7.357537841796875000e+01
7.471297454833984375e+01
7.585057067871093750e+01
7.698816680908203125e+01
7.926335906982421875e+01
5.801184463500976562e+01
5.814963912963867188e+01
5.825186157226562500e+01
5.835408401489257812e+01
5.845630264282226562e+01
5.855852508544921875e+01
5.876296615600585938e+01
5.896740722656250000e+01
5.917184829711914062e+01
5.937628936767578125e+01
5.958073043823242188e+01
5.978517150878906250e+01
5.998961639404296875e+01
6.019405746459960938e+01
6.060293960571289062e+01
6.474356842041015625e+01
6.477409362792968750e+01
6.489957427978515625e+01
6.496026611328125000e+01
6.514643096923828125e+01
6.570493316650390625e+01
6.589109802246093750e+01
6.607727050781250000e+01
6.626343536376953125e+01
6.663577270507812500e+01
5.856515502929687500e+01
5.894917297363281250e+01
5.952404785156250000e+01
6.009892272949218750e+01
6.067379760742187500e+01
6.124637222290039062e+01
6.469792175292968750e+01
6.584767150878906250e+01
6.699742126464843750e+01
6.814717102050781250e+01
6.929692077636718750e+01
7.044667053222656250e+01
7.504566955566406250e+01
6.038300323486328125e+01
6.043503570556640625e+01
6.745142364501953125e+01
6.773990631103515625e+01
7.216284942626953125e+01
7.269844818115234375e+01
7.292695617675781250e+01
7.315545654296875000e+01
7.338395690917968750e+01
7.361245727539062500e+01
7.452645874023437500e+01
5.829556274414062500e+01
5.852661132812500000e+01
5.887248992919921875e+01
5.921837234497070312e+01
5.968185043334960938e+01
5.991013336181640625e+01
6.060189437866210938e+01
6.198542022705078125e+01
6.267718124389648438e+01
6.336894226074218750e+01
6.475246429443359375e+01
6.544422912597656250e+01
6.682775115966796875e+01
6.821127319335937500e+01
6.959479522705078125e+01
6.267923355102539062e+01
6.287685012817382812e+01
6.345808410644531250e+01
6.403466796875000000e+01
6.462054443359375000e+01
6.520178222656250000e+01
6.636424255371093750e+01
6.752671051025390625e+01
6.868917083740234375e+01
6.985163879394531250e+01
7.101409912109375000e+01
7.217656707763671875e+01
7.333903503417968750e+01
7.450149536132812500e+01
7.682642364501953125e+01
5.945964431762695312e+01
5.959737396240234375e+01
6.000246429443359375e+01
6.040755462646484375e+01
6.081264495849609375e+01
6.121773529052734375e+01
6.202791595458984375e+01
6.283810043334960938e+01
6.364828109741210938e+01
6.445846557617187500e+01
6.526864624023437500e+01
6.607882690429687500e+01
6.688900756835937500e+01
6.769918823242187500e+01
6.931954956054687500e+01
7.093991851806640625e+01
7.256027984619140625e+01
6.467610168457031250e+01
6.479831695556640625e+01
6.515778350830078125e+01
6.551725006103515625e+01
6.587671661376953125e+01
6.623618316650390625e+01
6.695510864257812500e+01
6.767404174804687500e+01
6.839297485351562500e+01
6.911190795898437500e+01
6.983083343505859375e+01
7.054976654052734375e+01
7.126869964599609375e+01
7.198762512207031250e+01
7.342549133300781250e+01
7.486334991455078125e+01
7.630121612548828125e+01
5.159970092773437500e+01
5.166792678833007812e+01
5.207405090332031250e+01
5.288629150390625000e+01
5.369853591918945312e+01
5.410465621948242188e+01
5.451078033447265625e+01
6.037941741943359375e+01
6.053564071655273438e+01
6.098777008056640625e+01
6.145459365844726562e+01
6.191407012939453125e+01
6.237354660034179688e+01
6.329249954223632812e+01
6.421145629882812500e+01
6.513040924072265625e+01
6.696831512451171875e+01
6.788726806640625000e+01
6.880622100830078125e+01
6.972517395019531250e+01
7.156308746337890625e+01
7.340099334716796875e+01
7.523889923095703125e+01
7.998930358886718750e+01
8.010848999023437500e+01
8.045904541015625000e+01
8.080959320068359375e+01
8.116014862060546875e+01
8.151070404052734375e+01
8.361401367187500000e+01
8.431512451171875000e+01
8.501622772216796875e+01
8.571733093261718750e+01
7.599092102050781250e+01
7.614573669433593750e+01
7.638030242919921875e+01
7.661486816406250000e+01
7.684943389892578125e+01
7.708399963378906250e+01
7.755313110351562500e+01
7.849139404296875000e+01
4.582263946533203125e+01
4.900811004638671875e+01
5.060084152221679688e+01
5.219357681274414062e+01
5.378631210327148438e+01
5.697177886962890625e+01
6.755728912353515625e+01
6.776258850097656250e+01
6.806993103027343750e+01
6.868460083007812500e+01
6.899193572998046875e+01
6.960661315917968750e+01
7.022128295898437500e+01
6.037627792358398438e+01
6.039752578735351562e+01
6.046001815795898438e+01
6.077249526977539062e+01
6.089748382568359375e+01
6.102247238159179688e+01
6.114746475219726562e+01
6.127245330810546875e+01
6.139744186401367188e+01
6.152243423461914062e+01
6.164742279052734375e+01
5.073934936523437500e+01
5.123356246948242188e+01
5.172778320312500000e+01
5.221414947509765625e+01
5.417532348632812500e+01
5.515591049194335938e+01
5.613649749755859375e+01
5.711708450317382812e+01
5.809767150878906250e+01
5.907825851440429688e+01
6.005884552001953125e+01
6.103943252563476562e+01
6.300060653686523438e+01
6.496177673339843750e+01
8.704687500000000000e+01
8.713478088378906250e+01
8.740277862548828125e+01
8.767077636718750000e+01
8.793878173828125000e+01
8.820677947998046875e+01
8.874278259277343750e+01
8.927877807617187500e+01
8.981478118896484375e+01
9.035078430175781250e+01
9.088678741455078125e+01
9.142279052734375000e+01
9.195878601074218750e+01
9.249478912353515625e+01
7.742030334472656250e+01
7.851058197021484375e+01
7.916110229492187500e+01
7.981163024902343750e+01
8.241371154785156250e+01
8.371475219726562500e+01
6.506126403808593750e+01
6.525262451171875000e+01
6.562860107421875000e+01
6.637830352783203125e+01
6.694113922119140625e+01
6.750398254394531250e+01
6.862965393066406250e+01
6.975533294677734375e+01
7.088101196289062500e+01
7.200668334960937500e+01
7.313236236572265625e+01
7.425804138183593750e+01
7.538372039794921875e+01
7.650939941406250000e+01
7.876074981689453125e+01
8.101210021972656250e+01
5.320339202880859375e+01
5.346357345581054688e+01
5.424256134033203125e+01
5.580053710937500000e+01
5.657952499389648438e+01
5.381831359863281250e+01
5.394009017944335938e+01
5.412239074707031250e+01
5.448698425292968750e+01
5.466928482055664062e+01
5.503388214111328125e+01
5.539847946166992188e+01
5.576307678222656250e+01
5.612767410278320312e+01
5.649227142333984375e+01
5.685687255859375000e+01
5.722146606445312500e+01
5.758606719970703125e+01
5.831526184082031250e+01
5.544879150390625000e+01
5.548690414428710938e+01
5.559899902343750000e+01
7.662162780761718750e+01
7.683311462402343750e+01
7.745513916015625000e+01
7.807717132568359375e+01
7.932122802734375000e+01
8.056529235839843750e+01
8.180934906005859375e+01
8.305340576171875000e+01
8.429747009277343750e+01
8.554152679443359375e+01
8.678558349609375000e+01
8.802964782714843750e+01
8.927370452880859375e+01
6.482652282714843750e+01
6.486406707763671875e+01
6.497851562500000000e+01
6.520740509033203125e+01
6.532185363769531250e+01
6.547566986083984375e+01
6.577964782714843750e+01
6.600853729248046875e+01
6.623743438720703125e+01
6.646633148193359375e+01
6.669522094726562500e+01
6.692411804199218750e+01
6.715301513671875000e+01
6.761080169677734375e+01
4.486397552490234375e+01
4.610645675659179688e+01
4.734894180297851562e+01
4.859142303466796875e+01
4.983390808105468750e+01
6.307043838500976562e+01
6.316951751708984375e+01
6.361986923217773438e+01
6.407022094726562500e+01
6.497091674804687500e+01
6.587162017822265625e+01
6.677232360839843750e+01
6.767302703857421875e+01
6.857373046875000000e+01
7.037512969970703125e+01
6.009622573852539062e+01
6.021305847167968750e+01
6.074412536621093750e+01
6.134105682373046875e+01
6.180625915527343750e+01
6.233732223510742188e+01
6.339945602416992188e+01
6.446158599853515625e+01
6.552371978759765625e+01
6.658585357666015625e+01
6.764798736572265625e+01
6.871011352539062500e+01
6.977224731445312500e+01
7.083438110351562500e+01
7.295864868164062500e+01
7.508290863037109375e+01
7.720717620849609375e+01
4.364064788818359375e+01
4.411805343627929688e+01
4.459545898437500000e+01
4.507286453247070312e+01
4.555027008056640625e+01
4.602767181396484375e+01
4.698248291015625000e+01
4.745989227294921875e+01
4.761211395263671875e+01
4.768214035034179688e+01
4.800044250488281250e+01
4.831874847412109375e+01
4.863704681396484375e+01
4.895535278320312500e+01
4.959195709228515625e+01
5.022856140136718750e+01
3.185689544677734375e+01
3.260161590576171875e+01
3.334633636474609375e+01
3.409105682373046875e+01
3.483577728271484375e+01
3.558049774169921875e+01
8.009572601318359375e+01
8.032153320312500000e+01
8.099356079101562500e+01
8.166828155517578125e+01
8.233762359619140625e+01
8.300965881347656250e+01
8.435371398925781250e+01
8.569777679443359375e+01
8.838590240478515625e+01
9.107402801513671875e+01
9.376215362548828125e+01
9.645027923583984375e+01
9.913840484619140625e+01
1.018265304565429688e+02
6.163366317749023438e+01
6.174597167968750000e+01
6.225645446777343750e+01
6.276694107055664062e+01
6.327742385864257812e+01
6.378791046142578125e+01
6.480887603759765625e+01
6.582984924316406250e+01
6.787178802490234375e+01
6.889275360107421875e+01
6.991372680664062500e+01
7.195565795898437500e+01
7.808147430419921875e+01
4.855899047851562500e+01
4.945790863037109375e+01
5.035683059692382812e+01
5.125574874877929688e+01
5.215467071533203125e+01
5.305358886718750000e+01
5.575034332275390625e+01
5.848761749267578125e+01
5.871051788330078125e+01
5.939009094238281250e+01
6.031158828735351562e+01
6.074922943115234375e+01
6.142880249023437500e+01
6.278794097900390625e+01
6.414707946777343750e+01
6.550622558593750000e+01
6.686536407470703125e+01
6.822450256347656250e+01
6.958364868164062500e+01
7.094278717041015625e+01
7.230192565917968750e+01
7.502021026611328125e+01
6.460296630859375000e+01
6.483129882812500000e+01
6.551087188720703125e+01
6.619043731689453125e+01
6.687001037597656250e+01
6.754958343505859375e+01
6.890872192382812500e+01
7.026786041259765625e+01
7.162700653076171875e+01
7.298614501953125000e+01
7.434528350830078125e+01
7.570442199707031250e+01
7.706356811523437500e+01
7.842270660400390625e+01
8.114099121093750000e+01
8.385926818847656250e+01
8.657755279541015625e+01
6.984352111816406250e+01
6.994175720214843750e+01
7.023070526123046875e+01
7.061557769775390625e+01
7.080859375000000000e+01
7.109753417968750000e+01
7.225331878662109375e+01
7.283120727539062500e+01
7.340909576416015625e+01
7.456487274169921875e+01
7.572065734863281250e+01
7.803221130371093750e+01
7.918798828125000000e+01
7.135783386230468750e+01
7.149785614013671875e+01
7.213430786132812500e+01
7.242452239990234375e+01
7.340719604492187500e+01
7.404364776611328125e+01
7.531653594970703125e+01
7.658943176269531250e+01
7.786232757568359375e+01
7.913522338867187500e+01
8.040811157226562500e+01
8.168100738525390625e+01
8.295390319824218750e+01
8.422679901123046875e+01
8.677258300781250000e+01
8.931837463378906250e+01
9.186415863037109375e+01
5.986399078369140625e+01
6.020810699462890625e+01
6.055222320556640625e+01
6.089633941650390625e+01
6.158457183837890625e+01
6.409889984130859375e+01
6.414192962646484375e+01
6.439402770996093750e+01
6.452159118652343750e+01
6.464814758300781250e+01
6.490125274658203125e+01
6.515435791015625000e+01
6.540747070312500000e+01
6.566057586669921875e+01
6.591368103027343750e+01
6.616679382324218750e+01
6.667300415039062500e+01
6.717922210693359375e+01
6.768544006347656250e+01
6.819165039062500000e+01
6.131768798828125000e+01
6.147556686401367188e+01
6.197516250610351562e+01
6.231288909912109375e+01
6.297435760498046875e+01
6.347395324707031250e+01
6.447314453125000000e+01
6.547234344482421875e+01
6.647153472900390625e+01
6.747073364257812500e+01
6.846992492675781250e+01
6.946911621093750000e+01
7.046830749511718750e+01
7.146750640869140625e+01
7.346589660644531250e+01
7.546427917480468750e+01
7.746266937255859375e+01
5.083956527709960938e+01
5.091439437866210938e+01
5.113447952270507812e+01
5.128326034545898438e+01
5.157465362548828125e+01
5.179473876953125000e+01
5.223490905761718750e+01
5.267508316040039062e+01
5.355542755126953125e+01
5.443577194213867188e+01
5.531611633300781250e+01
5.619646453857421875e+01
5.707680892944335938e+01
5.674843597412109375e+01
5.680694198608398438e+01
5.697903060913085938e+01
5.715111923217773438e+01
5.749529266357421875e+01
5.818296051025390625e+01
5.852782440185546875e+01
5.887199783325195312e+01
5.956034851074218750e+01
6.024870300292968750e+01
6.093705368041992188e+01
6.162540435791015625e+01
6.569247436523437500e+01
6.572937774658203125e+01
6.589709472656250000e+01
6.606481933593750000e+01
5.989020538330078125e+01
5.990814971923828125e+01
5.996285629272460938e+01
6.001755905151367188e+01
6.007226562500000000e+01
6.012697219848632812e+01
6.023638153076171875e+01
6.034579086303710938e+01
6.045520019531250000e+01
6.056461334228515625e+01
6.067402267456054688e+01
6.078343200683593750e+01
6.100225448608398438e+01
6.122107696533203125e+01
6.143989562988281250e+01
6.927085876464843750e+01
6.935390472412109375e+01
6.960708618164062500e+01
6.986026763916015625e+01
7.011344909667968750e+01
7.036663055419921875e+01
7.087299346923828125e+01
7.137935638427734375e+01
7.188571929931640625e+01
7.239208221435546875e+01
7.340480804443359375e+01
7.441753387451171875e+01
7.543025970458984375e+01
7.644298553466796875e+01
5.362614440917968750e+01
5.371963119506835938e+01
5.390331268310546875e+01
5.426956939697265625e+01
5.481950378417968750e+01
5.536943817138671875e+01
5.591937255859375000e+01
5.701924133300781250e+01
5.756917572021484375e+01
5.811911010742187500e+01
5.921898269653320312e+01
6.141872024536132812e+01
6.171750640869140625e+01
6.191942214965820312e+01
6.253501892089843750e+01
6.315061187744140625e+01
6.376620483398437500e+01
6.458863830566406250e+01
6.561299133300781250e+01
6.684417724609375000e+01
6.807536315917968750e+01
6.930655670166015625e+01
7.053774261474609375e+01
7.176892852783203125e+01
7.300012207031250000e+01
7.423130798339843750e+01
7.669368743896484375e+01
7.915606689453125000e+01
6.228457641601562500e+01
6.242432785034179688e+01
6.365745925903320312e+01
6.489059448242187500e+01
6.571267700195312500e+01
6.492120361328125000e+01
6.495936584472656250e+01
6.507572937011718750e+01
6.519208526611328125e+01
6.530844116210937500e+01
6.542480468750000000e+01
6.565751647949218750e+01
6.589023590087890625e+01
6.635566711425781250e+01
6.658838653564453125e+01
6.682110595703125000e+01
6.705382537841796875e+01
6.728653717041015625e+01
6.331196594238281250e+01
6.343989562988281250e+01
6.403215789794921875e+01
6.462442016601562500e+01
6.521667480468750000e+01
6.580893707275390625e+01
6.699345397949218750e+01
6.817797851562500000e+01
6.936249542236328125e+01
7.054701232910156250e+01
7.173153686523437500e+01
7.291605377197265625e+01
7.410057067871093750e+01
7.528509521484375000e+01
7.765412902832031250e+01
8.002317047119140625e+01
6.326661682128906250e+01
6.347080230712890625e+01
6.407135009765625000e+01
6.467189788818359375e+01
6.527244567871093750e+01
6.587298583984375000e+01
6.707408142089843750e+01
6.827517700195312500e+01
6.947627258300781250e+01
7.067736816406250000e+01
7.187845611572265625e+01
7.307955169677734375e+01
7.428064727783203125e+01
7.548174285888671875e+01
7.788392639160156250e+01
8.028611755371093750e+01
5.402573394775390625e+01
5.478557586669921875e+01
6.123274993896484375e+01
6.126374053955078125e+01
6.135488891601562500e+01
6.144603347778320312e+01
6.153718185424804688e+01
6.162832641601562500e+01
6.199291229248046875e+01
6.217520523071289062e+01
6.235749816894531250e+01
6.272208404541015625e+01
6.308666992187500000e+01
6.345125579833984375e+01
1.023697052001953125e+02
1.025924148559570312e+02
1.032714080810546875e+02
1.037304077148437500e+02
1.053083724975585938e+02
1.066663513183593750e+02
1.080243377685546875e+02
1.093823089599609375e+02
1.107402954101562500e+02
1.120982666015625000e+02
1.134562530517578125e+02
1.148142318725585938e+02
1.161722106933593750e+02
1.188881683349609375e+02
1.216041259765625000e+02
1.243200836181640625e+02
1.270360412597656250e+02
5.515700912475585938e+01
5.607876586914062500e+01
5.614123535156250000e+01
5.633168029785156250e+01
5.652212524414062500e+01
5.671257019042968750e+01
5.690301895141601562e+01
5.728390884399414062e+01
5.766480255126953125e+01
6.794696807861328125e+01
6.799957275390625000e+01
6.815995025634765625e+01
6.832289123535156250e+01
6.864108276367187500e+01
6.896184539794921875e+01
6.928260040283203125e+01
6.960336303710937500e+01
6.992411804199218750e+01
7.024487304687500000e+01
7.056563568115234375e+01
7.088639068603515625e+01
7.120714569091796875e+01
7.184866333007812500e+01
7.249018096923828125e+01
7.313169097900390625e+01
7.377320861816406250e+01
8.047351837158203125e+01
8.058809661865234375e+01
8.092508697509765625e+01
8.126747131347656250e+01
8.193605041503906250e+01
8.261003112792968750e+01
8.328401184082031250e+01
8.395798492431640625e+01
8.463196563720703125e+01
8.530593872070312500e+01
8.597991943359375000e+01
8.665390014648437500e+01
8.732788085937500000e+01
8.867583465576171875e+01
9.002378845214843750e+01
9.137174224853515625e+01
9.271969604492187500e+01
4.878448486328125000e+01
4.891226577758789062e+01
4.928809356689453125e+01
4.966392517089843750e+01
5.003975677490234375e+01
5.041558837890625000e+01
5.116725158691406250e+01
5.191891479492187500e+01
5.267057800292968750e+01
5.342224121093750000e+01
5.417390441894531250e+01
5.492556762695312500e+01
5.567723083496093750e+01
5.642889022827148438e+01
5.793221664428710938e+01
5.943554306030273438e+01
6.093886566162109375e+01
6.244219207763671875e+01
5.086895751953125000e+01
5.145344161987304688e+01
5.159970855712890625e+01
5.174597549438476562e+01
5.189224243164062500e+01
5.203850936889648438e+01
5.233104705810546875e+01
5.262358093261718750e+01
7.648120880126953125e+01
7.652590179443359375e+01
7.666218566894531250e+01
7.679846191406250000e+01
7.684207153320312500e+01
7.707101440429687500e+01
7.734356689453125000e+01
7.761611938476562500e+01
7.788867187500000000e+01
7.816123199462890625e+01
7.843378448486328125e+01
7.870633697509765625e+01
7.897888946533203125e+01
7.925144958496093750e+01
7.979655456542968750e+01
8.034165954589843750e+01
8.088677215576171875e+01
8.143187713623046875e+01
7.039318084716796875e+01
7.054634094238281250e+01
7.078270721435546875e+01
7.101906585693359375e+01
7.149179077148437500e+01
7.196450805664062500e+01
7.243722534179687500e+01
7.290995025634765625e+01
7.338267517089843750e+01
7.385539245605468750e+01
7.432811737060546875e+01
7.480084228515625000e+01
7.527355957031250000e+01
7.621900177001953125e+01
7.716444396972656250e+01
7.810988616943359375e+01
5.444975280761718750e+01
5.454161071777343750e+01
5.481177139282226562e+01
5.508301544189453125e+01
5.562226104736328125e+01
5.616258621215820312e+01
5.670291137695312500e+01
5.724323654174804688e+01
5.778356170654296875e+01
5.832388687133789062e+01
5.886421203613281250e+01
5.940454101562500000e+01
5.994486618041992188e+01
6.102551651000976562e+01
6.210616683959960938e+01
6.318681716918945312e+01
6.575318145751953125e+01
6.579379272460937500e+01
6.597837066650390625e+01
6.616295623779296875e+01
6.634753417968750000e+01
6.653211975097656250e+01
6.690127563476562500e+01
6.727043914794921875e+01
6.763960266113281250e+01
6.800876617431640625e+01
6.837792968750000000e+01
6.874709320068359375e+01
6.911625671386718750e+01
6.948542022705078125e+01
7.022373962402343750e+01
7.096206665039062500e+01
7.170039367675781250e+01
4.749064636230468750e+01
4.770765686035156250e+01
4.836927032470703125e+01
4.903088378906250000e+01
4.969249725341796875e+01
5.035411071777343750e+01
5.167733764648437500e+01
5.300056076049804688e+01
5.432378768920898438e+01
5.564701080322265625e+01
5.697023773193359375e+01
5.829346466064453125e+01
5.961668777465820312e+01
6.093991470336914062e+01
6.358636474609375000e+01
6.623281860351562500e+01
6.887926483154296875e+01
6.095993423461914062e+01
6.112045669555664062e+01
6.160987472534179688e+01
6.209929275512695312e+01
6.258871078491210938e+01
6.307812881469726562e+01
6.405696105957031250e+01
6.503579711914062500e+01
6.601463317871093750e+01
6.699346923828125000e+01
6.797230529785156250e+01
6.895114135742187500e+01
6.992997741699218750e+01
7.090881347656250000e+01
7.286647796630859375e+01
7.482415008544921875e+01
7.678182220458984375e+01
6.093140411376953125e+01
6.107628250122070312e+01
6.150238037109375000e+01
6.192847824096679688e+01
6.235457611083984375e+01
6.278067398071289062e+01
6.363286972045898438e+01
6.448506164550781250e+01
6.533725738525390625e+01
6.618945312500000000e+01
6.704165649414062500e+01
6.789385223388671875e+01
6.874604797363281250e+01
6.959824371337890625e+01
7.130263519287109375e+01
7.300702667236328125e+01
7.471141815185546875e+01
7.907943725585937500e+01
7.918524169921875000e+01
7.950783538818359375e+01
7.983042907714843750e+01
8.015302276611328125e+01
8.047561645507812500e+01
8.112079620361328125e+01
8.176598358154296875e+01
8.241116333007812500e+01
8.305635070800781250e+01
8.370153045654296875e+01
8.434671783447265625e+01
8.499189758300781250e+01
8.563708496093750000e+01
8.692745208740234375e+01
8.821781921386718750e+01
8.950819396972656250e+01
5.344527435302734375e+01
5.423122787475585938e+01
5.501718139648437500e+01
5.580313110351562500e+01
5.658908462524414062e+01
5.737503814697265625e+01
5.894694137573242188e+01
5.973289489746093750e+01
7.576648712158203125e+01
7.664674377441406250e+01
7.730561828613281250e+01
7.796449279785156250e+01
7.862336730957031250e+01
7.928224182128906250e+01
8.059999084472656250e+01
8.191773986816406250e+01
7.952059173583984375e+01
7.990902709960937500e+01
8.019977569580078125e+01
8.049052429199218750e+01
8.078126525878906250e+01
8.107201385498046875e+01
8.165351104736328125e+01
8.223500061035156250e+01
4.967861557006835938e+01
5.065425491333007812e+01
5.162989425659179688e+01
5.260553359985351562e+01
5.358117294311523438e+01
5.455681228637695312e+01
5.650808715820312500e+01
5.748372650146484375e+01
5.969867324829101562e+01
5.984663009643554688e+01
6.051925659179687500e+01
6.119188690185546875e+01
6.186451339721679688e+01
6.253713989257812500e+01
6.388239669799804688e+01
6.522765350341796875e+01
6.657290649414062500e+01
6.791816711425781250e+01
6.926342010498046875e+01
7.060867309570312500e+01
7.195393371582031250e+01
7.329918670654296875e+01
7.598970031738281250e+01
7.868020629882812500e+01
8.137071990966796875e+01
5.956116104125976562e+01
5.964041900634765625e+01
5.987353897094726562e+01
6.003112411499023438e+01
6.057289505004882812e+01
6.103913116455078125e+01
6.150537109375000000e+01
6.197160720825195312e+01
6.243784332275390625e+01
6.290408325195312500e+01
6.337031936645507812e+01
6.383655548095703125e+01
6.430279541015625000e+01
6.523526763916015625e+01
6.217402648925781250e+01
6.221470260620117188e+01
6.233433914184570312e+01
6.245397186279296875e+01
6.257360458374023438e+01
6.269324111938476562e+01
6.293250656127929688e+01
6.317177581787109375e+01
6.341104507446289062e+01
6.365031051635742188e+01
6.388957977294921875e+01
6.412884521484375000e+01
6.460738372802734375e+01
6.508591461181640625e+01
6.556445312500000000e+01
6.604299163818359375e+01
7.112528991699218750e+01
7.133396911621093750e+01
7.194775390625000000e+01
7.256153106689453125e+01
7.317530822753906250e+01
7.358531188964843750e+01
7.501663970947265625e+01
7.624420166015625000e+01
7.747175598144531250e+01
7.869931030273437500e+01
8.115442657470703125e+01
8.360954284667968750e+01
8.606465148925781250e+01
8.851976776123046875e+01
5.877978515625000000e+01
5.890456390380859375e+01
5.947174453735351562e+01
6.003892135620117188e+01
6.060609817504882812e+01
6.117327499389648438e+01
6.230762863159179688e+01
6.344198608398437500e+01
6.457633972167968750e+01
6.571069335937500000e+01
6.684504699707031250e+01
6.797940063476562500e+01
6.911376190185546875e+01
7.024811553955078125e+01
7.251682281494140625e+01
7.478553009033203125e+01
7.705424499511718750e+01
5.736359024047851562e+01
5.781725692749023438e+01
5.849639892578125000e+01
5.917553710937500000e+01
5.985467910766601562e+01
6.053382110595703125e+01
6.189210510253906250e+01
6.325038909912109375e+01
6.460867309570312500e+01
6.596695709228515625e+01
6.732524108886718750e+01
6.868351745605468750e+01
7.004180145263671875e+01
7.140008544921875000e+01
7.411665344238281250e+01
7.683322143554687500e+01
7.954978942871093750e+01
6.146885681152343750e+01
6.165044021606445312e+01
6.219738006591796875e+01
6.274431991577148438e+01
6.329125976562500000e+01
6.383820343017578125e+01
6.493208312988281250e+01
6.602596282958984375e+01
6.711984252929687500e+01
6.821372985839843750e+01
6.930760955810546875e+01
7.040148925781250000e+01
7.149536895751953125e+01
7.258924865722656250e+01
7.477701568603515625e+01
7.696477508544921875e+01
7.915253448486328125e+01
7.287097930908203125e+01
7.292080688476562500e+01
7.306734466552734375e+01
7.321389007568359375e+01
7.336042785644531250e+01
7.350697326660156250e+01
7.380005645751953125e+01
7.438622283935546875e+01
7.467930603027343750e+01
7.497238922119140625e+01
7.526547241210937500e+01
7.555855560302734375e+01
7.585163879394531250e+01
7.643780517578125000e+01
7.702397155761718750e+01
7.761013031005859375e+01
6.424110412597656250e+01
6.445137786865234375e+01
6.476615905761718750e+01
6.508093261718750000e+01
6.539571380615234375e+01
6.571049499511718750e+01
6.634004974365234375e+01
6.696960449218750000e+01
6.759916687011718750e+01
6.822872161865234375e+01
6.885827636718750000e+01
6.948783874511718750e+01
7.011739349365234375e+01
7.074694824218750000e+01
7.200606536865234375e+01
7.326518249511718750e+01
7.452429199218750000e+01
7.436415100097656250e+01
7.441641235351562500e+01
7.457011413574218750e+01
7.472381591796875000e+01
7.487751770019531250e+01
7.503121948242187500e+01
7.500820922851562500e+01
7.505314636230468750e+01
7.526119232177734375e+01
7.546923828125000000e+01
7.567727661132812500e+01
7.588532257080078125e+01
7.630141448974609375e+01
7.671749877929687500e+01
5.783344268798828125e+01
5.791548538208007812e+01
5.817509460449218750e+01
5.843470764160156250e+01
5.869432067871093750e+01
5.895392990112304688e+01
5.947315597534179688e+01
5.999237823486328125e+01
6.051160049438476562e+01
6.103082656860351562e+01
6.155004882812500000e+01
6.206927108764648438e+01
6.276196289062500000e+01
6.285318756103515625e+01
6.314418029785156250e+01
6.371924209594726562e+01
6.400792694091796875e+01
6.458529663085937500e+01
6.516266632080078125e+01
6.574003601074218750e+01
6.631740570068359375e+01
6.689477539062500000e+01
6.747214508056640625e+01
6.804951477050781250e+01
6.862688446044921875e+01
6.978162384033203125e+01
7.093636322021484375e+01
7.209110260009765625e+01
7.310684967041015625e+01
7.325398254394531250e+01
7.392276000976562500e+01
7.459154510498046875e+01
7.526032257080078125e+01
7.592910003662109375e+01
7.726666259765625000e+01
7.860422515869140625e+01
7.994178771972656250e+01
8.127934265136718750e+01
8.261690521240234375e+01
8.395446777343750000e+01
8.529202270507812500e+01
8.662958526611328125e+01
8.930471038818359375e+01
9.197982788085937500e+01
9.465495300292968750e+01
5.690930938720703125e+01
5.692310333251953125e+01
5.698580932617187500e+01
5.704851531982421875e+01
5.711122131347656250e+01
5.717392730712890625e+01
5.729933929443359375e+01
5.742475128173828125e+01
5.755016326904296875e+01
5.767557525634765625e+01
5.780098724365234375e+01
5.792639923095703125e+01
5.805181121826171875e+01
5.817721939086914062e+01
5.842804336547851562e+01
5.867886734008789062e+01
7.219037628173828125e+01
7.231059265136718750e+01
7.266416168212890625e+01
7.301773834228515625e+01
7.337130737304687500e+01
7.372488403320312500e+01
7.443202209472656250e+01
7.513917541503906250e+01
7.584631347656250000e+01
7.655346679687500000e+01
7.726060485839843750e+01
7.796775054931640625e+01
7.867489624023437500e+01
7.938204193115234375e+01
8.079633331298828125e+01
8.221062469482421875e+01
6.284035491943359375e+01
6.294093704223632812e+01
6.324758911132812500e+01
6.345488357543945312e+01
6.416754150390625000e+01
6.478084564208984375e+01
6.539414978027343750e+01
6.600744628906250000e+01
6.662075042724609375e+01
6.723405456542968750e+01
6.784735870361328125e+01
6.846066284179687500e+01
6.907395935058593750e+01
7.030056762695312500e+01
7.152717590332031250e+01
5.903507232666015625e+01
5.917210769653320312e+01
5.958486557006835938e+01
5.999432373046875000e+01
6.082313919067382812e+01
6.164865493774414062e+01
6.247417068481445312e+01
6.329969024658203125e+01
6.412520599365234375e+01
6.495072174072265625e+01
6.577623748779296875e+01
6.660175323486328125e+01
6.742726898193359375e+01
6.907830047607421875e+01
7.072933197021484375e+01
7.238036346435546875e+01
7.403139495849609375e+01
5.808283233642578125e+01
5.812712860107421875e+01
5.825741577148437500e+01
5.838562011718750000e+01
5.864827346801757812e+01
5.890884780883789062e+01
5.916942214965820312e+01
5.942999267578125000e+01
5.969056701660156250e+01
5.995114135742187500e+01
6.021171188354492188e+01
6.047228622436523438e+01
6.073286056518554688e+01
6.125400543212890625e+01
6.177515411376953125e+01
6.229629898071289062e+01
6.281744384765625000e+01
7.470542907714843750e+01
7.476552581787109375e+01
7.503868103027343750e+01
7.531183624267578125e+01
7.558499145507812500e+01
7.585814666748046875e+01
7.640445709228515625e+01
7.695077514648437500e+01
7.749708557128906250e+01
7.804339599609375000e+01
7.858970642089843750e+01
7.913601684570312500e+01
4.945922088623046875e+01
4.955052947998046875e+01
4.996557617187500000e+01
5.038062286376953125e+01
5.079567337036132812e+01
5.121072006225585938e+01
5.204081344604492188e+01
5.287091064453125000e+01
7.839157104492187500e+01
7.842254638671875000e+01
7.856333160400390625e+01
7.870412445068359375e+01
7.884491729736328125e+01
7.898570251464843750e+01
7.926728820800781250e+01
7.954886627197265625e+01
7.983044433593750000e+01
8.011202239990234375e+01
8.039360046386718750e+01
8.067518615722656250e+01
8.095676422119140625e+01
8.123834228515625000e+01
8.180150604248046875e+01
8.236466217041015625e+01
8.292782592773437500e+01
5.249879455566406250e+01
5.331493377685546875e+01
5.413106918334960938e+01
5.494720840454101562e+01
5.576334762573242188e+01
5.657948303222656250e+01
5.821176147460937500e+01
5.902790069580078125e+01
5.347256088256835938e+01
5.356539154052734375e+01
5.383840942382812500e+01
5.411143112182617188e+01
5.438444900512695312e+01
5.465746688842773438e+01
5.520350646972656250e+01
5.574954605102539062e+01
5.629558563232421875e+01
5.684162139892578125e+01
5.738766098022460938e+01
5.793370056152343750e+01
5.847973632812500000e+01
5.902577590942382812e+01
6.011785125732421875e+01
6.120993041992187500e+01
6.230200576782226562e+01
4.867653274536132812e+01
4.911598968505859375e+01
4.977386093139648438e+01
5.043173217773437500e+01
5.108960342407226562e+01
5.174747467041015625e+01
5.306321334838867188e+01
5.437895584106445312e+01
5.853933334350585938e+01
5.964192199707031250e+01
6.095766448974609375e+01
6.227340698242187500e+01
6.490489196777343750e+01
6.753636932373046875e+01
7.016785430908203125e+01
7.114572906494140625e+01
7.120727539062500000e+01
7.139491271972656250e+01
7.158255004882812500e+01
7.170864868164062500e+01
7.195783233642578125e+01
7.233311462402343750e+01
7.270839691162109375e+01
