-0.067850
0.391825
0.168476
-0.369766
-0.165885
0.045096
-1.255373
0.257475
0.398727
0.155613
0.027162
0.221757
-0.213716
0.918215
0.446334
-0.128046
0.778368
0.676987
-0.015711
-0.749006
-0.465594
0.792945
-0.052861
0.377203
0.913542
0.180638
-0.715597
-0.558476
0.490493
0.416061
-0.468409
0.320937
0.737325
-0.689934
0.077117
0.997449
-1.553904
0.595883
-0.130812
-0.713496
-0.195704
-0.951878
0.082290
-1.033501
-0.306368
0.046438
-0.062350
-0.788328
-0.553942
-0.813424
-0.530066
0.991935
-0.314414
0.576807
-0.020528
0.318092
-0.029741
1.000000
0.150563
0.867669
0.639730
-0.539685
-1.333007
0.520412
0.902979
-0.013609
-0.890729
0.664594
-0.009181
0.304712
-0.472459
0.151827
0.457793
-1.002299
0.998116
-0.494694
-0.781381
-0.666968
-0.873340
-0.042118
-0.207500
-0.662057
-0.184370
-0.542768
-0.293513
0.076138
-0.441706
0.973841
0.615978
0.992324
-0.714360
0.008266
-0.311250
-0.678003
-0.076090
0.241418
-0.641528
0.190416
0.403829
-0.023493
-0.142254
0.987704
0.016163
0.544038
0.010803
0.465908
0.334342
0.691402
-0.259273
0.141990
0.418053
0.236213
-0.141233
-1.139660
0.980210
-0.524182
0.905381
0.167246
0.126282
-0.617590
-0.305667
0.206866
-0.716121
-0.724049
0.976202
-1.717638
-0.803764
-0.567673
-0.276776
0.487770
-0.902777
0.222187
0.999803
-0.183823
-0.203745
0.484999
0.750057
-0.198309
-0.962506
0.413392
0.822064
-0.894325
-0.987962
0.832691
-1.135703
0.171570
-0.089919
0.324633
0.843690
0.482650
0.363157
-0.207955
0.608628
0.338050
-0.063723
0.465452
0.206484
-1.386376
0.673543
0.069529
0.956313
0.811532
0.443388
-0.315814
-0.802111
0.911527
-0.781345
0.217113
0.588566
0.753426
-0.739389
0.241542
-0.294746
0.988844
0.713899
-0.106562
1.000000
1.000000
0.144775
0.934440
-1.066776
-0.680793
0.692341
-0.127442
-0.373455
-0.399168
-1.519502
0.012646
0.095192
0.901127
0.497239
-0.764784
0.862484
0.876380
-0.274644
-1.008993
0.999145
-0.272093
-0.443922
0.298589
0.407680
-0.536026
-0.606771
-0.056102
0.077564
-0.303371
0.973219
0.671755
0.533208
0.254928
-0.240859
0.969073
0.150991
-0.024663
0.989731
-0.069913
-0.737024
0.898173
0.819211
0.999369
0.782879
-0.534152
0.230409
-0.486445
-0.183714
0.037726
0.143874
0.983995
-1.383006
0.346628
0.204250
0.501401
-0.651725
0.088580
0.506932
-0.574191
-0.203171
0.088081
0.967548
-0.286935
