0.484625 0.206364
0.488232 0.209761
0.500589 0.221072
0.513064 0.232399
0.526033 0.243922
0.539028 0.255409
0.565863 0.278660
0.592910 0.301828
0.619694 0.324691
0.646003 0.347192
0.671339 0.369123
0.695417 0.390398
0.718052 0.410995
0.739161 0.430949
0.809223 0.506375
0.837311 0.543059
0.882348 0.782566
0.887247 0.788062
0.910866 0.814256
0.922342 0.826842
0.963903 0.871999
0.992177 0.902623
1.047597 0.963236
1.095368 1.016873
1.132984 1.060385
1.161291 1.093909
1.183661 1.120480
1.202857 1.142830
1.220515 1.162719
1.237325 1.181020
1.297119 1.242517
1.321940 1.267045
0.681373 0.451574
0.684938 0.454889
0.695656 0.464909
0.705949 0.474774
0.715847 0.484517
0.725352 0.494155
0.743339 0.513308
0.759733 0.532050
0.775032 0.550887
0.789370 0.569878
0.803030 0.589212
0.816353 0.609105
0.829752 0.629817
0.843743 0.651676
0.876332 0.700687
0.992367 0.844217
0.248130 -0.058408
0.248749 -0.037934
0.249526 -0.017041
0.250421 0.004183
0.251538 0.025632
0.252920 0.047204
0.258908 0.111621
0.225327 0.481130
0.226659 0.485015
0.228748 0.490853
0.230953 0.496712
0.233281 0.502588
0.235736 0.508477
0.603790 0.469315
0.606581 0.471744
0.595838 0.109153
0.625171 0.131220
0.655723 0.154514
0.686376 0.178576
0.717010 0.203332
0.746960 0.228444
0.801712 0.277867
0.825903 0.301635
0.299045 0.004590
0.319728 0.045558
0.347138 0.090055
0.382935 0.138327
0.428338 0.190365
0.671422 0.411073
0.784558 0.857296
0.799741 0.869174
0.845782 0.904249
0.892085 0.938292
0.936708 0.970290
0.978534 0.999968
1.052569 1.053111
1.114012 1.099073
1.164014 1.138253
1.204340 1.171094
1.237001 1.198491
1.263807 1.221483
1.286174 1.240995
1.305155 1.257773
1.359811 1.307065
1.379335 1.324971
0.944381 0.777808
0.949404 0.783970
0.965333 0.803112
0.989492 0.831280
1.002954 0.846682
1.024788 0.871427
1.073536 0.926585
1.124843 0.986037
1.171810 1.043087
1.209628 1.091901
1.237339 1.130237
1.256200 1.158564
1.268144 1.178553
1.286910 1.220330
0.252869 -0.017940
0.255318 0.013152
0.258497 0.044746
0.267724 0.108241
0.291396 0.200471
0.451469 0.289243
0.458822 0.296644
0.470059 0.307711
0.481663 0.318839
0.505128 0.340701
0.529266 0.362391
0.553684 0.383768
0.594857 0.612299
0.599448 0.616020
0.606381 0.621693
0.613100 0.627264
0.619954 0.633003
0.626566 0.638620
0.639375 0.649725
0.651556 0.660586
0.663037 0.671133
0.673791 0.681318
0.683849 0.691145
0.693323 0.700683
0.731640 0.740997
0.758840 0.769093
0.860866 0.639098
0.865752 0.647084
0.880690 0.671345
0.897086 0.697154
0.915952 0.725204
0.938650 0.756518
1.002919 0.835466
1.100816 0.947830
1.201326 1.070871
1.261462 1.155470
1.285533 1.197729
1.351799 1.294096
0.447621 0.407789
0.454693 0.414365
0.465491 0.424188
0.476541 0.434008
0.487796 0.443809
0.499244 0.453611
0.522620 0.473255
0.546465 0.493048
0.570568 0.513125
0.594745 0.533666
0.618875 0.554898
0.743793 0.682982
0.805441 0.752328
0.852305 0.208283
0.860547 0.216721
0.884798 0.242550
0.906746 0.267730
0.926474 0.292099
0.944173 0.315603
0.974522 0.360239
0.557739 0.375069
0.572455 0.387796
0.594200 0.406507
0.615541 0.424876
0.635958 0.442675
0.655337 0.459937
0.691210 0.493491
0.722850 0.526077
0.750885 0.558661
0.776653 0.592491
0.802299 0.629215
0.831187 0.671178
1.213183 1.127266
0.238465 0.549726
0.240929 0.554519
0.248824 0.568909
0.257623 0.583045
0.267350 0.596744
0.278044 0.609916
0.306966 0.638233
0.363096 0.675382
0.398444 0.692918
0.434853 0.708822
0.505820 0.702609
0.773657 0.762738
0.776577 0.765888
0.369690 0.366167
0.371273 0.368095
0.375936 0.373680
0.803348 0.561238
0.805906 0.564782
0.809686 0.570101
0.813411 0.575436
0.816961 0.580644
0.820723 0.586171
0.827888 0.597009
0.837209 0.611519
0.841990 0.619106
0.849045 0.630430
0.878874 0.678407
0.896496 0.705295
0.285920 0.389257
0.287829 0.393012
0.294402 0.405151
0.301595 0.417227
0.309474 0.429261
0.318112 0.441274
0.337993 0.465328
0.361873 0.489540
0.395574 0.518403
0.423406 0.539528
0.460890 0.566034
0.542304 0.621806
0.579591 0.648141
0.628191 0.684711
0.245593 -0.156587
0.245716 -0.132200
0.245895 -0.106493
0.246707 -0.022473
0.247245 0.007137
0.214562 0.443007
0.230675 0.495716
0.232011 0.499150
0.236192 0.509278
0.240766 0.519427
0.245758 0.529565
0.251192 0.539658
0.263487 0.559583
0.277804 0.578839
0.294272 0.597161
0.312979 0.614374
0.333955 0.630455
0.357142 0.645533
0.382323 0.659832
0.409008 0.673529
0.462521 0.698397
0.503207 0.714077
0.515764 0.712407
0.328791 0.341045
0.330820 0.344238
0.340640 0.358890
0.351222 0.373385
0.362534 0.387671
0.374689 0.401884
0.401651 0.430193
0.432452 0.458741
0.467209 0.487983
0.505653 0.518459
0.546929 0.550669
0.589646 0.584946
0.632128 0.621218
0.672700 0.658774
0.745743 0.734715
0.849725 0.842555
1.045051 1.020039
1.196346 1.154589
0.845917 0.584932
0.848310 0.588613
0.855287 0.599573
0.862424 0.610932
0.869351 0.622205
0.876247 0.633569
0.890129 0.656661
0.904500 0.680429
0.919924 0.705223
0.937169 0.731580
0.957297 0.760317
0.981741 0.792662
1.012299 0.830380
1.050727 0.875622
1.148215 0.990272
1.235553 1.103264
1.284036 1.176515
1.302527 1.212902
0.746507 0.748483
0.747725 0.749781
0.751544 0.753837
0.752819 0.755185
0.759734 0.762461
0.764144 0.767063
0.773698 0.776925
0.784358 0.787763
0.796263 0.799672
0.809527 0.812722
0.824229 0.826939
0.840395 0.842304
0.857989 0.858745
0.876902 0.876133
0.917906 0.913009
0.961318 0.951163
1.004718 0.988774
1.046058 1.024413
0.387036 0.212723
0.403656 0.233020
0.421525 0.253449
0.440587 0.273963
0.460743 0.294505
0.481845 0.315006
0.526134 0.355612
0.548729 0.375500
0.571189 0.394967
1.058560 1.044206
1.070132 1.053622
1.101556 1.079382
1.102288 1.079986
1.156765 1.125496
1.179614 1.144952
1.218168 1.178312
1.249216 1.205661
1.274710 1.228429
1.296065 1.247702
1.314281 1.264278
1.330075 1.278740
1.343957 1.291515
1.356305 1.302924
1.377452 1.322550
1.395065 1.338968
1.410097 1.353022
0.247244 -0.208860
0.248215 -0.177417
0.249723 -0.143229
0.252034 -0.106203
0.255457 -0.066339
0.260580 -0.023857
0.278565 0.067229
0.292978 0.114554
0.312046 0.162161
1.091528 1.058949
1.095064 1.062121
1.105358 1.071357
1.124926 1.088946
1.134200 1.097300
1.151755 1.113146
1.168038 1.127892
1.183130 1.141603
1.197123 1.154356
1.210110 1.166227
1.222183 1.177293
1.233426 1.187628
1.243921 1.197296
0.766888 0.764365
0.771083 0.768797
0.784592 0.782881
0.800170 0.798772
0.818176 0.816709
0.838847 0.836807
0.888141 0.883041
0.945463 0.934711
1.005116 0.987145
1.061370 1.036153
1.110940 1.079477
1.153048 1.116616
1.188347 1.148080
0.452791 0.151225
0.461675 0.159744
0.489416 0.185556
0.519356 0.212367
0.551050 0.239926
0.583964 0.267961
0.649956 0.323900
0.710156 0.376484
0.762150 0.425501
0.805558 0.471563
0.841962 0.516358
0.873582 0.561270
0.902536 0.606762
0.930183 0.652346
0.984648 0.742021
1.054467 0.842317
1.189463 1.010203
0.720504 0.478970
0.721419 0.479883
0.725607 0.484098
0.729722 0.488294
0.731606 0.490234
0.737732 0.496632
0.745460 0.504912
0.752916 0.513145
0.760114 0.521343
0.766934 0.529389
0.773790 0.537685
0.780303 0.545854
0.786622 0.554038
0.792770 0.562249
0.804633 0.578807
0.816078 0.595637
0.827323 0.612865
0.314973 0.337673
0.317310 0.341756
0.321043 0.348059
0.324903 0.354321
0.328914 0.360572
0.333040 0.366760
0.341689 0.379010
0.347936 0.387330
0.360813 0.403286
0.371345 0.415344
0.382578 0.427392
0.394562 0.439481
0.407322 0.451628
0.420889 0.463882
0.450498 0.488880
0.483297 0.514834
0.518814 0.542073
0.535260 0.505136
0.542462 0.510996
0.563879 0.528516
0.585538 0.546551
0.607321 0.565222
0.629153 0.584664
0.672975 0.626415
0.680746 0.634219
0.717719 0.672840
0.765169 0.724876
0.818851 0.784264
0.886100 0.855510
0.972743 0.941321
1.066150 1.029713
1.145606 1.103854
1.252140 1.203533
1.315493 1.263180
1.358035 1.303339
0.591873 0.687245
0.592012 0.687326
0.592458 0.687589
0.592937 0.687877
0.593449 0.688192
0.593998 0.688536
0.595212 0.689318
0.595443 0.689469
0.596596 0.690235
0.598165 0.691301
0.599935 0.692531
0.601921 0.693936
0.604134 0.695531
0.606590 0.697329
0.609300 0.699343
0.615526 0.704068
0.622891 0.709807
0.631464 0.716651
0.471857 0.444777
0.476221 0.448558
0.489271 0.459701
0.502618 0.470894
0.516226 0.482159
0.530059 0.493521
0.558126 0.516544
0.586826 0.540511
0.615575 0.565446
0.644374 0.591815
0.673347 0.620033
0.702882 0.650533
0.733614 0.683744
0.766390 0.720096
0.842923 0.804624
1.065521 1.026977
0.246490 -0.181361
0.246811 -0.160976
0.247248 -0.139541
0.247803 -0.117047
0.248510 -0.093527
0.249410 -0.069048
0.252003 -0.017646
0.253835 0.008979
0.787439 0.698706
0.789089 0.700658
0.794029 0.706490
0.799105 0.712455
0.804323 0.718560
0.809690 0.724808
0.820891 0.737750
0.832753 0.751308
0.845311 0.765504
0.858583 0.780347
0.887246 0.811932
0.326810 0.234361
0.327557 0.235702
0.330823 0.241659
0.334214 0.247615
0.337698 0.253547
0.341275 0.259455
0.348712 0.271201
0.349171 0.271903
0.356529 0.282853
0.364766 0.294444
0.373311 0.305888
0.382275 0.317276
0.391616 0.328581
0.401370 0.339841
0.411406 0.350959
0.455058 0.394876
1.133611 0.717188
1.137400 0.722763
1.143034 0.731031
1.148616 0.739199
1.154135 0.747258
1.159582 0.755204
1.170221 0.770725
1.180474 0.785719
0.977323 0.827288
0.990023 0.841704
1.017945 0.873080
1.055662 0.915372
1.079566 0.942441
1.126669 0.997087
1.168473 1.047824
1.201965 1.090766
1.226848 1.124708
1.244274 1.150259
1.255867 1.168854
1.263310 1.182191
1.268157 1.191938
0.584161 0.368770
0.585457 0.369886
0.589489 0.373335
0.593331 0.376660
0.597336 0.380083
0.601149 0.383381
0.608899 0.390046
0.616573 0.396654
0.508316 0.407666
0.512277 0.411145
0.518219 0.416336
0.522100 0.419709
0.536102 0.431785
0.548046 0.442001
0.559925 0.452126
0.571721 0.462177
0.583401 0.472164
0.594937 0.482098
0.606191 0.491898
0.617493 0.501878
0.628485 0.511768
0.649885 0.531688
0.670575 0.552041
0.245256 -0.223682
0.245297 -0.201154
0.245348 -0.176998
0.245433 -0.151179
0.245486 -0.123642
0.245581 -0.094505
0.245711 -0.063901
0.245903 -0.032075
0.460907 0.112126
0.465065 0.115851
0.478590 0.128041
0.493001 0.140689
0.507851 0.153618
0.523434 0.166941
0.556244 0.194525
0.590696 0.223091
0.625912 0.252210
0.661027 0.281463
0.694630 0.310135
0.726395 0.338075
0.755719 0.364989
0.828551 0.439886
0.866836 0.487096
0.399693 0.085871
0.402641 0.088998
0.407130 0.093849
0.411812 0.098786
0.416614 0.103788
0.421539 0.108854
0.431762 0.119183
0.442491 0.129773
0.453820 0.140661
0.465473 0.151732
0.477820 0.163131
0.490451 0.174685
0.503643 0.186505
0.517267 0.198530
0.545627 0.223101
0.279540 0.328969
0.279827 0.329707
0.281151 0.333054
0.282505 0.336387
0.283888 0.339705
0.285302 0.343011
0.288222 0.349583
0.291270 0.356106
0.294448 0.362584
0.297761 0.369020
0.301214 0.375419
0.304813 0.381783
0.308564 0.388117
0.312474 0.394424
0.320800 0.406973
0.276329 0.194461
0.282474 0.216414
0.282795 0.217467
0.283749 0.220557
0.284722 0.223637
0.285714 0.226705
0.286723 0.229762
0.288798 0.235843
0.290947 0.241881
0.781697 0.740480
0.783643 0.742646
0.789427 0.749080
0.795316 0.755619
0.801316 0.762268
0.807410 0.769003
0.820079 0.782928
0.833330 0.797361
0.847277 0.812387
0.862011 0.828058
0.877608 0.844415
0.894121 0.861477
0.911561 0.879228
0.599193 0.766067
0.612761 0.776134
0.687699 0.833567
0.761330 0.887578
0.958743 1.011966
1.083946 1.088341
1.176134 1.154015
1.240950 1.205336
1.286551 1.243583
1.320083 1.272667
1.345964 1.295598
0.376427 0.218143
0.378067 0.220280
0.382763 0.226457
0.387646 0.232695
0.392606 0.238890
0.397755 0.245148
0.408230 0.257578
0.419207 0.270051
0.430616 0.282524
0.442497 0.295025
0.454636 0.307426
0.467252 0.319872
0.480045 0.332183
0.493165 0.344471
0.519971 0.368783
0.547132 0.392641
0.574138 0.415935
0.296981 0.203799
0.298637 0.208130
0.303802 0.220924
0.309346 0.233626
0.315210 0.246084
0.321472 0.258448
0.335149 0.282758
0.350374 0.306511
0.367244 0.329808
0.385745 0.352686
0.405874 0.375216
0.427669 0.397552
0.450909 0.419642
0.475468 0.441593
0.528071 0.485902
0.583273 0.531712
0.639050 0.581158
0.245472 -0.159110
0.245563 -0.133961
0.245678 -0.107375
0.245849 -0.079454
0.246050 -0.050338
0.246314 -0.020268
0.247380 0.041504
0.248343 0.072544
0.473516 0.613875
0.477785 0.616536
0.490767 0.624611
0.495252 0.627398
0.516056 0.640320
0.528018 0.647756
0.549657 0.661203
0.567125 0.671964
0.579563 0.679383
0.587086 0.683486
0.591158 0.685311
0.594725 0.687012
0.601901 0.691688
0.617048 0.702953
0.684071 0.758776
0.812367 0.866730
0.971706 0.988287
0.406266 0.525038
0.407865 0.526264
0.415270 0.531865
0.422897 0.537519
0.430737 0.543228
0.438783 0.548995
0.455445 0.560716
0.472764 0.572686
0.488776 0.583653
0.508653 0.597240
0.526732 0.609654
0.561525 0.633940
0.577479 0.645340
0.604671 0.665329
0.624188 0.680356
0.637220 0.691088
0.513022 0.715046
0.516021 0.713986
0.515414 0.709490
0.510596 0.702777
0.505809 0.696470
0.505683 0.692704
0.537756 0.704184
0.626432 0.764055
0.782374 0.884193
0.957623 1.001105
1.087066 1.086026
0.247458 -0.125721
0.248295 -0.094757
0.249448 -0.062101
0.251010 -0.027996
0.253181 0.007197
0.256128 0.043057
0.265278 0.114961
1.162007 1.085336
1.169297 1.094388
1.187382 1.117154
1.201886 1.135511
1.214716 1.151477
1.226581 1.165757
1.249545 1.191892
1.271978 1.215932
1.293343 1.237952
1.313129 1.257848
1.330942 1.275474
1.347437 1.291622
1.362137 1.305900
1.375425 1.318738
0.264385 0.447527
0.265597 0.450002
0.271409 0.461021
0.277833 0.472083
0.284946 0.483228
0.292730 0.494161
0.310735 0.516018
0.332249 0.537532
0.357555 0.558709
0.386718 0.579741
0.419415 0.600916
0.454641 0.622322
0.490316 0.643376
0.523062 0.662419
0.564313 0.684720
0.572021 0.685116
0.606928 0.707562
0.339015 0.508072
0.339756 0.508784
0.343175 0.512025
0.346679 0.515265
0.350271 0.518507
0.353949 0.521750
0.361571 0.528243
0.369303 0.534556
0.377882 0.541283
0.386571 0.547844
0.395609 0.554443
0.404988 0.561089
0.414694 0.567789
0.424706 0.574547
0.445539 0.588248
0.467185 0.602161
0.335251 0.445328
0.336016 0.446204
0.337230 0.447634
0.337240 0.447645
0.339695 0.450493
0.340947 0.451923
0.343491 0.454785
0.346098 0.457665
0.348752 0.460534
0.351462 0.463406
0.354230 0.466282
0.357054 0.469162
0.359886 0.471961
0.362881 0.474936
0.368948 0.480732
0.375263 0.486554
0.292683 0.252115
0.294097 0.255795
0.298594 0.266912
0.298631 0.267000
0.308463 0.288717
0.313826 0.299392
0.325436 0.320318
0.338324 0.340789
0.352526 0.360854
0.368140 0.380632
0.385167 0.400125
0.403771 0.419543
0.424015 0.438992
0.445928 0.458593
0.494612 0.498859
0.548586 0.541616
0.251348 0.242019
0.252218 0.247585
0.255016 0.263618
0.258267 0.279282
0.261976 0.294580
0.266141 0.309479
0.276025 0.338576
0.288031 0.366571
0.302537 0.393905
0.319996 0.420742
0.341139 0.447464
0.366786 0.474369
0.397655 0.501799
0.434006 0.530166
0.520636 0.591929
0.605322 0.654060
0.346442 0.523861
0.348554 0.525730
0.354937 0.531227
0.359397 0.534944
0.368473 0.542233
0.375628 0.547751
0.390703 0.558843
0.406763 0.570040
0.423729 0.581377
0.441472 0.592867
0.459798 0.604488
0.478434 0.616161
0.497022 0.627742
0.515113 0.639005
0.547718 0.659327
0.572166 0.674417
0.202185 0.355677
0.202237 0.356533
0.202408 0.359117
0.202589 0.361723
0.202712 0.363466
0.202983 0.366956
0.203432 0.372137
0.203929 0.377343
0.204473 0.382581
0.205076 0.387768
0.205729 0.392991
0.206435 0.398257
0.207203 0.403473
0.208024 0.408770
0.209856 0.419317
0.211945 0.429987
0.248421 0.441494
0.250022 0.445462
0.255096 0.457203
0.260736 0.468885
0.267040 0.480724
0.275303 0.494467
0.290316 0.515646
0.310141 0.538461
0.333850 0.560615
0.361646 0.582145
0.393425 0.603332
0.428507 0.624476
0.465193 0.645396
0.500286 0.664820
0.547729 0.688757
0.554398 0.686372
0.245638 0.142181
0.245750 0.144731
0.246122 0.152173
0.246958 0.166927
0.248616 0.188542
0.251629 0.216420
0.253513 0.229953
0.255666 0.243218
0.258099 0.256222
0.263840 0.281481
0.279068 0.329327
0.424130 0.262679
0.427792 0.266709
0.439004 0.278677
0.450587 0.290647
0.462514 0.302606
0.474772 0.314535
0.500001 0.338271
0.525966 0.361717
0.552217 0.384749
0.578294 0.407255
0.603759 0.429158
0.628259 0.450449
0.651473 0.471133
0.673246 0.491312
0.746811 0.570853
0.373705 0.437672
0.375921 0.439965
0.379331 0.443443
0.386262 0.450312
0.389847 0.453770
0.238580 0.036033
0.238456 0.039306
0.238000 0.049002
0.237143 0.068096
0.236702 0.077627
0.235836 0.096536
0.235005 0.115182
0.234298 0.133532
0.233702 0.151525
0.233261 0.169129
0.233053 0.186355
0.233059 0.203150
0.233348 0.219549
0.234840 0.251156
0.237675 0.281283
0.264735 0.846039
0.267972 0.849524
0.278803 0.859899
0.286402 0.866100
0.314206 0.882649
0.340065 0.891613
0.367229 0.896657
0.394608 0.898597
0.420118 0.897729
0.440574 0.893626
0.284982 0.314065
0.285234 0.314709
0.286116 0.316899
0.287010 0.319082
0.287916 0.321259
0.288835 0.323430
0.290723 0.327777
0.292634 0.332050
0.294610 0.336326
0.296637 0.340578
0.298732 0.344835
0.300851 0.349019
0.303040 0.353209
0.305284 0.357381
0.309942 0.365670
0.249396 0.189902
0.249804 0.194084
0.251426 0.208899
0.257744 0.249717
0.261433 0.267284
0.270512 0.301075
0.282009 0.333291
0.296184 0.364271
0.313406 0.394290
0.334370 0.423827
0.359979 0.453297
0.391228 0.483179
0.428822 0.514093
0.521027 0.581549
0.202608 0.499291
0.203419 0.502455
0.204681 0.507278
0.206001 0.512067
0.207381 0.516882
0.208820 0.521655
0.211900 0.531465
0.215239 0.541206
0.218863 0.551064
0.222783 0.560942
0.227009 0.570809
0.236428 0.590367
0.241640 0.599983
0.345051 0.244629
0.347953 0.249220
0.350143 0.252618
0.352402 0.256037
0.356904 0.262779
0.361571 0.269524
0.366367 0.276245
0.371291 0.282944
0.376385 0.289649
0.381523 0.296271
0.386873 0.302931
0.392264 0.309505
0.397821 0.316088
0.409303 0.329187
0.382580 0.070147
0.401613 0.091328
0.422847 0.113715
0.446721 0.137444
0.472942 0.162372
0.501786 0.188562
0.565127 0.243564
0.292014 0.036672
0.297115 0.049725
0.302654 0.062985
0.308654 0.076442
0.315218 0.090108
0.322342 0.103968
0.242782 0.171022
0.244027 0.194172
0.244488 0.200969
0.245017 0.207715
0.245600 0.214395
0.246239 0.221009
0.247690 0.234044
0.249395 0.246841
0.251326 0.259357
0.253528 0.271652
0.255997 0.283717
0.258749 0.295587
0.261762 0.307211
0.265074 0.318664
0.272611 0.341082
0.510043 0.582268
0.515134 0.585868
0.522636 0.591184
0.530141 0.596521
0.537628 0.601869
0.545076 0.607218
0.559765 0.617871
0.574020 0.628368
0.587646 0.638580
0.604537 0.651540
0.612261 0.657599
0.622943 0.666151
0.632424 0.673947
0.797823 0.602198
0.798695 0.603515
0.801754 0.607981
0.807652 0.616766
0.810626 0.621235
0.816656 0.630346
0.822833 0.639715
0.829215 0.649379
0.835862 0.659380
0.842845 0.669761
0.850239 0.680577
0.858132 0.691885
0.866618 0.703752
0.908753 0.758481
0.936509 0.791656
0.314736 0.014178
0.330941 0.041484
0.350531 0.070640
0.374045 0.101796
0.402002 0.135063
0.434863 0.170492
0.514491 0.246737
0.559338 0.286331
0.281243 0.091799
0.282490 0.096345
0.283821 0.100878
0.285160 0.105402
0.286536 0.109928
0.287952 0.114454
0.290900 0.123506
0.294009 0.132555
0.216596 0.246193
0.216540 0.247933
0.216398 0.253025
0.216288 0.258078
0.216210 0.263095
0.216165 0.268074
0.216179 0.277943
0.216322 0.287647
0.216612 0.297259
0.217039 0.306721
0.217616 0.316115
0.218337 0.325376
0.219211 0.334574
0.220239 0.343699
0.222773 0.361782
0.225980 0.379720
0.229921 0.397637
0.473396 0.269527
0.477094 0.273136
0.488370 0.283891
0.499955 0.294700
0.511651 0.305452
0.523503 0.316178
0.547424 0.337437
0.571562 0.358456
0.595485 0.379072
0.619043 0.399307
0.641430 0.418767
0.662948 0.437772
0.683269 0.456233
0.702348 0.474237
0.244595 -0.085468
0.244563 -0.083866
0.244534 -0.079107
0.244503 -0.074316
0.244472 -0.069493
0.244462 -0.064648
0.244393 -0.054851
0.244299 -0.044937
0.244224 -0.034933
0.244147 -0.024841
0.244070 -0.014673
0.244015 -0.004444
0.243920 0.005841
0.243852 0.016161
0.561288 0.536027
0.568415 0.541859
0.590023 0.559823
0.612091 0.578763
0.655202 0.618096
0.698617 0.661294
0.742630 0.708307
0.789564 0.760134
0.846511 0.821481
0.924471 0.899713
1.020025 0.989838
1.109726 1.072376
1.179799 1.136887
1.271440 1.222098
1.327478 1.274681
0.771303 0.762811
0.776841 0.768749
0.794915 0.787816
0.816481 0.809919
0.872197 0.864276
0.943946 0.930389
1.021174 0.999084
1.091557 1.061115
1.149615 1.112641
1.195791 1.154117
1.232551 1.187510
1.262310 1.214790
1.286909 1.237494
0.146657 0.600915
0.148243 0.612204
0.153911 0.647586
0.160885 0.684907
0.169209 0.723587
0.178885 0.762862
0.202229 0.839329
0.230534 0.904334
0.263952 0.951671
0.302456 0.978919
0.346235 0.988983
0.391980 0.986620
0.430340 0.975051
0.444882 0.954256
1.059279 0.881837
1.062171 0.885210
1.071211 0.895743
1.080576 0.906654
1.090238 0.917928
1.100159 0.929540
1.120583 0.953633
1.141376 0.978534
1.181870 1.028605
1.200565 1.052652
1.217749 1.075418
1.246986 1.115988
1.269379 1.149222
0.235020 0.103031
0.234889 0.105786
0.234514 0.113852
0.234170 0.121866
0.233812 0.129806
0.233492 0.137687
0.232944 0.153253
0.232494 0.168514
0.232208 0.183483
0.232107 0.198158
0.232177 0.212501
0.232471 0.226551
0.232993 0.240302
0.233765 0.253781
0.239431 0.305005
0.542767 0.509330
0.544715 0.510920
0.550463 0.515614
0.556233 0.520341
0.562024 0.525099
0.563881 0.526630
0.579491 0.539599
0.591192 0.549476
0.602919 0.559546
0.614661 0.569830
0.626413 0.580352
0.638173 0.591133
0.649948 0.602199
0.661751 0.613573
0.392714 0.166483
0.394101 0.168155
0.398238 0.173089
0.402526 0.178082
0.406771 0.183041
0.411236 0.188089
0.420222 0.198165
0.429619 0.208371
0.244691 0.035018
0.244700 0.037545
0.244731 0.044977
0.244774 0.052402
0.244831 0.059819
0.244924 0.067225
0.245099 0.081964
0.245379 0.096602
0.245756 0.111106
0.246250 0.125449
0.246875 0.139611
0.247668 0.153584
0.248608 0.167335
0.249713 0.180850
0.252559 0.207211
0.256305 0.232652
0.244419 -0.090483
0.244397 -0.087606
0.244323 -0.078176
0.244242 -0.068617
0.244155 -0.058937
0.244085 -0.049153
0.243863 -0.029268
0.243650 -0.009073
0.243457 0.011342
0.243259 0.031878
0.243081 0.052427
0.242995 0.072891
0.243035 0.093186
0.243186 0.113212
0.951830 0.727404
0.952945 0.729144
0.956670 0.734910
0.960493 0.740751
0.964422 0.746675
0.968470 0.752693
0.976978 0.765058
0.986132 0.777948
0.996069 0.791490
1.006936 0.805830
1.018899 0.821142
1.032130 0.837620
1.046792 0.855472
1.063013 0.874897
0.384186 0.186962
0.389972 0.194188
0.399085 0.205335
0.408725 0.216627
0.418703 0.227963
0.429076 0.239363
0.450946 0.262321
0.646346 0.662549
0.649907 0.665728
0.659903 0.674819
0.669185 0.683513
0.677806 0.691834
0.685896 0.699874
0.701439 0.715868
0.718729 0.733953
0.742059 0.757867
0.757649 0.773435
0.824745 0.837317
0.887917 0.893878
0.958726 0.954688
1.140300 1.108326
0.249912 -0.126786
0.251340 -0.102124
0.253224 -0.076295
0.255613 -0.049344
0.258720 -0.021394
0.262709 0.007423
0.273934 0.066939
0.281582 0.097228
0.290813 0.127589
0.246337 -0.182929
0.246643 -0.162803
0.247030 -0.141624
0.247521 -0.119397
0.248144 -0.096157
0.248934 -0.071965
0.251210 -0.021148
0.252842 0.005187
0.591940 0.235065
0.608304 0.248714
0.656728 0.289147
0.702554 0.328508
0.744398 0.366164
0.781384 0.401793
0.841938 0.468542
0.882599 0.522773
0.933155 0.601161
0.974900 0.669001
1.014525 0.733017
1.051092 0.791783
1.090109 0.851145
1.147128 0.928101
1.308867 1.156901
1.357841 1.262727
1.342997 1.270231
1.341716 1.278057
0.243030 -0.040324
0.242727 -0.024330
0.242563 -0.016195
0.242394 -0.008019
0.242242 0.000188
0.240971 0.058042
0.240622 0.074489
0.240359 0.090819
0.240127 0.106969
0.240005 0.122921
0.239998 0.138638
0.240440 0.169288
0.241593 0.198764
0.243671 0.227075
0.244235 0.059481
0.244253 0.063731
0.244329 0.077482
0.244488 0.091152
0.244722 0.104711
0.245180 0.122778
0.246010 0.144528
0.247494 0.170205
0.249615 0.195111
0.252429 0.219191
0.256016 0.242440
0.260464 0.264915
0.265808 0.286646
0.272091 0.307694
0.287682 0.348029
0.307855 0.386625
0.333711 0.424170
0.367092 0.461638
1.036755 1.033017
1.044432 1.038959
1.066893 1.056447
1.087944 1.073003
1.107607 1.088635
1.125921 1.103359
1.158787 1.130206
1.186681 1.153443
1.211685 1.174636
1.233020 1.192986
1.251703 1.209251
1.268195 1.223756
1.282866 1.236773
1.296021 1.248529
1.318702 1.268979
1.337673 1.286242
0.223408 0.271262
0.223492 0.273549
0.223974 0.283864
0.224609 0.293998
0.226389 0.313896
0.228858 0.333335
0.232051 0.352435
0.236010 0.371226
0.240810 0.389881
0.246551 0.408466
0.253373 0.427054
0.261466 0.445728
0.271052 0.464453
0.295689 0.501628
0.267174 0.235192
0.267655 0.237255
0.269934 0.246557
0.272371 0.255737
0.274382 0.262814
0.283766 0.291306
0.290466 0.308401
0.297901 0.325127
0.306092 0.341501
0.315097 0.357597
0.324922 0.373380
0.335686 0.388989
0.347456 0.404455
0.374418 0.435227
0.406669 0.466317
0.245308 -0.192302
0.245441 -0.143615
0.245581 -0.088872
0.245888 -0.029030
0.246636 0.033864
0.248522 0.097039
0.260314 0.215223
0.244383 -0.076544
0.244187 -0.053128
0.243939 -0.029087
0.243699 -0.004589
0.243486 0.020201
0.243294 0.045102
0.243510 0.118726
0.314773 0.022062
0.337896 0.060589
0.367684 0.102531
0.405401 0.148127
0.451869 0.197323
0.506612 0.249418
0.628088 0.355255
0.684752 0.404692
0.519953 0.363144
0.523105 0.365952
0.537551 0.378685
0.551868 0.391176
0.566196 0.403553
0.580389 0.415757
0.608097 0.439612
0.634558 0.462763
0.659396 0.485253
0.682493 0.507275
0.703894 0.529097
0.723819 0.551067
0.742657 0.573614
0.760991 0.597263
0.799757 0.650646
0.851291 0.719134
0.934216 0.816230
0.247707 -0.117264
0.248770 -0.082968
0.250218 -0.046742
0.252295 -0.008986
0.255226 0.029810
0.259217 0.069058
0.271846 0.146693
0.281106 0.184201
0.252054 0.175095
0.252250 0.177153
0.252946 0.183447
0.253653 0.189665
0.254441 0.195861
0.255245 0.201978
0.257035 0.214088
0.258694 0.224082
0.261246 0.237706
0.263699 0.249234
0.266367 0.260553
0.269272 0.271682
0.272420 0.282631
0.275816 0.293404
0.283364 0.314437
0.291999 0.334898
1.026244 0.956636
1.027369 0.957855
1.032540 0.963459
1.037636 0.968989
1.042654 0.974443
1.047593 0.979817
1.057216 0.990311
1.065527 0.999396
1.075418 1.010235
1.083992 1.019650
1.092220 1.028702
1.100116 1.037399
1.107696 1.045753
1.114817 1.053616
1.128728 1.068918
1.141531 1.082968
1.153544 1.096079
0.651858 0.575773
0.658677 0.582449
0.678831 0.602840
0.699362 0.624586
0.720667 0.648017
0.743260 0.673494
0.794782 0.732143
0.858660 0.803143
0.935817 0.885581
1.018726 0.971204
1.095575 1.048583
1.159764 1.111999
1.211075 1.162017
1.251892 1.201452
1.311800 1.258888
1.353676 1.298804
0.277115 0.338655
0.277408 0.339406
0.278756 0.342811
0.280136 0.346203
0.281548 0.349582
0.282993 0.352947
0.285982 0.359642
0.289109 0.366292
0.292378 0.372899
0.295795 0.379469
0.299367 0.386006
0.303100 0.392512
0.307004 0.398992
0.311085 0.405452
0.319849 0.418389
0.431120 0.359487
0.434813 0.363239
0.452035 0.380195
0.469898 0.396993
0.488291 0.413636
0.509135 0.431906
0.545362 0.462784
0.583565 0.495164
0.620870 0.527862
0.657020 0.561893
0.692564 0.598664
0.729900 0.640660
0.772369 0.690391
0.825390 0.751514
0.488329 0.232171
0.491511 0.235141
0.506332 0.248760
0.521339 0.262370
0.536754 0.276082
0.552499 0.289865
0.583993 0.317136
0.611908 0.341052
0.645884 0.370233
0.674889 0.395551
0.702013 0.419926
0.727051 0.443401
0.750134 0.466247
0.770880 0.488280
0.807333 0.531645
0.834741 0.654904
0.836322 0.657290
0.843889 0.668619
0.851934 0.680456
0.860573 0.692880
0.869929 0.705978
0.891380 0.734617
0.917577 0.767376
0.949909 0.805484
0.989401 0.850141
1.035621 0.901588
1.085284 0.957515
1.132618 1.012666
1.172556 1.061499
1.225040 1.131289
1.249744 1.169376
0.348631 0.399872
0.349413 0.400853
0.351822 0.403842
0.354272 0.406828
0.356765 0.409811
0.359299 0.412793
0.364499 0.418753
0.369879 0.424712
0.375442 0.430674
0.381251 0.436719
0.387159 0.442641
0.393316 0.448644
0.399679 0.454671
0.406254 0.460725
0.420047 0.472936
0.434712 0.485324
0.300889 0.241494
0.301320 0.242567
0.303462 0.247614
0.305662 0.252634
0.307920 0.257626
0.310238 0.262591
0.315078 0.272464
0.320109 0.282185
0.325412 0.291827
0.330964 0.301371
0.336770 0.310820
0.342832 0.320180
0.349182 0.329484
0.355741 0.338652
0.369715 0.356830
0.384782 0.374768
0.368003 0.158115
0.369810 0.160575
0.378289 0.171831
0.387200 0.183201
0.396550 0.194681
0.406337 0.206264
0.427215 0.229708
0.449836 0.253494
0.473903 0.277439
0.499152 0.301398
0.525401 0.325310
0.552150 0.348960
0.578929 0.372188
0.605272 0.394853
0.655023 0.438171
0.699140 0.478877
0.713134 0.185208
0.717568 0.188875
0.731075 0.199985
0.744573 0.211243
0.757432 0.222319
0.770182 0.233479
0.794624 0.255637
0.817652 0.277522
0.838630 0.298668
0.876047 0.339456
0.892226 0.358788
0.907224 0.377713
0.921201 0.396333
0.231824 0.335390
0.232300 0.338248
0.232801 0.341144
0.233320 0.344033
0.233856 0.346915
0.234409 0.349802
0.235570 0.355519
0.236803 0.361225
0.238113 0.366938
0.239495 0.372579
0.240959 0.378231
0.242506 0.383901
0.244134 0.389500
0.245852 0.395122
0.249566 0.406350
1.023718 0.942813
1.039635 0.960245
1.054880 0.977054
1.082125 1.007426
1.116455 1.046383
1.167651 1.105448
1.205392 1.147976
1.238281 1.183204
1.267928 1.213683
1.294295 1.240083
1.317464 1.262897
1.337757 1.282663
1.355577 1.299895
1.371316 1.315036
0.286280 0.352044
0.286447 0.352417
0.286889 0.353392
0.286897 0.353408
0.287199 0.354072
0.288309 0.356484
0.289259 0.358511
0.290211 0.360506
0.291198 0.362553
0.292175 0.364539
0.293176 0.366550
0.294203 0.368585
0.295220 0.370559
0.296274 0.372587
0.360272 0.376685
0.361706 0.378472
0.363786 0.381035
0.366604 0.384452
0.370283 0.388826
0.374704 0.393949
0.464072 0.232668
0.465480 0.234012
0.471670 0.240051
0.477958 0.246112
0.484246 0.252146
0.489280 0.256899
0.503869 0.270468
0.544788 0.307228
0.572674 0.331535
0.586606 0.343550
0.632252 0.306333
0.636048 0.309515
0.647742 0.319498
0.682071 0.349060
0.703865 0.368243
0.248785 -0.115807
0.250752 -0.071975
0.595205 0.555321
0.596314 0.556269
0.602840 0.561888
0.606105 0.564721
0.609371 0.567572
0.445848 0.907112
0.444725 0.905382
0.440435 0.900307
0.436909 0.897138
0.422533 0.888550
0.410206 0.883668
0.341466 0.219346
0.350208 0.233363
0.364310 0.254230
0.379638 0.274949
0.396234 0.295545
0.413921 0.315908
0.452678 0.356181
0.582204 0.471064
0.623997 0.507631
0.663216 0.544584
0.700523 0.583813
0.738474 0.628179
0.840687 0.750875
0.239522 0.027805
0.239342 0.032442
0.239092 0.039301
0.238799 0.046155
0.238524 0.053001
0.238267 0.059837
0.237714 0.073456
0.237065 0.089243
0.236636 0.100396
0.236153 0.113677
0.235736 0.126810
0.235365 0.139767
0.235057 0.152531
0.234856 0.165111
0.234781 0.189667
0.255390 0.080287
0.255566 0.082438
0.256194 0.088781
0.256810 0.095095
0.257483 0.101399
0.258191 0.107684
0.259743 0.120198
0.261411 0.132593
0.245505 -0.142981
0.245680 -0.098939
0.246465 -0.001133
0.249453 0.101490
0.317932 0.517190
0.325831 0.525189
0.338620 0.537088
0.352599 0.548909
0.367785 0.560685
0.384166 0.572465
0.420226 0.596237
0.459516 0.620377
0.559852 0.679247
0.572528 0.685190
0.576193 0.685268
0.582747 0.687944
0.663891 0.750459
0.881445 0.925995
1.097718 1.085144
0.254394 0.000098
0.254586 0.002138
0.255092 0.008370
0.255675 0.014626
0.256239 0.020900
0.256859 0.027192
0.258196 0.039818
0.259698 0.052488
0.263095 0.077860
0.265062 0.090534
0.267215 0.103174
0.269590 0.115776
0.272151 0.128304
0.277918 0.153103
0.284676 0.177518
0.292477 0.201475
0.299760 0.432667
0.300221 0.433378
0.301592 0.435471
0.302985 0.437563
0.304402 0.439654
0.304890 0.440365
0.311886 0.450187
0.318287 0.458466
0.321704 0.462731
0.325171 0.466843
0.328788 0.471029
0.332528 0.475218
0.366344 0.528081
0.369869 0.530952
0.380636 0.539429
0.391996 0.547964
0.403936 0.556576
0.470862 0.601131
0.499377 0.619386
0.527080 0.637145
0.552249 0.653401
0.573103 0.666947
0.588371 0.676814
0.597974 0.682854
0.609321 0.690045
0.382312 0.422964
0.390439 0.431327
0.403532 0.444133
0.417485 0.457021
0.432509 0.470206
0.482124 0.510486
0.519187 0.539072
0.597934 0.601163
0.636516 0.634131
0.672300 0.667121
0.704255 0.699026
0.733985 0.730700
0.822178 0.821922
0.348123 0.182466
0.351114 0.187086
0.353294 0.190475
0.355554 0.193891
0.357848 0.197310
0.360177 0.200731
0.364986 0.207608
0.369840 0.214442
0.374883 0.221310
0.380067 0.228186
0.385393 0.235068
0.390912 0.241987
0.396466 0.248847
0.402211 0.255742
0.414113 0.269535
0.362878 0.414363
0.363469 0.415039
0.365924 0.417818
0.367125 0.419162
0.370916 0.423356
0.382675 0.435740
0.386722 0.439801
0.390930 0.443960
0.395225 0.448115
0.404109 0.456460
0.396078 0.169841
0.409007 0.184912
0.429848 0.207921
0.452422 0.231398
0.476677 0.255282
0.502110 0.279250
0.661089 0.418484
0.706483 0.459980
0.745455 0.499275
0.778477 0.537385
0.806889 0.575369
0.833113 0.614872
0.997593 0.839776
0.462849 0.243560
0.465026 0.245709
0.448551 0.471521
0.456664 0.478304
0.774062 0.628446
0.788773 0.648362
0.795461 0.657389
0.802468 0.666784
0.809847 0.676582
0.817660 0.686824
0.854591 0.733201
0.383360 0.163732
0.390346 0.172469
0.401464 0.185770
0.413062 0.199181
0.429636 0.217440
0.438263 0.226564
0.465588 0.254365
0.525859 0.310729
0.557396 0.338610
0.589065 0.366010
0.649592 0.418322
0.677468 0.443152
0.726253 0.489948
0.766715 0.534808
0.800776 0.579665
0.443622 0.341756
0.449576 0.347699
0.467309 0.364918
0.485495 0.381864
0.504384 0.398887
0.523375 0.415562
0.561471 0.448264
0.598641 0.480143
0.633993 0.511570
0.667241 0.543320
0.698891 0.576621
0.730465 0.613226
0.764870 0.655571
0.806863 0.707067
0.937081 0.853666
0.307824 0.277702
0.309515 0.281259
0.314743 0.291701
0.320254 0.302017
0.326076 0.312237
0.332170 0.322318
0.345236 0.342138
0.359573 0.361623
0.375213 0.380821
0.392214 0.399820
0.410635 0.418716
0.430534 0.437635
0.451910 0.456673
0.474726 0.475963
0.524077 0.515760
0.577162 0.558478
0.631267 0.604896
0.387761 0.406544
0.390402 0.409352
0.398428 0.417677
0.406633 0.425859
0.415203 0.434124
0.424099 0.442429
0.442806 0.459125
0.462754 0.476049
0.483893 0.493301
0.506113 0.510983
0.529244 0.529193
0.553068 0.548027
0.577326 0.567558
0.601621 0.587728
0.650058 0.630555
0.696231 0.675462
0.739925 0.721694
0.243279 0.088677
0.243290 0.090842
0.243394 0.103669
0.243845 0.128959
0.244638 0.153639
0.245215 0.165734
0.245921 0.177654
0.345988 0.287699
0.348789 0.291957
0.357187 0.304199
0.366310 0.316714
0.375743 0.328917
0.385621 0.341012
0.406702 0.364915
0.429488 0.388492
0.453856 0.411819
0.506558 0.458123
0.534301 0.481321
0.562525 0.504783
0.590907 0.528767
0.647426 0.579801
0.704827 0.638465
0.769286 0.710330
1.027733 0.983712
1.035291 0.991238
1.056548 1.012337
1.077092 1.032608
1.096775 1.051931
1.115504 1.070238
1.207119 1.158927
1.230668 1.181544
1.251469 1.201474
1.269943 1.219143
0.795047 0.742245
0.801802 0.749774
0.812106 0.761260
0.822775 0.773090
0.833827 0.785270
0.845279 0.797804
0.869423 0.823927
0.922679 0.880084
0.242837 -0.077898
0.239742 0.024296
0.237665 0.076614
0.235833 0.127585
0.234953 0.176104
0.238871 0.264307
0.459529 0.473274
0.465393 0.478147
0.474352 0.485496
0.492884 0.500410
0.502436 0.507993
0.522044 0.523447
0.542211 0.539336
0.591804 0.201220
0.593499 0.202600
0.598495 0.206669
0.623684 0.227217
0.633799 0.235502
0.643902 0.243806
0.653966 0.252118
0.663968 0.260425
0.674038 0.268796
0.683694 0.276979
0.693376 0.285202
0.268603 -0.095606
0.271917 -0.083647
0.275624 -0.071271
0.279793 -0.058684
0.302865 -0.003317
0.319126 0.027461
0.339546 0.060572
0.364957 0.096244
0.396003 0.134593
0.433479 0.175707
0.477487 0.219344
0.526766 0.264630
0.631682 0.355337
0.724234 0.437959
1.275986 1.228631
1.278375 1.230804
1.285401 1.237205
1.292065 1.243290
1.298396 1.249085
1.304423 1.254613
1.315656 1.264942
1.325930 1.274419
1.335379 1.283159
1.344113 1.291255
1.352223 1.298790
1.359785 1.305827
1.366862 1.312421
1.373507 1.318623
1.092425 0.985892
1.163177 1.070138
1.190864 1.105619
1.209957 1.131503
1.252076 1.189926
1.271294 1.212603
0.541707 0.413346
0.548292 0.419024
0.561177 0.430085
0.586515 0.451792
0.605014 0.467770
0.622943 0.483520
0.656842 0.514618
0.688160 0.545892
0.717630 0.578574
0.746793 0.614241
0.779011 0.655672
0.818695 0.705881
0.872712 0.769713
0.946460 0.851294
1.106563 1.028016
1.190466 1.127477
0.264302 0.084353
0.265625 0.092397
0.269957 0.116348
0.281057 0.163507
0.287894 0.186526
0.268164 0.101479
0.268866 0.105227
0.269952 0.110830
0.272274 0.122013
0.273463 0.127569
0.276027 0.138659
0.278777 0.149683
0.281722 0.160635
0.284894 0.171523
0.288224 0.182295
0.291794 0.192993
0.295586 0.203598
0.299605 0.214108
0.308374 0.234856
0.251913 0.198381
0.252039 0.199458
0.252418 0.202616
0.604770 0.686013
0.606195 0.686917
0.611020 0.690216
0.619229 0.696417
0.657832 0.728346
0.740459 0.800519
0.871095 0.908064
1.008707 1.013136
1.116329 1.096537
1.192524 1.158890
1.246030 1.204623
1.285042 1.238935
1.314853 1.265653
0.635803 0.418493
0.637158 0.419706
0.641767 0.423734
0.650843 0.431716
0.655307 0.435670
0.661227 0.440946
0.672643 0.451249
0.681013 0.458923
0.689136 0.466497
0.697031 0.473992
0.704554 0.481299
0.712141 0.488775
0.719360 0.496078
0.733149 0.510550
0.247933 -0.165592
0.249045 -0.136365
0.250552 -0.105134
0.252724 -0.072009
0.255688 -0.037114
0.403220 0.358888
0.405611 0.361499
0.416521 0.373127
0.427869 0.384716
0.451694 0.407712
0.476873 0.430528
0.503191 0.453283
0.530305 0.476052
0.557901 0.499011
0.613366 0.546497
0.264565 0.330535
0.265447 0.333284
0.269637 0.345532
0.274827 0.359127
0.279238 0.369594
0.284693 0.381427
0.297093 0.404811
0.311805 0.427958
0.329319 0.451021
0.350209 0.474175
0.374992 0.497572
0.404041 0.521488
0.437375 0.546269
0.474418 0.572196
0.552595 0.626192
0.614615 0.671608
0.645907 0.697483
0.245710 -0.166431
0.245786 -0.154679
0.245870 -0.142585
0.245990 -0.130167
0.246075 -0.117387
0.246198 -0.104297
0.246522 -0.077208
0.246683 -0.063228
0.243412 -0.034531
0.243379 -0.032321
0.243228 -0.022230
0.243092 -0.012070
0.242907 -0.001845
0.242741 0.008423
0.242409 0.029043
0.242116 0.049689
0.245200 -0.241037
0.245200 -0.241037
0.245200 -0.241037
0.245200 -0.241037
0.245200 -0.241037
0.245200 -0.241037
0.589066 0.728468
0.604764 0.739849
0.661921 0.784477
0.736994 0.843875
0.825129 0.908898
0.912671 0.968339
1.054028 1.061463
1.155774 1.135243
1.275303 1.232761
1.338259 1.288107
1.378095 1.324201
1.406607 1.350421
1.428610 1.370824
1.446437 1.387440
0.285950 0.359955
0.287120 0.362482
0.292706 0.373922
0.298714 0.385193
0.305212 0.396403
0.312228 0.407543
0.328012 0.429697
0.346497 0.451820
0.393414 0.496784
0.422465 0.520102
0.455213 0.544388
0.528547 0.596344
0.681129 0.719600
0.253353 -0.079879
0.255615 -0.055349
0.258443 -0.029930
0.261962 -0.003723
0.266392 0.023149
0.271778 0.050539
0.295635 0.134306
0.404851 0.155908
0.412983 0.165045
0.439714 0.193619
0.480432 0.233865
0.501350 0.253424
0.535335 0.284081
0.605470 0.344878
0.671952 0.402422
0.729322 0.455424
0.776374 0.505025
0.814779 0.553283
0.847654 0.601980
0.878709 0.652595
0.913027 0.707749
1.035341 0.865053
0.322655 0.426242
0.326417 0.431262
0.338308 0.445908
0.351589 0.460682
0.366351 0.475543
0.382716 0.490563
0.420535 0.521414
0.464912 0.553944
0.514035 0.588489
0.563652 0.623891
0.607123 0.656517
0.638301 0.681744
0.658915 0.700318
0.686377 0.726501
0.865253 0.887485
1.119316 1.094282
1.252615 1.208748
0.561570 0.529620
0.564710 0.532199
0.573978 0.539853
0.586375 0.550217
0.592609 0.555494
0.601955 0.563498
0.639416 0.596973
0.658180 0.614718
0.677005 0.633227
0.715166 0.672772
0.754882 0.716044
0.849080 0.819159
0.914012 0.885619
0.599634 0.570282
0.604252 0.574243
0.625249 0.592668
0.634816 0.601311
0.667120 0.631769
0.687976 0.652508
0.729787 0.696390
0.773091 0.743942
0.822951 0.798400
0.889787 0.867129
0.978040 0.951719
1.070639 1.037082
1.147997 1.107903
1.206577 1.161881
1.284933 1.234817
1.334898 1.281705
1.370317 1.315061
0.429307 0.227887
0.441941 0.241282
0.455087 0.254762
0.468710 0.268306
0.497199 0.295483
0.673835 0.401050
0.675826 0.402814
0.687286 0.413050
0.692951 0.418167
0.698479 0.423203
0.709258 0.433155
0.719841 0.443087
0.729687 0.452620
0.739338 0.462155
0.748649 0.471601
0.757578 0.480933
0.774258 0.499228
0.789980 0.517585
0.804440 0.535704
0.817956 0.553813
0.373001 0.309904
0.376372 0.314242
0.387438 0.327918
0.395164 0.337042
0.411119 0.354859
0.423697 0.368133
0.450364 0.394467
0.478686 0.420478
0.508296 0.446269
0.538682 0.471932
0.569356 0.497670
0.599892 0.523799
0.630038 0.550788
0.659854 0.579288
0.721090 0.644414
0.794707 0.728462
0.896655 0.840905
0.218931 0.134424
0.218605 0.136870
0.217650 0.144029
0.217008 0.148837
0.215763 0.158178
0.214837 0.165165
0.213034 0.178960
0.211313 0.192514
0.208199 0.218893
0.205632 0.244328
0.203717 0.268886
0.202528 0.292671
0.202111 0.315817
0.293614 0.185817
0.294229 0.187546
0.296100 0.192635
0.297968 0.197669
0.301916 0.207715
0.310456 0.227546
0.315074 0.237369
0.319940 0.247114
0.330287 0.266290
0.341648 0.285200
0.353956 0.303784
0.367219 0.322058
0.629242 0.441223
0.630737 0.442510
0.636688 0.447760
0.642679 0.453062
0.469872 0.211446
0.470807 0.212302
0.473302 0.214740
0.475905 0.217227
0.478618 0.219765
0.481164 0.222219
0.486585 0.227278
0.491978 0.232312
0.497337 0.237316
0.502853 0.242384
0.508523 0.247517
0.514148 0.252614
0.525441 0.262785
0.537102 0.273092
0.548685 0.283300
0.816153 0.578994
0.818089 0.581836
0.823924 0.590539
0.829677 0.599317
0.835374 0.608182
0.841047 0.617152
0.852449 0.635478
0.864179 0.654465
0.876599 0.674338
0.890164 0.695392
0.923173 0.742764
0.969690 0.801683
1.037565 0.880152
1.124224 0.979861
0.282824 0.042234
0.283704 0.045113
0.285516 0.050797
0.289248 0.062196
0.295458 0.079517
0.302418 0.097061
0.310075 0.114768
0.327946 0.150665
0.338256 0.168820
0.349424 0.187031
0.374786 0.223715
0.437404 0.297412
0.161069 0.586082
0.162675 0.595354
0.168293 0.624583
0.175041 0.654817
0.182973 0.685775
0.195440 0.727182
0.213999 0.776894
0.240653 0.829212
0.271960 0.868920
0.307824 0.894238
0.348226 0.907444
0.390750 0.911317
0.429021 0.908031
0.451016 0.896256
0.425516 0.860053
0.412105 0.822018
0.693513 0.324978
0.702622 0.332934
0.774371 0.399398
0.830995 0.460322
0.862369 0.499813
1.107891 0.592235
1.110384 0.596447
1.118122 0.609356
1.126055 0.622346
1.134164 0.635390
1.142758 0.648892
1.159276 0.674539
1.176344 0.700329
1.210078 0.750193
1.226163 0.773795
1.241480 0.796348
1.255888 0.817767
1.269300 0.838001
0.356093 0.376324
0.358424 0.379278
0.369632 0.392853
0.381621 0.406383
0.394404 0.419877
0.408017 0.433381
0.437874 0.460645
0.471225 0.488558
0.507800 0.517585
0.546854 0.548160
0.587239 0.580601
0.627604 0.614940
0.666616 0.650734
0.703240 0.687120
0.774596 0.763996
0.901147 0.889970
0.323168 0.387088
0.326230 0.391595
0.335741 0.404788
0.346060 0.417918
0.357262 0.431026
0.369425 0.444158
0.396961 0.470720
0.429099 0.498009
0.465888 0.526537
0.506528 0.556631
0.549724 0.588649
0.592440 0.621507
0.631335 0.653385
0.663301 0.681824
0.714615 0.733467
0.837720 0.851458
0.268716 0.109656
0.273488 0.132880
0.771722 0.236995
0.774681 0.239697
0.783804 0.247924
0.792716 0.256108
0.801589 0.264346
0.809877 0.272309
0.841565 0.303960
0.855758 0.319127
0.869215 0.334059
0.893784 0.363060
0.915222 0.390750
0.934662 0.417919
1.454852 1.394671
1.456014 1.395774
1.459475 1.399053
1.461747 1.401208
1.469176 1.408245
1.474861 1.413622
1.480744 1.419196
1.486033 1.424203
1.488332 1.426380
1.488332 1.426380
1.488332 1.426380
1.488332 1.426380
1.488332 1.426380
1.488332 1.426380
1.488332 1.426380
1.488332 1.426380
1.488332 1.426380
0.266757 0.162133
0.272372 0.189012
0.272791 0.190807
0.274101 0.196258
0.275460 0.201676
0.276868 0.207061
0.278326 0.212413
0.281414 0.223035
0.284669 0.233487
0.441570 0.485888
0.442984 0.487027
0.447674 0.490872
0.452431 0.494710
0.461935 0.502275
0.471793 0.510001
0.481916 0.517836
0.492288 0.525788
0.502887 0.533864
0.513688 0.542070
0.524662 0.550409
0.535779 0.558882
0.547003 0.567488
0.569617 0.585077
0.592168 0.603091
0.614289 0.621374
0.635597 0.639698
0.733621 0.794222
0.743503 0.802795
0.775143 0.829844
0.810824 0.859533
0.886768 0.920050
0.963098 0.978443
1.031964 1.030710
1.090931 1.076352
1.140064 1.115554
1.180499 1.148788
1.213781 1.176831
1.240981 1.200210
1.264632 1.220865
1.301565 1.253678
1.329844 1.279223
1.352453 1.299872
1.371144 1.317074
0.244022 -0.003471
0.244015 0.000610
0.243915 0.012656
0.243846 0.024741
0.243792 0.036844
0.243758 0.048945
0.243779 0.073060
0.243968 0.096936
0.244393 0.120445
0.245125 0.143483
0.246255 0.165986
0.247819 0.187883
0.249896 0.209159
0.252527 0.229791
0.259693 0.269257
0.269579 0.306491
0.282445 0.341871
0.298639 0.375796
0.258220 -0.002174
0.260385 0.015395
0.260977 0.019824
0.261590 0.024265
0.262223 0.028716
0.262880 0.033178
0.264260 0.042129
0.265737 0.051110
0.740305 0.725231
0.741623 0.726669
0.745666 0.731087
0.749750 0.735559
0.751068 0.737003
0.758101 0.744709
0.766807 0.754225
0.776020 0.764230
0.785912 0.774862
0.796669 0.786266
0.808474 0.798582
0.821504 0.811938
0.835905 0.826424
0.851777 0.842090
0.887970 0.876829
0.929292 0.915224
0.973633 0.955419
1.018238 0.995241
0.377188 0.651013
0.382606 0.654008
0.391104 0.658585
0.399745 0.663109
0.417329 0.671989
0.435044 0.680587
0.452462 0.688753
0.469038 0.696240
0.484138 0.702720
0.497100 0.707814
0.507323 0.711176
0.514383 0.712567
0.518131 0.711944
0.516937 0.705697
0.510197 0.696729
0.509717 0.691499
0.264189 0.138799
0.264624 0.141554
0.266023 0.149656
0.267534 0.157749
0.270736 0.173628
0.274336 0.189311
0.278327 0.204741
0.282725 0.219910
0.287549 0.234815
0.292834 0.249477
0.298554 0.263862
0.304719 0.277972
0.311386 0.291862
0.326213 0.318968
0.343143 0.345311
0.362232 0.370962
0.254855 0.548321
0.255528 0.549438
0.258668 0.554517
0.261930 0.559539
0.265322 0.564519
0.268845 0.569453
0.276295 0.579162
0.284295 0.588629
0.292858 0.597824
0.301924 0.606586
0.311713 0.615332
0.322012 0.623635
0.332890 0.631650
0.344337 0.639399
0.368844 0.654217
0.395189 0.668321
0.422649 0.681801
0.248430 -0.077461
0.248651 -0.071304
0.249312 -0.052179
0.250156 -0.032626
0.251117 -0.012696
0.252320 0.007521
0.255384 0.048490
0.259720 0.089590
0.265666 0.130180
0.273591 0.169758
0.283831 0.207998
0.296695 0.244771
0.312369 0.280036
0.331069 0.313921
0.378292 0.378433
0.439902 0.440785
0.516228 0.504710
0.486788 0.267724
0.493879 0.274396
0.515915 0.294715
0.538699 0.315088
0.561593 0.335195
0.584580 0.355081
0.629412 0.393656
0.671140 0.430269
0.708603 0.464935
0.741423 0.498061
0.769957 0.530316
0.795032 0.562434
0.817808 0.595157
0.839781 0.629351
0.890441 0.707746
0.978617 0.819973
1.136926 1.001520
0.311056 0.323874
0.312923 0.327345
0.318616 0.337472
0.324621 0.347484
0.330949 0.357393
0.337611 0.367210
0.351993 0.386618
0.367892 0.405819
0.385452 0.424933
0.404833 0.444118
0.426143 0.463503
0.449441 0.483258
0.474686 0.503559
0.501697 0.524577
0.559512 0.569285
0.618570 0.617561
0.673371 0.667251
0.390755 0.921488
0.392242 0.916836
0.398350 0.901263
0.406995 0.884663
0.418478 0.868851
0.433234 0.856105
0.475271 0.850226
0.542631 0.885780
0.657695 0.965338
0.815437 1.056079
0.930239 1.102696
0.990977 1.112827
1.029060 1.112527
1.062102 1.114758
1.132865 1.140777
1.201938 1.183662
1.256942 1.224378
0.295656 -0.044204
0.307155 -0.021629
0.321131 0.002558
0.338109 0.028560
0.358491 0.056569
0.383020 0.086833
0.446611 0.154786
0.486195 0.192451
0.463390 0.795072
0.449331 0.781816
0.438361 0.772908
0.431618 0.764786
0.433395 0.756662
0.446796 0.749641
0.515514 0.761419
0.653462 0.854221
0.667056 0.736603
0.689848 0.756512
0.710120 0.774316
0.733292 0.794559
0.759391 0.817043
0.788266 0.841407
0.852385 0.893502
0.919633 0.945735
0.242977 0.029144
0.242691 0.060671
0.242553 0.091900
0.242781 0.122547
0.243480 0.152364
0.244814 0.181191
0.250037 0.235685
0.254129 0.261355
0.312669 0.282640
0.314612 0.286477
0.323949 0.303734
0.334048 0.320614
0.345004 0.337225
0.356848 0.353608
0.383178 0.385710
0.413262 0.417298
0.447348 0.448930
0.485311 0.481088
0.526626 0.514392
0.570246 0.549522
0.614855 0.587166
0.659245 0.627749
0.747013 0.718537
0.854587 0.834329
1.042196 1.012154
0.334628 0.263595
0.335973 0.265841
0.339880 0.272327
0.342607 0.276708
0.352388 0.291659
0.361310 0.304386
0.370700 0.316994
0.380559 0.329486
0.390920 0.341903
0.401665 0.354156
0.412897 0.366349
0.424564 0.378458
0.436648 0.390493
0.461973 0.414376
0.738154 0.319285
0.741048 0.321890
0.749425 0.329502
0.757601 0.337033
0.765714 0.344569
0.773341 0.351851
0.788257 0.366340
0.802492 0.380599
0.815693 0.394390
0.828285 0.408009
0.840310 0.421498
0.851485 0.434638
0.872450 0.460776
0.891704 0.486811
0.909776 0.513087
0.927200 0.539891
0.651216 0.569551
0.657414 0.575612
0.675680 0.594038
0.694176 0.613542
0.713199 0.634386
0.726394 0.649206
0.777805 0.708108
0.832470 0.769914
0.899731 0.843260
0.975781 0.923573
1.116052 1.067267
1.215282 1.165506
1.282013 1.230147
1.328763 1.274960
0.209491 0.351457
0.209766 0.354568
0.211239 0.368690
0.213100 0.382728
0.215371 0.396809
0.218086 0.410953
0.225030 0.439580
0.234411 0.468848
0.246855 0.498514
0.263143 0.528371
0.283935 0.557238
0.309839 0.584479
0.341390 0.610011
0.378279 0.633762
0.461797 0.677882
0.522442 0.703874
0.523137 0.692839
0.282759 0.224412
0.286788 0.236859
0.293397 0.255144
0.300744 0.273041
0.308792 0.290503
0.317629 0.307618
0.337712 0.340867
0.361218 0.373061
0.388461 0.404581
0.419809 0.435909
0.455508 0.467591
0.495427 0.500254
0.538820 0.534575
0.584294 0.571186
0.674921 0.652280
0.759555 0.741324
0.883792 0.869724
0.331839 0.330310
0.334653 0.334720
0.343495 0.347887
0.352904 0.360895
0.362897 0.373768
0.373499 0.386532
0.396616 0.411853
0.422443 0.437132
0.451081 0.462650
0.482472 0.488733
0.516207 0.515635
0.552004 0.544000
0.588736 0.573851
0.625640 0.605475
0.697126 0.673554
0.765459 0.746904
0.860857 0.846783
0.657077 0.615689
0.658702 0.617252
0.663481 0.621880
0.668264 0.626557
0.673052 0.631285
0.677845 0.636062
0.687452 0.645770
0.706792 0.665818
0.716428 0.676059
0.726396 0.686738
0.736347 0.697543
0.746430 0.708589
0.756678 0.719891
0.777862 0.743372
0.800396 0.768294
0.825034 0.795164
0.243598 0.488404
0.246096 0.493904
0.250076 0.502144
0.254359 0.510378
0.258961 0.518591
0.263928 0.526887
0.274847 0.542945
0.287308 0.558727
0.301377 0.573999
0.317124 0.588684
0.334587 0.602771
0.353756 0.616322
0.374548 0.629448
0.396769 0.642273
0.443606 0.666975
0.488188 0.688793
0.519520 0.701836
0.606847 0.657022
0.608290 0.658142
0.612416 0.661366
0.616369 0.664482
0.620142 0.667485
0.623735 0.670372
1.122149 0.927493
1.125321 0.931360
1.140471 0.949895
1.156236 0.969358
1.172360 0.989536
1.188543 1.010148
1.219843 1.051353
1.248014 1.090425
0.351819 0.168144
0.353674 0.170960
0.359708 0.179898
0.366041 0.188903
0.372524 0.197894
0.379312 0.206947
0.393709 0.225179
0.409007 0.243457
0.425416 0.261880
0.442642 0.280275
0.460861 0.298749
0.479697 0.317093
0.517251 0.341366
0.520899 0.344645
0.532667 0.355107
0.555790 0.375389
0.567485 0.385501
0.590386 0.405234
0.612936 0.424633
0.634351 0.443306
0.654930 0.461613
0.674344 0.479458
0.692562 0.496940
0.709604 0.514175
0.725545 0.531301
0.754722 0.565889
0.781845 0.602280
0.809783 0.642623
0.615776 0.620584
0.620749 0.624815
0.642734 0.644025
0.663429 0.662964
0.682581 0.681358
0.700216 0.699126
0.733869 0.734879
0.778608 0.781895
0.856937 0.857740
0.970340 0.958995
1.081927 1.055372
1.166642 1.129414
1.226621 1.183012
1.270109 1.222551
1.329257 1.277138
1.368407 1.313661
1.397426 1.340872
0.277580 0.213603
0.277686 0.213989
0.278192 0.215756
0.278661 0.217485
0.279178 0.219245
0.279658 0.220967
0.280677 0.224434
0.281740 0.227904
0.282804 0.231342
0.283870 0.234747
0.284980 0.238155
0.286113 0.241550
0.287269 0.244929
0.288449 0.248294
0.290900 0.255002
0.293406 0.261612
0.860578 0.672385
0.863809 0.677315
0.873841 0.692338
0.884840 0.708265
0.897063 0.725281
0.910808 0.743613
0.944217 0.785354
0.987816 0.836131
1.042800 0.898038
1.104717 0.968542
1.162536 1.037641
1.207322 1.095018
1.237504 1.137046
1.256192 1.165850
1.272379 1.196573
1.280248 1.213242
0.355812 0.362800
0.357638 0.365178
0.363330 0.372404
0.367285 0.377267
0.381563 0.393890
0.394723 0.408108
0.408721 0.422295
0.423593 0.436514
0.439339 0.450799
0.455959 0.465211
0.473430 0.479808
0.491702 0.494653
0.510698 0.509808
0.550410 0.541301
0.591477 0.574750
0.140857 0.504653
0.141195 0.510230
0.142446 0.527372
0.144034 0.545079
0.148430 0.583059
0.154553 0.623852
0.162597 0.667409
0.172692 0.713154
0.184829 0.759375
0.199009 0.804664
0.215158 0.846810
0.233261 0.883931
0.253293 0.914454
0.299323 0.953741
0.352858 0.967318
0.408133 0.963562
0.444184 0.945939
0.350917 0.183526
0.351881 0.185012
0.354756 0.189385
0.357640 0.193694
0.363722 0.202537
0.369989 0.211329
0.376488 0.220139
0.383220 0.228963
0.390186 0.237800
0.397385 0.246647
0.404813 0.255502
0.412469 0.264362
0.420345 0.273223
0.436742 0.290935
0.453935 0.308607
0.471830 0.326203
0.490310 0.343681
0.983322 0.819466
0.987063 0.823833
1.005154 0.844721
1.025030 0.867378
1.046594 0.891823
1.069554 0.917905
1.117453 0.973248
1.163117 1.028211
1.201715 1.077307
1.231439 1.117591
1.252787 1.148685
1.267162 1.171583
0.249812 -0.013754
0.249908 -0.010960
0.250486 0.001794
0.251137 0.014635
0.251892 0.027541
0.252713 0.040488
0.254643 0.066407
0.257103 0.092236
0.611673 0.697379
0.612379 0.697912
0.615852 0.700562
0.619781 0.703609
0.624190 0.707082
0.629103 0.711009
0.640525 0.720333
0.654198 0.731776
0.670266 0.745490
0.688876 0.761573
0.710171 0.780036
0.734252 0.800780
0.761106 0.823560
0.790514 0.847964
0.854821 0.899313
0.921122 0.949943
0.983773 0.996699
0.256872 0.077529
0.259764 0.102807
0.263233 0.127780
0.267433 0.152361
0.272424 0.176453
0.278280 0.199997
0.292849 0.245329
0.301694 0.267133
0.284825 0.022574
0.285727 0.025391
0.288585 0.033746
0.291620 0.042189
0.294837 0.050719
0.298246 0.059333
0.305668 0.076806
0.313948 0.094592
0.323149 0.112673
0.333373 0.131051
0.344549 0.149655
0.356858 0.168519
0.370300 0.187608
0.384960 0.206928
0.417630 0.245976
0.454817 0.285459
0.495679 0.324909
0.244714 -0.010711
0.244695 0.003248
0.244723 0.024280
0.244773 0.045375
0.244962 0.066432
0.245246 0.087335
0.246440 0.128370
0.248731 0.167930
0.266973 0.281032
0.275274 0.308109
0.287332 0.339104
0.301989 0.368968
0.340932 0.426648
0.397826 0.484395
0.477569 0.546413
0.447499 0.603307
0.449796 0.604741
0.456839 0.609119
0.463923 0.613500
0.468698 0.616444
0.478141 0.622247
0.492273 0.630902
0.506114 0.639362
