0.934400
1.479678
1.183500
0.690896
0.847143
1.046129
0.284970
1.293659
1.489926
1.168374
1.027534
1.248268
0.807578
2.504815
1.562573
0.879813
2.177914
1.967940
0.984412
0.472836
0.627762
2.209894
0.948512
1.458200
2.493137
1.197981
0.488900
0.572081
1.633122
1.515978
0.625998
1.378419
2.090335
0.501609
1.080168
2.711355
0.211421
1.814632
0.877383
0.489929
0.822256
0.386016
1.085770
0.355759
0.736116
1.047533
0.939554
0.454604
0.574680
0.443337
0.588566
2.696448
0.730217
1.780345
0.979681
1.374503
0.970697
2.718282
1.162488
2.381354
1.895969
0.582932
0.263683
1.682721
2.466940
0.986483
0.410356
1.943702
0.990861
1.356234
0.623467
1.163958
1.580582
0.367035
2.713164
0.609758
0.457773
0.513263
0.417554
0.958757
0.812613
0.515789
0.831628
0.581137
0.745639
1.079111
0.642938
2.648095
1.851466
2.697495
0.489506
1.008301
0.732531
0.507630
0.926732
1.273053
0.526487
1.209753
1.497547
0.976781
0.867401
2.685062
1.016294
1.722950
1.010861
1.593460
1.397021
1.996512
0.771612
1.152565
1.519001
1.266444
0.868287
0.319928
2.665015
0.592039
2.472873
1.182045
1.134602
0.539242
0.736632
1.229817
0.488644
0.484786
2.654355
0.179490
0.447641
0.566843
0.758225
1.628681
0.405442
1.248804
2.717747
0.832083
0.815670
1.624174
2.117120
0.820116
0.381934
1.511938
2.275191
0.408884
0.372335
2.299499
0.321196
1.187168
0.914005
1.383523
2.324929
1.620363
1.437862
0.812243
1.837907
1.402210
0.938264
1.592735
1.229348
0.249980
1.961174
1.072003
2.602086
2.251354
1.557976
0.729195
0.448381
2.488119
0.457790
1.242484
1.801404
2.124264
0.477405
1.273211
0.744721
2.688125
2.041938
0.898919
2.718282
2.718282
1.155779
2.545788
0.344116
0.506215
1.998388
0.880345
0.688352
0.670878
0.218821
1.012726
1.099870
2.462377
1.644175
0.465434
2.369039
2.402188
0.759843
0.364586
2.715959
0.761784
0.641515
1.347956
1.503325
0.585069
0.545108
0.945442
1.080651
0.738325
2.646451
1.957670
1.704392
1.290368
0.785952
2.635499
1.162987
0.975639
2.690511
0.932475
0.478536
2.455114
2.268710
2.716566
2.187762
0.586166
1.259114
0.614808
0.832174
1.038447
1.154739
2.675121
0.250824
1.414291
1.226605
1.651032
0.521146
1.092622
1.660189
0.563160
0.816138
1.092077
2.631483
0.750561
