1.794216
3.568766
2.119724
0.503621
0.762028
0.104991
0.834328
0.859892
2.591103
2.483902
0.656975
0.537912
3.016313
2.304940
1.488866
1.279924
0.982387
1.175027
0.244290
0.426161
1.963229
1.790899
0.849458
2.137198
3.507165
4.467817
3.920917
0.915885
3.715458
1.497169
3.525289
2.457964
3.021019
2.262501
1.821060
4.123586
3.068189
1.858938
1.019233
3.774909
1.592674
1.785820
3.207586
0.983233
2.260115
1.184623
2.029876
1.720369
2.274424
0.524704
3.059345
3.789198
1.373535
1.830198
0.964454
3.859717
2.536287
2.501352
0.914484
4.029494
3.376408
1.575600
1.844427
1.891711
1.727104
2.932017
1.740445
2.442763
1.160769
1.402782
0.726047
1.816459
2.019117
1.972937
2.616831
1.718857
2.232771
0.605523
0.720824
1.750398
1.757941
3.677741
1.343447
0.743089
1.892091
1.090398
1.552526
2.490553
1.468903
2.848957
2.206842
1.776662
2.239473
1.101687
1.704742
1.635107
2.361580
0.641657
2.373187
1.071434
0.991118
2.237456
1.389279
2.204996
3.711625
1.602473
2.422076
0.998396
0.994832
1.020985
2.394993
0.544452
1.531492
3.141795
3.997650
2.359861
2.044004
2.279943
2.034987
2.298078
2.298012
1.880529
1.590975
1.101309
3.137336
1.776650
0.618084
1.187572
0.405970
0.267469
0.365944
1.560384
2.252329
1.683589
0.420359
0.511952
1.965705
1.695267
2.645514
1.972370
2.410439
2.406454
1.810663
1.554645
0.247401
0.084117
0.915876
1.883003
2.758145
1.669660
2.225533
0.434650
1.471139
3.062080
1.972369
0.814620
0.986356
1.433261
1.639734
4.204231
0.958613
2.343369
0.300516
1.833706
0.368669
2.127661
3.262634
0.694019
1.710643
1.634324
1.144562
0.819964
1.418234
5.272208
1.757624
0.949828
2.895786
4.125511
1.512582
4.833487
0.841579
2.054878
2.510509
1.300313
1.275969
0.300776
1.212843
1.663305
1.229071
2.839121
1.348965
2.667751
2.327922
2.450189
0.140310
2.061720
5.589032
0.761586
2.571439
3.811822
2.244175
0.640882
3.941002
1.790967
1.584233
1.796704
2.004396
2.842528
3.340407
3.519380
0.828890
3.120369
2.594604
0.483515
3.021245
1.022063
3.392163
2.986978
1.338754
2.508924
2.800453
1.695502
2.137375
0.962454
2.583942
1.375003
2.075685
2.830307
1.422966
4.167259
2.940069
1.612797
1.305121
2.826864
0.765526
3.942666
0.621461
1.544343
1.734175
1.141613
