40.000010
40.351769
40.703527
41.055286
41.407045
41.758803
42.110562
42.462321
42.814080
43.165838
43.517597
43.869356
44.221114
44.572873
44.924632
45.276390
45.628149
45.979908
46.331666
46.683425
47.035184
47.386943
47.738701
48.090460
48.442219
48.793977
49.145736
49.497495
49.849253
50.201012
50.552771
50.904529
51.256288
51.608047
51.959806
52.311564
52.663323
53.015082
53.366840
53.718599
54.070358
54.422116
54.773875
55.125634
55.477393
55.829151
56.180910
56.532669
56.884427
57.236186
57.587945
57.939703
58.291462
58.643221
58.994979
59.346738
59.698497
60.050256
60.402014
60.753773
61.105532
61.457290
61.809049
62.160808
62.512566
62.864325
63.216084
63.567842
63.919601
64.271360
64.623119
64.974877
65.326636
65.678395
66.030153
66.381912
66.733671
67.085429
67.437188
67.788947
68.140705
68.492464
68.844223
69.195982
69.547740
69.899499
70.251258
70.603016
70.954775
71.306534
71.658292
72.010051
72.361810
72.713568
73.065327
73.417086
73.768845
74.120603
74.472362
74.824121
75.175879
75.527638
75.879397
76.231155
76.582914
76.934673
77.286432
77.638190
77.989949
78.341708
78.693466
79.045225
79.396984
79.748742
80.100501
80.452260
80.804018
81.155777
81.507536
81.859295
82.211053
82.562812
82.914571
83.266329
83.618088
83.969847
84.321605
84.673364
85.025123
85.376881
85.728640
86.080399
86.432158
86.783916
87.135675
87.487434
87.839192
88.190951
88.542710
88.894468
89.246227
89.597986
89.949744
90.301503
90.653262
91.005021
91.356779
91.708538
92.060297
92.412055
92.763814
93.115573
93.467331
93.819090
94.170849
94.522607
94.874366
95.226125
95.577884
95.929642
96.281401
96.633160
96.984918
97.336677
97.688436
98.040194
98.391953
98.743712
99.095471
99.447229
99.798988
100.150747
100.502505
100.854264
101.206023
101.557781
101.909540
102.261299
102.613057
102.964816
103.316575
103.668334
104.020092
104.371851
104.723610
105.075368
105.427127
105.778886
106.130644
106.482403
106.834162
107.185920
107.537679
107.889438
108.241197
108.592955
108.944714
109.296473
109.648231
109.999990
