0.245005 -0.236475
0.244996 -0.229287
0.244985 -0.221920
0.244972 -0.214370
0.244958 -0.206634
0.244942 -0.198708
0.244923 -0.190589
0.244902 -0.182274
0.244879 -0.173763
0.244851 -0.165052
0.244820 -0.156142
0.244785 -0.147033
0.244745 -0.137725
0.244700 -0.128222
0.244672 -0.118540
0.244592 -0.108641
0.244529 -0.098574
0.244459 -0.088332
0.244382 -0.077923
0.244299 -0.067357
0.244209 -0.056645
0.244113 -0.045799
0.244011 -0.034834
0.243906 -0.023763
0.243798 -0.012603
0.243689 -0.001371
0.243583 0.009918
0.243482 0.021245
0.243390 0.032592
0.243312 0.043944
0.243253 0.055282
0.243217 0.066591
0.243212 0.077854
0.243243 0.089057
0.243319 0.100188
0.243445 0.111232
0.243630 0.122180
0.243898 0.133031
0.244205 0.143749
0.244611 0.154354
0.245105 0.164833
0.245696 0.175179
0.246404 0.185404
0.247190 0.195466
0.248107 0.205402
0.249144 0.215199
0.250307 0.224858
0.251613 0.234396
0.253027 0.243767
0.254593 0.253021
0.256299 0.262146
0.258151 0.271144
0.260162 0.280040
0.262301 0.288777
0.264604 0.297422
0.267065 0.305957
0.269684 0.314389
0.272468 0.322722
0.275418 0.330963
0.278541 0.339117
0.281851 0.347216
0.285323 0.355190
0.288996 0.363121
0.292868 0.370990
0.296948 0.378805
0.301259 0.386601
0.305775 0.394295
0.310548 0.401985
0.315580 0.409646
0.320916 0.417357
0.326483 0.424913
0.332391 0.432532
0.338626 0.440150
0.345210 0.447775
0.352169 0.455430
0.359509 0.463098
0.367252 0.470798
0.375414 0.478539
0.384009 0.486332
0.393048 0.494189
0.402537 0.502123
0.412479 0.510145
0.422872 0.518270
0.433705 0.526510
0.444964 0.534877
0.456623 0.543381
0.468648 0.552029
0.480997 0.560823
0.493615 0.569759
0.506437 0.578823
0.519385 0.587995
0.532242 0.597141
0.545288 0.606518
0.558030 0.615767
0.570476 0.624919
0.582500 0.633892
0.593976 0.642601
0.604786 0.650954
0.614825 0.658866
0.624014 0.666265
0.632309 0.673102
0.639714 0.679365
0.646294 0.685092
0.652186 0.690380
0.657610 0.695399
0.662871 0.700395
0.668359 0.705694
0.674533 0.711695
0.681906 0.718850
0.691010 0.727645
0.702378 0.738560
0.716507 0.752038
0.733846 0.768431
0.754766 0.787955
0.779504 0.810628
0.808059 0.836207
0.840072 0.864158
0.874770 0.893690
0.911035 0.923877
0.947623 0.953828
0.983418 0.982846
1.017576 1.010457
1.049570 1.036395
1.079125 1.060526
1.106166 1.082816
1.130293 1.102916
1.153014 1.122053
1.173160 1.139200
1.191395 1.154873
1.207931 1.169212
1.222965 1.182355
1.236680 1.194430
1.249236 1.205558
1.260775 1.215842
1.271419 1.225378
1.281273 1.234246
1.290428 1.242519
1.298962 1.250259
1.306945 1.257523
1.314432 1.264356
1.321476 1.270802
1.328121 1.276896
1.334403 1.282670
1.340357 1.288154
1.345699 1.293080
1.351394 1.298346
1.356525 1.303095
1.361427 1.307637
1.366117 1.311988
1.370611 1.316163
1.374924 1.320175
1.379068 1.324031
1.383055 1.327745
1.386896 1.331325
1.390601 1.334781
1.394177 1.338120
1.397634 1.341349
1.400977 1.344475
1.404215 1.347503
1.407352 1.350438
1.410395 1.353287
1.413348 1.356053
1.416217 1.358740
1.418715 1.361078
1.421718 1.363897
1.424358 1.366373
1.426929 1.368785
1.429435 1.371137
1.431878 1.373430
1.434261 1.375667
1.436587 1.377852
1.438858 1.379986
1.441077 1.382071
1.443246 1.384109
1.445367 1.386103
1.447442 1.388053
1.449472 1.389963
1.451460 1.391832
1.453408 1.393664
1.455315 1.395458
1.457185 1.397218
1.459018 1.398943
1.460817 1.400635
1.462581 1.402295
1.464312 1.403925
1.466011 1.405524
1.467680 1.407096
1.469319 1.408639
1.470930 1.410155
1.472513 1.411646
1.474068 1.413111
1.475598 1.414552
1.477103 1.415970
1.478583 1.417364
1.480040 1.418736
1.481473 1.420086
1.482884 1.421416
1.484274 1.422725
1.485641 1.424014
1.486989 1.425284
