1.603880
0.475436
1.086813
-0.444317
-2.257253
0.475324
3.091320
1.307587
-1.730286
1.183008
-0.178543
0.777096
-0.708372
1.293233
-0.054696
3.946550
0.863816
-2.430845
-0.482046
-0.319092
1.240570
-1.159844
-0.689506
-2.255998
-0.504598
1.445280
-0.626989
0.805121
-1.023748
0.337400
-0.417255
-0.569523
1.794931
1.154823
-0.613103
-0.216401
-1.523044
-0.160211
-0.243481
0.241246
0.081427
3.338619
1.085462
1.070825
0.328341
-0.765241
2.170031
1.885634
-0.942117
-0.392472
-0.190734
-2.562849
0.674063
-0.115150
-0.732519
-1.492199
-1.147198
-2.248009
-0.274996
0.591995
-1.660460
-1.426559
-1.055771
-0.419747
-1.026825
-1.485474
-2.251700
-1.802424
-0.949291
0.761235
-0.739753
-1.391796
-3.752391
-0.809640
-0.933367
-2.658534
0.208283
1.856866
0.879739
-1.078404
-1.007752
0.976482
1.507554
0.242833
-1.862880
1.066843
-0.971975
-0.292520
-0.507411
-4.285535
1.483300
-1.420291
-0.201626
1.185819
-0.903894
-1.012136
1.596628
0.960332
-0.772690
0.216825
-0.288851
2.087717
-1.149380
-0.940378
-1.314385
-1.681155
-0.719103
-0.769414
-1.002208
1.436100
0.713552
-0.261713
-0.830392
0.294051
0.021175
-1.014425
0.161846
1.438744
0.992463
-0.682728
-0.261488
1.014430
3.203255
-1.635294
0.413383
-0.974683
-0.454654
1.265619
1.813285
-0.070246
-0.220889
-4.024384
0.328879
-1.336506
-0.451411
-0.740649
-1.619900
-0.167701
-1.259365
-1.397899
-0.586180
0.638833
-0.666800
1.190858
1.178429
-0.496885
0.631227
1.120531
0.365589
-0.368903
-0.442931
-0.998136
-0.042479
-0.030269
-0.068797
-1.330202
-0.442280
2.342402
1.457552
-0.788462
0.773656
0.493966
-0.160817
-0.133651
-0.894386
-1.383907
1.033792
0.135177
-0.028055
-1.133562
-0.622467
-1.080808
-0.802473
-2.138663
-1.016281
0.260403
1.371897
-1.037467
-0.239974
-0.311289
1.043396
1.393339
0.053911
-2.225630
-0.067869
0.832602
1.462370
1.242839
0.621840
-3.829137
2.056229
4.005008
-0.484414
-0.810661
-0.160055
3.187109
0.346639
-0.439727
-0.645148
-1.378247
-0.968387
0.062854
-0.471785
-2.214274
-0.404978
-2.268400
-0.331557
1.170895
-0.577693
-4.494033
1.719976
-3.202150
-1.387906
-1.034823
-0.342149
-0.008606
2.378725
0.063401
-2.089293
-0.425465
-0.416988
-0.257009
-2.074574
-1.044725
1.782487
0.776384
0.849541
-0.626514
-0.457179
1.116228
-0.405399
-4.159993
0.661146
1.227758
-0.431667
-1.472544
-0.384121
0.826688
-0.901280
-1.539559
