0.246508 -0.279969
0.246621 -0.274676
0.246746 -0.269289
0.246883 -0.263808
0.247033 -0.258229
0.247197 -0.252552
0.247378 -0.246774
0.247576 -0.240892
0.247793 -0.234907
0.248032 -0.228814
0.248295 -0.222612
0.248584 -0.216299
0.248902 -0.209873
0.249251 -0.203331
0.249659 -0.196686
0.250059 -0.189888
0.250525 -0.182983
0.251038 -0.175951
0.251603 -0.168789
0.252225 -0.161495
0.252911 -0.154065
0.253665 -0.146496
0.254496 -0.138785
0.255410 -0.130927
0.256415 -0.122920
0.257521 -0.114760
0.258737 -0.106443
0.260073 -0.097966
0.261539 -0.089325
0.263147 -0.080517
0.264910 -0.071540
0.266840 -0.062390
0.268952 -0.053065
0.271259 -0.043563
0.273777 -0.033881
0.276523 -0.024020
0.279511 -0.013977
0.282792 -0.003751
0.286289 0.006655
0.290115 0.017244
0.294257 0.028014
0.298735 0.038964
0.303605 0.050100
0.308779 0.061399
0.314387 0.072882
0.320412 0.084538
0.326875 0.096366
0.333843 0.108380
0.341201 0.120530
0.349104 0.132860
0.357523 0.145351
0.366475 0.158000
0.376030 0.170826
0.386033 0.183746
0.396656 0.196831
0.407846 0.210044
0.419599 0.223375
0.431902 0.236809
0.444738 0.250330
0.458076 0.263919
0.471956 0.277595
0.486096 0.291205
0.500670 0.304851
0.515533 0.318459
0.530609 0.332000
0.545898 0.345495
0.561060 0.358758
0.576262 0.371917
0.591334 0.384895
0.606360 0.397783
0.620759 0.410235
0.634973 0.422574
0.648777 0.434686
0.662126 0.446577
0.675016 0.458278
0.687376 0.469769
0.699217 0.481087
0.710539 0.492254
0.721354 0.503301
0.731679 0.514258
0.741545 0.525159
0.750982 0.536039
0.760034 0.546935
0.768747 0.557884
0.777176 0.568929
0.785381 0.580113
0.793433 0.591484
0.801409 0.603095
0.809398 0.615008
0.817502 0.627287
0.825838 0.640011
0.834398 0.653105
0.843775 0.667169
0.853718 0.681831
0.864586 0.697401
0.876626 0.714053
0.890121 0.731995
0.905387 0.751472
0.922757 0.772766
0.942567 0.796189
0.965088 0.822047
0.990443 0.850571
1.018453 0.881769
1.048490 0.915259
1.079421 0.950139
1.109776 0.985064
1.138124 1.018558
1.163414 1.049386
1.185130 1.076782
1.203211 1.100451
1.217894 1.120457
1.229567 1.137076
1.238687 1.150716
1.245731 1.161838
1.251162 1.170918
1.255415 1.178414
1.258875 1.184744
1.261870 1.190267
1.264660 1.195277
1.267439 1.199999
1.270341 1.204597
1.273447 1.209174
1.276797 1.213797
1.280400 1.218494
1.284243 1.223274
1.288206 1.228022
1.292537 1.233040
1.296919 1.237987
1.301407 1.242947
1.305970 1.247899
1.310575 1.252820
1.315196 1.257696
1.319809 1.262510
1.324395 1.267250
1.328939 1.271908
1.333427 1.276475
1.337848 1.280946
1.342195 1.285318
1.346462 1.289589
1.350645 1.293756
1.354741 1.297820
1.358748 1.301783
1.362665 1.305644
1.366492 1.309406
1.370017 1.312860
1.373880 1.316639
1.377442 1.320116
1.380920 1.323502
1.384314 1.326802
1.387626 1.330017
1.390858 1.333149
1.394014 1.336204
1.397095 1.339182
1.400104 1.342086
1.403042 1.344918
1.405912 1.347683
1.408716 1.350381
1.411455 1.353015
1.414134 1.355587
1.416752 1.358101
1.419313 1.360557
1.421818 1.362957
1.424268 1.365305
1.426414 1.367356
1.429015 1.369847
1.431315 1.372046
1.433566 1.374198
1.435773 1.376306
1.437935 1.378370
1.440055 1.380393
1.442133 1.382376
1.444170 1.384320
1.446170 1.386225
1.448132 1.388095
1.450057 1.389929
1.451946 1.391728
1.453802 1.393495
1.455625 1.395230
1.457415 1.396934
1.459174 1.398607
1.460903 1.400252
1.462602 1.401867
1.464273 1.403455
1.465916 1.405017
1.467532 1.406553
1.469122 1.408063
1.470686 1.409549
1.472226 1.411011
1.473742 1.412450
1.475234 1.413867
1.476703 1.415262
1.478150 1.416635
1.479575 1.417988
1.480980 1.419320
1.482364 1.420633
1.483728 1.421927
1.485072 1.423202
1.486398 1.424459
1.487704 1.425698
1.488993 1.426920
