71.489936
61.013073
56.809638
85.396310
60.391955
63.342166
103.736600
92.814417
36.394198
51.663669
94.886339
71.026921
51.877321
71.866793
64.508703
63.557693
71.925016
53.039143
55.679357
61.856413
64.787234
77.066501
89.448200
52.781917
73.239721
63.389871
49.986556
80.605363
45.078800
74.997647
53.591287
74.077966
78.312833
52.146382
64.955017
62.644899
18.762869
70.276875
79.451296
57.877572
69.428636
65.454808
71.537935
72.604839
66.804019
80.665879
63.944433
73.218567
65.743462
69.743194
45.972703
62.941288
78.761868
54.512904
75.155917
58.503415
61.553296
55.862591
81.108460
59.228313
61.304550
61.927255
51.062099
66.544255
72.948549
55.137092
63.765691
65.541921
61.679983
63.878978
56.244020
58.042313
69.972461
65.611149
42.490624
62.420789
87.506811
96.741707
73.177009
72.616923
52.438594
53.812046
70.265413
79.372546
76.514307
55.006637
87.919888
59.828515
65.285675
53.185481
41.870535
82.352860
50.445446
78.542026
76.041745
70.136940
49.836180
76.477844
76.325072
75.374140
90.490396
58.575696
90.450318
66.931608
50.919084
67.557506
84.923031
81.518424
77.354493
79.394159
65.560217
85.555331
86.230524
27.375968
82.693704
78.353310
34.587423
55.376353
61.643448
76.314947
80.130949
62.276689
47.947889
83.462285
54.752925
72.540432
48.313801
61.390372
62.534012
65.122851
54.912093
63.025373
64.089728
80.844087
55.823806
94.485142
68.373046
84.418192
67.252941
46.167296
56.959762
81.116325
67.180354
71.273051
63.921189
61.775859
30.890612
70.158591
67.464633
71.137214
54.847461
92.019097
80.915598
59.115272
66.406937
87.355126
51.981701
92.744985
67.895394
49.438823
49.824154
66.867809
76.814907
70.734142
73.801989
69.690294
69.088323
84.347459
53.401573
71.806282
79.000455
90.108515
89.677314
66.879640
69.085435
60.866587
41.808417
49.305710
57.750602
43.020586
70.780208
72.051208
73.626034
77.852969
83.786195
70.381476
81.113504
44.667618
81.156798
50.115964
68.197541
53.842542
72.677781
57.343610
81.456104
63.205737
25.656625
60.137260
65.635050
23.934518
76.466493
63.935355
44.001595
56.494376
67.257059
54.942530
74.286761
52.851435
60.325867
59.111259
80.090665
61.667824
56.369890
75.031398
67.713431
59.874657
69.272987
61.120073
84.885710
56.805909
56.358626
39.013799
58.313387
45.728475
63.301201
71.099118
56.636129
66.139502
83.908037
70.963501
59.074199
58.824583
72.158414
59.014417
75.814592
29.474814
87.049455
74.289042
70.209662
59.836688
