58.491799
72.470388
57.995624
78.162657
68.218283
62.294450
100.133176
69.698155
83.249482
94.933078
80.013325
87.622131
101.587115
76.236053
88.271436
61.633947
75.082091
103.712374
77.322338
88.745902
81.614093
81.803312
64.551128
70.244511
87.210741
70.742450
74.831217
86.599470
90.753153
63.752638
67.587667
71.165908
71.688077
87.201460
94.159157
87.135129
96.758875
70.378935
80.631436
86.719438
88.514158
90.203818
84.626056
79.627829
90.334285
72.372646
69.948915
64.178614
73.454456
83.014719
81.647349
56.930009
63.010986
96.151649
63.211874
51.417657
90.529323
82.753323
81.370728
59.668034
60.960544
88.844970
93.331143
88.653466
76.328575
71.239271
66.324769
75.612936
81.296856
77.134054
67.733184
67.189892
63.104231
77.763920
71.955916
82.414585
82.282553
91.091865
81.810882
82.351025
76.177113
83.279861
64.373401
68.799848
100.488538
105.362610
90.983562
56.801568
76.395617
82.514237
50.833626
74.760055
60.779627
68.370180
79.261952
92.409032
102.722584
67.170986
81.049374
64.656717
73.609619
53.576605
83.317392
79.652452
77.163783
93.007530
75.743677
67.702665
77.069139
83.032783
76.117055
65.299260
95.779053
85.261267
71.421838
90.072366
64.663758
71.970981
72.853109
88.858122
97.149636
67.081478
108.253869
96.397851
59.298384
64.551603
71.046487
81.588007
66.932281
62.129132
72.772760
77.571705
86.558948
77.436200
53.511468
109.448810
81.497306
57.206440
90.920999
80.356675
68.069531
63.140608
69.267800
69.985469
66.876642
86.609067
68.766306
75.666180
100.810184
96.401505
63.182871
65.437166
99.557898
58.024736
84.845357
85.002416
92.026275
67.555371
70.179119
62.311857
67.933631
67.546198
82.162435
60.398016
83.095284
70.696406
97.033542
77.012266
96.633488
77.721529
52.114693
98.259175
98.721427
75.672869
80.332745
80.254878
80.830309
76.906386
71.058107
86.772530
71.909936
86.921582
65.913396
74.019248
56.114612
71.170545
72.147671
64.852804
63.173533
63.034583
58.466693
72.323207
76.079408
63.519128
54.850119
71.511703
67.526225
87.657966
84.557219
64.480933
101.186271
72.994002
68.637512
66.215509
54.670758
84.062225
73.586269
70.175392
72.024144
70.759858
84.233947
67.828793
102.619688
102.111168
83.933015
60.741413
66.230766
77.688384
64.400955
80.164343
71.546862
71.013881
67.708320
67.181874
79.566828
81.219256
88.228609
69.489948
73.872649
56.862064
77.767059
102.331976
63.494617
83.909089
65.929470
102.978391
80.741276
76.987916
66.135025
68.360342
79.362582
61.181603
59.849772
98.915432
71.409955
94.387453
69.270436
79.600704
88.910930
76.485108
62.393992
66.982250
89.077976
71.991254
74.648808
74.296848
62.491058
87.035602
83.345711
80.470829
86.796668
97.563948
67.045300
64.789750
70.732230
82.469799
79.730888
83.222645
55.395584
68.776953
89.697417
91.920445
69.336515
83.864290
57.941740
90.783437
80.958125
76.679819
78.649235
82.325137
54.220065
54.671927
66.874055
70.018546
96.011743
73.287714
68.135242
88.870881
100.037653
92.193303
80.473907
97.803472
70.724818
59.744923
67.075821
76.652829
53.708104
89.460452
67.460718
54.762595
71.381924
99.081721
86.443355
67.819958
77.316669
64.822275
75.099523
49.311535
99.278807
63.469196
62.192904
94.610601
74.420272
90.234257
74.982972
52.092105
74.287725
55.653227
75.096821
69.458730
80.275343
85.672746
67.010768
81.264215
81.779234
61.364579
64.638643
78.227858
93.727058
73.539669
93.159960
56.338951
83.110565
68.452625
90.951399
69.311790
97.393723
71.343068
60.247239
77.701333
60.461220
77.922769
57.831475
59.531022
59.838687
78.274951
75.125716
94.366223
71.598883
63.791934
72.707056
97.439846
65.248168
89.323947
83.156884
84.617848
79.246443
86.479516
68.700140
65.299566
83.362231
70.642316
60.909990
82.338154
72.723223
73.629943
97.989741
89.374304
94.059155
88.667056
65.871432
108.978438
101.310401
93.084378
50.000940
69.341537
45.880241
82.324208
70.562397
58.307835
76.596851
71.896138
81.718865
75.999994
73.652468
89.071519
68.093888
73.856997
80.795214
84.752536
67.711862
70.462395
73.804491
78.372417
64.989210
71.718504
78.755428
62.107514
66.105509
59.223341
95.559986
56.813840
71.946170
68.959765
62.854585
91.082695
85.131316
66.365913
68.089695
74.320042
65.399749
75.395190
53.124177
64.841772
69.481338
61.575407
92.792155
65.973521
50.313827
89.431455
87.244823
74.833370
74.807041
68.709105
76.869620
69.517074
71.141126
82.345160
80.543594
67.568590
67.842094
88.877618
91.574909
73.057947
80.964626
68.964050
90.989576
61.791558
60.322311
91.114325
72.763756
89.769766
69.018544
60.785706
68.034154
71.258160
60.267178
69.062666
67.544218
75.795884
71.554285
79.131748
60.150610
69.283188
69.458624
74.449375
65.465392
80.369807
65.908989
65.055492
51.611666
63.357965
82.614068
86.366856
83.023662
65.000859
94.726748
57.916334
75.946067
67.662233
66.976883
66.108586
71.379429
63.814889
77.020927
88.485552
69.568903
63.738738
61.689062
68.247909
73.875962
83.279090
89.260065
82.134874
73.611780
66.222371
102.530800
73.046283
63.029046
85.090940
49.398549
73.508986
76.636043
73.350883
76.874350
76.766272
79.783989
67.094948
63.671929
100.191289
65.704452
61.398984
77.829176
72.103936
76.109501
55.962496
95.898323
69.539744
91.890061
67.907068
68.811064
65.318624
75.013148
72.302693
72.819504
77.797569
66.607583
61.668584
78.608397
76.508489
66.357916
70.415343
85.029438
85.197383
78.845134
87.231427
71.779521
74.597815
69.167286
77.914192
107.385990
67.034003
76.369231
78.820053
67.671341
68.482493
60.897651
56.921456
69.482570
73.179637
78.073037
55.746406
63.083795
83.232393
66.345652
66.310564
77.511656
72.923618
81.178798
92.411455
48.600836
101.880638
73.448444
89.685974
101.914957
54.939840
61.037013
67.140846
69.392169
68.807479
65.573951
72.539323
93.956699
57.724855
77.823528
69.975524
62.706769
60.101377
62.236570
83.078893
57.639723
61.107694
69.966877
48.926434
73.782321
64.225457
61.602636
67.202937
69.861153
77.823058
71.381219
69.504015
88.337804
62.782335
87.347723
75.668002
81.736642
69.546057
65.720794
80.893399
58.309568
66.881563
68.871284
75.432820
74.312393
63.460937
89.110417
65.252126
73.097715
63.938720
79.128000
77.814051
65.542060
61.241037
77.106071
69.102817
78.247337
70.221876
65.710032
80.224956
70.470234
67.720199
65.265805
75.886750
70.652555
55.484759
94.364500
82.162039
76.454499
64.081266
75.959884
88.580849
60.594863
63.174802
63.323461
84.783221
70.260057
67.761505
62.416700
65.037063
76.039765
77.756782
60.170109
64.709343
87.869035
91.271844
85.317405
62.738209
65.291700
77.487765
83.538201
92.641716
56.423081
84.535785
75.709683
95.230877
92.771909
79.600748
88.734282
94.064396
89.082598
82.959891
48.992168
66.603435
91.784376
73.728201
69.464259
81.609314
62.686052
68.369983
98.698821
70.791484
71.514497
67.546632
80.626214
57.075499
97.372434
66.761885
76.269389
74.236156
75.739619
65.376655
96.788510
56.406766
81.143030
100.087623
70.544562
54.883893
80.778758
94.762847
68.072367
77.452945
101.482714
87.509143
61.011933
71.050932
76.574695
98.239202
75.047936
81.771674
60.262532
55.961134
81.444544
93.105670
77.989971
80.593877
67.750404
76.684546
67.820524
69.890994
73.135988
93.678869
68.369723
74.819457
74.573171
70.902642
89.432245
81.421667
66.138372
72.690728
73.414373
75.773083
70.602132
70.226206
68.593026
57.105972
77.191556
84.220827
66.462401
68.815459
64.053713
67.070659
56.758114
94.900701
78.514008
83.556912
68.222933
64.448405
63.208994
62.502935
72.224609
59.822159
62.134786
74.484535
56.347097
59.054904
68.689857
59.214172
72.176325
100.635257
46.367343
63.189413
61.631648
64.531230
72.171900
51.289472
71.129161
68.916462
56.099157
64.749883
50.512033
65.270273
59.596968
75.933140
73.865402
78.783805
74.855736
41.200609
71.301353
74.659974
60.245473
91.584640
73.533115
102.378258
48.242230
76.778394
52.759471
82.041128
61.215773
89.612494
76.542945
72.187236
73.130512
61.954610
75.916969
49.968238
71.339361
90.841371
76.998173
83.513902
84.730225
92.833182
76.299039
86.324704
76.186969
82.667272
68.301151
58.339066
94.126184
72.740852
78.613402
79.685863
76.376121
86.751131
60.934245
89.085237
83.553951
84.557286
74.999500
79.676778
77.600981
88.406411
75.260008
87.273403
64.861516
79.836696
72.535821
91.189581
89.507582
93.033499
75.497352
72.567955
60.525159
79.619119
84.803026
82.755330
81.810398
80.961045
75.389634
64.513619
73.235744
67.076546
93.153641
75.504495
67.255275
83.585799
89.713965
80.526236
92.884581
87.204431
81.957518
75.818458
92.880244
87.230174
85.233272
104.278390
83.737055
89.600943
85.105140
90.498539
80.069421
60.259971
68.227616
69.966886
92.079124
97.088560
77.208718
83.773259
61.765090
85.209346
67.596735
70.653330
85.293833
89.124855
87.105507
90.354775
76.802448
78.394920
96.111410
79.563297
81.581228
71.890926
72.580241
90.420645
75.371807
68.359310
57.178542
78.433236
89.118639
84.515391
59.859315
87.998909
87.424592
63.010383
73.684639
90.149222
71.903386
78.525948
79.864235
84.285600
85.206859
77.598989
62.957162
76.327221
82.475679
71.125373
72.344752
96.441924
68.445667
70.556019
75.353800
91.670308
73.732198
76.825384
80.646879
79.539084
68.503207
70.210345
74.324744
82.730656
66.782162
79.393566
91.645441
81.258009
74.038539
81.696132
74.754547
90.182641
87.647169
82.347972
71.868971
85.677614
77.271209
77.570445
72.527500
51.538380
83.359177
80.230006
77.726810
67.178309
95.944837
65.395253
70.719483
96.709012
74.733805
46.126833
78.281732
68.417568
95.112775
83.048688
72.306067
60.679383
90.435224
72.228529
70.941888
61.795571
88.450842
81.307612
90.979118
84.502172
67.204787
89.596165
79.411731
79.813858
85.423389
66.240635
58.187553
81.102493
80.576905
87.571539
93.405203
75.962045
68.094592
86.544387
79.329946
61.450128
62.340695
72.010843
91.232737
79.609687
56.855159
73.420260
86.256412
75.903267
54.735585
77.549332
94.897364
78.497567
96.420866
61.211783
85.883420
96.546895
68.138879
64.284244
83.614365
93.370382
68.948037
75.867114
51.298306
77.190302
91.107731
74.482550
81.265352
84.256478
44.099910
69.745763
93.572178
78.802532
97.281929
81.418597
66.509263
66.684021
77.347744
65.850676
97.127503
78.643053
93.863012
67.090614
65.438943
89.315617
96.839046
90.512789
94.496161
96.798237
81.962219
88.070138
75.699652
77.561272
66.500172
62.309168
75.688585
83.559106
50.333737
96.873855
73.825053
90.933627
79.288190
91.809561
58.674056
77.827257
69.234028
82.130671
57.132966
82.915332
66.536613
78.436248
75.328436
77.187098
92.275057
65.274919
65.927376
50.640342
86.319627
79.091428
85.585622
98.068810
71.611753
60.480256
89.335728
85.233482
92.563164
63.085115
88.587175
73.892305
64.861990
63.465377
67.886658
75.172409
63.364502
67.167084
58.035737
68.757615
83.009306
68.063766
91.477800
85.745497
76.247949
82.593708
64.485305
78.239440
74.296255
62.696013
89.081102
83.146405
81.556561
86.506768
67.816338
70.549368
81.319852
82.588914
93.704236
89.551392
65.240575
82.438883
63.803908
84.299104
72.734834
77.692869
86.922666
71.129306
78.811640
88.289977
66.405590
68.351651
73.812657
78.146328
67.563266
62.209430
72.548233
65.127392
72.154693
89.360585
79.938940
78.505771
81.076999
94.068291
90.584079
58.799925
74.694798
80.279372
68.324100
75.279249
93.572500
72.446086
66.085239
89.311130
91.214872
95.543177
82.965313
58.641733
84.507757
90.860654
105.896670
79.514535
87.584522
49.991889
84.575142
95.067880
87.895744
89.563440
88.532130
65.588884
79.519553
58.706510
81.069702
83.966229
81.782266
96.425719
92.324852
79.305821
68.886311
89.970257
75.193107
92.200015
90.352169
83.491870
70.863244
98.895296
87.514300
84.788390
91.043623
93.306633
84.011754
75.339669
90.704371
87.769966
94.039659
88.830270
94.363651
97.981189
91.115746
59.954332
75.347846
83.558588
93.940023
71.575364
70.938994
90.563238
60.987677
76.118832
85.782439
90.557174
76.526114
93.761565
89.553406
68.635426
85.494017
62.533283
79.126320
88.483607
93.600320
70.563892
70.151966
54.600864
83.677116
80.844224
59.583494
90.642077
89.459634
90.192492
88.380888
84.061328
87.585686
85.601179
83.026632
78.325024
79.900962
76.965803
63.821118
70.057596
67.959724
78.406495
94.290792
80.997769
86.006943
68.926125
74.499953
87.934122
76.507009
77.303847
69.452745
97.722548
72.920733
79.806872
96.291221
93.251903
86.624108
93.326794
86.939078
89.777876
60.056780
88.148380
71.271540
88.072512
83.405299
59.832315
55.868693
94.328726
94.790930
68.509474
62.897677
92.547513
76.022526
88.397718
84.934432
61.595421
71.404282
91.787803
81.002536
95.344833
69.127862
69.703857
66.367323
69.491107
68.292027
76.493511
72.786385
83.990615
77.372217
71.023644
86.736090
89.630777
63.100190
77.821593
80.621456
58.956214
73.560866
98.198800
90.150425
84.834492
90.758399
89.886852
83.176043
84.150288
53.000092
90.398015
96.331521
57.806889
82.311432
84.209852
83.947436
88.611088
81.562983
86.859669
61.395153
77.607702
81.232343
93.198270
84.158214
67.954835
85.613318
65.328628
78.839369
68.807759
62.450639
71.824830
90.024808
88.682357
82.563270
77.744180
92.960789
88.264878
85.258531
78.960567
72.018602
85.350867
67.798450
86.164122
80.101729
77.395195
89.249924
66.680406
78.122622
77.362292
61.048846
62.073075
81.741177
87.475747
84.608056
82.698733
92.450265
85.594210
92.868376
71.866515
61.917446
83.289293
91.790816
87.545352
64.357038
87.986151
70.683823
90.959314
69.587234
63.006288
72.460679
64.871361
71.651151
56.428878
75.725312
54.815001
90.965165
77.044259
77.131056
86.239294
70.015158
62.973965
58.462615
91.200134
66.401364
73.108873
49.586863
68.816147
62.919588
83.459332
69.499709
66.206157
89.692480
64.818129
55.241460
64.513884
66.624985
66.936434
87.819145
89.548981
55.989210
76.306651
59.036089
54.483353
63.419166
62.418612
64.907906
84.188408
51.061186
81.655462
63.530289
87.310123
81.233460
64.696555
93.580961
57.978874
66.219170
62.429354
88.389403
83.447157
65.536411
74.360703
73.889400
62.163140
68.470745
69.952614
75.464112
87.983449
79.120748
69.268221
71.553897
84.615601
87.644553
66.457166
69.846303
74.938946
61.089009
79.736525
71.758235
63.861618
87.103405
70.560740
66.894297
51.344241
65.465413
64.380025
92.817251
72.853130
58.941506
72.529141
63.934189
47.653315
75.583995
89.695977
60.635660
86.805830
97.509736
63.854483
101.439663
91.149783
92.858728
58.121600
78.041787
70.768050
56.598018
91.080228
68.530599
64.223924
79.299663
59.653665
79.410854
64.342324
55.235718
72.442969
78.276487
84.184400
86.311514
75.297214
78.712129
76.380912
82.459957
90.029611
59.757454
97.001584
70.714271
59.338407
65.812833
71.304047
79.894121
64.134223
70.500374
48.828318
73.676562
68.931771
81.390956
64.356270
79.430564
61.620505
61.910323
56.134811
63.074522
61.479176
77.024949
68.856750
57.292485
59.221769
64.627267
71.357018
61.758868
83.765119
68.036995
76.357406
68.325434
65.025939
60.666425
73.738771
61.894222
70.690730
58.740449
70.612961
79.652684
64.212764
82.450293
55.547069
75.811209
72.624301
91.452433
90.270942
67.109009
66.616060
60.096601
63.946628
77.929576
65.673206
59.653640
71.795028
65.263881
51.671238
75.881848
75.574860
69.728699
52.288712
62.077930
65.478301
67.615169
57.803575
73.283616
46.893273
46.896487
60.998756
60.538230
77.740269
54.621648
60.190621
68.966168
62.089051
60.300434
67.531575
60.823302
61.252196
70.449855
68.132168
60.375094
80.111025
80.980612
61.165422
60.147491
68.549171
62.621578
67.182292
48.456220
71.711832
91.379922
72.595679
62.663478
61.662623
53.945631
44.386291
60.284412
58.825120
76.354381
66.683925
63.567126
61.551585
94.190996
83.094026
87.520497
91.341323
92.348339
53.374762
49.119372
80.258632
88.796673
52.032910
77.404340
68.049703
75.318098
75.539848
79.107136
55.433995
80.708240
93.095100
63.990046
76.767037
84.540302
56.686875
86.730474
67.048407
78.454885
77.615970
81.079387
82.505072
86.792678
83.749941
74.122728
85.796445
77.280027
72.753359
75.106353
84.307461
83.849730
68.771398
88.389338
83.859875
87.639220
90.829863
84.423168
87.296950
83.962375
73.488701
57.782347
69.505695
57.277340
84.722706
90.274842
91.607388
91.362948
91.824009
81.446726
87.584680
83.785575
62.079287
95.419292
52.857866
83.468482
88.460143
83.281475
63.479932
82.498313
98.051487
71.025385
90.144501
76.838062
85.199639
46.671148
77.650679
53.176890
74.956985
76.760408
75.429706
86.292718
84.727437
92.420912
83.822766
80.723142
58.091178
80.818387
95.612214
76.728608
58.808713
70.506620
80.499328
94.747001
90.863702
84.352354
88.186817
92.767433
85.834630
60.882217
49.055627
82.687752
84.715673
102.861678
93.657354
85.963775
72.795178
80.086266
88.787592
89.530633
82.779000
83.781562
79.393889
81.119953
56.500391
82.760542
92.138581
86.719345
70.757395
88.279638
60.253046
88.316582
89.647421
68.359447
85.339639
92.566834
87.843985
71.640667
85.661261
