-0.042918 0.209549 0.215473
-0.039923 0.211093 0.216945
-0.036911 0.212715 0.218428
-0.033932 0.214322 0.220002
-0.030938 0.216045 0.221468
-0.027955 0.217753 0.223089
-0.024952 0.219460 0.225036
-0.021890 0.221242 0.227081
-0.018847 0.223076 0.229119
-0.015829 0.224940 0.231209
-0.012823 0.226826 0.233418
-0.009870 0.228748 0.235600
-0.007035 0.230706 0.237521
-0.004215 0.232697 0.239582
-0.001423 0.234714 0.241672
0.001365 0.236810 0.243797
0.004124 0.238952 0.245884
0.006976 0.241156 0.248432
0.009798 0.243412 0.250980
0.012576 0.245690 0.253617
0.015348 0.248054 0.256269
0.018090 0.250452 0.259038
0.020740 0.252895 0.261673
0.023273 0.255342 0.264179
0.025811 0.257940 0.266595
0.028300 0.260549 0.269094
0.030770 0.263246 0.271657
0.033228 0.265974 0.274450
0.035698 0.268760 0.277530
0.038154 0.271633 0.280695
0.040533 0.274541 0.283862
0.042864 0.277507 0.287088
0.045146 0.280514 0.290432
0.047340 0.283633 0.293426
0.049481 0.286844 0.296329
0.051583 0.290141 0.299229
0.053695 0.293595 0.302131
0.055718 0.297045 0.305123
0.057760 0.300581 0.308464
0.059722 0.304127 0.312022
0.061636 0.307773 0.315408
0.063513 0.311482 0.319068
0.065374 0.315293 0.322774
0.067150 0.319175 0.326386
0.068879 0.323210 0.329610
0.070569 0.327331 0.332845
0.072186 0.331488 0.336047
0.073783 0.335731 0.339394
0.075320 0.340009 0.342768
0.076855 0.344364 0.346423
0.078419 0.348939 0.350194
0.079932 0.353517 0.354036
0.081389 0.358146 0.357917
0.082815 0.362822 0.361752
0.084175 0.367602 0.365129
0.085558 0.372535 0.368445
0.086852 0.377377 0.371759
0.088170 0.382353 0.375087
0.089484 0.387372 0.378584
0.090870 0.392613 0.382096
0.092280 0.397921 0.385767
0.093653 0.403227 0.389401
0.095011 0.408517 0.392811
0.096465 0.414031 0.396428
0.097862 0.419457 0.399724
0.099267 0.424807 0.403068
0.100763 0.430432 0.406104
0.102232 0.435841 0.409238
0.103762 0.441344 0.412320
0.105379 0.446929 0.415442
0.107005 0.452414 0.418603
0.108767 0.458083 0.421478
0.110596 0.463774 0.424392
0.112492 0.469420 0.427086
0.114397 0.474884 0.429666
0.116430 0.480491 0.432195
0.118556 0.485983 0.434703
0.120722 0.491380 0.437220
0.123077 0.496893 0.439608
0.125478 0.502302 0.441960
0.127979 0.507575 0.444186
0.130568 0.512847 0.446231
0.133227 0.517960 0.448168
0.135921 0.522857 0.450036
0.138879 0.527923 0.451823
0.141985 0.532976 0.453535
0.145145 0.537769 0.455243
0.148428 0.542494 0.456975
0.151782 0.547096 0.458671
0.155255 0.551533 0.460263
0.158892 0.555947 0.461769
0.162552 0.560221 0.462988
0.166453 0.564411 0.464285
0.170478 0.568536 0.465413
0.174589 0.572534 0.466590
0.178803 0.576379 0.467629
0.182899 0.579862 0.468871
0.187430 0.583581 0.469729
0.191924 0.586985 0.470714
0.196477 0.590262 0.471717
0.201290 0.593560 0.472657
0.206130 0.596645 0.473668
0.211220 0.599680 0.474598
0.216440 0.602649 0.475500
0.221581 0.605357 0.476370
0.227001 0.608112 0.477120
0.232490 0.610706 0.477854
0.238062 0.613173 0.478656
0.243582 0.615420 0.479652
0.249446 0.617724 0.480674
0.255253 0.619836 0.481696
0.261231 0.621878 0.482776
0.267367 0.623858 0.483746
0.273651 0.625768 0.484665
0.279965 0.627565 0.485599
0.286450 0.629294 0.486644
0.292979 0.630911 0.487582
0.299487 0.632436 0.488871
0.306234 0.633918 0.490088
0.313153 0.635342 0.491459
0.320038 0.636637 0.493022
0.327142 0.637934 0.494682
0.334425 0.639198 0.496117
0.341648 0.640376 0.497565
0.348873 0.641509 0.498822
0.356165 0.642577 0.500365
0.363604 0.643639 0.501749
0.371094 0.644672 0.503082
0.378848 0.645696 0.504784
0.386951 0.646752 0.506586
0.394938 0.647735 0.508712
0.403217 0.648769 0.510775
0.411543 0.649802 0.512670
0.419414 0.650809 0.514309
0.427533 0.651861 0.515933
0.435785 0.652960 0.517502
0.443835 0.654001 0.519570
0.451824 0.655126 0.521191
0.460426 0.656397 0.522958
0.469093 0.657698 0.525312
0.477762 0.659104 0.527189
0.486531 0.660607 0.529181
0.495279 0.662183 0.531355
0.503767 0.663802 0.533492
0.511844 0.665449 0.535264
0.520015 0.667223 0.537044
0.528101 0.669099 0.538634
0.536142 0.671060 0.540448
0.544590 0.673258 0.542330
0.553348 0.675672 0.544432
0.561854 0.678156 0.546499
0.570359 0.680792 0.548516
0.579071 0.683657 0.550504
0.587619 0.686616 0.552372
0.595427 0.689497 0.553924
0.603174 0.692478 0.555412
0.611028 0.695642 0.556852
0.618758 0.698889 0.558260
0.626836 0.702425 0.559653
0.635337 0.706275 0.561346
0.643941 0.710324 0.563006
0.652438 0.714472 0.564629
0.661120 0.718851 0.566198
0.669553 0.723246 0.567750
0.677263 0.727415 0.568915
0.685013 0.731713 0.569995
0.692771 0.736120 0.571032
0.700492 0.740606 0.572027
0.708165 0.745159 0.572979
0.716369 0.750059 0.574159
0.724597 0.755091 0.575439
0.732935 0.760243 0.576864
0.741285 0.765485 0.577917
0.749266 0.770590 0.578952
0.756828 0.775527 0.579769
0.764077 0.780343 0.580515
0.771626 0.785371 0.581204
0.778653 0.790148 0.581857
0.785860 0.795064 0.582445
0.793360 0.800179 0.583092
0.801178 0.805503 0.583786
0.808845 0.810752 0.584179
0.816651 0.816125 0.584916
0.824160 0.821332 0.585602
0.831417 0.826411 0.586078
0.838169 0.831206 0.586275
0.844804 0.835972 0.586457
0.851335 0.840669 0.586598
0.857939 0.845405 0.586706
0.864371 0.850020 0.586848
0.871393 0.854973 0.587301
0.878527 0.859968 0.587680
0.885499 0.864856 0.588075
0.892546 0.869754 0.588398
0.899497 0.874604 0.588667
0.905618 0.878973 0.588567
0.911993 0.883456 0.588444
0.917769 0.887590 0.588255
0.923901 0.891905 0.588125
0.930089 0.896216 0.587915
