0.022631 0.106712 0.165958
0.026160 0.107866 0.167201
0.029647 0.109023 0.168554
0.033148 0.110237 0.169898
0.036607 0.111416 0.171471
0.040049 0.112653 0.172977
0.043429 0.113975 0.174296
0.046705 0.115285 0.175625
0.049968 0.116606 0.177066
0.053224 0.117957 0.178561
0.056455 0.119350 0.180049
0.059708 0.120768 0.181669
0.063065 0.122194 0.183633
0.066395 0.123666 0.185590
0.069707 0.125159 0.187608
0.072979 0.126655 0.189720
0.076232 0.128150 0.191956
0.079311 0.129690 0.193891
0.082369 0.131237 0.195925
0.085420 0.132825 0.197981
0.088419 0.134402 0.200128
0.091391 0.136014 0.202272
0.094413 0.137640 0.204648
0.097513 0.139304 0.207243
0.100549 0.140910 0.210042
0.103569 0.142552 0.212846
0.106550 0.144202 0.215711
0.109462 0.145895 0.218454
0.112278 0.147628 0.221034
0.115034 0.149361 0.223631
0.117811 0.151128 0.226324
0.120568 0.152916 0.229056
0.123308 0.154744 0.231775
0.126089 0.156516 0.234910
0.128862 0.158268 0.238217
0.131609 0.160015 0.241610
0.134264 0.161710 0.245078
0.136953 0.163476 0.248549
0.139522 0.165281 0.251767
0.142113 0.167184 0.254892
0.144690 0.169043 0.258221
0.147236 0.170972 0.261394
0.149717 0.172889 0.264563
0.152250 0.174824 0.267908
0.154790 0.176660 0.271648
0.157317 0.178504 0.275430
0.159879 0.180379 0.279295
0.162402 0.182283 0.283070
0.164947 0.184229 0.286864
0.167419 0.186232 0.290421
0.169805 0.188206 0.293916
0.172201 0.190238 0.297345
0.174643 0.192320 0.300785
0.177086 0.194415 0.304249
0.179637 0.196443 0.308164
0.182138 0.198432 0.312111
0.184751 0.200520 0.316060
0.187327 0.202597 0.319976
0.189897 0.204737 0.323711
0.192381 0.206827 0.327387
0.194832 0.208965 0.330856
0.197378 0.211160 0.334345
0.199989 0.213356 0.337961
0.202511 0.215549 0.341338
0.205195 0.217764 0.344956
0.207910 0.220050 0.348401
0.210634 0.222216 0.352103
0.213440 0.224513 0.355567
0.216277 0.226803 0.359010
0.219098 0.229099 0.362302
0.222014 0.231475 0.365448
0.224905 0.233743 0.368730
0.227850 0.236044 0.371886
0.230851 0.238327 0.375089
0.233975 0.240668 0.378245
0.237126 0.242973 0.381375
0.240295 0.245307 0.384304
0.243588 0.247696 0.387124
0.246839 0.250012 0.389906
0.250224 0.252369 0.392623
0.253643 0.254727 0.395239
0.257199 0.257059 0.397959
0.260847 0.259409 0.400607
0.264622 0.261806 0.403152
0.268321 0.264103 0.405640
0.272075 0.266377 0.408096
0.275922 0.268703 0.410341
0.279852 0.271041 0.412461
0.283922 0.273403 0.414536
0.288022 0.275754 0.416505
0.292174 0.278070 0.418472
0.296544 0.280377 0.420678
0.300814 0.282652 0.422579
0.305189 0.284898 0.424593
0.309688 0.287184 0.426511
0.314262 0.289458 0.428443
0.319091 0.291892 0.430088
0.323779 0.294118 0.432078
0.328623 0.296448 0.433816
0.333618 0.298828 0.435533
0.338582 0.301153 0.437284
0.343667 0.303547 0.438896
0.348678 0.305876 0.440487
0.353798 0.308227 0.442152
0.359128 0.310673 0.443805
0.364448 0.313073 0.445636
0.369853 0.315514 0.447451
0.375355 0.318015 0.449212
0.381037 0.320645 0.450776
0.386638 0.323236 0.452390
0.392432 0.325938 0.454022
0.398239 0.328665 0.455625
0.404086 0.331407 0.457382
0.409982 0.334180 0.459241
0.416021 0.337053 0.461158
0.422064 0.339972 0.463015
0.428211 0.342957 0.465013
0.434586 0.346154 0.466839
0.440892 0.349328 0.468752
0.447199 0.352556 0.470577
0.453645 0.355921 0.472260
0.460131 0.359364 0.474007
0.466601 0.362802 0.476010
0.473291 0.366414 0.478111
0.480150 0.370152 0.480498
0.487083 0.374015 0.482678
0.494049 0.377929 0.485090
0.501121 0.381954 0.487634
0.508088 0.385987 0.489861
0.514885 0.389953 0.492029
0.521903 0.394133 0.493955
0.528799 0.398254 0.495983
0.535743 0.402419 0.498185
0.543314 0.407037 0.500832
0.550735 0.411576 0.503461
0.558141 0.416131 0.506166
0.565758 0.420874 0.508357
0.573628 0.425805 0.511108
0.580979 0.430391 0.513629
0.588326 0.435015 0.515556
0.595742 0.439668 0.517945
0.603115 0.444293 0.520191
0.610540 0.448959 0.522228
0.618242 0.453801 0.524271
0.626365 0.458892 0.526645
0.634425 0.463917 0.528951
0.642587 0.468972 0.531386
0.650800 0.474045 0.533533
0.658628 0.478842 0.535529
0.666149 0.483433 0.537227
0.673910 0.488152 0.538891
0.681669 0.492836 0.540530
0.689215 0.497361 0.542117
0.696866 0.501910 0.543701
0.705392 0.506966 0.545627
0.713939 0.511991 0.547488
0.722387 0.516928 0.549318
0.730979 0.521929 0.551101
0.739217 0.526704 0.552819
0.746997 0.531242 0.554154
0.754667 0.535718 0.555445
0.762445 0.540262 0.556695
0.770017 0.544702 0.557921
0.777842 0.549303 0.559085
0.786441 0.554341 0.560549
0.794973 0.559368 0.562015
0.803461 0.564404 0.563439
0.811941 0.569477 0.564820
0.820414 0.574595 0.566156
0.828151 0.579377 0.567123
0.835919 0.584253 0.568006
0.843397 0.589035 0.568605
0.850780 0.593803 0.569481
0.858451 0.598805 0.570287
0.866448 0.604060 0.571214
0.874644 0.609511 0.572119
0.882386 0.614781 0.572991
0.890528 0.620377 0.573810
0.898331 0.625857 0.574604
0.905668 0.631150 0.575252
0.912521 0.636233 0.575769
0.919306 0.641335 0.576442
0.925946 0.646453 0.576807
0.932650 0.651685 0.577090
0.939451 0.657051 0.577499
0.946505 0.662652 0.578047
0.953673 0.668420 0.578643
0.960693 0.674172 0.579154
0.967480 0.679848 0.579629
0.974181 0.685553 0.579954
0.980326 0.690968 0.580025
0.986142 0.696198 0.580056
0.991963 0.701496 0.580017
0.997495 0.706631 0.579940
1.003148 0.711911 0.579967
1.009324 0.717623 0.580238
1.015131 0.723110 0.580484
1.021245 0.728874 0.580694
1.027078 0.734487 0.580910
1.032647 0.739922 0.581108
