0.699146
2.179784
0.778369
0.697436
0.760439
1.285272
0.627236
1.979606
0.826119
0.689510
0.751550
1.120798
0.764026
0.628995
0.997600
5.279355
1.121974
0.526432
1.463031
0.839082
0.727972
0.777716
1.799441
1.916593
0.791011
1.010729
1.371546
0.659404
0.726988
1.526616
1.627574
2.094542
2.265750
0.272389
0.952996
0.811666
0.825588
0.694498
2.140385
1.419502
1.010497
1.095848
0.522577
0.655312
0.639829
0.332176
0.953668
0.990157
6.232520
0.650248
0.813673
0.862582
0.635909
0.660684
1.185231
1.335530
0.695101
1.186043
0.790109
1.806029
2.348507
0.986949
0.420997
0.657290
1.156022
1.777713
4.293727
1.903075
0.608718
3.470865
7.075062
0.946879
0.929759
1.278200
0.762634
1.006072
1.224362
0.555651
1.195543
0.447798
1.976986
0.438991
3.389212
1.221131
0.537869
0.533037
0.790093
0.937236
0.983296
0.783320
2.323709
0.649592
0.720550
0.789356
0.736585
0.756515
0.650316
1.410942
1.877790
0.992191
2.930225
0.941911
0.786385
0.539797
1.600078
0.751790
0.639825
0.688387
0.838666
0.643549
2.875766
2.944265
1.237221
0.579065
1.163350
0.635052
1.123699
0.993674
3.332158
0.791409
0.576525
1.960997
0.484740
0.623276
1.024875
2.075353
1.300000
2.159142
0.842001
3.508869
0.582259
3.977011
1.280348
2.828337
1.253977
0.700935
3.041749
0.867871
0.493779
0.692561
0.486911
1.846043
0.741092
1.695063
2.781550
1.174554
2.568007
1.761052
0.541312
1.042726
0.779031
4.026006
0.677749
0.899125
0.554722
1.263880
0.814038
1.152716
1.258866
4.864856
3.803447
0.807683
1.094215
0.694566
1.403322
0.732526
0.755718
0.603154
0.652699
0.981906
0.804479
0.910085
0.450229
0.586100
0.470848
3.565072
1.113003
0.821082
1.369093
0.845961
1.414939
0.851982
0.982870
0.596053
0.847591
1.287777
0.641162
1.073456
2.422653
2.217600
0.637572
1.093524
0.270686
1.843080
0.987660
0.861198
0.564476
0.688993
0.900167
1.567796
0.708390
1.747561
1.652122
0.708260
5.938163
0.751900
0.807550
2.232583
2.143995
1.761597
0.560574
2.414920
0.582376
0.241956
1.026133
0.991098
1.472373
3.112046
1.748011
0.886945
1.256865
0.901588
7.166874
0.605231
0.952636
1.871325
0.923679
2.115090
1.225830
0.861274
0.744644
0.497514
0.705355
0.894909
1.864131
0.646225
1.032747
0.673589
1.011544
0.560785
0.705200
1.299100
0.689156
1.074852
4.313356
0.666250
0.956174
1.059948
0.624585
0.784232
1.188314
1.035968
1.094510
1.714746
1.247447
0.482933
0.902612
0.828717
2.348045
1.693854
0.695434
0.491935
1.563917
1.143681
0.926473
1.601116
0.570662
0.962669
0.897575
1.669574
0.935871
0.870380
0.863566
0.955773
1.178351
0.574342
0.654640
1.100719
0.900356
0.538750
7.203109
2.167130
2.009497
0.555852
0.825150
2.297226
2.950749
0.546924
0.563102
0.501111
0.857971
1.201403
1.149648
0.883277
1.108538
0.942339
0.615146
0.861762
1.732363
1.186140
1.126234
0.478676
1.249216
0.772695
4.024037
1.319092
0.803506
1.322481
0.602372
2.145431
0.479876
0.776921
0.668435
0.692257
1.041089
1.980315
1.776218
1.331895
1.523854
0.918497
0.621221
0.834329
2.048448
0.605307
0.856419
2.788654
0.857724
0.677878
0.617197
0.589858
0.555504
0.827781
1.243643
7.376344
0.512623
4.476366
0.992403
3.608966
0.913282
2.244141
1.602145
0.734830
7.089583
1.063792
1.161528
4.113208
0.632658
0.573972
1.558226
2.197964
1.007135
0.677137
0.797260
0.675875
0.844253
2.411959
1.335365
0.696364
0.842823
3.385510
0.379699
0.765685
2.044124
1.196887
0.771473
1.556006
0.659244
0.593606
0.494341
1.175175
5.353017
0.713336
0.526337
0.577354
1.233747
1.551246
2.298076
0.833447
4.371362
0.994298
1.231746
1.849289
3.123122
2.613229
0.570239
0.855372
2.023770
0.710971
1.138463
1.119770
1.980469
0.637286
0.420062
1.000487
1.722437
1.037946
0.689386
1.220824
2.650967
1.578761
0.876747
5.807861
0.472134
0.690106
1.323498
0.415362
0.752291
2.810643
1.567274
7.379291
0.596996
1.717270
1.836371
4.498851
1.354487
2.163547
0.640672
0.625540
0.820509
0.651888
0.620949
1.563475
0.984082
0.671265
2.169792
0.649476
3.048795
7.364045
0.950376
7.131824
0.539853
0.697813
0.536232
1.326441
0.502070
6.037209
0.655298
2.410798
0.713804
0.736880
0.622752
0.751092
0.891083
1.783573
0.778171
2.196400
2.905905
1.679935
0.752242
2.264210
0.868334
1.242959
0.676684
1.160833
1.795983
2.842274
0.507030
1.934896
0.624594
0.734668
1.419764
0.603356
1.736401
0.570959
0.569388
0.954832
0.917601
0.579608
1.676597
0.516253
0.849438
4.104310
3.351228
0.785723
0.988826
0.899455
2.967557
2.238977
0.649692
1.412704
7.006400
0.626921
0.759918
0.620967
1.140991
3.647830
0.523878
0.287125
0.825033
0.673981
2.221874
0.910640
2.265687
2.387254
0.743692
0.581218
1.113776
1.320135
1.740784
0.589358
1.119730
0.573334
1.598584
0.972007
1.838517
0.746209
1.158244
1.203092
0.852010
0.728204
4.261427
1.100929
1.369079
6.820357
0.391172
2.208003
1.268011
1.051794
0.934265
0.677122
0.749075
3.479094
0.786266
0.954948
0.488193
1.345010
1.388833
1.118663
1.111258
2.136150
0.544495
0.971476
3.294466
0.968519
1.543485
0.510241
0.968920
4.416855
1.115004
0.654362
2.689768
1.324244
3.122463
0.730002
1.742577
0.989373
0.890057
5.745028
0.642112
0.893044
0.979692
0.637390
0.719689
0.764156
0.522358
0.885625
0.718952
1.118893
3.033998
0.882393
1.046747
0.790571
0.726022
0.746485
1.055468
0.450349
2.272591
1.182302
3.422080
0.914421
0.709840
1.154866
0.476828
0.664628
1.861274
2.942154
3.134329
0.918616
0.609011
1.416653
3.587086
2.411793
0.605757
1.624518
1.452376
0.585441
0.501298
1.356907
1.778780
2.291525
0.825349
7.323114
0.716237
0.504476
1.131440
1.093168
1.159771
0.709700
1.945930
0.802712
2.182187
0.609810
1.107751
1.409394
0.732893
0.697284
1.831853
1.100936
1.266199
1.320990
0.855322
2.073928
0.441604
0.890554
0.983683
7.308047
0.846599
1.968511
2.391109
0.771823
1.860670
0.670871
0.619275
1.958574
1.968364
1.247501
1.857360
3.244332
1.015809
1.181407
0.292292
2.219031
0.728527
3.150261
0.789364
0.910851
0.582746
0.724595
1.886457
0.627269
1.573884
0.707303
3.689733
1.705869
0.492471
0.776512
1.048634
0.763802
1.673588
0.601290
0.852541
2.808534
0.669221
0.535772
0.835019
0.895073
0.608555
0.789393
0.841800
0.650975
0.530616
4.829811
0.824774
5.365335
1.279992
1.236653
0.825529
1.014903
0.818503
0.730734
0.718265
0.606803
0.755963
1.155320
0.840011
0.761348
0.936707
0.588319
0.991683
0.637160
2.482432
2.330261
0.733243
1.392785
3.582053
1.630176
3.132240
0.620547
0.566902
0.865868
1.560576
1.463078
1.034994
0.961690
0.870493
0.841157
3.911501
0.760063
1.448483
1.167357
0.720964
0.652029
0.803278
4.357007
0.610224
0.825450
0.642870
0.897804
1.124664
1.747914
5.058904
3.854289
1.923998
1.438130
2.414398
0.953110
1.370928
1.437383
1.443654
1.166942
0.895427
0.937784
1.498819
0.592012
1.671803
5.309061
0.869041
0.891961
2.388802
0.558339
1.979985
0.869338
0.770397
2.861149
0.775640
0.721231
1.660504
0.928754
4.583395
0.411165
1.081007
0.974956
0.910401
2.161694
0.883049
1.852670
1.331745
0.369299
1.504651
0.452885
1.497687
1.973385
0.749375
2.222613
4.288937
3.899250
5.214485
1.448137
3.210131
0.675199
1.859893
0.719643
1.187090
0.521594
1.931065
0.627907
0.906021
0.879415
0.548822
0.598420
0.986982
0.695093
1.168576
1.081623
4.811673
0.644123
1.210172
0.819671
0.984712
1.046531
0.969853
0.750457
0.712109
0.700400
0.625850
1.398123
0.482187
0.864473
0.780386
1.207686
1.571778
1.296221
3.617136
0.683816
0.947647
0.875198
0.639115
0.728686
0.983283
0.663555
0.470063
0.609084
0.443882
0.539107
0.477638
0.757662
1.645644
0.684449
1.039476
0.505709
1.080816
1.598800
0.451826
0.630747
0.606825
1.046313
0.431951
0.680278
0.686921
1.257600
0.748480
1.024108
0.708342
0.558752
0.514374
1.105658
1.045932
0.824394
0.576640
0.726659
0.768222
0.691911
0.720291
0.799014
0.741683
0.656012
0.714238
0.541518
0.764589
0.707253
0.792608
0.800704
5.021984
1.151204
0.765532
0.606660
0.727950
0.957098
0.404312
0.838136
6.257578
0.665272
0.782093
0.848934
0.647932
0.681853
0.836855
0.977496
0.766578
0.741023
1.108036
0.597989
0.738549
0.972808
0.691133
0.832892
1.170893
0.841937
0.757162
0.526100
0.415190
0.695034
0.663947
0.810780
1.078188
0.857736
0.703549
1.616866
0.738962
0.779852
0.814782
1.059510
1.287854
0.796616
0.782573
0.644649
0.803049
0.560038
0.453568
0.925311
0.739880
1.542179
2.680727
0.507691
0.674301
0.590022
0.470787
3.730891
1.907764
0.643314
0.700165
1.854809
0.648363
0.864567
0.863749
0.757179
0.587779
0.584192
0.788656
0.646537
4.310085
0.888305
0.927973
0.945245
0.724338
2.919458
0.847669
1.138645
0.735959
4.141344
0.805547
1.286507
4.174399
0.720073
0.717850
1.499345
0.946285
0.557301
1.065714
0.681015
0.593648
0.712961
0.805148
1.149325
0.709817
0.687424
1.499452
0.768061
1.103115
0.705377
0.884184
0.699285
0.725340
0.830023
0.933524
0.879772
1.245365
0.788267
0.765655
0.684669
0.821444
0.916409
2.922149
0.873183
1.573766
0.587447
0.952439
1.271953
0.865557
0.924704
1.914385
0.704019
0.844947
0.615643
0.824825
0.627733
0.548087
0.765477
0.880159
0.923568
0.699566
0.670995
0.797874
0.744494
0.605728
0.677463
0.667396
0.640294
0.539356
0.690342
1.093224
0.567894
0.594872
0.961092
2.494748
1.278701
0.798243
1.652485
0.668209
0.695323
0.573180
1.787096
0.794129
2.466917
0.664803
0.847666
1.290108
2.692125
1.944142
0.893629
1.003502
1.036848
0.805699
0.767250
0.600281
0.735109
0.574341
0.579983
1.060387
1.179477
3.003551
0.726955
1.060120
0.982005
1.025373
0.702386
0.468979
0.881913
2.226975
0.616573
1.215285
0.689552
0.372746
0.661164
1.180092
1.065746
0.894097
0.554971
0.979538
0.599132
0.765603
0.572659
0.664292
0.560019
0.882059
0.718477
0.651788
1.648759
0.964172
0.681246
1.177173
0.470731
0.942359
0.617880
0.688443
0.996851
3.830388
0.668206
1.058761
0.734172
0.648574
1.044312
1.077834
1.076669
1.153041
0.580586
0.715137
0.580064
0.793516
0.934833
2.176362
0.852616
0.864384
0.825402
1.198955
0.815996
0.602353
0.578248
0.859574
0.740289
0.722304
0.772216
0.614763
0.673014
0.624286
0.608450
0.615529
1.446099
1.000971
0.433397
0.549127
0.711831
0.568201
1.203141
0.591677
0.665623
0.764535
0.787412
1.124746
1.852391
0.563220
0.791809
0.918029
0.637906
0.629811
0.771924
0.897266
3.043850
0.575233
1.200029
0.674576
0.702810
1.023855
0.620951
0.871086
0.806807
0.766638
0.820508
1.338420
0.728632
0.797908
0.658062
0.605271
0.746739
0.738573
1.759422
0.464103
0.823248
1.285297
0.609718
0.848577
0.820042
0.627393
1.518875
1.164378
0.613645
0.677576
0.704686
0.730661
1.412505
0.828051
0.945422
0.887011
1.106825
0.579320
1.044120
0.689476
0.923802
0.689180
0.851778
0.723452
0.514049
0.760545
0.657608
0.605923
0.925667
0.531099
1.607061
0.998677
0.750255
0.861387
0.825427
0.626806
0.851761
0.633549
1.051736
0.785983
0.795534
3.881600
0.759599
0.630213
0.859904
0.669407
0.888705
0.813728
1.400463
1.154715
1.076090
0.543689
0.616820
0.674718
1.850041
0.714268
0.885683
0.823666
0.793563
0.665615
1.032593
0.879328
0.748327
0.617584
1.053523
0.697800
0.793236
0.914683
0.570826
0.905801
0.610886
0.953346
1.640525
2.820706
0.729684
0.899148
1.142522
0.632966
0.703587
0.755364
0.778262
0.506086
0.586902
0.847934
0.837734
1.897563
1.397014
1.080624
0.758626
0.670980
0.853586
0.970102
0.921146
0.989933
0.715653
0.661717
0.608950
2.231825
0.794083
3.139448
0.636972
0.894078
0.525191
0.833543
0.799741
0.700250
0.750581
0.619436
0.603960
5.203483
0.662687
0.768460
0.823871
4.127744
0.642716
1.107317
1.208640
2.253663
0.498051
0.947295
0.662913
0.702644
2.602771
0.805285
0.713019
2.191076
1.310511
0.490346
0.932524
0.485260
0.705484
0.840668
0.922061
0.992969
0.731828
0.648638
0.744504
1.050860
0.750110
1.014840
0.826319
0.657181
1.551319
0.601913
0.970247
0.808844
1.163008
1.557525
1.021070
1.063419
0.637908
0.787189
0.841573
1.525031
3.801685
0.722629
1.532698
0.931248
0.950272
0.699634
0.505496
1.480048
0.975337
1.238980
0.711121
0.784719
1.163637
0.971045
1.136696
0.514252
0.609690
2.081942
0.710403
0.718371
0.526189
0.639572
0.896050
2.762179
0.713223
0.716731
0.802991
0.816597
0.883672
0.867279
0.887710
0.831667
0.544635
0.765574
0.786298
0.914328
0.870809
0.606153
1.056821
0.760049
0.807617
0.492598
2.593516
0.455057
0.879738
2.390296
1.380665
0.781976
0.923163
0.580884
2.820748
0.595303
0.707633
0.773400
1.458087
0.789392
1.257583
3.124706
1.585960
1.863328
0.551260
3.402127
0.516513
0.708641
0.710820
1.050151
0.704488
1.421497
1.783292
0.724105
0.492545
0.941830
0.939143
1.791302
4.952926
1.159261
0.811579
1.028936
1.513673
1.125079
0.569354
1.063415
0.801127
1.636605
1.132500
1.120925
0.647388
0.779455
0.612670
0.664368
1.112257
0.791056
0.749781
0.564730
0.593532
0.984600
1.498340
1.175895
0.760390
0.983009
0.693947
0.578503
0.790332
1.109136
0.900045
0.808372
1.107287
1.187003
1.018752
1.014789
0.822736
3.309533
0.962463
0.719925
0.803309
0.633905
0.976511
0.839874
0.770825
0.830500
0.790574
0.620689
1.628423
0.640057
0.417961
1.169923
1.034371
0.651780
0.972118
0.698605
0.559986
0.621046
0.765821
0.784945
2.055195
1.005447
0.593383
0.808913
0.511552
0.490678
1.474443
0.887551
1.893284
0.781159
0.937735
0.723924
0.667897
0.921626
0.524987
1.034968
1.177794
1.159397
0.855645
0.846251
1.180381
0.484149
0.829487
1.393570
0.966340
0.888278
0.597481
0.666546
0.770128
1.639542
1.326873
0.370141
0.638550
0.642118
0.921828
1.245778
0.735092
0.587888
0.768119
0.907027
1.003939
0.857061
1.198196
1.778078
0.695704
2.804189
2.954260
0.738883
0.632468
0.581824
1.270093
0.986753
1.777889
0.941958
1.238790
0.957169
1.638467
1.554835
1.044117
0.711815
1.330190
0.775877
4.169342
0.781220
0.760734
1.167165
1.069974
0.490325
1.005428
0.916410
0.749271
0.823160
1.027742
0.854460
0.779517
1.615559
1.086726
1.049566
0.637182
0.966103
3.822695
2.004042
1.560977
0.638999
0.773546
1.327358
0.785676
1.279543
1.338002
0.453345
0.756024
1.982085
2.105334
0.730659
0.860526
0.837122
0.632631
1.107618
0.803261
1.157185
2.189378
3.861572
1.139636
0.767736
1.162795
0.747815
1.771949
1.059255
0.842297
1.196228
2.276467
1.092351
0.700282
0.937393
0.711306
0.888956
1.041960
1.428587
1.557642
0.481362
0.939793
3.187885
0.750821
1.441407
0.745403
0.879580
0.795562
0.946394
1.507963
1.179857
0.948749
0.884178
1.148032
0.779888
0.651233
0.766358
0.603329
0.923745
1.234747
0.648054
0.785390
1.239297
0.790333
1.365827
0.837821
0.580131
0.774029
1.039224
0.740684
0.698344
0.706286
1.817564
1.012977
0.579071
1.243298
0.594621
0.988206
0.638520
1.532904
1.010227
0.705254
0.836585
0.987454
1.006004
0.688097
0.799183
0.700578
1.166642
0.593898
1.327332
2.132487
0.889775
1.003577
1.297238
0.938564
0.875608
0.852412
0.548906
1.166601
0.688897
1.404322
0.671627
1.739180
1.247125
0.983606
1.292971
0.786085
0.709513
0.915262
0.794428
1.117040
0.857268
0.883801
1.495947
0.783141
0.775112
0.518003
1.791325
0.746922
0.818493
0.818793
0.795896
0.732208
0.712320
0.718771
0.629832
1.171786
0.557967
0.969269
0.712917
0.780549
1.068977
0.745969
1.163001
1.039650
1.093101
0.779723
0.808904
1.189534
0.938657
1.130785
0.779849
1.034829
0.811932
0.849455
0.617079
0.866617
1.500287
1.223056
0.820720
1.099259
0.494977
0.617948
1.286754
0.932696
0.847666
0.783938
1.096963
1.101088
0.894803
0.960564
0.765161
1.122430
1.184923
0.817288
0.755276
0.638634
