-0.022295 0.174678 0.198859
-0.019132 0.176026 0.200271
-0.015970 0.177423 0.201728
-0.012824 0.178829 0.203246
-0.009680 0.180295 0.204769
-0.006546 0.181771 0.206375
-0.003410 0.183269 0.208134
-0.000262 0.184806 0.209960
0.002871 0.186379 0.211822
0.005987 0.187980 0.213739
0.009090 0.189606 0.215735
0.012164 0.191264 0.217761
0.015184 0.192952 0.219740
0.018190 0.194676 0.221811
0.021173 0.196422 0.223925
0.024145 0.198217 0.226097
0.027093 0.200042 0.228289
0.030064 0.201908 0.230682
0.033010 0.203808 0.233112
0.035928 0.205735 0.235610
0.038830 0.207709 0.238154
0.041707 0.209714 0.240776
0.044536 0.211757 0.243394
0.047306 0.213823 0.246006
0.050064 0.215966 0.248635
0.052787 0.218128 0.251321
0.055490 0.220346 0.254075
0.058172 0.222592 0.256937
0.060842 0.224877 0.259932
0.063492 0.227212 0.262990
0.066096 0.229583 0.266083
0.068668 0.231998 0.269230
0.071204 0.234450 0.272448
0.073689 0.236972 0.275585
0.076137 0.239552 0.278724
0.078553 0.242188 0.281892
0.080956 0.244901 0.285090
0.083309 0.247643 0.288343
0.085653 0.250432 0.291733
0.087955 0.253261 0.295226
0.090219 0.256148 0.298677
0.092459 0.259091 0.302247
0.094674 0.262089 0.305842
0.096846 0.265155 0.309432
0.098979 0.268308 0.312909
0.101083 0.271524 0.316403
0.103146 0.274790 0.319896
0.105190 0.278116 0.323447
0.107200 0.281491 0.327013
0.109197 0.284918 0.330671
0.111200 0.288451 0.334381
0.113172 0.292014 0.338105
0.115118 0.295641 0.341849
0.117041 0.299314 0.345564
0.118931 0.303081 0.349134
0.120822 0.306927 0.352671
0.122675 0.310790 0.356196
0.124535 0.314728 0.359711
0.126395 0.318711 0.363267
0.128282 0.322790 0.366811
0.130181 0.326915 0.370382
0.132074 0.331087 0.373928
0.133958 0.335283 0.377365
0.135895 0.339576 0.380857
0.137814 0.343887 0.384213
0.139742 0.348186 0.387535
0.141722 0.352618 0.390748
0.143700 0.356987 0.393933
0.145722 0.361416 0.397078
0.147796 0.365882 0.400199
0.149897 0.370335 0.403291
0.152069 0.374857 0.406248
0.154298 0.379404 0.409189
0.156572 0.383938 0.412002
0.158873 0.388414 0.414718
0.161265 0.392955 0.417398
0.163717 0.397431 0.419998
0.166227 0.401886 0.422567
0.168842 0.406363 0.425048
0.171522 0.410811 0.427482
0.174268 0.415177 0.429802
0.177104 0.419554 0.432037
0.180008 0.423849 0.434176
0.182967 0.428042 0.436231
0.186076 0.432266 0.438230
0.189293 0.436469 0.440173
0.192575 0.440532 0.442044
0.195964 0.444550 0.443892
0.199441 0.448509 0.445701
0.203005 0.452351 0.447409
0.206689 0.456159 0.449064
0.210446 0.459904 0.450596
0.214337 0.463544 0.452096
0.218336 0.467138 0.453519
0.222435 0.470663 0.454943
0.226623 0.474084 0.456278
0.230830 0.477329 0.457639
0.235258 0.480639 0.458877
0.239725 0.483773 0.460109
0.244283 0.486840 0.461341
0.248997 0.489889 0.462552
0.253775 0.492814 0.463758
0.258692 0.495670 0.464915
0.263727 0.498492 0.466073
0.268785 0.501171 0.467191
0.274012 0.503865 0.468294
0.279314 0.506461 0.469376
0.284707 0.508986 0.470483
0.290138 0.511391 0.471642
0.295759 0.513826 0.472848
0.301412 0.516159 0.474045
0.307180 0.518452 0.475272
0.313058 0.520711 0.476474
0.319043 0.522936 0.477673
0.325095 0.525112 0.478891
0.331261 0.527260 0.480164
0.337485 0.529350 0.481404
0.343782 0.531431 0.482809
0.350204 0.533490 0.484198
0.356738 0.535536 0.485662
0.363306 0.537524 0.487198
0.370022 0.539558 0.488819
0.376837 0.541582 0.490373
0.383689 0.543585 0.491954
0.390593 0.545586 0.493493
0.397575 0.547582 0.495152
0.404657 0.549599 0.496782
0.411808 0.551628 0.498417
0.419103 0.553689 0.500203
0.426565 0.555804 0.502048
0.434043 0.557912 0.504022
0.441669 0.560082 0.505996
0.449348 0.562268 0.507918
0.456961 0.564480 0.509798
0.464693 0.566739 0.511677
0.472522 0.569055 0.513554
0.480324 0.571362 0.515596
0.488186 0.573759 0.517530
0.496288 0.576265 0.519513
0.504465 0.578827 0.521702
0.512693 0.581464 0.523738
0.521004 0.584181 0.525818
0.529358 0.586966 0.527961
0.537674 0.589797 0.530091
0.545900 0.592664 0.532094
0.554201 0.595625 0.534096
0.562513 0.598665 0.536028
0.570849 0.601781 0.538027
0.579358 0.605043 0.540040
0.588008 0.608441 0.542113
0.596602 0.611899 0.544157
0.605220 0.615454 0.546167
0.613931 0.619139 0.548147
0.622583 0.622876 0.550047
0.631030 0.626645 0.551845
0.639440 0.630472 0.553578
0.647888 0.634407 0.555268
0.656289 0.638408 0.556916
0.664801 0.642553 0.558528
0.673448 0.646851 0.560207
0.682114 0.651251 0.561841
0.690719 0.655712 0.563426
0.699361 0.660282 0.564958
0.707885 0.664881 0.566447
0.716116 0.669423 0.567766
0.724323 0.674035 0.569021
0.732489 0.678707 0.570224
0.740598 0.683428 0.571376
0.748643 0.688192 0.572477
0.756800 0.693077 0.573598
0.764959 0.698063 0.574750
0.773081 0.703086 0.575897
0.781148 0.708154 0.576885
0.789031 0.713188 0.577831
0.796708 0.718176 0.578670
0.804217 0.723133 0.579451
0.811772 0.728173 0.580180
0.819088 0.733134 0.580865
0.826407 0.738149 0.581497
0.833765 0.743239 0.582118
0.841170 0.748406 0.582722
0.848436 0.753528 0.583181
0.855743 0.758737 0.583761
0.862864 0.763867 0.584279
0.869840 0.768951 0.584700
0.876560 0.773911 0.584986
0.883240 0.778899 0.585278
0.889803 0.783835 0.585515
0.896336 0.788776 0.585719
0.902731 0.793642 0.585894
0.909322 0.798661 0.586185
0.915869 0.803662 0.586413
0.922312 0.808611 0.586627
0.928700 0.813527 0.586782
0.935065 0.818455 0.586937
0.941080 0.823169 0.586936
0.947131 0.827905 0.586912
0.952914 0.832469 0.586834
0.958828 0.837125 0.586797
0.964686 0.841733 0.586702
