0.086769 -0.036552 -0.007327 0.080752 -0.014092 0.088302
0.092889 -0.059517 -0.013933 0.046344 -0.020368 0.083655
0.081157 -0.040976 -0.009878 0.055324 -0.012961 0.097927
0.091693 -0.008831 -0.000936 0.099067 -0.000591 0.097302
0.095231 -0.015609 -0.004735 0.068277 -0.011687 0.091708
0.083945 -0.014683 -0.013554 0.032567 -0.020767 0.089165
0.068419 -0.012502 -0.010008 0.035468 -0.017974 0.098810
0.089655 -0.002861 -0.001561 0.084726 -0.003131 0.097014
0.096714 -0.000394 -0.000276 0.081340 -0.006975 0.094775
0.079191 0.001539 -0.001751 0.037771 -0.020629 0.090340
0.068472 0.004258 -0.002076 0.037505 -0.019329 0.091580
0.088134 0.010806 0.000645 0.080694 -0.005373 0.095391
0.094625 0.003772 0.000539 0.100390 -0.001987 0.095583
0.077887 0.020828 0.002363 0.064837 -0.011045 0.093630
0.074368 0.024169 0.002158 0.055550 -0.010628 0.093606
0.088797 0.014220 0.000465 0.090312 -0.001202 0.095600
0.085440 0.015176 0.001247 0.095593 -0.001778 0.095472
0.079827 0.022356 0.000908 0.087396 -0.000473 0.095425
0.092139 0.007204 -0.000749 0.101465 0.001184 0.095844
0.071916 -0.018272 -0.004037 0.098314 -0.004558 0.094490
0.023000 -0.035558 -0.012678 0.061194 -0.004773 0.126114
0.028720 -0.035135 -0.010826 0.073271 0.012899 0.153484
0.082899 -0.008708 0.003065 0.105798 0.006442 0.104576
0.078008 -0.007150 -0.004246 0.083312 -0.003680 0.096050
0.024211 -0.018537 -0.023981 0.035550 -0.008786 0.117509
0.031712 -0.036988 -0.034748 0.039218 0.002873 0.116622
0.072507 -0.023260 -0.012218 0.095986 0.001094 0.095842
0.096057 -0.000877 -0.000523 0.107490 -0.000050 0.095765
0.091119 0.002766 -0.000729 0.092579 -0.002295 0.095908
0.052752 0.005334 -0.004550 0.042952 -0.009957 0.097381
0.050065 -0.001484 -0.003756 0.036764 -0.007362 0.098939
0.087981 0.010206 0.002036 0.085839 -0.002414 0.097391
0.097301 0.000641 0.000302 0.107039 -0.000007 0.096006
0.094015 0.004281 0.000528 0.103010 -0.000716 0.095883
0.077786 0.028887 0.004845 0.067933 -0.004191 0.096650
0.101571 0.031493 0.008780 0.051218 -0.001429 0.098712
0.099963 0.022329 0.002409 0.089172 0.004327 0.096894
0.097981 0.000985 -0.000058 0.107218 0.000527 0.095934
0.084942 0.015005 -0.000013 0.095438 0.001297 0.095771
0.079058 0.024928 -0.001337 0.083493 0.007085 0.095764
0.092927 0.009424 -0.003179 0.100517 0.005762 0.095844
0.084593 0.001555 0.001785 0.109098 0.002025 0.098336
0.034240 0.001629 0.002238 0.110318 0.012071 0.117099
0.034240 0.015083 0.004485 0.122473 0.009091 0.113917
0.082371 0.007381 0.000036 0.114327 -0.000818 0.096560
0.088084 -0.005816 -0.003031 0.106267 0.000172 0.095596
0.079360 -0.100637 -0.043015 0.120132 -0.013328 0.078052
0.205886 -0.347616 -0.086271 0.234267 -0.113195 0.051654
0.091896 -0.046298 -0.029340 0.130177 -0.015684 0.079629
0.096437 -0.001291 -0.000964 0.108204 -0.000433 0.095268
0.096349 -0.002347 -0.000602 0.107329 0.000105 0.095843
0.103143 -0.034729 0.001060 0.118203 0.004107 0.097868
0.155161 -0.065647 0.038235 0.150870 0.025206 0.112261
0.145849 0.000599 0.023664 0.124425 0.011132 0.105550
0.101048 0.000778 0.001496 0.108795 0.000729 0.096528
0.096304 0.001423 0.000510 0.106963 0.000112 0.096129
0.097134 0.022641 0.007623 0.100981 0.003921 0.099752
0.177898 0.066580 0.022024 0.110832 0.018670 0.103185
0.172403 0.035213 0.006085 0.129654 0.011971 0.096827
0.103587 0.001573 0.000173 0.110614 0.000887 0.095813
0.091935 0.008232 -0.002248 0.103655 0.002206 0.095289
0.096968 0.020425 -0.010853 0.106786 0.011217 0.092699
0.108081 0.006333 -0.009120 0.117671 0.008011 0.093624
0.098770 -0.000053 -0.000834 0.109276 0.000716 0.095671
0.091910 0.002796 -0.000032 0.106532 -0.000408 0.095918
0.056493 0.030398 -0.002592 0.091756 -0.007850 0.094588
0.047849 0.051609 -0.008730 0.077039 -0.016193 0.091676
0.074048 0.025967 -0.001243 0.093932 -0.008124 0.094510
0.095379 0.000425 -0.001009 0.105564 -0.001085 0.095086
0.078082 0.010511 -0.015025 0.074932 -0.012822 0.083919
0.060154 0.019558 -0.026663 0.052213 -0.017884 0.073951
0.081928 0.009832 -0.004678 0.068557 -0.012194 0.090200
0.096258 0.000783 0.000045 0.104185 -0.001012 0.095735
0.096866 -0.000905 -0.000012 0.106071 -0.000125 0.095895
0.094435 -0.010900 0.002911 0.077865 -0.002983 0.097849
0.107573 -0.007526 0.019773 0.050554 -0.011012 0.105872
0.123756 -0.004319 0.014575 0.073385 -0.004828 0.100891
0.100294 -0.000951 0.001062 0.105591 -0.000202 0.096205
0.092052 -0.005935 -0.001478 0.106440 -0.000561 0.095587
0.129812 -0.019076 -0.003756 0.128195 -0.001402 0.091177
0.160167 -0.011306 -0.001456 0.142086 -0.001447 0.091836
0.104041 -0.000835 -0.000104 0.111888 -0.000221 0.095485
0.094717 -0.000769 -0.002883 0.110599 -0.000348 0.094722
0.104150 -0.008023 -0.013033 0.135408 -0.001744 0.090082
0.115231 -0.008099 -0.009407 0.135366 -0.001255 0.091746
0.099703 -0.000855 -0.000872 0.110789 -0.000120 0.095473
0.095138 0.001848 0.000033 0.106162 -0.000305 0.095881
0.075241 0.025316 0.000406 0.084261 -0.005741 0.095607
0.061690 0.038871 -0.000090 0.061272 -0.013183 0.094972
0.079062 0.023629 0.001257 0.080228 -0.007831 0.095442
0.096096 0.001004 0.000087 0.103567 -0.000759 0.095826
0.083848 0.005413 0.001589 0.056271 -0.011296 0.094552
0.068858 -0.000985 0.005470 0.044126 -0.020710 0.091885
0.085985 -0.004721 0.003988 0.050275 -0.016238 0.094048
0.096400 0.000027 0.000379 0.099095 -0.002126 0.095768
0.099221 -0.020653 0.003257 0.056837 -0.010266 0.095161
0.140251 -0.072848 0.021465 0.039860 -0.021050 0.093185
0.125705 -0.049095 0.011077 0.050750 -0.017180 0.094446
0.098860 -0.004465 0.000608 0.100068 -0.002281 0.095785
0.100620 -0.013677 0.000041 0.097741 -0.003316 0.095245
0.144298 -0.066082 0.002912 0.086112 -0.012071 0.092941
0.132683 -0.042891 0.002267 0.102226 -0.008861 0.094008
0.099918 -0.003493 0.000131 0.108000 -0.000949 0.095725
0.097549 -0.003267 -0.000679 0.109523 -0.000496 0.095552
0.105835 -0.019364 -0.003101 0.120353 -0.003164 0.094134
0.106345 -0.014605 -0.002055 0.118836 -0.003079 0.094603
0.098062 -0.001453 -0.000212 0.108907 -0.000406 0.095760
