-0.000396 0.140370 0.182226
0.002941 0.141591 0.183558
0.006259 0.142834 0.184968
0.009576 0.144111 0.186404
0.012872 0.145399 0.187959
0.016156 0.146720 0.189523
0.019414 0.148093 0.191066
0.022629 0.149479 0.192647
0.025832 0.150885 0.194304
0.029023 0.152321 0.196016
0.032196 0.153789 0.197764
0.035365 0.155284 0.199596
0.038555 0.156798 0.201584
0.041726 0.158351 0.203613
0.044878 0.159924 0.205696
0.048006 0.161522 0.207857
0.051114 0.163133 0.210092
0.054154 0.164785 0.212272
0.057173 0.166454 0.214521
0.060176 0.168156 0.216817
0.063147 0.169874 0.219184
0.066094 0.171623 0.221587
0.069040 0.173397 0.224111
0.071994 0.175201 0.226745
0.074912 0.177012 0.229494
0.077807 0.178851 0.232275
0.080674 0.180718 0.235121
0.083501 0.182618 0.237959
0.086280 0.184553 0.240778
0.089022 0.186510 0.243638
0.091752 0.188501 0.246566
0.094459 0.190521 0.249540
0.097141 0.192578 0.252542
0.099816 0.194643 0.255721
0.102471 0.196725 0.258990
0.105098 0.198832 0.262319
0.107679 0.200944 0.265702
0.110252 0.203107 0.269112
0.112768 0.205306 0.272458
0.115276 0.207573 0.275804
0.117759 0.209846 0.279235
0.120219 0.212177 0.282642
0.122639 0.214525 0.286057
0.125063 0.216916 0.289560
0.127470 0.219304 0.293212
0.129858 0.221725 0.296891
0.132243 0.224189 0.300611
0.134603 0.226693 0.304310
0.136958 0.229244 0.308023
0.139276 0.231842 0.311655
0.141563 0.234465 0.315279
0.143840 0.237133 0.318871
0.146128 0.239860 0.322475
0.148405 0.242617 0.326075
0.150713 0.245397 0.329834
0.153001 0.248190 0.333591
0.155321 0.251055 0.337337
0.157629 0.253945 0.341059
0.159938 0.256886 0.344703
0.162224 0.259834 0.348311
0.164503 0.262821 0.351821
0.166824 0.265868 0.355327
0.169169 0.268937 0.358840
0.171503 0.272030 0.362256
0.173900 0.275164 0.365726
0.176315 0.278335 0.369087
0.178761 0.281498 0.372526
0.181243 0.284713 0.375825
0.183761 0.287950 0.379092
0.186300 0.291199 0.382270
0.188896 0.294491 0.385356
0.191514 0.297751 0.388448
0.194186 0.301038 0.391467
0.196902 0.304317 0.394446
0.199687 0.307613 0.397351
0.202531 0.310912 0.400226
0.205409 0.314197 0.402960
0.208376 0.317508 0.405622
0.211373 0.320777 0.408226
0.214464 0.324063 0.410773
0.217601 0.327316 0.413213
0.220845 0.330565 0.415664
0.224163 0.333793 0.418030
0.227568 0.337011 0.420301
0.231006 0.340170 0.422524
0.234524 0.343305 0.424705
0.238115 0.346411 0.426743
0.241799 0.349501 0.428709
0.245593 0.352583 0.430632
0.249440 0.355606 0.432454
0.253369 0.358593 0.434251
0.257436 0.361561 0.436103
0.261516 0.364452 0.437794
0.265697 0.367310 0.439505
0.269986 0.370161 0.441166
0.274352 0.372962 0.442791
0.278857 0.375778 0.444275
0.283388 0.378502 0.445885
0.288017 0.381208 0.447360
0.292764 0.383913 0.448822
0.297565 0.386577 0.450296
0.302458 0.389225 0.451696
0.307375 0.391805 0.453067
0.312399 0.394385 0.454475
0.317538 0.396955 0.455849
0.322746 0.399511 0.457310
0.328029 0.402047 0.458750
0.333402 0.404584 0.460173
0.338886 0.407135 0.461518
0.344415 0.409684 0.462917
0.350054 0.412246 0.464314
0.355750 0.414806 0.465713
0.361511 0.417364 0.467176
0.367342 0.419928 0.468689
0.373274 0.422524 0.470236
0.379259 0.425136 0.471782
0.385319 0.427759 0.473378
0.391532 0.430486 0.474963
0.397762 0.433199 0.476587
0.404043 0.435942 0.478206
0.410412 0.438727 0.479783
0.416867 0.441584 0.481436
0.423351 0.444441 0.483186
0.429965 0.447374 0.484992
0.436685 0.450366 0.486919
0.443483 0.453422 0.488800
0.450339 0.456519 0.490785
0.457282 0.459677 0.492838
0.464242 0.462872 0.494812
0.471194 0.466082 0.496792
0.478275 0.469390 0.498711
0.485363 0.472716 0.500688
0.492504 0.476074 0.502728
0.499943 0.479633 0.504963
0.507366 0.483192 0.507196
0.514836 0.486796 0.509472
0.522419 0.490480 0.511573
0.530168 0.494292 0.513906
0.537775 0.498034 0.516160
0.545435 0.501835 0.518223
0.553169 0.505684 0.520448
0.560937 0.509570 0.522630
0.568774 0.513513 0.524743
0.576757 0.517550 0.526858
0.584932 0.521703 0.529080
0.593131 0.525881 0.531275
0.601407 0.530111 0.533506
0.609741 0.534390 0.535631
0.617982 0.538634 0.537692
0.626155 0.542861 0.539638
0.634442 0.547165 0.541555
0.642756 0.551498 0.543444
0.651021 0.555820 0.545293
0.659322 0.560167 0.547100
0.667974 0.564744 0.549030
0.676621 0.569328 0.550893
0.685238 0.573919 0.552715
0.693902 0.578564 0.554492
0.702440 0.583170 0.556213
0.710815 0.587733 0.557770
0.719136 0.592305 0.559278
0.727473 0.596924 0.560737
0.735716 0.601535 0.562151
0.744015 0.606221 0.563509
0.752534 0.611073 0.564929
0.760992 0.615945 0.566313
0.769394 0.620841 0.567645
0.777749 0.625770 0.568926
0.786054 0.630732 0.570155
0.794041 0.635583 0.571205
0.802034 0.640522 0.572224
0.809854 0.645425 0.573096
0.817587 0.650339 0.574025
0.825357 0.655342 0.574896
0.833176 0.660439 0.575772
0.841002 0.665612 0.576606
0.848617 0.670734 0.577396
0.856307 0.675971 0.578137
0.863826 0.681176 0.578839
0.871128 0.686326 0.579459
0.878207 0.691411 0.580006
0.885177 0.696485 0.580559
0.892094 0.701608 0.581015
0.898948 0.706746 0.581400
0.905776 0.711925 0.581799
0.912603 0.717152 0.582203
0.919469 0.722474 0.582633
0.926205 0.727760 0.582994
0.932809 0.733014 0.583320
0.939304 0.738243 0.583556
0.945612 0.743416 0.583720
0.951727 0.748493 0.583833
0.957796 0.753578 0.583903
0.963688 0.758572 0.583924
0.969631 0.763643 0.583999
0.975679 0.768805 0.584122
0.981554 0.773875 0.584222
0.987466 0.778985 0.584277
0.993295 0.784075 0.584356
0.998961 0.789059 0.584399
