0.040470 0.081984 0.154186
0.044156 0.083125 0.155361
0.047782 0.084253 0.156669
0.051433 0.085457 0.157943
0.055026 0.086595 0.159525
0.058596 0.087810 0.160985
0.062074 0.089131 0.162136
0.065395 0.090424 0.163280
0.068704 0.091720 0.164562
0.072009 0.093050 0.165895
0.075282 0.094428 0.167188
0.078598 0.095833 0.168647
0.082085 0.097240 0.170582
0.085537 0.098701 0.172473
0.088971 0.100182 0.174430
0.092351 0.101654 0.176491
0.095712 0.103116 0.178711
0.098810 0.104625 0.180456
0.101886 0.106133 0.182318
0.104962 0.107691 0.184183
0.107967 0.109219 0.186153
0.110942 0.110788 0.188089
0.114004 0.112366 0.190336
0.117202 0.113989 0.192875
0.120310 0.115512 0.195680
0.123407 0.117080 0.198471
0.126451 0.118640 0.201316
0.129402 0.120254 0.203958
0.132215 0.121911 0.206332
0.134947 0.123556 0.208706
0.137725 0.125237 0.211194
0.140483 0.126935 0.213715
0.143225 0.128679 0.216191
0.146046 0.130325 0.219252
0.148867 0.131927 0.222540
0.151658 0.133508 0.225933
0.154319 0.134997 0.229414
0.157044 0.136573 0.232878
0.159593 0.138195 0.235958
0.162187 0.139939 0.238879
0.164770 0.141606 0.242087
0.167314 0.143356 0.245049
0.169768 0.145076 0.247996
0.172310 0.146798 0.251183
0.174874 0.148359 0.254937
0.177426 0.149911 0.258742
0.180042 0.151488 0.262663
0.182602 0.153090 0.266447
0.185204 0.154732 0.270256
0.187699 0.156442 0.273722
0.190059 0.158093 0.277087
0.192441 0.159811 0.280366
0.194895 0.161578 0.283659
0.197355 0.163346 0.287000
0.199983 0.164983 0.290998
0.202535 0.166549 0.295052
0.205260 0.168230 0.299126
0.207923 0.169879 0.303161
0.210574 0.171604 0.306949
0.213083 0.173246 0.310662
0.215536 0.174949 0.314093
0.218124 0.176707 0.317569
0.220810 0.178446 0.321258
0.223340 0.180178 0.324609
0.226110 0.181909 0.328340
0.228922 0.183736 0.331857
0.231724 0.185371 0.335757
0.234645 0.187184 0.339357
0.237591 0.188976 0.342946
0.240491 0.190775 0.346341
0.243515 0.192677 0.349556
0.246481 0.194425 0.352999
0.249498 0.196213 0.356280
0.252583 0.197976 0.359672
0.255837 0.199813 0.363042
0.259093 0.201597 0.366387
0.262356 0.203437 0.369488
0.265772 0.205349 0.372459
0.269093 0.207174 0.375401
0.272580 0.209053 0.378276
0.276099 0.210951 0.381053
0.279778 0.212807 0.384005
0.283567 0.214701 0.386893
0.287519 0.216671 0.389678
0.291314 0.218525 0.392392
0.295151 0.220357 0.395077
0.299102 0.222287 0.397505
0.303129 0.224245 0.399769
0.307322 0.226245 0.401990
0.311535 0.228256 0.404098
0.315785 0.230234 0.406217
0.320316 0.232198 0.408715
0.324671 0.234161 0.410795
0.329141 0.236093 0.413057
0.333748 0.238091 0.415190
0.338438 0.240092 0.417373
0.343469 0.242333 0.419172
0.348249 0.244298 0.421463
0.353233 0.246432 0.423421
0.358396 0.248643 0.425357
0.363473 0.250789 0.427334
0.368698 0.253048 0.429128
0.373790 0.255241 0.430902
0.378997 0.257462 0.432775
0.384490 0.259834 0.434661
0.389927 0.262135 0.436788
0.395463 0.264508 0.438902
0.401108 0.266971 0.440937
0.406984 0.269628 0.442694
0.412702 0.272220 0.444490
0.418679 0.274974 0.446325
0.424644 0.277765 0.448105
0.430643 0.280574 0.450105
0.436686 0.283422 0.452245
0.442909 0.286409 0.454464
0.449111 0.289452 0.456578
0.455446 0.292591 0.458901
0.462067 0.296008 0.460939
0.468569 0.299388 0.463094
0.475042 0.302831 0.465101
0.481697 0.306469 0.466892
0.488368 0.310183 0.468739
0.495001 0.313879 0.470957
0.501927 0.317814 0.473305
0.509076 0.321919 0.476062
0.516300 0.326185 0.478493
0.523547 0.330504 0.481249
0.530921 0.334965 0.484180
0.538102 0.339405 0.486616
0.545001 0.343710 0.488940
0.552183 0.348307 0.490889
0.559154 0.352781 0.492967
0.566168 0.357303 0.495298
0.574049 0.362467 0.498257
0.581676 0.367484 0.501182
0.589241 0.372490 0.504201
0.597070 0.377761 0.506451
0.605211 0.383260 0.509498
0.612551 0.388194 0.512197
0.619824 0.393141 0.513999
0.627153 0.398097 0.516479
0.634363 0.402968 0.518741
0.641594 0.407865 0.520680
0.649174 0.412997 0.522625
0.657318 0.418483 0.525055
0.665313 0.423829 0.527384
0.673407 0.429188 0.529905
0.681519 0.434538 0.531998
0.689019 0.439429 0.533879
0.696021 0.443973 0.535329
0.703331 0.448689 0.536736
0.710600 0.453333 0.538121
0.717524 0.457712 0.539448
0.724589 0.462132 0.540799
0.732888 0.467280 0.542648
0.741219 0.472383 0.544434
0.749400 0.477342 0.546201
0.757791 0.482388 0.547923
0.765668 0.487085 0.549582
0.772881 0.491417 0.550705
0.779946 0.495655 0.551793
0.787193 0.499995 0.552849
0.794163 0.504176 0.553901
0.801537 0.508601 0.554889
0.810103 0.513682 0.556355
0.818612 0.518746 0.557855
0.827102 0.523822 0.559327
0.835628 0.528955 0.560767
0.844192 0.534154 0.562171
0.851726 0.538862 0.563072
0.859320 0.543680 0.563852
0.866545 0.548374 0.564250
0.873688 0.553040 0.565092
0.881309 0.558060 0.565855
0.889474 0.563460 0.566829
0.897986 0.569159 0.567798
0.905870 0.574580 0.568743
0.914398 0.580499 0.569635
0.922468 0.586241 0.570515
0.929893 0.591696 0.571199
0.936645 0.596830 0.571711
0.943363 0.602008 0.572490
0.949871 0.607178 0.572805
0.956534 0.612540 0.573034
0.963385 0.618110 0.573469
0.970671 0.624060 0.574145
0.978122 0.630239 0.574882
0.985407 0.636414 0.575525
0.992385 0.642478 0.576128
0.999286 0.648613 0.576538
1.005372 0.654268 0.576563
1.011032 0.659662 0.576554
1.016733 0.665172 0.576456
1.022066 0.670453 0.576327
1.027569 0.675934 0.576339
1.033874 0.682119 0.576736
1.039675 0.687966 0.577105
1.045958 0.694282 0.577445
1.051825 0.700336 0.577779
1.057359 0.706152 0.578104
