3.159942
0.880249
-0.422959
-0.143973
-0.219961
-2.322869
-0.572832
-0.943377
0.879554
0.106024
-0.841857
-0.030719
-0.107151
-1.755821
-0.132529
-1.203690
-1.388075
0.205384
-0.849189
-0.330912
-0.498805
0.279780
-0.436108
0.524946
0.018982
0.360865
1.103794
0.735657
-0.440776
1.313974
-0.761470
0.928793
1.075708
1.152616
-0.312925
-0.321337
-0.651355
-0.604056
-0.400474
0.030385
0.509455
0.444165
-0.315382
-0.349227
-0.141703
2.359328
-0.577005
-0.134450
-1.333617
-1.180540
0.648939
-0.439749
-0.443743
0.740494
0.340730
-1.721635
-0.036887
0.243821
-2.998167
0.614461
-0.533612
-0.470517
1.682211
1.006747
0.089178
1.042987
0.883153
-0.001444
-0.420428
-0.694228
1.036374
0.610997
-0.289664
0.330886
4.186630
-0.137745
0.102140
-0.615800
0.339503
0.461909
-0.160462
0.172978
-0.700906
-0.087799
-0.095986
0.121056
0.688190
-0.756841
-1.341482
0.295057
-2.816400
-1.231870
0.098839
1.399787
0.744139
-0.935537
0.210425
0.654503
-1.869435
-0.661280
0.526312
3.573895
0.907168
0.149453
1.563896
-0.615864
0.406992
-0.320611
1.149059
-0.407760
0.269718
2.104357
-0.741884
0.439107
-0.557812
0.245749
1.729155
-1.412309
3.090850
0.049054
-0.732225
-0.561029
0.680781
-0.938152
-1.116227
-0.919743
2.034014
-0.400446
-0.181287
-0.280774
0.142086
-0.226109
0.033720
-0.002813
1.942002
-0.149236
-0.510953
-0.653199
0.098613
0.380131
0.665614
-0.532299
0.673039
-0.155008
-0.278390
-0.095788
0.307178
0.175981
-0.046545
-0.124926
2.129064
0.045685
0.535052
-0.215556
-0.745729
-0.789873
-0.371613
0.243239
-1.448139
0.176035
-0.130792
0.507204
0.686027
-0.465750
-0.341684
0.004452
0.379073
-1.157111
-0.757767
0.249993
-1.023423
-0.218295
0.098914
-0.899513
-0.421044
0.486679
0.491980
0.152386
-0.306418
-0.268870
-0.190116
-1.117291
-1.303226
-0.998685
0.939595
0.489026
0.335222
-0.896360
-0.708185
-0.079340
0.454677
-0.640186
3.147923
1.263351
0.281154
-0.845140
-0.465756
0.654423
-0.050391
1.925331
0.505143
-0.511042
-0.919281
0.284007
-2.306062
0.847310
-0.878566
-0.250347
0.137222
0.999147
-0.478673
-0.192205
0.416355
-0.029045
-0.624398
0.634481
-0.305170
1.182629
1.158474
0.389177
1.294549
-1.050708
0.281269
-0.066161
-0.365227
-0.535550
-0.754038
1.768213
1.733637
1.320387
-1.332900
0.269935
-0.435008
0.507877
1.433400
-0.433803
-0.873525
-0.752972
0.491455
0.853930
0.544169
-1.062917
-0.292981
-0.228152
-0.486937
0.405305
0.030583
-0.970056
-0.521439
0.665295
-1.002305
-0.276751
0.016688
-0.012433
-0.750374
-0.257285
0.957826
0.257120
0.266284
-1.436919
0.518625
-0.230624
1.091830
-1.013543
-0.301551
0.555399
0.229511
-0.492156
0.007197
-0.215864
-0.975338
-0.653039
0.420318
0.692437
1.180782
0.334027
0.583821
-0.174406
-0.492676
-0.419963
-0.210670
-0.504055
0.021597
2.933778
-0.613559
1.295856
-1.391689
0.482860
-0.582428
0.722320
0.983980
-0.018526
-0.392646
0.722496
4.821661
0.643868
0.103797
0.840099
-0.185771
-1.919993
0.720630
-0.024554
-0.490635
-0.065517
-1.123400
-2.028424
-0.668805
0.659014
0.186171
-0.345832
1.153368
-0.061674
0.161799
0.009356
0.491072
0.381697
-0.593556
2.809930
-0.400986
1.049673
1.060546
-0.234913
-1.739522
0.122402
0.093053
-1.111535
1.058081
1.829559
-0.592425
1.135551
0.071551
-0.887987
-0.755329
1.287712
0.833061
0.989376
-0.240728
1.579638
-0.990970
0.954226
2.552500
-0.564449
-0.935843
2.199464
-0.348214
-1.141580
-0.225946
-0.103797
0.223599
1.211060
0.343265
-0.097486
3.242352
0.433152
-1.206700
-0.279098
-0.738369
0.083967
-0.162920
-0.363825
-0.444425
-0.370022
-1.642795
-1.061421
-0.749764
-0.315749
-0.056287
-0.504097
0.130786
0.970607
-1.594250
-0.361998
0.192939
0.194183
-0.884189
0.210713
-0.313699
0.253287
1.687281
-0.585138
0.320775
1.901667
3.073584
-0.332509
0.516694
0.121908
0.928798
0.470425
-0.220686
0.308339
0.176598
-0.508716
0.271765
-0.762358
2.404603
0.831785
-0.107189
1.033869
-1.002274
-1.041733
-0.103462
-2.207211
0.614117
-0.082446
-0.439646
-0.138190
-0.095488
0.244020
0.729307
0.983211
2.407970
-0.455751
1.603838
0.556061
-0.563518
-0.602092
-0.066129
1.232489
2.367025
0.336402
0.305423
-0.486686
-0.150458
1.838310
-0.131767
-0.865200
-0.755967
-0.414313
-0.982252
-2.497651
3.757267
0.274597
-0.383278
-1.234678
0.268793
-0.091249
-0.249006
1.111163
-0.748303
-1.129149
-0.334358
-0.299487
2.137449
-1.218498
-0.266502
1.232754
0.243093
-0.671862
0.793999
-0.701532
-1.609742
-0.097897
1.001697
1.284749
3.650040
-1.655815
-2.146127
-1.321393
-0.189212
0.166742
-0.215296
-0.082183
0.666588
-0.386863
1.981742
1.653576
0.347057
4.756955
-0.523783
-0.902366
-0.855144
-1.534066
-1.071934
2.764003
-0.141749
-0.379595
-0.882075
2.317885
-0.748333
0.317490
0.067586
0.388252
-0.009939
0.126256
0.306444
-0.846237
0.444963
0.345269
-1.278791
-0.738533
-0.392162
-0.146415
-1.969021
-0.570132
-1.287033
-0.311335
0.293070
-0.731528
-0.582873
0.313357
-1.375803
1.552251
-0.044933
-0.112891
-0.218925
0.864999
-0.410961
-0.150882
0.525294
-1.806669
0.021799
-0.436879
0.526163
2.517790
2.561148
-0.236575
-2.018378
-0.104601
-1.282648
-0.596575
0.607141
0.682131
0.464975
0.258107
-0.239647
-0.167658
0.115083
0.160488
-0.454852
0.403944
-0.029194
-0.558255
1.907288
0.290390
-0.265958
-0.109801
-0.207242
-0.806309
-0.856353
-0.323663
-1.240712
-0.857735
-1.294059
0.732111
0.177868
0.005830
0.261025
0.281656
-0.029412
0.206923
0.003283
-0.667858
-0.845936
-0.601162
0.226079
-1.406206
-0.811996
0.272831
-0.353697
0.455660
-0.225541
0.659640
0.389396
0.503013
-0.361402
-0.391380
-0.086622
0.813995
-0.601783
-0.252567
2.592831
0.373796
-0.211080
1.184153
-0.443285
-0.151261
-1.517254
1.136663
0.022628
-0.002034
-0.732538
-0.447262
-1.050170
-1.223935
-0.334015
0.292520
0.039021
-1.381095
0.585090
-0.768485
1.021253
-1.001748
-1.560582
-0.021701
1.560556
-0.220300
-0.312382
1.506354
0.890651
-0.726318
-0.604228
-0.627524
-1.001697
3.326651
0.079477
-1.805485
-0.145595
-0.906829
1.730801
-0.178380
0.748221
-2.163057
1.123344
0.391818
0.436299
-1.538228
-0.734798
-0.976392
0.365408
-1.710424
2.504346
0.361106
-0.130293
0.295921
-0.961572
-0.656866
-0.207193
0.004545
-0.665688
1.018561
0.081993
-0.549347
0.295225
-1.092376
0.208957
0.017075
-0.338155
0.003057
1.354692
-0.760778
-0.574738
0.370888
-1.541581
-0.275153
0.137118
0.380461
-0.344078
0.005427
0.667394
0.591764
-0.038807
0.422251
1.197676
0.437669
0.082876
-0.477846
-1.305506
0.239691
-0.382612
2.176203
-1.054947
1.655621
3.516105
0.222327
0.789905
-0.046001
-0.097709
2.770374
-0.087886
0.409860
-1.039446
0.700111
-0.344597
0.127440
-0.111158
0.222354
-0.796125
0.354787
-0.257191
-0.283669
-0.234996
-0.700359
-0.264809
-0.241268
-1.056947
1.443001
-0.277222
-0.675083
-0.623516
0.349431
-1.189719
-0.372602
-1.064935
-0.020661
1.397117
0.209899
2.633647
0.649904
2.300674
2.702196
-1.187987
-0.008027
-1.446376
-0.331632
0.955627
-1.043415
0.455825
-0.622162
-1.395404
-0.416384
-0.421076
-0.197997
1.146922
0.675638
2.838159
0.170541
0.928295
0.352200
-0.404689
-0.306399
0.034077
-0.288618
3.222323
-1.045811
-0.945133
-0.180420
1.080022
-1.156310
-0.166004
-2.248579
-0.679053
-0.563280
-0.439270
-0.400249
-0.756218
1.012272
1.610599
-0.833793
-0.896298
0.097079
-1.838907
-1.905324
-1.409725
-1.335120
-0.342923
0.854462
0.498521
-0.477684
2.794200
1.167089
-0.320356
0.453362
-1.858596
2.171409
0.400767
1.336381
0.285986
-0.965125
-0.164257
-0.474124
-0.377479
0.045160
-0.573692
0.837469
-2.089863
-0.322033
0.268774
-0.295623
-0.204324
0.012731
-0.072594
0.453640
-0.428712
-0.270518
-1.954464
-3.273071
-1.668372
-0.229734
3.979804
-0.323606
0.510115
-0.128498
1.349217
-0.336546
0.936126
0.056531
0.111104
0.641783
-0.113755
1.697241
-0.902115
-0.265456
-0.019263
0.679038
2.409766
0.169896
-0.644863
0.246993
0.150512
-0.774453
-0.281047
-0.154991
-0.637036
-0.224398
-0.397540
0.466879
-1.222499
-0.200795
0.055028
-0.526556
-0.836729
0.175694
0.782171
0.027246
-0.234249
0.429658
-0.202636
0.470506
0.559444
-0.145158
-0.588095
4.124052
0.176888
0.863643
2.135056
0.636197
0.116965
-1.300975
-0.785858
0.874283
-0.314258
-1.339386
-0.900021
-0.201448
0.203022
-0.030274
-0.190471
-0.593920
0.467725
-0.384110
0.206844
-0.067566
-0.380086
-0.192594
-1.126274
0.906530
-0.091696
-0.405233
1.067614
0.039575
0.247304
-0.140190
0.138669
-0.351794
-0.184991
0.226518
-0.589146
-0.080367
-0.704163
-0.102453
-0.320515
-0.469456
0.519956
-0.611906
-0.065440
-0.062586
0.001192
0.143923
-0.924338
-0.243768
0.322875
0.564577
0.113737
-1.093550
-0.778876
-0.892289
-0.369095
-0.111720
0.365251
0.283355
-1.162675
-1.627379
5.644328
-0.816312
0.099059
0.859038
-0.435341
-0.571446
-0.934198
-0.361320
-0.686613
-0.800427
-2.309052
-0.371737
0.733230
0.367849
0.288751
0.182459
-0.580400
-0.368564
-0.621727
-1.417922
0.073909
0.108302
-0.099079
0.034331
-0.809012
0.495587
-0.741530
0.381374
-0.254536
-0.100436
-0.871557
0.975983
0.086532
-0.951587
0.350046
-0.635792
-0.844106
-0.252904
-0.095143
-0.741678
0.873103
-1.035031
-0.314418
-0.628639
-0.516532
-2.441814
0.134871
0.131217
0.103494
-0.081995
-0.522884
-1.343761
-0.974051
-0.101205
0.274880
-0.167025
-0.550172
-0.386710
4.140385
-0.185911
0.049053
-0.261530
0.170868
0.383436
-1.587110
0.261095
-0.112613
0.920213
-0.710038
2.507364
-0.679154
-0.037993
0.128938
3.547625
-1.584034
-0.055756
-1.282101
0.918526
0.774290
-0.061911
-0.128399
0.834573
-1.036530
-0.933852
0.205640
-0.183835
0.144414
-0.200196
-0.114559
0.616864
0.280057
-0.653116
0.413786
-0.220858
-0.253806
-1.147422
0.319393
-0.840037
-0.549019
-0.393985
-1.033435
-0.621295
-1.754080
-0.817886
-0.465780
-0.090837
0.372281
-0.127155
1.055375
0.105754
-0.056378
-0.464562
0.193933
-0.345143
-0.504078
-0.983642
-0.587600
-0.162289
-0.387636
-0.371534
-0.057686
0.361262
0.713819
0.341945
2.552323
-1.418601
-0.386565
0.017382
2.083833
-1.107562
-2.514372
0.352376
0.716284
0.484218
-0.849471
-0.035611
-1.527284
-0.213441
0.945178
0.734304
1.537708
0.848659
-0.576856
-1.411469
-0.374309
0.793749
0.496615
2.832327
0.580310
-0.147526
0.187499
0.818403
0.214837
0.087638
1.040120
-1.405849
0.317339
0.204429
-1.141598
0.819805
-0.610999
0.175517
-0.379073
3.415144
-1.057686
-0.094339
0.545634
2.843645
1.449471
-0.210760
-0.461190
0.603846
0.163525
0.037874
-0.445435
0.514533
-0.528920
-0.095953
1.052746
0.604092
-0.221361
-0.456053
0.311786
0.150127
-0.360230
-0.105528
-0.363634
0.329072
0.179885
-0.284514
0.637952
0.262431
-1.395271
-0.438556
-0.466256
-1.400124
0.134774
0.174659
1.683870
-0.289561
-1.277573
-0.137710
0.178564
0.617604
1.095168
1.093641
0.076175
1.929292
0.338746
-0.584306
0.502190
-0.164035
-0.612515
-0.141602
1.136114
0.759190
0.653817
-0.942781
4.925928
1.035552
-0.167988
0.386871
1.390806
0.148225
-0.268062
-0.900296
-0.333304
0.035337
-0.433500
0.427580
-0.635333
-0.305974
0.266965
-0.124694
-0.433133
-0.460138
-0.891833
-0.293682
-0.033351
-0.611520
0.414067
1.011895
-0.570736
-1.245470
0.044625
-0.170588
0.200608
-0.122159
0.466323
0.314354
-0.183592
-0.086526
0.019804
1.256898
-0.029362
0.122743
0.223045
0.516869
-0.486077
-0.906736
-0.331098
-0.090968
0.000326
0.316246
-0.678676
0.207950
-0.205885
-0.172977
0.021317
-0.660361
-0.317572
-0.403547
-0.689223
2.198209
1.203429
-0.146692
-1.322823
-1.714016
0.498820
-0.228250
-0.028787
0.191120
0.358960
1.980013
-1.003856
2.513074
0.081917
-0.177967
0.450691
-0.274664
0.623707
-1.668167
-0.643714
-0.730630
2.482535
-0.273836
-0.860540
0.214838
0.015113
-0.793637
-0.773569
0.000804
-0.623946
-0.489362
0.282889
-0.511848
2.475113
-0.335856
0.314059
-0.116271
0.339541
-0.745485
0.609856
-1.339697
-0.429996
-0.233945
1.157720
1.158492
0.034794
0.324295
-1.043487
-1.011304
-0.018222
0.589932
-0.232064
-0.173085
-0.137767
0.219290
-1.058982
0.461734
-0.347575
-0.463810
0.176221
-0.847154
-2.120994
0.853201
0.700868
1.697602
0.435075
0.259530
-0.431320
-0.551897
0.978183
0.310497
0.743120
0.262808
-0.446095
-0.617731
-1.448419
0.709440
0.518947
0.726092
-0.074053
-0.161870
-0.252404
0.954629
-1.103326
0.633542
-0.556444
-0.183211
0.679464
0.363860
0.296749
0.364593
0.300754
0.145516
0.386215
-0.192596
-1.627775
-0.451688
0.474422
0.003611
0.844342
-0.791167
-0.146665
-0.034906
-0.310924
-0.574254
-0.452531
1.213587
0.047487
-0.226976
0.013284
-0.014560
-0.822263
0.670607
0.588968
-1.018494
-0.221175
-1.573926
-0.705246
-0.108544
-0.369412
-0.805997
0.398602
0.970465
0.627504
0.833601
0.448769
0.152738
1.931787
-0.083238
0.140263
-0.617454
0.320219
-0.879165
0.412809
1.625205
0.711525
0.996173
-0.724488
-0.230249
-1.169281
0.050616
0.611413
-0.839329
-0.045612
0.753276
-0.645661
-0.426331
0.749476
0.047940
0.867454
0.273166
0.311451
0.368650
-1.174836
0.236055
-0.497726
-1.104741
-0.243928
-1.501295
0.138227
-1.708243
-0.684089
1.650155
1.379566
-0.509429
-1.050222
0.230016
-0.154579
0.497177
-0.996790
-1.100840
0.039416
-0.080326
-0.996897
0.515602
0.003039
-1.304722
-0.332376
-1.147131
-0.022786
-0.910837
-0.103396
-2.553331
-1.115857
0.481938
-0.772961
2.188484
0.248279
-0.797021
1.931577
-0.374219
1.910137
0.821459
-0.087203
1.589682
-0.518843
0.430690
0.986718
0.624963
-0.429309
-1.235538
0.185041
0.204765
-0.476467
-0.130374
0.748510
-2.299105
0.290422
1.103558
-1.647177
1.053556
-0.193461
0.342214
0.569027
-1.130384
0.265347
0.120913
0.168383
-1.440680
0.054930
0.038993
-0.814802
-0.792032
2.559912
-1.325253
-0.969894
0.026052
0.469585
0.234033
-0.621816
1.628247
-0.745706
-0.081988
-0.865132
0.258154
-0.544731
0.409416
-2.118042
-0.970585
-0.657374
-0.807964
1.305820
-0.291975
-0.668861
0.955709
0.358488
0.168598
0.757561
0.743084
-0.218545
-0.108090
-0.663771
-0.479345
-0.029839
0.046427
2.189305
-1.224200
-1.159519
3.330299
-0.277766
-1.269505
-0.639431
-0.713527
-0.577373
0.292113
-0.163253
0.096133
-0.034027
0.304754
0.103563
0.148944
-1.740651
-0.289627
-0.609014
0.310139
-1.116717
0.359776
-0.061875
-0.371932
-1.237212
-1.591473
-0.331776
-0.026900
0.134033
1.928221
-0.533372
-0.932595
0.209095
0.572623
-0.577913
-0.082267
-0.664917
0.555346
0.382593
-0.436437
-0.899515
-0.192217
-1.729447
-0.397718
-0.752853
0.557478
-0.157527
1.264257
0.425357
0.123275
0.539391
-1.480005
0.332278
-0.254579
0.530133
-1.130367
-1.644927
-0.880217
-0.412508
-1.518404
0.394642
-0.485757
-0.127320
0.135406
1.195808
0.397614
-0.677226
-0.109561
-0.020096
1.055517
0.288357
-0.356822
0.313521
-0.790814
0.807151
-2.642346
-1.339299
2.724889
1.417361
2.674953
-0.640651
-0.665625
0.927444
-0.824632
1.785655
-0.444216
1.500603
-1.535281
0.037982
-0.331062
-0.965389
0.551444
-0.804091
-0.997738
-0.445178
-1.990813
-1.096353
-0.225320
-0.669730
0.804630
-1.084423
-1.526376
3.417362
-1.641403
2.042410
2.693600
-0.660599
-0.938601
0.072462
0.211711
-0.245556
-1.320835
-1.408542
-1.159464
0.178238
-0.393393
1.854000
-0.426201
0.307127
0.903602
-0.001654
0.780780
0.193255
0.201245
-1.638896
0.372507
0.126815
0.725092
0.217689
0.097556
-1.551660
0.240851
-0.129161
0.352037
0.779800
-0.502494
-0.307343
-0.425424
1.019121
-0.892960
-0.021011
-1.020543
0.129427
0.298122
0.961685
1.755150
0.086396
0.718307
0.337118
-0.569033
0.516767
1.129302
-1.064694
-0.558109
-0.308386
0.512143
-0.505582
-0.868247
-0.351652
0.649323
0.595610
0.858074
0.028487
-0.605121
-2.229979
0.946087
0.546898
-0.664233
-0.021626
0.398552
0.041242
-0.279693
0.090890
0.235117
-0.510513
-2.013766
0.417928
-0.651941
-0.075742
-0.203258
-0.657001
-1.250188
-0.009710
0.143828
0.196000
0.998016
0.012646
0.633726
-2.458441
0.126377
-0.546127
-0.036395
-0.325417
0.345293
-0.683283
-0.054238
-0.281834
-1.287179
-1.154490
0.474780
-0.294325
0.701966
0.943370
-0.859746
3.401781
0.333348
-0.168767
0.096676
-0.240368
-0.413382
0.053768
0.400935
-0.222359
-0.356669
-0.357628
-0.136348
0.607915
-0.577199
-0.528107
0.002482
0.821082
0.755742
-0.464637
-0.591217
0.341058
-0.117390
0.572369
0.663542
0.121740
0.112321
0.477370
-0.028857
-0.040921
3.144749
0.485253
0.778717
-0.113858
-0.475183
-0.005758
-0.408881
-0.121869
-1.249526
