0.294903
0.190914
0.136977
0.165174
0.228476
0.273332
0.515620
0.194388
0.300553
0.122627
0.125683
0.207551
0.374983
0.165201
0.178167
0.140774
0.185056
0.333226
0.368411
0.186791
0.157694
0.130509
0.398890
1.018506
0.102434
0.044411
0.092395
0.160704
0.178884
0.163948
0.731988
0.150329
0.250891
0.213808
0.313780
0.443147
0.345556
0.111767
0.791764
0.131622
0.182856
0.182315
0.282237
0.061842
0.434107
0.380687
0.280851
0.185846
0.198714
0.109533
0.155980
0.258082
0.344616
0.311732
0.181868
0.177851
0.397377
0.164557
0.353510
0.328158
0.206937
0.117685
0.335086
0.048285
0.162046
0.468953
0.290288
0.515725
0.205173
0.236969
0.379481
0.279989
0.101684
0.549378
0.515558
0.482914
0.535890
0.329644
0.730953
0.488144
1.068109
0.393840
0.225362
0.142765
0.745105
0.401953
0.374594
0.263425
0.250588
0.648868
0.230490
0.125124
0.540551
0.413476
0.390588
0.262969
0.311383
0.675478
0.589844
0.100931
0.651830
0.211019
0.100767
0.454027
0.724407
0.193413
0.312746
0.209554
0.113953
0.325549
0.231967
0.337335
0.203840
0.413714
0.273449
0.345286
0.355271
0.067369
0.262811
0.092807
0.480163
0.274921
0.520652
0.246469
0.083436
0.738741
0.111100
0.587510
0.126730
0.286337
0.264900
0.231523
0.514501
0.585746
0.139030
0.537548
0.861623
0.143547
0.190460
0.268797
0.354033
0.098931
0.121781
0.518163
0.511493
0.421045
0.204723
0.556562
0.287990
0.248441
0.163695
0.277963
0.393562
0.174073
0.322789
0.192948
0.289817
0.127649
0.338528
0.164479
0.902584
0.236235
0.271914
0.618736
0.247187
0.469293
0.228194
0.204900
0.619599
0.243475
0.157801
0.498487
0.501550
0.168608
0.481439
0.289640
0.494351
0.107216
0.373369
0.342428
0.204861
0.174657
0.107402
0.439610
0.317129
0.348419
0.199146
0.254793
0.579343
0.282328
0.135387
0.308261
0.351514
0.094062
0.166729
0.512120
0.347433
0.330561
0.054470
0.103570
0.450440
0.489791
0.402670
0.096562
0.314161
0.114402
0.211489
0.308774
0.280241
0.301376
0.549698
0.407011
0.471466
0.791044
0.139158
0.445835
0.419362
0.244850
0.208233
0.160581
0.384207
0.063855
0.113400
0.228751
0.167610
0.227769
0.032490
0.225987
0.531627
0.087042
0.281812
0.613977
0.380763
0.282839
0.158399
0.941339
0.337530
0.163451
0.259175
0.256087
0.161253
0.179697
0.124224
0.131906
0.220013
0.466648
0.222077
0.363029
0.069608
0.402260
0.258899
0.257116
0.354943
0.265734
0.089762
0.147265
0.146593
0.152514
0.781856
0.112259
0.092130
0.286741
0.156072
0.127518
0.186120
0.242199
0.256977
0.035180
0.217686
0.141992
0.106004
0.092781
0.034680
0.127688
0.142527
0.233760
0.146532
0.343999
0.144857
0.532927
0.464602
0.193627
0.162083
0.521004
0.175219
0.194507
0.248612
0.343790
0.206588
0.384479
0.207340
0.098026
0.285930
0.218717
0.213578
0.108217
0.237095
0.232611
0.358677
0.136721
0.280763
0.655811
0.478820
0.087862
0.518829
0.132406
0.366170
0.155792
0.267339
0.189118
0.772213
0.451018
0.345628
0.133136
0.450395
0.286020
0.774287
0.280849
0.248510
0.494827
0.169478
0.083721
0.314570
0.074813
0.163664
0.537919
0.242238
0.165941
0.487934
0.292186
0.366484
0.134711
0.188421
0.536952
0.410363
0.205495
0.320476
0.223660
0.222205
0.346121
0.319755
0.676538
0.252541
0.177394
0.372134
0.094823
0.256300
0.443916
0.306879
0.195064
0.079036
0.235147
0.305985
0.080792
0.226455
0.537619
0.215958
0.305073
0.433103
0.662471
0.588211
0.128252
0.691611
0.167985
0.514736
0.129357
0.264120
0.495565
0.258993
0.122005
0.211118
0.579046
0.239469
0.272010
0.196692
0.099261
0.241414
0.115551
0.111489
0.263778
0.271724
0.569762
0.534630
0.301396
0.513400
0.174231
0.056125
0.058565
0.342515
0.202323
0.144234
0.031386
0.452827
0.184725
0.123964
0.311426
0.059050
0.219115
0.288129
0.113426
0.205802
0.245824
0.377409
0.233691
0.115341
0.905692
0.287976
0.138473
0.180850
0.368857
0.319796
0.469257
0.099318
0.173513
0.151027
0.092835
0.351946
0.149005
0.437786
0.349734
0.149894
0.413353
0.136126
0.251771
0.172973
0.088160
0.222487
0.458610
0.153207
0.223988
0.170269
0.785940
0.235301
0.231149
0.082818
0.155297
0.217850
0.134857
0.100058
0.194065
0.153886
0.721756
0.083425
0.254401
0.196198
0.341062
0.274357
0.395348
0.106433
0.326034
0.074233
0.258388
0.532357
0.250431
0.371111
0.185303
0.322343
0.372305
0.078656
0.124263
0.139757
0.108422
0.322391
0.252358
0.276288
0.196309
0.102730
0.376916
0.467579
0.203366
0.201274
0.394276
0.329237
0.190245
0.128982
0.167201
0.520788
0.120645
0.026069
0.140690
0.208270
0.536818
0.265223
0.086131
0.240464
0.310162
0.237524
0.407303
0.389706
0.135887
0.190090
0.849014
0.404428
0.227768
0.048511
0.336588
0.397858
0.165240
0.549759
0.652620
0.052576
0.605404
0.267434
0.128957
0.161662
0.250363
0.165111
0.123035
0.233443
0.336652
0.140413
0.316987
0.139380
0.284947
0.333082
0.356426
0.140446
0.080397
0.116416
0.047117
0.080712
0.146508
0.237682
0.222534
0.245344
0.291174
0.155152
0.179555
0.412466
0.220060
0.445636
0.186667
1.083340
0.383546
0.181375
0.295165
0.319321
0.567758
0.339478
0.081615
0.412689
0.345986
0.151808
0.172489
0.452806
0.608181
0.081708
0.312032
0.030717
0.147815
0.058580
0.338683
0.085185
0.069395
0.343796
0.122023
0.098889
0.220581
0.498202
0.312289
0.056620
0.175766
0.119180
0.024063
0.217867
0.107629
0.238021
0.247251
0.090396
0.733634
0.435820
0.103689
0.320653
0.266739
0.157706
0.282215
0.365046
0.127164
0.153470
0.207312
0.580922
0.496571
0.246705
0.187692
0.919778
0.145828
0.325252
0.507690
0.232488
0.387040
0.121912
0.199850
0.045443
0.118568
0.111180
0.122411
0.237594
0.105497
0.228977
0.477358
0.474175
0.060466
0.085203
0.072973
0.236465
0.075114
0.386610
0.221818
0.096413
0.169066
0.493250
0.353588
0.532831
0.112539
0.240288
0.171554
1.104589
0.485908
0.319643
0.433570
0.511781
0.180712
0.201455
0.212110
0.276270
0.347289
0.146624
0.145540
0.214979
0.064984
0.760178
0.323328
0.171519
0.178570
0.169889
0.143467
0.738570
0.239045
0.219363
0.102464
0.119638
0.107089
0.096909
0.365030
0.467945
0.161209
0.396388
0.081966
0.377271
0.458751
0.065334
0.189900
0.126650
0.418652
0.196152
0.105123
0.141374
0.230714
0.292620
0.343150
0.578921
0.301317
0.142500
0.248536
0.182581
0.194583
0.246449
0.176559
0.428457
0.275915
0.154965
0.079201
0.333129
0.322038
0.110652
0.239261
0.893225
0.086886
0.149745
0.343750
0.164088
0.586540
0.571350
0.137503
0.347730
0.216886
0.224332
0.469958
0.139969
0.486414
0.138227
0.048642
0.200766
0.299097
0.438913
0.313776
0.321305
0.143305
0.320357
0.055039
0.341348
0.435886
0.309338
0.174491
0.198872
0.142565
0.299606
0.383361
0.101035
0.117380
0.146041
0.417851
0.065200
0.189100
0.262955
0.347839
0.341451
0.178206
0.089633
0.088329
0.108293
0.303911
0.221470
0.083213
0.110235
0.641276
0.160334
0.150323
0.364943
0.117642
0.401797
0.083844
0.135781
0.108177
0.139950
0.104619
1.196049
0.177675
0.326060
0.555043
0.093452
0.076835
0.049196
0.043618
0.208910
0.238677
0.302296
0.393963
0.247491
0.264148
0.221718
0.207232
0.239886
0.502882
0.181070
0.420475
0.378471
0.253545
0.245379
0.050397
0.190580
0.532672
0.362906
0.284673
0.135893
0.030705
0.153532
0.607782
0.354255
0.384777
0.264248
0.053031
0.225577
0.045642
0.354575
0.874272
0.121151
0.422129
0.314575
0.104463
0.307434
0.225754
0.145584
0.089984
0.294471
0.301431
0.243919
0.313999
0.137346
0.296389
0.205208
0.322010
0.276586
0.018719
0.163604
0.373285
0.214861
0.367813
0.173550
0.050253
0.389291
0.306097
0.299744
0.228599
0.193300
0.401346
0.392671
0.181953
0.123310
0.174460
0.126444
0.248090
0.367181
0.181080
0.314346
0.248697
0.230919
0.119565
0.375978
0.242011
0.118978
0.165136
0.192498
0.199170
0.203501
0.177890
0.651629
0.204124
0.167244
0.235266
0.115675
0.086275
0.335856
0.300705
0.320798
0.199636
0.151036
0.280672
0.156476
0.338889
0.168386
0.040344
0.687331
0.301684
0.370612
0.206300
0.294379
0.442301
0.292027
0.277523
0.569687
0.371784
0.272977
0.148159
0.304131
0.335653
0.084028
0.342358
0.144552
0.085379
0.375230
0.102029
0.256088
0.219292
0.126188
0.394607
0.455917
0.136138
0.153573
0.190307
0.147399
0.197681
0.491226
0.161668
0.118052
0.126533
0.189764
0.607035
0.176379
0.280320
0.164336
0.198850
0.238766
0.377763
0.188851
0.236688
0.305460
0.186513
0.132264
0.514223
0.192406
0.240850
0.419633
0.168454
0.295221
0.151082
0.669209
0.530045
0.203127
0.452641
0.815515
0.240671
0.394371
0.268510
0.249353
0.168596
0.109860
0.186619
0.448638
0.145935
0.694841
0.214467
0.114470
0.128188
0.164090
0.231150
0.106301
0.310007
0.074788
0.261277
0.118704
0.154659
0.835555
0.301231
0.241962
0.255978
0.185667
0.375451
0.155821
0.066948
0.365751
0.280806
0.163963
0.088056
0.146955
0.078271
0.244661
0.252149
0.341870
0.117390
0.418604
0.205681
0.281125
0.132233
0.111666
0.147873
0.138680
0.123548
0.168414
0.064639
0.187358
0.322787
0.177116
0.081484
0.305863
0.124064
0.767966
0.122439
0.064849
0.179022
0.136269
0.089777
0.132535
0.316188
0.418423
0.482501
0.180845
0.224691
0.090977
0.082923
0.313970
0.388594
0.278439
0.200386
0.222256
0.054814
0.311010
0.124972
0.269239
0.123463
0.149004
0.115807
0.183865
0.292342
0.160806
0.191990
0.128054
0.343610
0.146001
0.189294
0.179795
0.371431
0.171704
0.193937
0.306804
0.334495
0.221551
0.251806
0.193358
0.195230
0.069837
0.391964
0.110498
0.272859
0.109763
0.144456
0.244605
0.141352
0.158601
0.149348
0.206442
0.075429
0.191440
0.280357
0.248299
0.254109
0.467739
0.202852
0.225168
0.177353
0.217515
0.245090
0.247946
0.136986
0.084689
0.199130
0.268354
0.133588
0.171726
0.313591
0.236935
0.179944
0.200669
0.176727
0.136981
0.230478
0.180797
0.124567
0.169884
0.223271
0.240825
0.113631
0.113376
0.268410
0.397382
0.169314
0.368777
0.128852
0.194113
0.278976
0.276347
0.196647
0.064301
0.127506
0.182643
0.280017
0.165811
0.096831
0.184618
0.412110
0.424694
0.143853
0.151421
0.178768
0.192027
0.233527
0.536349
0.493662
0.106927
0.195155
0.161938
0.324490
0.241080
0.265978
0.380846
0.404507
0.119191
0.636494
0.404195
0.263237
0.282894
0.194321
0.395896
0.210702
0.048120
0.189075
0.449540
0.288182
0.188774
0.129277
0.125092
0.192580
0.126318
0.550450
0.204984
0.206987
0.323350
0.483732
0.199415
0.082109
0.294338
0.104630
0.151375
0.249316
0.103478
0.146222
0.112819
0.171567
0.374762
0.330764
0.033386
0.133650
0.165400
0.152505
0.243607
0.158069
0.221694
0.197230
0.127116
0.296793
0.147328
0.179964
0.178216
0.060506
0.170572
0.118967
0.170594
0.181374
0.178247
0.119252
0.076167
0.368722
0.315019
0.139827
0.271830
0.357243
0.196113
0.218932
0.153096
0.197271
0.055223
0.163919
0.107127
0.199784
0.249255
0.228904
0.164592
0.068304
0.126512
0.145932
0.129227
0.144826
0.026907
0.450147
0.255776
0.205378
0.077894
0.313887
0.229517
0.306909
0.195498
0.137182
0.106711
0.100849
0.197805
0.133126
0.105464
0.270451
0.380606
0.283001
0.182629
0.377084
0.171532
0.608336
0.022809
0.298788
0.271228
0.100026
0.075654
0.285108
0.154377
0.126774
0.113361
0.163209
0.082032
0.125073
0.116622
0.281583
0.077036
0.480443
0.161536
0.210614
0.133264
0.350062
0.157343
0.167764
0.711182
0.085351
0.297286
0.064030
0.180662
0.168189
0.274431
0.123294
0.166638
0.192385
0.262071
0.136464
0.167440
0.223121
0.224146
0.172609
0.379055
0.290802
0.371304
0.374533
0.235750
0.104207
0.150934
0.432162
0.247619
0.342759
0.228050
0.402182
0.115597
0.645935
0.285843
0.186428
0.099527
0.159489
0.337447
0.192984
0.230689
0.096042
0.420155
0.225763
0.235224
0.210176
0.012815
0.497881
0.308228
0.227020
0.095462
0.336937
0.206849
0.075070
0.199501
0.459609
0.266931
0.245069
0.372459
0.216298
0.122532
0.126043
0.129244
0.188588
0.170693
0.206507
0.139547
0.147048
0.106450
0.263243
0.167369
0.068109
0.236685
0.134209
0.157193
0.166531
0.659447
0.107343
0.215737
0.212258
0.135520
0.431105
0.106028
0.187149
0.347359
0.252333
0.156020
0.243698
0.195081
0.153458
0.057201
0.428579
0.260981
0.083635
0.289350
0.156743
0.112991
0.134641
0.191513
0.278160
0.230401
0.256093
0.330607
0.211718
0.122339
0.757684
0.180605
0.148807
0.321792
0.255462
0.148616
0.237494
0.130671
0.198957
0.077529
0.260929
0.099794
0.106270
0.100970
0.453736
0.387941
0.108591
0.102750
0.208460
0.248992
0.095451
0.105626
0.110063
0.254619
0.292385
0.386972
0.611444
0.094930
0.200876
0.183353
0.084446
0.233659
0.097638
0.188621
0.389180
0.081814
0.030088
0.099512
0.282394
0.203661
0.316142
0.305069
0.135293
0.205582
0.298314
0.280039
0.339322
0.179123
0.304413
0.180049
0.074229
0.098395
0.335117
0.054598
0.062560
0.497931
0.191898
0.095593
0.338008
0.033241
0.255985
0.127514
0.366896
0.093531
0.144357
0.244643
0.095897
0.124226
0.156150
0.138246
0.130016
0.171742
0.170907
0.152370
0.126865
0.200147
0.084432
0.670743
0.166208
0.175966
0.115116
0.182508
0.116420
0.210008
0.139530
0.182862
0.185989
0.052795
0.206120
0.155839
0.204425
0.256759
0.375783
0.219077
0.054179
0.233458
0.282996
0.091919
0.066073
0.225367
0.117946
0.171161
0.134335
0.215017
0.230406
0.255991
0.176844
0.302592
0.115891
0.203837
0.129787
0.095580
0.129140
0.406154
0.338103
0.118564
0.067386
0.139591
0.113943
0.160778
0.201470
0.236584
0.247470
0.237425
0.192884
0.130347
0.267383
0.095455
0.162999
0.164637
0.243001
0.235023
0.121819
0.467548
0.137805
0.446749
0.299816
0.266005
0.200841
0.211189
0.280199
0.300972
0.228667
0.084416
0.292912
0.241030
0.107772
0.109350
0.140017
0.018032
0.151428
0.364594
0.141305
0.146940
0.243025
0.103633
0.286216
0.048291
0.172694
0.354446
0.337588
0.479213
0.508880
0.177083
0.523036
0.120730
0.141287
0.189155
0.115457
0.448628
0.412824
0.172748
0.076639
0.108588
0.084736
0.100509
0.140761
0.166778
0.116056
0.232552
0.189368
0.091289
0.323429
0.159197
0.164423
0.233208
0.025243
0.110523
0.134657
0.119631
0.127112
0.133149
0.161413
0.165177
0.132381
0.099512
0.107906
0.204113
0.244844
0.221651
0.100902
0.254197
0.121964
0.066161
0.060105
0.220479
0.133550
0.279440
0.184323
0.211025
0.073735
0.285141
0.154372
0.077405
0.192514
0.150063
0.077166
0.158447
0.091336
0.105320
0.235422
0.120705
0.131560
0.183502
0.177981
0.265663
0.172122
0.413554
0.170742
0.207311
0.072851
0.196055
0.116598
0.074780
0.084597
0.288471
0.153794
0.060839
0.197212
0.281374
0.255838
0.091145
0.097485
0.157182
0.186164
0.116643
0.049853
0.246038
0.191339
0.108988
0.239178
0.173035
0.217942
0.167769
0.295930
0.366475
0.192094
0.084737
0.329433
0.099542
0.404139
0.072094
0.081746
0.265004
0.195978
0.168075
0.284303
0.042882
0.213997
0.145440
0.056297
0.052916
0.129956
0.069973
0.234541
0.196590
0.088794
0.178030
0.094929
0.325287
0.190907
0.139709
0.079486
0.075581
0.079453
0.113921
0.159708
0.050685
0.044709
0.103023
0.047888
0.113413
0.066866
0.141496
0.110270
0.211297
0.103335
0.256177
0.151199
0.149950
0.130897
0.199618
0.106584
0.060110
0.079119
0.061677
0.037169
0.195482
0.063583
0.128181
0.121460
0.096662
0.036274
0.056657
0.145464
0.139868
0.073892
0.160052
0.096144
0.062926
0.077832
0.154570
0.204228
0.210142
0.052698
0.054692
0.048105
0.122246
0.096263
0.203427
0.075132
0.047331
0.321004
0.169523
0.098256
0.098056
0.160668
0.057169
0.106513
0.134689
0.033792
0.095515
0.056823
0.055899
0.160211
0.046077
0.131313
0.090874
0.122093
0.200300
0.136500
0.069244
0.069536
0.020363
0.024304
