-0.057551 0.236040 0.227657
-0.054680 0.237777 0.229153
-0.051785 0.239614 0.230633
-0.048934 0.241421 0.232225
-0.046059 0.243384 0.233621
-0.043198 0.245319 0.235226
-0.040306 0.247240 0.237285
-0.037330 0.249271 0.239464
-0.034376 0.251366 0.241600
-0.031454 0.253494 0.243785
-0.028547 0.255646 0.246117
-0.025709 0.257833 0.248375
-0.023032 0.260049 0.250209
-0.020371 0.262300 0.252218
-0.017744 0.264579 0.254244
-0.015119 0.266960 0.256284
-0.012528 0.269398 0.258240
-0.009805 0.271932 0.260851
-0.007120 0.274531 0.263431
-0.004490 0.277150 0.266114
-0.001864 0.279885 0.268787
0.000724 0.282660 0.271604
0.003194 0.285472 0.274189
0.005510 0.288258 0.276550
0.007839 0.291250 0.278738
0.010110 0.294244 0.281027
0.012358 0.297348 0.283378
0.014596 0.300493 0.286049
0.016853 0.303724 0.289124
0.019097 0.307072 0.292300
0.021240 0.310442 0.295454
0.023326 0.313881 0.298673
0.025349 0.317360 0.302048
0.027267 0.320955 0.304868
0.029124 0.324654 0.307527
0.030938 0.328451 0.310161
0.032775 0.332470 0.312773
0.034499 0.336445 0.315509
0.036249 0.340556 0.318757
0.037891 0.344649 0.322316
0.039485 0.348853 0.325606
0.041027 0.353133 0.329291
0.042557 0.357549 0.333044
0.043983 0.362012 0.336637
0.045370 0.366643 0.339636
0.046714 0.371367 0.342647
0.047973 0.376091 0.345606
0.049210 0.380922 0.348781
0.050376 0.385759 0.351998
0.051540 0.390708 0.355643
0.052745 0.395975 0.359454
0.053893 0.401211 0.363387
0.054969 0.406468 0.367376
0.056021 0.411758 0.371309
0.057009 0.417104 0.374551
0.058044 0.422656 0.377712
0.058966 0.428000 0.380887
0.059931 0.433523 0.384092
0.060891 0.439089 0.387566
0.061957 0.444989 0.391075
0.063059 0.450981 0.394842
0.064114 0.456904 0.398566
0.065168 0.462753 0.401979
0.066350 0.468950 0.405711
0.067469 0.474929 0.408985
0.068602 0.480776 0.412368
0.069871 0.486996 0.415293
0.071101 0.492873 0.418409
0.072412 0.498867 0.421464
0.073840 0.504985 0.424603
0.075272 0.510928 0.427828
0.076898 0.517141 0.430655
0.078606 0.523370 0.433557
0.080407 0.529524 0.436173
0.082207 0.535391 0.438661
0.084172 0.541458 0.441084
0.086252 0.547385 0.443528
0.088362 0.553156 0.446009
0.090726 0.559125 0.448328
0.093127 0.564926 0.450617
0.095649 0.570561 0.452773
0.098265 0.576174 0.454676
0.100951 0.581578 0.456463
0.103649 0.586689 0.458192
0.106700 0.592084 0.459819
0.109928 0.597474 0.461357
0.113192 0.602536 0.462942
0.116588 0.607519 0.464582
0.120039 0.612339 0.466188
0.123626 0.616976 0.467690
0.127405 0.621606 0.469082
0.131169 0.626033 0.470070
0.135241 0.630423 0.471216
0.139447 0.634736 0.472126
0.143724 0.638890 0.473121
0.148104 0.642871 0.473945
0.152250 0.646384 0.475098
0.156993 0.650248 0.475682
0.161629 0.653727 0.476489
0.166295 0.657048 0.477328
0.171293 0.660425 0.478075
0.176279 0.663550 0.478946
0.181588 0.666650 0.479715
0.187031 0.669671 0.480436
0.192309 0.672371 0.481133
0.197944 0.675140 0.481637
0.203634 0.677725 0.482130
0.209392 0.680160 0.482725
0.215022 0.682332 0.483613
0.221104 0.684583 0.484515
0.227057 0.686600 0.485426
0.233214 0.688539 0.486415
0.239557 0.690406 0.487237
0.246073 0.692189 0.487976
0.252586 0.693831 0.488729
0.259304 0.695388 0.489635
0.266049 0.696810 0.490385
0.272701 0.698102 0.491622
0.279669 0.699343 0.492747
0.286844 0.700503 0.494085
0.293931 0.701501 0.495706
0.301284 0.702477 0.497437
0.308872 0.703400 0.498830
0.316326 0.704211 0.500231
0.323746 0.704958 0.501339
0.331219 0.705612 0.502855
0.338871 0.706239 0.504121
0.346557 0.706817 0.505297
0.354589 0.707348 0.507000
0.363097 0.707878 0.508833
0.371383 0.708304 0.511135
0.380066 0.708756 0.513328
0.388787 0.709193 0.515268
0.396767 0.709616 0.516803
0.405081 0.710063 0.518308
0.413547 0.710543 0.519717
0.421670 0.710947 0.521870
0.429637 0.711443 0.523325
0.438472 0.712051 0.524983
0.447347 0.712663 0.527507
0.456177 0.713397 0.529307
0.465100 0.714226 0.531265
0.473937 0.715126 0.533486
0.482338 0.716083 0.535650
0.490086 0.717087 0.537270
0.497926 0.718219 0.538893
0.505597 0.719464 0.540229
0.513160 0.720786 0.541899
0.521276 0.722356 0.543662
0.529800 0.724159 0.545749
0.537926 0.726039 0.547795
0.546022 0.728093 0.549771
0.554395 0.730413 0.551711
0.562531 0.732850 0.553498
0.569577 0.735162 0.554817
0.576553 0.737586 0.556072
0.583691 0.740221 0.557271
0.590667 0.742944 0.558447
0.598158 0.746028 0.559617
0.606267 0.749513 0.561260
0.614553 0.753259 0.562883
0.622720 0.757135 0.564483
0.631187 0.761325 0.566031
0.639344 0.765536 0.567591
0.646526 0.769422 0.568610
0.653816 0.773481 0.569535
0.661163 0.777686 0.570426
0.668509 0.781999 0.571287
0.675837 0.786402 0.572117
0.683987 0.791315 0.573332
0.692193 0.796388 0.574705
0.700626 0.801650 0.576340
0.709139 0.807042 0.577448
0.717177 0.812231 0.578559
0.724670 0.817173 0.579370
0.731761 0.821935 0.580104
0.739341 0.827003 0.580778
0.746211 0.831703 0.581423
0.753392 0.836604 0.581995
0.761051 0.841793 0.582682
0.769231 0.847284 0.583464
0.777262 0.852678 0.583831
0.785510 0.858224 0.584710
0.793390 0.863542 0.585546
0.800948 0.868673 0.586085
0.807825 0.873409 0.586236
0.814533 0.878076 0.586356
0.821146 0.882663 0.586444
0.827909 0.887310 0.586501
0.834474 0.891804 0.586637
0.841927 0.896759 0.587236
0.849613 0.901793 0.587754
0.857097 0.906678 0.588307
0.864757 0.911597 0.588780
0.872269 0.916424 0.589159
0.878580 0.920597 0.589003
0.885314 0.924940 0.588825
0.891186 0.928821 0.588568
0.897592 0.932938 0.588387
0.904137 0.937074 0.588109
