-0.357895
0.779226
-0.250554
-0.360344
-0.273860
0.250970
-0.466432
0.682898
-0.191016
-0.371774
-0.285618
0.114041
-0.269153
-0.463633
-0.002403
1.663804
0.115090
-0.641634
0.380510
-0.175446
-0.317492
-0.251393
0.587476
0.650549
-0.234444
0.010672
0.315939
-0.416419
-0.318845
0.423054
0.487091
0.739335
0.817906
-1.300524
-0.048144
-0.208666
-0.191659
-0.364566
0.760986
0.350306
0.010443
0.091529
-0.648982
-0.422643
-0.446555
-1.102090
-0.047439
-0.009892
1.829781
-0.430401
-0.206197
-0.147825
-0.452699
-0.414480
0.169938
0.289329
-0.363698
0.170623
-0.235584
0.591131
0.853780
-0.013137
-0.865130
-0.419631
0.144985
0.575328
1.457155
0.643471
-0.496400
1.244404
1.956576
-0.054584
-0.072830
0.245453
-0.270977
0.006053
0.202420
-0.587616
0.178600
-0.803413
0.681574
-0.823276
1.220597
0.199778
-0.620141
-0.629165
-0.235605
-0.064820
-0.016845
-0.244214
0.843165
-0.431411
-0.327741
-0.236537
-0.305731
-0.279033
-0.430296
0.344258
0.630095
-0.007840
1.075079
-0.059845
-0.240309
-0.616563
0.470052
-0.285298
-0.446560
-0.373405
-0.175942
-0.440757
1.056319
1.079859
0.212868
-0.546340
0.151304
-0.454049
0.116626
-0.006346
1.203620
-0.233941
-0.550737
0.673453
-0.724143
-0.472766
0.024571
0.730131
0.262364
0.769711
-0.171974
1.255294
-0.540840
1.380530
0.247132
1.039689
0.226320
-0.355340
1.112433
-0.141712
-0.705667
-0.367358
-0.719673
0.613044
-0.299631
0.527720
1.023008
0.160889
0.943130
0.565911
-0.613759
0.041839
-0.249704
1.392775
-0.388978
-0.106334
-0.589288
0.234186
-0.205748
0.142121
0.230211
1.582037
1.335908
-0.213586
0.090037
-0.364468
0.338842
-0.311257
-0.280087
-0.505582
-0.426640
-0.018260
-0.217560
-0.094218
-0.798000
-0.534265
-0.753220
1.271184
0.107062
-0.197132
0.314149
-0.167282
0.347087
-0.160189
-0.017278
-0.517426
-0.165357
0.252917
-0.444472
0.070883
0.884863
0.796425
-0.450088
0.089405
-1.306794
0.611438
-0.012417
-0.149430
-0.571858
-0.372524
-0.105175
0.449671
-0.344760
0.558221
0.502061
-0.344944
1.781400
-0.285152
-0.213750
0.803159
0.762671
0.566221
-0.578795
0.881666
-0.540638
-1.418998
0.025797
-0.008941
0.386875
1.135280
0.558478
-0.119972
0.228620
-0.103598
1.969470
-0.502145
-0.048522
0.626647
-0.079390
0.749097
0.203618
-0.149342
-0.294850
-0.698132
-0.349054
-0.111033
0.622795
-0.436608
0.032222
-0.395135
0.011478
-0.578418
-0.349274
0.261672
-0.372288
0.072183
1.461716
-0.406091
-0.044815
0.058220
-0.470667
-0.243050
0.172536
0.035336
0.090306
0.539265
0.221099
-0.727877
-0.102463
-0.187876
0.853583
0.527007
-0.363220
-0.709409
0.447193
0.134252
-0.076371
0.470701
-0.560958
-0.038045
-0.108058
0.512569
-0.066277
-0.138826
-0.146684
-0.045234
0.164116
-0.554530
-0.423669
0.095964
-0.104966
-0.618504
1.974513
0.773404
0.697885
-0.587254
-0.192190
0.831702
1.082059
-0.603445
-0.574295
-0.690928
-0.153185
0.183490
0.139456
-0.124116
0.103042
-0.059391
-0.485895
-0.148776
0.549486
0.170704
0.118879
-0.736731
0.222516
-0.257871
1.392286
0.276943
-0.218770
0.279510
-0.506880
0.763340
-0.734227
-0.252417
-0.402816
-0.367798
0.040267
0.683256
0.574486
0.286603
0.421243
-0.085016
-0.476069
-0.181127
0.717082
-0.502020
-0.154996
1.025559
-0.153472
-0.388789
-0.482568
-0.527873
-0.587880
-0.189007
0.218045
1.998278
-0.668215
1.498812
-0.007626
1.283421
-0.090710
0.808323
0.471343
-0.308116
1.958627
0.061840
0.149736
1.414203
-0.457826
-0.555175
0.443548
0.787532
0.007110
-0.389882
-0.226575
-0.391747
-0.169303
0.880439
0.289205
-0.361882
-0.170998
1.219505
-0.968375
-0.266984
0.714969
0.179724
-0.259454
0.442122
-0.416662
-0.521539
-0.704531
0.161417
1.677660
-0.337803
-0.641814
-0.549300
0.210056
0.439058
0.832072
-0.182185
1.475075
-0.005719
0.208432
0.614801
1.138833
0.960587
-0.561699
-0.156219
0.704962
-0.341124
0.129679
0.113123
0.683334
-0.450537
-0.867353
0.000487
0.543740
0.037244
-0.371954
0.199526
0.974924
0.456640
-0.131537
1.759212
-0.750492
-0.370910
0.280278
-0.878606
-0.284632
1.033413
0.449338
1.998678
-0.515844
0.540736
0.607791
1.503822
0.303423
0.771749
-0.445238
-0.469140
-0.197831
-0.427882
-0.476506
0.446911
-0.016046
-0.398591
0.774631
-0.431589
1.114746
1.996609
-0.050897
1.964567
-0.616458
-0.359804
-0.623188
0.282500
-0.689017
1.797942
-0.422665
0.879958
-0.337147
-0.305331
-0.473608
-0.286226
-0.115317
0.578619
-0.250808
0.786820
1.066745
0.518755
-0.284697
0.817226
-0.141179
0.217495
-0.390551
0.149138
0.585552
1.044604
-0.679186
0.660054
-0.470653
-0.308337
0.350491
-0.505248
0.551814
-0.560438
-0.563193
-0.046220
-0.085993
-0.545403
0.516766
-0.661159
-0.163180
1.412038
1.209327
-0.241151
-0.011237
-0.105967
1.087739
0.806019
-0.431257
0.345506
1.946824
-0.466935
-0.274545
-0.476478
0.131897
1.294132
-0.646497
-1.247837
-0.192332
-0.394554
0.798351
-0.093608
0.817878
0.870144
-0.296128
-0.542630
0.107756
0.277734
0.554335
-0.528722
0.113087
-0.556287
0.469118
-0.028393
0.608959
-0.292750
0.146905
0.184895
-0.160157
-0.317175
1.449604
0.096154
0.314139
1.919912
-0.938609
0.792088
0.237449
0.050498
-0.067995
-0.389904
-0.288916
1.246772
-0.240460
-0.046098
-0.717044
0.296401
0.328464
0.112134
0.105493
0.759005
-0.607896
-0.028938
1.192244
-0.031988
0.434043
-0.672873
-0.031573
1.485428
0.108858
-0.424095
0.989455
0.280841
1.138622
-0.314708
0.555365
-0.010684
-0.116469
1.748335
-0.442992
-0.113119
-0.020517
-0.450374
-0.328937
-0.268983
-0.649402
-0.121462
-0.329961
0.112340
1.109881
-0.125118
0.045687
-0.235000
-0.320174
-0.292379
0.053984
-0.797732
0.820921
0.167463
1.230249
-0.089464
-0.342716
0.143984
-0.740599
-0.408528
0.621261
1.079142
1.142415
-0.084887
-0.495919
0.348297
1.277340
0.880370
-0.501276
0.485211
0.373201
-0.535390
-0.690555
0.305208
0.575928
0.829218
-0.191950
1.991036
-0.333744
-0.684236
0.123491
0.089080
0.148223
-0.342914
0.665740
-0.219759
0.780327
-0.494607
0.102332
0.343160
-0.310755
-0.360563
0.605328
0.096161
0.236019
0.278381
-0.156278
0.729444
-0.817342
-0.115912
-0.016452
1.988976
-0.166528
0.677277
0.871757
-0.259000
0.620936
-0.399178
-0.479206
0.672217
0.677203
0.221142
0.619156
1.176910
0.015685
0.166706
-1.230001
0.797071
-0.316730
1.147485
-0.236528
-0.093376
-0.540003
-0.322143
0.634701
-0.466380
0.453547
-0.346296
1.305554
0.534075
-0.708321
-0.252943
0.047489
-0.269447
0.514970
-0.508678
-0.159534
1.032663
-0.401641
-0.624046
-0.180301
-0.110850
-0.496667
-0.236491
-0.172213
-0.429283
-0.633716
1.574807
-0.192645
1.679959
0.246854
0.212409
-0.191731
0.014793
-0.200279
-0.313706
-0.330917
-0.499551
-0.279763
0.144378
-0.174341
-0.272664
-0.065385
-0.530485
-0.008352
-0.450735
0.909239
0.845980
-0.310279
0.331306
1.275936
0.488688
1.141748
-0.477153
-0.567569
-0.144022
0.445055
0.380542
0.034395
-0.039063
-0.138696
-0.172977
1.363921
-0.274354
0.370517
0.154742
-0.327166
-0.427665
-0.219054
1.471785
-0.493929
-0.191826
-0.441813
-0.107804
0.117485
0.558423
1.621150
1.349187
0.654405
0.363343
0.881450
-0.048025
0.315488
0.362824
0.367177
0.154386
-0.110454
-0.064235
0.404678
-0.524228
0.513903
1.669415
-0.140365
-0.114333
0.870792
-0.582789
0.683089
-0.140023
-0.260849
1.051223
-0.254067
-0.326796
0.507121
-0.073911
1.522440
-0.888761
0.077893
-0.025363
-0.093871
0.770892
-0.124375
0.616628
0.286490
-0.996148
0.408561
-0.792117
0.403922
0.679750
-0.288516
0.798683
1.456039
1.360784
1.651440
0.370278
1.166312
-0.392748
0.620519
-0.329001
0.171505
-0.650867
0.658072
-0.465363
-0.098693
-0.128498
-0.599981
-0.513463
-0.013103
-0.363710
0.155786
0.078463
1.571045
-0.439865
0.190763
-0.198852
-0.015406
0.045481
-0.030610
-0.287073
-0.339524
-0.356103
-0.468644
0.335131
-0.729422
-0.145635
-0.247966
0.188706
0.452208
0.259453
1.285683
-0.380066
-0.053773
-0.133305
-0.447670
-0.316512
-0.016858
-0.410143
-0.754888
-0.495799
-0.812196
-0.617841
-0.738901
-0.277518
0.498132
-0.379140
0.038717
-0.681794
0.077716
0.469253
-0.794457
-0.460850
-0.499515
0.045273
-0.839443
-0.385254
-0.375536
0.229205
-0.289711
0.023822
-0.344828
-0.582049
-0.664805
0.100440
0.044908
-0.193106
-0.550537
-0.319298
-0.263677
-0.368299
-0.328100
-0.224377
-0.298834
-0.421577
-0.336539
-0.613378
-0.268417
-0.346367
-0.232427
-0.222263
1.613825
0.140808
-0.267184
-0.499786
-0.317522
-0.043850
-0.905569
-0.176575
1.833793
-0.407559
-0.245782
-0.163774
-0.433970
-0.382942
-0.178105
-0.022761
-0.265818
-0.299723
0.102589
-0.514182
-0.303068
-0.027569
-0.369423
-0.182852
0.157767
-0.172050
-0.278178
-0.642264
-0.879020
-0.363794
-0.409552
-0.209759
0.075282
-0.153459
-0.351618
0.480490
-0.302509
-0.248652
-0.204834
0.057807
0.252977
-0.227382
-0.245168
-0.439050
-0.219339
-0.579751
-0.790610
-0.077625
-0.301268
0.433196
0.986088
-0.677883
-0.394079
-0.527596
-0.753350
1.316647
0.645932
-0.441122
-0.356439
0.617782
-0.433304
-0.145527
-0.146473
-0.278156
-0.531404
-0.537526
-0.237425
-0.436125
1.460958
-0.118440
-0.074753
-0.056312
-0.322497
1.071398
-0.165266
0.129839
-0.306580
1.421020
-0.216234
0.251931
1.428970
-0.328402
-0.331495
0.405028
-0.055211
-0.584649
0.063645
-0.384170
-0.521468
-0.338328
-0.216729
0.139175
-0.342748
-0.374804
0.405099
-0.263887
0.098138
-0.349023
-0.123090
-0.357697
-0.321114
-0.186302
-0.068788
-0.128092
0.219428
-0.237918
-0.267023
-0.378820
-0.196691
-0.087293
1.072319
-0.135610
0.453471
-0.531970
-0.048729
0.240553
-0.144382
-0.078282
0.649396
-0.350950
-0.168481
-0.485088
-0.192584
-0.465640
-0.601322
-0.267256
-0.127653
-0.079511
-0.357296
-0.398993
-0.225804
-0.295050
-0.501324
-0.389401
-0.404371
-0.445828
-0.617380
-0.370568
0.089131
-0.565821
-0.519410
-0.039685
0.914188
0.245845
-0.225342
0.502280
-0.403155
-0.363379
-0.556555
0.580592
-0.230509
0.902969
-0.408265
-0.165268
0.254726
0.990331
0.664821
-0.112465
0.003496
0.036186
-0.216044
-0.264943
-0.510358
-0.307737
-0.554531
-0.544756
0.058634
0.165071
1.099795
-0.318891
0.058382
-0.018159
0.025057
-0.353271
-0.757198
-0.125662
0.800644
-0.483578
0.194979
-0.371713
-0.986857
-0.413754
0.165593
0.063675
-0.111941
-0.588840
-0.020675
-0.512274
-0.267091
-0.557465
-0.409033
-0.579785
-0.125497
-0.330621
-0.428037
0.500023
-0.036486
-0.383831
0.163116
-0.753467
-0.059369
-0.481461
-0.373322
-0.003154
1.342966
-0.403159
0.057100
-0.309012
-0.432980
0.043359
0.074954
0.073872
0.142403
-0.543717
-0.335281
-0.544617
-0.231282
-0.067388
0.777655
-0.159446
-0.145738
-0.191885
0.181451
-0.203345
-0.506912
-0.547752
-0.151318
-0.300715
-0.325309
-0.258491
-0.486518
-0.395988
-0.471146
-0.496841
-0.485273
0.368869
0.000971
-0.836102
-0.599426
-0.339915
-0.565280
0.184935
-0.524794
-0.407032
-0.268488
-0.239004
0.117557
0.616477
-0.574085
-0.233435
-0.085526
-0.449564
-0.462335
-0.258869
-0.108402
1.113123
-0.552980
0.182346
-0.393670
-0.352668
0.023574
-0.476503
-0.138015
-0.214671
-0.265741
-0.197832
0.291490
-0.316587
-0.225762
-0.418456
-0.502080
-0.292040
-0.303035
0.564985
-0.767649
-0.194497
0.250990
-0.494759
-0.164195
-0.198400
-0.466183
0.417970
0.152187
-0.488338
-0.389233
-0.350004
-0.313806
0.345365
-0.188681
-0.056124
-0.119898
0.101496
-0.545901
0.043174
-0.371823
-0.079257
-0.372253
-0.160429
-0.323721
-0.665437
-0.273720
-0.419146
-0.501002
-0.077240
-0.632807
0.474407
-0.001323
-0.287342
-0.149211
-0.191854
-0.467118
-0.160450
-0.456418
0.050442
-0.240820
-0.228742
1.356247
-0.274964
-0.461698
-0.150934
-0.401363
-0.117990
-0.206130
0.336803
0.143854
0.073334
-0.609377
-0.483178
-0.393460
0.615208
-0.336497
-0.121397
-0.193991
-0.231223
-0.407044
0.032073
-0.128597
-0.289915
-0.481940
0.052140
-0.359822
-0.231634
-0.089177
-0.560670
-0.098935
-0.492845
-0.047777
0.495016
1.036987
-0.315143
-0.106307
0.133238
-0.457339
-0.351564
-0.280555
-0.250692
-0.681048
-0.532897
-0.164952
-0.177055
0.640570
0.334337
0.077538
-0.276246
-0.399016
-0.158309
-0.030354
-0.082137
-0.010118
-0.334559
-0.412918
-0.496019
0.802820
-0.230567
1.144047
-0.451030
-0.111963
-0.643993
-0.182070
-0.223467
-0.356317
-0.286908
-0.478946
-0.504247
1.649328
-0.411453
-0.263367
-0.193741
1.417731
-0.442053
0.101940
0.189495
0.812557
-0.697052
-0.054145
-0.411112
-0.352905
0.956577
-0.216559
-0.338247
0.784393
0.270418
-0.712644
-0.069860
-0.723071
-0.348871
-0.173558
-0.081144
-0.007055
-0.312209
-0.432881
-0.295036
0.049609
-0.287536
0.014731
-0.190774
-0.419796
0.439106
-0.507642
-0.030205
-0.212149
0.151009
0.443098
0.020851
0.061490
-0.449561
-0.239287
-0.172482
0.422015
1.335444
-0.324860
0.427029
-0.071229
-0.051007
-0.357197
-0.682215
0.392074
-0.024973
0.214288
-0.340913
-0.242430
0.151551
-0.029383
0.128126
-0.665042
-0.494805
0.733301
-0.341922
-0.330770
-0.642094
-0.446957
-0.109759
1.016020
-0.337962
-0.333055
-0.219411
-0.202609
-0.123670
-0.142395
-0.119110
-0.184323
-0.607639
-0.267129
-0.240420
-0.089566
-0.138333
-0.500623
0.055265
-0.274372
-0.213667
-0.708061
0.953015
-0.787332
-0.128132
0.871417
0.322565
-0.245931
-0.079949
-0.543204
1.037002
-0.518685
-0.345830
-0.256960
0.377125
-0.236492
0.229192
1.139340
0.461190
0.622364
-0.595549
1.224401
-0.660655
-0.344407
-0.341336
0.048934
-0.350284
0.351710
0.578461
-0.322818
-0.708169
-0.059931
-0.062787
0.582943
1.599978
0.147783
-0.208773
0.028525
0.414539
0.117853
-0.563252
0.061486
-0.221736
0.492624
0.124428
0.114154
-0.434810
-0.249160
-0.489929
-0.408919
0.106392
-0.234387
-0.287974
-0.571407
-0.521663
-0.015520
0.404358
0.162030
-0.273923
-0.017137
-0.365359
-0.547312
-0.235302
0.103581
-0.105311
-0.212733
0.101913
0.171432
0.018578
0.014681
-0.195120
1.196807
-0.038259
-0.328609
-0.219015
-0.455856
-0.023769
-0.174504
-0.260294
-0.185727
-0.234996
-0.476926
0.487612
-0.446199
-0.872367
0.156938
0.033793
-0.428048
-0.028278
-0.358670
-0.579844
-0.476350
-0.266807
-0.242142
0.720371
0.005432
-0.521915
-0.212063
-0.670307
-0.711967
0.388280
-0.119289
0.638313
-0.246976
-0.064288
-0.323069
-0.403621
-0.081615
-0.644383
0.034371
0.163643
0.147900
-0.155900
-0.166940
0.165837
-0.725362
-0.186947
0.331869
-0.034239
-0.118471
-0.515033
-0.405647
-0.261199
0.494417
0.282825
-0.993873
-0.448555
-0.442983
-0.081396
0.219760
-0.307760
-0.531219
-0.263811
-0.097584
0.003931
-0.154246
0.180817
0.575533
-0.362830
1.031114
1.083248
-0.302616
-0.458126
-0.541587
0.239090
-0.013335
0.575427
-0.059795
0.214135
-0.043775
0.493761
0.441369
0.043172
-0.339937
0.285322
-0.253762
1.427758
-0.246899
-0.273472
0.154578
0.067634
-0.712686
0.005414
-0.087291
-0.288655
-0.194604
0.027364
-0.157285
-0.249081
0.479681
0.083170
0.048377
-0.450700
-0.034484
1.340956
0.695166
0.445312
-0.447853
-0.256770
0.283190
-0.241210
0.246503
0.291177
-0.791101
-0.279682
0.684149
0.744474
-0.313808
-0.150211
-0.177786
-0.457868
0.102212
-0.219076
0.145990
0.783618
1.351074
0.130709
-0.264309
0.150827
-0.290600
0.572080
0.057566
-0.171622
0.179173
0.822625
0.088332
-0.356272
-0.064653
-0.340653
-0.117707
0.041104
0.356686
0.443173
-0.731135
-0.062096
1.159358
-0.286588
0.365620
-0.293830
-0.128311
-0.228707
-0.055096
0.410760
0.165393
-0.052611
-0.123097
0.138049
-0.248605
-0.428888
-0.266105
-0.505293
-0.079319
0.210866
-0.433781
-0.241574
0.214544
-0.235301
0.311760
-0.176951
-0.544501
-0.256146
0.038475
-0.300182
-0.359043
-0.347735
0.597497
0.012893
-0.546329
0.217768
-0.519832
-0.011865
-0.448602
0.427164
0.010176
-0.349198
-0.178427
-0.012625
0.005986
-0.373825
-0.224165
-0.355850
0.154130
-0.521048
0.283171
0.757289
-0.116787
0.003571
0.260237
-0.063405
-0.132837
-0.159686
-0.599829
0.154094
-0.372664
0.339554
-0.398052
0.553414
0.220841
-0.016529
0.256943
-0.240690
-0.343176
-0.088544
-0.230133
0.110683
-0.154005
-0.123524
0.402759
-0.244443
-0.254748
-0.657773
0.582955
-0.291794
-0.200290
-0.199924
-0.228287
-0.311690
-0.339228
-0.330212
-0.462302
0.158529
-0.583456
-0.031213
-0.338390
-0.247758
0.066702
-0.293071
0.151004
0.038884
0.089019
-0.248817
-0.212075
0.173561
-0.063306
0.122912
-0.248655
0.034236
-0.208339
-0.163160
-0.482758
-0.143158
0.405656
0.201352
-0.197573
0.094636
-0.703244
-0.481351
0.252123
-0.069676
-0.165269
-0.243425
0.092545
0.096298
-0.111151
-0.040235
-0.267668
0.115496
0.169678
-0.201764
-0.280672
-0.448425
