9.206199645996093750e+01
9.289729309082031250e+01
9.373258972167968750e+01
9.540317535400390625e+01
7.647751617431640625e+01
7.709138488769531250e+01
7.770525360107421875e+01
7.831912994384765625e+01
8.016074371337890625e+01
7.364971923828125000e+01
7.410663604736328125e+01
7.547737884521484375e+01
7.639120483398437500e+01
7.895838928222656250e+01
7.949211883544921875e+01
8.002584075927734375e+01
8.055956268310546875e+01
8.216073608398437500e+01
7.733846282958984375e+01
7.807487487792968750e+01
7.881127929687500000e+01
8.028410339355468750e+01
7.798125457763671875e+01
7.856856536865234375e+01
7.915587615966796875e+01
8.033049774169921875e+01
8.150511169433593750e+01
6.674271392822265625e+01
6.703829956054687500e+01
6.733388519287109375e+01
6.792505645751953125e+01
6.851622772216796875e+01
6.735592651367187500e+01
6.796870422363281250e+01
6.858148956298828125e+01
7.103260803222656250e+01
6.086888885498046875e+01
6.183956146240234375e+01
6.281022644042968750e+01
6.378089904785156250e+01
6.572223663330078125e+01
6.766357421875000000e+01
6.863423919677734375e+01
7.057557678222656250e+01
6.579113769531250000e+01
6.638682556152343750e+01
6.698250579833984375e+01
6.817388153076171875e+01
6.608303070068359375e+01
6.656711578369140625e+01
6.705119323730468750e+01
6.801935577392578125e+01
6.898751831054687500e+01
6.995568084716796875e+01
7.092384338378906250e+01
7.189200592041015625e+01
7.286016082763671875e+01
7.382832336425781250e+01
6.579751586914062500e+01
6.814389038085937500e+01
6.931707763671875000e+01
7.049026489257812500e+01
7.283663940429687500e+01
7.089025115966796875e+01
7.114624023437500000e+01
7.140222930908203125e+01
7.242617797851562500e+01
7.599530029296875000e+01
7.620001983642578125e+01
7.640473175048828125e+01
7.681416320800781250e+01
7.722359466552734375e+01
8.052738189697265625e+01
8.107966613769531250e+01
8.163194274902343750e+01
8.218422698974609375e+01
8.273651123046875000e+01
8.384107208251953125e+01
8.549790954589843750e+01
8.660247802734375000e+01
8.715475463867187500e+01
7.114494323730468750e+01
7.160430908203125000e+01
7.298240661621093750e+01
7.390113830566406250e+01
7.481986999511718750e+01
8.072729492187500000e+01
8.130935668945312500e+01
8.189142608642578125e+01
8.421967315673828125e+01
7.211766815185546875e+01
7.265147399902343750e+01
7.318527984619140625e+01
7.371907806396484375e+01
7.425288391113281250e+01
7.532048797607421875e+01
8.992897796630859375e+01
9.069242095947265625e+01
9.145586395263671875e+01
9.298274993896484375e+01
9.445520019531250000e+01
9.532440185546875000e+01
9.619360351562500000e+01
9.793201446533203125e+01
6.119646453857421875e+01
6.168782806396484375e+01
6.217919540405273438e+01
6.414465332031250000e+01
6.611010742187500000e+01
6.709283447265625000e+01
6.905829620361328125e+01
7.004102325439453125e+01
6.827704620361328125e+01
6.869507598876953125e+01
6.911310577392578125e+01
6.994916534423828125e+01
7.078522491455078125e+01
7.203930664062500000e+01
7.371142578125000000e+01
6.159981536865234375e+01
6.208889389038085938e+01
6.257797622680664062e+01
6.453430175781250000e+01
6.649062347412109375e+01
6.746878814697265625e+01
6.942510986328125000e+01
7.040327453613281250e+01
7.158488464355468750e+01
7.200150299072265625e+01
7.241812133789062500e+01
7.283473968505859375e+01
7.168038940429687500e+01
7.225746154785156250e+01
7.283452606201171875e+01
7.398865509033203125e+01
7.514278411865234375e+01
7.629691314697265625e+01
6.725774383544921875e+01
6.791442871093750000e+01
6.922779083251953125e+01
7.054115295410156250e+01
7.475479125976562500e+01
7.495137786865234375e+01
7.514796447753906250e+01
7.554113006591796875e+01
6.653442382812500000e+01
6.710389709472656250e+01
6.767337036132812500e+01
6.881231689453125000e+01
6.995126342773437500e+01
7.109021759033203125e+01
7.222916412353515625e+01
7.051047515869140625e+01
7.101339721679687500e+01
7.151632690429687500e+01
7.352803039550781250e+01
7.553974151611328125e+01
7.654559326171875000e+01
6.829690551757812500e+01
6.880316162109375000e+01
6.930941772460937500e+01
7.032192230224609375e+01
7.234694671630859375e+01
7.335945129394531250e+01
7.437196350097656250e+01
8.197330474853515625e+01
8.236763763427734375e+01
8.355062866210937500e+01
8.512795257568359375e+01
7.710908508300781250e+01
7.770491027832031250e+01
7.830074310302734375e+01
8.068405151367187500e+01
8.567044067382812500e+01
8.637857818603515625e+01
8.708671569824218750e+01
8.779484558105468750e+01
8.921112060546875000e+01
7.315579986572265625e+01
7.371141815185546875e+01
7.426703643798828125e+01
7.537827301025390625e+01
7.648950958251953125e+01
7.760073852539062500e+01
8.211441802978515625e+01
8.292902374267578125e+01
8.374362945556640625e+01
8.537284088134765625e+01
7.770548248291015625e+01
7.837220001220703125e+01
7.903891754150390625e+01
8.037235260009765625e+01
8.572146606445312500e+01
8.630506896972656250e+01
8.688867950439453125e+01
8.747229003906250000e+01
6.503778076171875000e+01
6.540877532958984375e+01
6.577976989746093750e+01
6.652176666259765625e+01
6.726375579833984375e+01
6.837674713134765625e+01
6.911873626708984375e+01
6.986073303222656250e+01
7.097371673583984375e+01
7.171571350097656250e+01
6.779444122314453125e+01
6.805898284912109375e+01
6.832352447509765625e+01
6.885261535644531250e+01
6.938169860839843750e+01
6.525981140136718750e+01
6.593332672119140625e+01
6.660684204101562500e+01
6.795387268066406250e+01
7.808483886718750000e+01
7.846962738037109375e+01
7.885441589355468750e+01
7.962399291992187500e+01
8.039356231689453125e+01
8.116313934326171875e+01
8.193271636962890625e+01
8.270229339599609375e+01
7.437205505371093750e+01
7.489654541015625000e+01
7.542104339599609375e+01
7.647002410888671875e+01
8.834643554687500000e+01
8.885964202880859375e+01
8.937284851074218750e+01
8.988606262207031250e+01
9.039926910400390625e+01
9.142568969726562500e+01
9.245210266113281250e+01
7.418411254882812500e+01
7.497807312011718750e+01
7.577202606201171875e+01
7.735993957519531250e+01
8.371159362792968750e+01
6.715807342529296875e+01
6.755313873291015625e+01
6.834326171875000000e+01
6.873832702636718750e+01
6.992350769042968750e+01
7.071363830566406250e+01
7.150376129150390625e+01
7.894623565673828125e+01
8.074040222167968750e+01
8.163748168945312500e+01
8.253456115722656250e+01
8.432872009277343750e+01
8.612287902832031250e+01
8.791703796386718750e+01
7.137421417236328125e+01
7.194918060302734375e+01
7.252414703369140625e+01
7.309911346435546875e+01
7.367407989501953125e+01
7.482401275634765625e+01
7.597395324707031250e+01
7.712388610839843750e+01
7.287383270263671875e+01
7.339120483398437500e+01
7.390856933593750000e+01
7.442594146728515625e+01
7.701279449462890625e+01
7.804753875732421875e+01
6.628946685791015625e+01
6.675461578369140625e+01
6.721976470947265625e+01
6.815006256103515625e+01
6.908036041259765625e+01
7.001065826416015625e+01
7.094095611572265625e+01
7.187125396728515625e+01
7.038250732421875000e+01
7.112838745117187500e+01
7.187426757812500000e+01
7.336602020263671875e+01
7.784129333496093750e+01
7.933305358886718750e+01
8.082480621337890625e+01
8.231656646728515625e+01
8.380832672119140625e+01
7.809381103515625000e+01
7.866898345947265625e+01
7.924415588378906250e+01
8.039450836181640625e+01
8.154485321044921875e+01
8.269519805908203125e+01
7.631159210205078125e+01
7.707654571533203125e+01
7.784149932861328125e+01
7.860645294189453125e+01
7.937139892578125000e+01
8.090130615234375000e+01
8.243121337890625000e+01
8.396112060546875000e+01
8.549102783203125000e+01
7.319228363037109375e+01
7.368803405761718750e+01
7.418378448486328125e+01
7.517528533935546875e+01
7.616678619384765625e+01
7.715827941894531250e+01
7.864553070068359375e+01
7.914128112792968750e+01
7.215091705322265625e+01
7.297309875488281250e+01
7.379527282714843750e+01
7.461745452880859375e+01
7.543962860107421875e+01
7.708398437500000000e+01
7.872834014892578125e+01
6.624577331542968750e+01
6.674475860595703125e+01
6.774273681640625000e+01
6.874071502685546875e+01
7.073667144775390625e+01
7.173464202880859375e+01
7.339331817626953125e+01
7.402990722656250000e+01
7.530308532714843750e+01
7.593967437744140625e+01
7.721284484863281250e+01
7.848602294921875000e+01
7.910816192626953125e+01
7.958203887939453125e+01
8.005590820312500000e+01
8.052978515625000000e+01
8.100366210937500000e+01
8.195140838623046875e+01
8.289915466308593750e+01
8.479464721679687500e+01
7.918165588378906250e+01
7.986817169189453125e+01
8.055468750000000000e+01
8.124120330810546875e+01
8.192771911621093750e+01
8.330075836181640625e+01
8.673334503173828125e+01
9.016593170166015625e+01
7.767324829101562500e+01
7.825757598876953125e+01
7.884191131591796875e+01
8.001057434082031250e+01
8.117923736572265625e+01
8.234790039062500000e+01
7.437602996826171875e+01
7.452782440185546875e+01
7.467961120605468750e+01
7.513497161865234375e+01
6.739523315429687500e+01
6.798040008544921875e+01
6.856557464599609375e+01
6.973590850830078125e+01
7.090625000000000000e+01
7.207658386230468750e+01
8.423740386962890625e+01
8.498365783691406250e+01
8.647615814208984375e+01
8.722241210937500000e+01
9.020742034912109375e+01
9.169992065429687500e+01
9.319242095947265625e+01
7.602245330810546875e+01
7.661704254150390625e+01
7.721162414550781250e+01
7.840080261230468750e+01
8.039773559570312500e+01
8.099146270751953125e+01
8.158519744873046875e+01
8.277265930175781250e+01
8.396012878417968750e+01
7.927571105957031250e+01
7.980631256103515625e+01
8.033691406250000000e+01
8.352051544189453125e+01
8.458171844482421875e+01
6.408457946777343750e+01
6.451399230957031250e+01
6.494341278076171875e+01
6.580224609375000000e+01
6.666107177734375000e+01
6.751991271972656250e+01
6.837873840332031250e+01
6.923757171630859375e+01
7.902853393554687500e+01
7.953848266601562500e+01
8.004843139648437500e+01
8.106832122802734375e+01
8.208821105957031250e+01
8.514788055419921875e+01
7.548884582519531250e+01
7.602339935302734375e+01
7.655796051025390625e+01
7.762706756591796875e+01
7.869618225097656250e+01
8.203272247314453125e+01
8.267005920410156250e+01
8.330740356445312500e+01
8.458208465576171875e+01
8.675628662109375000e+01
8.848055267333984375e+01
8.934268188476562500e+01
9.020481872558593750e+01
9.192908477783203125e+01
6.148710632324218750e+01
6.273521423339843750e+01
6.398331832885742188e+01
6.523142242431640625e+01
7.810193634033203125e+01
7.852625274658203125e+01
7.895057678222656250e+01
7.979921722412109375e+01
8.064786529541015625e+01
8.149650573730468750e+01
8.234515380859375000e+01
8.361811828613281250e+01
8.489108276367187500e+01
7.517141723632812500e+01
7.586861419677734375e+01
7.656580352783203125e+01
7.726300048828125000e+01
7.796018981933593750e+01
6.244038391113281250e+01
6.272309112548828125e+01
6.300579071044921875e+01
6.328849792480468750e+01
6.357119750976562500e+01
6.441931152343750000e+01
6.498471069335937500e+01
6.583282470703125000e+01
7.753664398193359375e+01
7.828593444824218750e+01
7.903522491455078125e+01
7.978451538085937500e+01
8.053380584716796875e+01
8.203238677978515625e+01
8.353096771240234375e+01
6.419554138183593750e+01
6.452163696289062500e+01
6.484773254394531250e+01
6.582600402832031250e+01
6.615209960937500000e+01
6.680428314208984375e+01
6.810865783691406250e+01
7.214159393310546875e+01
7.287501525878906250e+01
7.360842895507812500e+01
7.434185028076171875e+01
7.507527160644531250e+01
7.654211425781250000e+01
7.874237823486328125e+01
8.094264221191406250e+01
7.597452545166015625e+01
7.678005218505859375e+01
7.758557891845703125e+01
7.919662475585937500e+01
8.080767059326171875e+01
7.459941101074218750e+01
7.511731719970703125e+01
7.563522338867187500e+01
7.615312957763671875e+01
7.667102813720703125e+01
7.926055908203125000e+01
6.096238708496093750e+01
6.149265289306640625e+01
6.202291870117187500e+01
6.732558441162109375e+01
7.539237213134765625e+01
7.605455780029296875e+01
7.671674346923828125e+01
7.804111480712890625e+01
7.210698699951171875e+01
7.276528167724609375e+01
7.342357635498046875e+01
7.474015808105468750e+01
7.539845275878906250e+01
8.423098754882812500e+01
8.444536590576171875e+01
8.465974426269531250e+01
8.487412261962890625e+01
8.508850097656250000e+01
7.855603790283203125e+01
7.936814117431640625e+01
8.099234008789062500e+01
8.180444335937500000e+01
8.342864227294921875e+01
8.505284118652343750e+01
8.667704010009765625e+01
6.947269439697265625e+01
7.005448150634765625e+01
7.063627624511718750e+01
7.179985809326171875e+01
7.296343231201171875e+01
7.412701416015625000e+01
7.645417785644531250e+01
7.761775970458984375e+01
7.878134155273437500e+01
7.755577850341796875e+01
7.834826660156250000e+01
7.914076232910156250e+01
7.993325042724609375e+01
8.072573852539062500e+01
7.170870208740234375e+01
7.254393005371093750e+01
7.337915802001953125e+01
7.504960632324218750e+01
7.672006225585937500e+01
7.839051818847656250e+01
8.006097412109375000e+01
8.173143005371093750e+01
6.920011138916015625e+01
6.973542785644531250e+01
7.027075195312500000e+01
7.134139251708984375e+01
7.241202545166015625e+01
7.348266601562500000e+01
8.935165405273437500e+01
9.005856323242187500e+01
9.076547241210937500e+01
9.217929840087890625e+01
8.119811248779296875e+01
8.401493072509765625e+01
8.495386505126953125e+01
8.683174133300781250e+01
8.870962524414062500e+01
6.487049865722656250e+01
6.534128570556640625e+01
6.581206512451171875e+01
6.675363159179687500e+01
6.910753631591796875e+01
7.051988220214843750e+01
7.543917083740234375e+01
7.603388214111328125e+01
7.662859344482421875e+01
7.722330474853515625e+01
7.781801605224609375e+01
7.900743865966796875e+01
6.724306488037109375e+01
6.776869964599609375e+01
6.829432678222656250e+01
6.881996154785156250e+01
6.934558868408203125e+01
7.039685058593750000e+01
7.144812011718750000e+01
7.249938201904296875e+01
6.826253509521484375e+01
6.853340911865234375e+01
6.880427551269531250e+01
6.907514953613281250e+01
6.893438720703125000e+01
6.922355651855468750e+01
6.951272583007812500e+01
7.009105682373046875e+01
7.066938781738281250e+01
6.540809631347656250e+01
6.663085937500000000e+01
6.724223327636718750e+01
6.785361480712890625e+01
7.029913330078125000e+01
7.274465179443359375e+01
7.633513641357421875e+01
7.765544128417968750e+01
7.831558990478515625e+01
7.897573852539062500e+01
8.161634826660156250e+01
7.899618530273437500e+01
7.961749267578125000e+01
8.023880767822265625e+01
8.086012268066406250e+01
8.148143005371093750e+01
8.272406005859375000e+01
8.645192718505859375e+01
8.024317932128906250e+01
8.077426910400390625e+01
8.130535888671875000e+01
8.183645629882812500e+01
8.236755371093750000e+01
8.342973327636718750e+01
8.555410766601562500e+01
8.661629486083984375e+01
7.828556060791015625e+01
7.901557159423828125e+01
8.047560119628906250e+01
8.266564941406250000e+01
7.096014404296875000e+01
7.154488372802734375e+01
7.212963104248046875e+01
7.329911041259765625e+01
7.446859741210937500e+01
7.563808441162109375e+01
7.680757141113281250e+01
7.797705841064453125e+01
7.079103088378906250e+01
7.125900268554687500e+01
7.172696685791015625e+01
7.359883880615234375e+01
7.547071075439453125e+01
7.827851867675781250e+01
6.444210052490234375e+01
6.500804138183593750e+01
6.557397460937500000e+01
6.670585632324218750e+01
6.783773040771484375e+01
6.896960449218750000e+01
7.010147857666015625e+01
7.264450836181640625e+01
7.319318389892578125e+01
7.374185943603515625e+01
7.483921051025390625e+01
6.102718353271484375e+01
6.150210571289062500e+01
6.197702789306640625e+01
6.292687225341796875e+01
6.387671661376953125e+01
6.577640533447265625e+01
6.672624969482421875e+01
6.767609405517578125e+01
6.862593841552734375e+01
7.145023345947265625e+01
7.196803283691406250e+01
7.248583984375000000e+01
7.300364685058593750e+01
7.352144622802734375e+01
7.455705261230468750e+01
7.559265899658203125e+01
7.662827301025390625e+01
7.766387939453125000e+01
7.638341522216796875e+01
8.162542724609375000e+01
8.337276458740234375e+01
8.395520782470703125e+01
7.400585174560546875e+01
7.534333038330078125e+01
7.668080902099609375e+01
7.801828765869140625e+01
7.935576629638671875e+01
6.797653961181640625e+01
6.850348663330078125e+01
6.903042602539062500e+01
7.113819122314453125e+01
7.219207763671875000e+01
7.324595642089843750e+01
7.429984283447265625e+01
7.182236480712890625e+01
7.217330932617187500e+01
7.252425384521484375e+01
7.287519836425781250e+01
7.322614288330078125e+01
7.392803955078125000e+01
8.353243255615234375e+01
8.428162384033203125e+01
8.503080749511718750e+01
8.577999877929687500e+01
8.652919006347656250e+01
8.466648864746093750e+01
8.547589111328125000e+01
8.628530120849609375e+01
8.709471130371093750e+01
8.790411376953125000e+01
8.952292633056640625e+01
9.114173889160156250e+01
9.276055908203125000e+01
9.437937164306640625e+01
9.230611419677734375e+01
9.317440795898437500e+01
9.404270935058593750e+01
9.577929687500000000e+01
7.492111206054687500e+01
7.603903198242187500e+01
7.659799194335937500e+01
7.715695190429687500e+01
7.827487182617187500e+01
7.939279174804687500e+01
7.255355072021484375e+01
7.304471588134765625e+01
7.402704620361328125e+01
7.451821136474609375e+01
7.438365936279296875e+01
7.506805419921875000e+01
7.575245666503906250e+01
7.712124633789062500e+01
7.985882568359375000e+01
8.122761535644531250e+01
6.858319091796875000e+01
6.914666748046875000e+01
6.971013641357421875e+01
7.083708190917968750e+01
7.196401977539062500e+01
7.365443420410156250e+01
7.478137969970703125e+01
7.381815338134765625e+01
7.448385620117187500e+01
7.514955139160156250e+01
7.581525421142578125e+01
7.648094940185546875e+01
7.781234741210937500e+01
7.914374542236328125e+01
8.047514343261718750e+01
7.337432098388671875e+01
7.409276580810546875e+01
7.768498229980468750e+01
7.912186431884765625e+01
7.698624420166015625e+01
7.754943084716796875e+01
7.811261749267578125e+01
7.923899841308593750e+01
8.036537170410156250e+01
7.079633331298828125e+01
7.141964721679687500e+01
7.204296112060546875e+01
7.328958892822265625e+01
7.990517425537109375e+01
8.074315643310546875e+01
8.158113098144531250e+01
8.325709533691406250e+01
7.859226989746093750e+01
7.971130371093750000e+01
8.027081298828125000e+01
8.083032989501953125e+01
8.194935607910156250e+01
8.306838226318359375e+01
8.418741607666015625e+01
7.071420288085937500e+01
7.172363281250000000e+01
7.222834777832031250e+01
7.273305511474609375e+01
7.374248504638671875e+01
7.828490447998046875e+01
7.619102478027343750e+01
7.688212585449218750e+01
7.757323455810546875e+01
7.826434326171875000e+01
7.895544433593750000e+01
8.033765411376953125e+01
6.603392791748046875e+01
6.653952026367187500e+01
6.704512023925781250e+01
6.805630493164062500e+01
6.906749725341796875e+01
7.007868194580078125e+01
7.108987426757812500e+01
7.210105895996093750e+01
7.571746063232421875e+01
7.585778808593750000e+01
7.599811553955078125e+01
7.613844299316406250e+01
7.627877044677734375e+01
7.655942535400390625e+01
7.684008026123046875e+01
7.712073516845703125e+01
7.740139007568359375e+01
8.483821868896484375e+01
8.573889923095703125e+01
8.663957977294921875e+01
8.754026794433593750e+01
8.844094848632812500e+01
9.024231719970703125e+01
7.775431060791015625e+01
7.843994903564453125e+01
7.981121826171875000e+01
8.049685668945312500e+01
8.186813354492187500e+01
8.323940277099609375e+01
8.733537292480468750e+01
8.804614257812500000e+01
8.875691986083984375e+01
8.946768951416015625e+01
9.088923645019531250e+01
7.382613372802734375e+01
7.434712219238281250e+01
7.591009521484375000e+01
7.799406433105468750e+01
7.156201934814453125e+01
7.220150756835937500e+01
7.284099578857421875e+01
7.411997222900390625e+01
7.539894866943359375e+01
7.667792510986328125e+01
8.242735290527343750e+01
8.301951599121093750e+01
8.361167907714843750e+01
8.479600524902343750e+01
1.080918121337890625e+02
1.088765411376953125e+02
1.096612548828125000e+02
1.104459838867187500e+02
1.112307052612304688e+02
1.128001556396484375e+02
1.143695983886718750e+02
1.159390411376953125e+02
1.175084915161132812e+02
6.625675964355468750e+01
6.655844116210937500e+01
6.686011505126953125e+01
6.716178894042968750e+01
6.734946441650390625e+01
6.774246978759765625e+01
6.813547515869140625e+01
6.892149353027343750e+01
6.970750427246093750e+01
7.049351501464843750e+01
7.127953338623046875e+01
7.206554412841796875e+01
7.285155487060546875e+01
7.363757324218750000e+01
7.442358398437500000e+01
7.864897155761718750e+01
7.933411407470703125e+01
8.001925659179687500e+01
8.070439910888671875e+01
8.138953399658203125e+01
7.370339965820312500e+01
7.435345458984375000e+01
7.500350952148437500e+01
7.630362701416015625e+01
7.760373687744140625e+01
8.085401916503906250e+01
6.520093536376953125e+01
6.561312103271484375e+01
6.602530670166015625e+01
6.684967803955078125e+01
6.767404174804687500e+01
6.849841308593750000e+01
6.932278442382812500e+01
7.014714813232421875e+01
6.586531829833984375e+01
6.644379425048828125e+01
6.817922973632812500e+01
6.933618927001953125e+01
7.049314880371093750e+01
7.165010070800781250e+01
7.280706024169921875e+01
6.657946777343750000e+01
6.709835052490234375e+01
6.761724090576171875e+01
6.813612365722656250e+01
6.865501403808593750e+01
8.245286560058593750e+01
8.304746246337890625e+01
8.364205932617187500e+01
8.483125305175781250e+01
7.099689483642578125e+01
7.166156768798828125e+01
7.232624816894531250e+01
7.299092102050781250e+01
7.365560150146484375e+01
7.498496246337890625e+01
6.890898132324218750e+01
6.947585296630859375e+01
7.004271697998046875e+01
7.117645263671875000e+01
7.231018829345703125e+01
7.403297424316406250e+01
7.489800262451171875e+01
7.576303100585937500e+01
7.662805938720703125e+01
7.749309539794921875e+01
7.452106475830078125e+01
7.491451263427734375e+01
7.530796813964843750e+01
7.570141601562500000e+01
6.263849639892578125e+01
6.293411254882812500e+01
6.322973251342773438e+01
6.352535247802734375e+01
6.411658477783203125e+01
6.441220855712890625e+01
8.499500274658203125e+01
8.538701629638671875e+01
8.577902221679687500e+01
8.617103576660156250e+01
8.656304931640625000e+01
7.369921112060546875e+01
7.434415435791015625e+01
7.563403320312500000e+01
7.627897644042968750e+01
7.148236083984375000e+01
7.209370422363281250e+01
7.270505523681640625e+01
7.392774200439453125e+01
7.515042877197265625e+01
7.942984008789062500e+01
8.126387786865234375e+01
7.849262237548828125e+01
7.913641357421875000e+01
7.978021240234375000e+01
8.042400360107421875e+01
7.329933166503906250e+01
7.440501403808593750e+01
7.551070404052734375e+01
7.661639404296875000e+01
7.897041320800781250e+01
7.957581329345703125e+01
8.018121337890625000e+01
8.260279846191406250e+01
7.854433441162109375e+01
7.945427703857421875e+01
8.036422729492187500e+01
8.218412780761718750e+01
8.491397094726562500e+01
9.128360748291015625e+01
9.492340087890625000e+01
7.180654907226562500e+01
7.239705657958984375e+01
7.298756408691406250e+01
7.416857910156250000e+01
6.855909729003906250e+01
6.896652984619140625e+01
6.937397003173828125e+01
7.018884277343750000e+01
7.100371551513671875e+01
7.181858825683593750e+01
7.263346099853515625e+01
7.344833374023437500e+01
6.938067626953125000e+01
7.018901824951171875e+01
7.099736022949218750e+01
7.261403656005859375e+01
7.584738922119140625e+01
7.827240753173828125e+01
7.988908386230468750e+01
8.044032287597656250e+01
8.097415924072265625e+01
8.150798797607421875e+01
8.204182434082031250e+01
8.364331817626953125e+01
7.797563171386718750e+01
7.868444061279296875e+01
7.939324951171875000e+01
8.010205841064453125e+01
6.441412353515625000e+01
6.473652648925781250e+01
6.505892181396484375e+01
6.570371246337890625e+01
6.634850311279296875e+01
7.799697113037109375e+01
7.859355163574218750e+01
8.038327789306640625e+01
8.157643127441406250e+01
6.867124176025390625e+01
6.920751190185546875e+01
6.974378967285156250e+01
7.081634521484375000e+01
7.403400421142578125e+01
7.510655975341796875e+01
8.103697204589843750e+01
8.155387115478515625e+01
8.207077026367187500e+01
8.310457611083984375e+01
7.066284179687500000e+01
7.132642364501953125e+01
7.199000549316406250e+01
7.331717681884765625e+01
7.464434051513671875e+01
7.281779479980468750e+01
7.330788421630859375e+01
7.379796600341796875e+01
7.428805541992187500e+01
7.575830841064453125e+01
8.102262878417968750e+01
8.179145050048828125e+01
8.256027221679687500e+01
8.332910156250000000e+01
8.409792327880859375e+01
7.669441223144531250e+01
7.738043212890625000e+01
7.806645202636718750e+01
7.875247192382812500e+01
7.943849182128906250e+01
7.699320220947265625e+01
7.772956848144531250e+01
7.846592712402343750e+01
7.920229339599609375e+01
7.993865966796875000e+01
8.141138458251953125e+01
8.378202819824218750e+01
8.418410491943359375e+01
8.458618164062500000e+01
8.498825836181640625e+01
8.539033508300781250e+01
7.655526733398437500e+01
7.665717315673828125e+01
7.675908660888671875e+01
7.696290588378906250e+01
7.716672515869140625e+01
7.753540039062500000e+01
7.911022949218750000e+01
8.068506622314453125e+01
8.225989532470703125e+01
7.330220031738281250e+01
7.378249359130859375e+01
7.426278686523437500e+01
7.522336578369140625e+01
7.618395233154296875e+01
7.714453887939453125e+01
7.169817352294921875e+01
7.228297424316406250e+01
7.286777496337890625e+01
7.403736877441406250e+01
7.637467956542968750e+01
7.688581848144531250e+01
7.739695739746093750e+01
7.944150543212890625e+01
6.806710815429687500e+01
6.870643615722656250e+01
6.934575653076171875e+01
7.062439727783203125e+01
7.190304565429687500e+01
7.277665710449218750e+01
7.350191497802734375e+01
7.422718048095703125e+01
7.567770385742187500e+01
6.945593261718750000e+01
6.984029388427734375e+01
7.022466278076171875e+01
7.099339294433593750e+01
7.176212310791015625e+01
8.468685150146484375e+01
8.532969665527343750e+01
8.597254943847656250e+01
8.725824737548828125e+01
7.808274078369140625e+01
7.870206451416015625e+01
7.932138824462890625e+01
8.056003570556640625e+01
8.043504333496093750e+01
8.114826202392578125e+01
8.186148071289062500e+01
8.257469177246093750e+01
8.328791046142578125e+01
8.471434020996093750e+01
8.249830627441406250e+01
8.309182739257812500e+01
8.368534851074218750e+01
8.427886962890625000e+01
8.487238311767578125e+01
6.763988494873046875e+01
6.806427764892578125e+01
6.848867797851562500e+01
6.933747100830078125e+01
7.018627166748046875e+01
7.103506469726562500e+01
7.273265838623046875e+01
6.855351257324218750e+01
6.916908264160156250e+01
6.978466033935546875e+01
7.040023803710937500e+01
7.347811126708984375e+01
7.655599212646484375e+01
7.754876708984375000e+01
7.812818908691406250e+01
7.870761108398437500e+01
7.986645507812500000e+01
5.831578063964843750e+01
5.892688751220703125e+01
5.953799438476562500e+01
6.076021194458007812e+01
6.198242950439453125e+01
6.320464324951171875e+01
6.442686462402343750e+01
6.564907836914062500e+01
7.356923675537109375e+01
7.432529449462890625e+01
7.508135223388671875e+01
7.583740997314453125e+01
6.754287719726562500e+01
6.817465972900390625e+01
6.880644989013671875e+01
6.943823242187500000e+01
7.007002258300781250e+01
7.133359527587890625e+01
8.490968322753906250e+01
8.582673645019531250e+01
8.674378204345703125e+01
8.766082763671875000e+01
8.857787322998046875e+01
7.151651000976562500e+01
7.208166503906250000e+01
7.321197509765625000e+01
7.547259521484375000e+01
7.829837036132812500e+01
6.925534820556640625e+01
6.951079559326171875e+01
6.976624298095703125e+01
7.002168273925781250e+01
7.027713012695312500e+01
7.956444549560546875e+01
8.013364410400390625e+01
8.070284271240234375e+01
8.297963714599609375e+01
8.411803436279296875e+01
8.528756713867187500e+01
8.556942749023437500e+01
8.585128784179687500e+01
8.641500854492187500e+01
8.060181427001953125e+01
8.143447875976562500e+01
8.226714324951171875e+01
8.309980773925781250e+01
8.643046569824218750e+01
9.142645263671875000e+01
9.225912475585937500e+01
9.558978271484375000e+01
7.706482696533203125e+01
7.779526519775390625e+01
7.852570343017578125e+01
7.925614166259765625e+01
7.998657989501953125e+01
8.401197052001953125e+01
8.426779174804687500e+01
8.452360534667968750e+01
8.503523254394531250e+01
8.554685974121093750e+01
7.726664733886718750e+01
7.805463409423828125e+01
7.884262084960937500e+01
8.041859436035156250e+01
7.701925659179687500e+01
7.750244140625000000e+01
7.798561859130859375e+01
7.895198059082031250e+01
6.785583496093750000e+01
6.832398986816406250e+01
6.879213714599609375e+01
6.926029205322265625e+01
6.972843933105468750e+01
7.985401916503906250e+01
8.035647583007812500e+01
8.085893249511718750e+01
8.186384582519531250e+01
8.286875152587890625e+01
6.629177856445312500e+01
6.669740295410156250e+01
6.710302734375000000e+01
6.791426849365234375e+01
6.872550964355468750e+01
6.994238281250000000e+01
7.075362396240234375e+01
7.156487274169921875e+01
8.536116790771484375e+01
8.579333496093750000e+01
8.622550201416015625e+01
8.665766906738281250e+01
8.708983612060546875e+01
8.795417022705078125e+01
6.826734161376953125e+01
6.879584503173828125e+01
7.143833923339843750e+01
7.249533843994140625e+01
7.460933685302734375e+01
6.834534454345703125e+01
6.901269531250000000e+01
7.101473999023437500e+01
7.168209075927734375e+01
7.649403381347656250e+01
7.691156005859375000e+01
7.732908630371093750e+01
7.774662017822265625e+01
7.816414642333984375e+01
7.667744445800781250e+01
7.716907501220703125e+01
7.766070556640625000e+01
7.962722778320312500e+01
8.110211944580078125e+01
8.208538055419921875e+01
8.306864166259765625e+01
8.760028839111328125e+01
8.857490539550781250e+01
9.052414703369140625e+01
9.442263031005859375e+01
6.260749435424804688e+01
6.307251739501953125e+01
6.353754425048828125e+01
6.446759796142578125e+01
6.539765167236328125e+01
6.632769775390625000e+01
6.725775146484375000e+01
6.818780517578125000e+01
7.700742340087890625e+01
7.775273132324218750e+01
7.849804687500000000e+01
7.998867034912109375e+01
7.379938507080078125e+01
7.431828308105468750e+01
7.483718109130859375e+01
7.535608673095703125e+01
7.587498474121093750e+01
7.691278076171875000e+01
7.795057678222656250e+01
8.002617645263671875e+01
8.827911376953125000e+01
8.914244842529296875e+01
9.000579071044921875e+01
9.086913299560546875e+01
7.640874481201171875e+01
7.688983917236328125e+01
7.737094116210937500e+01
7.785203552246093750e+01
7.833312988281250000e+01
7.400991821289062500e+01
7.419457244873046875e+01
7.437921905517578125e+01
7.474852752685546875e+01
7.511782836914062500e+01
8.932423400878906250e+01
9.012996673583984375e+01
9.093569946289062500e+01
9.174143218994140625e+01
9.254716491699218750e+01
8.356565093994140625e+01
8.407278442382812500e+01
8.457991027832031250e+01
8.508704376220703125e+01
7.013522338867187500e+01
7.060362243652343750e+01
7.107201385498046875e+01
7.200880432128906250e+01
7.746543884277343750e+01
7.799935913085937500e+01
7.853327941894531250e+01
7.906719970703125000e+01
7.960111999511718750e+01
7.389742279052734375e+01
7.454404449462890625e+01
7.519065856933593750e+01
7.583728027343750000e+01
7.648389434814453125e+01
7.777713775634765625e+01
7.501157379150390625e+01
7.558393859863281250e+01
7.615631103515625000e+01
7.672868347167968750e+01
7.787342071533203125e+01
7.901816558837890625e+01
8.016290283203125000e+01
8.130764770507812500e+01
8.324198150634765625e+01
8.406786346435546875e+01
8.489375305175781250e+01
8.571963500976562500e+01
8.737139892578125000e+01
7.102490997314453125e+01
7.137478637695312500e+01
7.277429199218750000e+01
7.487355041503906250e+01
7.557330322265625000e+01
7.107003021240234375e+01
7.154096984863281250e+01
7.201190948486328125e+01
7.248284912109375000e+01
7.389567565917968750e+01
6.883062744140625000e+01
6.933255767822265625e+01
6.983448791503906250e+01
7.033641815185546875e+01
7.083834838867187500e+01
7.234414672851562500e+01
7.384993743896484375e+01
7.485379791259765625e+01
6.065694046020507812e+01
6.107466888427734375e+01
6.149240112304687500e+01
6.232786560058593750e+01
6.316332626342773438e+01
6.441651916503906250e+01
6.574314117431640625e+01
6.621100616455078125e+01
6.667886352539062500e+01
6.761459350585937500e+01
6.948604583740234375e+01
7.042177581787109375e+01
7.135749816894531250e+01
6.514384460449218750e+01
6.548835754394531250e+01
6.583287048339843750e+01
6.617738342285156250e+01
6.652190399169921875e+01
6.789995574951171875e+01
6.858898162841796875e+01
6.927801513671875000e+01
7.164716339111328125e+01
7.219766235351562500e+01
7.274816131591796875e+01
7.384915924072265625e+01
7.495014953613281250e+01
7.605114746093750000e+01
7.715214538574218750e+01
7.825314331054687500e+01
7.183154296875000000e+01
7.243318176269531250e+01
7.303482055664062500e+01
7.423809814453125000e+01
7.933201599121093750e+01
7.945684051513671875e+01
7.958165740966796875e+01
7.983129119873046875e+01
8.008092498779296875e+01
8.033055877685546875e+01
8.082983398437500000e+01
7.269934082031250000e+01
7.291498565673828125e+01
7.313062286376953125e+01
7.356191253662109375e+01
7.399319458007812500e+01
7.520095825195312500e+01
7.577049255371093750e+01
7.634002685546875000e+01
7.747909545898437500e+01
8.471411132812500000e+01
8.503737640380859375e+01
8.536063385009765625e+01
8.568389129638671875e+01
8.563081359863281250e+01
8.589332580566406250e+01
8.615583801269531250e+01
8.641835021972656250e+01
8.668086242675781250e+01
7.405954742431640625e+01
7.483757019042968750e+01
7.561559295654296875e+01
7.639362335205078125e+01
7.717164611816406250e+01
7.872769927978515625e+01
8.028374481201171875e+01
8.031286621093750000e+01
8.071504974365234375e+01
8.111722564697265625e+01
8.151940155029296875e+01
8.192158508300781250e+01
8.272594451904296875e+01
8.353029632568359375e+01
8.433465576171875000e+01
8.513901519775390625e+01
7.173462677001953125e+01
7.236773681640625000e+01
7.300084686279296875e+01
7.426707458496093750e+01
7.933196258544921875e+01
7.855482482910156250e+01
7.909304046630859375e+01
8.016947174072265625e+01
8.124590301513671875e+01
8.232233428955078125e+01
7.930004882812500000e+01
7.983921813964843750e+01
8.037838745117187500e+01
8.091755676269531250e+01
8.145672607421875000e+01
8.396564483642578125e+01
8.470540618896484375e+01
8.618492126464843750e+01
8.692468261718750000e+01
7.094950866699218750e+01
7.180129241943359375e+01
7.265307617187500000e+01
7.606019592285156250e+01
7.946731567382812500e+01
8.287444305419921875e+01
6.338743209838867188e+01
6.389746856689453125e+01
6.440750885009765625e+01
6.542758178710937500e+01
6.797777557373046875e+01
6.848781585693359375e+01
6.950789642333984375e+01
7.052796936035156250e+01
7.634406280517578125e+01
7.714748382568359375e+01
7.795089721679687500e+01
7.955773162841796875e+01
8.084391784667968750e+01
8.138121032714843750e+01
8.191850280761718750e+01
8.299308776855468750e+01
8.406767272949218750e+01
8.514225769042968750e+01
8.729142761230468750e+01
7.997232055664062500e+01
8.056459045410156250e+01
8.115686035156250000e+01
8.234139251708984375e+01
7.232109069824218750e+01
7.275678253173828125e+01
7.319247436523437500e+01
7.406385803222656250e+01
7.493523406982421875e+01
7.580661773681640625e+01
7.667800140380859375e+01
7.754937744140625000e+01
7.026805114746093750e+01
7.075807952880859375e+01
7.124810791015625000e+01
7.222816467285156250e+01
7.320822143554687500e+01
7.516834259033203125e+01
7.712845611572265625e+01
8.971095275878906250e+01
9.050834655761718750e+01
9.130574798583984375e+01
9.210314941406250000e+01
9.290054321289062500e+01
9.375070190429687500e+01
9.461030578613281250e+01
9.546991729736328125e+01
9.632952880859375000e+01
7.892835998535156250e+01
7.939505767822265625e+01
7.986175537109375000e+01
8.079515838623046875e+01
8.452875518798828125e+01
8.921769714355468750e+01
9.009112548828125000e+01
9.096455383300781250e+01
9.271141052246093750e+01
6.844741821289062500e+01
6.885628509521484375e+01
6.926515197753906250e+01
7.008288574218750000e+01
7.171834564208984375e+01
7.253607940673828125e+01
7.335381317138671875e+01
7.417154693603515625e+01
7.532324218750000000e+01
7.552222442626953125e+01
7.572120666503906250e+01
7.592019653320312500e+01
7.611917877197265625e+01
7.050181579589843750e+01
7.115462493896484375e+01
7.246023559570312500e+01
7.376584625244140625e+01
7.507146453857421875e+01
7.637707519531250000e+01
7.768268585205078125e+01
7.898829650878906250e+01
7.575129699707031250e+01
7.642259216308593750e+01
7.709387969970703125e+01
7.843646240234375000e+01
7.977904510498046875e+01
7.738359832763671875e+01
7.799099731445312500e+01
7.920580291748046875e+01
7.981320190429687500e+01
7.963676452636718750e+01
8.043702697753906250e+01
8.123728179931640625e+01
8.283779907226562500e+01
7.091964721679687500e+01
7.115078735351562500e+01
7.138193511962890625e+01
7.161308288574218750e+01
6.889556884765625000e+01
7.057289886474609375e+01
7.280934906005859375e+01
7.392757415771484375e+01
7.728224182128906250e+01
6.988161468505859375e+01
7.035688018798828125e+01
7.130741119384765625e+01
7.225794219970703125e+01
7.368373870849609375e+01
7.558479309082031250e+01
7.653532409667968750e+01
8.253527832031250000e+01
8.323621368408203125e+01
8.393714904785156250e+01
8.533901977539062500e+01
8.227490234375000000e+01
8.256861877441406250e+01
8.286233520507812500e+01
8.374347686767578125e+01
6.926914215087890625e+01
6.952663421630859375e+01
6.978412628173828125e+01
7.029911041259765625e+01
7.081409454345703125e+01
7.132907104492187500e+01
6.569927978515625000e+01
6.599051666259765625e+01
6.628175354003906250e+01
6.686423492431640625e+01
6.744671630859375000e+01
6.796743011474609375e+01
6.850247192382812500e+01
6.957255554199218750e+01
7.064263153076171875e+01
7.171271514892578125e+01
7.278279876708984375e+01
7.759816741943359375e+01
7.489172363281250000e+01
7.567836761474609375e+01
7.646500396728515625e+01
7.803827667236328125e+01
8.120859527587890625e+01
8.393100738525390625e+01
8.483847808837890625e+01
8.665341949462890625e+01
7.791687011718750000e+01
7.862751770019531250e+01
7.933816528320312500e+01
8.004880523681640625e+01
8.075945281982421875e+01
8.218074798583984375e+01
8.360203552246093750e+01
8.502333068847656250e+01
8.644462585449218750e+01
7.721282196044921875e+01
7.797543334960937500e+01
7.873804473876953125e+01
8.026325988769531250e+01
8.178848266601562500e+01
7.150197601318359375e+01
7.209055328369140625e+01
7.267913055419921875e+01
7.621059417724609375e+01
7.856491088867187500e+01
8.091921997070312500e+01
8.210514831542968750e+01
8.264153289794921875e+01
8.317791748046875000e+01
8.425068664550781250e+01
8.532344818115234375e+01
7.908451080322265625e+01
7.981720733642578125e+01
8.054991149902343750e+01
8.201530456542968750e+01
8.129875946044921875e+01
8.211923980712890625e+01
8.293971252441406250e+01
8.376019287109375000e+01
8.458066558837890625e+01
7.013552856445312500e+01
7.079874420166015625e+01
7.146196746826171875e+01
7.278840637207031250e+01
7.872565460205078125e+01
7.913137054443359375e+01
8.115993499755859375e+01
8.197135925292968750e+01
8.278279113769531250e+01
8.754123687744140625e+01
8.824535369873046875e+01
8.894946289062500000e+01
8.965357971191406250e+01
6.873560333251953125e+01
6.915734863281250000e+01
6.957908630371093750e+01
7.042257690429687500e+01
7.126605987548828125e+01
8.171607971191406250e+01
8.243897247314453125e+01
8.460765075683593750e+01
8.749922180175781250e+01
7.282064819335937500e+01
7.304395294189453125e+01
7.326725006103515625e+01
7.371384429931640625e+01
7.393714904785156250e+01
7.778923797607421875e+01
7.918789672851562500e+01
7.988722229003906250e+01
8.058654785156250000e+01
7.389696502685546875e+01
7.470896911621093750e+01
7.552098083496093750e+01
7.633298492431640625e+01
7.876900482177734375e+01
7.449852752685546875e+01
7.531945037841796875e+01
7.614038085937500000e+01
7.696130371093750000e+01
8.024500274658203125e+01
7.436740875244140625e+01
7.504177093505859375e+01
7.571614074707031250e+01
7.706488037109375000e+01
7.841361999511718750e+01
8.004904937744140625e+01
8.074751281738281250e+01
8.144597625732421875e+01
8.214443969726562500e+01
7.705398559570312500e+01
7.820598602294921875e+01
7.935798645019531250e+01
8.050998687744140625e+01
8.281399536132812500e+01
7.375147247314453125e+01
7.436197662353515625e+01
7.497248077392578125e+01
7.619348907470703125e+01
8.018157196044921875e+01
8.038886260986328125e+01
8.059615325927734375e+01
8.101072692871093750e+01
8.142530822753906250e+01
7.250634765625000000e+01
7.320880889892578125e+01
7.391127014160156250e+01
7.461373138427734375e+01
7.531619262695312500e+01
7.672111511230468750e+01
7.812603759765625000e+01
7.953096008300781250e+01
8.093588256835937500e+01
7.870234680175781250e+01
7.946108245849609375e+01
8.021981811523437500e+01
8.097855377197265625e+01
8.173728942871093750e+01
7.374172210693359375e+01
7.433486175537109375e+01
7.492800140380859375e+01
7.611428070068359375e+01
7.730055236816406250e+01
7.080319213867187500e+01
7.103084564208984375e+01
7.125850677490234375e+01
7.148616790771484375e+01
7.171382904052734375e+01
8.551527404785156250e+01
8.642289733886718750e+01
8.733051300048828125e+01
8.823813629150390625e+01
7.850948333740234375e+01
7.910035705566406250e+01
7.969123077392578125e+01
8.028209686279296875e+01
8.031968688964843750e+01
8.104969024658203125e+01
8.177969360351562500e+01
8.323970031738281250e+01
6.944664764404296875e+01
6.986688232421875000e+01
7.028712463378906250e+01
7.070736694335937500e+01
7.112760162353515625e+01
7.196808624267578125e+01
7.280856323242187500e+01
7.364904785156250000e+01
7.448952484130859375e+01
7.533000183105468750e+01
8.054322052001953125e+01
8.110680389404296875e+01
8.167038726806640625e+01
8.279756164550781250e+01
8.505191040039062500e+01
8.730625915527343750e+01
7.716924285888671875e+01
7.766152191162109375e+01
7.815379333496093750e+01
7.864607238769531250e+01
7.913835144042968750e+01
7.179711914062500000e+01
7.238188934326171875e+01
7.296666717529296875e+01
7.764484405517578125e+01
7.881439208984375000e+01
7.066198730468750000e+01
7.135244750976562500e+01
7.342382812500000000e+01
7.618566894531250000e+01
7.894750976562500000e+01
8.020670318603515625e+01
8.089288330078125000e+01
8.157906341552734375e+01
8.226524353027343750e+01
7.738069915771484375e+01
7.802479553222656250e+01
7.866889190673828125e+01
7.931298065185546875e+01
7.995707702636718750e+01
6.494293975830078125e+01
6.536958312988281250e+01
6.579623413085937500e+01
6.664952850341796875e+01
6.750282287597656250e+01
6.920940399169921875e+01
7.006269836425781250e+01
7.091599273681640625e+01
7.262258148193359375e+01
8.413426971435546875e+01
8.483999633789062500e+01
8.554573059082031250e+01
8.625146484375000000e+01
8.050847625732421875e+01
8.135360717773437500e+01
8.219873809814453125e+01
8.304386901855468750e+01
8.557926177978515625e+01
8.726952362060546875e+01
8.895978546142578125e+01
8.511172485351562500e+01
8.600758361816406250e+01
8.690344238281250000e+01
8.779930114746093750e+01
8.959101867675781250e+01
7.121331787109375000e+01
7.172652435302734375e+01
7.223973846435546875e+01
7.326615142822265625e+01
7.429257202148437500e+01
7.200666809082031250e+01
7.261404418945312500e+01
7.322142028808593750e+01
7.443617248535156250e+01
7.431661987304687500e+01
7.453186035156250000e+01
7.474710083007812500e+01
7.560805511474609375e+01
6.807942962646484375e+01
6.865729522705078125e+01
6.923515319824218750e+01
7.270234680175781250e+01
7.385807800292968750e+01
7.501380920410156250e+01
7.616954040527343750e+01
7.732527160644531250e+01
7.885314941406250000e+01
7.952281188964843750e+01
8.019248199462890625e+01
8.086214447021484375e+01
8.153180694580078125e+01
8.421046447753906250e+01
7.484167480468750000e+01
7.551184844970703125e+01
7.618202972412109375e+01
7.685221099853515625e+01
7.752238464355468750e+01
9.031811523437500000e+01
9.113674926757812500e+01
9.195537567138671875e+01
9.359262847900390625e+01
6.801310729980468750e+01
6.852047729492187500e+01
6.953520965576171875e+01
7.156468200683593750e+01
7.308678436279296875e+01
8.150976562500000000e+01
8.222351074218750000e+01
8.293726348876953125e+01
8.365101623535156250e+01
8.353133392333984375e+01
8.410736083984375000e+01
8.525939941406250000e+01
8.641144561767578125e+01
8.023377990722656250e+01
8.071205902099609375e+01
8.262517547607421875e+01
8.358172607421875000e+01
8.453828430175781250e+01
7.288163757324218750e+01
7.337726593017578125e+01
7.436853027343750000e+01
7.486415863037109375e+01
7.585542297363281250e+01
7.783794403076171875e+01
7.833357238769531250e+01
8.307394409179687500e+01
8.385668945312500000e+01
8.463944244384765625e+01
8.542219543457031250e+01
8.777044677734375000e+01
8.933594512939453125e+01
9.246694183349609375e+01
9.403244018554687500e+01
7.856103515625000000e+01
7.918911743164062500e+01
7.981719207763671875e+01
8.107334899902343750e+01
8.232950592041015625e+01
8.327859497070312500e+01
8.414717102050781250e+01
8.501575469970703125e+01
8.588433074951171875e+01
9.196437072753906250e+01
7.766864013671875000e+01
7.832780456542968750e+01
7.898696899414062500e+01
7.964613342285156250e+01
8.030529022216796875e+01
8.162361907958984375e+01
8.426027679443359375e+01
8.275225067138671875e+01
8.369292449951171875e+01
8.463359832763671875e+01
8.557427978515625000e+01
8.651495361328125000e+01
8.839630126953125000e+01
9.027765655517578125e+01
6.525708007812500000e+01
6.581126403808593750e+01
6.636544036865234375e+01
6.747380828857421875e+01
6.858216857910156250e+01
6.969053649902343750e+01
7.190726470947265625e+01
6.970579528808593750e+01
7.038166809082031250e+01
7.105754852294921875e+01
7.240930175781250000e+01
6.796376800537109375e+01
6.845903015136718750e+01
6.895429992675781250e+01
6.994483184814453125e+01
7.093537139892578125e+01
7.390697479248046875e+01
8.141824340820312500e+01
8.226417541503906250e+01
8.311010742187500000e+01
8.395603942871093750e+01
8.480196380615234375e+01
7.302877807617187500e+01
7.375411224365234375e+01
7.447945404052734375e+01
7.520479583740234375e+01
7.883148956298828125e+01
8.499372863769531250e+01
8.551070404052734375e+01
8.602767181396484375e+01
8.654463958740234375e+01
8.706160736083984375e+01
8.809554290771484375e+01
8.912948608398437500e+01
9.016342163085937500e+01
9.544129943847656250e+01
9.625559997558593750e+01
9.706990051269531250e+01
9.788420104980468750e+01
1.003270874023437500e+02
1.035842819213867188e+02
7.497613525390625000e+01
7.567491149902343750e+01
7.602429962158203125e+01
7.672307586669921875e+01
7.742185211181640625e+01
8.493740844726562500e+01
8.552845001220703125e+01
8.611949157714843750e+01
8.671053314208984375e+01
8.848365783691406250e+01
7.225809478759765625e+01
7.273785400390625000e+01
7.321761322021484375e+01
7.609615325927734375e+01
7.705567169189453125e+01
7.801519012451171875e+01
7.897470092773437500e+01
7.106080627441406250e+01
7.186466217041015625e+01
7.266851043701171875e+01
7.427620697021484375e+01
7.588390350341796875e+01
7.561676788330078125e+01
7.630481719970703125e+01
7.699286651611328125e+01
7.974507141113281250e+01
8.112117004394531250e+01
7.910225677490234375e+01
8.082090759277343750e+01
8.168023681640625000e+01
8.253955841064453125e+01
6.325942230224609375e+01
6.357467651367187500e+01
6.388993072509765625e+01
6.420518493652343750e+01
6.515094757080078125e+01
6.609671783447265625e+01
6.704248046875000000e+01
7.444413757324218750e+01
7.517487335205078125e+01
7.590561676025390625e+01
7.663636016845703125e+01
7.809783935546875000e+01
7.246675872802734375e+01
7.364505004882812500e+01
7.482334136962890625e+01
8.012564849853515625e+01
8.189308166503906250e+01
7.662062835693359375e+01
7.716843414306640625e+01
7.826405334472656250e+01
7.881186676025390625e+01
7.990748596191406250e+01
7.143392181396484375e+01
7.205715179443359375e+01
7.268038940429687500e+01
7.330362701416015625e+01
7.392686462402343750e+01
7.517333221435546875e+01
7.641979980468750000e+01
7.766627502441406250e+01
7.891274261474609375e+01
8.140568542480468750e+01
7.905865478515625000e+01
7.924048614501953125e+01
7.942231750488281250e+01
7.978598785400390625e+01
6.654164123535156250e+01
6.685085296630859375e+01
6.716006469726562500e+01
6.777849578857421875e+01
6.839691925048828125e+01
7.541357421875000000e+01
7.663208007812500000e+01
7.724133300781250000e+01
7.785058593750000000e+01
7.906909942626953125e+01
8.028760528564453125e+01
8.150611114501953125e+01
6.628443908691406250e+01
6.691960144042968750e+01
6.755476379394531250e+01
6.882508850097656250e+01
7.009541320800781250e+01
7.136573791503906250e+01
7.263606262207031250e+01
7.390638732910156250e+01
7.937886047363281250e+01
7.988526153564453125e+01
8.039166259765625000e+01
8.089806365966796875e+01
7.143505096435546875e+01
7.214825439453125000e+01
7.286145782470703125e+01
7.357466888427734375e+01
7.428787231445312500e+01
7.571427917480468750e+01
7.999351501464843750e+01
7.696845245361328125e+01
7.771384429931640625e+01
7.845924377441406250e+01
7.920464324951171875e+01
8.432076263427734375e+01
8.483616638183593750e+01
8.535157775878906250e+01
8.586698150634765625e+01
6.851615905761718750e+01
6.921663665771484375e+01
6.991711425781250000e+01
7.061758422851562500e+01
7.341948699951171875e+01
7.482043457031250000e+01
8.268834686279296875e+01
8.324613952636718750e+01
8.380393218994140625e+01
8.436172485351562500e+01
8.491951751708984375e+01
8.603510284423828125e+01
8.038037109375000000e+01
8.121550750732421875e+01
8.205064392089843750e+01
8.288578033447265625e+01
8.372091674804687500e+01
6.690248870849609375e+01
6.735790252685546875e+01
6.781331634521484375e+01
6.826873016357421875e+01
6.872414398193359375e+01
6.963496398925781250e+01
7.054579162597656250e+01
7.145661926269531250e+01
7.236744689941406250e+01
6.532068634033203125e+01
6.601061248779296875e+01
6.670053100585937500e+01
6.808037567138671875e+01
6.946022033691406250e+01
7.152999114990234375e+01
7.290983581542968750e+01
7.412080383300781250e+01
7.472139739990234375e+01
7.532198333740234375e+01
7.592257690429687500e+01
7.772434997558593750e+01
7.892553710937500000e+01
8.012671661376953125e+01
7.530255126953125000e+01
7.591900634765625000e+01
7.653546905517578125e+01
7.776838684082031250e+01
7.900131225585937500e+01
7.888511657714843750e+01
7.955950164794921875e+01
8.023389434814453125e+01
8.090828704833984375e+01
8.158267211914062500e+01
7.079970550537109375e+01
7.144024658203125000e+01
7.272132110595703125e+01
7.336186218261718750e+01
8.396685028076171875e+01
8.471596527099609375e+01
8.546508789062500000e+01
8.696331787109375000e+01
7.299353790283203125e+01
7.320554351806640625e+01
7.341754150390625000e+01
7.362954711914062500e+01
7.405355834960937500e+01
7.447756195068359375e+01
7.532557678222656250e+01
7.574958801269531250e+01
7.617359161376953125e+01
8.243772125244140625e+01
8.328340148925781250e+01
8.412908172607421875e+01
8.582044982910156250e+01
7.900469970703125000e+01
7.918590545654296875e+01
7.954830932617187500e+01
7.972951507568359375e+01
6.934091186523437500e+01
6.985437011718750000e+01
7.036783599853515625e+01
7.242167663574218750e+01
7.447552490234375000e+01
7.550244140625000000e+01
7.860236358642578125e+01
7.914753723144531250e+01
7.969270324707031250e+01
8.078304290771484375e+01
8.854657745361328125e+01
8.943816375732421875e+01
9.032974243164062500e+01
9.211290740966796875e+01
7.280184173583984375e+01
7.301567077636718750e+01
7.344333648681640625e+01
7.365717315673828125e+01
6.734482574462890625e+01
6.791618347167968750e+01
6.848754882812500000e+01
6.905890655517578125e+01
6.963027191162109375e+01
7.077299499511718750e+01
7.244845581054687500e+01
7.304734039306640625e+01
7.364623260498046875e+01
7.424512481689453125e+01
7.723957061767578125e+01
7.843734741210937500e+01
7.963513183593750000e+01
8.083290863037109375e+01
7.679322814941406250e+01
7.726261138916015625e+01
7.773200225830078125e+01
7.820139312744140625e+01
7.867078399658203125e+01
8.054834747314453125e+01
8.148712921142578125e+01
8.242591094970703125e+01
6.576167297363281250e+01
6.634886932373046875e+01
6.693606567382812500e+01
6.811045837402343750e+01
6.928485107421875000e+01
7.762844085693359375e+01
7.837412261962890625e+01
7.911979675292968750e+01
8.061115264892578125e+01
8.210250091552734375e+01
8.359385681152343750e+01
7.047554779052734375e+01
7.095993041992187500e+01
7.241308593750000000e+01
7.338185882568359375e+01
7.435063171386718750e+01
7.531940460205078125e+01
7.628816986083984375e+01
7.725694274902343750e+01
8.249772644042968750e+01
8.360466003417968750e+01
8.471158599853515625e+01
8.581851196289062500e+01
8.747890472412109375e+01
8.858583068847656250e+01
7.228683471679687500e+01
7.290221405029296875e+01
7.351759338378906250e+01
7.474835968017578125e+01
7.597912597656250000e+01
7.844065093994140625e+01
8.566726684570312500e+01
8.601903533935546875e+01
8.707435607910156250e+01
8.777790069580078125e+01
7.702078247070312500e+01
7.761386871337890625e+01
7.820696258544921875e+01
7.880004882812500000e+01
7.939313507080078125e+01
8.057931518554687500e+01
8.889704132080078125e+01
8.965888214111328125e+01
9.042073059082031250e+01
9.194441986083984375e+01
6.522864532470703125e+01
6.579966735839843750e+01
6.637069702148437500e+01
6.751274108886718750e+01
6.865478515625000000e+01
8.308102416992187500e+01
8.412200927734375000e+01
8.481600189208984375e+01
8.550999450683593750e+01
6.684561920166015625e+01
6.745574188232421875e+01
6.806586456298828125e+01
6.867599487304687500e+01
6.928611755371093750e+01
6.351137542724609375e+01
6.405751800537109375e+01
6.460366058349609375e+01
6.569595336914062500e+01
6.678823852539062500e+01
6.788052368164062500e+01
6.897280883789062500e+01
7.006509399414062500e+01
8.219860839843750000e+01
8.306317138671875000e+01
8.392773437500000000e+01
8.479228973388671875e+01
8.565685272216796875e+01
7.180417633056640625e+01
7.233453369140625000e+01
7.286489105224609375e+01
7.392561340332031250e+01
7.498632812500000000e+01
7.522434997558593750e+01
7.583782958984375000e+01
7.645130157470703125e+01
7.706477355957031250e+01
7.890520477294921875e+01
8.135910034179687500e+01
7.091746520996093750e+01
7.112983703613281250e+01
7.155457305908203125e+01
7.304116058349609375e+01
7.346589660644531250e+01
8.087480163574218750e+01
8.165206909179687500e+01
8.242933654785156250e+01
8.320660400390625000e+01
8.398387145996093750e+01
6.564528656005859375e+01
6.631546020507812500e+01
6.698562622070312500e+01
6.832596588134765625e+01
6.966630554199218750e+01
7.234697723388671875e+01
7.368731689453125000e+01
6.733325195312500000e+01
6.762938690185546875e+01
6.792551422119140625e+01
6.851777648925781250e+01
6.911003875732421875e+01
7.449215698242187500e+01
7.615361785888671875e+01
8.113801574707031250e+01
8.279948425292968750e+01
6.345204544067382812e+01
6.403002929687500000e+01
6.460800170898437500e+01
6.576396179199218750e+01
6.807588195800781250e+01
7.032144165039062500e+01
7.082465362548828125e+01
7.132787322998046875e+01
7.183108520507812500e+01
7.233430480957031250e+01
7.384394836425781250e+01
7.097780609130859375e+01
7.377742767333984375e+01
7.657704925537109375e+01
7.797686767578125000e+01
7.937667846679687500e+01
8.077648925781250000e+01
8.217630004882812500e+01
7.013793945312500000e+01
7.087648773193359375e+01
7.161503601074218750e+01
7.235357666015625000e+01
7.309212493896484375e+01
6.859994506835937500e+01
6.885594940185546875e+01
6.911194610595703125e+01
6.962394714355468750e+01
7.013594818115234375e+01
8.119265747070312500e+01
8.160138702392578125e+01
8.201011657714843750e+01
8.241884613037109375e+01
8.323630523681640625e+01
8.405375671386718750e+01
8.487121582031250000e+01
7.346724700927734375e+01
7.411163330078125000e+01
7.475601196289062500e+01
7.540039062500000000e+01
7.604476928710937500e+01
7.733352661132812500e+01
7.862228393554687500e+01
7.991104125976562500e+01
7.669177246093750000e+01
7.733872222900390625e+01
7.798567962646484375e+01
7.863263702392578125e+01
6.850437164306640625e+01
6.920729827880859375e+01
6.991022491455078125e+01
7.061315917968750000e+01
7.131608581542968750e+01
6.678600311279296875e+01
6.720859527587890625e+01
6.763118743896484375e+01
6.847637939453125000e+01
6.932157135009765625e+01
7.016675567626953125e+01
7.185713958740234375e+01
7.270232391357421875e+01
8.196780395507812500e+01
8.282432556152343750e+01
8.368083953857421875e+01
8.453735351562500000e+01
8.539387512207031250e+01
8.710690307617187500e+01
7.567025756835937500e+01
7.626067352294921875e+01
7.685109710693359375e+01
7.803192901611328125e+01
7.044378662109375000e+01
7.255079650878906250e+01
7.465781402587890625e+01
7.571131896972656250e+01
7.781832885742187500e+01
6.267251586914062500e+01
6.304703140258789062e+01
6.342154693603515625e+01
6.417057037353515625e+01
6.491960144042968750e+01
6.641765594482421875e+01
8.423765563964843750e+01
8.507400512695312500e+01
8.591035461425781250e+01
8.674671173095703125e+01
7.676765441894531250e+01
7.762192535400390625e+01
7.847620391845703125e+01
7.933047485351562500e+01
8.018475341796875000e+01
8.346189880371093750e+01
8.508092498779296875e+01
8.589044189453125000e+01
8.669995880126953125e+01
8.831898498535156250e+01
7.097912597656250000e+01
7.139881134033203125e+01
7.181848907470703125e+01
7.223817443847656250e+01
7.265785217285156250e+01
7.349721527099609375e+01
7.433657836914062500e+01
7.517594146728515625e+01
7.601530456542968750e+01
7.009207153320312500e+01
7.033381652832031250e+01
7.057555389404296875e+01
7.105903625488281250e+01
7.154251861572265625e+01
8.377804565429687500e+01
8.451905822753906250e+01
8.526007080078125000e+01
8.674208831787109375e+01
7.435990142822265625e+01
7.503971099853515625e+01
7.571951293945312500e+01
7.639932250976562500e+01
7.707913208007812500e+01
7.746811676025390625e+01
7.811109161376953125e+01
7.875407409667968750e+01
7.939704895019531250e+01
8.004002380371093750e+01
8.132598114013671875e+01
7.918251037597656250e+01
7.996975708007812500e+01
8.154425811767578125e+01
8.311875915527343750e+01
8.108482360839843750e+01
8.145222473144531250e+01
8.181961822509765625e+01
8.218701171875000000e+01
8.255440521240234375e+01
8.328919219970703125e+01
8.402397918701171875e+01
8.475877380371093750e+01
8.549356079101562500e+01
7.367541503906250000e+01
7.450090026855468750e+01
7.532638549804687500e+01
7.615186309814453125e+01
7.697734832763671875e+01
8.027927398681640625e+01
7.011822509765625000e+01
7.053294372558593750e+01
7.177709960937500000e+01
7.219181823730468750e+01
8.750762939453125000e+01
8.807247924804687500e+01
8.920217895507812500e+01
8.976702880859375000e+01
9.089672851562500000e+01
7.569589996337890625e+01
7.633860778808593750e+01
7.698131561279296875e+01
7.826672363281250000e+01
8.558907318115234375e+01
8.650679779052734375e+01
8.742453002929687500e+01
8.834225463867187500e+01
8.925997924804687500e+01
9.109543609619140625e+01
8.671389007568359375e+01
8.760355377197265625e+01
8.849321746826171875e+01
8.938288116455078125e+01
9.027254486083984375e+01
6.954116821289062500e+01
6.978939819335937500e+01
7.003763580322265625e+01
7.053410339355468750e+01
7.103057861328125000e+01
6.970718383789062500e+01
7.070387268066406250e+01
7.469062042236328125e+01
7.568730163574218750e+01
7.668399047851562500e+01
7.768067932128906250e+01
7.255697631835937500e+01
7.307042694091796875e+01
7.358388519287109375e+01
7.409733581542968750e+01
7.461078643798828125e+01
7.563768768310546875e+01
7.666459655761718750e+01
7.923185729980468750e+01
8.077220916748046875e+01
7.488838195800781250e+01
7.555593109130859375e+01
7.622348022460937500e+01
7.689102935791015625e+01
7.755857849121093750e+01
7.889366912841796875e+01
8.022876739501953125e+01
7.266489410400390625e+01
7.337643432617187500e+01
7.408798217773437500e+01
7.693416595458984375e+01
7.495467376708984375e+01
7.545358276367187500e+01
7.595248413085937500e+01
7.695028686523437500e+01
7.894589996337890625e+01
7.994370269775390625e+01
8.094151306152343750e+01
6.296874237060546875e+01
6.337419128417968750e+01
6.459053802490234375e+01
6.540143585205078125e+01
6.621232604980468750e+01
6.335163879394531250e+01
6.371664428710937500e+01
6.408164978027343750e+01
6.481166076660156250e+01
6.554167175292968750e+01
6.700169372558593750e+01
7.340105438232421875e+01
7.397811126708984375e+01
7.455516052246093750e+01
7.570926666259765625e+01
7.686337280273437500e+01
6.455651855468750000e+01
6.495139312744140625e+01
6.534626007080078125e+01
6.613600921630859375e+01
6.692575073242187500e+01
6.509423828125000000e+01
6.544671630859375000e+01
6.579920196533203125e+01
6.650416564941406250e+01
7.914117431640625000e+01
7.967459106445312500e+01
8.020801544189453125e+01
8.127484893798828125e+01
8.234169006347656250e+01
6.351805877685546875e+01
6.398292922973632812e+01
6.444779968261718750e+01
6.537753295898437500e+01
6.630727386474609375e+01
6.723701477050781250e+01
8.025306701660156250e+01
8.059946441650390625e+01
8.094586181640625000e+01
8.163865661621093750e+01
8.646504211425781250e+01
8.713100433349609375e+01
8.779696655273437500e+01
8.912888336181640625e+01
7.801842498779296875e+01
7.900768280029296875e+01
7.999694061279296875e+01
8.197545623779296875e+01
6.929362487792968750e+01
6.998688507080078125e+01
7.068014526367187500e+01
7.206667327880859375e+01
7.415151977539062500e+01
7.505004119873046875e+01
7.594855499267578125e+01
7.954262542724609375e+01
8.133965301513671875e+01
6.769727325439453125e+01
6.824836730957031250e+01
6.879946136474609375e+01
6.935056304931640625e+01
6.990165710449218750e+01
6.932792663574218750e+01
6.991095733642578125e+01
7.107700347900390625e+01
7.224305725097656250e+01
8.187580871582031250e+01
8.208935546875000000e+01
8.230290222167968750e+01
8.272999572753906250e+01
7.500916290283203125e+01
7.521434020996093750e+01
7.541952514648437500e+01
7.582988739013671875e+01
6.709922790527343750e+01
6.774547576904296875e+01
6.839172363281250000e+01
6.903797149658203125e+01
6.968421936035156250e+01
6.909470367431640625e+01
6.928663635253906250e+01
6.947856903076171875e+01
6.986243438720703125e+01
7.024629211425781250e+01
7.063015747070312500e+01
7.331275939941406250e+01
7.378940582275390625e+01
7.426605224609375000e+01
7.521934509277343750e+01
7.712593078613281250e+01
7.347611999511718750e+01
7.369895935058593750e+01
7.392179107666015625e+01
7.436746215820312500e+01
7.525880432128906250e+01
6.731761932373046875e+01
6.789667510986328125e+01
6.847573089599609375e+01
6.963384246826171875e+01
7.195006561279296875e+01
6.397264862060546875e+01
6.422342681884765625e+01
6.447420501708984375e+01
6.497576141357421875e+01
7.340180969238281250e+01
7.410295867919921875e+01
7.480410766601562500e+01
7.620639801025390625e+01
7.860617065429687500e+01
7.929406738281250000e+01
7.998196411132812500e+01
8.135776519775390625e+01
8.273356628417968750e+01
8.548516082763671875e+01
7.285707092285156250e+01
7.391664123535156250e+01
7.497621154785156250e+01
7.603578186035156250e+01
7.815491485595703125e+01
6.917296600341796875e+01
6.960250091552734375e+01
7.003203582763671875e+01
7.089110565185546875e+01
7.175016784667968750e+01
7.260923767089843750e+01
6.519332885742187500e+01
6.620743560791015625e+01
6.722154235839843750e+01
6.823564910888671875e+01
6.924975585937500000e+01
8.021217346191406250e+01
8.079792785644531250e+01
8.138368225097656250e+01
8.255519866943359375e+01
8.372671508789062500e+01
7.328807830810546875e+01
7.469037628173828125e+01
7.609267425537109375e+01
7.749497222900390625e+01
7.889727020263671875e+01
7.888840484619140625e+01
7.917585754394531250e+01
7.946330261230468750e+01
8.003820037841796875e+01
8.061309814453125000e+01
7.040018463134765625e+01
7.080146026611328125e+01
7.120273590087890625e+01
7.200528717041015625e+01
6.526386260986328125e+01
6.584756469726562500e+01
6.643125915527343750e+01
6.759866333007812500e+01
6.876605987548828125e+01
6.993346405029296875e+01
6.546656799316406250e+01
6.586268615722656250e+01
6.625880432128906250e+01
6.705104064941406250e+01
6.784327697753906250e+01
6.863551330566406250e+01
7.793487548828125000e+01
7.851679992675781250e+01
8.026256561279296875e+01
8.142640686035156250e+01
7.043833160400390625e+01
7.090453338623046875e+01
7.137072753906250000e+01
7.323551940917968750e+01
6.639003753662109375e+01
6.685540771484375000e+01
6.732078552246093750e+01
6.825153350830078125e+01
6.918228149414062500e+01
7.011302947998046875e+01
7.956285858154296875e+01
7.999400329589843750e+01
8.128742218017578125e+01
8.214970397949218750e+01
8.301199340820312500e+01
6.407332611083984375e+01
6.431048583984375000e+01
6.454764556884765625e+01
6.502196502685546875e+01
6.597059631347656250e+01
8.069081115722656250e+01
8.136152648925781250e+01
8.203224182128906250e+01
8.337367248535156250e+01
6.569642639160156250e+01
6.600086975097656250e+01
6.630532073974609375e+01
6.691422271728515625e+01
6.752311706542968750e+01
6.813201904296875000e+01
7.465954589843750000e+01
7.559836578369140625e+01
7.653719329833984375e+01
7.841484832763671875e+01
8.029249572753906250e+01
8.217014312744140625e+01
7.411191558837890625e+01
7.466626739501953125e+01
7.522062683105468750e+01
7.632933807373046875e+01
6.523312377929687500e+01
6.559401702880859375e+01
6.595491027832031250e+01
6.739847564697265625e+01
6.812026214599609375e+01
7.746852111816406250e+01
7.805442047119140625e+01
7.864031982421875000e+01
7.981211090087890625e+01
6.836627197265625000e+01
6.884038543701171875e+01
6.931449127197265625e+01
7.026271057128906250e+01
7.121092987060546875e+01
7.215914154052734375e+01
8.012368774414062500e+01
8.069513702392578125e+01
8.126658630371093750e+01
8.240949249267578125e+01
8.355239105224609375e+01
7.485128021240234375e+01
7.543357849121093750e+01
7.601587677001953125e+01
7.718047332763671875e+01
7.834506988525390625e+01
7.950966644287109375e+01
7.723062896728515625e+01
7.847264099121093750e+01
7.971465301513671875e+01
8.095666503906250000e+01
8.219868469238281250e+01
6.681484985351562500e+01
6.734541320800781250e+01
6.787598419189453125e+01
6.893711853027343750e+01
6.999825286865234375e+01
6.381573867797851562e+01
6.412532043457031250e+01
6.443490600585937500e+01
6.505406188964843750e+01
6.567323303222656250e+01
6.616896057128906250e+01
6.665447998046875000e+01
6.713999176025390625e+01
6.811102294921875000e+01
6.908205413818359375e+01
7.005308532714843750e+01
7.123355865478515625e+01
7.183151245117187500e+01
7.242947387695312500e+01
7.362538146972656250e+01
7.482129669189453125e+01
7.601721191406250000e+01
6.420866394042968750e+01
6.469245910644531250e+01
6.517624664306640625e+01
6.614382934570312500e+01
6.711140441894531250e+01
6.807898712158203125e+01
6.066069793701171875e+01
6.093974304199218750e+01
6.121879196166992188e+01
6.177688598632812500e+01
6.233498382568359375e+01
6.289308166503906250e+01
7.079331207275390625e+01
7.105423736572265625e+01
7.131516265869140625e+01
7.209793090820312500e+01
8.470984649658203125e+01
8.540814971923828125e+01
8.610645294189453125e+01
8.750305938720703125e+01
6.697373199462890625e+01
6.768299865722656250e+01
6.839225769042968750e+01
6.981078338623046875e+01
7.091634368896484375e+01
7.129716491699218750e+01
7.167799377441406250e+01
7.243965148925781250e+01
7.396295928955078125e+01
7.566563415527343750e+01
7.635898590087890625e+01
7.705234527587890625e+01
7.843905639648437500e+01
7.982576751708984375e+01
7.845283508300781250e+01
7.920458984375000000e+01
7.995635223388671875e+01
8.145986175537109375e+01
8.296337890625000000e+01
6.327187728881835938e+01
6.376366806030273438e+01
6.425545501708984375e+01
6.523903656005859375e+01
6.622261047363281250e+01
6.720619201660156250e+01
6.860408782958984375e+01
6.879925537109375000e+01
6.899442291259765625e+01
6.938475036621093750e+01
6.977507781982421875e+01
7.016540527343750000e+01
8.265545654296875000e+01
8.322794342041015625e+01
8.380043029785156250e+01
8.494539642333984375e+01
6.373176956176757812e+01
6.415367889404296875e+01
6.457558441162109375e+01
6.541940307617187500e+01
6.626322174072265625e+01
6.710704040527343750e+01
7.097257995605468750e+01
7.165708923339843750e+01
7.234160614013671875e+01
7.507965087890625000e+01
7.023040008544921875e+01
7.077927398681640625e+01
7.132814025878906250e+01
7.242588806152343750e+01
6.322738647460937500e+01
6.351265716552734375e+01
6.379792785644531250e+01
6.436846923828125000e+01
6.550955963134765625e+01
6.179943084716796875e+01
6.226060104370117188e+01
6.272177124023437500e+01
6.364410400390625000e+01
6.456644439697265625e+01
7.119396209716796875e+01
7.186962890625000000e+01
7.254528808593750000e+01
7.389661407470703125e+01
7.524794006347656250e+01
7.659925842285156250e+01
8.514065551757812500e+01
8.555511474609375000e+01
8.596956634521484375e+01
8.679847717285156250e+01
6.922851562500000000e+01
6.956871795654296875e+01
6.990891265869140625e+01
7.058930969238281250e+01
7.195008850097656250e+01
6.888501739501953125e+01
6.957440948486328125e+01
7.026380157470703125e+01
7.164259338378906250e+01
6.746081542968750000e+01
6.809679412841796875e+01
6.873277282714843750e+01
7.000473022460937500e+01
8.121656036376953125e+01
8.149854278564453125e+01
8.178052520751953125e+01
8.234448242187500000e+01
8.115222167968750000e+01
8.195103454589843750e+01
8.274983978271484375e+01
8.434745788574218750e+01
7.802054595947265625e+01
7.874178314208984375e+01
7.946302032470703125e+01
8.090550231933593750e+01
7.328675842285156250e+01
7.349730682373046875e+01
7.370784759521484375e+01
7.412892913818359375e+01
7.497109985351562500e+01
7.195922088623046875e+01
7.309974670410156250e+01
7.424027252197265625e+01
7.652132415771484375e+01
7.002756500244140625e+01
7.036870574951171875e+01
7.105097961425781250e+01
7.173326110839843750e+01
6.948371124267578125e+01
7.008157348632812500e+01
7.127728271484375000e+01
7.247299957275390625e+01
7.366870880126953125e+01
7.390441131591796875e+01
7.457313537597656250e+01
7.524185180664062500e+01
7.657929992675781250e+01
7.791674041748046875e+01
7.567847442626953125e+01
7.623789978027343750e+01
7.679732513427734375e+01
7.791616821289062500e+01
6.444509124755859375e+01
6.475804901123046875e+01
6.538397216796875000e+01
6.663581085205078125e+01
7.963425445556640625e+01
8.050962829589843750e+01
8.138500213623046875e+01
8.313575744628906250e+01
6.630816650390625000e+01
6.683912658691406250e+01
6.737008666992187500e+01
6.843200683593750000e+01
7.055584716796875000e+01
7.408842468261718750e+01
7.467295074462890625e+01
7.525746917724609375e+01
7.642652130126953125e+01
7.818009185791015625e+01
6.308759307861328125e+01
6.350716400146484375e+01
6.476586914062500000e+01
6.644414520263671875e+01
6.582247924804687500e+01
6.609996795654296875e+01
6.637744903564453125e+01
6.693242645263671875e+01
7.522566986083984375e+01
7.620832061767578125e+01
7.719097137451171875e+01
7.915627288818359375e+01
8.308686828613281250e+01
6.840373229980468750e+01
6.867677307128906250e+01
6.894980621337890625e+01
6.949588012695312500e+01
6.376048660278320312e+01
6.442276763916015625e+01
6.508505249023437500e+01
6.640961456298828125e+01
7.339616394042968750e+01
7.396389770507812500e+01
7.453163909912109375e+01
7.566710662841796875e+01
7.793804168701171875e+01
7.217784881591796875e+01
7.282771301269531250e+01
7.347758483886718750e+01
7.477732086181640625e+01
6.714680480957031250e+01
6.785747528076171875e+01
6.856814575195312500e+01
6.927881622314453125e+01
6.936324310302734375e+01
6.989620208740234375e+01
7.042916870117187500e+01
7.149509429931640625e+01
7.362694549560546875e+01
7.729966735839843750e+01
7.787465667724609375e+01
7.844964599609375000e+01
7.959961700439453125e+01
8.189956665039062500e+01
7.687767791748046875e+01
7.753875732421875000e+01
7.819983673095703125e+01
7.952200317382812500e+01
7.559155273437500000e+01
7.632611846923828125e+01
7.706067657470703125e+01
7.852980041503906250e+01
8.146805572509765625e+01
5.930524063110351562e+01
5.969343566894531250e+01
6.008163452148437500e+01
6.163441848754882812e+01
6.476947784423828125e+01
6.527780151367187500e+01
6.578611755371093750e+01
6.680276489257812500e+01
6.883604431152343750e+01
7.201516723632812500e+01
7.263721466064453125e+01
7.325926208496093750e+01
7.450334930419921875e+01
6.902423858642578125e+01
6.956140899658203125e+01
7.009857177734375000e+01
7.117291259765625000e+01
7.332158660888671875e+01
7.596996307373046875e+01
7.665064239501953125e+01
7.733132934570312500e+01
7.869269561767578125e+01
7.535633087158203125e+01
7.585451507568359375e+01
7.635269165039062500e+01
7.734905242919921875e+01
7.934177398681640625e+01
6.194398117065429688e+01
6.242554855346679688e+01
6.290711593627929688e+01
6.387025070190429688e+01
6.579652404785156250e+01
7.819969177246093750e+01
7.960024261474609375e+01
8.100080108642578125e+01
8.380191040039062500e+01
6.758383178710937500e+01
6.807022857666015625e+01
6.855662536621093750e+01
6.952941894531250000e+01
7.147501373291015625e+01
7.926020050048828125e+01
8.053675842285156250e+01
8.181331634521484375e+01
8.436642456054687500e+01
6.975531768798828125e+01
7.040173339843750000e+01
7.104814910888671875e+01
7.234098052978515625e+01
7.805335998535156250e+01
7.860217285156250000e+01
7.915098571777343750e+01
8.244387817382812500e+01
6.973515319824218750e+01
7.028326416015625000e+01
7.083137512207031250e+01
7.192760467529296875e+01
7.302382659912109375e+01
7.412004852294921875e+01
6.755033111572265625e+01
6.809952545166015625e+01
6.864871978759765625e+01
6.974710845947265625e+01
7.249307250976562500e+01
7.518459320068359375e+01
7.576609802246093750e+01
7.634761047363281250e+01
7.751062774658203125e+01
7.983666229248046875e+01
7.359099578857421875e+01
7.411977386474609375e+01
7.464855194091796875e+01
7.570610809326171875e+01
7.782121276855468750e+01
7.272801208496093750e+01
7.316908264160156250e+01
7.361015319824218750e+01
7.625656127929687500e+01
6.659626770019531250e+01
6.689714813232421875e+01
6.719802093505859375e+01
6.779977416992187500e+01
8.050841522216796875e+01
8.117533874511718750e+01
8.317611694335937500e+01
8.584381103515625000e+01
8.113987731933593750e+01
8.155551147460937500e+01
8.197113800048828125e+01
8.280239868164062500e+01
8.086014556884765625e+01
8.150802612304687500e+01
8.215591430664062500e+01
8.345168304443359375e+01
8.604322814941406250e+01
6.603276062011718750e+01
6.648293304443359375e+01
6.693310546875000000e+01
6.783345031738281250e+01
6.963414764404296875e+01
6.318715667724609375e+01
6.370973968505859375e+01
6.423233032226562500e+01
6.527749633789062500e+01
6.736784362792968750e+01
6.840719604492187500e+01
6.880415344238281250e+01
6.920111083984375000e+01
6.999502563476562500e+01
6.772889709472656250e+01
6.828522491455078125e+01
6.884155273437500000e+01
6.995420837402343750e+01
7.217952728271484375e+01
8.053240203857421875e+01
8.120879364013671875e+01
8.188519287109375000e+01
8.323799133300781250e+01
7.192229461669921875e+01
7.244880676269531250e+01
7.297532653808593750e+01
7.402836608886718750e+01
7.613444519042968750e+01
7.374233245849609375e+01
7.395350646972656250e+01
7.416468811035156250e+01
7.458703613281250000e+01
7.543174743652343750e+01
8.422208404541015625e+01
8.472630310058593750e+01
8.523051452636718750e+01
8.623895263671875000e+01
7.957398986816406250e+01
8.107717132568359375e+01
8.258036041259765625e+01
8.558673095703125000e+01
7.878486633300781250e+01
7.958307647705078125e+01
8.038129425048828125e+01
8.197771453857421875e+01
8.517056274414062500e+01
7.737528991699218750e+01
7.752586364746093750e+01
7.767643737792968750e+01
7.797758483886718750e+01
7.857988739013671875e+01
6.666406250000000000e+01
6.708328247070312500e+01
6.750249481201171875e+01
6.834092712402343750e+01
7.001778411865234375e+01
6.672195434570312500e+01
6.726013946533203125e+01
6.779832458496093750e+01
6.887468719482421875e+01
7.305886077880859375e+01
7.325650024414062500e+01
7.345414733886718750e+01
7.384942626953125000e+01
6.436608123779296875e+01
6.473167419433593750e+01
6.582846832275390625e+01
6.729085540771484375e+01
6.635155487060546875e+01
6.665208435058593750e+01
6.695262145996093750e+01
6.755368041992187500e+01
6.737408447265625000e+01
6.778694915771484375e+01
6.819981384277343750e+01
7.067701721191406250e+01
6.555946350097656250e+01
6.598560333251953125e+01
6.641175079345703125e+01
6.726403808593750000e+01
6.896861267089843750e+01
8.134419250488281250e+01
8.186150360107421875e+01
8.237881469726562500e+01
8.341343688964843750e+01
8.261685943603515625e+01
8.293067169189453125e+01
8.324449157714843750e+01
8.387211608886718750e+01
8.449974822998046875e+01
6.382209777832031250e+01
6.440631103515625000e+01
6.499053192138671875e+01
6.615895843505859375e+01
7.549870300292968750e+01
7.619774627685546875e+01
7.689678955078125000e+01
7.829486846923828125e+01
7.582448577880859375e+01
7.605392456054687500e+01
7.628336334228515625e+01
7.674224090576171875e+01
8.427600097656250000e+01
8.474026489257812500e+01
8.520453643798828125e+01
8.799015045166015625e+01
7.530887603759765625e+01
7.574826812744140625e+01
7.618766021728515625e+01
7.882400512695312500e+01
7.284030914306640625e+01
7.330472564697265625e+01
7.376914215087890625e+01
7.469797515869140625e+01
8.303585052490234375e+01
8.328505706787109375e+01
8.353425598144531250e+01
8.403266906738281250e+01
8.393676757812500000e+01
8.446920776367187500e+01
8.500164031982421875e+01
8.606651306152343750e+01
8.819625854492187500e+01
6.960458374023437500e+01
6.996199035644531250e+01
7.031939697265625000e+01
7.103421783447265625e+01
5.839316177368164062e+01
5.880304718017578125e+01
5.921293258666992188e+01
6.003270339965820312e+01
6.085247802734375000e+01
6.658286285400390625e+01
6.728208923339843750e+01
6.798132324218750000e+01
6.937979125976562500e+01
7.684250640869140625e+01
7.724863433837890625e+01
7.765476226806640625e+01
7.846701049804687500e+01
7.239479827880859375e+01
7.299165344238281250e+01
7.358849334716796875e+01
7.478218841552734375e+01
7.716957092285156250e+01
7.933676910400390625e+01
8.010461425781250000e+01
8.087245178222656250e+01
8.240813446044921875e+01
9.213561248779296875e+01
9.285530853271484375e+01
9.357499694824218750e+01
9.501438140869140625e+01
7.209600830078125000e+01
7.274501037597656250e+01
7.339400482177734375e+01
7.469199371337890625e+01
6.726429748535156250e+01
6.749085998535156250e+01
6.771743011474609375e+01
6.817056274414062500e+01
7.885210418701171875e+01
7.943994140625000000e+01
8.002778625488281250e+01
8.120347595214843750e+01
8.252854919433593750e+01
8.322618865966796875e+01
8.392382812500000000e+01
8.531910705566406250e+01
7.196327972412109375e+01
7.247447204589843750e+01
7.298565673828125000e+01
7.400802612304687500e+01
7.619629669189453125e+01
7.641403198242187500e+01
7.663176727294921875e+01
7.706723785400390625e+01
7.649951934814453125e+01
7.671154022216796875e+01
7.713556671142578125e+01
7.734758758544921875e+01
6.771304321289062500e+01
6.823478698730468750e+01
6.875653076171875000e+01
6.980001831054687500e+01
7.188699340820312500e+01
8.408080291748046875e+01
8.467319488525390625e+01
8.526558685302734375e+01
8.881993103027343750e+01
7.524085998535156250e+01
7.544061279296875000e+01
7.564037322998046875e+01
7.603989410400390625e+01
6.807471466064453125e+01
6.834998321533203125e+01
6.862524414062500000e+01
6.917578125000000000e+01
6.957581329345703125e+01
7.024562835693359375e+01
7.091544342041015625e+01
7.225506591796875000e+01
7.187011718750000000e+01
7.209938049316406250e+01
7.232863616943359375e+01
7.278714752197265625e+01
7.094888305664062500e+01
7.142762756347656250e+01
7.190637207031250000e+01
7.286386108398437500e+01
7.907851409912109375e+01
7.971836853027343750e+01
8.035822296142578125e+01
8.163793182373046875e+01
6.657412719726562500e+01
6.687570190429687500e+01
6.717726898193359375e+01
6.778041839599609375e+01
7.309696960449218750e+01
7.338678741455078125e+01
7.367661285400390625e+01
7.425625610351562500e+01
7.541555023193359375e+01
7.038120269775390625e+01
7.062497711181640625e+01
7.086875915527343750e+01
7.135631561279296875e+01
7.233142089843750000e+01
7.438790130615234375e+01
7.456871032714843750e+01
7.474951171875000000e+01
7.511112976074218750e+01
6.858772277832031250e+01
6.898720550537109375e+01
6.938668823242187500e+01
7.018566131591796875e+01
7.178359985351562500e+01
8.389073181152343750e+01
8.488302612304687500e+01
8.587531280517578125e+01
8.785990905761718750e+01
6.881303405761718750e+01
6.907586669921875000e+01
6.933869934082031250e+01
6.986436462402343750e+01
8.026882171630859375e+01
8.044727325439453125e+01
8.062572479248046875e+01
8.098262023925781250e+01
6.536505889892578125e+01
6.597131347656250000e+01
6.657756042480468750e+01
6.779006195068359375e+01
6.676105499267578125e+01
6.704830932617187500e+01
6.733557128906250000e+01
6.791007995605468750e+01
7.231465911865234375e+01
7.254802703857421875e+01
7.278138732910156250e+01
7.324812316894531250e+01
8.037377929687500000e+01
8.092894744873046875e+01
8.148411560058593750e+01
8.259445190429687500e+01
7.166302490234375000e+01
7.218662261962890625e+01
7.271022033691406250e+01
7.375741577148437500e+01
6.359509277343750000e+01
6.391307830810546875e+01
6.423106384277343750e+01
6.486703491210937500e+01
6.445005798339843750e+01
6.500871276855468750e+01
6.556736755371093750e+01
6.668467712402343750e+01
7.156786346435546875e+01
7.217786407470703125e+01
7.278786468505859375e+01
7.400786590576171875e+01
6.227061080932617188e+01
6.261718368530273438e+01
6.296375656127929688e+01
6.365690231323242188e+01
6.504319000244140625e+01
8.286055755615234375e+01
8.310958862304687500e+01
8.335861968994140625e+01
8.385668945312500000e+01
6.443605041503906250e+01
6.485752868652343750e+01
6.527901458740234375e+01
6.612197875976562500e+01
6.639490509033203125e+01
6.669918823242187500e+01
6.700346374511718750e+01
6.761203002929687500e+01
7.113103485107421875e+01
7.160813903808593750e+01
7.208524322509765625e+01
7.303945922851562500e+01
6.999146270751953125e+01
7.024436187744140625e+01
7.049726867675781250e+01
7.100306701660156250e+01
6.693338775634765625e+01
6.726232147216796875e+01
6.759125518798828125e+01
6.824912261962890625e+01
7.233480072021484375e+01
7.255323791503906250e+01
7.277167510986328125e+01
7.320854949951171875e+01
7.364542388916015625e+01
6.896620178222656250e+01
6.945638275146484375e+01
6.994656372070312500e+01
7.092692565917968750e+01
7.288764953613281250e+01
7.180422210693359375e+01
7.236326599121093750e+01
7.292230224609375000e+01
7.404039001464843750e+01
6.869032287597656250e+01
6.912356567382812500e+01
6.955680847167968750e+01
7.042329406738281250e+01
7.246299743652343750e+01
7.265592956542968750e+01
7.323473358154296875e+01
7.362059783935546875e+01
7.164459991455078125e+01
7.199932861328125000e+01
7.235404968261718750e+01
7.306350708007812500e+01
6.988857269287109375e+01
7.029820251464843750e+01
7.070783233642578125e+01
7.152709197998046875e+01
7.316561126708984375e+01
6.969705963134765625e+01
7.028512573242187500e+01
7.087319946289062500e+01
7.204933929443359375e+01
7.322547912597656250e+01
6.728048706054687500e+01
6.775180053710937500e+01
6.822312164306640625e+01
6.916575622558593750e+01
6.640034484863281250e+01
6.669434356689453125e+01
6.698833465576171875e+01
6.757632446289062500e+01
7.227606201171875000e+01
7.293361663818359375e+01
7.359117889404296875e+01
7.753654479980468750e+01
6.545314025878906250e+01
6.576538085937500000e+01
6.607762145996093750e+01
6.670209503173828125e+01
6.583269500732421875e+01
6.629068756103515625e+01
6.674868011474609375e+01
6.766467285156250000e+01
6.949665069580078125e+01
7.296669769287109375e+01
7.381147003173828125e+01
7.465625000000000000e+01
7.634580230712890625e+01
7.803535461425781250e+01
7.258935546875000000e+01
7.279360198974609375e+01
7.299785614013671875e+01
7.340634918212890625e+01
7.562629699707031250e+01
7.623376464843750000e+01
7.684123229980468750e+01
7.805617523193359375e+01
6.731851959228515625e+01
6.791446685791015625e+01
6.851040649414062500e+01
6.970230102539062500e+01
7.559543609619140625e+01
7.577581024169921875e+01
7.595617675781250000e+01
7.631690979003906250e+01
6.728225708007812500e+01
6.768629455566406250e+01
6.809033203125000000e+01
6.889841461181640625e+01
6.577363586425781250e+01
6.620486450195312500e+01
6.663608551025390625e+01
6.749852752685546875e+01
6.922341918945312500e+01
6.795693969726562500e+01
6.846291351318359375e+01
6.896887969970703125e+01
6.998081970214843750e+01
7.099275970458984375e+01
7.072165679931640625e+01
7.097285461425781250e+01
7.122405242919921875e+01
7.172644042968750000e+01
6.944387817382812500e+01
6.974501800537109375e+01
7.004615783691406250e+01
7.064844512939453125e+01
7.125072479248046875e+01
8.236022186279296875e+01
8.318083190917968750e+01
8.400144195556640625e+01
8.564266204833984375e+01
6.478347015380859375e+01
6.529803466796875000e+01
6.581259155273437500e+01
6.684172058105468750e+01
7.865480041503906250e+01
7.915579223632812500e+01
7.965678405761718750e+01
8.065876770019531250e+01
7.980137634277343750e+01
7.994375610351562500e+01
8.008613586425781250e+01
8.037089538574218750e+01
6.474616241455078125e+01
6.526705169677734375e+01
6.578794097900390625e+01
6.682971954345703125e+01
6.699884796142578125e+01
6.745800018310546875e+01
6.791714477539062500e+01
6.883544921875000000e+01
6.672849273681640625e+01
6.722115325927734375e+01
6.771380615234375000e+01
7.066975402832031250e+01
8.009104919433593750e+01
8.026822662353515625e+01
8.044540405273437500e+01
8.079975128173828125e+01
7.771512603759765625e+01
7.848828125000000000e+01
7.926144409179687500e+01
8.080776214599609375e+01
7.653436279296875000e+01
7.672624206542968750e+01
7.691812133789062500e+01
7.730188751220703125e+01
7.500913238525390625e+01
7.568368530273437500e+01
7.635823822021484375e+01
7.770735168457031250e+01
8.501165771484375000e+01
8.576644897460937500e+01
8.652124786376953125e+01
8.803083801269531250e+01
7.665016174316406250e+01
7.748400115966796875e+01
7.831784057617187500e+01
7.998551940917968750e+01
7.078009033203125000e+01
7.145333862304687500e+01
7.212658691406250000e+01
7.347308349609375000e+01
6.511437225341796875e+01
6.543457794189453125e+01
6.575478363037109375e+01
6.639519500732421875e+01
6.879975128173828125e+01
6.914559173583984375e+01
6.983726501464843750e+01
7.122061157226562500e+01
8.136431884765625000e+01
8.207386779785156250e+01
8.278342437744140625e+01
8.420252990722656250e+01
9.160693359375000000e+01
9.264704895019531250e+01
9.368715667724609375e+01
9.576737976074218750e+01
7.318672180175781250e+01
7.340505981445312500e+01
7.362339782714843750e+01
7.406008148193359375e+01
6.230564880371093750e+01
6.285289001464843750e+01
6.340013122558593750e+01
6.449461364746093750e+01
7.594573974609375000e+01
7.677943420410156250e+01
7.761312866210937500e+01
7.928051757812500000e+01
8.094789886474609375e+01
7.976439666748046875e+01
8.036956024169921875e+01
8.097472381591796875e+01
8.218505096435546875e+01
8.339538574218750000e+01
8.573820495605468750e+01
8.657312011718750000e+01
8.740804290771484375e+01
8.907788085937500000e+01
7.377685546875000000e+01
7.422763824462890625e+01
7.467842102050781250e+01
7.512921142578125000e+01
6.894013214111328125e+01
6.920591735839843750e+01
6.947169494628906250e+01
7.000326538085937500e+01
6.631019592285156250e+01
6.686370849609375000e+01
6.741722869873046875e+01
6.852426147460937500e+01
8.086714935302734375e+01
8.150336456298828125e+01
8.213957977294921875e+01
8.341201019287109375e+01
7.048109436035156250e+01
7.087344360351562500e+01
7.126579284667968750e+01
7.205048370361328125e+01
7.583041381835937500e+01
7.597084808349609375e+01
7.611128997802734375e+01
7.639216613769531250e+01
6.714387512207031250e+01
6.741426086425781250e+01
6.768465423583984375e+01
6.822544097900390625e+01
6.659935760498046875e+01
6.689595031738281250e+01
6.719255065917968750e+01
6.778573608398437500e+01
6.867259979248046875e+01
6.907057952880859375e+01
6.946855163574218750e+01
7.026451110839843750e+01
7.902179718017578125e+01
7.973958587646484375e+01
8.045736694335937500e+01
8.332852172851562500e+01
7.648335266113281250e+01
7.717495727539062500e+01
7.786656951904296875e+01
7.924978637695312500e+01
7.211403656005859375e+01
7.283004760742187500e+01
7.354605102539062500e+01
7.497806549072265625e+01
8.015504455566406250e+01
8.103026580810546875e+01
8.190548706054687500e+01
8.365592193603515625e+01
7.116503906250000000e+01
7.159127044677734375e+01
7.201750183105468750e+01
7.286996459960937500e+01
8.087597656250000000e+01
8.115721130371093750e+01
8.143844604492187500e+01
8.200091552734375000e+01
6.642570495605468750e+01
6.691786956787109375e+01
6.741003417968750000e+01
6.839436340332031250e+01
6.702546691894531250e+01
6.748140716552734375e+01
6.793733978271484375e+01
6.884921264648437500e+01
7.425944519042968750e+01
7.506558227539062500e+01
7.587171173095703125e+01
7.748398590087890625e+01
7.863610839843750000e+01
7.926005554199218750e+01
8.050795745849609375e+01
8.175585937500000000e+01
7.225306701660156250e+01
7.248388671875000000e+01
7.271471405029296875e+01
7.317636871337890625e+01
7.258432006835937500e+01
7.281723785400390625e+01
7.305016326904296875e+01
7.351599884033203125e+01
7.058400726318359375e+01
7.127631378173828125e+01
7.196862030029296875e+01
7.335322570800781250e+01
6.649388122558593750e+01
6.703619384765625000e+01
6.757850646972656250e+01
6.866313934326171875e+01
6.835137939453125000e+01
6.896531677246093750e+01
6.957925415039062500e+01
7.080712890625000000e+01
7.639660644531250000e+01
7.658673095703125000e+01
7.677685546875000000e+01
7.715710449218750000e+01
7.343730163574218750e+01
7.360028076171875000e+01
7.376325988769531250e+01
7.408921813964843750e+01
7.715759277343750000e+01
7.735944366455078125e+01
7.756129455566406250e+01
7.796498870849609375e+01
8.212713623046875000e+01
8.232468414306640625e+01
8.252222442626953125e+01
8.291732025146484375e+01
7.917014312744140625e+01
7.982566070556640625e+01
8.048117828369140625e+01
8.179221343994140625e+01
7.355466461181640625e+01
7.373384094238281250e+01
7.391301727294921875e+01
7.427137756347656250e+01
8.227771759033203125e+01
8.297625732421875000e+01
8.367479705810546875e+01
8.507187652587890625e+01
7.757364654541015625e+01
7.775535583496093750e+01
7.793705749511718750e+01
7.830046844482421875e+01
7.572820281982421875e+01
7.593875885009765625e+01
7.614931488037109375e+01
7.657042694091796875e+01
6.992890930175781250e+01
7.059747314453125000e+01
7.126604461669921875e+01
7.260318756103515625e+01
7.034169769287109375e+01
7.112886047363281250e+01
7.191602325439453125e+01
7.349034118652343750e+01
7.735916900634765625e+01
7.823565673828125000e+01
7.911214447021484375e+01
8.086512756347656250e+01
6.933432769775390625e+01
6.992063903808593750e+01
7.050695037841796875e+01
7.167957305908203125e+01
6.963307189941406250e+01
6.989533996582031250e+01
7.015760803222656250e+01
7.068214416503906250e+01
6.392553329467773438e+01
6.426314544677734375e+01
6.460076141357421875e+01
6.527599334716796875e+01
7.925103759765625000e+01
8.008486938476562500e+01
8.091870117187500000e+01
8.258637237548828125e+01
7.409249114990234375e+01
7.463462066650390625e+01
7.517675018310546875e+01
7.626101684570312500e+01
6.475003051757812500e+01
6.521922302246093750e+01
6.568841552734375000e+01
6.662680053710937500e+01
6.707863616943359375e+01
6.735700225830078125e+01
6.763536834716796875e+01
6.819209289550781250e+01
7.260401153564453125e+01
7.283036804199218750e+01
7.305672454833984375e+01
7.350943756103515625e+01
7.504776000976562500e+01
7.551160430908203125e+01
7.597545623779296875e+01
7.690314483642578125e+01
7.279949188232421875e+01
7.302993774414062500e+01
7.326037597656250000e+01
7.372126007080078125e+01
6.384981918334960938e+01
6.428926086425781250e+01
6.472869873046875000e+01
6.560757446289062500e+01
7.456191253662109375e+01
7.523583984375000000e+01
7.590977478027343750e+01
7.725762939453125000e+01
6.992355346679687500e+01
7.046235656738281250e+01
7.100115966796875000e+01
7.207875823974609375e+01
6.913388824462890625e+01
6.969667816162109375e+01
7.025947570800781250e+01
7.138506317138671875e+01
7.220415496826171875e+01
7.242301177978515625e+01
7.264186859130859375e+01
7.307958221435546875e+01
7.372815704345703125e+01
7.445951080322265625e+01
7.519087219238281250e+01
7.665358734130859375e+01
7.309896850585937500e+01
7.369836425781250000e+01
7.429775238037109375e+01
7.549654388427734375e+01
8.057392883300781250e+01
8.115749359130859375e+01
8.232463073730468750e+01
8.290819549560546875e+01
6.270894622802734375e+01
6.304688262939453125e+01
6.338482284545898438e+01
6.406069946289062500e+01
6.572779083251953125e+01
6.628936004638671875e+01
6.685092926025390625e+01
6.797406768798828125e+01
7.599114990234375000e+01
7.671932220458984375e+01
7.744750213623046875e+01
7.890385437011718750e+01
7.593524932861328125e+01
7.669056701660156250e+01
7.744587707519531250e+01
7.895650482177734375e+01
8.201557159423828125e+01
8.264225006103515625e+01
8.326892089843750000e+01
8.452227020263671875e+01
6.742123413085937500e+01
6.804833221435546875e+01
6.867543029785156250e+01
6.992961883544921875e+01
7.802047729492187500e+01
7.823287963867187500e+01
7.844527435302734375e+01
7.887007141113281250e+01
7.391308593750000000e+01
7.410884094238281250e+01
7.430458831787109375e+01
7.469609069824218750e+01
8.967218780517578125e+01
9.062480163574218750e+01
9.157742309570312500e+01
9.348265075683593750e+01
7.841267395019531250e+01
7.909688568115234375e+01
7.978110504150390625e+01
8.114953613281250000e+01
6.918722534179687500e+01
6.944700622558593750e+01
6.970677947998046875e+01
7.022633361816406250e+01
6.657727050781250000e+01
6.701045989990234375e+01
6.744364929199218750e+01
6.831002807617187500e+01
7.443060302734375000e+01
7.515011596679687500e+01
7.586963653564453125e+01
7.730866241455078125e+01
7.247322082519531250e+01
7.314070129394531250e+01
7.380818176269531250e+01
7.514314270019531250e+01
6.373074722290039062e+01
6.405310821533203125e+01
6.437547302246093750e+01
6.566493225097656250e+01
6.603722381591796875e+01
6.633577728271484375e+01
6.663433074951171875e+01
6.723143768310546875e+01
6.463119506835937500e+01
6.495039367675781250e+01
6.526959228515625000e+01
6.590799713134765625e+01
8.125177001953125000e+01
8.147950744628906250e+01
8.170725250244140625e+01
8.216273498535156250e+01
7.312236022949218750e+01
7.333264160156250000e+01
7.354293060302734375e+01
7.396350097656250000e+01
6.738612365722656250e+01
6.779927825927734375e+01
6.821244049072265625e+01
6.903875732421875000e+01
6.658555603027343750e+01
6.704843139648437500e+01
6.751129913330078125e+01
6.843703460693359375e+01
