0.092130 0.004479 0.224318
0.096113 0.006738 0.226747
0.100140 0.008983 0.229082
0.104239 0.011204 0.231395
0.108489 0.013398 0.233844
0.112901 0.015603 0.236339
0.117323 0.017747 0.238791
0.121895 0.019888 0.241274
0.126658 0.022020 0.243878
0.131523 0.024119 0.246521
0.136486 0.026185 0.249190
0.141615 0.028252 0.251876
0.146905 0.030329 0.254578
0.152218 0.032318 0.257318
0.157715 0.034286 0.260190
0.163386 0.036281 0.263024
0.169166 0.038225 0.265939
0.175030 0.040136 0.268907
0.181132 0.042090 0.271817
0.187289 0.044008 0.274765
0.193615 0.045892 0.277843
0.200075 0.047804 0.280859
0.206676 0.049704 0.283951
0.213430 0.051561 0.287189
0.220216 0.053444 0.290311
0.227349 0.055325 0.293697
0.234523 0.057233 0.297052
0.241626 0.059102 0.300316
0.249071 0.061020 0.303747
0.256756 0.062974 0.307410
0.264162 0.064923 0.310744
0.271773 0.066892 0.314219
0.279750 0.068961 0.317934
0.287539 0.071021 0.321557
0.295316 0.073152 0.325027
0.303495 0.075326 0.328958
0.311596 0.077557 0.332773
0.319657 0.079902 0.336410
0.327801 0.082322 0.340219
0.336016 0.084768 0.344241
0.344230 0.087369 0.348021
0.352386 0.090081 0.351854
0.360607 0.092813 0.355948
0.368820 0.095687 0.359978
0.376978 0.098751 0.363813
0.385096 0.101879 0.367892
0.393203 0.105148 0.371922
0.401216 0.108574 0.375892
0.409287 0.112173 0.379918
0.417203 0.115839 0.384059
0.425035 0.119714 0.388079
0.432889 0.123819 0.392029
0.440524 0.127908 0.396118
0.448125 0.132233 0.400311
0.455691 0.136785 0.404288
0.463188 0.141486 0.408377
0.470495 0.146312 0.412437
0.477614 0.151288 0.416341
0.484718 0.156480 0.420236
0.491640 0.161769 0.424222
0.498512 0.167250 0.428208
0.505241 0.172914 0.432039
0.511810 0.178703 0.435932
0.518303 0.184687 0.439773
0.524654 0.190764 0.443548
0.530876 0.197080 0.447149
0.536977 0.203444 0.451014
0.542954 0.209971 0.454626
0.548819 0.216721 0.458050
0.554565 0.223500 0.461720
0.560089 0.230352 0.465264
0.565621 0.237452 0.468682
0.570994 0.244608 0.472080
0.576169 0.251756 0.475482
0.581245 0.259055 0.478672
0.586077 0.266200 0.482123
0.591067 0.273864 0.485398
0.595858 0.281515 0.488481
0.600368 0.288888 0.491858
0.604815 0.296421 0.494849
0.609265 0.304223 0.497875
0.613439 0.311718 0.500595
0.617561 0.319376 0.503346
0.621676 0.327222 0.506359
0.625521 0.334736 0.508986
0.629249 0.342224 0.512015
0.632895 0.349665 0.514625
0.636437 0.357094 0.516815
0.639927 0.364591 0.519747
0.643159 0.371625 0.522354
0.646465 0.378993 0.524655
0.649592 0.386119 0.527438
0.652501 0.392887 0.530425
0.655542 0.399956 0.532470
0.658376 0.406750 0.534963
0.661137 0.413406 0.537415
0.663850 0.420121 0.539911
0.666436 0.426581 0.542266
0.668992 0.432992 0.544446
0.671450 0.439338 0.546643
0.673828 0.445505 0.549040
0.676104 0.451553 0.551478
0.678331 0.457622 0.553946
0.680456 0.463411 0.556335
0.682389 0.468740 0.558761
0.684500 0.474816 0.561133
0.686461 0.480566 0.563537
0.688311 0.486072 0.565827
0.690115 0.491440 0.568099
0.691903 0.497136 0.570446
0.693648 0.502734 0.572941
0.695369 0.508297 0.574915
0.696906 0.513679 0.577555
0.698447 0.519088 0.580073
0.700081 0.524853 0.581967
0.701491 0.530179 0.584352
0.702700 0.535086 0.587359
0.704180 0.540611 0.588922
0.705520 0.546049 0.590913
0.706474 0.550503 0.594014
0.707690 0.555863 0.596052
0.709203 0.562336 0.597870
0.709818 0.565913 0.600840
0.710717 0.570749 0.603370
0.712214 0.577508 0.604882
0.712935 0.581769 0.607400
0.713290 0.584957 0.610283
0.714656 0.591865 0.612101
0.715815 0.597883 0.613754
0.716059 0.601278 0.617172
0.716933 0.606560 0.619035
0.718139 0.613396 0.621159
0.718497 0.616828 0.623268
0.718895 0.620569 0.625253
0.720173 0.627682 0.627063
0.720874 0.632848 0.629432
0.720786 0.635185 0.631763
0.721803 0.641596 0.634099
0.722773 0.647816 0.636477
0.722857 0.650913 0.638727
0.723300 0.655219 0.640879
0.724527 0.662261 0.643158
0.724799 0.665991 0.645291
0.724727 0.668555 0.647332
0.726003 0.675462 0.649098
0.726991 0.681328 0.651026
0.726743 0.683532 0.653436
0.727631 0.689080 0.655350
0.728933 0.695607 0.656976
0.728936 0.698526 0.659253
0.729179 0.702130 0.661427
0.730557 0.708645 0.662935
0.731206 0.713197 0.664898
0.731370 0.716514 0.667193
0.732656 0.722621 0.668875
0.733855 0.728364 0.670503
0.733951 0.731549 0.673285
0.734920 0.736696 0.675246
0.736594 0.743455 0.676922
0.737160 0.747537 0.679031
0.737411 0.750887 0.681331
0.739120 0.757508 0.682794
0.740546 0.763435 0.684477
0.740880 0.766914 0.686866
0.742113 0.772383 0.688679
0.744073 0.779461 0.690899
0.744507 0.783092 0.692794
0.745517 0.788070 0.695321
0.747537 0.795098 0.696782
0.748844 0.800663 0.698787
0.749283 0.804329 0.701081
0.751204 0.811161 0.702788
0.753308 0.818436 0.704380
0.753579 0.821783 0.706778
0.754827 0.827226 0.708802
0.757160 0.835041 0.710265
0.757953 0.839572 0.712338
0.758596 0.843822 0.714761
0.760870 0.851668 0.716453
0.762387 0.857855 0.718182
0.762864 0.861970 0.720986
0.764564 0.868672 0.722534
0.766459 0.875812 0.723435
0.767185 0.880636 0.726239
0.768240 0.886203 0.728575
0.770316 0.894018 0.729414
0.771521 0.900070 0.731443
0.771894 0.904426 0.734929
0.773669 0.911830 0.735639
0.774937 0.918104 0.736435
0.775362 0.922819 0.739645
0.776494 0.929125 0.741454
0.778575 0.937687 0.741663
0.779123 0.942896 0.744208
0.779023 0.946538 0.747039
0.781153 0.955653 0.747242
0.782305 0.962583 0.748496
0.782102 0.966215 0.751581
0.783404 0.973709 0.752583
0.785255 0.982835 0.752547
