1.670591
1.227743
0.913829
1.067447
1.472819
1.174620
0.591171
1.225563
0.970669
1.191377
0.968162
1.173187
0.511975
0.409430
1.104562
0.918733
1.164126
1.067607
1.526886
1.738410
0.982729
0.836057
0.978163
0.833238
1.154130
1.313362
0.393168
1.138949
1.005854
1.012510
0.788662
1.191655
1.416269
1.111235
1.629210
1.333435
1.167215
0.741993
0.529085
1.347027
0.769575
1.048986
1.026418
1.587914
0.790126
1.794160
1.149934
1.034741
0.930297
1.491757
1.150347
1.529906
0.991499
1.644356
0.997977
1.273176
0.947747
1.373035
1.168663
0.303576
1.170338
1.492503
1.189176
1.187464
1.061202
0.858833
1.019891
1.069113
1.274680
1.724266
1.248106
0.848643
1.394386
0.565406
1.498581
0.652185
1.466842
1.611049
1.035810
1.060533
1.324371
1.316586
0.428755
1.624199
1.163581
1.584980
1.670455
1.070639
1.413823
1.877877
0.941564
1.189421
1.051263
0.541742
0.578334
1.222759
1.320304
1.242624
1.062187
1.460029
1.169486
0.935936
1.131876
1.097350
0.949844
1.035607
1.164891
1.337479
1.053883
0.701892
1.498381
1.618814
1.736591
1.117920
0.982329
1.368791
1.126943
1.331397
1.436885
1.126374
1.246630
1.675959
1.119028
1.009427
1.382210
1.011189
0.280655
1.801367
1.371274
1.421547
1.041983
1.278977
1.184324
1.569446
0.603350
0.786014
1.370282
1.300113
0.824368
1.156957
1.037776
1.189191
1.329358
1.133736
1.730061
0.393453
0.591237
0.784026
1.289883
1.222689
1.287586
1.105688
1.210794
1.819897
1.181014
0.814873
1.616678
1.067664
1.417616
0.644793
1.193153
1.072553
1.033805
1.327168
0.980172
1.537647
1.372040
1.472726
0.804157
0.203819
1.574833
0.960584
1.169599
1.022277
1.278645
1.450525
0.768729
1.285699
1.238647
1.426431
1.187038
0.848796
1.231151
1.158847
1.222217
1.512115
1.263575
1.834094
1.130309
0.510891
1.138397
0.563722
1.665329
1.460877
0.511630
1.575973
0.966363
0.936304
1.004912
0.811245
0.864334
1.056998
1.334700
0.835057
0.983260
1.949242
0.930052
1.490626
1.037798
1.726679
0.962192
0.369304
1.611467
1.014259
0.936792
1.067842
1.293237
1.144741
1.651768
0.699753
0.941882
1.003862
0.835462
0.935727
0.689028
1.100996
1.203279
0.249636
0.431285
1.139068
0.646519
0.525022
1.556050
0.804358
1.266223
1.076432
1.078337
1.479520
1.703561
1.020077
1.606834
1.074585
1.184536
0.871381
0.980058
1.594797
1.719219
0.933399
1.746856
0.817732
0.397969
1.305613
1.342582
1.214803
1.600517
0.462290
1.118223
0.950530
1.401871
0.587428
0.514983
0.582480
1.070082
1.573277
1.814942
1.421292
1.525220
1.177156
1.072768
1.465396
1.640952
1.326441
0.811426
1.408228
0.843487
1.445786
0.446599
1.398654
1.624015
1.641849
1.348739
1.396927
1.152002
1.221006
0.414578
1.404922
1.517469
1.186277
0.455320
1.815242
1.181744
1.460007
0.840480
1.127173
0.984553
1.169545
1.380921
1.372361
1.288188
0.853293
1.411462
1.690261
1.791720
1.026420
1.214754
0.430477
1.155730
1.339329
1.340359
1.637256
1.014735
1.427501
1.152044
0.956556
0.991261
1.565500
1.256157
1.737155
1.318327
1.881352
1.108364
1.351753
0.990534
1.691859
1.450679
1.033937
1.628596
0.698776
1.182082
0.959515
1.607700
1.376100
1.718653
0.630509
1.461483
1.178291
1.095619
1.246471
0.363665
0.618424
1.218508
1.270325
1.012805
1.426411
1.490795
1.030811
1.400950
1.115586
1.670273
0.910826
1.379844
1.201183
1.232920
1.348780
1.281079
1.498233
0.424007
1.691363
0.362407
1.026922
1.090337
1.783165
0.427664
1.142722
1.197780
0.938781
1.174391
1.491353
0.968771
1.106928
1.230763
0.703546
1.186176
1.523689
1.142047
0.693991
1.220249
1.092286
1.729122
1.060717
1.226950
0.424739
1.554534
1.340338
0.592261
1.661466
1.155959
1.006431
1.399812
1.477091
0.511999
0.817457
1.288759
1.293910
1.405858
0.845189
1.713032
1.180839
1.053506
0.749028
1.672699
1.708550
1.619031
0.839363
0.483482
1.482018
1.359614
1.285956
1.574498
0.734789
1.650964
0.414719
1.129700
1.285412
1.835455
1.779328
0.496471
0.996687
1.026904
1.335096
1.423091
0.997805
0.810897
0.730012
1.154106
0.789744
0.704966
1.066837
0.929738
0.692795
1.331922
0.989258
1.386523
1.797034
0.551097
1.166050
0.427094
0.410364
0.646248
0.383863
0.953292
0.445670
1.158111
0.501557
1.402295
1.375799
1.059569
0.859069
1.014108
1.171513
1.402298
0.574896
0.802551
1.167400
0.792236
1.163844
0.932394
0.930748
0.862282
0.474317
1.341429
0.608898
1.877651
1.108713
0.721784
1.171797
0.948217
1.142902
1.164596
1.242013
1.061137
0.619163
0.971030
1.195913
0.967580
0.558096
0.521848
1.396604
1.418525
0.761654
1.386711
1.503515
0.983578
0.390329
1.144969
0.843818
1.369025
1.097744
0.570543
0.922337
1.351325
0.828909
0.680393
1.378787
1.271955
0.563961
1.597615
1.442476
0.421086
1.140527
0.682276
1.195714
1.337443
1.118847
0.625920
1.750750
1.061920
1.169048
0.839138
0.554972
1.965298
0.546071
1.324563
1.135468
1.299739
1.421339
1.065926
1.149975
1.322162
1.469125
0.776393
1.016642
1.244089
1.074337
1.361365
0.996361
0.963135
1.400555
0.972795
1.276557
1.292832
1.097630
1.096224
1.098387
1.163017
1.057556
0.882136
0.601752
1.333847
0.831257
1.295771
0.900345
1.045171
0.793914
1.112658
1.352795
1.053038
0.422354
1.008436
1.503186
1.596424
0.301150
0.838429
1.076365
0.395284
0.731192
0.601062
0.825733
0.852287
1.034620
0.627629
1.168429
1.398080
0.458878
0.928538
0.878782
0.928831
0.498407
1.064872
0.714815
0.819772
1.398465
0.812255
1.193692
1.535681
1.439383
1.297991
0.453136
1.175688
1.395279
1.022373
0.435472
0.424032
1.043488
1.184784
0.399517
0.550533
1.339626
0.458514
0.957490
1.279709
0.603148
0.579645
0.487555
0.361614
0.798971
1.984583
0.525664
0.356898
1.212501
0.574516
0.466732
1.110335
1.047194
0.635970
1.117310
1.220001
0.693145
0.498066
0.842967
0.608562
0.954210
0.505800
0.657868
0.436875
0.980362
1.118084
0.866486
0.385867
0.709457
0.819261
1.176139
0.942636
0.587987
1.315121
0.624479
0.915990
1.689552
0.408497
1.214939
1.191889
0.360737
0.808076
0.862444
1.011939
0.502392
0.602284
1.641222
1.029125
1.001985
0.284761
1.041780
0.918299
0.985315
0.354350
1.546319
0.383761
1.349111
1.509593
1.667679
1.346498
0.640410
0.691673
1.419107
2.080220
0.436679
1.094479
1.667386
1.210329
1.669842
0.450784
0.531565
1.107033
1.272430
0.784695
0.280875
0.540786
0.593188
0.795956
1.435576
1.383218
1.432013
1.750437
0.852461
0.562468
0.984330
0.911870
1.612270
1.247900
0.461652
0.465839
1.384612
1.084628
1.227875
0.380248
0.325959
0.403700
0.395090
1.311037
0.358359
1.397082
0.363408
0.421112
1.337140
1.574323
1.752976
1.172621
0.524536
0.675232
1.667665
1.084265
0.938385
0.556729
0.452711
0.927690
0.460883
0.878876
1.347857
1.077601
1.125588
0.437712
1.462717
1.198788
1.167131
0.675875
1.123140
1.456355
1.510628
1.253350
1.254191
0.424794
0.391504
1.905229
1.368433
0.519554
0.866377
1.439031
1.334963
0.644729
0.597104
0.638402
0.455482
0.420569
0.826317
0.925738
