0.015739 0.087395 0.241061
0.018230 0.090374 0.243637
0.020764 0.093350 0.246206
0.023350 0.096321 0.248786
0.025997 0.099292 0.251411
0.028710 0.102272 0.254061
0.031470 0.105233 0.256711
0.034295 0.108204 0.259391
0.037197 0.111178 0.262109
0.040160 0.114147 0.264848
0.043186 0.117113 0.267605
0.046289 0.120085 0.270380
0.049466 0.123066 0.273171
0.052702 0.126026 0.275981
0.056016 0.128991 0.278831
0.059416 0.131970 0.281685
0.062889 0.134943 0.284568
0.066428 0.137909 0.287465
0.070075 0.140903 0.290375
0.073785 0.143890 0.293295
0.077586 0.146880 0.296253
0.081472 0.149884 0.299207
0.085444 0.152896 0.302186
0.089508 0.155910 0.305205
0.093642 0.158934 0.308206
0.097906 0.161985 0.311279
0.102235 0.165041 0.314334
0.106630 0.168096 0.317385
0.111160 0.171194 0.320493
0.115787 0.174316 0.323644
0.120446 0.177426 0.326716
0.125219 0.180572 0.329848
0.130121 0.183769 0.333025
0.135056 0.186962 0.336170
0.140068 0.190190 0.339299
0.145225 0.193469 0.342531
0.150444 0.196778 0.345752
0.155727 0.200128 0.348924
0.161081 0.203515 0.352121
0.166522 0.206945 0.355375
0.172049 0.210441 0.358593
0.177602 0.213976 0.361794
0.183246 0.217561 0.365062
0.188957 0.221215 0.368329
0.194710 0.224942 0.371538
0.200496 0.228717 0.374782
0.206353 0.232575 0.378039
0.212223 0.236502 0.381251
0.218171 0.240528 0.384498
0.224118 0.244611 0.387749
0.230073 0.248783 0.390953
0.236081 0.253070 0.394149
0.242084 0.257412 0.397382
0.248075 0.261852 0.400597
0.254104 0.266416 0.403773
0.260147 0.271081 0.406976
0.266146 0.275828 0.410148
0.272098 0.280664 0.413259
0.278081 0.285630 0.416387
0.284000 0.290673 0.419490
0.289932 0.295841 0.422611
0.295817 0.301112 0.425669
0.301641 0.306469 0.428710
0.307452 0.311948 0.431741
0.313238 0.317522 0.434759
0.318947 0.323199 0.437693
0.324633 0.328959 0.440683
0.330286 0.334826 0.443619
0.335873 0.340788 0.446468
0.341447 0.346829 0.449386
0.346910 0.352915 0.452228
0.352399 0.359125 0.455045
0.357842 0.365400 0.457859
0.363209 0.371697 0.460642
0.368536 0.378055 0.463349
0.373801 0.384423 0.466123
0.379143 0.390958 0.468845
0.384413 0.397507 0.471511
0.389598 0.403987 0.474225
0.394773 0.410517 0.476844
0.399978 0.417135 0.479476
0.405086 0.423630 0.481996
0.410203 0.430176 0.484529
0.415376 0.436762 0.487125
0.420445 0.443206 0.489595
0.425521 0.449628 0.492158
0.430609 0.456015 0.494640
0.435661 0.462334 0.496989
0.440783 0.468645 0.499527
0.445801 0.474760 0.501951
0.450902 0.480924 0.504322
0.455987 0.486983 0.506806
0.460996 0.492862 0.509294
0.466095 0.498767 0.511592
0.471144 0.504568 0.513997
0.476176 0.510228 0.516355
0.481220 0.515858 0.518735
0.486212 0.521370 0.521078
0.491200 0.526802 0.523380
0.496152 0.532190 0.525698
0.501058 0.537425 0.528020
0.505915 0.542604 0.530364
0.510737 0.547736 0.532710
0.515481 0.552754 0.535035
0.520100 0.557636 0.537364
0.524783 0.562630 0.539678
0.529353 0.567522 0.541997
0.533823 0.572355 0.544305
0.538199 0.577080 0.546570
0.542549 0.581903 0.548886
0.546798 0.586626 0.551195
0.550966 0.591360 0.553408
0.555018 0.596065 0.555783
0.558978 0.600715 0.558093
0.562908 0.605463 0.560285
0.566680 0.610145 0.562603
0.570294 0.614689 0.565019
0.573911 0.619397 0.567140
0.577425 0.624120 0.569375
0.580704 0.628601 0.571816
0.584018 0.633334 0.574065
0.587381 0.638233 0.576225
0.590286 0.642625 0.578666
0.593271 0.647305 0.581032
0.596402 0.652313 0.583132
0.599148 0.656897 0.585483
0.601688 0.661301 0.587922
0.604589 0.666430 0.590118
0.607324 0.671414 0.592285
0.609662 0.675926 0.594853
0.612163 0.680824 0.597077
0.614789 0.686062 0.599377
0.616945 0.690634 0.601650
0.619093 0.695317 0.603921
0.621556 0.700658 0.606142
0.623751 0.705656 0.608499
0.625601 0.710178 0.610888
0.627818 0.715431 0.613218
0.629993 0.720701 0.615584
0.631797 0.725436 0.617963
0.633669 0.730360 0.620273
0.635817 0.735860 0.622624
0.637593 0.740779 0.624982
0.639185 0.745428 0.627282
0.641247 0.751001 0.629550
0.643143 0.756329 0.631813
0.644629 0.760988 0.634222
0.646477 0.766351 0.636530
0.648384 0.771861 0.638724
0.649886 0.776702 0.641097
0.651467 0.781719 0.643467
0.653318 0.787270 0.645628
0.654955 0.792469 0.647917
0.656438 0.797425 0.650280
0.658218 0.802958 0.652491
0.659972 0.808456 0.654711
0.661369 0.813372 0.657139
0.663004 0.818728 0.659395
0.664807 0.824422 0.661577
0.666297 0.829565 0.663852
0.667693 0.834556 0.666161
0.669445 0.840231 0.668267
0.671106 0.845762 0.670413
0.672500 0.850812 0.672731
0.674056 0.856213 0.674858
0.675824 0.862016 0.677106
0.677149 0.867027 0.679227
0.678628 0.872351 0.681494
0.680350 0.878135 0.683536
0.681840 0.883541 0.685633
0.683133 0.888577 0.687806
0.684780 0.894305 0.689855
0.686405 0.900052 0.691813
0.687612 0.905006 0.693958
0.689054 0.910426 0.696028
0.690679 0.916261 0.697906
0.691960 0.921442 0.699927
0.693216 0.926593 0.702030
0.694776 0.932405 0.703902
0.696195 0.937936 0.705816
0.697318 0.942966 0.707891
0.698722 0.948545 0.709702
0.700153 0.954201 0.711358
0.701306 0.959379 0.713395
0.702516 0.964696 0.715313
0.703938 0.970444 0.716894
0.705148 0.975829 0.718706
0.706182 0.980904 0.720826
0.707462 0.986488 0.722292
0.708639 0.991872 0.723784
0.709610 0.996938 0.725752
0.710723 1.002295 0.727408
0.712059 1.008103 0.728740
0.712985 1.013174 0.730476
0.713773 1.017973 0.732275
0.715074 1.023818 0.733540
0.716091 1.029154 0.734946
0.716805 1.033895 0.736725
0.717875 1.039369 0.738087
0.719013 1.045040 0.739167
