0.062741 0.040621 0.233400
0.066213 0.043166 0.235955
0.069737 0.045697 0.238453
0.073331 0.048207 0.240942
0.077042 0.050700 0.243529
0.080880 0.053202 0.246156
0.084752 0.055653 0.248755
0.088746 0.058104 0.251385
0.092887 0.060549 0.254103
0.097121 0.062968 0.256851
0.101446 0.065362 0.259621
0.105908 0.067756 0.262409
0.110501 0.070155 0.265215
0.115144 0.072486 0.268046
0.119934 0.074803 0.270971
0.124871 0.077137 0.273876
0.129912 0.079433 0.276838
0.135038 0.081701 0.279834
0.140363 0.084000 0.282805
0.145755 0.086268 0.285799
0.151296 0.088510 0.288882
0.156963 0.090768 0.291928
0.162760 0.093016 0.295027
0.168697 0.095233 0.298225
0.174697 0.097459 0.301345
0.180967 0.099692 0.304649
0.187298 0.101936 0.307925
0.193634 0.104142 0.311143
0.200243 0.106389 0.314482
0.207043 0.108665 0.317971
0.213707 0.110915 0.321231
0.220559 0.113185 0.324597
0.227691 0.115532 0.328121
0.234736 0.117860 0.331573
0.241822 0.120233 0.334928
0.249222 0.122651 0.338590
0.256616 0.125103 0.342179
0.264023 0.127630 0.345643
0.271516 0.130214 0.349212
0.279099 0.132824 0.352927
0.286734 0.135543 0.356486
0.294342 0.138344 0.360063
0.302039 0.141171 0.363818
0.309768 0.144105 0.367534
0.317482 0.147180 0.371111
0.325184 0.150313 0.374840
0.332915 0.153560 0.378545
0.340590 0.156932 0.382194
0.348339 0.160445 0.385889
0.355982 0.164024 0.389648
0.363570 0.167770 0.393316
0.371193 0.171702 0.396940
0.378670 0.175648 0.400656
0.386105 0.179785 0.404421
0.393531 0.184111 0.408045
0.400911 0.188573 0.411742
0.408135 0.193152 0.415407
0.415203 0.197864 0.418954
0.422265 0.202764 0.422501
0.429166 0.207764 0.426087
0.436028 0.212936 0.429678
0.442760 0.218269 0.433152
0.449344 0.223721 0.436650
0.455857 0.229349 0.440113
0.462251 0.235077 0.443530
0.468506 0.241003 0.446810
0.474656 0.246998 0.450260
0.480692 0.253143 0.453542
0.486603 0.259473 0.456676
0.492414 0.265858 0.459977
0.498008 0.272316 0.463170
0.503599 0.278983 0.466280
0.509043 0.285718 0.469373
0.514302 0.292465 0.472451
0.519456 0.299340 0.475375
0.524401 0.306129 0.478471
0.529457 0.313314 0.481442
0.534328 0.320505 0.484277
0.538960 0.327506 0.487296
0.543520 0.334634 0.490053
0.548069 0.341971 0.492831
0.552376 0.349079 0.495387
0.556627 0.356317 0.497961
0.560875 0.363693 0.500707
0.564883 0.370820 0.503178
0.568799 0.377927 0.505913
0.572643 0.385003 0.508373
0.576383 0.392053 0.510539
0.580104 0.399147 0.513198
0.583601 0.405889 0.515626
0.587157 0.412863 0.517853
0.590584 0.419652 0.520399
0.593834 0.426158 0.523062
0.597183 0.432866 0.525109
0.600374 0.439370 0.527452
0.603510 0.445740 0.529752
0.606613 0.452136 0.532085
0.609611 0.458336 0.534323
0.612588 0.464479 0.536444
0.615486 0.470569 0.538582
0.618327 0.476489 0.540834
0.621087 0.482318 0.543120
0.623808 0.488140 0.545425
0.626441 0.493752 0.547678
0.628910 0.499041 0.549956
0.631532 0.504808 0.552196
0.634024 0.510341 0.554458
0.636413 0.515710 0.556655
0.638756 0.520950 0.558827
0.641086 0.526420 0.561063
0.643376 0.531783 0.563382
0.645619 0.537133 0.565369
0.647720 0.542362 0.567804
0.649809 0.547578 0.570146
0.651949 0.553037 0.572087
0.653901 0.558217 0.574363
0.655690 0.563094 0.577038
0.657647 0.568394 0.578772
0.659490 0.573647 0.580800
0.661023 0.578238 0.583552
0.662737 0.583449 0.585620
0.664689 0.589345 0.587523
0.665884 0.593408 0.590216
0.667307 0.598299 0.592627
0.669194 0.604396 0.594341
0.670431 0.608922 0.596747
0.671358 0.612778 0.599408
0.673110 0.619009 0.601348
0.674663 0.624684 0.603190
0.675486 0.628701 0.606220
0.676781 0.633933 0.608217
0.678366 0.640174 0.610393
0.679204 0.644241 0.612566
0.680073 0.648532 0.614670
0.681670 0.654973 0.616645
0.682792 0.660191 0.619008
0.683254 0.663641 0.621377
0.684620 0.669659 0.623713
0.685943 0.675585 0.626094
0.686535 0.679551 0.628422
0.687404 0.684267 0.630664
0.688910 0.690755 0.632993
0.689642 0.695154 0.635254
0.690088 0.698784 0.637443
0.691604 0.705237 0.639457
0.692877 0.711000 0.641564
0.693202 0.714434 0.644020
0.694404 0.720040 0.646147
0.695899 0.726253 0.648060
0.696416 0.730159 0.650431
0.697126 0.734523 0.652741
0.698661 0.740745 0.654579
0.699660 0.745713 0.656735
0.700305 0.749879 0.659114
0.701768 0.755860 0.661078
0.703168 0.761620 0.663014
0.703759 0.765679 0.665699
0.704980 0.771031 0.667840
0.706700 0.777437 0.669786
0.707623 0.782086 0.672018
0.708320 0.786250 0.674373
0.710042 0.792554 0.676161
0.711557 0.798398 0.678090
0.712311 0.802644 0.680493
0.713669 0.808161 0.682483
0.715546 0.814759 0.684755
0.716333 0.819054 0.686785
0.717527 0.824243 0.689234
0.719411 0.830786 0.690977
0.720778 0.836329 0.693051
0.721556 0.840634 0.695320
0.723343 0.847024 0.697198
0.725223 0.853662 0.698968
0.725865 0.857739 0.701275
0.727168 0.863194 0.703335
0.729171 0.870156 0.704991
0.730140 0.874985 0.707052
0.731011 0.879640 0.709345
0.732943 0.886591 0.711119
0.734379 0.892488 0.712933
0.735094 0.897004 0.715421
0.736623 0.903200 0.717083
0.738272 0.909667 0.718312
0.739136 0.914635 0.720777
0.740210 0.920073 0.722923
0.741952 0.926940 0.724082
0.743108 0.932669 0.726007
0.743715 0.937326 0.728882
0.745223 0.943881 0.729915
0.746398 0.949724 0.731009
0.747005 0.954572 0.733657
0.748075 0.960416 0.735385
0.749779 0.967684 0.736079
0.750437 0.972799 0.738252
0.750666 0.976947 0.740609
0.752387 0.984520 0.741271
0.753431 0.990680 0.742580
0.753569 0.994797 0.745066
0.754724 1.001322 0.746215
0.756230 1.008804 0.746667
