3.000000000000000000e+00
4.000000000000000000e+00
5.000000000000000000e+00
6.000000000000000000e+00
1.000000000000000000e+01
1.400000000000000000e+01
1.600000000000000000e+01
1.900000000000000000e+01
2.100000000000000000e+01
2.200000000000000000e+01
2.300000000000000000e+01
3.100000000000000000e+01
3.500000000000000000e+01
4.000000000000000000e+01
4.200000000000000000e+01
4.300000000000000000e+01
4.700000000000000000e+01
5.100000000000000000e+01
5.300000000000000000e+01
5.400000000000000000e+01
5.600000000000000000e+01
5.800000000000000000e+01
5.900000000000000000e+01
6.000000000000000000e+01
6.100000000000000000e+01
6.600000000000000000e+01
6.700000000000000000e+01
6.800000000000000000e+01
6.900000000000000000e+01
7.200000000000000000e+01
7.400000000000000000e+01
7.600000000000000000e+01
7.700000000000000000e+01
8.100000000000000000e+01
8.300000000000000000e+01
8.400000000000000000e+01
8.700000000000000000e+01
8.900000000000000000e+01
9.000000000000000000e+01
9.100000000000000000e+01
9.600000000000000000e+01
9.700000000000000000e+01
1.010000000000000000e+02
1.060000000000000000e+02
1.070000000000000000e+02
1.080000000000000000e+02
1.120000000000000000e+02
1.160000000000000000e+02
1.200000000000000000e+02
1.230000000000000000e+02
1.250000000000000000e+02
1.260000000000000000e+02
1.270000000000000000e+02
1.280000000000000000e+02
1.300000000000000000e+02
1.410000000000000000e+02
1.420000000000000000e+02
1.500000000000000000e+02
1.560000000000000000e+02
1.580000000000000000e+02
1.590000000000000000e+02
1.600000000000000000e+02
1.620000000000000000e+02
1.660000000000000000e+02
1.710000000000000000e+02
1.720000000000000000e+02
1.730000000000000000e+02
1.760000000000000000e+02
1.770000000000000000e+02
1.790000000000000000e+02
1.840000000000000000e+02
1.860000000000000000e+02
1.870000000000000000e+02
2.000000000000000000e+02
2.040000000000000000e+02
2.100000000000000000e+02
2.140000000000000000e+02
2.230000000000000000e+02
2.250000000000000000e+02
2.290000000000000000e+02
2.300000000000000000e+02
2.310000000000000000e+02
2.400000000000000000e+02
2.560000000000000000e+02
2.570000000000000000e+02
2.580000000000000000e+02
2.590000000000000000e+02
2.600000000000000000e+02
2.660000000000000000e+02
2.690000000000000000e+02
2.720000000000000000e+02
2.730000000000000000e+02
2.760000000000000000e+02
2.820000000000000000e+02
2.830000000000000000e+02
2.850000000000000000e+02
2.890000000000000000e+02
2.910000000000000000e+02
2.920000000000000000e+02
2.940000000000000000e+02
2.950000000000000000e+02
2.960000000000000000e+02
2.980000000000000000e+02
3.000000000000000000e+02
3.010000000000000000e+02
3.070000000000000000e+02
3.110000000000000000e+02
3.140000000000000000e+02
3.150000000000000000e+02
3.240000000000000000e+02
3.250000000000000000e+02
3.310000000000000000e+02
3.410000000000000000e+02
3.440000000000000000e+02
3.510000000000000000e+02
3.520000000000000000e+02
3.590000000000000000e+02
3.610000000000000000e+02
3.620000000000000000e+02
3.690000000000000000e+02
3.700000000000000000e+02
3.740000000000000000e+02
3.760000000000000000e+02
3.770000000000000000e+02
3.780000000000000000e+02
3.820000000000000000e+02
3.840000000000000000e+02
3.880000000000000000e+02
3.890000000000000000e+02
3.940000000000000000e+02
4.010000000000000000e+02
4.030000000000000000e+02
4.040000000000000000e+02
4.080000000000000000e+02
4.100000000000000000e+02
4.130000000000000000e+02
4.140000000000000000e+02
4.160000000000000000e+02
4.190000000000000000e+02
4.200000000000000000e+02
4.220000000000000000e+02
4.250000000000000000e+02
4.290000000000000000e+02
4.330000000000000000e+02
4.340000000000000000e+02
4.410000000000000000e+02
4.430000000000000000e+02
4.480000000000000000e+02
4.490000000000000000e+02
4.540000000000000000e+02
4.580000000000000000e+02
4.590000000000000000e+02
4.640000000000000000e+02
4.670000000000000000e+02
4.720000000000000000e+02
4.730000000000000000e+02
4.790000000000000000e+02
4.810000000000000000e+02
4.850000000000000000e+02
4.880000000000000000e+02
4.930000000000000000e+02
4.980000000000000000e+02
5.000000000000000000e+02
5.020000000000000000e+02
5.050000000000000000e+02
5.070000000000000000e+02
5.110000000000000000e+02
5.130000000000000000e+02
5.140000000000000000e+02
5.160000000000000000e+02
5.180000000000000000e+02
5.190000000000000000e+02
5.220000000000000000e+02
5.250000000000000000e+02
5.260000000000000000e+02
5.280000000000000000e+02
5.340000000000000000e+02
5.350000000000000000e+02
5.380000000000000000e+02
5.390000000000000000e+02
5.440000000000000000e+02
5.450000000000000000e+02
5.460000000000000000e+02
5.470000000000000000e+02
5.480000000000000000e+02
5.490000000000000000e+02
5.510000000000000000e+02
5.520000000000000000e+02
5.530000000000000000e+02
5.570000000000000000e+02
5.580000000000000000e+02
5.630000000000000000e+02
5.660000000000000000e+02
5.680000000000000000e+02
5.750000000000000000e+02
5.770000000000000000e+02
5.780000000000000000e+02
5.790000000000000000e+02
6.010000000000000000e+02
6.020000000000000000e+02
6.040000000000000000e+02
6.050000000000000000e+02
6.070000000000000000e+02
6.080000000000000000e+02
6.100000000000000000e+02
6.110000000000000000e+02
6.180000000000000000e+02
6.220000000000000000e+02
6.260000000000000000e+02
6.310000000000000000e+02
6.340000000000000000e+02
6.370000000000000000e+02
6.380000000000000000e+02
6.440000000000000000e+02
6.470000000000000000e+02
6.490000000000000000e+02
6.560000000000000000e+02
6.580000000000000000e+02
6.670000000000000000e+02
6.680000000000000000e+02
6.690000000000000000e+02
6.710000000000000000e+02
6.720000000000000000e+02
6.770000000000000000e+02
6.790000000000000000e+02
6.800000000000000000e+02
6.810000000000000000e+02
6.850000000000000000e+02
6.860000000000000000e+02
6.920000000000000000e+02
6.980000000000000000e+02
7.020000000000000000e+02
7.080000000000000000e+02
7.090000000000000000e+02
7.170000000000000000e+02
7.220000000000000000e+02
7.250000000000000000e+02
7.270000000000000000e+02
7.290000000000000000e+02
7.310000000000000000e+02
7.330000000000000000e+02
7.340000000000000000e+02
7.390000000000000000e+02
7.410000000000000000e+02
7.460000000000000000e+02
7.480000000000000000e+02
7.500000000000000000e+02
7.510000000000000000e+02
7.600000000000000000e+02
7.670000000000000000e+02
7.710000000000000000e+02
7.780000000000000000e+02
7.790000000000000000e+02
7.830000000000000000e+02
7.860000000000000000e+02
7.920000000000000000e+02
8.000000000000000000e+02
8.020000000000000000e+02
8.030000000000000000e+02
8.100000000000000000e+02
8.130000000000000000e+02
8.180000000000000000e+02
8.240000000000000000e+02
8.290000000000000000e+02
8.340000000000000000e+02
8.350000000000000000e+02
8.390000000000000000e+02
8.420000000000000000e+02
8.430000000000000000e+02
8.500000000000000000e+02
8.560000000000000000e+02
8.620000000000000000e+02
8.630000000000000000e+02
8.650000000000000000e+02
8.660000000000000000e+02
8.690000000000000000e+02
8.720000000000000000e+02
8.730000000000000000e+02
8.740000000000000000e+02
8.780000000000000000e+02
8.830000000000000000e+02
8.870000000000000000e+02
8.960000000000000000e+02
8.980000000000000000e+02
8.990000000000000000e+02
9.060000000000000000e+02
9.080000000000000000e+02
9.090000000000000000e+02
9.120000000000000000e+02
9.130000000000000000e+02
9.150000000000000000e+02
9.160000000000000000e+02
9.190000000000000000e+02
9.200000000000000000e+02
9.220000000000000000e+02
9.230000000000000000e+02
9.260000000000000000e+02
9.280000000000000000e+02
9.320000000000000000e+02
9.340000000000000000e+02
9.470000000000000000e+02
9.520000000000000000e+02
9.610000000000000000e+02
9.630000000000000000e+02
9.670000000000000000e+02
9.690000000000000000e+02
9.720000000000000000e+02
9.730000000000000000e+02
9.780000000000000000e+02
9.790000000000000000e+02
9.810000000000000000e+02
9.820000000000000000e+02
9.840000000000000000e+02
9.850000000000000000e+02
9.890000000000000000e+02
9.940000000000000000e+02
9.950000000000000000e+02
1.004000000000000000e+03
1.007000000000000000e+03
1.010000000000000000e+03
1.016000000000000000e+03
1.018000000000000000e+03
1.023000000000000000e+03
1.028000000000000000e+03
1.030000000000000000e+03
1.034000000000000000e+03
1.043000000000000000e+03
1.045000000000000000e+03
1.046000000000000000e+03
1.052000000000000000e+03
1.057000000000000000e+03
1.063000000000000000e+03
1.070000000000000000e+03
1.072000000000000000e+03
1.073000000000000000e+03
1.074000000000000000e+03
1.077000000000000000e+03
1.078000000000000000e+03
1.086000000000000000e+03
1.092000000000000000e+03
1.097000000000000000e+03
1.098000000000000000e+03
1.103000000000000000e+03
1.106000000000000000e+03
1.109000000000000000e+03
1.116000000000000000e+03
1.117000000000000000e+03
1.118000000000000000e+03
1.121000000000000000e+03
1.122000000000000000e+03
1.123000000000000000e+03
1.130000000000000000e+03
1.133000000000000000e+03
1.135000000000000000e+03
1.140000000000000000e+03
1.144000000000000000e+03
1.155000000000000000e+03
1.164000000000000000e+03
1.165000000000000000e+03
1.169000000000000000e+03
1.170000000000000000e+03
1.171000000000000000e+03
1.175000000000000000e+03
1.182000000000000000e+03
1.186000000000000000e+03
1.187000000000000000e+03
1.190000000000000000e+03
1.194000000000000000e+03
1.195000000000000000e+03
1.202000000000000000e+03
1.206000000000000000e+03
1.211000000000000000e+03
1.217000000000000000e+03
1.221000000000000000e+03
1.222000000000000000e+03
1.226000000000000000e+03
1.227000000000000000e+03
1.232000000000000000e+03
1.240000000000000000e+03
1.241000000000000000e+03
1.243000000000000000e+03
1.246000000000000000e+03
1.247000000000000000e+03
1.249000000000000000e+03
1.251000000000000000e+03
1.255000000000000000e+03
1.256000000000000000e+03
1.260000000000000000e+03
1.261000000000000000e+03
1.265000000000000000e+03
1.267000000000000000e+03
1.268000000000000000e+03
1.269000000000000000e+03
1.275000000000000000e+03
1.279000000000000000e+03
1.280000000000000000e+03
1.282000000000000000e+03
1.285000000000000000e+03
1.286000000000000000e+03
1.288000000000000000e+03
1.292000000000000000e+03
1.293000000000000000e+03
1.299000000000000000e+03
1.300000000000000000e+03
1.301000000000000000e+03
1.308000000000000000e+03
1.309000000000000000e+03
1.315000000000000000e+03
1.326000000000000000e+03
1.346000000000000000e+03
1.351000000000000000e+03
1.378000000000000000e+03
1.380000000000000000e+03
1.385000000000000000e+03
1.389000000000000000e+03
1.394000000000000000e+03
1.408000000000000000e+03
1.414000000000000000e+03
1.418000000000000000e+03
1.419000000000000000e+03
1.421000000000000000e+03
1.427000000000000000e+03
2.002000000000000000e+03
2.010000000000000000e+03
2.018000000000000000e+03
2.022000000000000000e+03
2.027000000000000000e+03
2.031000000000000000e+03
2.036000000000000000e+03
2.037000000000000000e+03
2.042000000000000000e+03
2.045000000000000000e+03
2.047000000000000000e+03
2.055000000000000000e+03
2.061000000000000000e+03
2.063000000000000000e+03
2.068000000000000000e+03
2.072000000000000000e+03
2.073000000000000000e+03
2.074000000000000000e+03
2.077000000000000000e+03
2.079000000000000000e+03
2.087000000000000000e+03
2.093000000000000000e+03
2.099000000000000000e+03
2.109000000000000000e+03
2.119000000000000000e+03
2.121000000000000000e+03
2.123000000000000000e+03
2.125000000000000000e+03
2.133000000000000000e+03
2.148000000000000000e+03
2.153000000000000000e+03
2.155000000000000000e+03
2.164000000000000000e+03
2.167000000000000000e+03
2.168000000000000000e+03
2.180000000000000000e+03
2.183000000000000000e+03
2.187000000000000000e+03
2.190000000000000000e+03
2.191000000000000000e+03
2.195000000000000000e+03
2.196000000000000000e+03
2.201000000000000000e+03
2.205000000000000000e+03
2.208000000000000000e+03
2.216000000000000000e+03
2.219000000000000000e+03
2.220000000000000000e+03
2.225000000000000000e+03
2.233000000000000000e+03
2.234000000000000000e+03
2.238000000000000000e+03
2.239000000000000000e+03
2.245000000000000000e+03
2.247000000000000000e+03
2.248000000000000000e+03
2.249000000000000000e+03
2.263000000000000000e+03
2.264000000000000000e+03
2.274000000000000000e+03
2.301000000000000000e+03
2.304000000000000000e+03
2.307000000000000000e+03
2.332000000000000000e+03
2.336000000000000000e+03
2.357000000000000000e+03
2.360000000000000000e+03
2.363000000000000000e+03
2.373000000000000000e+03
2.376000000000000000e+03
2.378000000000000000e+03
2.390000000000000000e+03
2.391000000000000000e+03
2.396000000000000000e+03
2.398000000000000000e+03
2.403000000000000000e+03
2.405000000000000000e+03
2.407000000000000000e+03
4.003000000000000000e+03
4.004000000000000000e+03
4.005000000000000000e+03
4.007000000000000000e+03
4.012000000000000000e+03
4.015000000000000000e+03
4.020000000000000000e+03
4.021000000000000000e+03
4.028000000000000000e+03
4.029000000000000000e+03
4.030000000000000000e+03
4.032000000000000000e+03
4.036000000000000000e+03
4.037000000000000000e+03
4.041000000000000000e+03
4.042000000000000000e+03
4.043000000000000000e+03
4.051000000000000000e+03
4.058000000000000000e+03
4.060000000000000000e+03
4.063000000000000000e+03
4.072000000000000000e+03
4.075000000000000000e+03
4.076000000000000000e+03
4.079000000000000000e+03
4.082000000000000000e+03
4.084000000000000000e+03
4.092000000000000000e+03
4.094000000000000000e+03
4.100000000000000000e+03
4.104000000000000000e+03
4.105000000000000000e+03
4.114000000000000000e+03
4.115000000000000000e+03
4.120000000000000000e+03
4.121000000000000000e+03
4.125000000000000000e+03
4.127000000000000000e+03
4.128000000000000000e+03
4.133000000000000000e+03
4.143000000000000000e+03
4.146000000000000000e+03
4.148000000000000000e+03
4.150000000000000000e+03
4.151000000000000000e+03
4.153000000000000000e+03
4.158000000000000000e+03
4.159000000000000000e+03
4.160000000000000000e+03
4.162000000000000000e+03
4.167000000000000000e+03
4.168000000000000000e+03
4.169000000000000000e+03
4.173000000000000000e+03
4.175000000000000000e+03
4.184000000000000000e+03
4.187000000000000000e+03
4.199000000000000000e+03
4.200000000000000000e+03
4.205000000000000000e+03
4.206000000000000000e+03
4.210000000000000000e+03
4.211000000000000000e+03
4.212000000000000000e+03
4.214000000000000000e+03
4.216000000000000000e+03
4.217000000000000000e+03
4.218000000000000000e+03
4.222000000000000000e+03
4.225000000000000000e+03
4.226000000000000000e+03
4.232000000000000000e+03
4.234000000000000000e+03
4.235000000000000000e+03
4.250000000000000000e+03
4.252000000000000000e+03
4.255000000000000000e+03
4.259000000000000000e+03
4.262000000000000000e+03
4.263000000000000000e+03
4.271000000000000000e+03
4.272000000000000000e+03
4.275000000000000000e+03
4.276000000000000000e+03
4.278000000000000000e+03
4.285000000000000000e+03
4.287000000000000000e+03
4.288000000000000000e+03
4.292000000000000000e+03
4.293000000000000000e+03
4.299000000000000000e+03
4.309000000000000000e+03
4.311000000000000000e+03
4.312000000000000000e+03
4.313000000000000000e+03
4.320000000000000000e+03
4.324000000000000000e+03
4.335000000000000000e+03
4.339000000000000000e+03
4.343000000000000000e+03
4.350000000000000000e+03
4.351000000000000000e+03
4.352000000000000000e+03
4.354000000000000000e+03
4.356000000000000000e+03
4.357000000000000000e+03
4.359000000000000000e+03
4.360000000000000000e+03
4.365000000000000000e+03
4.367000000000000000e+03
4.369000000000000000e+03
4.371000000000000000e+03
4.372000000000000000e+03
4.381000000000000000e+03
4.383000000000000000e+03
4.386000000000000000e+03
4.387000000000000000e+03
4.388000000000000000e+03
4.390000000000000000e+03
4.391000000000000000e+03
4.393000000000000000e+03
4.394000000000000000e+03
4.395000000000000000e+03
4.400000000000000000e+03
4.404000000000000000e+03
4.405000000000000000e+03
4.410000000000000000e+03
4.414000000000000000e+03
4.415000000000000000e+03
4.417000000000000000e+03
4.421000000000000000e+03
4.429000000000000000e+03
4.443000000000000000e+03
4.446000000000000000e+03
4.447000000000000000e+03
4.453000000000000000e+03
4.455000000000000000e+03
4.462000000000000000e+03
4.464000000000000000e+03
4.466000000000000000e+03
4.476000000000000000e+03
4.482000000000000000e+03
4.483000000000000000e+03
4.488000000000000000e+03
4.491000000000000000e+03
4.494000000000000000e+03
4.496000000000000000e+03
4.498000000000000000e+03
4.500000000000000000e+03
4.502000000000000000e+03
4.510000000000000000e+03
4.512000000000000000e+03
4.513000000000000000e+03
4.514000000000000000e+03
4.515000000000000000e+03
4.516000000000000000e+03
4.520000000000000000e+03
4.521000000000000000e+03
4.522000000000000000e+03
4.526000000000000000e+03
4.539000000000000000e+03
4.543000000000000000e+03
4.545000000000000000e+03
4.547000000000000000e+03
4.560000000000000000e+03
4.565000000000000000e+03
4.571000000000000000e+03
4.576000000000000000e+03
4.578000000000000000e+03
4.582000000000000000e+03
4.584000000000000000e+03
4.586000000000000000e+03
4.595000000000000000e+03
4.604000000000000000e+03
4.613000000000000000e+03
4.614000000000000000e+03
4.623000000000000000e+03
4.624000000000000000e+03
4.626000000000000000e+03
4.631000000000000000e+03
4.632000000000000000e+03
4.636000000000000000e+03
4.637000000000000000e+03
4.643000000000000000e+03
4.645000000000000000e+03
4.653000000000000000e+03
4.654000000000000000e+03
4.659000000000000000e+03
4.672000000000000000e+03
4.674000000000000000e+03
4.675000000000000000e+03
4.676000000000000000e+03
4.678000000000000000e+03
4.679000000000000000e+03
4.680000000000000000e+03
4.689000000000000000e+03
4.714000000000000000e+03
4.722000000000000000e+03
4.723000000000000000e+03
4.729000000000000000e+03
4.742000000000000000e+03
4.744000000000000000e+03
4.769000000000000000e+03
4.780000000000000000e+03
4.782000000000000000e+03
4.799000000000000000e+03
4.813000000000000000e+03
4.815000000000000000e+03
4.817000000000000000e+03
4.832000000000000000e+03
4.842000000000000000e+03
4.857000000000000000e+03
4.868000000000000000e+03
4.873000000000000000e+03
4.874000000000000000e+03
4.883000000000000000e+03
4.885000000000000000e+03
4.888000000000000000e+03
4.889000000000000000e+03
4.893000000000000000e+03
4.898000000000000000e+03
4.919000000000000000e+03
4.925000000000000000e+03
4.936000000000000000e+03
4.941000000000000000e+03
4.944000000000000000e+03
4.945000000000000000e+03
4.947000000000000000e+03
4.952000000000000000e+03
4.960000000000000000e+03
4.989000000000000000e+03
5.066000000000000000e+03
5.079000000000000000e+03
5.082000000000000000e+03
5.093000000000000000e+03
