71.527766
66.896504
75.983640
77.381763
72.812370
76.589022
80.613630
79.938209
87.916955
71.547863
81.671008
86.171842
86.365934
72.568094
68.462714
81.197790
80.412904
69.889737
70.805002
70.232341
84.395654
79.022270
85.352368
74.982607
80.514496
81.455824
76.997118
82.479525
78.095697
77.947756
70.292014
77.148241
72.685887
72.922436
69.285316
73.823439
66.545551
79.519010
84.811098
70.177696
76.548631
74.100806
61.314706
74.177673
71.557146
76.411047
74.393578
81.166632
82.154935
76.889109
71.650852
77.124151
73.166108
66.280586
83.110047
82.940485
75.642521
71.390908
72.442829
85.381738
85.027297
69.504312
71.559607
68.574698
74.964983
84.167255
69.972241
74.931717
69.860610
74.509049
89.716879
77.612786
77.505312
84.916176
69.898821
90.095955
67.550831
77.852299
83.497854
88.330919
80.259905
63.056819
68.488199
68.364093
83.883289
70.152229
73.011249
84.705201
75.870032
64.191640
81.940461
63.050045
78.979350
85.896302
90.161700
74.046867
67.246652
76.776838
72.157248
77.454152
88.884224
84.384060
86.378544
59.217761
88.886114
82.638972
78.044725
73.394016
78.863278
80.876673
65.397145
59.083670
64.458590
79.529456
71.640287
77.988401
87.647604
75.940907
72.144010
74.890543
78.462880
73.412709
67.948061
84.275471
68.671216
85.095290
79.868133
66.147366
70.028569
76.340732
65.733472
79.563991
82.150558
61.584299
77.011967
86.970451
77.474598
77.163847
82.980252
81.932090
70.423789
80.152219
66.265394
91.522206
72.684705
76.789364
85.153701
73.691179
68.079501
85.279395
80.759529
75.104286
80.429163
79.557188
75.327677
81.408106
77.431458
80.394366
62.820551
88.459823
75.605530
76.887404
72.272937
78.722982
82.677823
51.762248
57.001893
68.046741
70.695178
83.583282
68.257775
76.634271
73.352812
69.375807
91.098120
72.840594
70.970173
69.838602
80.805863
70.106140
71.003695
81.339046
85.234432
74.036216
87.853445
70.133318
70.684543
55.098562
88.833551
84.686117
76.437500
64.657276
75.878517
78.890796
70.025431
71.429128
75.672679
73.816870
72.502685
82.342354
75.364737
82.666455
83.537750
67.492933
78.043113
65.813682
88.916509
73.647446
85.066633
69.836038
81.401424
80.775446
74.668141
67.280987
78.779297
85.080978
83.922135
73.233337
64.956140
80.733328
68.554497
67.879388
80.049457
81.479875
78.273450
81.514294
80.045337
75.197245
79.042299
77.170227
60.414050
66.154613
77.477751
78.110634
79.160548
67.981864
77.595406
63.638012
67.910035
83.606098
56.721936
67.847154
79.224136
84.219631
79.379807
70.837528
65.121919
67.480474
61.682640
81.913868
75.138622
76.909430
79.489035
77.844206
72.063172
83.919731
80.617756
87.059685
79.850269
72.169590
85.258539
91.232000
83.960324
65.437002
60.885023
71.165978
78.432111
77.197322
64.563420
75.815337
56.910392
77.622623
75.416269
65.117367
88.300043
78.764194
76.129186
76.632399
67.232756
73.554066
77.115153
70.612887
75.656425
84.725794
69.378277
67.599230
60.945583
70.781608
84.735001
51.213010
78.253548
76.560900
69.883745
75.735676
66.644857
86.468372
75.074788
79.542752
74.023698
82.649391
76.650362
78.876820
68.067517
77.006839
79.870514
73.298566
84.525380
74.473036
73.767661
77.293917
92.411327
76.155738
70.333979
77.398545
67.180118
50.413084
76.251508
69.558412
70.834462
70.470940
87.754927
75.161450
84.947092
73.541765
69.266577
66.146701
56.400790
84.188248
63.816416
72.625254
64.108363
78.487065
71.641676
79.589021
67.084336
87.775057
82.493113
74.051872
72.265022
89.168336
73.265085
79.440724
79.403774
77.015631
76.973688
75.072392
74.053945
76.268508
53.419743
86.298987
83.348604
72.445150
80.252038
73.265643
88.253681
71.906688
64.769336
65.538027
72.382183
78.427991
70.271655
64.316144
79.562242
83.343651
85.945180
75.274456
84.993686
83.531452
82.330625
71.391966
75.702934
72.584797
66.717362
62.562763
82.600966
72.517078
71.886183
83.292304
63.262823
75.807305
77.717483
83.746065
69.194690
78.328917
88.388540
77.148991
82.227131
76.580539
74.499582
85.990309
87.138762
76.525541
75.160864
78.161784
73.444346
81.290021
73.362457
80.056166
80.523981
77.341345
71.117744
76.496524
67.028433
79.067935
83.774707
74.273970
70.112545
81.953503
64.611409
65.321381
73.048462
75.347397
74.280376
69.531646
70.732126
70.930640
83.878906
80.349442
84.596296
78.535310
76.558465
70.383622
80.545325
79.865399
78.423671
80.156573
76.996250
69.308701
79.841891
69.280782
61.445127
69.993379
82.046847
76.082037
80.587830
74.296039
68.725591
74.572626
76.765382
79.302735
83.542577
70.572045
76.769561
82.954812
85.364963
73.114232
74.417615
75.440387
74.296586
74.279648
64.246064
62.317568
83.249290
77.870979
83.863321
78.811169
76.982411
87.641972
78.562617
82.289574
78.706751
83.189051
68.573611
69.665358
78.252069
83.221978
76.572808
64.261430
75.060179
80.797071
78.807713
74.753147
73.453060
72.265344
85.414167
84.013075
74.572625
69.674931
81.977437
68.328646
69.351168
62.193396
78.372808
79.573038
72.557142
84.726778
76.379853
76.615909
84.925062
73.910687
82.361606
70.554867
69.465146
92.769276
78.206327
60.483042
68.110165
77.516636
77.417865
71.311947
81.167599
72.529403
71.869905
78.151933
87.439840
71.373710
75.378650
67.909829
78.573776
78.964138
68.559968
83.628361
83.041540
77.661186
80.638042
63.243440
88.079158
69.240759
83.736944
84.498717
80.363696
73.087575
76.391273
78.847896
64.328564
75.781640
82.720523
79.741335
68.380747
75.739743
77.026485
68.689292
60.474635
74.852972
82.274618
91.028813
79.210550
78.289508
69.222507
73.199846
59.645933
72.577886
85.007047
83.131959
79.396895
75.754886
87.922179
75.721747
65.685478
68.747156
67.590552
76.758484
72.820848
78.175064
82.274167
77.850632
77.614067
69.127355
82.140943
75.980028
57.637657
74.097008
81.070143
64.508426
65.003373
56.886702
79.518188
66.054809
74.599374
78.478440
84.056406
80.745548
68.738448
66.599530
76.155642
75.106901
75.204772
81.697001
70.150048
69.432182
65.490719
69.844322
71.000749
81.589155
67.957179
75.240810
84.817176
77.098868
79.332599
74.700256
74.188520
83.391059
77.053839
80.284146
80.729605
79.647583
58.691251
84.871033
71.601019
88.153825
88.522764
75.131672
79.423602
79.589965
87.191289
83.801516
80.116975
78.927337
65.996726
78.505663
83.650402
72.526551
81.358467
68.381403
79.786628
91.605994
79.617048
74.931991
84.683699
80.167773
80.638149
81.035039
81.370689
86.978283
85.131333
87.867243
79.912216
62.439419
82.804399
74.490776
82.162787
77.391256
78.362279
79.951979
75.187852
75.882093
74.648069
67.264209
81.043129
76.887565
74.325584
87.749650
79.015131
81.742339
71.811398
69.820481
74.021141
78.039205
84.155911
57.952184
70.081022
84.586570
71.129053
63.634311
66.970823
77.239202
80.071523
69.874558
63.472132
73.410438
70.747368
82.885730
75.515000
73.267899
76.997493
82.065922
76.389302
85.903577
78.074836
64.311572
77.760123
78.329686
74.075791
70.362754
58.662769
77.159103
70.653017
78.516182
67.376473
77.045750
74.466833
80.821309
79.321542
71.114613
74.564220
87.453890
71.880035
69.725067
64.181036
83.988639
75.118005
73.744895
72.319890
73.443352
66.826794
68.674375
69.959779
79.636015
86.891843
75.692589
72.116315
84.007933
73.551459
77.119567
72.642513
74.372732
81.124957
70.671511
66.094411
75.565996
81.070190
69.673078
79.300228
78.455341
76.975217
85.011433
74.825203
74.668489
70.590230
74.730040
69.823518
79.457661
67.685602
76.144410
72.805707
78.571962
57.407539
76.944531
87.921535
75.843985
77.495592
67.591527
79.415908
79.305629
79.185109
