-0.035430 0.128747 0.242405
-0.034017 0.132064 0.244835
-0.032586 0.135397 0.247309
-0.031134 0.138747 0.249812
-0.029668 0.142108 0.252311
-0.028190 0.145472 0.254821
-0.026679 0.148865 0.257362
-0.025158 0.152274 0.259930
-0.023619 0.155688 0.262489
-0.022058 0.159121 0.265064
-0.020474 0.162578 0.267656
-0.018871 0.166046 0.270266
-0.017252 0.169524 0.272892
-0.015596 0.173048 0.275538
-0.013922 0.176588 0.278176
-0.012230 0.180139 0.280842
-0.010509 0.183724 0.283513
-0.008760 0.187335 0.286187
-0.006997 0.190966 0.288906
-0.005203 0.194629 0.291629
-0.003383 0.198325 0.294347
-0.001541 0.202045 0.297094
0.000326 0.205797 0.299844
0.002223 0.209592 0.302585
0.004146 0.213423 0.305364
0.006083 0.217283 0.308116
0.008054 0.221164 0.310866
0.010060 0.225129 0.313666
0.012072 0.229125 0.316464
0.014105 0.233132 0.319213
0.016191 0.237224 0.322025
0.018286 0.241382 0.324855
0.020390 0.245541 0.327633
0.022540 0.249776 0.330422
0.024710 0.254085 0.333268
0.026885 0.258429 0.336034
0.029084 0.262859 0.338849
0.031309 0.267345 0.341686
0.033555 0.271874 0.344479
0.035818 0.276493 0.347253
0.038088 0.281198 0.350095
0.040388 0.285938 0.352894
0.042700 0.290792 0.355661
0.045020 0.295731 0.358460
0.047354 0.300725 0.361275
0.049712 0.305796 0.364022
0.052072 0.310980 0.366814
0.054451 0.316224 0.369572
0.056827 0.321568 0.372354
0.059228 0.327013 0.375085
0.061644 0.332515 0.377810
0.064057 0.338101 0.380561
0.066496 0.343861 0.383291
0.068957 0.349633 0.385951
0.071415 0.355516 0.388658
0.073891 0.361505 0.391353
0.076401 0.367582 0.394016
0.078944 0.373741 0.396671
0.081504 0.380007 0.399358
0.084108 0.386346 0.401964
0.086744 0.392795 0.404599
0.089425 0.399305 0.407224
0.092168 0.405875 0.409798
0.094964 0.412525 0.412388
0.097826 0.419299 0.414994
0.100767 0.426050 0.417574
0.103796 0.432914 0.420107
0.106921 0.439849 0.422699
0.110143 0.446747 0.425267
0.113492 0.453764 0.427817
0.116986 0.460762 0.430335
0.120592 0.467772 0.432886
0.124367 0.474830 0.435458
0.128325 0.481891 0.437994
0.132448 0.488892 0.440540
0.136829 0.495996 0.443068
0.141322 0.502936 0.445619
0.146041 0.509853 0.448206
0.151043 0.516805 0.450730
0.156255 0.523654 0.453331
0.161668 0.530382 0.455949
0.167376 0.537045 0.458580
0.173322 0.543592 0.461235
0.179494 0.549995 0.463861
0.185980 0.556298 0.466523
0.192751 0.562493 0.469133
0.199816 0.568571 0.471867
0.207107 0.574427 0.474641
0.214659 0.580144 0.477318
0.222537 0.585732 0.480022
0.230573 0.591076 0.482820
0.238912 0.596313 0.485554
0.247498 0.601379 0.488197
0.256193 0.606196 0.491068
0.265168 0.610915 0.493883
0.274233 0.615407 0.496649
0.283422 0.619732 0.499434
0.292776 0.623929 0.502254
0.302183 0.627959 0.505108
0.311695 0.631874 0.507987
0.321150 0.635619 0.510755
0.330665 0.639282 0.513540
0.340122 0.642822 0.516309
0.349572 0.646301 0.519088
0.359088 0.649764 0.521857
0.368216 0.653029 0.524610
0.377324 0.656286 0.527349
0.386397 0.659555 0.530134
0.395226 0.662758 0.532846
0.403900 0.665939 0.535588
0.412270 0.669081 0.538217
0.420531 0.672239 0.540979
0.428667 0.675472 0.543615
0.436480 0.678664 0.546197
0.444058 0.681844 0.548932
0.451556 0.685158 0.551580
0.458850 0.688521 0.554015
0.465821 0.691844 0.556782
0.472653 0.695260 0.559475
0.479386 0.698827 0.561848
0.485802 0.702358 0.564504
0.491686 0.705725 0.567130
0.498005 0.709609 0.569525
0.503921 0.713389 0.572035
0.509162 0.716883 0.574695
0.514743 0.720837 0.577151
0.520352 0.725001 0.579510
0.525068 0.728682 0.582103
0.529790 0.732542 0.584720
0.534803 0.736862 0.586924
0.539326 0.740942 0.589468
0.543479 0.744879 0.591986
0.547948 0.749312 0.594410
0.552270 0.753777 0.596883
0.555902 0.757786 0.599407
0.559712 0.762140 0.601783
0.563875 0.767005 0.604167
0.567193 0.771223 0.606503
0.570473 0.775542 0.608851
0.574140 0.780427 0.611224
0.577435 0.785089 0.613548
0.580275 0.789386 0.615891
0.583525 0.794290 0.618260
0.586762 0.799346 0.620560
0.589383 0.803795 0.623015
0.591985 0.808370 0.625346
0.595041 0.813636 0.627561
0.597609 0.818402 0.629939
0.599897 0.822944 0.632309
0.602631 0.828187 0.634529
0.605250 0.833380 0.636802
0.607349 0.838001 0.639166
0.609685 0.843040 0.641439
0.612128 0.848331 0.643619
0.614165 0.853138 0.645946
0.616239 0.858075 0.648307
0.618522 0.863432 0.650318
0.620553 0.868487 0.652548
0.622348 0.873256 0.654841
0.624439 0.878560 0.657013
0.626589 0.884028 0.659131
0.628306 0.888887 0.661439
0.630084 0.893900 0.663685
0.632168 0.899456 0.665791
0.633916 0.904550 0.667949
0.635529 0.909440 0.670089
0.637450 0.914930 0.672196
0.639236 0.920219 0.674201
0.640795 0.925167 0.676464
0.642441 0.930321 0.678517
0.644321 0.935909 0.680526
0.645860 0.940936 0.682692
0.647268 0.945788 0.684792
0.649136 0.951465 0.686730
0.650792 0.956791 0.688775
0.652101 0.961562 0.690848
0.653793 0.967022 0.692803
0.655540 0.972587 0.694705
0.656813 0.977364 0.696667
0.658323 0.982562 0.698673
0.659975 0.988041 0.700355
0.661365 0.993082 0.702312
0.662694 0.998040 0.704377
0.664265 1.003415 0.706025
0.665742 1.008644 0.707746
0.666964 1.013455 0.709741
0.668361 1.018574 0.711467
0.669964 1.024033 0.712917
0.671143 1.028825 0.714807
0.672455 1.033856 0.716690
0.673931 1.039136 0.718067
0.675220 1.044119 0.719690
0.676302 1.048752 0.721631
0.677630 1.053819 0.723005
0.679123 1.059175 0.724338
0.680105 1.063646 0.726176
0.681204 1.068343 0.727700
0.682637 1.073604 0.728887
0.683720 1.078257 0.730470
0.684557 1.082509 0.732135
