0.132025
0.849939
-0.004156
0.679413
1.579655
-1.790312
0.528457
-0.218602
-0.145636
1.486645
-0.032928
-0.731202
0.039376
-0.678828
-0.317792
-0.261526
-1.546061
0.402325
0.059253
0.017135
0.043905
0.054793
0.235560
0.679873
-0.052991
-0.255795
-0.861951
-0.653602
0.139659
-0.128962
-2.749774
1.128244
1.092417
-1.337726
1.249281
0.836198
0.333609
-0.125697
-0.531497
1.901053
-2.691622
-1.787958
-1.169767
-0.449670
0.099306
1.332466
-1.081739
-0.022258
0.389724
-0.654616
-1.043412
0.139015
-0.353018
0.988994
-0.184973
1.822880
-0.680133
0.208207
-1.651399
0.763309
-0.314189
-0.019404
1.144772
-1.135967
-1.734219
0.332094
-0.967202
0.515183
-2.092813
0.801444
0.433196
-0.840700
0.942515
0.449077
1.207798
0.494728
0.848427
0.439794
-0.440822
-0.208984
-0.029220
0.829776
-0.485744
1.212477
-0.044396
-0.138384
-0.672682
-0.207728
-1.404067
0.704964
-0.725861
0.313507
0.508394
0.376409
0.131307
1.187836
0.034053
-1.334175
1.070502
0.063005
-0.813751
1.455672
0.423526
1.354963
0.017241
0.331948
-1.144052
0.483392
0.053029
1.229022
-0.566562
1.063851
-0.296935
1.316227
0.540205
-1.315489
-0.983858
0.619787
1.443347
-1.741204
1.024668
0.138740
-1.567538
0.275686
0.128625
-0.710887
0.031351
-0.116137
0.760269
-0.457034
-0.014794
0.229965
1.346995
-1.280324
0.835023
-0.450433
0.942203
-1.357994
0.077578
0.602289
0.498893
-0.883043
1.308465
0.003691
0.714723
-0.369737
0.678620
-0.963220
1.312071
-0.241231
1.424379
0.205936
-0.468529
-0.536403
-1.108655
0.033665
-0.955370
-0.335684
0.223894
0.536159
-1.393082
-0.812010
-1.254112
0.393843
0.310444
0.809591
1.005539
0.100031
-2.732360
0.377611
2.171243
-0.937197
-1.547909
-1.752304
-0.171809
0.408879
-1.073032
0.592757
-1.672081
0.551570
-1.010839
-0.258134
0.347987
0.185555
1.022524
2.351504
0.473069
0.041343
-0.499468
-0.090356
-0.303555
-0.585450
1.464086
0.776429
-1.650979
2.635768
-0.395572
-0.361382
-2.772950
0.156345
-1.321938
-0.687103
0.377399
-1.969956
-1.689854
-0.269669
0.023543
-1.515202
0.756803
1.726845
0.384394
-0.129122
0.707395
-2.717807
-0.912237
0.276656
1.095990
0.163427
0.876108
0.228201
0.215561
1.969203
0.617543
-0.138834
0.301895
-0.306899
-1.613128
-0.438657
-0.532766
-0.641911
-2.154322
-2.243728
0.448998
-0.476340
0.109079
-0.731994
-0.761777
-0.958812
1.335656
-0.068590
2.453919
-1.100987
0.423581
-0.008830
-0.150256
0.254627
-0.891368
-2.491412
1.742709
-0.096226
-0.684416
0.446381
0.250292
0.175687
1.564421
0.702403
-0.858062
0.187223
2.373140
-0.567019
0.024605
0.781255
0.096830
1.830118
0.229888
1.262350
1.387953
-0.050336
-1.001068
2.351120
0.971015
0.152267
-2.898824
-1.637464
-0.676346
0.984734
1.059257
1.457563
1.870201
1.629976
0.041885
1.413525
-1.151288
-0.204886
-0.343699
1.243752
-0.519784
1.661263
0.474286
1.488295
2.325117
1.612113
0.059499
-0.523203
1.294278
-0.479881
-0.040429
0.511697
0.406578
-0.739168
-0.229356
0.837501
-0.189229
-0.976507
-0.717193
0.026082
0.041435
0.097886
0.411986
0.630376
-0.353756
1.283185
-1.691813
-0.363267
0.063022
1.052423
1.618599
0.478651
0.148510
0.500287
0.460699
0.934876
-0.677611
0.142405
0.101095
-1.068095
-0.514217
0.196340
-2.115263
0.195492
1.391696
-0.002171
1.123539
0.619350
1.733691
0.435638
-0.035921
1.694986
-0.052938
0.090326
1.205780
0.083569
-0.071144
0.000875
1.491702
-0.870087
2.371846
-1.507612
2.240546
0.327781
0.413108
2.157391
-0.858910
0.479959
0.467001
1.036023
-0.163361
2.228012
-0.770027
0.088896
0.209396
-0.950216
0.718086
0.292809
0.262087
-0.218012
-0.260726
-1.357813
-1.232043
-0.537435
-0.492464
-1.617049
-0.009742
1.129539
-0.162665
-0.322490
0.821443
0.081267
0.429737
-0.076935
1.273569
0.052430
0.979818
0.062917
-0.034104
0.620763
0.537377
0.649497
-0.810584
1.021934
-0.133517
-1.871647
-0.583052
-1.204742
1.210793
-0.183953
1.232918
1.560410
-1.013500
0.406989
1.508510
0.393078
0.405614
-1.836756
-0.566802
0.765459
0.290033
1.613371
0.809035
-1.502778
1.168529
0.517090
-1.161339
2.412911
0.247377
0.370298
-1.384348
0.114192
-0.157980
0.058430
0.434814
3.521514
0.062909
0.060356
-1.119062
-0.095582
0.094727
-1.920116
-0.253953
-0.163174
-0.551105
-2.845173
0.751933
-0.064351
0.403927
-0.683716
-0.031475
0.113124
-0.041578
0.439418
0.128620
0.282719
0.855639
-0.135111
-0.351783
-0.052560
-0.257913
0.008850
-0.645235
-1.083996
-0.007998
-1.764312
-0.349167
0.943415
0.519100
-1.927699
-0.010786
0.532403
-0.536885
0.374472
-1.058400
0.138467
0.288451
-0.105833
-1.041065
0.147200
0.108761
-0.398872
0.101613
-0.435743
0.132787
0.020703
-0.393087
-0.081650
0.383229
-0.149308
0.288322
-0.993543
0.355915
-0.118653
-0.091668
0.047993
0.576743
0.044537
-0.249921
0.511945
-0.328113
-0.869865
0.791694
1.071598
0.945087
-1.174574
0.094467
0.388017
1.549044
-0.528590
-0.194859
0.973481
0.131378
0.670062
-0.351888
-0.311570
-0.063329
-0.221454
0.573858
-0.022188
0.617670
-1.802064
0.386056
0.556814
0.510817
-0.126860
0.812252
0.251425
0.278235
1.835149
-0.424895
-0.303247
1.620375
-0.745907
0.190809
0.016088
0.092631
-0.514808
2.196517
-1.749843
0.328474
-0.079229
1.272180
-1.765196
-0.103578
-1.758978
1.183747
0.705054
0.166409
-0.426777
-0.069469
-0.768621
-0.415470
-0.929423
-0.185854
0.589179
0.250591
0.975263
0.323851
1.580309
-0.932380
-0.078153
-1.564672
0.166389
1.043725
-0.573548
0.109079
0.022684
0.018157
-0.644903
1.158032
0.751877
-0.203778
-1.534816
-2.072082
0.864856
0.508508
-1.580349
-2.755637
0.239599
-0.561647
-1.551902
-1.368083
-0.665602
0.517109
0.315509
-0.525089
0.233349
0.538493
0.476916
-0.276639
-0.160133
-2.255228
-0.513437
0.130618
0.029092
-0.766727
-0.406882
-0.758951
0.414652
0.669026
-0.312042
0.076647
1.451364
-1.320587
0.403907
-0.115534
0.323553
-0.040894
-1.318791
-0.140365
-0.084046
-0.504318
0.579625
0.267991
0.054916
-0.594150
0.395020
0.192873
0.540885
0.121452
-0.221370
-0.901222
0.297801
0.955444
-0.244985
-0.079587
-0.018656
-0.258691
-0.337158
-0.630394
-0.827484
0.611393
0.111428
-0.267290
-0.803888
0.297479
-0.037638
0.318893
0.355014
-0.096386
1.501546
1.536142
-1.013903
-0.431716
-1.068478
-0.439193
0.428348
-0.233389
-0.671324
0.298985
0.013175
-0.475299
-1.517877
-0.835383
-0.260702
-0.816877
-0.054782
-0.733852
1.753122
-1.045103
0.417042
0.725835
2.454944
0.102125
0.290469
-1.517280
-0.393974
0.230597
-0.528999
0.169789
1.688954
-1.474824
0.112766
-1.703530
0.537893
-0.028864
-0.977513
-0.271983
0.593426
0.112906
0.163473
-1.459654
0.242425
-0.069041
-1.269156
0.539044
-1.578202
-0.656432
0.560591
0.518512
0.131940
-0.011036
-0.134901
-1.373575
0.064526
-1.088882
-0.544837
-0.825576
0.776642
0.340749
-0.177952
1.120594
0.836148
-0.185139
0.084815
-1.065187
1.060367
1.205186
1.738688
2.078430
-0.435992
0.534291
0.612389
-1.409707
0.714248
-0.041112
-0.370418
-0.447627
-0.279528
0.366459
2.354058
0.609438
-1.337900
-0.978725
1.362244
0.826946
0.022574
-0.245052
0.099161
0.924767
1.730226
-0.585352
0.893589
-0.536903
0.172807
-0.456683
2.035685
-0.879902
1.143268
1.039153
0.321880
0.085944
0.461066
0.338664
-0.300631
-0.165369
-1.040433
-0.324124
