0.513177
0.205177
-0.090112
0.065270
0.387178
0.160945
-0.525649
0.203400
-0.029770
0.175110
-0.032356
0.159724
-0.669479
-0.892988
0.099449
-0.084760
0.151970
0.065420
0.423230
0.552971
-0.017422
-0.179058
-0.022079
-0.182436
0.143347
0.272590
-0.933518
0.130106
0.005837
0.012432
-0.237417
0.175343
0.348026
0.105472
0.488096
0.287759
0.154621
-0.298416
-0.636607
0.297900
-0.261916
0.047824
0.026075
0.462421
-0.235563
0.584537
0.139705
0.034151
-0.072251
0.399955
0.140063
0.425206
-0.008538
0.497349
-0.002025
0.241514
-0.053667
0.317023
0.155860
-1.192124
0.157292
0.400454
0.173261
0.171820
0.059402
-0.152181
0.019696
0.066829
0.242695
0.544802
0.221627
-0.164116
0.332454
-0.570211
0.404518
-0.427427
0.383112
0.476885
0.035183
0.058771
0.280938
0.275042
-0.846870
0.485015
0.151502
0.460572
0.513096
0.068256
0.346298
0.630142
-0.060213
0.173466
0.049992
-0.612965
-0.547603
0.201109
0.277862
0.217226
0.060330
0.378456
0.156564
-0.066208
0.123877
0.092898
-0.051457
0.034988
0.152628
0.290787
0.052482
-0.353976
0.404385
0.481694
0.551924
0.111470
-0.017829
0.313928
0.119509
0.286228
0.362478
0.119004
0.220444
0.516386
0.112461
0.009383
0.323684
0.011127
-1.270628
0.588546
0.315740
0.351746
0.041126
0.246061
0.169172
0.450723
-0.505258
-0.240781
0.315017
0.262451
-0.193138
0.145793
0.037080
0.173273
0.284696
0.125519
0.548156
-0.932794
-0.525539
-0.243313
0.254551
0.201053
0.252770
0.100468
0.191277
0.598780
0.166373
-0.204723
0.480373
0.065473
0.348977
-0.438826
0.176599
0.070042
0.033246
0.283047
-0.020027
0.430253
0.316299
0.387115
-0.217961
-1.590521
0.454150
-0.040214
0.156661
0.022033
0.245801
0.371925
-0.263016
0.251303
0.214019
0.355176
0.171461
-0.163937
0.207949
0.147426
0.200666
0.413509
0.233945
0.606550
0.122491
-0.671598
0.129621
-0.573194
0.510023
0.379037
-0.670154
0.454873
-0.034215
-0.065816
0.004900
-0.209186
-0.145796
0.055433
0.288707
-0.180255
-0.016881
0.667440
-0.072515
0.399196
0.037101
0.546200
-0.038541
-0.996134
0.477145
0.014158
-0.065294
0.065640
0.257149
0.135178
0.501846
-0.357027
-0.059875
0.003854
-0.179770
-0.066432
-0.372474
0.096216
0.185050
-1.387753
-0.840985
0.130211
-0.436152
-0.644316
0.442151
-0.217711
0.236038
0.073651
0.075420
0.391717
0.532721
0.019878
0.474266
0.071935
0.169351
-0.137675
-0.020144
0.466747
0.541870
-0.068923
0.557818
-0.201220
-0.921382
0.266673
0.294594
0.194582
0.470327
-0.771563
0.111741
-0.050736
0.337808
-0.532001
-0.663621
-0.540460
0.067736
0.453161
0.596054
0.351567
0.422139
0.163101
0.070242
0.382126
0.495277
0.282500
-0.208962
0.342332
-0.170211
0.368653
-0.806094
0.335510
0.484902
0.495823
0.299170
0.334275
0.141501
0.199675
-0.880494
0.339982
0.417044
0.170820
-0.786755
0.596219
0.166991
0.378442
-0.173782
0.119713
-0.015567
0.156615
0.322750
0.316533
0.253236
-0.158652
0.344626
0.524883
0.583176
0.026077
0.194542
-0.842862
0.144732
0.292168
0.292937
0.493022
0.014627
0.355925
0.141538
-0.044416
-0.008777
0.448205
0.228057
0.552249
0.276364
0.631990
0.102885
0.301402
-0.009511
0.525828
0.372031
0.033374
0.487718
-0.358425
0.167277
-0.041327
0.474805
0.319254
0.541541
-0.461228
0.379452
0.164065
0.091319
0.220317
-1.011521
-0.480581
0.197627
0.239273
0.012724
0.355161
0.399309
0.030345
0.337150
0.109380
0.512987
-0.093404
0.321971
0.183307
0.209386
0.299200
0.247703
0.404287
-0.858006
0.525535
-1.014987
0.026566
0.086487
0.578390
-0.849416
0.133413
0.180470
-0.063173
0.160750
0.399684
-0.031727
0.101588
0.207635
-0.351622
0.170735
0.421135
0.132822
-0.365297
0.199055
0.088273
0.547614
0.058945
0.204532
-0.856280
0.441176
0.292922
-0.523807
0.507700
0.144930
0.006410
0.336338
0.390075
-0.669433
-0.201557
0.253680
0.257669
0.340648
-0.168195
0.538265
0.166225
0.052123
-0.288978
0.514439
0.535645
0.481828
-0.175112
-0.726742
0.393405
0.307201
0.251502
0.453936
-0.308172
0.501360
-0.880155
0.121952
0.251079
0.607293
0.576236
-0.700230
-0.003319
0.026549
0.289003
0.352832
-0.002197
-0.209614
-0.314695
0.143326
-0.236047
-0.349605
0.064698
-0.072852
-0.367021
0.286623
-0.010800
0.326799
0.586137
-0.595844
0.153622
-0.850750
-0.890710
-0.436572
-0.957470
-0.047834
-0.808176
0.146790
-0.690038
0.338110
0.319034
0.057862
-0.151906
0.014009
0.158296
0.338112
-0.553566
-0.219960
0.154779
-0.232895
0.151728
-0.070000
-0.071767
-0.148172
-0.745879
0.293735
-0.496104
0.630021
0.103200
-0.326029
0.158539
-0.053172
0.133571
0.152374
0.216733
0.059341
-0.479386
-0.029398
0.178910
-0.032957
-0.583225
-0.650379
0.334043
0.349617
-0.272262
0.326935
0.407806
-0.016558
-0.940766
0.135377
-0.169818
0.314099
0.093257
-0.561167
-0.080845
0.301085
-0.187645
-0.385085
0.321204
0.240555
-0.572770
0.468512
0.366361
-0.864919
0.131490
-0.382321
0.178743
0.290760
0.112299
-0.468533
0.560044
0.060078
0.156189
-0.175380
-0.588838
0.675644
-0.605006
0.281083
0.127045
0.262164
0.351600
0.063844
0.139740
0.279269
0.384667
-0.253097
0.016505
0.218404
0.071704
0.308488
-0.003645
-0.037561
0.336868
-0.027582
0.244166
0.256835
0.093154
0.091871
0.093843
0.151018
0.055960
-0.125409
-0.507911
0.288068
-0.184816
0.259106
-0.104977
0.044181
-0.230780
0.106751
0.302173
0.051679
-0.861912
0.008400
0.407587
0.467766
-1.200148
-0.176225
0.073590
-0.928151
-0.313079
-0.509057
-0.191483
-0.159832
0.034034
-0.465807
0.155660
0.335100
-0.778972
-0.074144
-0.129219
-0.073828
-0.696337
0.062855
-0.335732
-0.198729
0.335375
-0.207941
0.177051
0.428974
0.364215
0.260818
-0.791563
0.161853
0.333095
0.022127
-0.831326
-0.857947
0.042569
0.169560
-0.917498
-0.596868
0.292391
-0.779765
-0.043440
0.246633
-0.505593
-0.545339
-0.718352
-1.017177
-0.224431
0.685409
-0.643092
-1.030305
0.192685
-0.554227
-0.762001
0.104661
0.046115
-0.452604
0.110924
0.198852
-0.366515
-0.697023
-0.170827
-0.496656
-0.046872
-0.681614
-0.418751
-0.828109
-0.019833
0.111617
-0.143309
-0.952263
-0.343255
-0.199353
0.162237
-0.059075
-0.531050
0.273929
-0.470838
-0.087749
0.524464
-0.895271
0.194694
0.175539
-1.019607
-0.213099
-0.147984
0.011869
-0.688375
-0.507027
0.495441
0.028709
0.001983
-1.256106
0.040931
-0.085233
-0.014794
-1.037469
0.435877
-0.957735
0.299446
0.411840
0.511433
0.297507
-0.445647
-0.368642
0.350028
0.732474
-0.828557
0.090279
0.511257
0.190892
0.512729
-0.796767
-0.631930
0.101684
0.240929
-0.242460
-1.269844
-0.614732
-0.522244
-0.228212
0.361566
0.324413
0.359081
0.559865
-0.159628
-0.575422
-0.015795
-0.092258
0.477643
0.221462
-0.772943
-0.763915
0.325420
0.081237
0.205285
-0.966932
-1.120984
-0.907083
-0.928641
0.270819
-1.026220
0.334386
-1.012228
-0.864856
0.290533
0.453825
0.561315
0.159242
-0.645242
-0.392699
0.511424
0.080902
-0.063595
-0.585677
-0.792501
-0.075058
-0.774611
-0.129111
0.298516
0.074737
0.118305
-0.826193
0.380296
0.181311
0.154548
-0.391748
0.116128
0.375937
0.412526
0.225820
0.226491
-0.856150
-0.937759
0.644602
0.313666
-0.654784
-0.143435
0.363970
0.288904
-0.438926
-0.515664
-0.448786
-0.786399
-0.866147
-0.190776
-0.077164
