58.315791
58.550385
58.784979
59.019573
59.254167
59.488760
59.723354
59.957948
60.192542
60.427136
60.661730
60.896324
61.130918
61.365512
61.600106
61.834700
62.069294
62.303888
62.538482
62.773076
63.007670
63.242264
63.476858
63.711452
63.946046
64.180640
64.415234
64.649828
64.884422
65.119016
65.353610
65.588204
65.822798
66.057392
66.291986
66.526579
66.761173
66.995767
67.230361
67.464955
67.699549
67.934143
68.168737
68.403331
68.637925
68.872519
69.107113
69.341707
69.576301
69.810895
70.045489
70.280083
70.514677
70.749271
70.983865
71.218459
71.453053
71.687647
71.922241
72.156835
72.391429
72.626023
72.860617
73.095211
73.329805
73.564398
73.798992
74.033586
74.268180
74.502774
74.737368
74.971962
75.206556
75.441150
75.675744
75.910338
76.144932
76.379526
76.614120
76.848714
77.083308
77.317902
77.552496
77.787090
78.021684
78.256278
78.490872
78.725466
78.960060
79.194654
79.429248
79.663842
79.898436
80.133030
80.367624
80.602217
80.836811
81.071405
81.305999
81.540593
81.775187
82.009781
82.244375
82.478969
82.713563
82.948157
83.182751
83.417345
83.651939
83.886533
84.121127
84.355721
84.590315
84.824909
85.059503
85.294097
85.528691
85.763285
85.997879
86.232473
86.467067
86.701661
86.936255
87.170849
87.405443
87.640036
87.874630
88.109224
88.343818
88.578412
88.813006
89.047600
89.282194
89.516788
89.751382
89.985976
90.220570
90.455164
90.689758
90.924352
91.158946
91.393540
91.628134
91.862728
92.097322
92.331916
92.566510
92.801104
93.035698
93.270292
93.504886
93.739480
93.974074
94.208668
94.443262
94.677855
94.912449
95.147043
95.381637
95.616231
95.850825
96.085419
96.320013
96.554607
96.789201
97.023795
97.258389
97.492983
97.727577
97.962171
98.196765
98.431359
98.665953
98.900547
99.135141
99.369735
99.604329
99.838923
100.073517
100.308111
100.542705
100.777299
101.011893
101.246487
101.481081
101.715674
101.950268
102.184862
102.419456
102.654050
102.888644
103.123238
103.357832
103.592426
103.827020
104.061614
104.296208
104.530802
104.765396
104.999990
