-0.116427 0.180501 0.231871
-0.116275 0.183888 0.233874
-0.116144 0.187320 0.236001
-0.116030 0.190799 0.238195
-0.115922 0.194285 0.240321
-0.115833 0.197743 0.242448
-0.115749 0.201314 0.244660
-0.115695 0.204889 0.246905
-0.115645 0.208444 0.249086
-0.115605 0.212049 0.251286
-0.115578 0.215708 0.253516
-0.115570 0.219367 0.255776
-0.115580 0.223018 0.258065
-0.115595 0.226821 0.260386
-0.115613 0.230630 0.262648
-0.115658 0.234428 0.264983
-0.115709 0.238306 0.267306
-0.115758 0.242253 0.269631
-0.115856 0.246176 0.272056
-0.115953 0.250190 0.274495
-0.116053 0.254255 0.276883
-0.116179 0.258345 0.279360
-0.116311 0.262484 0.281827
-0.116442 0.266701 0.284231
-0.116601 0.270998 0.286768
-0.116759 0.275264 0.289160
-0.116905 0.279581 0.291590
-0.117092 0.284115 0.294152
-0.117299 0.288603 0.296651
-0.117466 0.293049 0.299006
-0.117674 0.297772 0.301614
-0.117911 0.302557 0.304202
-0.118115 0.307218 0.306636
-0.118318 0.312101 0.309149
-0.118568 0.317115 0.311823
-0.118776 0.322063 0.314209
-0.119019 0.327184 0.316731
-0.119278 0.332395 0.319378
-0.119495 0.337640 0.321913
-0.119704 0.343020 0.324349
-0.119976 0.348508 0.326996
-0.120185 0.354043 0.329583
-0.120389 0.359749 0.332027
-0.120609 0.365558 0.334561
-0.120828 0.371419 0.337215
-0.120979 0.377397 0.339687
-0.121157 0.383522 0.342256
-0.121291 0.389718 0.344814
-0.121430 0.396002 0.347399
-0.121506 0.402473 0.349874
-0.121541 0.408984 0.352405
-0.121568 0.415543 0.355013
-0.121555 0.422454 0.357536
-0.121426 0.429299 0.359936
-0.121307 0.436252 0.362497
-0.121125 0.443340 0.365005
-0.120850 0.450574 0.367485
-0.120497 0.457942 0.370019
-0.120094 0.465408 0.372613
-0.119556 0.472998 0.375054
-0.118944 0.480711 0.377546
-0.118227 0.488497 0.380088
-0.117359 0.496376 0.382532
-0.116383 0.504338 0.385026
-0.115290 0.512517 0.387569
-0.114037 0.520612 0.390148
-0.112605 0.528908 0.392547
-0.111035 0.537319 0.395137
-0.109296 0.545631 0.397769
-0.107346 0.554173 0.400269
-0.105155 0.562742 0.402766
-0.102825 0.571268 0.405366
-0.100249 0.579928 0.408001
-0.097393 0.588684 0.410572
-0.094325 0.597357 0.413244
-0.090857 0.606364 0.415764
-0.087321 0.614918 0.418395
-0.083478 0.623548 0.421159
-0.079182 0.632462 0.423680
-0.074653 0.641238 0.426491
-0.069912 0.649775 0.429308
-0.064729 0.658474 0.432281
-0.059260 0.666998 0.435273
-0.053548 0.675282 0.438084
-0.047339 0.683676 0.441137
-0.040717 0.691987 0.443901
-0.033700 0.700238 0.447075
-0.026373 0.708217 0.450532
-0.018692 0.715995 0.453436
-0.010353 0.723848 0.456562
-0.001919 0.731205 0.460003
0.007111 0.738530 0.463080
0.016728 0.745747 0.465890
0.026383 0.752442 0.469610
0.036725 0.759073 0.472996
0.047336 0.765348 0.476320
0.058221 0.771264 0.479649
0.069668 0.776988 0.483136
0.081359 0.782349 0.486791
0.093461 0.787411 0.490489
0.105698 0.792122 0.493874
0.118336 0.796565 0.497272
0.131032 0.800623 0.500618
0.144141 0.804470 0.504045
0.157995 0.808187 0.507452
0.170636 0.811208 0.510815
0.183720 0.814085 0.514144
0.197195 0.816797 0.517637
0.210449 0.819267 0.521005
0.223320 0.821417 0.524354
0.235776 0.823418 0.527408
0.248283 0.825216 0.531018
0.260868 0.827029 0.533985
0.272871 0.828692 0.536921
0.284289 0.830102 0.540503
0.296120 0.831667 0.543628
0.307942 0.833364 0.545981
0.318826 0.834719 0.549811
0.329639 0.836161 0.553230
0.341076 0.838031 0.555384
0.351345 0.839568 0.558683
0.359671 0.840807 0.562069
0.371300 0.843107 0.564287
0.381208 0.845061 0.566965
0.388376 0.846392 0.570578
0.398155 0.848714 0.573130
0.408734 0.851513 0.575215
0.415002 0.853098 0.578471
0.421982 0.855045 0.581831
0.431196 0.858192 0.583232
0.438298 0.860607 0.586243
0.443707 0.862585 0.589092
0.451825 0.865906 0.591601
0.459420 0.869218 0.594236
0.463716 0.871260 0.597232
0.469434 0.874212 0.599483
0.477349 0.878466 0.601541
0.481392 0.880999 0.603764
0.485459 0.883686 0.605937
0.491860 0.887869 0.607966
0.496877 0.891509 0.610044
0.499679 0.893912 0.612239
0.504839 0.898004 0.614285
0.510450 0.902700 0.616171
0.512919 0.905245 0.618770
0.515807 0.908298 0.620983
0.521125 0.913452 0.622392
0.524076 0.916824 0.624604
0.526098 0.919575 0.627060
0.530454 0.924526 0.628569
0.534290 0.929192 0.630266
0.536013 0.932032 0.632746
0.538966 0.936178 0.634641
0.542607 0.941184 0.636100
0.544441 0.944439 0.638361
0.546498 0.948020 0.640682
0.549961 0.953298 0.641600
0.552232 0.957363 0.643498
0.553513 0.960362 0.645772
0.556362 0.965299 0.647452
0.559612 0.970848 0.648921
0.560925 0.974126 0.651376
0.562642 0.977968 0.653583
0.565823 0.983736 0.655060
0.567747 0.988002 0.657080
0.568892 0.991269 0.658913
0.571853 0.997043 0.660783
0.574143 1.001951 0.662204
0.575346 1.005460 0.664729
0.577277 1.009996 0.666596
0.580296 1.016084 0.668204
0.581678 1.019931 0.670491
0.582744 1.023374 0.672773
0.585961 1.029854 0.674290
0.588140 1.034893 0.676248
0.588986 1.038097 0.678619
0.591611 1.043814 0.680438
0.594453 1.049823 0.682009
0.595365 1.053134 0.684126
0.597240 1.057813 0.686284
0.600083 1.063808 0.687378
0.601661 1.068085 0.689592
0.603016 1.072088 0.692318
0.605587 1.077661 0.693418
0.607781 1.082727 0.694893
0.608852 1.086308 0.697560
0.610817 1.091049 0.699217
0.613698 1.096932 0.699742
0.614906 1.100701 0.702322
0.616694 1.105253 0.704851
0.619308 1.110724 0.705440
0.621123 1.115192 0.707088
0.621928 1.118366 0.709979
0.624183 1.123354 0.710906
0.627167 1.129271 0.711665
0.627718 1.132064 0.714379
0.629122 1.135938 0.716141
0.632037 1.141682 0.716580
0.633278 1.145298 0.718544
0.633664 1.147852 0.721082
