-0.084128 0.161641 0.237959
-0.083564 0.165075 0.240151
-0.083006 0.168542 0.242434
-0.082453 0.172046 0.244767
-0.081906 0.175560 0.247055
-0.081373 0.179060 0.249346
-0.080830 0.182640 0.251699
-0.080308 0.186230 0.254080
-0.079790 0.189813 0.256417
-0.079275 0.193435 0.258769
-0.078763 0.197100 0.261143
-0.078262 0.200771 0.263541
-0.077774 0.204443 0.265961
-0.077276 0.208225 0.268405
-0.076782 0.212020 0.270807
-0.076305 0.215814 0.273262
-0.075826 0.219670 0.275710
-0.075340 0.223580 0.278157
-0.074890 0.227487 0.280681
-0.074432 0.231461 0.283213
-0.073974 0.235482 0.285708
-0.073532 0.239528 0.288268
-0.073091 0.243618 0.290819
-0.072649 0.247775 0.293325
-0.072218 0.251995 0.295926
-0.071798 0.256211 0.298424
-0.071363 0.260467 0.300942
-0.070943 0.264889 0.303559
-0.070550 0.269299 0.306133
-0.070139 0.273688 0.308597
-0.069727 0.278279 0.311240
-0.069346 0.282938 0.313874
-0.068960 0.287523 0.316389
-0.068555 0.292273 0.318957
-0.068181 0.297134 0.321645
-0.067800 0.301971 0.324119
-0.067438 0.306949 0.326694
-0.067084 0.312005 0.329355
-0.066705 0.317097 0.331926
-0.066329 0.322310 0.334426
-0.066001 0.327626 0.337082
-0.065627 0.332980 0.339682
-0.065260 0.338488 0.342179
-0.064912 0.344094 0.344742
-0.064564 0.349752 0.347385
-0.064172 0.355511 0.349887
-0.063811 0.361407 0.352465
-0.063418 0.367368 0.355023
-0.063044 0.373422 0.357604
-0.062626 0.379632 0.360096
-0.062181 0.385885 0.362621
-0.061741 0.392199 0.365203
-0.061275 0.398802 0.367723
-0.060726 0.405363 0.370139
-0.060194 0.412032 0.372673
-0.059621 0.418825 0.375169
-0.058975 0.425740 0.377635
-0.058265 0.432768 0.380134
-0.057523 0.439895 0.382682
-0.056674 0.447125 0.385103
-0.055771 0.454473 0.387568
-0.054777 0.461884 0.390062
-0.053658 0.469373 0.392476
-0.052448 0.476939 0.394928
-0.051138 0.484689 0.397417
-0.049681 0.492368 0.399923
-0.048074 0.500215 0.402298
-0.046337 0.508157 0.404815
-0.044440 0.516013 0.407353
-0.042357 0.524059 0.409802
-0.040045 0.532106 0.412239
-0.037597 0.540124 0.414755
-0.034916 0.548240 0.417301
-0.031971 0.556411 0.419797
-0.028811 0.564498 0.422360
-0.025281 0.572832 0.424824
-0.021659 0.580801 0.427366
-0.017734 0.588800 0.430007
-0.013390 0.596987 0.432474
-0.008799 0.605035 0.435153
-0.003982 0.612869 0.437841
0.001259 0.620773 0.440633
0.006794 0.628504 0.443446
0.012582 0.636014 0.446137
0.018846 0.643539 0.448993
0.025507 0.650953 0.451653
0.032562 0.658264 0.454611
0.039934 0.665295 0.457755
0.047649 0.672127 0.460529
0.055963 0.678930 0.463451
0.064414 0.685302 0.466597
0.073402 0.691586 0.469503
0.082907 0.697706 0.472220
0.092495 0.703376 0.475566
0.102677 0.708934 0.478695
0.113091 0.714157 0.481771
0.123754 0.719063 0.484861
0.134879 0.723767 0.488061
0.146199 0.728157 0.491374
0.157851 0.732288 0.494727
0.169572 0.736125 0.497856
0.181593 0.739743 0.501005
0.193635 0.743064 0.504120
0.205948 0.746221 0.507292
0.218776 0.749280 0.510457
0.230658 0.751855 0.513584
0.242824 0.754336 0.516694
0.255231 0.756729 0.519924
0.267391 0.758970 0.523053
0.279259 0.761019 0.526187
0.290733 0.762990 0.529107
0.302208 0.764862 0.532405
0.313683 0.766796 0.535288
0.324658 0.768653 0.538131
0.335184 0.770371 0.541406
0.345927 0.772268 0.544392
0.356564 0.774301 0.546852
0.366493 0.776130 0.550286
0.376318 0.778073 0.553459
0.386447 0.780385 0.555784
0.395742 0.782485 0.558872
0.403630 0.784328 0.561983
0.413641 0.787127 0.564360
0.422451 0.789657 0.567035
0.429329 0.791656 0.570282
0.437869 0.794533 0.572863
0.446870 0.797831 0.575146
0.452945 0.800097 0.578156
0.459419 0.802698 0.581243
0.467304 0.806295 0.583063
0.473730 0.809311 0.585925
0.479002 0.811964 0.588667
0.485955 0.815744 0.591208
0.492533 0.819531 0.593839
0.496887 0.822270 0.596661
0.502130 0.825761 0.599014
0.508789 0.830337 0.601295
0.512824 0.833495 0.603599
0.516850 0.836800 0.605883
0.522383 0.841335 0.608132
0.526940 0.845420 0.610373
0.530015 0.848544 0.612658
0.534619 0.853028 0.614907
0.539463 0.857970 0.617048
0.542224 0.861269 0.619614
0.545204 0.864952 0.621917
0.549771 0.870274 0.623751
0.552757 0.874247 0.626078
0.555073 0.877735 0.628530
0.558915 0.882918 0.630413
0.562399 0.887894 0.632418
0.564432 0.891481 0.634881
0.567264 0.896067 0.636988
0.570526 0.901295 0.638814
0.572567 0.905223 0.641138
0.574744 0.909409 0.643514
0.577802 0.914826 0.644950
0.580061 0.919358 0.647027
0.581647 0.923109 0.649335
0.584242 0.928281 0.651267
0.587081 0.933895 0.653056
0.588625 0.937848 0.655472
0.590416 0.942210 0.657722
0.593163 0.947979 0.659501
0.595044 0.952628 0.661604
0.596421 0.956573 0.663579
0.598950 0.962303 0.665577
0.601035 0.967413 0.667261
0.602404 0.971519 0.669688
0.604216 0.976338 0.671647
0.606738 0.982282 0.673437
0.608186 0.986616 0.675682
0.609396 0.990628 0.677894
0.612011 0.996839 0.679594
0.613949 1.002017 0.681591
0.614984 1.005839 0.683841
0.617182 1.011485 0.685716
0.619525 1.017352 0.687421
0.620575 1.021234 0.689471
0.622268 1.026127 0.691564
0.624567 1.031951 0.692890
0.626039 1.036530 0.694993
0.627359 1.040903 0.697445
0.629468 1.046424 0.698756
0.631325 1.051569 0.700320
0.632437 1.055618 0.702709
0.634130 1.060515 0.704383
0.636430 1.066267 0.705263
0.637603 1.070425 0.707557
0.639160 1.075170 0.709817
0.641259 1.080598 0.710703
0.642825 1.085274 0.712329
0.643731 1.088991 0.714834
0.645565 1.094034 0.715923
0.647886 1.099786 0.716890
0.648607 1.103195 0.719251
0.649865 1.107387 0.720909
0.652126 1.112999 0.721623
0.653287 1.117009 0.723428
0.653857 1.120181 0.725617
