0.182445
-0.982086
-0.982086
0.068797
0.122845
0.355371
0.006038
0.483164
-0.166458
0.469777
0.081438
0.440420
0.212189
0.032897
0.026140
0.197568
0.064951
-0.982086
0.060989
-0.982086
0.235129
0.573534
0.378978
0.597773
-0.084533
-0.982086
-0.982086
0.008626
0.051749
-0.982086
0.086484
-0.160413
-0.029963
0.156423
0.421240
0.076308
-0.982086
0.522498
-0.982086
0.203070
0.165718
0.173876
-0.425531
0.320785
0.514046
-0.511543
-0.982086
0.396698
0.435871
-0.160286
0.349974
0.387759
0.183332
-0.076810
0.205560
0.192740
-0.982086
-0.982086
0.548075
-0.038188
-0.982086
0.131845
0.407618
0.638940
0.137431
0.290578
0.366740
-0.982086
0.033086
0.077456
-0.982086
0.172843
-0.047455
0.059045
0.169867
0.502557
0.603546
0.016493
-0.435989
-0.982086
-0.982086
0.130066
0.474413
-0.982086
0.329935
-0.982086
0.479801
0.304403
0.434658
0.310437
0.214151
0.109589
0.476139
0.542330
0.186503
-0.331500
-0.982086
-0.982086
0.590057
0.392785
0.015840
0.127556
0.097580
0.430298
0.480843
0.022890
0.372924
0.682482
-0.146456
0.251124
0.089843
0.135208
0.244767
-0.982086
0.597370
0.046979
0.326747
0.675538
0.013018
0.275843
0.391367
0.170323
-0.982086
0.310958
-0.982086
0.216940
-0.982086
0.230302
0.183401
0.023645
-0.982086
0.296861
0.434720
0.156248
0.421777
0.319555
0.021866
0.141114
-0.982086
0.316559
0.156145
0.157062
0.019235
0.472774
0.455021
-0.031057
0.394030
0.269564
-0.004246
0.217034
-0.982086
0.269094
0.409187
-0.982086
-0.982086
0.340382
0.563708
0.058720
0.447343
-0.173258
0.187679
0.065208
-0.565374
0.113358
0.112285
0.139179
0.168322
-0.229160
0.206183
-0.124331
0.297211
0.441390
0.430777
-0.982086
0.143316
0.333753
-0.982086
0.094928
-0.982086
-0.982086
0.279115
0.274124
0.176705
0.220390
0.562827
-0.982086
0.102883
0.111509
0.326372
0.739899
0.088867
0.127920
0.007931
0.526418
0.288800
0.514915
0.492431
-0.982086
-0.031967
0.031097
0.063739
0.365509
0.414505
0.250556
0.412178
0.179263
0.288423
0.103633
0.097145
0.204473
0.349906
0.137636
0.288543
0.456148
0.327311
-0.982086
0.040278
0.057818
0.140141
0.032690
-0.982086
0.413263
0.281117
0.132426
-0.213514
0.312025
0.288907
-0.402413
0.336716
0.301281
-0.856086
0.033457
-0.307196
0.032140
-0.048897
-0.982086
0.498331
0.151692
-0.982086
-0.982086
-0.017093
0.194644
0.155657
-0.982086
0.161458
0.426592
-0.982086
0.051942
-0.095558
-0.982086
-0.982086
0.148549
-0.982086
0.212258
0.388682
-0.014051
0.199052
-0.982086
0.528565
0.269831
0.125379
0.555417
0.433037
0.158773
0.469425
0.531127
0.288183
-0.748913
0.132917
-0.048313
0.276109
0.354769
0.214238
0.026755
-0.982086
-0.101652
0.331445
-0.098521
-0.212566
0.285913
0.313628
0.500238
-0.011039
-0.096174
0.125777
-0.982086
0.378257
0.229416
-0.012431
0.148118
0.189802
-0.982086
0.298860
-0.982086
0.621573
-0.274141
-0.309232
-0.982086
0.330455
0.496712
-0.982086
0.127791
-0.038437
-0.982086
0.333250
0.640527
0.104782
0.339423
0.352338
0.374093
-0.982086
0.200502
-0.982086
-0.982086
0.442323
-0.982086
0.097164
0.086082
-0.177835
-0.155398
0.341524
0.468901
0.259276
0.291478
0.157442
-0.660991
-0.174455
0.073873
0.097802
0.451807
0.164903
0.279332
-0.312341
-0.982086
0.415038
0.189403
0.310290
0.190212
0.226053
0.459314
0.320056
0.061115
0.062206
0.180070
0.398792
0.252271
0.185956
0.336315
0.050364
0.378727
0.136529
-0.982086
0.411398
0.566471
-0.144467
-0.190904
0.348944
-0.031291
0.284019
0.407049
0.394180
0.083063
0.491801
0.366427
0.594279
0.061240
0.504441
0.580301
0.365999
0.198135
0.650920
0.191905
-0.005098
-0.982086
-0.982086
-0.030290
-0.982086
0.440488
0.489368
0.381306
0.025791
0.111050
0.492688
0.368937
0.535622
0.436664
0.482947
0.387252
0.591049
-0.982086
0.282914
0.163348
0.405307
0.447230
0.224131
-0.266504
0.127207
-0.982086
0.619894
-0.982086
0.521590
0.282540
-0.982086
-0.552514
-0.206627
0.006383
0.247753
0.065103
-0.982086
0.075870
0.172247
0.578323
0.159091
0.230680
0.083876
0.136220
0.010515
-0.982086
-0.982086
-0.132908
0.057998
0.191447
-0.982086
0.078642
0.201327
-0.982086
0.406436
0.062602
-0.982086
-0.982086
