83.796203
63.953923
63.953923
70.503027
83.796203
81.037920
63.953923
74.166771
70.359137
81.083301
83.796203
75.862287
81.577536
83.796203
83.796203
77.108847
83.796203
63.953923
83.796203
63.953923
70.794513
76.857155
75.648912
75.242541
81.332954
63.953923
63.953923
63.953923
70.773006
63.953923
66.381071
67.052895
63.953923
74.043523
72.400042
79.791533
63.953923
74.178073
63.953923
73.909620
76.438740
77.387302
63.953923
74.047150
66.417345
83.796203
63.953923
76.898442
72.878570
83.796203
80.042556
74.374933
79.277641
83.796203
78.652398
83.796203
63.953923
63.953923
69.526845
82.432015
83.796203
72.498079
79.844897
69.518849
65.111840
79.933186
75.570269
83.796203
78.186599
69.391555
63.953923
74.157839
64.242377
83.796203
68.717953
71.044029
66.760412
83.796203
83.796203
63.953923
83.796203
67.245844
74.552743
63.953923
75.587772
63.953923
67.287292
68.607118
77.162423
67.083579
76.615088
72.191949
70.640098
83.796203
68.287928
76.066777
63.953923
63.953923
71.581650
73.125922
75.048218
67.288295
75.150968
71.543292
72.236381
83.796203
79.183237
73.635944
78.986530
72.073610
73.839539
83.702462
63.953923
63.953923
72.196461
83.796203
75.077406
63.953923
83.796203
70.391882
82.063460
74.375543
63.953923
72.095393
63.953923
75.827077
63.953923
77.009296
63.953923
79.809738
83.796203
75.394592
77.856019
63.953923
76.646420
71.146204
63.953923
70.148715
63.953923
76.815835
83.796203
76.846586
83.176756
72.051331
77.877570
63.953923
63.953923
70.109153
83.796203
70.124424
63.953923
75.067419
78.769891
83.796203
63.953923
71.964222
71.078270
72.737700
67.076543
83.796203
74.506114
83.796203
83.796203
80.141691
83.796203
79.987020
75.860936
83.796203
74.099182
80.445304
66.088692
75.707784
77.908524
63.953923
83.796203
78.452029
63.953923
77.406702
63.953923
83.796203
68.564623
63.953923
69.816785
80.007946
72.593696
63.953923
63.953923
67.773842
66.037818
77.258671
63.953923
83.503150
83.796203
73.537977
71.704981
76.078685
66.570283
63.953923
73.522856
83.796203
83.796203
71.639152
80.519210
75.722561
72.670793
73.586752
70.694307
72.407436
78.285191
68.438337
69.759119
72.130365
71.020187
72.512959
73.216437
63.953923
80.423742
78.858789
74.207723
83.796203
63.953923
63.953923
70.988986
73.703591
83.796203
75.956507
82.955146
83.796203
78.750719
72.576718
63.953923
71.395854
83.796203
83.796203
72.216841
63.953923
78.509194
81.291277
63.953923
63.953923
83.796203
76.781839
67.531021
83.796203
73.548719
69.171539
63.953923
73.851611
82.445291
83.796203
63.953923
78.379632
63.953923
81.655010
75.864782
83.796203
80.815494
83.796203
80.203645
80.635325
83.796203
64.316033
75.340492
75.569385
77.280356
73.626686
77.411003
63.953923
80.601359
83.796203
64.594591
70.608424
82.463180
79.453797
63.953923
83.796203
74.541282
83.796203
83.796203
69.054663
65.716806
70.374718
83.796203
80.706264
79.413967
63.953923
81.789963
76.634303
78.066261
80.697201
79.088875
63.953923
73.689677
63.953923
63.953923
83.796203
83.796203
63.953923
68.200756
69.693631
63.953923
73.031231
63.953923
63.953923
76.987055
71.225137
65.485681
65.043450
75.444659
73.286213
63.953923
63.953923
63.953923
83.796203
75.548921
63.953923
77.510589
67.816777
83.796203
83.796203
75.851598
65.583015
74.291450
78.501863
68.495212
83.796203
83.796203
78.064199
79.988744
69.199870
81.963520
73.915074
83.796203
63.953923
75.684279
65.573222
74.989941
75.131085
83.796203
77.506971
77.450793
78.243200
83.796203
76.662978
66.014824
76.992122
68.347857
78.537187
83.389530
73.619745
65.987959
63.953923
66.727800
63.953923
83.796203
83.796203
63.953923
75.728880
75.618204
82.664060
73.387027
66.850265
79.306483
73.342906
72.104440
72.416155
72.223927
72.218513
71.085733
80.041713
74.574587
63.953923
83.796203
63.953923
63.953923
78.857941
63.953923
65.504266
75.750500
76.431381
83.796203
72.567243
81.584104
80.684333
73.335420
71.451631
74.705614
64.908606
71.172685
63.953923
65.216802
76.952530
64.423797
74.710336
71.319880
83.796203
83.796203
63.953923
74.258968
63.953923
72.415094
81.605242
63.953923
83.796203
83.796203
83.796203
66.663607
69.586680
63.953923
69.020541
79.922612
76.865611
71.591335
80.909710
79.426726
83.796203
83.796203
83.796203
63.953923
83.796203
83.796203
83.138597
83.796203
77.648557
71.064803
83.796203
75.140873
81.706038
63.953923
83.796203
