-0.276769
-0.065062
0.057175
0.604912
-0.907985
0.075425
-1.454179
1.324196
-1.062225
1.466992
-1.536892
-0.476778
-0.296117
0.443183
0.458630
-1.147497
0.210267
-1.387129
-0.263303
-0.113656
-2.019578
1.682821
-0.093393
0.136580
-0.396971
0.770602
-0.584205
0.369925
0.411811
0.146731
0.776988
0.411936
0.868042
-0.191077
1.128654
-0.033124
0.764968
0.090150
-1.025031
-0.388639
0.159500
-0.726664
-0.728028
-0.664411
0.464663
-0.454949
-1.412384
-0.431574
1.854793
0.937789
-1.816224
-0.026811
1.155220
0.015303
-0.497944
-0.365803
0.813977
0.529416
0.614054
1.255077
-1.303928
0.456938
-0.321294
0.115951
0.552221
-0.449286
0.306585
0.146129
-0.704504
0.098571
0.693255
0.052447
0.569320
0.603345
-0.175218
-0.247129
0.364750
1.051026
-0.116853
-1.305283
0.994790
0.325170
-0.448119
-0.746943
-0.889958
1.750933
2.106079
-2.205535
1.852162
0.198444
0.336792
1.217094
0.961139
0.611420
0.211163
-1.365952
-1.018948
-0.169758
0.196537
1.624100
0.123622
1.449502
-0.407855
-0.391765
-0.029922
1.145045
-1.112750
0.231650
-0.165451
1.184686
-1.797290
0.996025
0.356793
-0.101628
-0.428779
1.468743
0.234387
1.868086
-0.507804
-0.383231
-0.841521
-0.019849
0.807557
-0.116255
-2.003774
0.130400
0.077930
-0.509940
0.464745
-1.654431
0.803002
-1.782693
0.089127
1.624225
-0.871344
-1.338629
1.722517
0.840002
-0.422199
0.462996
-0.430070
-0.203502
-1.036043
-0.054031
-0.955612
1.751364
0.497487
0.916997
0.716223
0.607764
1.533135
0.680538
-0.338748
-1.064069
-0.123185
-1.243109
0.386880
-0.412379
1.638222
-0.557768
0.382849
0.590206
0.211557
0.280666
-0.191021
-0.555161
-0.918675
-0.582170
-1.997558
1.906104
1.720927
-0.013231
-0.583829
0.731550
-0.399180
-1.386886
-1.340299
2.076087
-1.485726
-1.062670
-1.494664
0.492949
-0.628620
-0.754251
-0.170996
1.406701
-1.157791
-0.513874
0.769839
0.409411
-0.542513
-0.615202
-0.051904
-1.680465
0.623485
-0.602423
1.182941
0.320399
-0.871783
-0.400494
0.006915
-0.178073
-0.780695
0.612649
1.399312
-0.102592
0.134469
-2.177723
0.119429
1.570440
1.254382
-1.248256
-1.068247
-0.211668
-0.829203
0.657122
-1.139133
-0.241996
0.594788
-0.135807
-1.248748
0.710216
-2.650677
-2.111748
0.019880
0.447418
1.221178
-0.062694
0.943359
-0.061067
-0.534366
0.651957
0.306962
0.851047
0.422552
0.008652
-0.610285
0.644095
1.733524
0.165387
-0.944889
-0.448522
-0.014337
-0.287651
-1.669185
0.057537
-0.334478
-0.441467
-1.015046
0.566733
1.053291
0.024493
-0.149401
-1.112620
0.518082
-0.109817
-0.081355
-0.293548
0.824266
0.685098
0.025204
2.127603
2.701086
-1.118779
-0.543239
-0.748832
1.227580
-0.629496
-0.390601
-1.035547
1.515631
0.873141
0.275450
-0.415603
-0.123254
0.758184
-0.431261
0.850721
-0.798482
0.481874
1.772246
-0.205123
-0.589511
-1.643801
0.058927
-1.751562
0.050339
-0.999210
-0.170623
0.323455
-0.066591
-0.629715
0.885638
0.804221
2.309941
-1.341095
-1.350709
-1.583126
0.950755
0.596382
0.655762
-1.485748
-0.163387
-0.642592
0.632719
1.774490
-1.225445
1.480785
0.634663
1.046360
-1.709417
1.125622
1.015980
0.211626
-0.314990
-0.670118
-0.147877
-2.048096
0.283133
-1.557071
0.483116
1.205570
0.585584
-1.483376
-0.801145
0.689800
-0.686791
-1.586222
-0.239004
-0.323203
0.711812
0.753278
-1.424420
0.852658
0.529770
0.036636
-0.314585
-1.431732
0.731924
0.422272
-1.153911
-0.819471
-0.521029
-0.906556
1.498591
-0.368487
0.733103
0.372715
1.137851
-1.199456
1.584810
-0.193208
3.591899
1.808567
-0.523583
1.258242
0.385011
-1.399079
1.285560
0.355530
2.789007
-1.728817
0.498604
-0.374674
1.143457
-0.380065
1.056191
1.520545
0.662928
0.621105
1.106039
1.071654
-1.515517
-0.981400
-1.213441
-0.465742
-2.593432
1.410010
1.572627
0.837512
-0.095316
-0.570824
-0.777506
0.300673
1.674532
2.540458
-0.748360
0.285881
1.634215
0.330487
2.128294
0.389471
-0.408347
0.525740
1.396467
-0.721682
0.372546
0.622710
-0.660501
0.100392
-0.472047
0.175305
0.912727
-1.671677
-0.143438
-0.395382
-0.410023
-0.908792
-1.590789
0.361894
-1.527811
0.153993
-0.800282
0.304806
-1.878431
-0.340645
-1.090583
-0.619408
0.394486
-1.023169
0.022925
-0.275397
-1.523425
-1.142937
-1.933595
0.631697
-1.351809
-1.228619
-0.561782
0.417357
