0.514588 0.210676
0.533996 0.223954
0.554154 0.238038
0.573110 0.250210
0.592800 0.263000
0.611005 0.273626
0.627965 0.282681
0.644607 0.291648
0.634718 1.073821
0.636296 1.075149
0.637504 1.076371
0.638871 1.077599
0.640534 1.079093
0.642175 1.080673
0.643328 1.081873
0.644242 1.083005
0.788456 0.550920
0.792880 0.567773
0.796501 0.584122
0.799542 0.601238
0.801959 0.619442
0.803645 0.637166
0.804641 0.654051
0.805106 0.669746
0.737667 0.876326
0.734810 0.887637
0.731911 0.899301
0.729244 0.909574
0.726605 0.919876
0.724370 0.927574
0.721828 0.938029
0.719662 0.945960
0.199654 0.727002
0.202302 0.732313
0.204986 0.737273
0.207845 0.742229
0.210883 0.747202
0.213978 0.751857
0.217277 0.756618
0.220633 0.761177
0.134978 0.719001
0.136080 0.728889
0.137656 0.740671
0.138125 0.744494
0.138941 0.750022
0.139713 0.754983
0.141114 0.762902
0.142636 0.770678
0.631060 0.610247
0.635686 0.620062
0.639895 0.630072
0.643687 0.640088
0.647164 0.650128
0.650431 0.660373
0.653388 0.670247
0.656221 0.680142
0.631244 1.079563
0.633786 1.081503
0.636130 1.083436
0.638301 1.085364
0.640736 1.087527
0.643109 1.089744
0.645210 1.091960
0.646789 1.093799
0.635037 1.011446
0.638523 1.015469
0.641613 1.019508
0.644985 1.023944
0.647981 1.028378
0.650936 1.033045
0.653257 1.037308
0.655655 1.041871
0.242844 0.753867
0.246262 0.757908
0.250765 0.764069
0.254606 0.768813
0.257916 0.772357
0.263111 0.779635
0.268007 0.786168
0.272069 0.791094
0.673581 1.185797
0.673581 1.185797
0.673581 1.185797
0.673581 1.185797
0.673581 1.185797
0.673581 1.185797
0.673581 1.185797
0.673581 1.185797
0.302238 0.351861
0.311244 0.355250
0.320755 0.357887
0.331068 0.359830
0.342379 0.361090
0.354250 0.361622
0.367024 0.361481
0.378762 0.360793
0.495881 0.664910
0.502902 0.672199
0.509640 0.679779
0.516158 0.687561
0.522513 0.695439
0.528789 0.703410
0.535015 0.711380
0.541219 0.719274
0.607935 0.953197
0.614488 0.957478
0.619850 0.961541
0.625335 0.966157
0.630215 0.970853
0.634853 0.975827
0.638938 0.980808
0.642708 0.985972
0.207309 0.377843
0.206673 0.381114
0.206339 0.378492
0.205859 0.378661
0.204878 0.387060
0.203619 0.399602
0.202371 0.411551
0.201664 0.413968
0.288724 0.383504
0.291287 0.384943
0.294796 0.386635
0.296525 0.387616
0.299544 0.388907
0.303318 0.390325
0.305144 0.391110
0.308433 0.392156
0.186124 0.506987
0.183826 0.528446
0.182047 0.541367
0.180515 0.557880
0.179518 0.578409
0.178619 0.589294
0.178305 0.603687
0.178694 0.620011
0.357963 0.542662
0.369072 0.542193
0.381857 0.541355
0.395501 0.540162
0.409231 0.538697
0.423472 0.537067
0.438020 0.535419
0.452762 0.533896
0.446857 0.651038
0.453403 0.655194
0.459671 0.659606
0.465735 0.664328
0.471603 0.669331
0.477248 0.674523
0.482728 0.679918
0.488033 0.685435
0.694971 0.423507
0.698641 0.427485
0.700237 0.428969
0.702620 0.431526
0.705209 0.434409
0.706543 0.435704
0.709988 0.439934
0.710794 0.440586
0.793667 0.623555
0.795017 0.636875
0.795952 0.652137
0.796470 0.664981
0.796643 0.677512
0.796258 0.693009
0.795698 0.705823
0.794751 0.719219
0.240063 0.791892
0.244912 0.798051
0.250161 0.804857
0.255651 0.811910
0.261724 0.819881
0.268006 0.827921
0.275196 0.837118
0.282695 0.846304
0.836616 0.716509
0.834898 0.740001
0.832901 0.761384
0.830657 0.781206
0.828894 0.796002
0.826508 0.813102
0.824054 0.829139
0.821522 0.844400
0.199858 0.479992
0.198598 0.490934
0.197391 0.501357
0.196279 0.512302
0.195261 0.522865
0.194371 0.533332
0.193654 0.544049
0.193162 0.555208
0.613134 0.961793
0.619072 0.966151
0.625309 0.971258
0.630860 0.976519
0.635635 0.981781
0.640033 0.987238
0.643766 0.992581
0.647206 0.998054
0.549716 0.246852
0.567412 0.256654
0.583222 0.264707
0.599341 0.273280
0.615004 0.281648
0.632832 0.292864
0.648976 0.302795
0.664821 0.313148
0.593621 0.264360
0.605320 0.269181
0.619366 0.277024
0.636910 0.289272
0.648672 0.294751
0.661777 0.302291
0.677894 0.313999
0.689078 0.320609
0.127264 0.741918
0.128902 0.755175
0.130300 0.765214
0.131849 0.775026
0.134477 0.789191
0.137206 0.802144
0.139772 0.813141
0.141395 0.819591
0.284561 0.352566
0.291754 0.357027
0.297895 0.360391
0.305459 0.363578
0.314754 0.366520
0.322349 0.368434
0.330170 0.369828
0.341278 0.371009
0.827845 0.705418
0.825961 0.733807
0.823176 0.761162
0.820618 0.782284
0.817189 0.805204
0.813446 0.826890
0.809743 0.846269
0.805511 0.865864
0.348550 0.795335
0.354734 0.801642
0.361882 0.808568
0.368803 0.814840
0.376300 0.821184
0.383950 0.827195
0.392206 0.833208
0.400830 0.838971
0.532248 1.018074
0.542387 1.019393
0.551721 1.020623
0.560497 1.021974
0.568507 1.023392
0.575605 1.024867
0.583005 1.026634
0.589709 1.028514
0.291775 0.310182
0.293809 0.311613
0.297161 0.313463
0.301289 0.315524
0.303572 0.316755
0.306364 0.318038
0.310756 0.319708
0.314287 0.321030
0.522936 0.605301
0.526519 0.607604
0.530219 0.610226
0.533579 0.612762
0.536690 0.615263
0.539927 0.618081
0.543140 0.621082
0.546064 0.623978
0.734659 0.793867
0.733587 0.801806
0.732380 0.810441
0.731146 0.818958
0.729937 0.826141
0.728652 0.833891
0.727229 0.843124
0.725906 0.850422
0.209992 0.698704
0.212714 0.704077
0.215740 0.709696
0.218802 0.714989
0.221677 0.719520
0.224551 0.723705
0.227437 0.727609
0.230666 0.731921
0.190800 0.829360
0.194004 0.834005
0.196711 0.837212
0.199318 0.839869
0.201736 0.841801
0.206106 0.847633
0.210781 0.853675
0.215987 0.860413
0.657078 1.020619
0.658580 1.023888
0.659752 1.026810
0.660951 1.029838
0.661885 1.032552
0.662637 1.035042
0.663368 1.037535
0.664285 1.040368
0.294808 0.311389
0.302094 0.315376
0.310891 0.319093
0.320747 0.322315
0.330460 0.324663
0.339879 0.326298
0.349678 0.327353
0.361355 0.327982
0.820640 0.742334
0.818099 0.765564
0.814848 0.788880
0.810948 0.812211
0.806562 0.835040
0.802458 0.854240
0.797425 0.875211
0.793417 0.890751
0.687400 1.056673
0.687400 1.056673
0.687400 1.056673
0.687400 1.056673
0.687400 1.056673
0.687400 1.056673
0.687400 1.056673
0.687400 1.056673
0.466347 0.959494
0.484553 0.963274
0.501141 0.966218
0.517123 0.968813
0.532345 0.971237
0.546544 0.973639
0.559038 0.976054
0.570466 0.978683
0.790831 0.679973
0.790491 0.694310
0.789643 0.709830
0.788728 0.722347
0.787610 0.734219
0.786134 0.746691
0.784401 0.759128
0.782834 0.769380
0.521342 0.967997
0.528912 0.969211
0.536301 0.970418
0.543250 0.971606
0.549494 0.972733
0.556303 0.974051
0.562604 0.975378
0.568119 0.976673
0.677207 0.990672
0.677547 0.994036
0.677811 0.997307
0.678123 1.000636
0.678393 1.003908
0.678633 1.007097
0.678857 1.010247
0.679069 1.013367
0.682328 0.711040
0.684374 0.722591
0.686265 0.734250
0.688008 0.745995
0.689509 0.757056
0.690845 0.767749
0.691999 0.778199
0.692993 0.788572
0.629268 1.073989
0.632407 1.076288
0.634909 1.078406
0.637622 1.080743
0.640369 1.083228
0.642756 1.085613
0.645291 1.088275
0.647627 1.090803
0.603068 0.965259
0.609613 0.968881
0.614942 0.972400
0.620085 0.976191
0.625137 0.980363
0.629956 0.984710
0.634144 0.989063
0.638040 0.993553
0.781744 0.685323
0.781556 0.694201
0.781221 0.703059
0.780554 0.713590
0.780013 0.721354
0.779318 0.729359
0.778468 0.737594
0.777569 0.745306
0.807100 0.682874
0.806161 0.706501
0.804624 0.727372
0.802484 0.747288
0.799804 0.766852
0.796939 0.784435
0.793352 0.803319
0.789197 0.822670
0.216221 0.354782
0.216128 0.363810
0.215641 0.364711
0.215259 0.368029
0.214931 0.373298
0.214652 0.380398
0.214317 0.386265
0.213899 0.390412
0.837044 0.668459
0.836870 0.697562
0.835334 0.728946
0.832369 0.762419
0.828634 0.793669
0.824588 0.821718
0.820427 0.846851
0.815874 0.871058
0.261040 0.481705
0.264476 0.486016
0.268972 0.490627
0.273026 0.494483
0.277695 0.498245
0.283040 0.501890
0.287592 0.504716
0.293863 0.507784
0.646364 1.027104
0.648458 1.030475
0.650755 1.034213
0.653298 1.038369
0.654554 1.041361
0.656581 1.045222
0.658350 1.048973
0.659546 1.052190
0.153068 0.719188
0.154584 0.728634
0.155971 0.736267
0.158082 0.746116
0.160892 0.757458
0.163158 0.765523
0.164897 0.771010
0.167270 0.778025
0.239400 0.815997
0.244830 0.823305
0.249750 0.829499
0.254657 0.835512
0.260032 0.842208
0.266838 0.850947
0.273770 0.859482
0.280942 0.867941
0.196394 0.850331
0.199123 0.853199
0.201457 0.854965
0.205810 0.860614
0.210978 0.867508
0.214437 0.870793
0.217942 0.874032
0.224132 0.881989
0.704649 0.969100
0.703686 0.975013
0.702775 0.980270
0.701890 0.985932
0.701055 0.989990
0.700235 0.996198
0.699468 0.999814
0.698718 1.005188
0.221418 0.658641
0.222256 0.660335
0.222521 0.660864
0.223454 0.662698
0.223782 0.663259
0.224595 0.664804
0.225177 0.665843
0.225742 0.666851
0.411384 0.514889
0.430353 0.512121
0.449192 0.509324
0.468129 0.506794
0.489312 0.504941
0.509587 0.504148
0.526724 0.504192
0.545088 0.506019
0.201194 0.478565
0.199843 0.491509
0.198602 0.504634
0.197395 0.515619
0.196539 0.530076
0.195704 0.541336
0.195102 0.552930
0.195038 0.566511
0.510270 0.651720
0.516043 0.657655
0.521755 0.664079
0.527086 0.670511
0.532335 0.677224
0.537320 0.683869
0.542300 0.690753
0.547178 0.697633
0.367590 0.432382
0.380859 0.431037
0.395013 0.429118
0.409548 0.426767
0.424707 0.424067
0.440203 0.421194
0.456188 0.418298
0.473024 0.415552
0.342795 0.287396
0.359888 0.289925
0.373576 0.290775
0.390315 0.291305
0.406826 0.291167
0.422982 0.290719
0.443564 0.290680
0.459412 0.290173
0.539344 0.815700
0.549241 0.820950
0.558916 0.826119
0.568203 0.831197
0.577038 0.836224
0.585448 0.841289
0.593520 0.846481
0.601064 0.851741
0.790740 0.737969
0.788882 0.752585
0.786723 0.767019
0.784051 0.782433
0.781427 0.796006
0.778524 0.809721
0.775631 0.822464
0.772353 0.835812
0.191554 0.835521
0.194468 0.839470
0.197682 0.843817
0.199425 0.844699
0.202891 0.849026
0.207618 0.855619
0.210195 0.857595
0.214184 0.862143
0.292402 0.371467
0.300225 0.375118
0.308326 0.378148
0.314994 0.380221
0.323887 0.382132
0.333572 0.383526
0.342348 0.384271
0.352840 0.384558
0.209449 0.819481
0.211909 0.821586
0.215774 0.826511
0.220689 0.833364
0.224470 0.837633
0.227914 0.841123
0.233623 0.848819
0.239573 0.856660
0.663201 1.032529
0.664449 1.036878
0.665784 1.041370
0.666993 1.045829
0.668213 1.050431
0.669042 1.054368
0.670175 1.059006
0.671013 1.063115
0.632971 1.084751
0.635573 1.086751
0.637923 1.088783
0.640546 1.091061
0.643221 1.093474
0.644992 1.095522
0.647576 1.098039
0.648885 1.099871
0.800736 0.615775
0.802413 0.631435
0.803562 0.647768
0.804208 0.662105
0.804362 0.677651
0.803906 0.694871
0.803157 0.709878
0.802094 0.724141
0.277709 0.372348
0.284035 0.377091
0.291483 0.381539
0.299620 0.385403
0.308486 0.388634
0.316969 0.391030
0.325235 0.392700
0.334716 0.393912
0.473345 0.198500
0.488643 0.206734
0.502612 0.214015
0.515264 0.220040
0.532865 0.231359
0.548831 0.241136
0.561903 0.247650
0.578279 0.257958
0.751978 0.791985
0.749992 0.802860
0.747888 0.813820
0.745823 0.823784
0.743552 0.834521
0.741030 0.846448
0.738883 0.855699
0.736612 0.865233
0.679608 0.611345
0.683162 0.622896
0.686326 0.634603
0.689038 0.645877
0.691482 0.657423
0.693646 0.668792
0.695556 0.680421
0.697195 0.691266
0.314411 0.424259
0.323954 0.426113
0.334741 0.427337
0.346821 0.427856
0.358249 0.427633
0.370914 0.426794
0.384323 0.425344
0.397943 0.423426
0.630739 1.062407
0.634136 1.065254
0.637030 1.068057
0.640504 1.071272
0.643643 1.074530
0.646272 1.077623
0.648626 1.080741
0.650876 1.083786
0.402311 0.838918
0.407579 0.842186
0.412920 0.845306
0.418536 0.848431
0.424515 0.851582
0.430170 0.854387
0.436102 0.857191
0.442215 0.859898
0.266813 0.788722
0.271549 0.795220
0.275418 0.800056
0.280095 0.806151
0.284685 0.811975
0.289570 0.818080
0.294789 0.824443
0.299869 0.830400
0.260037 0.382632
0.264975 0.388953
0.270557 0.394923
0.276276 0.400178
0.282836 0.405079
0.289729 0.409330
0.297596 0.413131
0.306098 0.416285
0.649587 0.983139
0.652978 0.989660
0.655759 0.995827
0.658348 1.002109
0.661018 1.008832
0.662608 1.014340
0.664631 1.020722
0.666203 1.026583
0.167377 0.655750
0.168016 0.664532
0.168926 0.673541
0.170043 0.682187
0.171300 0.690330
0.172666 0.697898
0.174233 0.705372
0.176085 0.713116
0.373092 0.860326
0.383080 0.866911
0.393182 0.872927
0.404558 0.879060
0.415967 0.884563
0.427649 0.889566
0.439218 0.894001
0.450822 0.898000
0.658401 0.953250
0.659257 0.955728
0.660179 0.958286
0.661123 0.960977
0.662064 0.963721
0.662850 0.966267
0.663558 0.968729
0.664256 0.971220
0.531461 0.215934
0.551356 0.228625
0.574393 0.245184
0.596007 0.258512
0.616927 0.270162
0.640670 0.285312
0.658783 0.293543
0.682651 0.309892
0.166443 0.577676
0.165540 0.593612
0.165017 0.608735
0.164832 0.622506
0.164843 0.633852
0.164864 0.642195
0.164996 0.649775
0.165410 0.658325
0.269954 0.390631
0.276829 0.396789
0.284665 0.402368
0.293037 0.407105
0.301876 0.410979
0.311050 0.413997
0.320509 0.416201
0.331192 0.417726
0.342567 0.914286
0.354479 0.922639
0.366687 0.930327
0.380206 0.937936
0.393413 0.944456
0.407293 0.950507
0.421432 0.955827
0.436512 0.960769
0.346218 0.235533
0.359718 0.238832
0.372540 0.241160
0.385270 0.242896
0.398558 0.244341
0.411510 0.245390
0.425049 0.246440
0.440817 0.248129
0.216207 0.366104
0.215871 0.373583
0.215419 0.379068
0.215192 0.389439
0.214761 0.396417
0.214362 0.404229
0.214043 0.413448
0.213483 0.419432
0.616572 0.892699
0.620708 0.896313
0.624627 0.900021
0.628245 0.903748
0.631860 0.907723
0.635106 0.911659
0.638011 0.915473
0.640856 0.919477
0.335913 0.261209
0.345058 0.263495
0.354770 0.265324
0.366745 0.267143
0.376474 0.268098
0.385185 0.268478
0.399637 0.269618
0.410789 0.270012
0.651569 0.933510
0.654148 0.939088
0.656602 0.944764
0.658700 0.950270
0.660647 0.955820
0.662546 0.961605
0.664198 0.967144
0.665700 0.972690
0.288284 0.751888
0.293875 0.758793
0.299638 0.765984
0.305428 0.773170
0.311511 0.780640
0.317700 0.788100
0.324130 0.795612
0.330913 0.803229
0.544857 0.210993
0.563028 0.226368
0.582320 0.240830
0.602736 0.254339
0.622802 0.264917
0.643248 0.274890
0.663563 0.284407
0.682757 0.293117
0.504753 0.193218
0.513111 0.200877
0.518717 0.204083
0.524054 0.206732
0.531183 0.212164
0.540952 0.221786
0.549035 0.228540
0.554382 0.230756
0.702075 0.820598
0.702096 0.822637
0.702069 0.824625
0.702047 0.826459
0.702020 0.828288
0.701995 0.830171
0.701996 0.832221
0.701931 0.833688
0.720197 0.827209
0.719156 0.835503
0.718031 0.845071
0.716924 0.853172
0.715791 0.861269
0.714645 0.869174
0.713505 0.876959
0.712333 0.885482
0.519631 1.086405
0.532625 1.087743
0.544758 1.088941
0.556092 1.090070
0.565701 1.091199
0.574066 1.092360
0.582423 1.093716
0.589859 1.095184
0.399459 1.176218
0.415467 1.173139
0.430591 1.171149
0.446938 1.170588
0.461863 1.170541
0.475570 1.170915
0.489998 1.172036
0.503227 1.173192
0.233264 0.680618
0.234283 0.682124
0.234420 0.682127
0.236063 0.684720
0.235982 0.684301
0.237281 0.686271
0.237763 0.686772
0.238449 0.687686
0.814354 0.632372
0.815618 0.655703
0.815911 0.678302
0.815261 0.701337
0.813707 0.724703
0.811890 0.744264
0.809546 0.763686
0.806721 0.782601
0.410194 1.134839
0.425662 1.136928
0.439839 1.138679
0.454616 1.140648
0.468901 1.142540
0.483326 1.144466
0.496684 1.146107
0.508770 1.147504
0.806338 0.656929
0.806709 0.672168
0.806568 0.688046
0.805743 0.706319
0.804351 0.724232
0.803242 0.736799
0.801433 0.751980
0.799532 0.765691
0.133077 0.632881
0.132656 0.648272
0.133117 0.676535
0.134722 0.703859
0.135621 0.715763
0.137016 0.729290
0.139694 0.748192
0.141700 0.760201
0.624077 1.081822
0.626380 1.083182
0.628502 1.084529
0.630584 1.085919
0.632610 1.087394
0.634192 1.088605
0.635969 1.090007
0.637615 1.091390
0.296308 0.357867
0.305350 0.361879
0.314839 0.365030
0.324685 0.367350
0.335939 0.368996
0.348791 0.369898
0.362362 0.369947
0.376252 0.369278
0.695283 0.845646
0.695337 0.850516
0.695437 0.855877
0.695469 0.860910
0.695431 0.865569
0.695388 0.870330
0.695312 0.874965
0.695212 0.879476
0.746123 0.668417
0.746762 0.679114
0.747150 0.689517
0.747290 0.700245
0.747186 0.711617
0.746801 0.722876
0.746417 0.731909
0.745773 0.741970
0.717338 0.631596
0.719563 0.644021
0.721394 0.656216
0.722886 0.668442
0.724074 0.680229
0.724941 0.691775
0.725581 0.702877
0.725999 0.713910
0.823200 0.668515
0.822911 0.694501
0.821288 0.722871
0.818966 0.748205
0.816437 0.769841
0.813128 0.792410
0.809569 0.813268
0.805998 0.831886
0.837774 0.666898
0.837895 0.684352
0.837294 0.705820
0.836163 0.726925
0.834693 0.746433
0.832966 0.765027
0.830043 0.788831
0.827984 0.804975
0.499567 0.224486
0.517681 0.232740
0.536333 0.241881
0.554950 0.251358
0.573569 0.261164
0.592195 0.271327
0.611713 0.282857
0.630318 0.293971
0.384526 0.211768
0.391474 0.213341
0.398047 0.214702
0.404501 0.215977
0.410846 0.217171
0.417007 0.218268
0.422972 0.219244
0.429642 0.220526
0.463940 0.817959
0.473202 0.822729
0.483046 0.827465
0.492906 0.831891
0.502503 0.835952
0.512408 0.839972
0.521904 0.843695
0.531508 0.847417
0.650717 0.285155
0.668540 0.294469
0.684742 0.302611
0.700707 0.311691
0.716508 0.322029
0.731177 0.332770
0.746937 0.346690
0.760843 0.360556
0.381930 0.397854
0.388464 0.397272
0.389272 0.397038
0.393153 0.396604
0.396365 0.396151
0.397951 0.395860
0.403933 0.395155
0.402619 0.395062
0.626684 1.063937
0.630597 1.066731
0.633888 1.069413
0.636763 1.072039
0.639924 1.074988
0.642671 1.077849
0.645486 1.080974
0.648399 1.084219
0.300608 0.916952
0.311605 0.927188
0.322623 0.936603
0.335198 0.946494
0.348478 0.955922
0.362430 0.964719
0.377421 0.973074
0.392736 0.980478
0.219393 0.135700
0.219393 0.135700
0.219393 0.135700
0.219393 0.135700
0.219393 0.135700
0.219393 0.135700
0.219393 0.135700
0.219393 0.135700
0.214024 0.545014
0.214826 0.552856
0.215654 0.560078
0.216620 0.567030
0.217791 0.573895
0.219112 0.580467
0.220670 0.586993
0.222478 0.593419
0.270503 0.436466
0.275619 0.441111
0.280981 0.445296
0.287606 0.449382
0.294958 0.453046
0.302624 0.456096
0.309670 0.458352
0.317331 0.460164
0.637597 0.995630
0.641096 1.000169
0.644243 1.004766
0.647506 1.009679
0.650078 1.014246
0.652925 1.019380
0.655122 1.024023
0.657640 1.029312
0.561733 1.088701
0.569873 1.089750
0.577176 1.090898
0.584525 1.092128
0.591340 1.093528
0.597635 1.095044
0.603894 1.096774
0.608570 1.098418
0.233864 0.638764
0.236866 0.643634
0.239895 0.648105
0.242863 0.652100
0.246265 0.656359
0.250201 0.661006
0.254271 0.665495
0.257836 0.668992
0.409102 0.618834
0.423749 0.622155
0.437896 0.626325
0.451505 0.631574
0.464145 0.637816
0.476005 0.645207
0.486819 0.653459
0.496979 0.662704
0.751540 0.818153
0.749071 0.829085
0.745862 0.843710
0.743260 0.854168
0.740323 0.866268
0.737568 0.877007
0.734726 0.888204
0.731691 0.900766
0.681238 0.711072
0.682714 0.719198
0.684114 0.727325
0.685462 0.735415
0.686668 0.743334
0.687874 0.751670
0.688927 0.759019
0.689876 0.766570
0.297026 0.332812
0.305837 0.336839
0.314842 0.340069
0.322828 0.342316
0.331463 0.344052
0.342405 0.345453
0.354888 0.346291
0.366226 0.346414
0.685793 1.060329
0.685793 1.060329
0.685793 1.060329
0.685793 1.060329
0.685793 1.060329
0.685793 1.060329
0.685793 1.060329
0.685793 1.060329
0.273074 0.351498
0.279158 0.356981
0.286099 0.362058
0.293433 0.366454
0.301444 0.370258
0.309854 0.373358
0.319302 0.375886
0.329630 0.377742
0.662188 0.691802
0.664552 0.701422
0.666709 0.710192
0.668874 0.719322
0.670838 0.727846
0.672716 0.736136
0.674567 0.744640
0.676324 0.753006
0.701010 0.826698
0.700996 0.828525
0.700977 0.830343
0.700981 0.832446
0.700949 0.833988
0.700913 0.835904
0.700880 0.837709
0.700830 0.839348
0.680569 1.079571
0.680569 1.079571
0.680569 1.079571
0.680569 1.079571
0.680569 1.079571
0.680569 1.079571
0.680569 1.079571
0.680569 1.079571
0.724583 0.820961
0.724386 0.822259
0.724084 0.824554
0.723833 0.826273
0.723573 0.828128
0.723297 0.830178
0.723074 0.831588
0.722779 0.833940
0.242573 0.474373
0.245284 0.480461
0.247508 0.485544
0.250361 0.490929
0.253171 0.495863
0.256210 0.500603
0.259584 0.505240
0.262883 0.509405
0.667149 1.058751
0.667858 1.061986
0.668817 1.065600
0.669519 1.068850
0.670422 1.072633
0.671245 1.076168
0.671855 1.079361
0.672356 1.082445
0.411130 0.419649
0.412723 0.419236
0.415737 0.418718
0.420473 0.417956
0.420805 0.417702
0.428861 0.416590
0.427830 0.416426
0.434173 0.415532
0.723878 0.697646
0.724443 0.707835
0.724764 0.718765
0.724914 0.729816
0.724928 0.739596
0.724823 0.749124
0.724523 0.758680
0.724127 0.768009
0.662823 1.056289
0.663863 1.059682
0.664817 1.062878
0.666210 1.066927
0.666961 1.070062
0.668004 1.073615
0.668683 1.076647
0.669782 1.080523
0.447046 0.977035
0.459997 0.980217
0.473236 0.983046
0.484809 0.985192
0.495910 0.987030
0.506840 0.988692
0.517828 0.990282
0.528287 0.991750
0.509153 0.616772
0.517042 0.622173
0.524656 0.628334
0.531508 0.634721
0.537838 0.641414
0.544064 0.648816
0.549727 0.656217
0.555131 0.663881
0.748790 0.869390
0.748562 0.869774
0.747950 0.872103
0.747465 0.873872
0.746894 0.875863
0.746289 0.878125
0.745797 0.879803
0.745196 0.882029
0.178871 0.798511
0.181798 0.804570
0.184598 0.809863
0.186379 0.812337
0.188608 0.815568
0.191418 0.819841
0.194344 0.824030
0.197622 0.828658
0.727953 0.598150
0.731165 0.611303
0.733946 0.625112
0.736167 0.638233
0.737953 0.652124
0.739281 0.665520
0.740211 0.678623
0.740794 0.690849
0.223558 0.291820
0.224217 0.299840
0.225215 0.308650
0.226003 0.316376
0.227135 0.324747
0.228330 0.332856
0.229527 0.340510
0.231167 0.348768
0.729288 0.744287
0.728861 0.755642
0.728260 0.766605
0.727443 0.778390
0.726497 0.789633
0.725419 0.800859
0.724271 0.811600
0.723016 0.822109
0.802887 0.778811
0.799610 0.797627
0.795857 0.816386
0.791807 0.834498
0.787851 0.850805
0.784228 0.864665
0.780741 0.877105
0.776707 0.890863
0.301792 1.086152
0.316720 1.091549
0.332077 1.096585
0.348983 1.102026
0.365529 1.106649
0.383784 1.111686
0.401932 1.116131
0.419989 1.120102
0.343442 0.259067
0.358825 0.262198
0.373032 0.264057
0.385284 0.264874
0.400719 0.265827
0.419260 0.267039
0.435263 0.267596
0.448682 0.267649
0.353653 0.280057
0.364580 0.281318
0.376260 0.282179
0.387599 0.282534
0.399922 0.282665
0.412069 0.282494
0.426876 0.282580
0.442593 0.282824
0.228972 0.361888
0.230074 0.368930
0.231640 0.376602
0.233074 0.383582
0.234808 0.390695
0.236622 0.397542
0.238443 0.403934
0.240859 0.410848
0.792484 0.797899
0.790749 0.806587
0.788962 0.814818
0.786938 0.823972
0.785263 0.830998
0.783638 0.837658
0.781617 0.845713
0.779818 0.852605
0.804168 0.687319
0.803390 0.705574
0.802050 0.723316
0.800699 0.737678
0.798890 0.752660
0.796912 0.766716
0.794656 0.780355
0.791686 0.796259
0.211474 0.361510
0.210609 0.371394
0.209575 0.384732
0.208694 0.389164
0.207851 0.392086
0.206820 0.399457
0.205509 0.413327
0.204201 0.425417
0.609330 1.106078
0.613708 1.107539
0.617943 1.109153
0.621460 1.110699
0.625076 1.112393
0.628305 1.114078
0.631395 1.115823
0.634002 1.117490
0.643217 0.905914
0.644013 0.907186
0.644778 0.908446
0.645492 0.909688
0.646295 0.911008
0.647004 0.912261
0.647814 0.913654
0.648497 0.914921
0.385611 0.285443
0.390850 0.285835
0.392982 0.285760
0.395355 0.285760
0.400058 0.285973
0.399811 0.285598
0.407161 0.286149
0.406082 0.285615
0.501709 0.923677
0.509647 0.925334
0.518021 0.927021
0.526332 0.928756
0.534465 0.930421
0.541835 0.932042
0.549315 0.933717
0.556438 0.935448
0.591892 0.659142
0.596432 0.668134
0.600669 0.676883
0.604822 0.685769
0.608861 0.694550
0.612752 0.703082
0.616676 0.711690
0.620568 0.720164
0.215012 0.353818
0.215012 0.353818
0.215012 0.353818
0.215012 0.353818
0.215012 0.353818
0.215012 0.353818
0.215012 0.353818
0.215012 0.353818
0.218257 0.370373
0.218205 0.379588
0.218183 0.388919
0.218171 0.398227
0.218196 0.407595
0.218240 0.416844
0.218283 0.425841
0.218373 0.434812
0.668442 0.479714
0.670477 0.481689
0.672175 0.483359
0.674936 0.486376
0.675963 0.487310
0.678710 0.490524
0.680176 0.492115
0.682165 0.494492
0.390381 0.391022
0.391008 0.390823
0.397488 0.390167
0.396628 0.390036
0.402808 0.389384
0.403951 0.389061
0.407562 0.388587
0.411494 0.388006
0.530744 0.877256
0.541709 0.880595
0.552665 0.884108
0.562936 0.887665
0.572725 0.891336
0.581802 0.895145
0.590118 0.899067
0.597837 0.903175
0.756301 0.803676
0.754800 0.811068
0.753181 0.818821
0.751812 0.824844
0.750389 0.831073
0.748393 0.840102
0.746803 0.846888
0.745221 0.853216
0.141099 0.578045
0.139495 0.598708
0.138267 0.625082
0.138198 0.659841
0.138648 0.677834
0.138935 0.687729
0.140522 0.707778
0.142713 0.726542
0.638764 0.991946
0.642009 0.996323
0.644911 1.000721
0.647983 1.005460
0.650783 1.010256
0.653550 1.015296
0.655835 1.020041
0.657816 1.024677
0.584218 0.956813
0.586279 0.957515
0.587627 0.958055
0.589587 0.958808
0.591061 0.959425
0.592748 0.960126
0.594344 0.960857
0.595756 0.961465
0.795495 0.668934
0.795472 0.685521
0.794859 0.702674
0.793725 0.719169
0.792271 0.734601
0.790502 0.749394
0.788386 0.764070
0.786087 0.777916
0.206180 0.573622
0.206868 0.581615
0.207801 0.589509
0.208830 0.596862
0.210069 0.604040
0.211562 0.611103
0.213230 0.617881
0.215042 0.624298
0.687456 0.829153
0.688258 0.838415
0.688896 0.847488
0.689484 0.856885
0.689955 0.866211
0.690200 0.874820
0.690401 0.883585
0.690538 0.892323
0.353623 0.479306
0.358191 0.479186
0.359434 0.479056
0.362810 0.478888
0.365891 0.478659
0.367504 0.478489
0.372250 0.478138
0.372354 0.477992
0.389020 0.898342
0.404126 0.905851
0.419395 0.912356
0.435623 0.918325
0.451970 0.923445
0.468364 0.927849
0.484480 0.931607
0.499411 0.934692
0.654205 1.010061
0.655630 1.013640
0.657645 1.017987
0.659451 1.022286
0.660498 1.025666
0.662262 1.030195
0.663433 1.033957
0.664351 1.037458
0.170864 0.807790
0.171113 0.807954
0.173310 0.813325
0.175341 0.818105
0.175250 0.817330
0.175075 0.816288
0.177124 0.820836
0.179238 0.825426
0.762257 0.781937
0.760149 0.793732
0.758000 0.804532
0.755755 0.815282
0.753506 0.825414
0.751259 0.835016
0.748545 0.846920
0.746317 0.855526
0.567214 1.107532
0.574050 1.108431
0.580341 1.109375
0.586939 1.110546
0.592824 1.111645
0.598482 1.112913
0.603945 1.114295
0.608231 1.115598
0.390327 0.713001
0.391840 0.714459
0.393392 0.715961
0.395084 0.717611
0.396415 0.718899
0.398239 0.720740
0.399596 0.722055
0.401251 0.723738
0.699221 0.600980
0.701821 0.609738
0.704236 0.618987
0.706160 0.626793
0.708158 0.636243
0.709762 0.644382
0.711304 0.653463
0.712611 0.661985
0.531933 0.948199
0.542532 0.950234
0.552498 0.952308
0.562197 0.954582
0.570910 0.956838
0.578496 0.959154
0.585930 0.961731
0.593206 0.964641
0.649675 1.039986
0.651246 1.042931
0.653773 1.046942
0.655145 1.049892
0.656709 1.053211
0.658570 1.056855
0.659617 1.059688
0.661143 1.063257
0.404871 0.540561
0.418739 0.539039
0.433230 0.537464
0.448494 0.536015
0.463361 0.534814
0.477684 0.533964
0.492147 0.533682
0.506727 0.534202
0.687939 0.816440
0.688150 0.818416
0.688329 0.820144
0.688483 0.821957
0.688669 0.823880
0.688791 0.825469
0.688982 0.827469
0.689098 0.829086
0.188034 0.817151
0.190930 0.821732
0.193876 0.826085
0.196480 0.829361
0.198565 0.831160
0.201833 0.835276
0.205680 0.840396
0.209322 0.844705
0.569591 0.940607
0.579105 0.943684
0.588037 0.947091
0.596654 0.950877
0.604195 0.954768
0.611539 0.959157
0.617779 0.963575
0.623878 0.968446
0.635092 1.169704
0.637256 1.170737
0.639646 1.171875
0.641554 1.172921
0.643866 1.174115
0.646253 1.175404
0.647298 1.176342
0.649710 1.177645
0.691535 0.597022
0.695288 0.608769
0.698601 0.620728
0.701364 0.632017
0.703857 0.643759
0.705982 0.655493
0.707811 0.667154
0.709362 0.678723
0.217221 0.338854
0.217221 0.338854
0.217221 0.338854
0.217221 0.338854
0.217221 0.338854
0.217221 0.338854
0.217221 0.338854
0.217221 0.338854
0.508913 0.175463
0.522268 0.191581
0.534613 0.203426
0.547249 0.214331
0.560934 0.226045
0.575118 0.236743
0.590624 0.248132
0.604591 0.254979
0.592762 0.905286
0.601774 0.910294
0.610556 0.915906
0.617918 0.921518
0.625171 0.927820
0.630897 0.933803
0.636692 0.940535
0.641516 0.947135
0.586822 0.904217
0.588367 0.904953
0.590422 0.905922
0.591877 0.906659
0.593460 0.907497
0.595157 0.908355
0.596765 0.909219
0.598351 0.910094
0.600008 1.013027
0.607226 1.016266
0.612831 1.019365
0.618843 1.023061
0.624556 1.027012
0.629749 1.031074
0.634057 1.035071
0.638005 1.039173
0.609004 0.628312
0.613876 0.638035
0.618330 0.647834
0.622464 0.657691
0.626348 0.667546
0.630030 0.677449
0.633522 0.687101
0.636951 0.696831
0.300019 0.684711
0.307178 0.689683
0.315174 0.695895
0.323188 0.702406
0.330843 0.708872
0.339537 0.717252
0.347285 0.724788
0.355665 0.733560
0.148975 0.702576
0.150188 0.712464
0.150604 0.716261
0.152131 0.726059
0.153151 0.732129
0.153978 0.736825
0.156034 0.746626
0.156440 0.748616
0.580965 0.249214
0.597563 0.259091
0.615728 0.270861
0.633498 0.281894
0.651063 0.292744
0.667534 0.302657
0.683666 0.312898
0.697427 0.321407
0.285809 0.402461
0.293903 0.407134
0.305186 0.411627
0.315836 0.414646
0.327270 0.416709
0.342409 0.417902
0.354840 0.417931
0.371107 0.417014
0.331981 0.776272
0.337426 0.782499
0.343263 0.788978
0.349686 0.795849
0.355790 0.802035
0.362775 0.808759
0.369882 0.815163
0.377309 0.821399
0.682799 1.001771
0.682931 1.007185
0.683027 1.012414
0.683057 1.017367
0.683158 1.022467
0.683179 1.027198
0.683208 1.031916
0.683195 1.036452
0.213784 0.398248
0.213473 0.405022
0.213174 0.412080
0.212846 0.418536
0.212386 0.423051
0.211944 0.428078
0.211636 0.435260
0.211308 0.442039
0.228840 0.771880
0.232780 0.777688
0.235448 0.780525
0.239529 0.786262
0.242628 0.789847
0.246761 0.795430
0.250643 0.800419
0.254714 0.805664
0.631921 1.047231
0.635326 1.050395
0.638373 1.053598
0.641752 1.057112
0.645037 1.060839
0.648095 1.064621
0.650299 1.067966
0.652315 1.071220
0.235730 0.746989
0.239474 0.751472
0.243402 0.756090
0.248001 0.762002
0.252595 0.767758
0.257415 0.773813
0.262752 0.780840
0.268388 0.788316
0.693539 1.049195
0.693539 1.049195
0.693539 1.049195
0.693539 1.049195
0.693539 1.049195
0.693539 1.049195
0.693539 1.049195
0.693539 1.049195
0.253615 0.380118
0.257922 0.386766
0.263075 0.393364
0.268405 0.399301
0.273596 0.404423
0.279130 0.409047
0.285256 0.413309
0.292530 0.417301
0.267183 1.095202
0.267924 1.094998
0.271934 1.096523
0.273682 1.096819
0.276140 1.097461
0.278480 1.097998
0.280337 1.098233
0.283548 1.099242
0.678796 1.013602
0.679094 1.017903
0.679346 1.022048
0.679576 1.026205
0.679843 1.030347
0.680034 1.034267
0.680219 1.038253
0.680407 1.042064
0.587044 1.095591
0.593522 1.096935
0.600139 1.098569
0.605672 1.100204
0.610658 1.101911
0.616127 1.103999
0.621045 1.106044
0.625436 1.108185
0.603773 0.356932
0.618950 0.362614
0.633023 0.368781
0.646854 0.375999
0.660025 0.383955
0.673190 0.393244
0.685344 0.402996
0.696984 0.413602
0.647662 0.758072
0.651873 0.768825
0.655933 0.779620
0.659588 0.789812
0.662975 0.799919
0.666096 0.809997
0.668889 0.819896
0.671476 0.829973
0.215600 0.351462
0.215600 0.351462
0.215600 0.351462
0.215600 0.351462
0.215600 0.351462
0.215600 0.351462
0.215600 0.351462
0.215600 0.351462
0.421608 0.749825
0.428920 0.756782
0.436662 0.763803
0.444558 0.770579
0.452752 0.777177
0.461340 0.783633
0.470173 0.789811
0.479233 0.795708
0.321040 0.411820
0.332125 0.413422
0.348502 0.414242
0.361562 0.413861
0.376988 0.412656
0.394154 0.410521
0.408223 0.408160
0.431063 0.404559
0.431396 1.076558
0.446718 1.080287
0.462626 1.083560
0.477718 1.086171
0.492073 1.088263
0.505112 1.089873
0.518143 1.091361
0.530562 1.092581
0.682780 0.954079
0.682923 0.957789
0.683111 0.961789
0.683261 0.965573
0.683403 0.969395
0.683505 0.973066
0.683588 0.976666
0.683660 0.980220
0.652778 1.058225
0.653826 1.060352
0.655044 1.062692
0.656566 1.065408
0.657937 1.068045
0.658737 1.070098
0.659766 1.072443
0.660971 1.075056
0.217098 0.764767
0.220391 0.769126
0.223722 0.773268
0.227217 0.777495
0.231049 0.782228
0.235395 0.787854
0.239782 0.793363
0.244480 0.799342
0.713686 0.590489
0.715556 0.596717
0.717300 0.602979
0.718932 0.609332
0.720330 0.614954
0.721740 0.621434
0.722989 0.627522
0.724151 0.633719
0.676163 0.969995
0.676467 0.972916
0.676822 0.975920
0.677127 0.978856
0.677414 0.981763
0.677685 0.984644
0.677941 0.987502
0.678184 0.990336
0.514564 0.659893
0.520403 0.666483
0.525877 0.673101
0.531236 0.679953
0.536446 0.686898
0.541556 0.693912
0.546585 0.700936
0.551578 0.707949
0.241001 0.295453
0.244274 0.303551
0.247258 0.310759
0.250012 0.317112
0.254406 0.324605
0.257719 0.330479
0.261980 0.336525
0.267335 0.342824
0.206054 0.648456
0.207188 0.652427
0.209080 0.657983
0.210772 0.662619
0.212205 0.666227
0.214643 0.671888
0.216429 0.675666
0.218778 0.680326
0.341995 0.354134
0.343421 0.354267
0.348147 0.354594
0.348108 0.354546
0.353110 0.354847
0.354542 0.354829
0.357348 0.354907
0.360720 0.354925
0.372778 0.183542
0.383077 0.186437
0.397011 0.190895
0.405937 0.192819
0.415329 0.194756
0.431141 0.200195
0.442069 0.203146
0.451575 0.205168
0.572762 1.006571
0.579831 1.008328
0.586967 1.010395
0.593303 1.012459
0.599391 1.014777
0.605290 1.017379
0.610054 1.019782
0.615311 1.022679
0.658786 0.998245
0.660746 1.003302
0.662294 1.007937
0.663471 1.012128
0.664894 1.016858
0.666165 1.021462
0.667271 1.025888
0.668124 1.029983
0.260285 0.510185
0.263812 0.514343
0.267143 0.517999
0.271248 0.521814
0.274906 0.524985
0.279641 0.528409
0.283534 0.531031
0.288841 0.533967
0.214234 0.355635
0.214234 0.355635
0.214300 0.372469
0.213956 0.376462
0.213527 0.377614
0.213173 0.382502
0.212752 0.384683
0.212332 0.387469
0.267570 0.579479
0.268675 0.580446
0.269692 0.581306
0.270873 0.582269
0.271936 0.583113
0.273101 0.584011
0.274253 0.584869
0.275405 0.585704
0.607149 0.972655
0.608427 0.973397
0.609975 0.974316
0.611054 0.975011
0.612451 0.975826
0.613327 0.976461
0.614395 0.977197
0.615588 0.978009
0.756640 0.498814
0.764318 0.515994
0.771044 0.533380
0.776972 0.551336
0.781981 0.569316
0.786290 0.588662
0.789497 0.606193
0.791994 0.624883
0.732757 0.674646
0.733466 0.685109
0.733980 0.695347
0.734277 0.705932
0.734377 0.716377
0.734301 0.726566
0.734110 0.735758
0.733794 0.745049
0.703616 0.858001
0.703515 0.859866
0.703387 0.861400
0.703286 0.863154
0.703181 0.865230
0.703041 0.866639
0.702966 0.868977
0.702812 0.870256
0.545612 1.125796
0.548124 1.126094
0.550296 1.126266
0.552823 1.126525
0.555201 1.126777
0.557602 1.127029
0.559633 1.127295
0.561687 1.127470
0.625310 0.908789
0.630097 0.913701
0.634332 0.918599
0.638007 0.923412
0.641753 0.928607
0.644940 0.933636
0.648081 0.938963
0.650854 0.944239
0.682837 1.069518
0.682837 1.069518
0.682837 1.069518
0.682837 1.069518
0.682837 1.069518
0.682837 1.069518
0.682837 1.069518
0.682837 1.069518
0.741067 0.849019
0.740641 0.850802
0.740209 0.852593
0.739863 0.853954
0.739180 0.857244
0.738906 0.857956
0.738275 0.861044
0.737892 0.862457
0.475175 0.934985
0.489311 0.938082
0.502351 0.940619
0.514503 0.942874
0.527265 0.945234
0.538900 0.947445
0.549943 0.949739
0.560317 0.952070
0.661300 1.086552
0.662706 1.089473
0.663511 1.091767
0.664513 1.094356
0.665539 1.097031
0.666458 1.099607
0.666797 1.101376
0.667874 1.104340
0.237737 0.802290
0.243025 0.809602
0.248360 0.816748
0.253088 0.822590
0.258139 0.828885
0.263554 0.835664
0.270259 0.844277
0.277175 0.852810
0.590796 0.271205
0.611461 0.283545
0.631345 0.295725
0.649935 0.307326
0.665374 0.316461
0.680657 0.326529
0.695621 0.337502
0.711769 0.351406
0.341063 0.812788
0.347496 0.819158
0.354506 0.825701
0.361754 0.832019
0.369221 0.838086
0.376987 0.843926
0.385617 0.849938
0.394257 0.855465
0.195823 0.826020
0.199174 0.830782
0.201824 0.833706
0.203727 0.834700
0.208144 0.840905
0.212690 0.846989
0.215640 0.849563
0.219690 0.854167
0.364594 0.400935
0.369226 0.400698
0.369651 0.400573
0.374181 0.400278
0.375573 0.400076
0.378750 0.399800
0.382276 0.399431
0.383261 0.399237
0.610797 1.094524
0.615754 1.096374
0.619009 1.097893
0.623134 1.099809
0.626602 1.101646
0.629858 1.103535
0.632710 1.105437
0.635515 1.107310
0.232450 0.730674
0.236411 0.735765
0.240374 0.740571
0.244343 0.745160
0.248431 0.749731
0.253278 0.755755
0.258533 0.762472
0.264167 0.769754
0.135845 0.690156
0.137032 0.707116
0.137980 0.718193
0.139431 0.730935
0.140913 0.741869
0.143316 0.756164
0.145725 0.768375
0.148569 0.780891
0.277701 0.780515
0.279663 0.782861
0.281841 0.785575
0.284505 0.789093
0.287228 0.792660
0.290170 0.796499
0.292371 0.799163
0.294844 0.802222
0.683727 0.998832
0.683768 1.002901
0.683800 1.006909
0.683859 1.011033
0.683839 1.014813
0.683881 1.018706
0.683838 1.022298
0.683873 1.026083
0.305312 0.723973
0.311395 0.730406
0.317550 0.737113
0.323853 0.744224
0.330172 0.751467
0.336845 0.759191
0.343693 0.767020
0.350829 0.775011
0.600457 0.605809
0.606840 0.615764
0.612643 0.626165
0.617975 0.637060
0.622841 0.648168
0.627226 0.659097
0.631367 0.670167
0.635212 0.680961
0.564302 0.231301
0.582453 0.240667
0.606677 0.258856
0.630752 0.274098
0.649678 0.281268
0.669734 0.290602
0.692132 0.303793
0.712134 0.315890
0.588991 0.301362
0.588986 0.300312
0.595412 0.303829
0.597669 0.304401
0.601321 0.306043
0.606329 0.308725
0.606694 0.307958
0.614736 0.313124
0.307170 0.752758
0.309050 0.755276
0.310078 0.756388
0.311368 0.757973
0.312840 0.759789
0.313710 0.760678
0.315552 0.763054
0.316344 0.763869
0.398659 0.255411
0.413667 0.256361
0.433962 0.258397
0.448900 0.259154
0.465181 0.260495
0.486026 0.263869
0.506350 0.267948
0.525282 0.272245
0.230029 0.691416
0.233514 0.696425
0.237373 0.701649
0.241011 0.706164
0.244809 0.710665
0.248727 0.715054
0.252986 0.719827
0.257296 0.724496
0.777902 0.757990
0.775201 0.774788
0.772503 0.789506
0.769429 0.804632
0.766398 0.818267
0.763209 0.831683
0.760306 0.842944
0.756465 0.858017
0.679449 1.085949
0.679449 1.085949
0.679449 1.085949
0.679449 1.085949
0.679449 1.085949
0.679449 1.085949
0.679449 1.085949
0.679449 1.085949
0.438873 0.571653
0.450848 0.571946
0.461557 0.572317
0.472994 0.573314
0.483569 0.574625
0.494071 0.576521
0.504028 0.578939
0.513421 0.581862
0.803197 0.664229
0.803292 0.682348
0.802556 0.702140
0.801208 0.721363
0.799949 0.735678
0.797992 0.752035
0.795694 0.767914
0.793202 0.782955
0.324326 0.678982
0.331789 0.683801
0.339237 0.688915
0.346707 0.694453
0.354168 0.700428
0.361574 0.706766
0.369016 0.713651
0.376375 0.720784
0.284898 0.820762
0.290878 0.828218
0.295808 0.833922
0.302756 0.842007
0.308444 0.848139
0.315350 0.855340
0.322367 0.862222
0.329994 0.869255
0.262286 0.774226
0.266914 0.780154
0.271398 0.785788
0.276203 0.791880
0.281822 0.799284
0.287879 0.807128
0.293558 0.814135
0.299392 0.821110
0.582581 1.084224
0.589009 1.085535
0.595325 1.087083
0.601463 1.088699
0.606240 1.090276
0.611065 1.092036
0.616240 1.094155
0.621070 1.096272
0.465558 0.788104
0.476415 0.795283
0.487596 0.802068
0.499080 0.808507
0.510719 0.814597
0.522267 0.820316
0.533632 0.825752
0.544930 0.831105
0.341514 0.523098
0.345180 0.523264
0.346818 0.523231
0.349591 0.523273
0.352393 0.523255
0.353974 0.523180
0.358237 0.523164
0.358543 0.522999
0.649977 0.682561
0.652850 0.692467
0.655596 0.702134
0.658252 0.711639
0.660728 0.720719
0.663179 0.729875
0.665490 0.738611
0.667701 0.747035
0.386026 0.837416
0.398877 0.845964
0.412544 0.853930
0.426781 0.861163
0.441931 0.867864
0.457082 0.873685
0.472604 0.878927
0.487670 0.883455
0.566212 1.087927
0.574450 1.089087
0.582449 1.090415
0.589587 1.091844
0.596594 1.093483
0.603305 1.095373
0.608484 1.097060
0.614389 1.099215
0.535203 1.057707
0.546834 1.058944
0.557940 1.060255
0.567682 1.061658
0.576374 1.063117
0.585252 1.064838
0.592735 1.066693
0.600173 1.068859
0.214446 0.846427
0.217398 0.849035
0.223425 0.857515
0.227559 0.862132
0.231558 0.866358
0.238112 0.874985
0.243283 0.880990
0.248626 0.887169
0.146498 0.586788
0.145560 0.598397
0.144612 0.627173
0.144254 0.637292
0.144123 0.648776
0.144830 0.670345
0.144868 0.676087
0.145440 0.686335
0.500052 0.707298
0.508041 0.716390
0.516065 0.725447
0.524185 0.734381
0.532428 0.743117
0.540801 0.751616
0.549240 0.759810
0.557763 0.767776
0.245152 0.658813
0.246513 0.660587
0.246704 0.660648
0.248140 0.662511
0.248664 0.662990
0.249597 0.664087
0.250678 0.665334
0.251149 0.665746
0.643587 0.970038
0.646367 0.974593
0.648982 0.979155
0.651354 0.983735
0.653821 0.988682
0.656194 0.993815
0.658123 0.998505
0.659649 1.002852
0.188731 0.512600
0.187185 0.527423
0.185873 0.541927
0.184825 0.555910
0.183912 0.566419
0.183191 0.576744
0.182761 0.587958
0.182793 0.600805
0.347765 0.363783
0.360431 0.363993
0.372888 0.363514
0.386150 0.362474
0.401369 0.360906
0.416590 0.359003
0.432957 0.356855
0.449626 0.354705
0.685597 1.035571
0.685375 1.038678
0.685346 1.043182
0.685330 1.047433
0.685183 1.050760
0.685145 1.054979
0.685092 1.058710
0.685010 1.062250
0.216472 0.393118
0.216367 0.400917
0.216137 0.407386
0.215954 0.414383
0.215841 0.421875
0.215601 0.428268
0.215509 0.435709
0.215307 0.442197
0.688591 0.988172
0.688390 0.993733
0.688212 0.999167
0.688058 1.004758
0.687766 1.009159
0.687593 1.014442
0.687355 1.018862
0.687141 1.023454
0.753757 0.735712
0.753041 0.744123
0.752337 0.751608
0.751372 0.760022
0.750417 0.767698
0.749326 0.775781
0.748110 0.784152
0.746855 0.792393
0.676523 0.734255
0.677514 0.739038
0.678473 0.744097
0.679413 0.749031
0.680318 0.753905
0.681213 0.758895
0.682021 0.763316
0.682790 0.767988
0.303213 0.845644
0.311037 0.853992
0.319566 0.862537
0.329221 0.871530
0.339008 0.879883
0.349373 0.887949
0.360620 0.895903
0.372371 0.903367
0.397447 0.831265
0.407340 0.837703
0.417386 0.843618
0.428419 0.849500
0.439425 0.854783
0.451020 0.859780
0.462512 0.864258
0.473898 0.868297
0.219386 0.087967
0.219386 0.087967
0.219386 0.087967
0.219386 0.087967
0.219386 0.087967
0.219386 0.087967
0.219386 0.087967
0.219386 0.087967
0.569683 1.094656
0.577558 1.095867
0.585524 1.097185
0.592569 1.098636
0.599551 1.100315
0.605523 1.102039
0.610653 1.103790
0.616268 1.105935
0.827786 0.687432
0.826701 0.714554
0.824399 0.743226
0.821800 0.767509
0.818864 0.789548
0.815410 0.811478
0.811844 0.831454
0.807680 0.852072
0.549625 1.147368
0.551722 1.147548
0.553094 1.147671
0.555872 1.147994
0.557298 1.148140
0.559539 1.148392
0.561213 1.148621
0.562567 1.148713
0.248491 0.388752
0.251068 0.394255
0.254630 0.400250
0.258482 0.405986
0.261949 0.410859
0.266987 0.416383
0.270820 0.420553
0.276242 0.425147
0.449759 0.910911
0.457325 0.913171
0.464865 0.915273
0.472732 0.917336
0.480559 0.919263
0.488039 0.921001
0.495373 0.922650
0.502327 0.924096
0.683588 1.066831
0.683588 1.066831
0.683588 1.066831
0.683588 1.066831
0.683588 1.066831
0.683588 1.066831
0.683588 1.066831
0.683588 1.066831
0.759938 0.871938
0.756769 0.882437
0.753338 0.893762
0.749970 0.904587
0.746354 0.916381
0.742934 0.927307
0.740316 0.934633
0.737862 0.941211
0.812032 0.676078
0.811572 0.696775
0.810258 0.718468
0.808665 0.736982
0.806732 0.754151
0.804267 0.771652
0.801574 0.788196
0.798310 0.805655
0.125183 0.761882
0.126972 0.774159
0.129572 0.789450
0.130367 0.794182
0.133871 0.810995
0.134713 0.815052
0.137472 0.826433
0.139511 0.834304
0.202430 0.664265
0.202443 0.664463
0.203312 0.667032
0.203411 0.667438
0.204040 0.669278
0.204325 0.670128
0.204703 0.671242
0.205345 0.672990
0.607141 0.756093
0.613610 0.765643
0.619806 0.774814
0.625831 0.783916
0.631572 0.792885
0.636898 0.801591
0.641881 0.810248
0.646507 0.818877
0.184297 0.778278
0.187762 0.785365
0.190273 0.789464
0.192897 0.793418
0.196767 0.799853
0.200332 0.804986
0.203507 0.808734
0.206851 0.812428
0.782311 0.720861
0.781470 0.730138
0.780511 0.739244
0.779357 0.748623
0.778102 0.757675
0.776783 0.766468
0.775034 0.776669
0.773418 0.785552
