30.000010
30.402020
30.804030
31.206040
31.608050
32.010060
32.412070
32.814080
33.216090
33.618100
34.020109
34.422119
34.824129
35.226139
35.628149
36.030159
36.432169
36.834179
37.236189
37.638199
38.040209
38.442219
38.844229
39.246239
39.648249
40.050259
40.452269
40.854279
41.256289
41.658299
42.060308
42.462318
42.864328
43.266338
43.668348
44.070358
44.472368
44.874378
45.276388
45.678398
46.080408
46.482418
46.884428
47.286438
47.688448
48.090458
48.492468
48.894478
49.296488
49.698498
50.100507
50.502517
50.904527
51.306537
51.708547
52.110557
52.512567
52.914577
53.316587
53.718597
54.120607
54.522617
54.924627
55.326637
55.728647
56.130657
56.532667
56.934677
57.336687
57.738697
58.140706
58.542716
58.944726
59.346736
59.748746
60.150756
60.552766
60.954776
61.356786
61.758796
62.160806
62.562816
62.964826
63.366836
63.768846
64.170856
64.572866
64.974876
65.376886
65.778896
66.180905
66.582915
66.984925
67.386935
67.788945
68.190955
68.592965
68.994975
69.396985
69.798995
70.201005
70.603015
71.005025
71.407035
71.809045
72.211055
72.613065
73.015075
73.417085
73.819095
74.221104
74.623114
75.025124
75.427134
75.829144
76.231154
76.633164
77.035174
77.437184
77.839194
78.241204
78.643214
79.045224
79.447234
79.849244
80.251254
80.653264
81.055274
81.457284
81.859294
82.261303
82.663313
83.065323
83.467333
83.869343
84.271353
84.673363
85.075373
85.477383
85.879393
86.281403
86.683413
87.085423
87.487433
87.889443
88.291453
88.693463
89.095473
89.497483
89.899493
90.301502
90.703512
91.105522
91.507532
91.909542
92.311552
92.713562
93.115572
93.517582
93.919592
94.321602
94.723612
95.125622
95.527632
95.929642
96.331652
96.733662
97.135672
97.537682
97.939692
98.341701
98.743711
99.145721
99.547731
99.949741
100.351751
100.753761
101.155771
101.557781
101.959791
102.361801
102.763811
103.165821
103.567831
103.969841
104.371851
104.773861
105.175871
105.577881
105.979891
106.381900
106.783910
107.185920
107.587930
107.989940
108.391950
108.793960
109.195970
109.597980
109.999990
