0.000000 -0.000639 0.218371
0.000000 -0.001877 0.193476
0.000000 0.004385 0.164858
0.000000 0.009411 0.157150
0.000000 0.002330 0.215411
0.000000 -0.000410 0.177360
0.000000 0.006357 0.145395
0.000000 0.010317 0.142841
0.000000 0.013820 0.154765
0.000000 0.011898 0.212127
0.000000 0.011456 0.169284
0.000000 0.015049 0.161968
0.000000 0.075878 0.216885
0.000000 0.041998 0.200928
0.000000 0.046791 0.206043
0.000000 0.014004 0.151090
0.000000 0.004341 0.141575
0.961777 -0.654886 0.270770
0.000000 -0.000003 0.193447
0.000000 0.038351 0.197029
0.000000 0.012709 0.150478
0.000000 0.012642 0.149669
0.273833 0.020680 0.213217
0.000000 0.007732 0.130931
0.000000 0.013275 0.160979
0.000000 0.017538 0.215142
0.000000 0.018257 0.149266
0.000000 0.024732 0.129346
0.000000 0.006693 0.100387
0.000000 -0.000821 0.150164
0.000000 -0.013732 0.214437
