-2.122818
1.153690
-1.044051
-0.640036
0.633125
1.569535
-0.198944
1.241365
0.642744
0.503579
1.950079
-0.875100
-0.023129
0.435088
0.581171
-0.715420
0.620503
-0.196384
-0.001908
-0.839718
-0.930488
0.656630
-1.734398
0.429740
0.461773
-1.844441
-2.090353
1.878575
-0.830841
-1.484410
0.285708
0.960894
-1.027798
-0.092875
-0.469156
0.480362
1.182099
0.479530
-1.031011
-1.384336
-0.272064
0.656395
-0.861961
0.648258
0.028293
-0.242901
1.198793
0.511360
-0.768561
-1.074309
0.266000
-1.718757
-0.270737
0.651790
1.158488
0.766415
1.270600
-0.478672
0.317006
-0.261813
0.404433
-0.043774
-0.570536
-1.213881
0.090463
-0.903025
1.216347
-0.773424
0.979803
0.453392
1.282831
-1.033544
-0.729747
-1.955772
-0.600241
-0.294568
-0.591940
1.075363
0.283284
0.518144
-0.614605
0.363803
0.800871
0.395991
0.167138
-2.321358
0.832518
-0.629498
0.706321
-1.471373
0.212129
0.168914
-1.330970
0.155048
0.342959
-2.931244
-2.350240
-0.279573
-0.396717
1.610803
3.243564
0.321523
-1.220112
2.611181
-1.067819
1.544391
1.315339
-0.837626
-0.239887
-0.507953
-0.396000
-1.362402
-1.743858
-1.804590
-1.650410
0.164189
-2.593091
-0.707664
1.117408
0.926911
-0.711723
0.177711
-0.457639
0.526511
1.586788
0.216658
-0.025608
-0.641184
-0.240001
-0.945165
-0.199289
-0.796216
-0.204775
-0.273676
0.101367
-0.422487
-0.195965
0.535056
-0.598374
-0.389750
0.619467
0.783996
-0.072847
-0.739379
1.119838
-0.472436
-0.463238
-0.412284
-1.148383
2.339387
-1.350539
-1.258327
-0.374433
-1.047652
-1.032494
0.484461
1.681588
0.117396
-1.242599
0.446230
-0.113954
0.327969
0.053235
-0.492211
-0.733794
0.247232
-0.657918
1.397951
0.496986
0.510473
-0.917544
0.278571
-0.202270
-0.397668
0.497856
0.458872
1.265859
-0.675418
1.818097
0.106780
-0.359519
0.533520
0.708444
-0.192567
-0.210361
1.134517
0.453636
2.622371
-0.340032
0.190755
-2.975394
0.264770
0.271639
0.818084
-0.154523
0.174404
1.195835
-2.243919
-0.631764
0.284377
-0.074414
0.245834
0.635763
0.932039
0.510020
-0.518701
-0.588578
2.470883
0.035412
1.622232
-0.913477
-0.132486
0.295726
0.112767
-0.647441
1.672653
-0.102184
0.813300
0.665580
-0.421618
0.010120
-0.041019
-0.806673
0.383542
-0.905975
-1.803222
0.832345
0.340113
-0.184833
0.368667
-0.023835
0.540190
-0.908928
-0.436719
-0.297106
2.128133
0.195012
-0.045927
-0.606576
0.523052
0.910025
0.714880
-1.780505
0.340117
1.121346
-0.701211
1.530044
0.468556
1.488351
0.449204
-0.096549
0.244257
-0.160776
-2.699519
-1.344291
0.296322
-1.407788
0.362708
-0.789426
0.190444
-0.114867
-1.018912
0.131202
0.547228
0.489442
1.499150
0.114769
-0.254008
-0.185603
0.306431
1.571138
1.289315
1.107678
1.242065
0.004286
0.226039
0.350263
0.559253
-0.864496
-0.155458
0.133452
-0.201554
-0.558759
-0.215696
0.559066
0.272789
-0.973711
1.646412
-1.468702
2.515875
-0.518110
0.447518
-0.088031
-0.873112
-1.152465
2.031280
0.441714
-0.065920
0.962854
-0.791113
