0.219388 0.100304
0.219414 0.104983
0.219484 0.109187
0.219598 0.113504
0.219817 0.117407
0.220036 0.121447
0.220165 0.126160
0.220305 0.130941
0.220535 0.135764
0.220831 0.140598
0.221142 0.145516
0.221369 0.150643
0.221605 0.155866
0.222057 0.161292
0.222552 0.166739
0.222991 0.172182
0.223396 0.177700
0.223856 0.183306
0.224572 0.189213
0.225322 0.195160
0.226016 0.200978
0.226761 0.206845
0.227647 0.212870
0.228667 0.219006
0.229813 0.225205
0.230840 0.231072
0.231905 0.236871
0.233217 0.242907
0.234833 0.249174
0.236635 0.255450
0.238010 0.260912
0.239444 0.266252
0.241358 0.272029
0.243779 0.278103
0.246146 0.283745
0.248073 0.288681
0.250098 0.293455
0.252935 0.298786
0.256337 0.304274
0.259377 0.309037
0.262152 0.313270
0.265013 0.317333
0.269076 0.321929
0.273675 0.326443
0.277508 0.330084
0.281333 0.333407
0.285367 0.336546
0.290636 0.339900
0.296162 0.342938
0.301111 0.345389
0.305916 0.347493
0.311264 0.349468
0.318095 0.351445
0.325151 0.353048
0.330505 0.354050
0.336233 0.354874
0.343571 0.355613
0.352268 0.356131
0.360614 0.356269
0.366804 0.356094
0.373183 0.355798
0.381140 0.355330
0.391103 0.354613
0.400115 0.353741
0.406679 0.352842
0.412404 0.351898
0.423201 0.350740
0.435038 0.349503
0.444253 0.348337
0.450985 0.347239
0.459120 0.346159
0.471424 0.345271
0.482799 0.344574
0.492411 0.343967
0.502657 0.343640
0.512627 0.343535
0.524400 0.344032
0.536792 0.345113
0.546899 0.346042
0.555785 0.346940
0.566963 0.348960
0.579490 0.352035
0.590457 0.355053
0.598962 0.357321
0.606854 0.359595
0.617025 0.363592
0.628137 0.368775
0.637936 0.373711
0.644906 0.377034
0.652113 0.380920
0.660938 0.386634
0.670250 0.393380
0.678343 0.399642
0.684760 0.404700
0.690844 0.409803
0.698654 0.417423
0.706086 0.425262
0.712413 0.432292
0.717940 0.438729
0.723832 0.446220
0.730082 0.454950
0.735732 0.463373
0.741012 0.471791
0.745674 0.479620
0.750466 0.488389
0.755188 0.497770
0.759569 0.507168
0.763645 0.516568
0.767424 0.526013
0.770955 0.535569
0.774430 0.546080
0.777428 0.555873
0.780001 0.564801
0.782393 0.574018
0.784670 0.584013
0.786842 0.595337
0.788605 0.605725
0.790111 0.616136
0.791310 0.625638
0.792320 0.636032
0.793080 0.646208
0.793618 0.655585
0.793949 0.665399
0.794026 0.676061
0.794002 0.684830
0.793769 0.694161
0.793330 0.703826
0.792550 0.714964
0.791951 0.723099
0.791198 0.731138
0.790240 0.740038
0.789161 0.748540
0.788155 0.756162
0.787029 0.763573
0.785620 0.772346
0.783810 0.782346
0.782427 0.789823
0.780780 0.797926
0.778867 0.807132
0.777322 0.813962
0.775815 0.820442
0.773893 0.828535
0.772025 0.836099
0.770356 0.842544
0.768915 0.847815
0.767193 0.854127
0.764821 0.863039
0.762817 0.870211
0.761334 0.875066
0.759695 0.880470
0.758105 0.885571
0.756289 0.891545
0.754469 0.897455
0.752725 0.902989
0.750966 0.908547
0.749239 0.914022
0.747347 0.920001
0.745545 0.925767
0.743818 0.931040
0.742773 0.933509
0.741496 0.936798
0.739680 0.942672
0.737921 0.948185
0.736627 0.951760
0.735462 0.954584
0.734478 0.956693
0.732747 0.962384
0.730806 0.969254
0.729956 0.970746
0.728783 0.973976
0.727481 0.977818
0.725902 0.983291
0.724383 0.988468
0.723368 0.991199
0.722453 0.993357
0.721596 0.995318
0.720338 0.999546
0.719481 1.001586
0.718251 1.005938
0.717389 1.008184
0.716143 1.012908
0.715421 1.014490
0.714637 1.016522
0.713708 1.019603
0.712621 1.023900
0.712227 1.023480
0.711601 1.024673
0.710800 1.027321
0.709646 1.032633
0.708304 1.039903
0.707770 1.040909
0.707784 1.037543
0.707111 1.039856
0.705827 1.047669
0.705309 1.048978
0.704529 1.052755
0.703840 1.055876
0.703036 1.060232
0.703121 1.056041
0.702761 1.056281
