0.210218 0.339593
0.208871 0.360434
0.207868 0.372267
0.207188 0.376620
0.207168 0.367750
0.206858 0.365122
0.205664 0.377407
0.204381 0.390439
0.203584 0.394973
0.202910 0.397228
0.202081 0.401564
0.200658 0.414328
0.199188 0.427713
0.198415 0.430269
0.197564 0.433765
0.196324 0.442747
0.194924 0.454253
0.193589 0.465215
0.192661 0.469421
0.191667 0.474740
0.190473 0.483785
0.189310 0.492997
0.188265 0.500554
0.187294 0.507107
0.186368 0.513176
0.185374 0.522599
0.184466 0.532339
0.183678 0.539818
0.182954 0.545091
0.182268 0.549949
0.181680 0.559825
0.181241 0.569496
0.180824 0.576096
0.180356 0.580315
0.180010 0.586020
0.179949 0.594523
0.180019 0.602759
0.179916 0.607909
0.179716 0.611532
0.179805 0.617242
0.180156 0.624201
0.180623 0.630938
0.180757 0.634908
0.180846 0.638242
0.181373 0.643751
0.182050 0.649483
0.182797 0.654982
0.183254 0.658692
0.183778 0.662417
0.184636 0.667252
0.185672 0.672400
0.186672 0.676993
0.187357 0.680139
0.188116 0.683357
0.189482 0.688389
0.190856 0.693085
0.191907 0.696471
0.192726 0.698942
0.193751 0.701896
0.195417 0.706536
0.197122 0.710926
0.198543 0.714309
0.199583 0.716552
0.200930 0.719424
0.202934 0.723796
0.205225 0.728626
0.206426 0.730596
0.207496 0.732170
0.209234 0.735222
0.211611 0.739565
0.213776 0.743249
0.215100 0.744873
0.216721 0.747073
0.218814 0.750209
0.220858 0.753095
0.223049 0.756174
0.224915 0.758434
0.226704 0.760416
0.229079 0.763609
0.231825 0.767486
0.234084 0.770203
0.236043 0.772226
0.238403 0.775019
0.241483 0.779306
0.244830 0.784040
0.247552 0.787386
0.249972 0.790108
0.252766 0.793554
0.256617 0.799023
0.260445 0.804271
0.263659 0.808309
0.266710 0.812069
0.270193 0.816491
0.274504 0.822188
0.279107 0.828152
0.282777 0.832557
0.286669 0.837193
0.291214 0.842599
0.296325 0.848542
0.301321 0.854095
0.305979 0.859036
0.311153 0.864355
0.316657 0.869792
0.322751 0.875551
0.328841 0.880988
0.334863 0.886093
0.341361 0.891298
0.348041 0.896371
0.355189 0.901455
0.362445 0.906307
0.369733 0.910832
0.377558 0.915382
0.386040 0.919980
0.394637 0.924264
0.403069 0.928126
0.411037 0.931473
0.419581 0.934791
0.428188 0.937868
0.437271 0.940847
0.445923 0.943429
0.454627 0.945811
0.463606 0.948069
0.472235 0.950060
0.480320 0.951765
0.489025 0.953505
0.497239 0.955034
0.505050 0.956412
0.511987 0.957588
0.519760 0.958932
0.527434 0.960201
0.534275 0.961405
0.541139 0.962588
0.547818 0.963874
0.554428 0.965148
0.560101 0.966419
0.565279 0.967603
0.570826 0.969051
0.576063 0.970475
0.580567 0.971911
0.585661 0.973561
0.590520 0.975329
0.594691 0.977037
0.598781 0.978854
0.602937 0.980836
0.607152 0.983006
0.610891 0.985142
0.613819 0.987067
0.616974 0.989213
0.620462 0.991667
0.623630 0.994112
0.626680 0.996636
0.629375 0.999096
0.631925 1.001587
0.634394 1.004149
0.636710 1.006729
0.638847 1.009334
0.640871 1.011867
0.642701 1.014437
0.644606 1.017067
0.646748 1.020124
0.648732 1.023048
0.650096 1.025575
0.651529 1.028134
0.653054 1.030975
0.654688 1.033910
0.656271 1.036961
0.657285 1.039407
0.658026 1.041619
0.659497 1.044688
0.660570 1.047432
0.661596 1.050054
0.662274 1.052354
0.663028 1.054666
0.663922 1.057355
0.664915 1.060121
0.665779 1.062870
0.666443 1.065203
0.667245 1.067865
0.667771 1.070089
0.668467 1.072637
0.668886 1.074710
0.669570 1.077301
0.670173 1.079772
0.670649 1.082017
0.670991 1.084006
0.671708 1.086785
0.672252 1.089231
0.672651 1.091410
0.672821 1.093034
0.672814 1.094307
0.673289 1.096640
0.674059 1.099757
0.674380 1.101820
0.674291 1.102849
0.674616 1.105008
0.674829 1.106680
0.674995 1.108423
0.675141 1.109884
0.675778 1.112952
0.676167 1.115172
