0.219297 0.254729
0.219318 0.260438
0.219377 0.266451
0.219469 0.272851
0.219645 0.279866
0.219820 0.286655
0.219922 0.292695
0.220034 0.298694
0.220212 0.305196
0.220439 0.311840
0.220677 0.318350
0.220851 0.324298
0.221031 0.330194
0.221367 0.336834
0.221730 0.343385
0.222054 0.349506
0.222353 0.355395
0.222689 0.361299
0.223199 0.367713
0.223723 0.373988
0.224213 0.379900
0.224737 0.385746
0.225349 0.391685
0.226042 0.397656
0.226808 0.403611
0.227511 0.409149
0.228241 0.414566
0.229113 0.420133
0.230152 0.425848
0.231290 0.431521
0.232221 0.436506
0.233198 0.441391
0.234422 0.446533
0.235896 0.451854
0.237358 0.456874
0.238637 0.461377
0.239988 0.465783
0.241715 0.470489
0.243686 0.475251
0.245536 0.479585
0.247319 0.483602
0.249165 0.487484
0.251505 0.491641
0.254065 0.495747
0.256396 0.499365
0.258777 0.502795
0.261285 0.506110
0.264263 0.509540
0.267379 0.512809
0.270384 0.515741
0.273427 0.518469
0.276724 0.521123
0.280564 0.523818
0.284568 0.526327
0.288194 0.528404
0.292051 0.530369
0.296516 0.532334
0.301524 0.534226
0.306597 0.535859
0.311237 0.537116
0.316090 0.538219
0.321613 0.539248
0.327963 0.540180
0.334250 0.540827
0.340029 0.541179
0.345758 0.541350
0.353323 0.541466
0.361510 0.541383
0.369117 0.541037
0.376118 0.540500
0.383810 0.539842
0.393193 0.539037
0.402506 0.538101
0.411396 0.537059
0.420701 0.535963
0.430058 0.534848
0.440278 0.533757
0.450878 0.532760
0.460648 0.531840
0.469928 0.531049
0.480173 0.530551
0.490990 0.530425
0.501046 0.530553
0.509944 0.530822
0.518431 0.531371
0.527713 0.532573
0.537193 0.534381
0.545865 0.536460
0.553157 0.538467
0.560281 0.540903
0.567785 0.544125
0.575247 0.547961
0.581908 0.551912
0.587700 0.555768
0.593142 0.559882
0.598918 0.564934
0.604317 0.570262
0.609104 0.575516
0.613415 0.580748
0.617648 0.586453
0.621765 0.592591
0.625525 0.598754
0.629012 0.604993
0.632175 0.611128
0.635237 0.617608
0.638145 0.624225
0.640853 0.630924
0.643390 0.637562
0.645770 0.644271
0.648025 0.650922
0.650214 0.657833
0.652245 0.664505
0.654147 0.670933
0.655980 0.677383
0.657784 0.683940
0.659580 0.690701
0.661268 0.697196
0.662911 0.703614
0.664468 0.709785
0.666014 0.716050
0.667509 0.722199
0.668934 0.728132
0.670336 0.734074
0.671717 0.740103
0.673002 0.745737
0.674259 0.751417
0.675483 0.757101
0.676703 0.762979
0.677805 0.768271
0.678829 0.773616
0.679856 0.778967
0.680797 0.784334
0.681689 0.789432
0.682501 0.794591
0.683329 0.799833
0.684126 0.805362
0.684819 0.810380
0.685467 0.815596
0.686120 0.820868
0.686644 0.825875
0.687123 0.830770
0.687610 0.835911
0.688044 0.840967
0.688406 0.845846
0.688695 0.850536
0.688986 0.855385
0.689327 0.860641
0.689584 0.865622
0.689741 0.870221
0.689890 0.874900
0.690006 0.879522
0.690127 0.884275
0.690226 0.889008
0.690295 0.893668
0.690347 0.898317
0.690372 0.902887
0.690415 0.907634
0.690420 0.912223
0.690418 0.916818
0.690297 0.920793
0.690216 0.924999
0.690181 0.929523
0.690153 0.934072
0.690033 0.938147
0.689911 0.942172
0.689754 0.945983
0.689699 0.950398
0.689657 0.954952
0.689488 0.958614
0.689336 0.962451
0.689234 0.966475
0.689142 0.970655
0.689075 0.974864
0.688905 0.978478
0.688759 0.982059
0.688571 0.985464
0.688483 0.989356
0.688321 0.992762
0.688221 0.996551
0.688068 0.999922
0.687981 1.003710
0.687818 1.006883
0.687670 1.010105
0.687550 1.013481
0.687463 1.017043
0.687266 1.019716
0.687111 1.022652
0.686996 1.025801
0.686942 1.029400
0.686937 1.033311
0.686792 1.036056
0.686558 1.037984
0.686453 1.040888
0.686469 1.044728
0.686325 1.047324
0.686281 1.050445
0.686180 1.053301
0.686152 1.056472
0.685911 1.057943
0.685813 1.060301
