63.298040
49.399103
56.905448
74.855185
91.136401
94.260338
54.999314
53.942685
68.473510
64.959582
55.254551
91.560843
70.803616
75.150680
105.349036
100.787562
70.753989
71.007607
62.368374
80.810846
55.716118
71.669685
78.531910
71.438583
59.892715
65.163803
56.194806
96.906696
90.784487
83.088974
53.033942
68.077724
96.354471
77.526269
75.475948
72.085997
66.769730
44.400592
74.336137
61.298611
62.303825
49.167219
69.425653
65.524040
42.229408
64.380462
53.581929
63.516732
62.203030
57.571624
92.824492
63.123243
72.311442
43.635506
105.130734
71.713148
79.592904
40.687851
102.654615
71.124961
83.354245
61.122786
71.773953
76.161498
75.083557
52.352967
79.870816
70.597964
84.477128
63.234317
54.567424
74.624663
82.386689
71.434509
71.814246
63.986093
73.797154
71.646769
78.207218
75.880233
91.845267
79.314826
79.724275
72.898729
39.999009
65.349483
86.007792
72.213274
74.123099
80.787470
104.860903
68.359869
76.867722
69.584225
77.471802
68.953293
73.587968
36.932563
73.764928
91.806694
46.922914
105.095811
81.306949
72.706004
72.239384
79.289287
50.949976
81.375607
55.848350
58.000571
62.898011
55.354103
65.038321
64.752402
94.893432
83.832647
68.057235
111.485391
50.669605
81.500993
92.245838
85.145783
73.148383
66.384946
66.872759
72.921087
67.823316
64.676586
79.563663
90.942492
50.447238
72.833112
88.337224
37.101806
58.630743
36.689515
78.999855
63.467972
118.322190
79.847995
55.279097
69.402115
86.004976
37.271070
86.156189
76.613868
83.821011
63.232684
59.481660
59.527120
74.502681
61.795404
88.748046
62.348759
68.340710
87.481201
72.773493
41.415754
107.920112
68.033125
73.426501
86.879628
73.594874
77.933549
113.240916
66.658660
89.146175
80.138303
67.440545
36.618275
69.852435
65.471895
68.026642
112.224147
63.072648
46.354170
90.359608
100.133088
74.235285
79.580504
61.220368
61.672465
54.155483
72.460533
36.529761
67.041119
67.327664
63.965037
61.373846
92.245838
75.335960
58.939195
33.173434
59.183636
71.483052
77.365024
96.009562
68.080782
76.307054
68.776678
57.808680
110.238941
59.837186
52.472588
69.238569
65.186718
83.323280
63.942211
48.011836
60.753793
75.103087
76.557052
69.814365
70.876629
79.273835
82.912090
37.635387
54.228020
79.579667
71.075721
40.779333
81.433727
71.576524
77.100335
104.882745
77.167075
73.469478
60.127063
71.048639
92.909167
100.938756
41.521917
59.527710
67.443083
39.398828
46.110334
65.924720
50.447238
38.521882
89.440032
57.845981
62.654491
84.086944
62.696675
67.892518
112.423245
53.156305
91.296465
85.086565
87.338534
45.933714
71.603906
80.927472
69.457468
77.904932
78.042737
79.693513
78.997607
66.492282
50.577060
62.055739
75.946405
80.561981
86.515718
65.413012
77.569055
60.674604
110.721244
79.178187
72.302419
59.804733
62.544974
78.410421
89.405753
57.781133
103.595538
54.780289
72.326148
69.603813
52.696685
109.449183
58.612442
57.057496
59.128528
76.286483
72.750112
92.245838
62.758520
75.338645
47.962635
91.323219
63.454359
50.447238
57.519969
60.448145
97.401970
104.026158
77.854160
81.726155
55.766290
