1.383149
0.563559
1.242934
1.669965
1.361503
0.772048
1.210869
0.918731
1.320676
1.136481
1.021846
1.317890
1.222632
1.384254
0.786091
0.438332
1.772823
1.224600
0.933738
0.277127
1.096840
1.368977
0.808246
1.368933
1.533093
1.286825
1.114819
1.199754
1.133950
1.352773
1.082203
1.225284
0.473610
0.492166
1.129425
1.268087
1.217813
0.781462
1.205134
1.496519
1.187576
1.678801
1.193600
0.836501
0.756545
1.530591
1.051250
1.293096
0.853437
1.602145
0.811309
1.324700
1.071602
1.102046
1.483251
1.206451
1.156426
1.155885
0.284422
1.526487
1.588335
1.014555
1.340720
1.630624
1.343657
1.396633
1.118889
1.121251
1.148460
1.272658
1.002505
1.153094
1.227803
1.119507
1.415011
1.307248
1.312938
1.252720
0.640578
0.974784
1.282877
1.587848
1.326037
1.182776
0.574380
1.619191
1.236612
1.416587
1.283833
1.399301
1.075414
0.940020
1.120596
1.241356
1.262636
1.322980
0.524805
0.284726
1.267313
1.473922
1.493333
0.284445
1.413305
1.348369
1.188315
1.534246
0.682029
1.396306
0.788202
1.200076
1.318845
1.445846
0.820404
1.402982
0.642884
1.144675
1.293321
0.286551
1.209705
1.361129
0.724290
1.262679
1.207140
1.369251
1.312627
1.197143
1.644986
1.664160
1.072158
1.202702
1.005336
1.283574
1.149656
0.284895
1.062703
0.285254
1.031555
1.111401
0.287298
1.263621
1.138972
1.124715
1.122529
0.285690
1.216573
1.409295
1.059428
1.486850
1.489750
1.488809
1.507709
1.277060
1.026962
0.749346
1.274705
1.190047
1.048810
0.283635
0.285248
0.895031
1.168174
1.121627
1.237709
0.277883
0.286802
1.340377
0.921128
1.517062
1.284940
0.284656
1.379645
1.353302
1.501518
0.286959
1.539303
1.099975
0.506454
1.330517
1.186526
0.278005
0.955483
1.245850
1.066575
1.195955
0.284436
1.167262
1.490184
0.921944
1.300805
1.068859
0.988820
1.657656
0.284851
1.486045
1.239369
1.601918
0.925964
1.267300
1.595538
1.078324
1.247217
0.796684
1.031599
1.263357
1.345695
1.126703
1.204204
0.278958
1.049698
1.321205
1.297371
1.668252
1.160057
1.217008
1.604212
1.342515
0.771069
0.844644
1.311854
0.661752
0.635219
1.044003
1.088060
1.071674
0.284920
1.131362
1.200726
1.179415
0.984984
0.668555
0.283720
0.283561
1.462601
1.186976
0.284756
0.328813
1.202278
0.984556
0.285137
1.345832
0.980646
1.224334
1.447486
1.049662
1.145625
0.287311
1.059718
1.426080
1.432767
0.549624
0.949378
1.334924
1.377048
1.513235
0.281921
0.279381
1.528737
1.368356
1.602896
1.095743
1.017126
1.383357
1.359849
1.046704
1.184789
1.251630
1.461897
0.286156
1.211276
1.591721
1.412051
1.504484
1.111141
1.102471
1.459486
0.284042
1.195787
1.451816
1.383007
1.096215
0.938748
1.211324
0.973718
0.671498
1.292615
1.226888
0.895279
1.406930
1.367644
0.279947
1.051915
0.740732
0.995237
1.582800
1.371789
1.046113
0.285649
1.576222
1.499666
0.965216
