55.764067
56.264067
56.764067
57.264067
57.764067
58.264067
58.764067
59.264067
87.134748
87.634748
88.134748
88.634748
89.134748
89.634748
90.134748
90.634748
59.843316
60.343316
60.843316
61.343316
61.843316
62.343316
62.843316
63.343316
86.776140
87.276140
87.776140
88.276140
88.776140
89.276140
89.776140
90.276140
79.577729
80.077729
80.577729
81.077729
81.577729
82.077729
82.577729
83.077729
62.849196
63.349196
63.849196
64.349196
64.849196
65.349196
65.849196
66.349196
55.031077
55.531077
56.031077
56.531077
57.031077
57.531077
58.031077
58.531077
76.434912
76.934912
77.434912
77.934912
78.434912
78.934912
79.434912
79.934912
83.963448
84.463448
84.963448
85.463448
85.963448
86.463448
86.963448
87.463448
56.811544
57.311544
57.811544
58.311544
58.811544
59.311544
59.811544
60.311544
93.742794
94.242794
94.742794
95.242794
95.742794
96.242794
96.742794
97.242794
75.293696
75.793696
76.293696
76.793696
77.293696
77.793696
78.293696
78.793696
68.959783
69.459783
69.959783
70.459783
70.959783
71.459783
71.959783
72.459783
86.742631
87.242631
87.742631
88.242631
88.742631
89.242631
89.742631
90.242631
54.685425
55.185425
55.685425
56.185425
56.685425
57.185425
57.685425
58.185425
49.643936
50.143936
50.643936
51.143936
51.643936
52.143936
52.643936
53.143936
52.693898
53.193898
53.693898
54.193898
54.693898
55.193898
55.693898
56.193898
59.220646
59.720646
60.220646
60.720646
61.220646
61.720646
62.220646
62.720646
57.217623
57.717623
58.217623
58.717623
59.217623
59.717623
60.217623
60.717623
69.384097
69.884097
70.384097
70.884097
71.384097
71.884097
72.384097
72.884097
61.290471
61.790471
62.290471
62.790471
63.290471
63.790471
64.290471
64.790471
66.254133
66.754133
67.254133
67.754133
68.254133
68.754133
69.254133
69.754133
88.917288
89.417288
89.917288
90.417288
90.917288
91.417288
91.917288
92.417288
47.048138
47.548138
48.048138
48.548138
49.048138
49.548138
50.048138
50.548138
70.800339
71.300339
71.800339
72.300339
72.800339
73.300339
73.800339
74.300339
57.860174
58.360174
58.860174
59.360174
59.860174
60.360174
60.860174
61.360174
49.327933
49.827933
50.327933
50.827933
51.327933
51.827933
52.327933
52.827933
76.543031
77.043031
77.543031
78.043031
78.543031
79.043031
79.543031
80.043031
70.599930
71.099930
71.599930
72.099930
72.599930
73.099930
73.599930
74.099930
89.399169
89.899169
90.399169
90.899169
91.399169
91.899169
92.399169
92.899169
51.582555
52.082555
52.582555
53.082555
53.582555
54.082555
54.582555
55.082555
77.140064
77.640064
78.140064
78.640064
79.140064
79.640064
80.140064
80.640064
49.162137
49.662137
50.162137
50.662137
51.162137
51.662137
52.162137
52.662137
69.177965
69.677965
70.177965
70.677965
71.177965
71.677965
72.177965
72.677965
88.013634
88.513634
89.013634
89.513634
90.013634
90.513634
91.013634
91.513634
59.178762
59.678762
60.178762
60.678762
61.178762
61.678762
62.178762
62.678762
57.391286
57.891286
58.391286
58.891286
59.391286
59.891286
60.391286
60.891286
76.209119
76.709119
77.209119
77.709119
78.209119
78.709119
79.209119
79.709119
56.024950
56.524950
57.024950
57.524950
58.024950
58.524950
59.024950
59.524950
67.771097
68.271097
68.771097
69.271097
69.771097
70.271097
70.771097
71.271097
94.906590
95.406590
95.906590
96.406590
96.906590
97.406590
97.906590
98.406590
53.689605
54.189605
54.689605
55.189605
55.689605
56.189605
56.689605
57.189605
76.457141
76.957141
77.457141
77.957141
78.457141
78.957141
79.457141
79.957141
77.860458
78.360458
78.860458
79.360458
79.860458
80.360458
80.860458
81.360458
78.573811
79.073811
79.573811
80.073811
80.573811
81.073811
81.573811
82.073811
68.890628
69.390628
69.890628
70.390628
70.890628
71.390628
71.890628
72.390628
72.879032
73.379032
73.879032
74.379032
74.879032
75.379032
75.879032
76.379032
75.834063
76.334063
76.834063
77.334063
77.834063
78.334063
78.834063
79.334063
72.171198
72.671198
73.171198
73.671198
74.171198
74.671198
75.171198
75.671198
62.839720
63.339720
63.839720
64.339720
64.839720
65.339720
65.839720
66.339720
42.049929
42.549929
43.049929
43.549929
44.049929
44.549929
45.049929
45.549929
68.679386
69.179386
69.679386
70.179386
70.679386
71.179386
71.679386
72.179386
50.211007
50.711007
51.211007
51.711007
52.211007
52.711007
53.211007
53.711007
64.245421
64.745421
65.245421
65.745421
66.245421
66.745421
67.245421
67.745421
89.968706
90.468706
90.968706
91.468706
91.968706
92.468706
92.968706
93.468706
66.398243
66.898243
67.398243
67.898243
68.398243
68.898243
69.398243
69.898243
71.126888
71.626888
72.126888
72.626888
73.126888
73.626888
74.126888
74.626888
65.239098
65.739098
66.239098
66.739098
67.239098
67.739098
68.239098
68.739098
39.641858
40.141858
40.641858
41.141858
41.641858
42.141858
42.641858
43.141858
62.760014
63.260014
63.760014
64.260014
64.760014
65.260014
65.760014
66.260014
62.357568
62.857568
63.357568
63.857568
64.357568
64.857568
65.357568
65.857568
58.786203
59.286203
59.786203
60.286203
60.786203
61.286203
61.786203
62.286203
59.065131
59.565131
60.065131
60.565131
61.065131
61.565131
62.065131
62.565131
64.614126
65.114126
65.614126
66.114126
66.614126
67.114126
67.614126
68.114126
80.065254
80.565254
81.065254
81.565254
82.065254
82.565254
83.065254
83.565254
60.147492
60.647492
61.147492
61.647492
62.147492
62.647492
63.147492
63.647492
70.071052
70.571052
71.071052
71.571052
72.071052
72.571052
73.071052
73.571052
50.862544
51.362544
51.862544
52.362544
52.862544
53.362544
53.862544
54.362544
76.478210
76.978210
77.478210
77.978210
78.478210
78.978210
79.478210
79.978210
84.359745
84.859745
85.359745
85.859745
86.359745
86.859745
87.359745
87.859745
75.492444
75.992444
76.492444
76.992444
77.492444
77.992444
78.492444
78.992444
79.799674
80.299674
80.799674
81.299674
81.799674
82.299674
82.799674
83.299674
63.309396
63.809396
64.309396
64.809396
65.309396
65.809396
66.309396
66.809396
60.563359
61.063359
61.563359
62.063359
62.563359
63.063359
63.563359
64.063359
81.865988
82.365988
82.865988
83.365988
83.865988
84.365988
84.865988
85.365988
65.376170
65.876170
66.376170
66.876170
67.376170
67.876170
68.376170
68.876170
58.364971
58.864971
59.364971
59.864971
60.364971
60.864971
61.364971
61.864971
87.973709
88.473709
88.973709
89.473709
89.973709
90.473709
90.973709
91.473709
81.756142
82.256142
82.756142
83.256142
83.756142
84.256142
84.756142
85.256142
70.041502
70.541502
71.041502
71.541502
72.041502
72.541502
73.041502
73.541502
72.088565
72.588565
73.088565
73.588565
74.088565
74.588565
75.088565
75.588565
93.084119
93.584119
94.084119
94.584119
95.084119
95.584119
96.084119
96.584119
61.360237
61.860237
62.360237
62.860237
63.360237
63.860237
64.360237
64.860237
74.464433
74.964433
75.464433
75.964433
76.464433
76.964433
77.464433
77.964433
77.518294
78.018294
78.518294
79.018294
79.518294
80.018294
80.518294
81.018294
59.376429
59.876429
60.376429
60.876429
61.376429
61.876429
62.376429
62.876429
62.855750
63.355750
63.855750
64.355750
64.855750
65.355750
65.855750
66.355750
55.191899
55.691899
56.191899
56.691899
57.191899
57.691899
58.191899
58.691899
75.533649
76.033649
76.533649
77.033649
77.533649
78.033649
78.533649
79.033649
67.423597
67.923597
68.423597
68.923597
69.423597
69.923597
70.423597
70.923597
67.938415
68.438415
68.938415
69.438415
69.938415
70.438415
70.938415
71.438415
83.706994
84.206994
84.706994
85.206994
85.706994
86.206994
86.706994
87.206994
59.642210
60.142210
60.642210
61.142210
61.642210
62.142210
62.642210
63.142210
85.330425
85.830425
86.330425
86.830425
87.330425
87.830425
88.330425
88.830425
72.432601
72.932601
73.432601
73.932601
74.432601
74.932601
75.432601
75.932601
62.749009
63.249009
63.749009
64.249009
64.749009
65.249009
65.749009
66.249009
53.416710
53.916710
54.416710
54.916710
55.416710
55.916710
56.416710
56.916710
89.620771
90.120771
90.620771
91.120771
91.620771
92.120771
92.620771
93.120771
86.569316
87.069316
87.569316
88.069316
88.569316
89.069316
89.569316
90.069316
98.766817
99.266817
99.766817
100.266817
100.766817
101.266817
101.766817
102.266817
49.051744
49.551744
50.051744
50.551744
51.051744
51.551744
52.051744
52.551744
51.507405
52.007405
52.507405
53.007405
53.507405
54.007405
54.507405
55.007405
86.057564
86.557564
87.057564
87.557564
88.057564
88.557564
89.057564
89.557564
76.049905
76.549905
77.049905
77.549905
78.049905
78.549905
79.049905
79.549905
78.521024
79.021024
79.521024
80.021024
80.521024
81.021024
81.521024
82.021024
61.403460
61.903460
62.403460
62.903460
63.403460
63.903460
64.403460
64.903460
79.598472
80.098472
80.598472
81.098472
81.598472
82.098472
82.598472
83.098472
65.666498
66.166498
66.666498
67.166498
67.666498
68.166498
68.666498
69.166498
76.904199
77.404199
77.904199
78.404199
78.904199
79.404199
79.904199
80.404199
63.703225
64.203225
64.703225
65.203225
65.703225
66.203225
66.703225
67.203225
66.026825
66.526825
67.026825
67.526825
68.026825
68.526825
69.026825
69.526825
60.708654
61.208654
61.708654
62.208654
62.708654
63.208654
63.708654
64.208654
73.908148
74.408148
74.908148
75.408148
75.908148
76.408148
76.908148
77.408148
56.698732
57.198732
57.698732
58.198732
58.698732
59.198732
59.698732
60.198732
69.032519
69.532519
70.032519
70.532519
71.032519
71.532519
72.032519
72.532519
87.136882
87.636882
88.136882
88.636882
89.136882
89.636882
90.136882
90.636882
64.179070
64.679070
65.179070
65.679070
66.179070
66.679070
67.179070
67.679070
53.946294
54.446294
54.946294
55.446294
55.946294
56.446294
56.946294
57.446294
67.081844
67.581844
68.081844
68.581844
69.081844
69.581844
70.081844
70.581844
81.364946
81.864946
82.364946
82.864946
83.364946
83.864946
84.364946
84.864946
28.361770
28.861770
29.361770
29.861770
30.361770
30.861770
31.361770
31.861770
63.942482
64.442482
64.942482
65.442482
65.942482
66.442482
66.942482
67.442482
53.531931
54.031931
54.531931
55.031931
55.531931
56.031931
56.531931
57.031931
81.318519
81.818519
82.318519
82.818519
83.318519
83.818519
84.318519
84.818519
76.729760
77.229760
77.729760
78.229760
78.729760
79.229760
79.729760
80.229760
57.820065
58.320065
58.820065
59.320065
59.820065
60.320065
60.820065
61.320065
62.910299
63.410299
63.910299
64.410299
64.910299
65.410299
65.910299
66.410299
74.182893
74.682893
75.182893
75.682893
76.182893
76.682893
77.182893
77.682893
85.959071
86.459071
86.959071
87.459071
87.959071
88.459071
88.959071
89.459071
72.759511
73.259511
73.759511
74.259511
74.759511
75.259511
75.759511
76.259511
97.862792
98.362792
98.862792
99.362792
99.862792
100.362792
100.862792
101.362792
54.124592
54.624592
55.124592
55.624592
56.124592
56.624592
57.124592
57.624592
92.785294
93.285294
93.785294
94.285294
94.785294
95.285294
95.785294
96.285294
91.144340
91.644340
92.144340
92.644340
93.144340
93.644340
94.144340
94.644340
104.786610
105.286610
105.786610
106.286610
106.786610
107.286610
107.786610
108.286610
92.259645
92.759645
93.259645
93.759645
94.259645
94.759645
95.259645
95.759645
53.667337
54.167337
54.667337
55.167337
55.667337
56.167337
56.667337
57.167337
89.967849
90.467849
90.967849
91.467849
91.967849
92.467849
92.967849
93.467849
66.001931
66.501931
67.001931
67.501931
68.001931
68.501931
69.001931
69.501931
85.964130
86.464130
86.964130
87.464130
87.964130
88.464130
88.964130
89.464130
79.624864
80.124864
80.624864
81.124864
81.624864
82.124864
82.624864
83.124864
75.525314
76.025314
76.525314
77.025314
77.525314
78.025314
78.525314
79.025314
82.361712
82.861712
83.361712
83.861712
84.361712
84.861712
85.361712
85.861712
103.277808
103.777808
104.277808
104.777808
105.277808
105.777808
106.277808
106.777808
74.051753
74.551753
75.051753
75.551753
76.051753
76.551753
77.051753
77.551753
78.727661
79.227661
79.727661
80.227661
80.727661
81.227661
81.727661
82.227661
51.080586
51.580586
52.080586
52.580586
53.080586
53.580586
54.080586
54.580586
70.439785
70.939785
71.439785
71.939785
72.439785
72.939785
73.439785
73.939785
67.445086
67.945086
68.445086
68.945086
69.445086
69.945086
70.445086
70.945086
59.515808
60.015808
60.515808
61.015808
61.515808
62.015808
62.515808
63.015808
62.041617
62.541617
63.041617
63.541617
64.041617
64.541617
65.041617
65.541617
47.425776
47.925776
48.425776
48.925776
49.425776
49.925776
50.425776
50.925776
57.972916
58.472916
58.972916
59.472916
59.972916
60.472916
60.972916
61.472916
79.835805
80.335805
80.835805
81.335805
81.835805
82.335805
82.835805
83.335805
75.128518
75.628518
76.128518
76.628518
77.128518
77.628518
78.128518
78.628518
53.079830
53.579830
54.079830
54.579830
55.079830
55.579830
56.079830
56.579830
89.563598
90.063598
90.563598
91.063598
91.563598
92.063598
92.563598
93.063598
101.921001
102.421001
102.921001
103.421001
103.921001
104.421001
104.921001
105.421001
50.028762
50.528762
51.028762
51.528762
52.028762
52.528762
53.028762
53.528762
77.805145
78.305145
78.805145
79.305145
79.805145
80.305145
80.805145
81.305145
74.216166
74.716166
75.216166
75.716166
76.216166
76.716166
77.216166
77.716166
45.172774
45.672774
46.172774
46.672774
47.172774
47.672774
48.172774
48.672774
43.256646
43.756646
44.256646
44.756646
45.256646
45.756646
46.256646
46.756646
65.729399
66.229399
66.729399
67.229399
67.729399
68.229399
68.729399
69.229399
56.534293
57.034293
57.534293
58.034293
58.534293
59.034293
59.534293
60.034293
73.310381
73.810381
74.310381
74.810381
75.310381
75.810381
76.310381
76.810381
105.326831
105.826831
106.326831
106.826831
107.326831
107.826831
108.326831
108.826831
61.166224
61.666224
62.166224
62.666224
63.166224
63.666224
64.166224
64.666224
83.407632
83.907632
84.407632
84.907632
85.407632
85.907632
86.407632
86.907632
86.582122
87.082122
87.582122
88.082122
88.582122
89.082122
89.582122
90.082122
75.594035
76.094035
76.594035
77.094035
77.594035
78.094035
78.594035
79.094035
46.378554
46.878554
47.378554
47.878554
48.378554
48.878554
49.378554
49.878554
77.934252
78.434252
78.934252
79.434252
79.934252
80.434252
80.934252
81.434252
53.595037
54.095037
54.595037
55.095037
55.595037
56.095037
56.595037
57.095037
65.318280
65.818280
66.318280
66.818280
67.318280
67.818280
68.318280
68.818280
67.870325
68.370325
68.870325
69.370325
69.870325
70.370325
70.870325
71.370325
59.593621
60.093621
60.593621
61.093621
61.593621
62.093621
62.593621
63.093621
110.360622
110.860622
111.360622
111.860622
112.360622
112.860622
113.360622
113.860622
85.439717
85.939717
86.439717
86.939717
87.439717
87.939717
88.439717
88.939717
65.634651
66.134651
66.634651
67.134651
67.634651
68.134651
68.634651
69.134651
63.392870
63.892870
64.392870
64.892870
65.392870
65.892870
66.392870
66.892870
70.252223
70.752223
71.252223
71.752223
72.252223
72.752223
73.252223
73.752223
76.326677
76.826677
77.326677
77.826677
78.326677
78.826677
79.326677
79.826677
62.347063
62.847063
63.347063
63.847063
64.347063
64.847063
65.347063
65.847063
85.674157
86.174157
86.674157
87.174157
87.674157
88.174157
88.674157
89.174157
56.501862
57.001862
57.501862
58.001862
58.501862
59.001862
59.501862
60.001862
75.921482
76.421482
76.921482
77.421482
77.921482
78.421482
78.921482
79.421482
87.215834
87.715834
88.215834
88.715834
89.215834
89.715834
90.215834
90.715834
62.616759
63.116759
63.616759
64.116759
64.616759
65.116759
65.616759
66.116759
45.029539
45.529539
46.029539
46.529539
47.029539
47.529539
48.029539
48.529539
65.671590
66.171590
66.671590
67.171590
67.671590
68.171590
68.671590
69.171590
66.995783
67.495783
67.995783
68.495783
68.995783
69.495783
69.995783
70.495783
78.513789
79.013789
79.513789
80.013789
80.513789
81.013789
81.513789
82.013789
70.136126
70.636126
71.136126
71.636126
72.136126
72.636126
73.136126
73.636126
71.548179
72.048179
72.548179
73.048179
73.548179
74.048179
74.548179
75.048179
71.224553
71.724553
72.224553
72.724553
73.224553
73.724553
74.224553
74.724553
70.539248
71.039248
71.539248
72.039248
72.539248
73.039248
73.539248
74.039248
61.922701
62.422701
62.922701
63.422701
63.922701
64.422701
64.922701
65.422701
62.131228
62.631228
63.131228
63.631228
64.131228
64.631228
65.131228
65.631228
65.874572
66.374572
66.874572
67.374572
67.874572
68.374572
68.874572
69.374572
81.724174
82.224174
82.724174
83.224174
83.724174
84.224174
84.724174
85.224174
63.017765
63.517765
64.017765
64.517765
65.017765
65.517765
66.017765
66.517765
50.793342
51.293342
51.793342
52.293342
52.793342
53.293342
53.793342
54.293342
68.720160
69.220160
69.720160
70.220160
70.720160
71.220160
71.720160
72.220160
61.559522
62.059522
62.559522
63.059522
63.559522
64.059522
64.559522
65.059522
107.439424
107.939424
108.439424
108.939424
109.439424
109.939424
110.439424
110.939424
61.638455
62.138455
62.638455
63.138455
63.638455
64.138455
64.638455
65.138455
56.303286
56.803286
57.303286
57.803286
58.303286
58.803286
59.303286
59.803286
76.682872
77.182872
77.682872
78.182872
78.682872
79.182872
79.682872
80.182872
72.216349
72.716349
73.216349
73.716349
74.216349
74.716349
75.216349
75.716349
69.144030
69.644030
70.144030
70.644030
71.144030
71.644030
72.144030
72.644030
81.479058
81.979058
82.479058
82.979058
83.479058
83.979058
84.479058
84.979058
26.827043
27.327043
27.827043
28.327043
28.827043
29.327043
29.827043
30.327043
70.167161
70.667161
71.167161
71.667161
72.167161
72.667161
73.167161
73.667161
66.844798
67.344798
67.844798
68.344798
68.844798
69.344798
69.844798
70.344798
87.483484
87.983484
88.483484
88.983484
89.483484
89.983484
90.483484
90.983484
70.035496
70.535496
71.035496
71.535496
72.035496
72.535496
73.035496
73.535496
83.486370
83.986370
84.486370
84.986370
85.486370
85.986370
86.486370
86.986370
71.026309
71.526309
72.026309
72.526309
73.026309
73.526309
74.026309
74.526309
74.340255
74.840255
75.340255
75.840255
76.340255
76.840255
77.340255
77.840255
80.813090
81.313090
81.813090
82.313090
82.813090
83.313090
83.813090
84.313090
79.699589
80.199589
80.699589
81.199589
81.699589
82.199589
82.699589
83.199589
45.425622
45.925622
46.425622
46.925622
47.425622
47.925622
48.425622
48.925622
57.991434
58.491434
58.991434
59.491434
59.991434
60.491434
60.991434
61.491434
38.471252
38.971252
39.471252
39.971252
40.471252
40.971252
41.471252
41.971252
62.047039
62.547039
63.047039
63.547039
64.047039
64.547039
65.047039
65.547039
84.994212
85.494212
85.994212
86.494212
86.994212
87.494212
87.994212
88.494212
80.588505
81.088505
81.588505
82.088505
82.588505
83.088505
83.588505
84.088505
47.946852
48.446852
48.946852
49.446852
49.946852
50.446852
50.946852
51.446852
30.389647
30.889647
31.389647
31.889647
32.389647
32.889647
33.389647
33.889647
34.843380
35.343380
35.843380
36.343380
36.843380
37.343380
37.843380
38.343380
99.422874
99.922874
100.422874
100.922874
101.422874
101.922874
102.422874
102.922874
60.220542
60.720542
61.220542
61.720542
62.220542
62.720542
63.220542
63.720542
73.141847
73.641847
74.141847
74.641847
75.141847
75.641847
76.141847
76.641847
102.597920
103.097920
103.597920
104.097920
104.597920
105.097920
105.597920
106.097920
81.417164
81.917164
82.417164
82.917164
83.417164
83.917164
84.417164
84.917164
79.119043
79.619043
80.119043
80.619043
81.119043
81.619043
82.119043
82.619043
101.050883
101.550883
102.050883
102.550883
103.050883
103.550883
104.050883
104.550883
101.510893
102.010893
102.510893
103.010893
103.510893
104.010893
104.510893
105.010893
95.161408
95.661408
96.161408
96.661408
97.161408
97.661408
98.161408
98.661408
86.634810
87.134810
87.634810
88.134810
88.634810
89.134810
89.634810
90.134810
56.894935
57.394935
57.894935
58.394935
58.894935
59.394935
59.894935
60.394935
78.681172
79.181172
79.681172
80.181172
80.681172
81.181172
81.681172
82.181172
61.607545
62.107545
62.607545
63.107545
63.607545
64.107545
64.607545
65.107545
58.547934
59.047934
59.547934
60.047934
60.547934
61.047934
61.547934
62.047934
51.672360
52.172360
52.672360
53.172360
53.672360
54.172360
54.672360
55.172360
69.967706
70.467706
70.967706
71.467706
71.967706
72.467706
72.967706
73.467706
82.973298
83.473298
83.973298
84.473298
84.973298
85.473298
85.973298
86.473298
67.286383
67.786383
68.286383
68.786383
69.286383
69.786383
70.286383
70.786383
77.262080
77.762080
78.262080
78.762080
79.262080
79.762080
80.262080
80.762080
77.198402
77.698402
78.198402
78.698402
79.198402
79.698402
80.198402
80.698402
66.322852
66.822852
67.322852
67.822852
68.322852
68.822852
69.322852
69.822852
80.008486
80.508486
81.008486
81.508486
82.008486
82.508486
83.008486
83.508486
64.222413
64.722413
65.222413
65.722413
66.222413
66.722413
67.222413
67.722413
48.398101
48.898101
49.398101
49.898101
50.398101
50.898101
51.398101
51.898101
58.932062
59.432062
59.932062
60.432062
60.932062
61.432062
61.932062
62.432062
69.313070
69.813070
70.313070
70.813070
71.313070
71.813070
72.313070
72.813070
68.132901
68.632901
69.132901
69.632901
70.132901
70.632901
71.132901
71.632901
74.084680
74.584680
75.084680
75.584680
76.084680
76.584680
77.084680
77.584680
88.197966
88.697966
89.197966
89.697966
90.197966
90.697966
91.197966
91.697966
53.084825
53.584825
54.084825
54.584825
55.084825
55.584825
56.084825
56.584825
81.553649
82.053649
82.553649
83.053649
83.553649
84.053649
84.553649
85.053649
74.107078
74.607078
75.107078
75.607078
76.107078
76.607078
77.107078
77.607078
83.292021
83.792021
84.292021
84.792021
85.292021
85.792021
86.292021
86.792021
59.691143
60.191143
60.691143
61.191143
61.691143
62.191143
62.691143
63.191143
89.336451
89.836451
90.336451
90.836451
91.336451
91.836451
92.336451
92.836451
62.412733
62.912733
63.412733
63.912733
64.412733
64.912733
65.412733
65.912733
54.241554
54.741554
55.241554
55.741554
56.241554
56.741554
57.241554
57.741554
82.634037
83.134037
83.634037
84.134037
84.634037
85.134037
85.634037
86.134037
73.305041
73.805041
74.305041
74.805041
75.305041
75.805041
76.305041
76.805041
69.209480
69.709480
70.209480
70.709480
71.209480
71.709480
72.209480
72.709480
70.010280
70.510280
71.010280
71.510280
72.010280
72.510280
73.010280
73.510280
71.599210
72.099210
72.599210
73.099210
73.599210
74.099210
74.599210
75.099210
63.515811
64.015811
64.515811
65.015811
65.515811
66.015811
66.515811
67.015811
57.750238
58.250238
58.750238
59.250238
59.750238
60.250238
60.750238
61.250238
48.623765
49.123765
49.623765
50.123765
50.623765
51.123765
51.623765
52.123765
71.836145
72.336145
72.836145
73.336145
73.836145
74.336145
74.836145
75.336145
50.537858
51.037858
51.537858
52.037858
52.537858
53.037858
53.537858
54.037858
56.205333
56.705333
57.205333
57.705333
58.205333
58.705333
59.205333
59.705333
84.334981
84.834981
85.334981
85.834981
86.334981
86.834981
87.334981
87.834981
70.068162
70.568162
71.068162
71.568162
72.068162
72.568162
73.068162
73.568162
82.844628
83.344628
83.844628
84.344628
84.844628
85.344628
85.844628
86.344628
68.188938
68.688938
69.188938
69.688938
70.188938
70.688938
71.188938
71.688938
71.091614
71.591614
72.091614
72.591614
73.091614
73.591614
74.091614
74.591614
75.030909
75.530909
76.030909
76.530909
77.030909
77.530909
78.030909
78.530909
74.222216
74.722216
75.222216
75.722216
76.222216
76.722216
77.222216
77.722216
33.070144
33.570144
34.070144
34.570144
35.070144
35.570144
36.070144
36.570144
72.398647
72.898647
73.398647
73.898647
74.398647
74.898647
75.398647
75.898647
81.267569
81.767569
82.267569
82.767569
83.267569
83.767569
84.267569
84.767569
89.911386
90.411386
90.911386
91.411386
91.911386
92.411386
92.911386
93.411386
65.714796
66.214796
66.714796
67.214796
67.714796
68.214796
68.714796
69.214796
71.828545
72.328545
72.828545
73.328545
73.828545
74.328545
74.828545
75.328545
89.755584
90.255584
90.755584
91.255584
91.755584
92.255584
92.755584
93.255584
69.019680
69.519680
70.019680
70.519680
71.019680
71.519680
72.019680
72.519680
66.364628
66.864628
67.364628
67.864628
68.364628
68.864628
69.364628
69.864628
74.570821
75.070821
75.570821
76.070821
76.570821
77.070821
77.570821
78.070821
34.810379
35.310379
35.810379
36.310379
36.810379
37.310379
37.810379
38.310379
81.920512
82.420512
82.920512
83.420512
83.920512
84.420512
84.920512
85.420512
71.799164
72.299164
72.799164
73.299164
73.799164
74.299164
74.799164
75.299164
66.310785
66.810785
67.310785
67.810785
68.310785
68.810785
69.310785
69.810785
