0.208161 0.266764
0.205770 0.295239
0.204055 0.311528
0.203212 0.316519
0.204045 0.301420
0.204056 0.296254
0.202208 0.312462
0.200076 0.330338
0.199103 0.335599
0.198464 0.337298
0.197481 0.342119
0.195045 0.360116
0.192322 0.379828
0.191586 0.381780
0.190656 0.385229
0.188619 0.397849
0.186002 0.415163
0.183448 0.431962
0.182341 0.436591
0.180991 0.443263
0.178840 0.456847
0.176685 0.470925
0.174928 0.481965
0.173420 0.491109
0.172045 0.499327
0.170112 0.514045
0.168286 0.529399
0.166957 0.540329
0.165999 0.546958
0.165134 0.552779
0.163866 0.568114
0.162899 0.582869
0.162272 0.591787
0.161759 0.596299
0.161291 0.603497
0.161033 0.615667
0.161007 0.627188
0.160894 0.633269
0.160692 0.636756
0.160781 0.643803
0.161175 0.652906
0.161725 0.661597
0.161872 0.665725
0.161945 0.668849
0.162545 0.675521
0.163324 0.682542
0.164178 0.689184
0.164636 0.693014
0.165159 0.696896
0.166096 0.702532
0.167246 0.708663
0.168323 0.713945
0.168960 0.717030
0.169674 0.720250
0.171163 0.726248
0.172639 0.731740
0.173660 0.735276
0.174349 0.737464
0.175290 0.740396
0.177053 0.745840
0.178838 0.750929
0.180222 0.754534
0.181083 0.756471
0.182324 0.759356
0.184405 0.764422
0.186836 0.770131
0.187810 0.771723
0.188592 0.772750
0.190231 0.775899
0.192681 0.780879
0.194830 0.784894
0.195855 0.785996
0.197250 0.787900
0.199243 0.791102
0.201151 0.793932
0.203233 0.797006
0.204868 0.798918
0.206383 0.800423
0.208660 0.803565
0.211411 0.807606
0.213503 0.810022
0.215186 0.811457
0.217391 0.813918
0.220546 0.818349
0.224044 0.823330
0.226702 0.826418
0.228957 0.828648
0.231706 0.831829
0.235842 0.837647
0.239929 0.843152
0.243205 0.847060
0.246259 0.850584
0.249870 0.854991
0.254536 0.861055
0.259549 0.867462
0.263353 0.871872
0.267422 0.876595
0.272299 0.882335
0.277864 0.888793
0.283248 0.894768
0.288188 0.899997
0.293737 0.905739
0.299665 0.911669
0.306285 0.918050
0.312855 0.924046
0.319318 0.929658
0.326310 0.935425
0.333503 0.941066
0.341207 0.946742
0.349018 0.952159
0.356810 0.957174
0.365219 0.962250
0.374379 0.967404
0.383634 0.972174
0.392658 0.976425
0.401098 0.980044
0.410193 0.983637
0.419340 0.986938
0.429022 0.990116
0.438175 0.992815
0.447370 0.995267
0.456868 0.997558
0.465941 0.999527
0.474360 1.001155
0.483492 1.002793
0.492037 1.004176
0.500101 1.005373
0.507143 1.006343
0.515161 1.007452
0.523031 1.008441
0.529966 1.009365
0.536901 1.010222
0.543658 1.011177
0.550313 1.012075
0.555943 1.012995
0.560995 1.013804
0.566522 1.014859
0.571693 1.015861
0.576082 1.016904
0.581154 1.018096
0.586005 1.019404
0.590105 1.020667
0.594149 1.022026
0.598309 1.023530
0.602580 1.025206
0.606340 1.026856
0.609197 1.028326
0.612352 1.029993
0.615935 1.031941
0.619181 1.033888
0.622323 1.035912
0.625081 1.037882
0.627698 1.039885
0.630249 1.041956
0.632646 1.044049
0.634867 1.046182
0.636955 1.048222
0.638855 1.050329
0.640844 1.052464
0.643160 1.055035
0.645283 1.057455
0.646703 1.059533
0.648198 1.061615
0.649839 1.063994
0.651606 1.066435
0.653336 1.069012
0.654392 1.071014
0.655138 1.072811
0.656757 1.075396
0.657924 1.077706
0.659024 1.079875
0.659729 1.081767
0.660516 1.083646
0.661499 1.085916
0.662590 1.088238
0.663551 1.090577
0.664256 1.092493
0.665145 1.094742
0.665700 1.096575
0.666470 1.098723
0.666905 1.100418
0.667670 1.102618
0.668341 1.104708
0.668859 1.106583
0.669216 1.108214
0.670038 1.110618
0.670651 1.112703
0.671091 1.114539
0.671247 1.115817
0.671187 1.116778
0.671727 1.118765
0.672640 1.121550
0.672996 1.123299
0.672843 1.124022
0.673218 1.125888
0.673435 1.127241
0.673615 1.128700
0.673751 1.129846
0.674528 1.132644
0.674975 1.134578
