0.219393 0.159317
0.219419 0.164594
0.219490 0.169813
0.219605 0.175410
0.219825 0.181240
0.220044 0.186998
0.220173 0.192611
0.220313 0.198235
0.220544 0.204287
0.220840 0.210463
0.221151 0.216593
0.221377 0.222409
0.221612 0.228236
0.222062 0.234775
0.222555 0.241254
0.222991 0.247381
0.223394 0.253361
0.223848 0.259392
0.224559 0.265999
0.225300 0.272512
0.225984 0.278647
0.226718 0.284746
0.227589 0.291000
0.228592 0.297334
0.229714 0.303682
0.230717 0.309504
0.231756 0.315189
0.233032 0.321121
0.234600 0.327298
0.236345 0.333443
0.237672 0.338604
0.239055 0.343627
0.240893 0.349094
0.243209 0.354865
0.245468 0.360174
0.247307 0.364723
0.249237 0.369123
0.251923 0.374052
0.255126 0.379115
0.257988 0.383482
0.260606 0.387348
0.263301 0.391047
0.267089 0.395214
0.271355 0.399295
0.274931 0.402594
0.278505 0.405607
0.282273 0.408451
0.287145 0.411459
0.292250 0.414183
0.296863 0.416400
0.301372 0.418315
0.306379 0.420098
0.312710 0.421843
0.319273 0.423255
0.324397 0.424166
0.329889 0.424900
0.336837 0.425496
0.345035 0.425834
0.352997 0.425822
0.359134 0.425566
0.365486 0.425160
0.373299 0.424503
0.382971 0.423491
0.391862 0.422322
0.398620 0.421204
0.404662 0.420069
0.415305 0.418377
0.426939 0.416477
0.436243 0.414762
0.443315 0.413270
0.451670 0.411663
0.463812 0.409815
0.475116 0.408181
0.484822 0.406778
0.495089 0.405552
0.505091 0.404555
0.516700 0.403904
0.528828 0.403718
0.538876 0.403687
0.547799 0.403812
0.558719 0.404719
0.570774 0.406470
0.581381 0.408409
0.589790 0.410027
0.597622 0.411786
0.607358 0.414887
0.617818 0.419007
0.627069 0.423111
0.633885 0.426150
0.640835 0.429712
0.649046 0.434768
0.657577 0.440737
0.665008 0.446426
0.671023 0.451259
0.676710 0.456202
0.683660 0.463163
0.690220 0.470351
0.695839 0.476944
0.700775 0.483110
0.705906 0.490124
0.711198 0.498081
0.715964 0.505804
0.720380 0.513512
0.724284 0.520768
0.728197 0.528713
0.731974 0.537048
0.735442 0.545376
0.738635 0.553638
0.741563 0.561912
0.744268 0.570191
0.746863 0.579094
0.749106 0.587443
0.751046 0.595169
0.752823 0.603045
0.754481 0.611383
0.756023 0.620525
0.757290 0.629006
0.758375 0.637446
0.759254 0.645265
0.759991 0.653597
0.760561 0.661746
0.760982 0.669360
0.761265 0.677204
0.761383 0.685537
0.761426 0.692676
0.761333 0.700135
0.761109 0.707776
0.760694 0.716293
0.760353 0.722948
0.759879 0.729592
0.759313 0.736700
0.758627 0.743628
0.757984 0.749962
0.757219 0.756243
0.756341 0.763293
0.755220 0.771182
0.754304 0.777475
0.753208 0.784243
0.752010 0.791650
0.750917 0.797672
0.749838 0.803458
0.748562 0.810280
0.747293 0.816795
0.746094 0.822622
0.744978 0.827710
0.743730 0.833483
0.742201 0.840962
0.740819 0.847342
0.739649 0.852217
0.738407 0.857463
0.737182 0.862518
0.735863 0.868161
0.734543 0.873776
0.733255 0.879148
0.731964 0.884543
0.730702 0.889852
0.729357 0.895589
0.728077 0.901113
0.726812 0.906380
0.725835 0.909622
0.724753 0.913508
0.723503 0.919104
0.722269 0.924532
0.721227 0.928525
0.720222 0.932064
0.719301 0.935048
0.718138 0.940532
0.716924 0.946818
0.716076 0.949370
0.715141 0.953068
0.714171 0.957261
0.713136 0.962528
0.712128 0.967662
0.711297 0.970957
0.710505 0.973906
0.709744 0.976631
0.708880 0.981029
0.708141 0.983825
0.707317 0.988248
0.706604 0.991164
0.705807 0.995827
0.705159 0.998239
0.704507 1.000961
0.703834 1.004411
0.703139 1.008708
0.702609 1.009667
0.702035 1.011764
0.701446 1.014848
0.700795 1.019796
0.700134 1.026096
0.699637 1.027981
0.699248 1.026807
0.698752 1.029577
0.698178 1.036140
0.697728 1.038136
0.697259 1.041922
0.696804 1.045155
0.696352 1.049331
0.696025 1.047457
0.695657 1.048748
