1.390878
0.459744
1.241744
0.245705
1.193838
1.181218
0.742611
0.477717
0.390688
1.128007
1.025160
0.480754
0.185766
0.346062
0.161586
0.178314
0.762092
0.358678
0.131520
1.765133
1.135656
1.242931
0.870869
0.513383
0.332740
1.497115
1.505395
1.247349
0.247321
0.829633
0.886064
0.688588
0.370542
0.456896
0.620356
1.083203
1.421753
0.402511
0.436626
0.668114
0.585188
0.740380
1.033287
0.765508
0.416846
0.588421
0.472872
0.369575
1.018150
0.935347
0.163520
1.017002
0.276347
0.396800
1.242870
1.301163
1.449147
0.437338
1.082748
0.723717
0.580578
0.212388
0.926596
0.908760
0.252027
0.875250
1.433961
0.345589
1.372048
0.425921
0.470064
1.142959
0.219823
1.296798
0.602933
0.865094
0.386021
0.458933
0.815228
1.157847
0.108017
0.348345
1.060784
0.948492
0.410933
1.399354
0.873488
0.148647
1.176292
0.850134
0.146017
0.356212
0.732527
0.210005
0.984703
1.308560
1.244590
0.997187
0.435008
0.797246
1.112729
1.300105
1.135347
1.070674
1.073715
1.049208
0.503318
0.400130
0.435894
0.886224
0.924580
0.991418
1.041576
1.412041
0.957191
0.496362
1.520329
0.454271
0.471499
1.324695
1.497109
0.639582
0.216253
0.360302
0.641537
0.832801
0.174540
0.424224
0.566289
0.403972
0.598806
0.290583
0.600565
1.059961
0.605762
0.960269
0.347897
0.493075
0.590191
0.752771
0.463440
0.937571
0.349686
0.699858
1.391038
1.031940
0.584333
0.623058
0.638024
1.433962
0.837626
0.892580
0.184720
1.030859
0.982174
0.101947
0.736166
0.758293
0.735025
0.641938
0.448897
0.274309
0.201290
1.916624
0.485471
0.370490
0.870552
0.913552
0.353120
0.649735
1.058216
0.751827
0.270542
0.678200
0.927691
0.369857
1.387483
0.725495
0.677856
1.981068
0.991988
0.533682
0.422485
0.563240
1.061709
1.403051
0.389593
1.205705
0.951734
0.330644
1.140106
0.273420
0.969968
0.447960
0.605419
0.706703
1.171623
1.491525
0.307910
0.898651
0.407601
0.139635
1.211258
0.436025
1.136269
0.607034
0.151289
1.771708
0.422822
0.578108
1.578045
0.322575
0.265251
0.451978
0.559322
1.076038
0.431628
0.445257
1.232636
1.103168
0.452846
0.213995
0.483912
0.944569
0.370814
0.993927
0.548240
0.356946
0.380685
0.194384
0.902840
0.486834
1.375567
0.858416
0.852665
0.749966
0.208261
0.590700
0.795338
0.708092
0.538934
1.272352
1.584946
0.965846
1.403874
0.472798
0.517271
1.100346
1.157518
1.086293
0.408523
0.831284
0.658331
1.373670
1.441198
1.798035
1.106908
0.999180
0.742294
0.606121
0.434948
1.030523
0.589660
1.191555
1.131236
0.598914
0.369584
0.895249
0.548837
0.801782
0.617472
0.683862
1.410982
0.868276
0.116777
1.194587
0.301508
0.712690
0.959360
0.539316
0.159357
0.381119
0.827259
0.658590
1.184463
0.771478
1.559927
0.649933
0.952111
0.697600
0.156066
0.821988
0.596834
0.157329
0.941676
1.287147
1.151537
0.218657
1.341647
0.982026
