6.086588287353515625e+01
6.155745697021484375e+01
6.224903488159179688e+01
6.294060897827148438e+01
6.363218307495117188e+01
6.432375335693359375e+01
6.501533508300781250e+01
6.570690917968750000e+01
9.255277252197265625e+01
9.283454895019531250e+01
9.311633300781250000e+01
9.339811706542968750e+01
9.367989349365234375e+01
9.396166992187500000e+01
9.424345397949218750e+01
9.452523040771484375e+01
7.493806457519531250e+01
7.555953216552734375e+01
7.618099975585937500e+01
7.680246734619140625e+01
7.742393493652343750e+01
7.804540252685546875e+01
7.866687011718750000e+01
7.928833770751953125e+01
9.119406890869140625e+01
9.202905273437500000e+01
9.286402893066406250e+01
9.369901275634765625e+01
9.453399658203125000e+01
9.536898040771484375e+01
9.620396423339843750e+01
9.703894805908203125e+01
5.554933166503906250e+01
5.623007965087890625e+01
5.691083526611328125e+01
5.759158325195312500e+01
5.827233505249023438e+01
5.895308685302734375e+01
5.963383865356445312e+01
6.031459045410156250e+01
4.703559112548828125e+01
4.742161560058593750e+01
4.780764007568359375e+01
4.819366455078125000e+01
4.857968902587890625e+01
4.896570968627929688e+01
4.935173416137695312e+01
4.973775863647460938e+01
7.132495117187500000e+01
7.193038940429687500e+01
7.253582763671875000e+01
7.314125823974609375e+01
7.374669647216796875e+01
7.435212707519531250e+01
7.495756530761718750e+01
7.556299591064453125e+01
9.195080566406250000e+01
9.241017150878906250e+01
9.286953735351562500e+01
9.332890319824218750e+01
9.378826904296875000e+01
9.424763488769531250e+01
9.470700073242187500e+01
9.516636657714843750e+01
9.174367523193359375e+01
9.240401458740234375e+01
9.306434631347656250e+01
9.372468566894531250e+01
9.438502502441406250e+01
9.504536437988281250e+01
9.570570373535156250e+01
9.636604309082031250e+01
6.202640151977539062e+01
6.259464263916015625e+01
6.316288375854492188e+01
6.373112487792968750e+01
6.429936218261718750e+01
6.486760711669921875e+01
6.543584442138671875e+01
6.600408935546875000e+01
1.106155548095703125e+02
1.111264801025390625e+02
1.116373977661132812e+02
1.121483154296875000e+02
1.126592407226562500e+02
1.131701660156250000e+02
1.136810913085937500e+02
1.141920166015625000e+02
4.984817504882812500e+01
5.050712203979492188e+01
5.116606903076171875e+01
5.182501220703125000e+01
5.248395538330078125e+01
5.314290237426757812e+01
5.380184936523437500e+01
5.446079254150390625e+01
6.903216552734375000e+01
6.964347839355468750e+01
7.025479125976562500e+01
7.086611175537109375e+01
7.147742462158203125e+01
7.208873748779296875e+01
7.270005798339843750e+01
7.331137084960937500e+01
8.733268737792968750e+01
8.802481842041015625e+01
8.871694183349609375e+01
8.940907287597656250e+01
9.010119628906250000e+01
9.079331970214843750e+01
9.148545074462890625e+01
9.217758178710937500e+01
3.146030426025390625e+01
3.185334777832031250e+01
3.224639511108398438e+01
3.263943862915039062e+01
3.303248596191406250e+01
3.342552947998046875e+01
3.381857681274414062e+01
3.421162033081054688e+01
4.886862564086914062e+01
4.908779144287109375e+01
4.930695724487304688e+01
4.952612304687500000e+01
4.974528884887695312e+01
4.996445465087890625e+01
5.018362045288085938e+01
5.040278625488281250e+01
3.926914215087890625e+01
4.015555572509765625e+01
4.104196548461914062e+01
4.192837524414062500e+01
4.281478881835937500e+01
4.370119857788085938e+01
4.458760833740234375e+01
4.547402191162109375e+01
5.685218048095703125e+01
5.746448135375976562e+01
5.807678222656250000e+01
5.868908309936523438e+01
5.930138397216796875e+01
5.991368103027343750e+01
6.052598190307617188e+01
6.113828277587890625e+01
6.647704315185546875e+01
6.694390869140625000e+01
6.741077423095703125e+01
6.787764739990234375e+01
6.834451293945312500e+01
6.881138610839843750e+01
6.927825164794921875e+01
6.974512481689453125e+01
6.811983489990234375e+01
6.825839996337890625e+01
6.839695739746093750e+01
6.853552246093750000e+01
6.867408752441406250e+01
6.881265258789062500e+01
6.895121002197265625e+01
6.908977508544921875e+01
7.740066528320312500e+01
7.794908142089843750e+01
7.849750518798828125e+01
7.904592132568359375e+01
7.959434509277343750e+01
8.014276123046875000e+01
8.069118499755859375e+01
8.123960876464843750e+01
6.387272644042968750e+01
6.455721282958984375e+01
6.524170684814453125e+01
6.592619323730468750e+01
6.661067962646484375e+01
6.729516601562500000e+01
6.797966003417968750e+01
6.866414642333984375e+01
7.968042755126953125e+01
8.008454895019531250e+01
8.048867034912109375e+01
8.089279174804687500e+01
8.129691314697265625e+01
8.170104217529296875e+01
8.210516357421875000e+01
8.250928497314453125e+01
3.789759826660156250e+01
3.858206558227539062e+01
3.926652908325195312e+01
3.995099639892578125e+01
4.063546371459960938e+01
4.131993103027343750e+01
4.200439834594726562e+01
4.268886566162109375e+01
8.800889587402343750e+01
8.877544403076171875e+01
8.954199218750000000e+01
9.030853271484375000e+01
9.107508087158203125e+01
9.184162902832031250e+01
9.260817718505859375e+01
9.337472534179687500e+01
6.188799667358398438e+01
6.253141021728515625e+01
6.317481994628906250e+01
6.381823348999023438e+01
6.446164703369140625e+01
6.510505676269531250e+01
6.574847412109375000e+01
6.639188385009765625e+01
6.363117599487304688e+01
6.418858337402343750e+01
6.474599456787109375e+01
6.530340576171875000e+01
6.586080932617187500e+01
6.641822052001953125e+01
6.697563171386718750e+01
6.753304290771484375e+01
4.685509109497070312e+01
4.745497131347656250e+01
4.805484771728515625e+01
4.865472412109375000e+01
4.925460052490234375e+01
4.985447692871093750e+01
5.045435333251953125e+01
5.105422973632812500e+01
4.839822387695312500e+01
4.896520233154296875e+01
4.953217315673828125e+01
5.009915161132812500e+01
5.066612243652343750e+01
5.123310089111328125e+01
5.180007171630859375e+01
5.236705017089843750e+01
7.982275390625000000e+01
8.049913787841796875e+01
8.117552185058593750e+01
8.185191345214843750e+01
8.252829742431640625e+01
8.320468139648437500e+01
8.388107299804687500e+01
8.455745697021484375e+01
6.971578979492187500e+01
7.025689697265625000e+01
7.079799652099609375e+01
7.133909606933593750e+01
7.188020324707031250e+01
7.242130279541015625e+01
7.296240234375000000e+01
7.350350189208984375e+01
8.239044189453125000e+01
8.300308227539062500e+01
8.361573028564453125e+01
8.422837066650390625e+01
8.484101104736328125e+01
8.545365142822265625e+01
8.606629943847656250e+01
8.667893981933593750e+01
4.893573760986328125e+01
4.917254257202148438e+01
4.940934753417968750e+01
4.964615249633789062e+01
4.988295745849609375e+01
5.011976242065429688e+01
5.035656738281250000e+01
5.059336853027343750e+01
6.717773437500000000e+01
6.742382049560546875e+01
6.766989898681640625e+01
6.791598510742187500e+01
6.816207122802734375e+01
6.840814971923828125e+01
6.865423583984375000e+01
6.890032196044921875e+01
8.544686889648437500e+01
8.601158142089843750e+01
8.657629394531250000e+01
8.714100646972656250e+01
8.770571899414062500e+01
8.827043151855468750e+01
8.883514404296875000e+01
8.939985656738281250e+01
5.491899108886718750e+01
5.555303192138671875e+01
5.618707656860351562e+01
5.682112121582031250e+01
5.745516204833984375e+01
5.808920669555664062e+01
5.872325134277343750e+01
5.935729217529296875e+01
5.986529922485351562e+01
6.047420501708984375e+01
6.108311462402343750e+01
6.169202041625976562e+01
6.230092620849609375e+01
6.290983200073242188e+01
6.351873779296875000e+01
6.412764739990234375e+01
9.614364624023437500e+01
9.653437805175781250e+01
9.692510986328125000e+01
9.731584167480468750e+01
9.770657348632812500e+01
9.809730529785156250e+01
9.848803710937500000e+01
9.887876129150390625e+01
4.921906661987304688e+01
4.982163238525390625e+01
5.042420196533203125e+01
5.102676773071289062e+01
5.162933349609375000e+01
5.223190307617187500e+01
5.283446884155273438e+01
5.343703460693359375e+01
8.097268676757812500e+01
8.172094726562500000e+01
8.246920776367187500e+01
8.321746826171875000e+01
8.396572875976562500e+01
8.471398925781250000e+01
8.546224975585937500e+01
8.621051025390625000e+01
1.100047454833984375e+02
1.105985260009765625e+02
1.111923217773437500e+02
1.117861022949218750e+02
1.123798980712890625e+02
1.129736785888671875e+02
1.135674743652343750e+02
1.141612548828125000e+02
7.887868499755859375e+01
7.971808624267578125e+01
8.055748748779296875e+01
8.139688110351562500e+01
8.223628234863281250e+01
8.307568359375000000e+01
8.391508483886718750e+01
8.475448608398437500e+01
7.967927551269531250e+01
8.027607727050781250e+01
8.087287902832031250e+01
8.146967315673828125e+01
8.206647491455078125e+01
8.266327667236328125e+01
8.326007843017578125e+01
8.385687255859375000e+01
8.160592651367187500e+01
8.202416992187500000e+01
8.244242858886718750e+01
8.286067199707031250e+01
8.327893066406250000e+01
8.369717407226562500e+01
8.411542510986328125e+01
8.453367614746093750e+01
9.878266143798828125e+01
9.916093444824218750e+01
9.953920745849609375e+01
9.991748046875000000e+01
1.002957534790039062e+02
1.006740264892578125e+02
1.010522994995117188e+02
1.014305725097656250e+02
7.818970489501953125e+01
7.895500183105468750e+01
7.972029113769531250e+01
8.048558807373046875e+01
8.125088500976562500e+01
8.201618194580078125e+01
8.278147888183593750e+01
8.354676818847656250e+01
9.157257080078125000e+01
9.209819793701171875e+01
9.262382507324218750e+01
9.314944458007812500e+01
9.367507171630859375e+01
9.420069885253906250e+01
9.472631835937500000e+01
9.525194549560546875e+01
8.721398162841796875e+01
8.786052703857421875e+01
8.850708007812500000e+01
8.915362548828125000e+01
8.980017089843750000e+01
9.044672393798828125e+01
9.109326934814453125e+01
9.173982238769531250e+01
7.979369354248046875e+01
8.022041320800781250e+01
8.064712524414062500e+01
8.107384490966796875e+01
8.150056457519531250e+01
8.192728424072265625e+01
8.235400390625000000e+01
8.278072357177734375e+01
7.972674560546875000e+01
8.052781677246093750e+01
8.132888793945312500e+01
8.212996673583984375e+01
8.293103790283203125e+01
8.373210906982421875e+01
8.453318023681640625e+01
8.533425140380859375e+01
3.009264373779296875e+01
3.049829864501953125e+01
3.090395355224609375e+01
3.130960845947265625e+01
3.171526336669921875e+01
3.212091827392578125e+01
3.252656936645507812e+01
3.293222427368164062e+01
7.864671325683593750e+01
7.930906677246093750e+01
7.997141265869140625e+01
8.063376617431640625e+01
8.129611206054687500e+01
8.195846557617187500e+01
8.262081146240234375e+01
8.328316497802734375e+01
4.760362625122070312e+01
4.813942718505859375e+01
4.867522811889648438e+01
4.921102905273437500e+01
4.974682998657226562e+01
5.028263092041015625e+01
5.081843185424804688e+01
5.135423278808593750e+01
9.399955749511718750e+01
9.455058288574218750e+01
9.510160827636718750e+01
9.565263366699218750e+01
9.620365142822265625e+01
9.675467681884765625e+01
9.730569458007812500e+01
9.785671997070312500e+01
4.879739379882812500e+01
4.953902053833007812e+01
5.028064727783203125e+01
5.102227020263671875e+01
5.176389694213867188e+01
5.250552368164062500e+01
5.324714660644531250e+01
5.398876953125000000e+01
6.487432098388671875e+01
6.547754669189453125e+01
6.608077239990234375e+01
6.668399810791015625e+01
6.728722381591796875e+01
6.789044952392578125e+01
6.849367523193359375e+01
6.909690093994140625e+01
6.149617004394531250e+01
6.207437896728515625e+01
6.265259552001953125e+01
6.323080444335937500e+01
6.380902099609375000e+01
6.438722991943359375e+01
6.496544647216796875e+01
6.554365539550781250e+01
9.966490173339843750e+01
1.002428436279296875e+02
1.008207855224609375e+02
1.013987274169921875e+02
1.019766693115234375e+02
1.025546112060546875e+02
1.031325531005859375e+02
1.037104949951171875e+02
5.336425781250000000e+01
5.350646972656250000e+01
5.364868164062500000e+01
5.379089355468750000e+01
5.393310546875000000e+01
5.407531738281250000e+01
5.421752929687500000e+01
5.435973739624023438e+01
5.851750946044921875e+01
5.928075408935546875e+01
6.004399490356445312e+01
6.080724334716796875e+01
6.157048797607421875e+01
6.233373260498046875e+01
6.309697341918945312e+01
6.386021804809570312e+01
3.793673324584960938e+01
3.873089981079101562e+01
3.952506637573242188e+01
4.031923675537109375e+01
4.111340332031250000e+01
4.190756988525390625e+01
4.270173645019531250e+01
4.349590301513671875e+01
6.891590118408203125e+01
6.942317962646484375e+01
6.993045806884765625e+01
7.043772888183593750e+01
7.094500732421875000e+01
7.145228576660156250e+01
7.195956420898437500e+01
7.246684265136718750e+01
5.424751281738281250e+01
5.491787719726562500e+01
5.558823394775390625e+01
5.625859451293945312e+01
5.692895507812500000e+01
5.759931564331054688e+01
5.826967620849609375e+01
5.894003295898437500e+01
5.245706939697265625e+01
5.327238082885742188e+01
5.408769226074218750e+01
5.490300369262695312e+01
5.571831512451171875e+01
5.653363037109375000e+01
5.734894180297851562e+01
5.816425323486328125e+01
7.798018646240234375e+01
7.865201568603515625e+01
7.932384490966796875e+01
7.999567413330078125e+01
8.066750335693359375e+01
8.133932495117187500e+01
8.201115417480468750e+01
8.268298339843750000e+01
8.217258453369140625e+01
8.287090301513671875e+01
8.356921386718750000e+01
8.426753234863281250e+01
8.496585083007812500e+01
8.566416931152343750e+01
8.636248016357421875e+01
8.706079864501953125e+01
6.032164001464843750e+01
6.088108825683593750e+01
6.144052886962890625e+01
6.199997711181640625e+01
6.255941772460937500e+01
6.311886596679687500e+01
6.367830657958984375e+01
6.423775482177734375e+01
4.915813064575195312e+01
4.971875762939453125e+01
5.027938079833984375e+01
5.084000778198242188e+01
5.140063476562500000e+01
5.196125793457031250e+01
5.252188491821289062e+01
5.308251190185546875e+01
6.210005950927734375e+01
6.267428588867187500e+01
6.324851608276367188e+01
6.382274627685546875e+01
6.439698028564453125e+01
6.497120666503906250e+01
6.554544067382812500e+01
6.611966705322265625e+01
9.817192077636718750e+01
9.880825805664062500e+01
9.944458007812500000e+01
1.000809097290039062e+02
1.007172393798828125e+02
1.013535690307617188e+02
1.019898986816406250e+02
1.026262283325195312e+02
9.226393127441406250e+01
9.276518249511718750e+01
9.326643371582031250e+01
9.376768493652343750e+01
9.426894378662109375e+01
9.477019500732421875e+01
9.527144622802734375e+01
9.577269744873046875e+01
7.725376892089843750e+01
7.783031463623046875e+01
7.840686035156250000e+01
7.898340606689453125e+01
7.955995178222656250e+01
8.013649749755859375e+01
8.071305084228515625e+01
8.128959655761718750e+01
4.786333465576171875e+01
4.847723770141601562e+01
4.909114074707031250e+01
4.970503997802734375e+01
5.031893920898437500e+01
5.093284225463867188e+01
5.154674530029296875e+01
5.216064453125000000e+01
5.911616516113281250e+01
5.967591857910156250e+01
6.023567199707031250e+01
6.079542541503906250e+01
6.135517883300781250e+01
6.191493225097656250e+01
6.247468566894531250e+01
6.303444290161132812e+01
8.550981903076171875e+01
8.621732330322265625e+01
8.692482757568359375e+01
8.763233184814453125e+01
8.833983612060546875e+01
8.904734039306640625e+01
8.975485229492187500e+01
9.046235656738281250e+01
7.310366821289062500e+01
7.375728607177734375e+01
7.441091156005859375e+01
7.506453704833984375e+01
7.571816253662109375e+01
7.637178039550781250e+01
7.702540588378906250e+01
7.767903137207031250e+01
5.102498626708984375e+01
5.168145751953125000e+01
5.233792877197265625e+01
5.299439239501953125e+01
5.365086364746093750e+01
5.430733489990234375e+01
5.496380233764648438e+01
5.562026977539062500e+01
9.173957824707031250e+01
9.236593627929687500e+01
9.299229431152343750e+01
9.361865234375000000e+01
9.424501800537109375e+01
9.487137603759765625e+01
9.549773406982421875e+01
9.612409973144531250e+01
7.355986022949218750e+01
7.388014984130859375e+01
7.420043945312500000e+01
7.452072906494140625e+01
7.484101104736328125e+01
7.516130065917968750e+01
7.548159027099609375e+01
7.580187988281250000e+01
6.559499359130859375e+01
6.608238220214843750e+01
6.656977844238281250e+01
6.705716705322265625e+01
6.754455566406250000e+01
6.803195190429687500e+01
6.851934051513671875e+01
6.900673675537109375e+01
4.594107055664062500e+01
4.658250427246093750e+01
4.722394561767578125e+01
4.786538314819335938e+01
4.850682067871093750e+01
4.914826202392578125e+01
4.978969955444335938e+01
5.043113708496093750e+01
9.315003967285156250e+01
9.394396972656250000e+01
9.473789215087890625e+01
9.553181457519531250e+01
9.632574462890625000e+01
9.711966705322265625e+01
9.791358947753906250e+01
9.870751190185546875e+01
4.693510437011718750e+01
4.759812164306640625e+01
4.826114273071289062e+01
4.892416000366210938e+01
4.958718109130859375e+01
5.025019836425781250e+01
5.091321563720703125e+01
5.157623291015625000e+01
7.313836669921875000e+01
7.372975921630859375e+01
7.432114410400390625e+01
7.491252899169921875e+01
7.550392150878906250e+01
7.609530639648437500e+01
7.668669891357421875e+01
7.727808380126953125e+01
9.283681488037109375e+01
9.312400054931640625e+01
9.341119384765625000e+01
9.369837951660156250e+01
9.398557281494140625e+01
9.427276611328125000e+01
9.455995178222656250e+01
9.484713745117187500e+01
6.161498260498046875e+01
6.242457962036132812e+01
6.323417282104492188e+01
6.404376983642578125e+01
6.485336303710937500e+01
6.566296386718750000e+01
6.647255706787109375e+01
6.728215026855468750e+01
4.265639495849609375e+01
4.327469635009765625e+01
4.389300537109375000e+01
4.451131057739257812e+01
4.512961578369140625e+01
4.574792480468750000e+01
4.636623001098632812e+01
4.698453521728515625e+01
4.717423629760742188e+01
4.788253021240234375e+01
4.859082412719726562e+01
4.929911804199218750e+01
5.000740814208984375e+01
5.071570587158203125e+01
5.142399597167968750e+01
5.213228988647460938e+01
7.309739685058593750e+01
7.373931121826171875e+01
7.438122558593750000e+01
7.502314758300781250e+01
7.566506195068359375e+01
7.630697631835937500e+01
7.694889068603515625e+01
7.759081268310546875e+01
5.258641815185546875e+01
5.328607177734375000e+01
5.398571777343750000e+01
5.468537139892578125e+01
5.538502120971679688e+01
5.608467102050781250e+01
5.678432083129882812e+01
5.748397064208984375e+01
3.157953643798828125e+01
3.211724472045898438e+01
3.265494918823242188e+01
3.319265747070312500e+01
3.373036193847656250e+01
3.426807022094726562e+01
3.480577850341796875e+01
3.534348297119140625e+01
8.571308898925781250e+01
8.618309783935546875e+01
8.665310668945312500e+01
8.712311553955078125e+01
8.759312438964843750e+01
8.806314086914062500e+01
8.853314208984375000e+01
8.900315856933593750e+01
5.198365783691406250e+01
5.254395294189453125e+01
5.310424804687500000e+01
5.366455078125000000e+01
5.422484588623046875e+01
5.478514480590820312e+01
5.534544372558593750e+01
5.590573883056640625e+01
9.083313751220703125e+01
9.145381164550781250e+01
9.207449340820312500e+01
9.269517517089843750e+01
9.331584930419921875e+01
9.393653106689453125e+01
9.455720520019531250e+01
9.517788696289062500e+01
6.492381286621093750e+01
6.555513000488281250e+01
6.618645477294921875e+01
6.681777191162109375e+01
6.744908905029296875e+01
6.808040618896484375e+01
6.871172332763671875e+01
6.934304046630859375e+01
6.307835006713867188e+01
6.373983764648437500e+01
6.440132904052734375e+01
6.506282043457031250e+01
6.572431182861328125e+01
6.638579559326171875e+01
6.704728698730468750e+01
6.770877838134765625e+01
6.070050811767578125e+01
6.096290969848632812e+01
6.122531127929687500e+01
6.148771667480468750e+01
6.175011825561523438e+01
6.201251983642578125e+01
6.227492141723632812e+01
6.253732299804687500e+01
8.628817749023437500e+01
8.643054199218750000e+01
8.657290649414062500e+01
8.671527099609375000e+01
8.685763549804687500e+01
8.700000000000000000e+01
8.714235687255859375e+01
8.728472137451171875e+01
8.751365661621093750e+01
8.814730834960937500e+01
8.878096771240234375e+01
8.941462707519531250e+01
9.004827880859375000e+01
9.068193817138671875e+01
9.131559753417968750e+01
9.194924926757812500e+01
8.154516601562500000e+01
8.228212738037109375e+01
8.301908874511718750e+01
8.375605010986328125e+01
8.449301147460937500e+01
8.522996520996093750e+01
8.596692657470703125e+01
8.670388793945312500e+01
7.446554565429687500e+01
7.521221160888671875e+01
7.595887756347656250e+01
7.670554351806640625e+01
7.745220947265625000e+01
7.819887542724609375e+01
7.894554138183593750e+01
7.969220733642578125e+01
5.604355239868164062e+01
5.618577575683593750e+01
5.632799530029296875e+01
5.647021865844726562e+01
5.661244201660156250e+01
5.675466537475585938e+01
5.689688873291015625e+01
5.703910827636718750e+01
7.800056457519531250e+01
7.870721435546875000e+01
7.941386413574218750e+01
8.012052154541015625e+01
8.082717132568359375e+01
8.153382110595703125e+01
8.224047851562500000e+01
8.294712829589843750e+01
7.579530334472656250e+01
7.646949005126953125e+01
7.714367675781250000e+01
7.781786346435546875e+01
7.849204254150390625e+01
7.916622924804687500e+01
7.984041595458984375e+01
8.051460266113281250e+01
7.875106048583984375e+01
7.934521484375000000e+01
7.993937683105468750e+01
8.053353118896484375e+01
8.112768554687500000e+01
8.172184753417968750e+01
8.231600189208984375e+01
8.291016387939453125e+01
4.384524536132812500e+01
4.461236953735351562e+01
4.537949371337890625e+01
4.614661407470703125e+01
4.691373825073242188e+01
4.768086242675781250e+01
4.844797897338867188e+01
4.921510314941406250e+01
9.082560729980468750e+01
9.116662597656250000e+01
9.150763702392578125e+01
9.184864807128906250e+01
9.218966674804687500e+01
9.253068542480468750e+01
9.287169647216796875e+01
9.321270751953125000e+01
4.935176849365234375e+01
5.004991912841796875e+01
5.074807357788085938e+01
5.144622802734375000e+01
5.214437866210937500e+01
5.284252929687500000e+01
5.354068756103515625e+01
5.423883819580078125e+01
8.788275146484375000e+01
8.827684783935546875e+01
8.867094421386718750e+01
8.906504821777343750e+01
8.945915222167968750e+01
8.985324859619140625e+01
9.024735260009765625e+01
9.064144897460937500e+01
7.813011169433593750e+01
7.873014831542968750e+01
7.933018493652343750e+01
7.993022155761718750e+01
8.053025817871093750e+01
8.113030242919921875e+01
8.173033905029296875e+01
8.233037567138671875e+01
7.541291046142578125e+01
7.607233428955078125e+01
7.673175811767578125e+01
7.739118194580078125e+01
7.805060577392578125e+01
7.871002960205078125e+01
7.936944580078125000e+01
8.002886962890625000e+01
7.902834320068359375e+01
7.975126647949218750e+01
8.047418975830078125e+01
8.119711303710937500e+01
8.192003631591796875e+01
8.264295959472656250e+01
8.336588287353515625e+01
8.408881378173828125e+01
7.856333923339843750e+01
7.897354125976562500e+01
7.938374328613281250e+01
7.979394531250000000e+01
8.020414733886718750e+01
8.061434936523437500e+01
8.102455139160156250e+01
8.143475341796875000e+01
5.998733139038085938e+01
6.068882369995117188e+01
6.139031219482421875e+01
6.209180450439453125e+01
6.279329681396484375e+01
6.349478912353515625e+01
6.419628143310546875e+01
6.489776611328125000e+01
5.466092681884765625e+01
5.498236846923828125e+01
5.530381011962890625e+01
5.562525177001953125e+01
5.594669342041015625e+01
5.626813507080078125e+01
5.658957672119140625e+01
5.691101837158203125e+01
7.506875610351562500e+01
7.564109802246093750e+01
7.621343231201171875e+01
7.678577423095703125e+01
7.735810852050781250e+01
7.793045043945312500e+01
7.850278472900390625e+01
7.907511901855468750e+01
6.627077484130859375e+01
6.691743469238281250e+01
6.756409454345703125e+01
6.821075439453125000e+01
6.885742187500000000e+01
6.950408172607421875e+01
7.015074157714843750e+01
7.079740142822265625e+01
5.479861068725585938e+01
5.494188690185546875e+01
5.508515930175781250e+01
5.522843933105468750e+01
5.537171173095703125e+01
5.551498794555664062e+01
5.565826416015625000e+01
5.580154037475585938e+01
9.114045715332031250e+01
9.174530029296875000e+01
9.235015869140625000e+01
9.295500946044921875e+01
9.355986022949218750e+01
9.416471862792968750e+01
9.476956939697265625e+01
9.537442016601562500e+01
7.110131072998046875e+01
7.178187561035156250e+01
7.246244049072265625e+01
7.314300537109375000e+01
7.382357025146484375e+01
7.450413513183593750e+01
7.518470001220703125e+01
7.586526489257812500e+01
2.501587677001953125e+01
2.537802124023437500e+01
2.574016571044921875e+01
2.610231018066406250e+01
2.646445465087890625e+01
2.682660293579101562e+01
2.718874740600585938e+01
2.755089187622070312e+01
4.451351928710937500e+01
4.514485931396484375e+01
4.577619934082031250e+01
4.640753936767578125e+01
4.703887939453125000e+01
4.767021942138671875e+01
4.830155944824218750e+01
4.893289947509765625e+01
4.760668945312500000e+01
4.821025848388671875e+01
4.881382751464843750e+01
4.941739654541015625e+01
5.002096557617187500e+01
5.062453460693359375e+01
5.122810745239257812e+01
5.183167648315429688e+01
9.173429870605468750e+01
9.241892242431640625e+01
9.310354614257812500e+01
9.378817749023437500e+01
9.447280120849609375e+01
9.515742492675781250e+01
9.584204864501953125e+01
9.652667236328125000e+01
8.422505187988281250e+01
8.488136291503906250e+01
8.553768157958984375e+01
8.619399261474609375e+01
8.685030364990234375e+01
8.750662231445312500e+01
8.816293334960937500e+01
8.881924438476562500e+01
5.320840835571289062e+01
5.380698013305664062e+01
5.440554809570312500e+01
5.500411987304687500e+01
5.560269165039062500e+01
5.620126342773437500e+01
5.679983520507812500e+01
5.739840698242187500e+01
6.320463943481445312e+01
6.402713012695312500e+01
6.484962463378906250e+01
6.567212677001953125e+01
6.649461364746093750e+01
6.731710815429687500e+01
6.813960266113281250e+01
6.896209716796875000e+01
8.710650634765625000e+01
8.793858337402343750e+01
8.877066802978515625e+01
8.960274505615234375e+01
9.043482971191406250e+01
9.126690673828125000e+01
9.209898376464843750e+01
9.293106842041015625e+01
7.814338684082031250e+01
7.867945861816406250e+01
7.921553802490234375e+01
7.975161743164062500e+01
8.028769683837890625e+01
8.082377624511718750e+01
8.135985565185546875e+01
8.189593505859375000e+01
4.941778564453125000e+01
5.001913833618164062e+01
5.062049102783203125e+01
5.122183990478515625e+01
5.182318878173828125e+01
5.242454528808593750e+01
5.302589416503906250e+01
5.362724304199218750e+01
1.189550781250000000e+02
1.194577407836914062e+02
1.199604110717773438e+02
1.204630737304687500e+02
1.209657440185546875e+02
1.214684143066406250e+02
1.219710845947265625e+02
1.224737548828125000e+02
4.727272033691406250e+01
4.791450500488281250e+01
4.855629348754882812e+01
4.919808197021484375e+01
4.983986663818359375e+01
5.048165512084960938e+01
5.112344360351562500e+01
5.176522827148437500e+01
7.640023803710937500e+01
7.697506713867187500e+01
7.754988861083984375e+01
7.812471771240234375e+01
7.869954681396484375e+01
7.927437591552734375e+01
7.984920501708984375e+01
8.042402648925781250e+01
8.668292236328125000e+01
8.682536315917968750e+01
8.696781158447265625e+01
8.711026000976562500e+01
8.725270843505859375e+01
8.739515686035156250e+01
8.753759765625000000e+01
8.768005371093750000e+01
1.203364486694335938e+02
1.208677978515625000e+02
1.213991546630859375e+02
1.219305038452148438e+02
1.224618530273437500e+02
1.229932098388671875e+02
1.235245590209960938e+02
1.240559082031250000e+02
8.713810729980468750e+01
8.728073120117187500e+01
8.742336273193359375e+01
8.756598663330078125e+01
8.770861816406250000e+01
8.785124206542968750e+01
8.799386596679687500e+01
8.813649749755859375e+01
4.515459823608398438e+01
4.567037582397460938e+01
4.618615341186523438e+01
4.670193099975585938e+01
4.721770858764648438e+01
4.773348617553710938e+01
4.824926376342773438e+01
4.876504135131835938e+01
1.007384796142578125e+02
1.012941741943359375e+02
1.018498764038085938e+02
1.024055786132812500e+02
1.029612731933593750e+02
1.035169754028320312e+02
1.040726776123046875e+02
1.046283721923828125e+02
5.625495910644531250e+01
5.639860916137695312e+01
5.654225921630859375e+01
5.668590927124023438e+01
5.682955932617187500e+01
5.697320556640625000e+01
5.711685562133789062e+01
5.726050567626953125e+01
7.901496887207031250e+01
7.964677429199218750e+01
8.027858734130859375e+01
8.091040039062500000e+01
8.154220581054687500e+01
8.217401885986328125e+01
8.280583190917968750e+01
8.343763732910156250e+01
9.901564025878906250e+01
9.958512878417968750e+01
1.001546173095703125e+02
1.007241058349609375e+02
1.012935943603515625e+02
1.018630752563476562e+02
1.024325637817382812e+02
1.030020446777343750e+02
7.817333984375000000e+01
7.873570251464843750e+01
7.929805755615234375e+01
7.986041259765625000e+01
8.042277526855468750e+01
8.098513031005859375e+01
8.154748535156250000e+01
8.210984039306640625e+01
6.719682312011718750e+01
6.775808715820312500e+01
6.831935119628906250e+01
6.888061523437500000e+01
6.944187927246093750e+01
7.000314331054687500e+01
7.056440734863281250e+01
7.112567138671875000e+01
9.014395904541015625e+01
9.028680419921875000e+01
9.042964935302734375e+01
9.057249450683593750e+01
9.071533966064453125e+01
9.085818481445312500e+01
9.100102233886718750e+01
9.114387512207031250e+01
5.656056213378906250e+01
5.716884994506835938e+01
5.777713394165039062e+01
5.838542175292968750e+01
5.899370574951171875e+01
5.960199356079101562e+01
6.021028137207031250e+01
6.081856536865234375e+01
7.426544952392578125e+01
7.497009277343750000e+01
7.567474365234375000e+01
7.637939453125000000e+01
7.708403778076171875e+01
7.778868865966796875e+01
7.849333190917968750e+01
7.919798278808593750e+01
3.660036468505859375e+01
3.713007736206054688e+01
3.765979385375976562e+01
3.818950653076171875e+01
3.871921920776367188e+01
3.924893569946289062e+01
3.977864837646484375e+01
4.030836486816406250e+01
8.200238037109375000e+01
8.274580383300781250e+01
8.348922729492187500e+01
8.423265075683593750e+01
8.497607421875000000e+01
8.571950531005859375e+01
8.646292877197265625e+01
8.720635223388671875e+01
8.315000152587890625e+01
8.389488220214843750e+01
8.463975524902343750e+01
8.538462829589843750e+01
8.612950134277343750e+01
8.687437438964843750e+01
8.761925506591796875e+01
8.836412811279296875e+01
7.126965332031250000e+01
7.201405334472656250e+01
7.275846099853515625e+01
7.350286865234375000e+01
7.424726867675781250e+01
7.499167633056640625e+01
7.573608398437500000e+01
7.648048400878906250e+01
5.249884796142578125e+01
5.325270080566406250e+01
5.400655364990234375e+01
5.476040649414062500e+01
5.551426315307617188e+01
5.626811599731445312e+01
5.702197265625000000e+01
5.777582550048828125e+01
5.293562316894531250e+01
5.357415008544921875e+01
5.421268081665039062e+01
5.485121154785156250e+01
5.548973846435546875e+01
5.612826919555664062e+01
5.676679992675781250e+01
5.740533065795898438e+01
3.968159484863281250e+01
4.019507598876953125e+01
4.070855712890625000e+01
4.122203826904296875e+01
4.173551940917968750e+01
4.224900054931640625e+01
4.276248168945312500e+01
4.327596282958984375e+01
8.439033508300781250e+01
8.476500701904296875e+01
8.513967895507812500e+01
8.551435089111328125e+01
8.588902282714843750e+01
8.626369476318359375e+01
8.663836669921875000e+01
8.701304626464843750e+01
7.993894195556640625e+01
8.057629394531250000e+01
8.121364593505859375e+01
8.185099792480468750e+01
8.248834991455078125e+01
8.312570190429687500e+01
8.376305389404296875e+01
8.440040588378906250e+01
3.034724044799804688e+01
3.094226455688476562e+01
3.153728866577148438e+01
3.213231277465820312e+01
3.272733688354492188e+01
3.332236099243164062e+01
3.391738510131835938e+01
3.451240539550781250e+01
8.889612579345703125e+01
8.942053222656250000e+01
8.994493865966796875e+01
9.046934509277343750e+01
9.099375152587890625e+01
9.151815795898437500e+01
9.204255676269531250e+01
9.256696319580078125e+01
8.844790649414062500e+01
8.858972930908203125e+01
8.873154449462890625e+01
8.887336730957031250e+01
8.901518249511718750e+01
8.915699768066406250e+01
8.929881286621093750e+01
8.944063568115234375e+01
5.477309417724609375e+01
5.491571807861328125e+01
5.505834197998046875e+01
5.520096588134765625e+01
5.534358978271484375e+01
5.548621368408203125e+01
5.562883758544921875e+01
5.577146148681640625e+01
8.003274536132812500e+01
8.048026275634765625e+01
8.092778015136718750e+01
8.137529754638671875e+01
8.182280731201171875e+01
8.227032470703125000e+01
8.271784210205078125e+01
8.316535949707031250e+01
7.220896148681640625e+01
7.279304504394531250e+01
7.337712860107421875e+01
7.396121978759765625e+01
7.454530334472656250e+01
7.512939453125000000e+01
7.571347808837890625e+01
7.629756927490234375e+01
2.450694656372070312e+01
2.506776046752929688e+01
2.562857437133789062e+01
2.618938827514648438e+01
2.675020217895507812e+01
2.731101608276367188e+01
2.787182998657226562e+01
2.843264389038085938e+01
3.373660278320312500e+01
3.435545730590820312e+01
3.497431182861328125e+01
3.559316635131835938e+01
3.621202087402343750e+01
3.683087539672851562e+01
3.744972610473632812e+01
3.806858062744140625e+01
6.789516448974609375e+01
6.803410339355468750e+01
6.817304992675781250e+01
6.831198883056640625e+01
6.845092773437500000e+01
6.858987426757812500e+01
6.872881317138671875e+01
6.886775207519531250e+01
5.502289199829101562e+01
5.516629409790039062e+01
5.530969619750976562e+01
5.545309448242187500e+01
5.559649658203125000e+01
5.573989868164062500e+01
5.588330078125000000e+01
5.602670288085937500e+01
8.020230102539062500e+01
8.087248229980468750e+01
8.154267883300781250e+01
8.221286010742187500e+01
8.288304901123046875e+01
8.355323791503906250e+01
8.422342681884765625e+01
8.489361572265625000e+01
8.619094848632812500e+01
8.665151214599609375e+01
8.711207580566406250e+01
8.757263946533203125e+01
8.803320312500000000e+01
8.849377441406250000e+01
8.895433044433593750e+01
8.941490173339843750e+01
4.250467681884765625e+01
4.326320648193359375e+01
4.402173614501953125e+01
4.478026962280273438e+01
4.553880310058593750e+01
4.629733276367187500e+01
4.705585479736328125e+01
4.781438446044921875e+01
9.180324554443359375e+01
9.244571685791015625e+01
9.308818817138671875e+01
9.373065185546875000e+01
9.437312316894531250e+01
9.501559448242187500e+01
9.565806579589843750e+01
9.630053710937500000e+01
8.550898742675781250e+01
8.565131378173828125e+01
8.579364013671875000e+01
8.593597412109375000e+01
8.607830047607421875e+01
8.622062683105468750e+01
8.636295318603515625e+01
8.650527954101562500e+01
7.920785522460937500e+01
7.989768218994140625e+01
8.058750152587890625e+01
8.127732849121093750e+01
8.196714782714843750e+01
8.265696716308593750e+01
8.334679412841796875e+01
8.403661346435546875e+01
4.544744491577148438e+01
4.612409591674804688e+01
4.680074691772460938e+01
4.747739791870117188e+01
4.815404891967773438e+01
4.883069992065429688e+01
4.950735092163085938e+01
5.018400192260742188e+01
8.616294097900390625e+01
8.691369628906250000e+01
8.766445922851562500e+01
8.841521453857421875e+01
8.916596984863281250e+01
8.991673278808593750e+01
9.066749572753906250e+01
9.141825103759765625e+01
5.446237182617187500e+01
5.460585021972656250e+01
5.474932861328125000e+01
5.489280700683593750e+01
5.503628540039062500e+01
5.517976379394531250e+01
5.532324600219726562e+01
5.546672439575195312e+01
7.474320983886718750e+01
7.551285552978515625e+01
7.628250885009765625e+01
7.705216217041015625e+01
7.782181549072265625e+01
7.859146118164062500e+01
7.936111450195312500e+01
8.013076782226562500e+01
9.495372009277343750e+01
9.550370788574218750e+01
9.605369567871093750e+01
9.660368347167968750e+01
9.715367126464843750e+01
9.770365905761718750e+01
9.825363922119140625e+01
9.880362701416015625e+01
5.570493698120117188e+01
5.595816421508789062e+01
5.621139144897460938e+01
5.646461868286132812e+01
5.671784591674804688e+01
5.697107315063476562e+01
5.722430038452148438e+01
5.747752761840820312e+01
8.489439392089843750e+01
8.555965423583984375e+01
8.622491455078125000e+01
8.689017486572265625e+01
8.755543518066406250e+01
8.822068786621093750e+01
8.888594818115234375e+01
8.955120849609375000e+01
8.458084869384765625e+01
8.517411041259765625e+01
8.576737213134765625e+01
8.636064147949218750e+01
8.695390319824218750e+01
8.754716491699218750e+01
8.814042663574218750e+01
8.873368835449218750e+01
6.740946960449218750e+01
6.754846954345703125e+01
6.768747711181640625e+01
6.782647705078125000e+01
6.796547698974609375e+01
6.810448455810546875e+01
6.824348449707031250e+01
6.838248443603515625e+01
7.336228179931640625e+01
7.384002685546875000e+01
7.431776428222656250e+01
7.479550170898437500e+01
7.527324676513671875e+01
7.575098419189453125e+01
7.622872924804687500e+01
7.670646667480468750e+01
8.197557830810546875e+01
8.259850311279296875e+01
8.322142791748046875e+01
8.384435272216796875e+01
8.446727752685546875e+01
8.509020233154296875e+01
8.571312713623046875e+01
8.633605194091796875e+01
9.493373107910156250e+01
9.546701812744140625e+01
9.600030517578125000e+01
9.653359222412109375e+01
9.706687927246093750e+01
9.760017395019531250e+01
9.813345336914062500e+01
9.866674804687500000e+01
5.919123840332031250e+01
5.978921508789062500e+01
6.038719177246093750e+01
6.098516845703125000e+01
6.158314514160156250e+01
6.218112182617187500e+01
6.277909851074218750e+01
6.337707901000976562e+01
8.526490783691406250e+01
8.540711975097656250e+01
8.554933929443359375e+01
8.569155883789062500e+01
8.583377075195312500e+01
8.597599029541015625e+01
8.611820983886718750e+01
8.626042938232421875e+01
5.898441696166992188e+01
5.956804656982421875e+01
6.015167999267578125e+01
6.073530960083007812e+01
6.131893920898437500e+01
6.190257263183593750e+01
6.248620223999023438e+01
6.306983184814453125e+01
8.409286499023437500e+01
8.483795928955078125e+01
8.558305358886718750e+01
8.632814025878906250e+01
8.707323455810546875e+01
8.781832885742187500e+01
8.856341552734375000e+01
8.930850982666015625e+01
9.272242736816406250e+01
9.318339538574218750e+01
9.364436340332031250e+01
9.410533905029296875e+01
9.456631469726562500e+01
9.502728271484375000e+01
9.548825073242187500e+01
9.594922637939453125e+01
7.290328216552734375e+01
7.355368804931640625e+01
7.420408630371093750e+01
7.485449218750000000e+01
7.550489044189453125e+01
7.615529632568359375e+01
7.680569458007812500e+01
7.745610046386718750e+01
2.081890869140625000e+01
2.135334014892578125e+01
2.188776779174804688e+01
2.242219924926757812e+01
2.295662689208984375e+01
2.349105834960937500e+01
2.402548980712890625e+01
2.455991744995117188e+01
6.173017120361328125e+01
6.222458267211914062e+01
6.271899414062500000e+01
6.321340179443359375e+01
6.370781326293945312e+01
6.420222473144531250e+01
6.469663238525390625e+01
6.519104003906250000e+01
8.464154052734375000e+01
8.547036743164062500e+01
8.629919433593750000e+01
8.712802124023437500e+01
8.795685577392578125e+01
8.878568267822265625e+01
8.961450958251953125e+01
9.044333648681640625e+01
8.420172119140625000e+01
8.434414672851562500e+01
8.448657226562500000e+01
8.462899780273437500e+01
8.477142333984375000e+01
8.491384887695312500e+01
8.505627441406250000e+01
8.519869995117187500e+01
8.756237792968750000e+01
8.830540466308593750e+01
8.904842376708984375e+01
8.979144287109375000e+01
9.053446960449218750e+01
9.127748870849609375e+01
9.202051544189453125e+01
9.276353454589843750e+01
7.136720275878906250e+01
7.198689270019531250e+01
7.260657501220703125e+01
7.322625732421875000e+01
7.384593963623046875e+01
7.446562957763671875e+01
7.508531188964843750e+01
7.570499420166015625e+01
6.144996643066406250e+01
6.225092697143554688e+01
6.305188751220703125e+01
6.385284423828125000e+01
6.465380096435546875e+01
6.545476531982421875e+01
6.625572204589843750e+01
6.705667877197265625e+01
4.770190811157226562e+01
4.816489028930664062e+01
4.862787246704101562e+01
4.909085083007812500e+01
4.955383300781250000e+01
5.001681518554687500e+01
5.047979736328125000e+01
5.094277954101562500e+01
6.348235702514648438e+01
6.411600494384765625e+01
6.474965667724609375e+01
6.538330841064453125e+01
6.601696014404296875e+01
6.665060424804687500e+01
6.728425598144531250e+01
6.791790771484375000e+01
4.866842269897460938e+01
4.946619415283203125e+01
5.026396179199218750e+01
5.106172943115234375e+01
5.185949325561523438e+01
5.265726470947265625e+01
5.345503234863281250e+01
5.425279998779296875e+01
6.815708160400390625e+01
6.869624328613281250e+01
6.923540496826171875e+01
6.977456665039062500e+01
7.031372833251953125e+01
7.085289001464843750e+01
7.139205169677734375e+01
7.193121337890625000e+01
1.011143035888671875e+02
1.017379150390625000e+02
1.023615264892578125e+02
1.029851303100585938e+02
1.036087341308593750e+02
1.042323455810546875e+02
1.048559570312500000e+02
1.054795684814453125e+02
3.366611862182617188e+01
3.406446075439453125e+01
3.446280288696289062e+01
3.486114501953125000e+01
3.525948715209960938e+01
3.565782928466796875e+01
3.605617141723632812e+01
3.645451354980468750e+01
6.195687484741210938e+01
6.247267532348632812e+01
6.298847198486328125e+01
6.350427246093750000e+01
6.402007293701171875e+01
6.453587341308593750e+01
6.505167388916015625e+01
6.556747436523437500e+01
9.181298065185546875e+01
9.244465637207031250e+01
9.307633972167968750e+01
9.370801544189453125e+01
9.433969879150390625e+01
9.497137451171875000e+01
9.560305786132812500e+01
9.623473358154296875e+01
6.095282745361328125e+01
6.162567901611328125e+01
6.229852294921875000e+01
6.297137451171875000e+01
6.364421844482421875e+01
6.431707000732421875e+01
6.498992156982421875e+01
6.566276550292968750e+01
1.188927612304687500e+02
1.194561080932617188e+02
1.200194549560546875e+02
1.205828094482421875e+02
1.211461639404296875e+02
1.217095184326171875e+02
1.222728652954101562e+02
1.228362121582031250e+02
4.517354583740234375e+01
4.577564239501953125e+01
4.637774658203125000e+01
4.697985076904296875e+01
4.758195114135742188e+01
4.818405914306640625e+01
4.878615951538085938e+01
4.938825988769531250e+01
6.915555572509765625e+01
6.929503631591796875e+01
6.943451690673828125e+01
6.957398986816406250e+01
6.971347045898437500e+01
6.985295104980468750e+01
6.999243164062500000e+01
7.013190460205078125e+01
1.013824157714843750e+02
1.019072647094726562e+02
1.024321136474609375e+02
1.029569625854492188e+02
1.034818115234375000e+02
1.040066604614257812e+02
1.045315093994140625e+02
1.050563583374023438e+02
8.643087768554687500e+01
8.709148406982421875e+01
8.775209045410156250e+01
8.841268920898437500e+01
8.907328796386718750e+01
8.973389434814453125e+01
9.039450073242187500e+01
9.105509948730468750e+01
6.355537796020507812e+01
6.420406341552734375e+01
6.485275268554687500e+01
6.550143432617187500e+01
6.615012359619140625e+01
6.679880523681640625e+01
6.744749450683593750e+01
6.809617614746093750e+01
7.949763488769531250e+01
8.033176422119140625e+01
8.116589355468750000e+01
8.200001525878906250e+01
8.283414459228515625e+01
8.366826629638671875e+01
8.450239562988281250e+01
8.533651733398437500e+01
2.141875839233398438e+01
2.199878692626953125e+01
2.257881546020507812e+01
2.315884399414062500e+01
2.373887252807617188e+01
2.431890106201171875e+01
2.489892959594726562e+01
2.547895431518554688e+01
7.042306518554687500e+01
7.103157043457031250e+01
7.164007568359375000e+01
7.224858093261718750e+01
7.285708618164062500e+01
7.346558380126953125e+01
7.407408905029296875e+01
7.468259429931640625e+01
5.134767913818359375e+01
5.214978408813476562e+01
5.295188903808593750e+01
5.375399780273437500e+01
5.455610275268554688e+01
5.535820770263671875e+01
5.616031646728515625e+01
5.696242141723632812e+01
7.742365264892578125e+01
7.809490966796875000e+01
7.876616668701171875e+01
7.943742370605468750e+01
8.010868072509765625e+01
8.077993774414062500e+01
8.145119476318359375e+01
8.212245178222656250e+01
9.626919555664062500e+01
9.665473175048828125e+01
9.704026794433593750e+01
9.742580413818359375e+01
9.781134033203125000e+01
9.819686889648437500e+01
9.858240509033203125e+01
9.896794128417968750e+01
9.599938964843750000e+01
9.642171478271484375e+01
9.684403228759765625e+01
9.726635742187500000e+01
9.768867492675781250e+01
9.811100006103515625e+01
9.853332519531250000e+01
9.895564270019531250e+01
6.006573486328125000e+01
6.072166061401367188e+01
6.137758636474609375e+01
6.203351593017578125e+01
6.268944168090820312e+01
6.334536743164062500e+01
6.400129699707031250e+01
6.465722656250000000e+01
7.344680023193359375e+01
7.377767944335937500e+01
7.410855102539062500e+01
7.443943023681640625e+01
7.477030944824218750e+01
7.510118103027343750e+01
7.543206024169921875e+01
7.576293182373046875e+01
9.671670532226562500e+01
9.703431701660156250e+01
9.735192108154296875e+01
9.766953277587890625e+01
9.798713684082031250e+01
9.830474853515625000e+01
9.862236022949218750e+01
9.893997192382812500e+01
6.947605133056640625e+01
6.999805450439453125e+01
7.052005767822265625e+01
7.104206085205078125e+01
7.156405639648437500e+01
7.208605957031250000e+01
7.260806274414062500e+01
7.313006591796875000e+01
4.283274078369140625e+01
4.337677001953125000e+01
4.392079925537109375e+01
4.446482849121093750e+01
4.500886154174804688e+01
4.555289077758789062e+01
4.609692001342773438e+01
4.664095306396484375e+01
5.080797576904296875e+01
5.134381103515625000e+01
5.187965011596679688e+01
5.241548919677734375e+01
5.295132446289062500e+01
5.348715972900390625e+01
5.402299880981445312e+01
5.455883789062500000e+01
5.236452484130859375e+01
5.250698471069335938e+01
5.264944458007812500e+01
5.279190444946289062e+01
5.293436431884765625e+01
5.307682418823242188e+01
5.321928405761718750e+01
5.336174774169921875e+01
5.418025970458984375e+01
5.474594116210937500e+01
5.531162261962890625e+01
5.587730407714843750e+01
5.644297790527343750e+01
5.700865936279296875e+01
5.757434082031250000e+01
5.814002227783203125e+01
8.512453460693359375e+01
8.572489929199218750e+01
8.632525634765625000e+01
8.692562103271484375e+01
8.752598571777343750e+01
8.812635040283203125e+01
8.872671508789062500e+01
8.932707214355468750e+01
9.541902923583984375e+01
9.600873565673828125e+01
9.659844207763671875e+01
9.718814849853515625e+01
9.777786254882812500e+01
9.836756896972656250e+01
9.895727539062500000e+01
9.954698181152343750e+01
4.853159332275390625e+01
4.902408599853515625e+01
4.951657867431640625e+01
5.000907135009765625e+01
5.050156021118164062e+01
5.099405288696289062e+01
5.148654556274414062e+01
5.197903823852539062e+01
2.948874664306640625e+01
2.982302474975585938e+01
3.015730285644531250e+01
3.049158096313476562e+01
3.082585906982421875e+01
3.116013717651367188e+01
3.149441146850585938e+01
3.182868957519531250e+01
5.253392028808593750e+01
5.267578125000000000e+01
5.281764221191406250e+01
5.295950317382812500e+01
5.310136413574218750e+01
5.324322509765625000e+01
5.338508224487304688e+01
5.352694320678710938e+01
8.770491790771484375e+01
8.784669494628906250e+01
8.798847961425781250e+01
8.813025665283203125e+01
8.827204132080078125e+01
8.841381835937500000e+01
8.855560302734375000e+01
8.869738006591796875e+01
7.229982757568359375e+01
7.303112792968750000e+01
7.376242828369140625e+01
7.449372863769531250e+01
7.522502899169921875e+01
7.595632934570312500e+01
7.668762969970703125e+01
7.741893005371093750e+01
7.805078125000000000e+01
7.864427185058593750e+01
7.923775482177734375e+01
7.983124542236328125e+01
8.042473602294921875e+01
8.101821899414062500e+01
8.161170959472656250e+01
8.220520019531250000e+01
8.928282928466796875e+01
8.942520141601562500e+01
8.956758117675781250e+01
8.970996093750000000e+01
8.985234069824218750e+01
8.999472045898437500e+01
9.013710021972656250e+01
9.027947235107421875e+01
8.289585113525390625e+01
8.306025695800781250e+01
8.322466278076171875e+01
8.338906860351562500e+01
8.355347442626953125e+01
8.371788024902343750e+01
8.388229370117187500e+01
8.404669952392578125e+01
8.714973449707031250e+01
8.775087738037109375e+01
8.835202026367187500e+01
8.895315551757812500e+01
8.955429077148437500e+01
9.015543365478515625e+01
9.075657653808593750e+01
9.135771179199218750e+01
1.211085968017578125e+02
1.216008758544921875e+02
1.220931549072265625e+02
1.225854339599609375e+02
1.230777130126953125e+02
1.235699844360351562e+02
1.240622634887695312e+02
1.245545425415039062e+02
8.924697875976562500e+01
8.938954925537109375e+01
8.953211975097656250e+01
8.967468261718750000e+01
8.981725311279296875e+01
8.995982360839843750e+01
9.010238647460937500e+01
9.024495697021484375e+01
7.898650360107421875e+01
7.965941619873046875e+01
8.033233642578125000e+01
8.100524902343750000e+01
8.167816925048828125e+01
8.235108184814453125e+01
8.302400207519531250e+01
8.369691467285156250e+01
9.951813507080078125e+01
1.000084609985351562e+02
1.004987792968750000e+02
1.009891052246093750e+02
1.014794311523437500e+02
1.019697494506835938e+02
1.024600753784179688e+02
1.029503936767578125e+02
6.423487091064453125e+01
6.484703826904296875e+01
6.545920562744140625e+01
6.607137298583984375e+01
6.668354034423828125e+01
6.729570770263671875e+01
6.790787506103515625e+01
6.852004241943359375e+01
6.346171569824218750e+01
6.418546295166015625e+01
6.490920257568359375e+01
6.563294219970703125e+01
6.635668945312500000e+01
6.708042907714843750e+01
6.780417633056640625e+01
6.852791595458984375e+01
7.014327239990234375e+01
7.066810607910156250e+01
7.119293212890625000e+01
7.171776580810546875e+01
7.224259948730468750e+01
7.276742553710937500e+01
7.329225921630859375e+01
7.381709289550781250e+01
6.058110427856445312e+01
6.115391540527343750e+01
6.172673034667968750e+01
6.229954147338867188e+01
6.287235641479492188e+01
6.344516754150390625e+01
6.401798248291015625e+01
6.459078979492187500e+01
5.383211517333984375e+01
5.397577285766601562e+01
5.411942672729492188e+01
5.426308441162109375e+01
5.440673828125000000e+01
5.455039215087890625e+01
5.469404602050781250e+01
5.483770370483398438e+01
8.910182952880859375e+01
8.963168334960937500e+01
9.016154479980468750e+01
9.069140625000000000e+01
9.122126770019531250e+01
9.175112152099609375e+01
9.228098297119140625e+01
9.281083679199218750e+01
5.941698837280273438e+01
6.013002777099609375e+01
6.084306716918945312e+01
6.155610656738281250e+01
6.226914978027343750e+01
6.298218917846679688e+01
6.369522857666015625e+01
6.440827178955078125e+01
4.578297424316406250e+01
4.649935913085937500e+01
4.721574401855468750e+01
4.793212509155273438e+01
4.864850616455078125e+01
4.936489105224609375e+01
5.008127593994140625e+01
5.079766082763671875e+01
6.574822998046875000e+01
6.602304077148437500e+01
6.629785156250000000e+01
6.657266235351562500e+01
6.684747314453125000e+01
6.712229156494140625e+01
6.739710235595703125e+01
6.767191314697265625e+01
1.009685058593750000e+02
1.014431991577148438e+02
1.019178848266601562e+02
1.023925781250000000e+02
1.028672637939453125e+02
1.033419494628906250e+02
1.038166427612304688e+02
1.042913360595703125e+02
6.423668670654296875e+01
6.490415191650390625e+01
6.557160949707031250e+01
6.623907470703125000e+01
6.690653991699218750e+01
6.757399749755859375e+01
6.824146270751953125e+01
6.890892028808593750e+01
7.002099609375000000e+01
7.070951843261718750e+01
7.139804077148437500e+01
7.208657073974609375e+01
7.277509307861328125e+01
7.346361541748046875e+01
7.415213775634765625e+01
7.484066772460937500e+01
6.336462783813476562e+01
6.412124633789062500e+01
6.487786102294921875e+01
6.563447570800781250e+01
6.639109802246093750e+01
6.714771270751953125e+01
6.790432739257812500e+01
6.866094970703125000e+01
6.296789169311523438e+01
6.310885238647460938e+01
6.324981307983398438e+01
6.339077377319335938e+01
6.353173446655273438e+01
6.367269515991210938e+01
6.381365585327148438e+01
6.395461654663085938e+01
6.594733428955078125e+01
6.608702087402343750e+01
6.622671508789062500e+01
6.636640167236328125e+01
6.650609588623046875e+01
6.664578247070312500e+01
6.678547668457031250e+01
6.692516326904296875e+01
5.541752624511718750e+01
5.618189620971679688e+01
5.694626617431640625e+01
5.771063232421875000e+01
5.847500228881835938e+01
5.923937225341796875e+01
6.000373840332031250e+01
6.076810836791992188e+01
5.641971588134765625e+01
5.710389709472656250e+01
5.778807449340820312e+01
5.847225189208984375e+01
5.915642929077148438e+01
5.984060668945312500e+01
6.052478408813476562e+01
6.120896148681640625e+01
8.345632171630859375e+01
8.425776672363281250e+01
8.505921936035156250e+01
8.586066436767578125e+01
8.666210937500000000e+01
8.746356201171875000e+01
8.826500701904296875e+01
8.906645202636718750e+01
1.125093231201171875e+02
1.130571899414062500e+02
1.136050643920898438e+02
1.141529388427734375e+02
1.147008056640625000e+02
1.152486724853515625e+02
1.157965469360351562e+02
1.163444213867187500e+02
6.216193389892578125e+01
6.267049789428710938e+01
6.317906188964843750e+01
6.368762588500976562e+01
6.419618988037109375e+01
6.470475006103515625e+01
6.521331787109375000e+01
6.572187805175781250e+01
7.904331970214843750e+01
7.973499298095703125e+01
8.042667388916015625e+01
8.111835479736328125e+01
8.181002807617187500e+01
8.250170898437500000e+01
8.319338989257812500e+01
8.388506317138671875e+01
6.250880050659179688e+01
6.318872451782226562e+01
6.386864852905273438e+01
6.454857635498046875e+01
6.522850036621093750e+01
6.590842437744140625e+01
6.658834838867187500e+01
6.726827239990234375e+01
6.791223907470703125e+01
6.843559265136718750e+01
6.895893859863281250e+01
6.948229217529296875e+01
7.000564575195312500e+01
7.052899932861328125e+01
7.105235290527343750e+01
7.157569885253906250e+01
6.450728607177734375e+01
6.509967803955078125e+01
6.569207763671875000e+01
6.628446960449218750e+01
6.687686157226562500e+01
6.746926116943359375e+01
6.806165313720703125e+01
6.865404510498046875e+01
8.601491546630859375e+01
8.664073181152343750e+01
8.726654815673828125e+01
8.789236450195312500e+01
8.851817321777343750e+01
8.914398956298828125e+01
8.976980590820312500e+01
9.039562225341796875e+01
7.382746124267578125e+01
7.455841064453125000e+01
7.528936004638671875e+01
7.602030944824218750e+01
7.675125885009765625e+01
7.748220825195312500e+01
7.821315765380859375e+01
7.894410705566406250e+01
5.512447357177734375e+01
5.526754760742187500e+01
5.541062927246093750e+01
5.555370712280273438e+01
5.569678497314453125e+01
5.583986282348632812e+01
5.598294067382812500e+01
5.612601852416992188e+01
7.547248840332031250e+01
7.607812500000000000e+01
7.668376159667968750e+01
7.728939819335937500e+01
7.789504241943359375e+01
7.850067901611328125e+01
7.910631561279296875e+01
7.971195220947265625e+01
7.288237762451171875e+01
7.367823791503906250e+01
7.447409820556640625e+01
7.526995849609375000e+01
7.606581878662109375e+01
7.686167907714843750e+01
7.765753936767578125e+01
7.845339965820312500e+01
8.456647491455078125e+01
8.527250671386718750e+01
8.597853088378906250e+01
8.668455505371093750e+01
8.739057922363281250e+01
8.809660339355468750e+01
8.880262756347656250e+01
8.950865936279296875e+01
8.251791381835937500e+01
8.327015686035156250e+01
8.402239990234375000e+01
8.477464294433593750e+01
8.552688598632812500e+01
8.627912902832031250e+01
8.703137207031250000e+01
8.778361511230468750e+01
6.371827697753906250e+01
6.427384948730468750e+01
6.482941436767578125e+01
6.538498687744140625e+01
6.594055938720703125e+01
6.649613189697265625e+01
6.705169677734375000e+01
6.760726928710937500e+01
4.274358367919921875e+01
4.329481506347656250e+01
4.384605026245117188e+01
4.439728546142578125e+01
4.494852447509765625e+01
4.549975585937500000e+01
4.605099487304687500e+01
4.660222625732421875e+01
7.124140930175781250e+01
7.197114562988281250e+01
7.270088958740234375e+01
7.343063354492187500e+01
7.416037750244140625e+01
7.489012145996093750e+01
7.561986541748046875e+01
7.634960937500000000e+01
5.567218399047851562e+01
5.581420516967773438e+01
5.595622634887695312e+01
5.609824752807617188e+01
5.624026870727539062e+01
5.638228988647460938e+01
5.652431106567382812e+01
5.666633224487304688e+01
9.168165588378906250e+01
9.227954864501953125e+01
9.287744140625000000e+01
9.347533416748046875e+01
9.407322692871093750e+01
9.467112731933593750e+01
9.526901245117187500e+01
9.586691284179687500e+01
3.965389633178710938e+01
4.037980651855468750e+01
4.110571289062500000e+01
4.183161926269531250e+01
4.255752944946289062e+01
4.328343582153320312e+01
4.400934600830078125e+01
4.473525238037109375e+01
5.275630187988281250e+01
5.344780731201171875e+01
5.413930892944335938e+01
5.483081054687500000e+01
5.552231597900390625e+01
5.621381759643554688e+01
5.690532302856445312e+01
5.759682464599609375e+01
1.059688568115234375e+02
1.065169677734375000e+02
1.070650711059570312e+02
1.076131744384765625e+02
1.081612854003906250e+02
1.087093963623046875e+02
1.092574996948242188e+02
1.098056030273437500e+02
3.431764602661132812e+01
3.478702163696289062e+01
3.525639343261718750e+01
3.572576904296875000e+01
3.619514465332031250e+01
3.666451644897460938e+01
3.713389205932617188e+01
3.760326385498046875e+01
1.006395111083984375e+02
1.012451705932617188e+02
1.018508300781250000e+02
1.024564971923828125e+02
1.030621566772460938e+02
1.036678161621093750e+02
1.042734832763671875e+02
1.048791427612304688e+02
8.212538146972656250e+01
8.261224365234375000e+01
8.309909820556640625e+01
8.358596038818359375e+01
8.407281494140625000e+01
8.455967712402343750e+01
8.504653167724609375e+01
8.553339385986328125e+01
7.931967926025390625e+01
7.965542602539062500e+01
7.999117279052734375e+01
8.032692718505859375e+01
8.066267395019531250e+01
8.099842071533203125e+01
8.133416748046875000e+01
8.166992187500000000e+01
6.966351318359375000e+01
7.030982208251953125e+01
7.095613098144531250e+01
7.160243225097656250e+01
7.224874114990234375e+01
7.289505004882812500e+01
7.354135894775390625e+01
7.418766784667968750e+01
7.309259033203125000e+01
7.370603942871093750e+01
7.431948089599609375e+01
7.493292236328125000e+01
7.554637145996093750e+01
7.615981292724609375e+01
7.677325439453125000e+01
7.738670349121093750e+01
1.830774688720703125e+01
1.875538635253906250e+01
1.920302581787109375e+01
1.965066528320312500e+01
2.009830474853515625e+01
2.054594421386718750e+01
2.099358367919921875e+01
2.144122314453125000e+01
8.484947204589843750e+01
8.555294036865234375e+01
8.625640869140625000e+01
8.695986938476562500e+01
8.766333770751953125e+01
8.836680603027343750e+01
8.907026672363281250e+01
8.977372741699218750e+01
7.939514923095703125e+01
8.007897186279296875e+01
8.076279449462890625e+01
8.144661712646484375e+01
8.213043975830078125e+01
8.281426239013671875e+01
8.349808502197265625e+01
8.418190765380859375e+01
8.302990722656250000e+01
8.316988372802734375e+01
8.330986022949218750e+01
8.344982910156250000e+01
8.358980560302734375e+01
8.372978210449218750e+01
8.386975097656250000e+01
8.400972747802734375e+01
4.434861755371093750e+01
4.487457656860351562e+01
4.540053558349609375e+01
4.592649078369140625e+01
4.645244979858398438e+01
4.697840881347656250e+01
4.750436401367187500e+01
4.803031921386718750e+01
7.748951721191406250e+01
7.785988616943359375e+01
7.823025512695312500e+01
7.860061645507812500e+01
7.897098541259765625e+01
7.934135437011718750e+01
7.971171569824218750e+01
8.008208465576171875e+01
1.104075927734375000e+02
1.109052124023437500e+02
1.114028320312500000e+02
1.119004516601562500e+02
1.123980712890625000e+02
1.128956909179687500e+02
1.133933105468750000e+02
1.138909301757812500e+02
8.948822784423828125e+01
9.027962493896484375e+01
9.107102966308593750e+01
9.186242675781250000e+01
9.265382385253906250e+01
9.344522857666015625e+01
9.423662567138671875e+01
9.502803039550781250e+01
7.940266418457031250e+01
8.008855438232421875e+01
8.077445220947265625e+01
8.146034240722656250e+01
8.214624023437500000e+01
8.283213806152343750e+01
8.351802825927734375e+01
8.420392608642578125e+01
4.740253829956054688e+01
4.792559432983398438e+01
4.844865036010742188e+01
4.897170639038085938e+01
4.949476242065429688e+01
5.001782226562500000e+01
5.054087829589843750e+01
5.106393432617187500e+01
5.151510620117187500e+01
5.165792846679687500e+01
5.180075454711914062e+01
5.194358062744140625e+01
5.208640289306640625e+01
5.222922515869140625e+01
5.237205123901367188e+01
5.251487731933593750e+01
7.769596862792968750e+01
7.848407745361328125e+01
7.927218627929687500e+01
8.006030273437500000e+01
8.084841156005859375e+01
8.163652038574218750e+01
8.242463684082031250e+01
8.321274566650390625e+01
5.639931869506835938e+01
5.714915084838867188e+01
5.789898300170898438e+01
5.864881896972656250e+01
5.939865112304687500e+01
6.014848327636718750e+01
6.089831542968750000e+01
6.164814758300781250e+01
8.146420288085937500e+01
8.194680786132812500e+01
8.242942047119140625e+01
8.291202545166015625e+01
8.339463806152343750e+01
8.387724304199218750e+01
8.435984802246093750e+01
8.484246063232421875e+01
