0.217098 0.340233
0.217043 0.348399
0.216920 0.355157
0.216720 0.360714
0.216382 0.364097
0.216082 0.368348
0.215904 0.375263
0.215735 0.382291
0.215460 0.387752
0.215148 0.392793
0.214843 0.398204
0.214635 0.405191
0.214441 0.412253
0.214086 0.417290
0.213733 0.422487
0.213462 0.428731
0.213233 0.435416
0.213011 0.441986
0.212662 0.447261
0.212330 0.452707
0.212090 0.458872
0.211873 0.465050
0.211634 0.470878
0.211388 0.476479
0.211146 0.481954
0.211033 0.488093
0.210972 0.494276
0.210877 0.499958
0.210735 0.505136
0.210610 0.510182
0.210741 0.516290
0.210938 0.522333
0.211051 0.527646
0.211086 0.532369
0.211254 0.537396
0.211660 0.543017
0.212139 0.548553
0.212485 0.553299
0.212774 0.557590
0.213288 0.562355
0.213990 0.567395
0.214769 0.572311
0.215374 0.576459
0.215983 0.580377
0.216886 0.584814
0.217906 0.589256
0.218996 0.593581
0.219961 0.597357
0.221002 0.601080
0.222271 0.605052
0.223678 0.609059
0.225108 0.612855
0.226412 0.616185
0.227801 0.619483
0.229570 0.623247
0.231390 0.626866
0.233086 0.630054
0.234707 0.632926
0.236490 0.635893
0.238680 0.639320
0.240941 0.642609
0.243106 0.645568
0.245119 0.648162
0.247352 0.650885
0.250011 0.654033
0.252889 0.657300
0.255220 0.659654
0.257531 0.661875
0.260274 0.664526
0.263439 0.667557
0.266542 0.670389
0.269220 0.672553
0.272118 0.674907
0.275335 0.677562
0.278571 0.680151
0.281933 0.682823
0.285147 0.685257
0.288347 0.687628
0.291906 0.690448
0.295694 0.693553
0.299219 0.696320
0.302580 0.698915
0.306164 0.701819
0.310132 0.705355
0.314229 0.709148
0.317963 0.712502
0.321510 0.715695
0.325224 0.719214
0.329463 0.723644
0.333656 0.728042
0.337492 0.732015
0.341225 0.735971
0.345148 0.740203
0.349469 0.745026
0.353931 0.750015
0.357903 0.754349
0.361998 0.758807
0.366423 0.763597
0.371142 0.768611
0.375843 0.773462
0.380387 0.777997
0.385237 0.782676
0.390292 0.787366
0.395679 0.792144
0.401136 0.796748
0.406581 0.801123
0.412349 0.805505
0.418219 0.809741
0.424407 0.813939
0.430659 0.817946
0.437021 0.821767
0.443657 0.825525
0.450626 0.829247
0.457681 0.832781
0.464684 0.836083
0.471501 0.839113
0.478585 0.842103
0.485693 0.844963
0.492997 0.847778
0.500098 0.850403
0.507195 0.852946
0.514370 0.855460
0.521353 0.857867
0.528068 0.860154
0.534968 0.862528
0.541605 0.864831
0.548006 0.867096
0.553975 0.869265
0.560157 0.871619
0.566271 0.874023
0.571889 0.876375
0.577482 0.878812
0.582824 0.881323
0.588101 0.883916
0.592823 0.886457
0.597310 0.888996
0.601760 0.891726
0.606041 0.894499
0.609864 0.897221
0.613866 0.900192
0.617640 0.903225
0.621041 0.906197
0.624311 0.909253
0.627510 0.912434
0.630638 0.915749
0.633495 0.919024
0.635951 0.922131
0.638416 0.925398
0.640934 0.928879
0.643255 0.932341
0.645464 0.935847
0.647470 0.939296
0.649361 0.942758
0.651164 0.946258
0.652853 0.949760
0.654401 0.953241
0.655905 0.956720
0.657242 0.960157
0.658614 0.963680
0.659992 0.967409
0.661321 0.971096
0.662327 0.974458
0.663375 0.977886
0.664383 0.981423
0.665453 0.985065
0.666453 0.988730
0.667206 0.992001
0.667808 0.995082
0.668719 0.998743
0.669411 1.002127
0.670109 1.005473
0.670609 1.008544
0.671168 1.011665
0.671722 1.014944
0.672345 1.018310
0.672861 1.021589
0.673329 1.024647
0.673818 1.027863
0.674188 1.030788
0.674615 1.033894
0.674923 1.036688
0.675327 1.039779
0.675691 1.042777
0.675997 1.045616
0.676243 1.048280
0.676631 1.051404
0.676945 1.054305
0.677195 1.057021
0.677349 1.059394
0.677428 1.061524
0.677693 1.064280
0.678069 1.067471
0.678263 1.070015
0.678292 1.071930
0.678460 1.074464
0.678622 1.076753
0.678722 1.079005
0.678853 1.081139
0.679129 1.084122
0.679347 1.086648
