0.324363
-0.573482
0.217475
0.512803
0.308589
-0.258709
0.191339
-0.084761
0.278144
0.127937
0.021611
0.276032
0.201006
0.325161
-0.240683
-0.824780
0.572573
0.202614
-0.068559
-1.283280
0.092433
0.314064
-0.212889
0.314032
0.427287
0.252178
0.108692
0.182117
0.125707
0.302156
0.078999
0.203173
-0.747371
-0.708938
0.121708
0.237510
0.197057
-0.246589
0.186591
0.403142
0.171914
0.518080
0.176974
-0.178527
-0.278994
0.425654
0.049980
0.257039
-0.158484
0.471343
-0.209107
0.281186
0.069155
0.097168
0.394236
0.187683
0.145334
0.144866
-1.257295
0.422969
0.462686
0.014450
0.293207
0.488963
0.295395
0.334064
0.112336
0.114445
0.138422
0.241107
0.002502
0.142449
0.205226
0.112888
0.347137
0.267924
0.272267
0.225317
-0.445384
-0.025540
0.249105
0.462380
0.282195
0.167864
-0.554464
0.481927
0.212376
0.348250
0.249850
0.335973
0.072706
-0.061855
0.113860
0.216205
0.233202
0.279886
-0.644728
-1.256229
0.236899
0.387927
0.401010
-1.257216
0.345931
0.298896
0.172537
0.428039
-0.382683
0.333830
-0.238001
0.182385
0.276756
0.368695
-0.197958
0.338600
-0.441791
0.135121
0.257214
-1.249839
0.190376
0.308314
-0.322563
0.233236
0.188254
0.314264
0.272030
0.179938
0.497732
0.509320
0.069674
0.184571
0.005322
0.249648
0.139462
-1.255636
0.060815
-1.254374
0.031068
0.105621
-1.247234
0.233981
0.130126
0.117529
0.115584
-1.252848
0.196038
0.343090
0.057729
0.396660
0.398608
0.397977
0.410591
0.244560
0.026605
-0.288555
0.242715
0.173993
0.047656
-1.260066
-1.254396
-0.110897
0.155442
0.114780
0.213262
-1.280554
-1.248962
0.292951
-0.082156
0.416775
0.250712
-1.256475
0.321826
0.302547
0.406476
-1.248418
0.431330
0.095287
-0.680322
0.285568
0.171030
-1.280115
-0.045539
0.219818
0.064453
0.178945
-1.257249
0.154661
0.398900
-0.081271
0.262983
0.066592
-0.011243
0.505405
-1.255790
0.396118
0.214602
0.471202
-0.076920
0.236888
0.467211
0.075408
0.220915
-0.227297
0.031110
0.233773
0.296911
0.119296
0.185819
-1.276696
0.048502
0.278545
0.260340
0.511777
0.148469
0.196395
0.472633
0.294545
-0.259978
-0.168840
0.271441
-0.412865
-0.453785
0.043062
0.084396
0.069222
-1.255547
0.123422
0.182926
0.165019
-0.015129
-0.402636
-1.259768
-1.260330
0.380216
0.171409
-1.256122
-1.112265
0.184218
-0.015565
-1.254786
0.297013
-0.019544
0.202397
0.369828
0.048468
0.135950
-1.247191
0.058002
0.354930
0.359608
-0.598520
-0.051948
0.288875
0.319942
0.414249
-1.266128
-1.275179
0.424442
0.313610
0.471812
0.091432
0.016981
0.324513
0.307373
0.045646
0.169565
0.224447
0.379735
-1.251217
0.191674
0.464816
0.345044
0.408450
0.105387
0.097554
0.378084
-1.258632
0.178804
0.372815
0.324260
0.091863
-0.063208
0.191714
-0.026634
-0.398244
0.256667
0.204481
-0.110620
0.341410
0.313090
-1.273156
0.050612
-0.300116
-0.004775
0.459196
0.316116
0.045081
-1.252993
0.455031
0.405242
-0.035404
