0.174416 0.519240
0.175690 0.521748
0.176834 0.524109
0.177866 0.526341
0.178772 0.528418
0.179613 0.530425
0.180266 0.532102
0.180815 0.533604
0.181348 0.535117
0.181846 0.536598
0.182340 0.538126
0.182824 0.539677
0.183376 0.541483
0.183852 0.543157
0.184321 0.544891
0.184801 0.546742
0.185205 0.548421
0.185538 0.549912
0.185901 0.551567
0.186256 0.553254
0.186605 0.554976
0.186992 0.556963
0.187491 0.559460
0.187978 0.562077
0.188473 0.564861
0.188996 0.567942
0.189507 0.571105
0.189913 0.573753
0.190337 0.576594
0.190759 0.579567
0.191205 0.582637
0.191658 0.585902
0.192229 0.590163
0.192794 0.594488
0.193368 0.599007
0.193945 0.603619
0.194572 0.608714
0.195110 0.613051
0.195635 0.617241
0.196179 0.621550
0.196779 0.626282
0.197381 0.630928
0.198064 0.636181
0.198798 0.641725
0.199566 0.647357
0.200366 0.653032
0.201195 0.658748
0.202055 0.664276
0.202900 0.669508
0.203779 0.674712
0.204683 0.679818
0.205662 0.685146
0.206707 0.690597
0.207883 0.696555
0.209101 0.702403
0.210381 0.708250
0.211726 0.714092
0.213129 0.719889
0.214463 0.725078
0.215938 0.730621
0.217474 0.736131
0.219022 0.741410
0.220733 0.747051
0.222478 0.752583
0.224390 0.758371
0.226369 0.764118
0.228432 0.769858
0.230563 0.775533
0.232659 0.780868
0.234806 0.786122
0.237141 0.791652
0.239489 0.796987
0.241969 0.802427
0.244515 0.807812
0.247218 0.813342
0.250004 0.818854
0.252846 0.824223
0.255757 0.829550
0.258720 0.834787
0.261833 0.840117
0.265030 0.845401
0.268321 0.850656
0.271698 0.855867
0.275250 0.861170
0.278848 0.866363
0.282533 0.871502
0.286253 0.876515
0.290068 0.881488
0.293900 0.886316
0.297914 0.891223
0.301929 0.895968
0.306335 0.901009
0.310638 0.905758
0.315030 0.910445
0.319754 0.915322
0.324120 0.919678
0.328884 0.924274
0.333429 0.928521
0.338536 0.933114
0.343441 0.937382
0.348680 0.941787
0.353651 0.945826
0.358793 0.949863
0.363629 0.953540
0.368816 0.957371
0.374168 0.961167
0.379882 0.965092
0.385304 0.968694
0.390978 0.972336
0.396591 0.975821
0.401602 0.978878
0.406831 0.981934
0.412439 0.985127
0.417943 0.988173
0.423521 0.991171
0.428992 0.994039
0.434256 0.996763
0.439937 0.999569
0.445369 1.002218
0.450965 1.004882
0.456500 1.007465
0.461514 1.009783
0.466391 1.012036
0.471291 1.014214
0.476189 1.016391
0.480836 1.018445
0.486205 1.020774
0.491194 1.022935
0.496048 1.025063
0.501249 1.027257
0.506159 1.029367
0.510811 1.031380
0.514632 1.033079
0.518510 1.034806
0.522051 1.036443
0.525945 1.038169
0.529756 1.039909
0.533896 1.041802
0.538015 1.043711
0.542011 1.045596
0.545687 1.047375
0.549363 1.049214
0.552620 1.050835
0.555746 1.052458
0.558638 1.054000
0.561326 1.055472
0.563876 1.056903
0.566776 1.058553
0.570307 1.060485
0.573514 1.062328
0.576659 1.064180
0.580020 1.066184
0.582581 1.067806
0.584521 1.069152
0.586634 1.070551
0.588655 1.071952
0.590525 1.073284
0.592555 1.074729
0.595464 1.076721
0.597986 1.078547
0.600576 1.080396
0.603140 1.082294
0.605580 1.084147
0.607348 1.085589
0.609021 1.086987
0.610803 1.088498
0.612584 1.089978
0.614443 1.091555
0.616503 1.093295
0.618710 1.095165
0.621121 1.097212
0.622836 1.098799
0.624905 1.100619
0.626828 1.102375
0.628450 1.103919
0.630383 1.105720
0.632582 1.107749
0.634471 1.109578
0.636408 1.111418
0.638531 1.113448
0.640123 1.115068
0.641465 1.116492
0.643019 1.118102
0.645071 1.120143
0.646832 1.121977
0.648564 1.123754
0.650140 1.125435
0.651649 1.127068
0.653654 1.129142
0.655241 1.130866
0.656880 1.132668
0.658349 1.134284
0.659574 1.135717
0.660704 1.137066
0.661880 1.138463
0.663392 1.140169
0.664736 1.141758
0.666408 1.143613
0.667752 1.145194
0.669205 1.146884
