0.448962
2.017276
1.553391
2.062705
1.340042
1.423816
1.151224
2.152040
1.072817
2.617027
1.900253
1.480789
0.437855
0.843715
0.802379
3.114566
2.913029
1.932470
1.451513
0.525326
1.156765
1.108676
0.449226
0.231658
1.197588
0.734416
0.862403
2.236590
0.750860
1.469079
0.682472
1.130422
2.456813
0.845507
0.337117
1.092320
0.784627
1.999083
3.126733
0.454681
0.731189
0.808773
1.178034
2.452319
0.445270
0.576720
0.701131
1.277731
1.778469
0.475809
0.743135
1.440473
0.907470
0.986033
1.886990
2.719756
1.196678
1.160018
2.482327
0.886735
1.344736
1.321434
1.497232
1.616806
1.287920
0.406441
1.470474
0.439836
1.695222
0.394530
0.862837
2.474019
1.577042
0.489275
0.231708
0.390281
1.361451
1.202264
0.922757
1.833952
2.264555
0.723384
1.683274
1.075087
0.792524
1.592022
1.770921
0.794080
1.488994
1.357794
1.195859
0.940558
2.350418
0.414265
0.838336
1.710663
0.996521
0.740188
0.710585
2.373401
0.738004
1.462011
0.671141
0.825163
1.951526
1.130536
0.600220
1.272367
2.125533
1.906016
2.600999
0.714402
2.912665
0.717717
0.646978
1.964243
2.216738
1.199370
1.798746
0.947723
0.983462
0.820559
1.319130
2.275596
0.695120
0.633037
1.367061
1.614525
1.729339
2.243896
1.103972
0.758832
0.787280
1.603018
2.084916
2.645545
1.108552
0.922001
1.235208
1.590414
0.498765
1.305227
1.231777
2.194256
0.513575
2.234829
0.334610
2.037745
1.100225
1.039320
1.227877
0.684570
1.478906
1.420856
1.224389
0.577862
0.662993
0.856012
0.973985
0.453256
2.092021
1.794871
1.389414
1.053398
2.007721
1.548995
2.134655
1.073291
0.961644
0.438548
1.321969
1.220230
1.482364
0.543726
0.814379
1.578494
0.309967
1.932042
0.337271
0.840007
1.181195
1.063904
0.452862
0.488435
0.737952
1.893042
0.572642
1.816206
0.551062
0.719561
0.283370
1.045422
0.777450
2.408273
0.779744
0.301198
1.048589
1.606727
1.494838
0.658260
2.082727
1.839003
2.335514
1.001438
1.363165
1.739698
0.600708
2.362388
1.075964
2.013155
1.003210
1.944835
1.079121
0.788340
1.998794
0.861513
1.873092
0.395369
0.574560
0.445294
1.822181
1.593425
1.809878
0.789837
0.387150
2.446159
1.776443
0.362129
1.894052
1.226469
1.920193
2.522534
0.867929
1.032302
1.461719
1.643902
1.083328
1.475434
1.747356
1.302607
1.690319
2.502908
0.971599
2.011678
0.465869
0.905268
0.386330
0.185767
2.070337
2.603289
1.239060
0.626806
1.152546
0.243736
0.965809
0.674161
2.196722
1.582534
2.206815
1.345055
0.460170
1.563476
2.397509
1.139939
0.833453
2.042284
1.403136
0.678464
0.211531
1.455266
0.426611
1.064090
1.391871
0.546679
1.905332
1.050374
2.165542
1.012123
0.428591
0.742461
1.671586
1.131962
0.687431
1.826186
1.307996
0.583359
2.100363
1.755766
0.777063
2.176711
0.722913
1.679507
1.625551
1.102253
1.566091
1.822552
1.792611
2.413976
0.707861
2.139978
