-0.197556
-1.819296
-1.552535
1.757390
0.265958
-0.975167
-0.631600
2.795866
0.261603
1.000558
-0.450198
0.731409
0.201733
-0.462675
-0.364794
-0.037635
-0.372996
-0.518770
-0.163299
0.135736
-0.473803
-0.371506
-0.053560
-0.074471
-0.949278
0.358311
-0.520771
0.474761
0.135354
-1.325503
-0.134747
0.414403
-0.041768
0.792381
0.084579
0.381260
-0.446125
-0.997495
-0.179471
0.059026
-0.304396
0.214858
0.422897
0.783017
-0.091352
-0.239028
-0.352126
1.266645
1.083298
0.112353
-0.350656
-0.574031
-0.608010
-0.251949
-1.004434
2.642414
-0.250313
-0.790603
1.407780
1.093863
1.161744
0.532142
1.804305
0.368046
1.042553
0.009241
-0.068743
-0.277091
-0.918310
0.367349
0.556072
2.363354
-1.340320
0.455998
0.005847
-0.154436
0.732667
0.524781
-0.252190
-2.306912
2.350288
-0.239199
-1.802799
-0.433921
-0.462984
0.513284
-0.984567
0.330254
-1.311750
-0.741167
-0.142048
0.460406
2.172930
-0.090625
0.416952
-2.191037
-0.599688
0.524306
0.089869
-0.965218
-0.343506
-1.294507
-0.137285
0.772911
-1.846908
-0.710045
0.219123
-0.355313
-0.324061
0.625621
1.248467
-0.467692
2.323447
-0.170559
-0.026173
-1.807835
0.897608
-0.819193
-1.623952
-0.086036
-0.331669
0.390004
-0.257576
1.433725
-0.251200
0.360860
0.362209
-0.434577
-1.393161
-1.524725
-0.473633
-0.387892
-0.612784
0.979377
2.756213
1.210431
-0.741648
-0.337684
-1.242536
-0.321399
0.201525
0.713586
0.560556
-1.937368
0.216290
-2.340017
-0.029912
1.518015
0.374791
-0.678917
-0.401878
-0.189486
-2.324064
-1.069423
-0.891078
-0.184242
-0.234759
-0.324286
0.494626
-0.176159
-2.142825
1.022718
0.756372
-0.173824
-2.089193
1.595083
1.120456
0.405145
-0.390136
-0.192418
1.370164
1.084545
1.666416
0.119225
-0.389561
-0.697685
-0.094008
1.355194
-0.089511
-0.521531
0.660144
-0.191843
-0.079380
0.571207
-0.365835
-2.055427
-0.168434
1.695730
-0.248529
-0.222191
-0.003788
-0.199674
-0.171763
1.243532
-0.491490
0.242648
-0.059726
1.320686
-0.415039
-0.135921
0.848344
2.017534
-2.088043
-0.678579
-0.941129
-0.882913
-0.013052
0.721590
1.323020
0.012004
0.685840
1.715157
0.584530
0.099710
0.314608
0.281066
-1.936793
0.225110
-0.067341
-0.107714
1.567492
0.630817
0.566564
-0.383877
0.499889
-0.559644
-0.662804
0.070305
0.337923
-0.249352
-1.668786
-0.430568
0.339914
0.827671
-0.336524
0.920941
-0.594290
-0.517926
1.889852
1.842799
-1.383333
1.109344
0.656496
2.386129
-0.045907
0.437810
0.117496
0.423685
-1.328634
1.178184
1.270824
0.359367
1.048425
0.166811
0.267894
0.777313
-0.094448
-1.151232
-0.002721
-0.703543
-0.097150
-1.205528
-1.479871
-0.786143
-0.276579
2.177826
-0.690959
0.309304
-0.016914
-1.099162
0.061594
0.858315
1.391921
0.145560
1.012365
-0.187317
-2.033047
-0.354638
-0.011396
-0.324551
-2.228778
-1.204573
-0.246888
-1.472732
1.078617
-0.365253
-1.588585
-0.980047
-0.494438
1.990817
0.056174
-1.607975
1.357669
1.167356
0.622976
2.486167
-1.123141
-1.470364
0.967387
-1.654265
