49.400680
49.800680
50.200680
50.600680
51.000680
51.400680
51.800680
52.200680
52.600680
53.000680
53.400680
53.800680
54.200680
54.600680
71.001132
71.401132
71.801132
72.201132
72.601132
73.001132
73.401132
73.801132
74.201132
74.601132
75.001132
75.401132
75.801132
76.201132
69.529993
69.929993
70.329993
70.729993
71.129993
71.529993
71.929993
72.329993
72.729993
73.129993
73.529993
73.929993
74.329993
74.729993
48.678839
49.078839
49.478839
49.878839
50.278839
50.678839
51.078839
51.478839
51.878839
52.278839
52.678839
53.078839
53.478839
53.878839
77.506634
77.906634
78.306634
78.706634
79.106634
79.506634
79.906634
80.306634
80.706634
81.106634
81.506634
81.906634
82.306634
82.706634
71.072343
71.472343
71.872343
72.272343
72.672343
73.072343
73.472343
73.872343
74.272343
74.672343
75.072343
75.472343
75.872343
76.272343
81.792974
82.192974
82.592974
82.992974
83.392974
83.792974
84.192974
84.592974
84.992974
85.392974
85.792974
86.192974
86.592974
86.992974
69.467476
69.867476
70.267476
70.667476
71.067476
71.467476
71.867476
72.267476
72.667476
73.067476
73.467476
73.867476
74.267476
74.667476
57.554698
57.954698
58.354698
58.754698
59.154698
59.554698
59.954698
60.354698
60.754698
61.154698
61.554698
61.954698
62.354698
62.754698
39.971809
40.371809
40.771809
41.171809
41.571809
41.971809
42.371809
42.771809
43.171809
43.571809
43.971809
44.371809
44.771809
45.171809
77.989889
78.389889
78.789889
79.189889
79.589889
79.989889
80.389889
80.789889
81.189889
81.589889
81.989889
82.389889
82.789889
83.189889
63.023081
63.423081
63.823081
64.223081
64.623081
65.023081
65.423081
65.823081
66.223081
66.623081
67.023081
67.423081
67.823081
68.223081
82.365294
82.765294
83.165294
83.565294
83.965294
84.365294
84.765294
85.165294
85.565294
85.965294
86.365294
86.765294
87.165294
87.565294
57.724498
58.124498
58.524498
58.924498
59.324498
59.724498
60.124498
60.524498
60.924498
61.324498
61.724498
62.124498
62.524498
62.924498
86.523963
86.923963
87.323963
87.723963
88.123963
88.523963
88.923963
89.323963
89.723963
90.123963
90.523963
90.923963
91.323963
91.723963
51.139425
51.539425
51.939425
52.339425
52.739425
53.139425
53.539425
53.939425
54.339425
54.739425
55.139425
55.539425
55.939425
56.339425
70.455466
70.855466
71.255466
71.655466
72.055466
72.455466
72.855466
73.255466
73.655466
74.055466
74.455466
74.855466
75.255466
75.655466
69.149895
69.549895
69.949895
70.349895
70.749895
71.149895
71.549895
71.949895
72.349895
72.749895
73.149895
73.549895
73.949895
74.349895
48.736795
49.136795
49.536795
49.936795
50.336795
50.736795
51.136795
51.536795
51.936795
52.336795
52.736795
53.136795
53.536795
53.936795
88.737420
89.137420
89.537420
89.937420
90.337420
90.737420
91.137420
91.537420
91.937420
92.337420
92.737420
93.137420
93.537420
93.937420
61.818069
62.218069
62.618069
63.018069
63.418069
63.818069
64.218069
64.618069
65.018069
65.418069
65.818069
66.218069
66.618069
67.018069
80.898231
81.298231
81.698231
82.098231
82.498231
82.898231
83.298231
83.698231
84.098231
84.498231
84.898231
85.298231
85.698231
86.098231
58.366360
58.766360
59.166360
59.566360
59.966360
60.366360
60.766360
61.166360
61.566360
61.966360
62.366360
62.766360
63.166360
63.566360
63.172824
63.572824
63.972824
64.372824
64.772824
65.172824
65.572824
65.972824
66.372824
66.772824
67.172824
67.572824
67.972824
68.372824
67.300146
67.700146
68.100146
68.500146
68.900146
69.300146
69.700146
70.100146
70.500146
70.900146
71.300146
71.700146
72.100146
72.500146
73.757850
74.157850
74.557850
74.957850
75.357850
75.757850
76.157850
76.557850
76.957850
77.357850
77.757850
78.157850
78.557850
78.957850
90.201729
90.601729
91.001729
91.401729
91.801729
92.201729
92.601729
93.001729
93.401729
93.801729
94.201729
94.601729
95.001729
95.401729
73.031188
73.431188
73.831188
74.231188
74.631188
75.031188
75.431188
75.831188
76.231188
76.631188
77.031188
77.431188
77.831188
78.231188
49.881066
50.281066
50.681066
51.081066
51.481066
51.881066
52.281066
52.681066
53.081066
53.481066
53.881066
54.281066
54.681066
55.081066
67.548003
67.948003
68.348003
68.748003
69.148003
69.548003
69.948003
70.348003
70.748003
71.148003
71.548003
71.948003
72.348003
72.748003
93.574966
93.974966
94.374966
94.774966
95.174966
95.574966
95.974966
96.374966
96.774966
97.174966
97.574966
97.974966
98.374966
98.774966
84.563526
84.963526
85.363526
85.763526
86.163526
86.563526
86.963526
87.363526
87.763526
88.163526
88.563526
88.963526
89.363526
89.763526
85.651113
86.051113
86.451113
86.851113
87.251113
87.651113
88.051113
88.451113
88.851113
89.251113
89.651113
90.051113
90.451113
90.851113
73.765303
74.165303
74.565303
74.965303
75.365303
75.765303
76.165303
76.565303
76.965303
77.365303
77.765303
78.165303
78.565303
78.965303
72.527898
72.927898
73.327898
73.727898
74.127898
74.527898
74.927898
75.327898
75.727898
76.127898
76.527898
76.927898
77.327898
77.727898
89.616993
90.016993
90.416993
90.816993
91.216993
91.616993
92.016993
92.416993
92.816993
93.216993
93.616993
94.016993
94.416993
94.816993
86.161960
86.561960
86.961960
87.361960
87.761960
88.161960
88.561960
88.961960
89.361960
89.761960
90.161960
90.561960
90.961960
91.361960
82.984920
83.384920
83.784920
84.184920
84.584920
84.984920
85.384920
85.784920
86.184920
86.584920
86.984920
87.384920
87.784920
88.184920
68.112434
68.512434
68.912434
69.312434
69.712434
70.112434
70.512434
70.912434
71.312434
71.712434
72.112434
72.512434
72.912434
73.312434
76.310096
76.710096
77.110096
77.510096
77.910096
78.310096
78.710096
79.110096
79.510096
79.910096
80.310096
80.710096
81.110096
81.510096
104.017671
104.417671
104.817671
105.217671
105.617671
106.017671
106.417671
106.817671
107.217671
107.617671
108.017671
108.417671
108.817671
109.217671
57.323699
57.723699
58.123699
58.523699
58.923699
59.323699
59.723699
60.123699
60.523699
60.923699
61.323699
61.723699
62.123699
62.523699
41.222664
41.622664
42.022664
42.422664
42.822664
43.222664
43.622664
44.022664
44.422664
44.822664
45.222664
45.622664
46.022664
46.422664
76.716504
77.116504
77.516504
77.916504
78.316504
78.716504
79.116504
79.516504
79.916504
80.316504
80.716504
81.116504
81.516504
81.916504
81.317014
81.717014
82.117014
82.517014
82.917014
83.317014
83.717014
84.117014
84.517014
84.917014
85.317014
85.717014
86.117014
86.517014
67.596014
67.996014
68.396014
68.796014
69.196014
69.596014
69.996014
70.396014
70.796014
71.196014
71.596014
71.996014
72.396014
72.796014
85.946700
86.346700
86.746700
87.146700
87.546700
87.946700
88.346700
88.746700
89.146700
89.546700
89.946700
90.346700
90.746700
91.146700
65.040393
65.440393
65.840393
66.240393
66.640393
67.040393
67.440393
67.840393
68.240393
68.640393
69.040393
69.440393
69.840393
70.240393
70.872776
71.272776
71.672776
72.072776
72.472776
72.872776
73.272776
73.672776
74.072776
74.472776
74.872776
75.272776
75.672776
76.072776
71.323615
71.723615
72.123615
72.523615
72.923615
73.323615
73.723615
74.123615
74.523615
74.923615
75.323615
75.723615
76.123615
76.523615
95.731227
96.131227
96.531227
96.931227
97.331227
97.731227
98.131227
98.531227
98.931227
99.331227
99.731227
100.131227
100.531227
100.931227
69.817189
70.217189
70.617189
71.017189
71.417189
71.817189
72.217189
72.617189
73.017189
73.417189
73.817189
74.217189
74.617189
75.017189
69.564997
69.964997
70.364997
70.764997
71.164997
71.564997
71.964997
72.364997
72.764997
73.164997
73.564997
73.964997
74.364997
74.764997
28.409767
28.809767
29.209767
29.609767
30.009767
30.409767
30.809767
31.209767
31.609767
32.009767
32.409767
32.809767
33.209767
33.609767
71.134478
71.534478
71.934478
72.334478
72.734478
73.134478
73.534478
73.934478
74.334478
74.734478
75.134478
75.534478
75.934478
76.334478
76.246933
76.646933
77.046933
77.446933
77.846933
78.246933
78.646933
79.046933
79.446933
79.846933
80.246933
80.646933
81.046933
81.446933
49.416422
49.816422
50.216422
50.616422
51.016422
51.416422
51.816422
52.216422
52.616422
53.016422
53.416422
53.816422
54.216422
54.616422
61.020240
61.420240
61.820240
62.220240
62.620240
63.020240
63.420240
63.820240
64.220240
64.620240
65.020240
65.420240
65.820240
66.220240
56.565754
56.965754
57.365754
57.765754
58.165754
58.565754
58.965754
59.365754
59.765754
60.165754
60.565754
60.965754
61.365754
61.765754
68.656558
69.056558
69.456558
69.856558
70.256558
70.656558
71.056558
71.456558
71.856558
72.256558
72.656558
73.056558
73.456558
73.856558
66.867242
67.267242
67.667242
68.067242
68.467242
68.867242
69.267242
69.667242
70.067242
70.467242
70.867242
71.267242
71.667242
72.067242
44.733594
45.133594
45.533594
45.933594
46.333594
46.733594
47.133594
47.533594
47.933594
48.333594
48.733594
49.133594
49.533594
49.933594
46.518819
46.918819
47.318819
47.718819
48.118819
48.518819
48.918819
49.318819
49.718819
50.118819
50.518819
50.918819
51.318819
51.718819
51.559318
51.959318
52.359318
52.759318
53.159318
53.559318
53.959318
54.359318
54.759318
55.159318
55.559318
55.959318
56.359318
56.759318
79.804286
80.204286
80.604286
81.004286
81.404286
81.804286
82.204286
82.604286
83.004286
83.404286
83.804286
84.204286
84.604286
85.004286
56.735518
57.135518
57.535518
57.935518
58.335518
58.735518
59.135518
59.535518
59.935518
60.335518
60.735518
61.135518
61.535518
61.935518
30.807832
31.207832
31.607832
32.007832
32.407832
32.807832
33.207832
33.607832
34.007832
34.407832
34.807832
35.207832
35.607832
36.007832
50.367746
50.767746
51.167746
51.567746
51.967746
52.367746
52.767746
53.167746
53.567746
53.967746
54.367746
54.767746
55.167746
55.567746
78.576355
78.976355
79.376355
79.776355
80.176355
80.576355
80.976355
81.376355
81.776355
82.176355
82.576355
82.976355
83.376355
83.776355
68.383454
68.783454
69.183454
69.583454
69.983454
70.383454
70.783454
71.183454
71.583454
71.983454
72.383454
72.783454
73.183454
73.583454
68.939996
69.339996
69.739996
70.139996
70.539996
70.939996
71.339996
71.739996
72.139996
72.539996
72.939996
73.339996
73.739996
74.139996
71.120854
71.520854
71.920854
72.320854
72.720854
73.120854
73.520854
73.920854
74.320854
74.720854
75.120854
75.520854
75.920854
76.320854
55.989640
56.389640
56.789640
57.189640
57.589640
57.989640
58.389640
58.789640
59.189640
59.589640
59.989640
60.389640
60.789640
61.189640
70.474590
70.874590
71.274590
71.674590
72.074590
72.474590
72.874590
73.274590
73.674590
74.074590
74.474590
74.874590
75.274590
75.674590
66.802447
67.202447
67.602447
68.002447
68.402447
68.802447
69.202447
69.602447
70.002447
70.402447
70.802447
71.202447
71.602447
72.002447
48.460240
48.860240
49.260240
49.660240
50.060240
50.460240
50.860240
51.260240
51.660240
52.060240
52.460240
52.860240
53.260240
53.660240
38.229805
38.629805
39.029805
39.429805
39.829805
40.229805
40.629805
41.029805
41.429805
41.829805
42.229805
42.629805
43.029805
43.429805
66.053336
66.453336
66.853336
67.253336
67.653336
68.053336
68.453336
68.853336
69.253336
69.653336
70.053336
70.453336
70.853336
71.253336
57.769095
58.169095
58.569095
58.969095
59.369095
59.769095
60.169095
60.569095
60.969095
61.369095
61.769095
62.169095
62.569095
62.969095
66.902067
67.302067
67.702067
68.102067
68.502067
68.902067
69.302067
69.702067
70.102067
70.502067
70.902067
71.302067
71.702067
72.102067
83.513749
83.913749
84.313749
84.713749
85.113749
85.513749
85.913749
86.313749
86.713749
87.113749
87.513749
87.913749
88.313749
88.713749
89.526599
89.926599
90.326599
90.726599
91.126599
91.526599
91.926599
92.326599
92.726599
93.126599
93.526599
93.926599
94.326599
94.726599
67.294360
67.694360
68.094360
68.494360
68.894360
69.294360
69.694360
70.094360
70.494360
70.894360
71.294360
71.694360
72.094360
72.494360
54.715804
55.115804
55.515804
55.915804
56.315804
56.715804
57.115804
57.515804
57.915804
58.315804
58.715804
59.115804
59.515804
59.915804
85.928829
86.328829
86.728829
87.128829
87.528829
87.928829
88.328829
88.728829
89.128829
89.528829
89.928829
90.328829
90.728829
91.128829
52.384089
52.784089
53.184089
53.584089
53.984089
54.384089
54.784089
55.184089
55.584089
55.984089
56.384089
56.784089
57.184089
57.584089
82.931940
83.331940
83.731940
84.131940
84.531940
84.931940
85.331940
85.731940
86.131940
86.531940
86.931940
87.331940
87.731940
88.131940
43.507368
43.907368
44.307368
44.707368
45.107368
45.507368
45.907368
46.307368
46.707368
47.107368
47.507368
47.907368
48.307368
48.707368
59.828580
60.228580
60.628580
61.028580
61.428580
61.828580
62.228580
62.628580
63.028580
63.428580
63.828580
64.228580
64.628580
65.028580
65.742812
66.142812
66.542812
66.942812
67.342812
67.742812
68.142812
68.542812
68.942812
69.342812
69.742812
70.142812
70.542812
70.942812
37.122161
37.522161
37.922161
38.322161
38.722161
39.122161
39.522161
39.922161
40.322161
40.722161
41.122161
41.522161
41.922161
42.322161
74.448926
74.848926
75.248926
75.648926
76.048926
76.448926
76.848926
77.248926
77.648926
78.048926
78.448926
78.848926
79.248926
79.648926
59.488508
59.888508
60.288508
60.688508
61.088508
61.488508
61.888508
62.288508
62.688508
63.088508
63.488508
63.888508
64.288508
64.688508
64.309969
64.709969
65.109969
65.509969
65.909969
66.309969
66.709969
67.109969
67.509969
67.909969
68.309969
68.709969
69.109969
69.509969
64.602084
65.002084
65.402084
65.802084
66.202084
66.602084
67.002084
67.402084
67.802084
68.202084
68.602084
69.002084
69.402084
69.802084
48.999005
49.399005
49.799005
50.199005
50.599005
50.999005
51.399005
51.799005
52.199005
52.599005
52.999005
53.399005
53.799005
54.199005
74.196566
74.596566
74.996566
75.396566
75.796566
76.196566
76.596566
76.996566
77.396566
77.796566
78.196566
78.596566
78.996566
79.396566
88.635687
89.035687
89.435687
89.835687
90.235687
90.635687
91.035687
91.435687
91.835687
92.235687
92.635687
93.035687
93.435687
93.835687
52.079233
52.479233
52.879233
53.279233
53.679233
54.079233
54.479233
54.879233
55.279233
55.679233
56.079233
56.479233
56.879233
57.279233
78.765812
79.165812
79.565812
79.965812
80.365812
80.765812
81.165812
81.565812
81.965812
82.365812
82.765812
83.165812
83.565812
83.965812
77.086643
77.486643
77.886643
78.286643
78.686643
79.086643
79.486643
79.886643
80.286643
80.686643
81.086643
81.486643
81.886643
82.286643
76.295339
76.695339
77.095339
77.495339
77.895339
78.295339
78.695339
79.095339
79.495339
79.895339
80.295339
80.695339
81.095339
81.495339
94.084141
94.484141
94.884141
95.284141
95.684141
96.084141
96.484141
96.884141
97.284141
97.684141
98.084141
98.484141
98.884141
99.284141
74.604369
75.004369
75.404369
75.804369
76.204369
76.604369
77.004369
77.404369
77.804369
78.204369
78.604369
79.004369
79.404369
79.804369
66.449927
66.849927
67.249927
67.649927
68.049927
68.449927
68.849927
69.249927
69.649927
70.049927
70.449927
70.849927
71.249927
71.649927
38.899774
39.299774
39.699774
40.099774
40.499774
40.899774
41.299774
41.699774
42.099774
42.499774
42.899774
43.299774
43.699774
44.099774
55.441355
55.841355
56.241355
56.641355
57.041355
57.441355
57.841355
58.241355
58.641355
59.041355
59.441355
59.841355
60.241355
60.641355
86.403392
86.803392
87.203392
87.603392
88.003392
88.403392
88.803392
89.203392
89.603392
90.003392
90.403392
90.803392
91.203392
91.603392
94.551304
94.951304
95.351304
95.751304
96.151304
96.551304
96.951304
97.351304
97.751304
98.151304
98.551304
98.951304
99.351304
99.751304
56.338122
56.738122
57.138122
57.538122
57.938122
58.338122
58.738122
59.138122
59.538122
59.938122
60.338122
60.738122
61.138122
61.538122
55.695585
56.095585
56.495585
56.895585
57.295585
57.695585
58.095585
58.495585
58.895585
59.295585
59.695585
60.095585
60.495585
60.895585
62.248419
62.648419
63.048419
63.448419
63.848419
64.248419
64.648419
65.048419
65.448419
65.848419
66.248419
66.648419
67.048419
67.448419
92.181987
92.581987
92.981987
93.381987
93.781987
94.181987
94.581987
94.981987
95.381987
95.781987
96.181987
96.581987
96.981987
97.381987
99.624847
100.024847
100.424847
100.824847
101.224847
101.624847
102.024847
102.424847
102.824847
103.224847
103.624847
104.024847
104.424847
104.824847
103.901925
104.301925
104.701925
105.101925
105.501925
105.901925
106.301925
106.701925
107.101925
107.501925
107.901925
108.301925
108.701925
109.101925
54.243212
54.643212
55.043212
55.443212
55.843212
56.243212
56.643212
57.043212
57.443212
57.843212
58.243212
58.643212
59.043212
59.443212
87.999141
88.399141
88.799141
89.199141
89.599141
89.999141
90.399141
90.799141
91.199141
91.599141
91.999141
92.399141
92.799141
93.199141
52.046348
52.446348
52.846348
53.246348
53.646348
54.046348
54.446348
54.846348
55.246348
55.646348
56.046348
56.446348
56.846348
57.246348
47.735456
48.135456
48.535456
48.935456
49.335456
49.735456
50.135456
50.535456
50.935456
51.335456
51.735456
52.135456
52.535456
52.935456
89.661057
90.061057
90.461057
90.861057
91.261057
91.661057
92.061057
92.461057
92.861057
93.261057
93.661057
94.061057
94.461057
94.861057
65.662002
66.062002
66.462002
66.862002
67.262002
67.662002
68.062002
68.462002
68.862002
69.262002
69.662002
70.062002
70.462002
70.862002
47.635677
48.035677
48.435677
48.835677
49.235677
49.635677
50.035677
50.435677
50.835677
51.235677
51.635677
52.035677
52.435677
52.835677
75.642532
76.042532
76.442532
76.842532
77.242532
77.642532
78.042532
78.442532
78.842532
79.242532
79.642532
80.042532
80.442532
80.842532
54.039821
54.439821
54.839821
55.239821
55.639821
56.039821
56.439821
56.839821
57.239821
57.639821
58.039821
58.439821
58.839821
59.239821
77.182232
77.582232
77.982232
78.382232
78.782232
79.182232
79.582232
79.982232
80.382232
80.782232
81.182232
81.582232
81.982232
82.382232
76.419028
76.819028
77.219028
77.619028
78.019028
78.419028
78.819028
79.219028
79.619028
80.019028
80.419028
80.819028
81.219028
81.619028
86.546207
86.946207
87.346207
87.746207
88.146207
88.546207
88.946207
89.346207
89.746207
90.146207
90.546207
90.946207
91.346207
91.746207
64.047158
64.447158
64.847158
65.247158
65.647158
66.047158
66.447158
66.847158
67.247158
67.647158
68.047158
68.447158
68.847158
69.247158
61.488093
61.888093
62.288093
62.688093
63.088093
63.488093
63.888093
64.288093
64.688093
65.088093
65.488093
65.888093
66.288093
66.688093
80.701575
81.101575
81.501575
81.901575
82.301575
82.701575
83.101575
83.501575
83.901575
84.301575
84.701575
85.101575
85.501575
85.901575
73.380162
73.780162
74.180162
74.580162
74.980162
75.380162
75.780162
76.180162
76.580162
76.980162
77.380162
77.780162
78.180162
78.580162
93.846465
94.246465
94.646465
95.046465
95.446465
95.846465
96.246465
96.646465
97.046465
97.446465
97.846465
98.246465
98.646465
99.046465
79.695203
80.095203
80.495203
80.895203
81.295203
81.695203
82.095203
82.495203
82.895203
83.295203
83.695203
84.095203
84.495203
84.895203
70.089044
70.489044
70.889044
71.289044
71.689044
72.089044
72.489044
72.889044
73.289044
73.689044
74.089044
74.489044
74.889044
75.289044
93.225543
93.625543
94.025543
94.425543
94.825543
95.225543
95.625543
96.025543
96.425543
96.825543
97.225543
97.625543
98.025543
98.425543
69.240719
69.640719
70.040719
70.440719
70.840719
71.240719
71.640719
72.040719
72.440719
72.840719
73.240719
73.640719
74.040719
74.440719
58.829926
59.229926
59.629926
60.029926
60.429926
60.829926
61.229926
61.629926
62.029926
62.429926
62.829926
63.229926
63.629926
64.029926
93.836441
94.236441
94.636441
95.036441
95.436441
95.836441
96.236441
96.636441
97.036441
97.436441
97.836441
98.236441
98.636441
99.036441
65.228755
65.628755
66.028755
66.428755
66.828755
67.228755
67.628755
68.028755
68.428755
68.828755
69.228755
69.628755
70.028755
70.428755
65.344251
65.744251
66.144251
66.544251
66.944251
67.344251
67.744251
68.144251
68.544251
68.944251
69.344251
69.744251
70.144251
70.544251
61.720166
62.120166
62.520166
62.920166
63.320166
63.720166
64.120166
64.520166
64.920166
65.320166
65.720166
66.120166
66.520166
66.920166
30.348239
30.748239
31.148239
31.548239
31.948239
32.348239
32.748239
33.148239
33.548239
33.948239
34.348239
34.748239
35.148239
35.548239
38.155195
38.555195
38.955195
39.355195
39.755195
40.155195
40.555195
40.955195
41.355195
41.755195
42.155195
42.555195
42.955195
43.355195
71.046461
71.446461
71.846461
72.246461
72.646461
73.046461
73.446461
73.846461
74.246461
74.646461
75.046461
75.446461
75.846461
76.246461
89.558593
89.958593
90.358593
90.758593
91.158593
91.558593
91.958593
92.358593
92.758593
93.158593
93.558593
93.958593
94.358593
94.758593
61.059681
61.459681
61.859681
62.259681
62.659681
63.059681
63.459681
63.859681
64.259681
64.659681
65.059681
65.459681
65.859681
66.259681
55.835380
56.235380
56.635380
57.035380
57.435380
57.835380
58.235380
58.635380
59.035380
59.435380
59.835380
60.235380
60.635380
61.035380
56.303629
56.703629
57.103629
57.503629
57.903629
58.303629
58.703629
59.103629
59.503629
59.903629
60.303629
60.703629
61.103629
61.503629
96.323699
96.723699
97.123699
97.523699
97.923699
98.323699
98.723699
99.123699
99.523699
99.923699
100.323699
100.723699
101.123699
101.523699
40.639394
41.039394
41.439394
41.839394
42.239394
42.639394
43.039394
43.439394
43.839394
44.239394
44.639394
45.039394
45.439394
45.839394
33.643558
34.043558
34.443558
34.843558
35.243558
35.643558
36.043558
36.443558
36.843558
37.243558
37.643558
38.043558
38.443558
38.843558
80.905944
81.305944
81.705944
82.105944
82.505944
82.905944
83.305944
83.705944
84.105944
84.505944
84.905944
85.305944
85.705944
86.105944
80.463615
80.863615
81.263615
81.663615
82.063615
82.463615
82.863615
83.263615
83.663615
84.063615
84.463615
84.863615
85.263615
85.663615
59.880861
60.280861
60.680861
61.080861
61.480861
61.880861
62.280861
62.680861
63.080861
63.480861
63.880861
64.280861
64.680861
65.080861
40.127373
40.527373
40.927373
41.327373
41.727373
42.127373
42.527373
42.927373
43.327373
43.727373
44.127373
44.527373
44.927373
45.327373
52.817537
53.217537
53.617537
54.017537
54.417537
54.817537
55.217537
55.617537
56.017537
56.417537
56.817537
57.217537
57.617537
58.017537
68.958137
69.358137
69.758137
70.158137
70.558137
70.958137
71.358137
71.758137
72.158137
72.558137
72.958137
73.358137
73.758137
74.158137
86.611630
87.011630
87.411630
87.811630
88.211630
88.611630
89.011630
89.411630
89.811630
90.211630
90.611630
91.011630
91.411630
91.811630
58.519245
58.919245
59.319245
59.719245
60.119245
60.519245
60.919245
61.319245
61.719245
62.119245
62.519245
62.919245
63.319245
63.719245
44.527961
44.927961
45.327961
45.727961
46.127961
46.527961
46.927961
47.327961
47.727961
48.127961
48.527961
48.927961
49.327961
49.727961
68.793887
69.193887
69.593887
69.993887
70.393887
70.793887
71.193887
71.593887
71.993887
72.393887
72.793887
73.193887
73.593887
73.993887
58.537688
58.937688
59.337688
59.737688
60.137688
60.537688
60.937688
61.337688
61.737688
62.137688
62.537688
62.937688
63.337688
63.737688
54.659566
55.059566
55.459566
55.859566
56.259566
56.659566
57.059566
57.459566
57.859566
58.259566
58.659566
59.059566
59.459566
59.859566
65.524085
65.924085
66.324085
66.724085
67.124085
67.524085
67.924085
68.324085
68.724085
69.124085
69.524085
69.924085
70.324085
70.724085
60.880121
61.280121
61.680121
62.080121
62.480121
62.880121
63.280121
63.680121
64.080121
64.480121
64.880121
65.280121
65.680121
66.080121
53.350755
53.750755
54.150755
54.550755
54.950755
55.350755
55.750755
56.150755
56.550755
56.950755
57.350755
57.750755
58.150755
58.550755
53.994201
54.394201
54.794201
55.194201
55.594201
55.994201
56.394201
56.794201
57.194201
57.594201
57.994201
58.394201
58.794201
59.194201
60.638013
61.038013
61.438013
61.838013
62.238013
62.638013
63.038013
63.438013
63.838013
64.238013
64.638013
65.038013
65.438013
65.838013
100.573502
100.973502
101.373502
101.773502
102.173502
102.573502
102.973502
103.373502
103.773502
104.173502
104.573502
104.973502
105.373502
105.773502
65.873340
66.273340
66.673340
67.073340
67.473340
67.873340
68.273340
68.673340
69.073340
69.473340
69.873340
70.273340
70.673340
71.073340
74.320010
74.720010
75.120010
75.520010
75.920010
76.320010
76.720010
77.120010
77.520010
77.920010
78.320010
78.720010
79.120010
79.520010
110.509409
110.909409
111.309409
111.709409
112.109409
112.509409
112.909409
113.309409
113.709409
114.109409
114.509409
114.909409
115.309409
115.709409
62.883767
63.283767
63.683767
64.083767
64.483767
64.883767
65.283767
65.683767
66.083767
66.483767
66.883767
67.283767
67.683767
68.083767
77.206440
77.606440
78.006440
78.406440
78.806440
79.206440
79.606440
80.006440
80.406440
80.806440
81.206440
81.606440
82.006440
82.406440
80.925502
81.325502
81.725502
82.125502
82.525502
82.925502
83.325502
83.725502
84.125502
84.525502
84.925502
85.325502
85.725502
86.125502
33.547109
33.947109
34.347109
34.747109
35.147109
35.547109
35.947109
36.347109
36.747109
37.147109
37.547109
37.947109
38.347109
38.747109
83.112100
83.512100
83.912100
84.312100
84.712100
85.112100
85.512100
85.912100
86.312100
86.712100
87.112100
87.512100
87.912100
88.312100
55.610432
56.010432
56.410432
56.810432
57.210432
57.610432
58.010432
58.410432
58.810432
59.210432
59.610432
60.010432
60.410432
60.810432
69.036138
69.436138
69.836138
70.236138
70.636138
71.036138
71.436138
71.836138
72.236138
72.636138
73.036138
73.436138
73.836138
74.236138
82.362682
82.762682
83.162682
83.562682
83.962682
84.362682
84.762682
85.162682
85.562682
85.962682
86.362682
86.762682
87.162682
87.562682
74.480563
74.880563
75.280563
75.680563
76.080563
76.480563
76.880563
77.280563
77.680563
78.080563
78.480563
78.880563
79.280563
79.680563
54.056336
54.456336
54.856336
55.256336
55.656336
56.056336
56.456336
56.856336
57.256336
57.656336
58.056336
58.456336
58.856336
59.256336
66.846078
67.246078
67.646078
68.046078
68.446078
68.846078
69.246078
69.646078
70.046078
70.446078
70.846078
71.246078
71.646078
72.046078
77.253970
77.653970
78.053970
78.453970
78.853970
79.253970
79.653970
80.053970
80.453970
80.853970
81.253970
81.653970
82.053970
82.453970
77.887337
78.287337
78.687337
79.087337
79.487337
79.887337
80.287337
80.687337
81.087337
81.487337
81.887337
82.287337
82.687337
83.087337
68.592233
68.992233
69.392233
69.792233
70.192233
70.592233
70.992233
71.392233
71.792233
72.192233
72.592233
72.992233
73.392233
73.792233
80.916170
81.316170
81.716170
82.116170
82.516170
82.916170
83.316170
83.716170
84.116170
84.516170
84.916170
85.316170
85.716170
86.116170
75.418614
75.818614
76.218614
76.618614
77.018614
77.418614
77.818614
78.218614
78.618614
79.018614
79.418614
79.818614
80.218614
80.618614
72.422579
72.822579
73.222579
73.622579
74.022579
74.422579
74.822579
75.222579
75.622579
76.022579
76.422579
76.822579
77.222579
77.622579
78.732790
79.132790
79.532790
79.932790
80.332790
80.732790
81.132790
81.532790
81.932790
82.332790
82.732790
83.132790
83.532790
83.932790
68.468338
68.868338
69.268338
69.668338
70.068338
70.468338
70.868338
71.268338
71.668338
72.068338
72.468338
72.868338
73.268338
73.668338
68.117153
68.517153
68.917153
69.317153
69.717153
70.117153
70.517153
70.917153
71.317153
71.717153
72.117153
72.517153
72.917153
73.317153
97.991195
98.391195
98.791195
99.191195
99.591195
99.991195
100.391195
100.791195
101.191195
101.591195
101.991195
102.391195
102.791195
103.191195
51.369942
51.769942
52.169942
52.569942
52.969942
53.369942
53.769942
54.169942
54.569942
54.969942
55.369942
55.769942
56.169942
56.569942
97.820398
98.220398
98.620398
99.020398
99.420398
99.820398
100.220398
100.620398
101.020398
101.420398
101.820398
102.220398
102.620398
103.020398
57.178542
57.578542
57.978542
58.378542
58.778542
59.178542
59.578542
59.978542
60.378542
60.778542
61.178542
61.578542
61.978542
62.378542
55.449394
55.849394
56.249394
56.649394
57.049394
57.449394
57.849394
58.249394
58.649394
59.049394
59.449394
59.849394
60.249394
60.649394
73.327330
73.727330
74.127330
74.527330
74.927330
75.327330
75.727330
76.127330
76.527330
76.927330
77.327330
77.727330
78.127330
78.527330
61.181677
61.581677
61.981677
62.381677
62.781677
63.181677
63.581677
63.981677
64.381677
64.781677
65.181677
65.581677
65.981677
66.381677
52.611735
53.011735
53.411735
53.811735
54.211735
54.611735
55.011735
55.411735
55.811735
56.211735
56.611735
57.011735
57.411735
57.811735
90.023395
90.423395
90.823395
91.223395
91.623395
92.023395
92.423395
92.823395
93.223395
93.623395
94.023395
94.423395
94.823395
95.223395
57.469822
57.869822
58.269822
58.669822
59.069822
59.469822
59.869822
60.269822
60.669822
61.069822
61.469822
61.869822
62.269822
62.669822
81.220772
81.620772
82.020772
82.420772
82.820772
83.220772
83.620772
84.020772
84.420772
84.820772
85.220772
85.620772
86.020772
86.420772
69.718394
70.118394
70.518394
70.918394
71.318394
71.718394
72.118394
72.518394
72.918394
73.318394
73.718394
74.118394
74.518394
74.918394
60.533343
60.933343
61.333343
61.733343
62.133343
62.533343
62.933343
63.333343
63.733343
64.133343
64.533343
64.933343
65.333343
65.733343
64.478828
64.878828
65.278828
65.678828
66.078828
66.478828
66.878828
67.278828
67.678828
68.078828
68.478828
68.878828
69.278828
69.678828
48.314368
48.714368
49.114368
49.514368
49.914368
50.314368
50.714368
51.114368
51.514368
51.914368
52.314368
52.714368
53.114368
53.514368
75.733419
76.133419
76.533419
76.933419
77.333419
77.733419
78.133419
78.533419
78.933419
79.333419
79.733419
80.133419
80.533419
80.933419
59.555722
59.955722
60.355722
60.755722
61.155722
61.555722
61.955722
62.355722
62.755722
63.155722
63.555722
63.955722
64.355722
64.755722
45.865302
46.265302
46.665302
47.065302
47.465302
47.865302
48.265302
48.665302
49.065302
49.465302
49.865302
50.265302
50.665302
51.065302
92.929292
93.329292
93.729292
94.129292
94.529292
94.929292
95.329292
95.729292
96.129292
96.529292
96.929292
97.329292
97.729292
98.129292
67.356323
67.756323
68.156323
68.556323
68.956323
69.356323
69.756323
70.156323
70.556323
70.956323
71.356323
71.756323
72.156323
72.556323
75.992687
76.392687
76.792687
77.192687
77.592687
77.992687
78.392687
78.792687
79.192687
79.592687
79.992687
80.392687
80.792687
81.192687
67.268114
67.668114
68.068114
68.468114
68.868114
69.268114
69.668114
70.068114
70.468114
70.868114
71.268114
71.668114
72.068114
72.468114
57.377609
57.777609
58.177609
58.577609
58.977609
59.377609
59.777609
60.177609
60.577609
60.977609
61.377609
61.777609
62.177609
62.577609
45.463476
45.863476
46.263476
46.663476
47.063476
47.463476
47.863476
48.263476
48.663476
49.063476
49.463476
49.863476
50.263476
50.663476
68.352824
68.752824
69.152824
69.552824
69.952824
70.352824
70.752824
71.152824
71.552824
71.952824
72.352824
72.752824
73.152824
73.552824
84.773958
85.173958
85.573958
85.973958
86.373958
86.773958
87.173958
87.573958
87.973958
88.373958
88.773958
89.173958
89.573958
89.973958
43.962370
44.362370
44.762370
45.162370
45.562370
45.962370
46.362370
46.762370
47.162370
47.562370
47.962370
48.362370
48.762370
49.162370
55.065942
55.465942
55.865942
56.265942
56.665942
57.065942
57.465942
57.865942
58.265942
58.665942
59.065942
59.465942
59.865942
60.265942
77.983905
78.383905
78.783905
79.183905
79.583905
79.983905
80.383905
80.783905
81.183905
81.583905
81.983905
82.383905
82.783905
83.183905
51.661987
52.061987
52.461987
52.861987
53.261987
53.661987
54.061987
54.461987
54.861987
55.261987
55.661987
56.061987
56.461987
56.861987
65.854456
66.254456
66.654456
67.054456
67.454456
67.854456
68.254456
68.654456
69.054456
69.454456
69.854456
70.254456
70.654456
71.054456
64.944269
65.344269
65.744269
66.144269
66.544269
66.944269
67.344269
67.744269
68.144269
68.544269
68.944269
69.344269
69.744269
70.144269
59.454218
59.854218
60.254218
60.654218
61.054218
61.454218
61.854218
62.254218
62.654218
63.054218
63.454218
63.854218
64.254218
64.654218
77.603990
78.003990
78.403990
78.803990
79.203990
79.603990
80.003990
80.403990
80.803990
81.203990
81.603990
82.003990
82.403990
82.803990
73.165847
73.565847
73.965847
74.365847
74.765847
75.165847
75.565847
75.965847
76.365847
76.765847
77.165847
77.565847
77.965847
78.365847
54.499515
54.899515
55.299515
55.699515
56.099515
56.499515
56.899515
57.299515
57.699515
58.099515
58.499515
58.899515
59.299515
59.699515
89.461920
89.861920
90.261920
90.661920
91.061920
91.461920
91.861920
92.261920
92.661920
93.061920
93.461920
93.861920
94.261920
94.661920
60.569663
60.969663
61.369663
61.769663
62.169663
62.569663
62.969663
63.369663
63.769663
64.169663
64.569663
64.969663
65.369663
65.769663
80.925672
81.325672
81.725672
82.125672
82.525672
82.925672
83.325672
83.725672
84.125672
84.525672
84.925672
85.325672
85.725672
86.125672
78.884879
79.284879
79.684879
80.084879
80.484879
80.884879
81.284879
81.684879
82.084879
82.484879
82.884879
83.284879
83.684879
84.084879
74.593070
74.993070
75.393070
75.793070
76.193070
76.593070
76.993070
77.393070
77.793070
78.193070
78.593070
78.993070
79.393070
79.793070
66.969630
67.369630
67.769630
68.169630
68.569630
68.969630
69.369630
69.769630
70.169630
70.569630
70.969630
71.369630
71.769630
72.169630
46.988183
47.388183
47.788183
48.188183
48.588183
48.988183
49.388183
49.788183
50.188183
50.588183
50.988183
51.388183
51.788183
52.188183
49.269835
49.669835
50.069835
50.469835
50.869835
51.269835
51.669835
52.069835
52.469835
52.869835
53.269835
53.669835
54.069835
54.469835
84.676204
85.076204
85.476204
85.876204
86.276204
86.676204
87.076204
87.476204
87.876204
88.276204
88.676204
89.076204
89.476204
89.876204
79.996238
80.396238
80.796238
81.196238
81.596238
81.996238
82.396238
82.796238
83.196238
83.596238
83.996238
84.396238
84.796238
85.196238
64.674087
65.074087
65.474087
65.874087
66.274087
66.674087
67.074087
67.474087
67.874087
68.274087
68.674087
69.074087
69.474087
69.874087
58.190910
58.590910
58.990910
59.390910
59.790910
60.190910
60.590910
60.990910
61.390910
61.790910
62.190910
62.590910
62.990910
63.390910
69.391961
69.791961
70.191961
70.591961
70.991961
71.391961
71.791961
72.191961
72.591961
72.991961
73.391961
73.791961
74.191961
74.591961
58.241733
58.641733
59.041733
59.441733
59.841733
60.241733
60.641733
61.041733
61.441733
61.841733
62.241733
62.641733
63.041733
63.441733
70.801455
71.201455
71.601455
72.001455
72.401455
72.801455
73.201455
73.601455
74.001455
74.401455
74.801455
75.201455
75.601455
76.001455
65.297170
65.697170
66.097170
66.497170
66.897170
67.297170
67.697170
68.097170
68.497170
68.897170
69.297170
69.697170
70.097170
70.497170
40.046829
40.446829
40.846829
41.246829
41.646829
42.046829
42.446829
42.846829
43.246829
43.646829
44.046829
44.446829
44.846829
45.246829
75.133889
75.533889
75.933889
76.333889
76.733889
77.133889
77.533889
77.933889
78.333889
78.733889
79.133889
79.533889
79.933889
80.333889
76.793438
77.193438
77.593438
77.993438
78.393438
78.793438
79.193438
79.593438
79.993438
80.393438
80.793438
81.193438
81.593438
81.993438
64.446570
64.846570
65.246570
65.646570
66.046570
66.446570
66.846570
67.246570
67.646570
68.046570
68.446570
68.846570
69.246570
69.646570
84.733833
85.133833
85.533833
85.933833
86.333833
86.733833
87.133833
87.533833
87.933833
88.333833
88.733833
89.133833
89.533833
89.933833
54.048246
54.448246
54.848246
55.248246
55.648246
56.048246
56.448246
56.848246
57.248246
57.648246
58.048246
58.448246
58.848246
59.248246
93.982513
94.382513
94.782513
95.182513
95.582513
95.982513
96.382513
96.782513
97.182513
97.582513
97.982513
98.382513
98.782513
99.182513
73.228779
73.628779
74.028779
74.428779
74.828779
75.228779
75.628779
76.028779
76.428779
76.828779
77.228779
77.628779
78.028779
78.428779
67.759815
68.159815
68.559815
68.959815
69.359815
69.759815
70.159815
70.559815
70.959815
71.359815
71.759815
72.159815
72.559815
72.959815
60.585645
60.985645
61.385645
61.785645
62.185645
62.585645
62.985645
63.385645
63.785645
64.185645
64.585645
64.985645
65.385645
65.785645
75.570816
75.970816
76.370816
76.770816
77.170816
77.570816
77.970816
78.370816
78.770816
79.170816
79.570816
79.970816
80.370816
80.770816
61.153200
61.553200
61.953200
62.353200
62.753200
63.153200
63.553200
63.953200
64.353200
64.753200
65.153200
65.553200
65.953200
66.353200
95.259436
95.659436
96.059436
96.459436
96.859436
97.259436
97.659436
98.059436
98.459436
98.859436
99.259436
99.659436
100.059436
100.459436
56.041580
56.441580
56.841580
57.241580
57.641580
58.041580
58.441580
58.841580
59.241580
59.641580
60.041580
60.441580
60.841580
61.241580
92.571276
92.971276
93.371276
93.771276
94.171276
94.571276
94.971276
95.371276
95.771276
96.171276
96.571276
96.971276
97.371276
97.771276
47.910020
48.310020
48.710020
49.110020
49.510020
49.910020
50.310020
50.710020
51.110020
51.510020
51.910020
52.310020
52.710020
53.110020
70.297570
70.697570
71.097570
71.497570
71.897570
72.297570
72.697570
73.097570
73.497570
73.897570
74.297570
74.697570
75.097570
75.497570
75.782887
76.182887
76.582887
76.982887
77.382887
77.782887
78.182887
78.582887
78.982887
79.382887
79.782887
80.182887
80.582887
80.982887
68.168080
68.568080
68.968080
69.368080
69.768080
70.168080
70.568080
70.968080
71.368080
71.768080
72.168080
72.568080
72.968080
73.368080
71.626271
72.026271
72.426271
72.826271
73.226271
73.626271
74.026271
74.426271
74.826271
75.226271
75.626271
76.026271
76.426271
76.826271
74.137529
74.537529
74.937529
75.337529
75.737529
76.137529
76.537529
76.937529
77.337529
77.737529
78.137529
78.537529
78.937529
79.337529
52.500555
52.900555
53.300555
53.700555
54.100555
54.500555
54.900555
55.300555
55.700555
56.100555
56.500555
56.900555
57.300555
57.700555
86.792907
87.192907
87.592907
87.992907
88.392907
88.792907
89.192907
89.592907
89.992907
90.392907
90.792907
91.192907
91.592907
91.992907
73.281659
73.681659
74.081659
74.481659
74.881659
75.281659
75.681659
76.081659
76.481659
76.881659
77.281659
77.681659
78.081659
78.481659
66.088598
66.488598
66.888598
67.288598
67.688598
68.088598
68.488598
68.888598
69.288598
69.688598
70.088598
70.488598
70.888598
71.288598
48.171503
48.571503
48.971503
49.371503
49.771503
50.171503
50.571503
50.971503
51.371503
51.771503
52.171503
52.571503
52.971503
53.371503
56.895746
57.295746
57.695746
58.095746
58.495746
58.895746
59.295746
59.695746
60.095746
60.495746
60.895746
61.295746
61.695746
62.095746
72.285550
72.685550
73.085550
73.485550
73.885550
74.285550
74.685550
75.085550
75.485550
75.885550
76.285550
76.685550
77.085550
77.485550
97.437141
97.837141
98.237141
98.637141
99.037141
99.437141
99.837141
100.237141
100.637141
101.037141
101.437141
101.837141
102.237141
102.637141
96.440223
96.840223
97.240223
97.640223
98.040223
98.440223
98.840223
99.240223
99.640223
100.040223
100.440223
100.840223
101.240223
101.640223
63.327446
63.727446
64.127446
64.527446
64.927446
65.327446
65.727446
66.127446
66.527446
66.927446
67.327446
67.727446
68.127446
68.527446
35.679871
36.079871
36.479871
36.879871
37.279871
37.679871
38.079871
38.479871
38.879871
39.279871
39.679871
40.079871
40.479871
40.879871
82.329845
82.729845
83.129845
83.529845
83.929845
84.329845
84.729845
85.129845
85.529845
85.929845
86.329845
86.729845
87.129845
87.529845
60.303072
60.703072
61.103072
61.503072
61.903072
62.303072
62.703072
63.103072
63.503072
63.903072
64.303072
64.703072
65.103072
65.503072
62.718119
63.118119
63.518119
63.918119
64.318119
64.718119
65.118119
65.518119
65.918119
66.318119
66.718119
67.118119
67.518119
67.918119
77.252538
77.652538
78.052538
78.452538
78.852538
79.252538
79.652538
80.052538
80.452538
80.852538
81.252538
81.652538
82.052538
82.452538
80.049248
80.449248
80.849248
81.249248
81.649248
82.049248
82.449248
82.849248
83.249248
83.649248
84.049248
84.449248
84.849248
85.249248
88.686415
89.086415
89.486415
89.886415
90.286415
90.686415
91.086415
91.486415
91.886415
92.286415
92.686415
93.086415
93.486415
93.886415
81.563923
81.963923
82.363923
82.763923
83.163923
83.563923
83.963923
84.363923
84.763923
85.163923
85.563923
85.963923
86.363923
86.763923
85.730380
86.130380
86.530380
86.930380
87.330380
87.730380
88.130380
88.530380
88.930380
89.330380
89.730380
90.130380
90.530380
90.930380
68.712934
69.112934
69.512934
69.912934
70.312934
70.712934
71.112934
71.512934
71.912934
72.312934
72.712934
73.112934
73.512934
73.912934
53.441075
53.841075
54.241075
54.641075
55.041075
55.441075
55.841075
56.241075
56.641075
57.041075
57.441075
57.841075
58.241075
58.641075
68.192596
68.592596
68.992596
69.392596
69.792596
70.192596
70.592596
70.992596
71.392596
71.792596
72.192596
72.592596
72.992596
73.392596
70.956288
71.356288
71.756288
72.156288
72.556288
72.956288
73.356288
73.756288
74.156288
74.556288
74.956288
75.356288
75.756288
76.156288
84.170606
84.570606
84.970606
85.370606
85.770606
86.170606
86.570606
86.970606
87.370606
87.770606
88.170606
88.570606
88.970606
89.370606
63.689433
64.089433
64.489433
64.889433
65.289433
65.689433
66.089433
66.489433
66.889433
67.289433
67.689433
68.089433
68.489433
68.889433
98.579290
98.979290
99.379290
99.779290
100.179290
100.579290
100.979290
101.379290
101.779290
102.179290
102.579290
102.979290
103.379290
103.779290
65.076904
65.476904
65.876904
66.276904
66.676904
67.076904
67.476904
67.876904
68.276904
68.676904
69.076904
69.476904
69.876904
70.276904
89.294159
89.694159
90.094159
90.494159
90.894159
91.294159
91.694159
92.094159
92.494159
92.894159
93.294159
93.694159
94.094159
94.494159
84.749202
85.149202
85.549202
85.949202
86.349202
86.749202
87.149202
87.549202
87.949202
88.349202
88.749202
89.149202
89.549202
89.949202
56.717620
57.117620
57.517620
57.917620
58.317620
58.717620
59.117620
59.517620
59.917620
60.317620
60.717620
61.117620
61.517620
61.917620
76.181168
76.581168
76.981168
77.381168
77.781168
78.181168
78.581168
78.981168
79.381168
79.781168
80.181168
80.581168
80.981168
81.381168
96.186034
96.586034
96.986034
97.386034
97.786034
98.186034
98.586034
98.986034
99.386034
99.786034
100.186034
100.586034
100.986034
101.386034
59.539809
59.939809
60.339809
60.739809
61.139809
61.539809
61.939809
62.339809
62.739809
63.139809
63.539809
63.939809
64.339809
64.739809
69.488660
69.888660
70.288660
70.688660
71.088660
71.488660
71.888660
72.288660
72.688660
73.088660
73.488660
73.888660
74.288660
74.688660
60.346282
60.746282
61.146282
61.546282
61.946282
62.346282
62.746282
63.146282
63.546282
63.946282
64.346282
64.746282
65.146282
65.546282
