93.832555
69.184262
83.443611
47.691279
86.647654
93.999555
96.976105
74.510856
93.832555
43.363870
81.731471
83.640456
62.015349
97.802168
60.926125
54.825476
40.593532
68.181396
97.604027
77.531965
74.440110
70.727647
42.610937
97.229072
51.003915
62.470962
48.695278
78.052387
76.117435
83.033049
81.893915
48.695278
43.363798
58.225697
62.434760
79.926306
48.695278
78.108640
41.370269
44.829405
45.814617
51.468296
99.059485
84.781434
72.227349
89.027916
104.625427
56.003810
86.076079
89.765863
60.431804
85.756090
94.725888
96.990700
64.102875
76.348411
57.590843
79.550199
58.234517
56.830280
57.896807
99.673096
40.629682
100.051710
70.712085
93.832555
61.928448
93.832555
88.697268
52.074083
48.932584
61.969553
76.998795
53.762276
96.501850
93.832555
99.409320
79.903410
51.475888
74.608405
89.596321
48.695278
76.832677
47.455039
48.786318
101.054036
77.372754
93.832555
78.684331
79.098241
97.017519
64.748957
62.291337
51.214163
96.008385
59.990207
48.817600
71.013092
57.221411
78.624116
47.703788
67.463113
48.695278
59.154664
64.660945
93.832555
93.832555
81.744667
42.753052
69.036274
58.717247
93.832555
66.447899
55.230309
73.378272
83.080190
48.695278
84.162657
57.897229
66.856100
79.389634
93.943143
72.312397
64.326333
47.652632
63.170980
81.517563
71.617631
71.685923
88.492068
61.377556
48.695767
50.223998
65.029781
95.104098
72.987071
93.832555
81.851941
50.037309
68.183192
94.398417
97.838639
99.164896
78.191155
65.550170
64.911477
62.594194
53.686067
55.788037
93.832555
97.553126
71.029925
77.711353
51.588791
93.832555
93.832555
53.062193
48.817335
47.889660
93.506897
69.317724
75.368317
75.325794
68.382095
65.982740
49.693746
63.338111
76.363074
48.695278
86.792853
54.666421
89.440705
58.302936
49.219479
64.815776
27.179463
101.020556
92.972550
85.186646
62.594448
102.292212
60.163694
64.918738
59.020953
47.205971
76.160995
94.218563
72.912229
90.646277
50.233676
95.244055
65.631827
63.806141
59.135226
48.695278
43.342598
34.049882
66.481467
68.461362
64.848164
50.362403
57.118043
85.051621
92.374744
79.035335
75.151048
93.832555
77.714676
49.605741
82.712863
68.938093
66.373086
100.491341
72.747357
100.409155
82.074476
93.871502
66.101502
63.035186
73.811365
74.713321
65.270005
64.146039
50.643480
44.032202
40.018513
82.935010
93.832555
94.643990
99.739409
89.739309
41.139108
94.053693
56.225858
98.323121
101.040081
49.955488
72.697397
62.399802
52.792363
78.577213
67.114635
57.587141
66.264022
92.799206
93.347377
100.233759
42.339395
79.058004
60.651093
87.090233
60.627158
56.898171
46.224052
66.532135
43.917035
43.840138
47.354301
43.886335
66.828996
64.033524
89.733315
72.790136
90.325654
88.164929
52.610503
78.488205
64.497786
70.098671
93.832555
93.832555
49.643214
86.964913
69.353913
88.131262
96.925749
88.691904
48.109064
81.225668
62.525003
89.377480
68.924231
47.477487
81.667755
59.499018
83.483512
65.747049
66.311170
48.695278
64.822202
59.540278
78.876615
83.891363
76.444143
73.234128
75.253758
88.802142
60.341366
57.883408
59.117853
