0.162125 0.000203 0.186132
0.157730 0.007432 0.173311
0.143645 0.027553 0.134827
0.159375 -0.000671 0.187167
0.158108 0.000372 0.185713
0.148539 0.019434 0.163870
0.126227 0.045439 0.124165
0.121456 0.051377 0.104602
0.105272 0.064838 0.107414
0.104548 0.007544 0.186370
0.087402 0.016328 0.182229
0.126420 0.021710 0.175042
0.163632 0.029256 0.177436
0.140162 0.056516 0.143519
0.071327 0.069751 0.119056
0.018664 0.038819 0.175201
0.024824 0.042112 0.165380
0.127757 -0.007923 0.189807
0.695924 -0.414049 0.277385
0.171541 -0.010507 0.201704
0.031661 0.056643 0.152777
0.005161 0.047958 0.163056
0.040312 0.055013 0.143184
0.120127 0.028029 0.179445
0.298639 -0.118970 0.255356
0.119780 0.004477 0.198290
0.027086 0.035260 0.170358
0.024844 0.022934 0.180418
0.079535 0.066582 0.121617
0.099393 0.058569 0.118730
0.121452 0.063037 0.134305
0.130562 0.055789 0.156844
0.113066 0.009474 0.176060
0.118900 -0.005226 0.187302
