0.903309
1.285502
1.202746
1.059994
1.509374
1.128788
1.322741
1.343617
0.998021
1.265191
1.048967
1.092777
1.138812
0.577798
1.153275
0.217573
0.242388
1.431430
0.236708
1.217607
1.820849
1.145769
1.335049
0.723850
1.068872
1.310378
0.908923
1.077664
1.204211
1.215195
1.004406
0.969109
0.242240
1.153192
1.403974
1.206222
0.977889
1.196571
0.237889
0.860905
0.418324
1.288953
0.247819
1.104147
1.191936
1.182380
1.241492
1.057458
1.245618
1.134333
1.114950
0.964525
1.086232
0.240691
1.049584
1.594644
1.207725
1.351806
1.207621
1.238296
1.075115
0.249454
0.968199
0.246575
1.207555
0.850818
1.130807
0.694404
1.440547
1.242289
0.920045
1.557615
1.176179
1.219464
0.889619
0.841983
0.252539
1.632155
1.424614
1.324691
1.631570
0.931501
1.521192
1.766492
0.897408
0.251046
1.377934
0.931303
1.184183
1.400686
0.237887
1.402220
1.245990
1.304557
0.837969
0.976328
0.809905
1.168782
1.773521
1.153504
1.045028
1.210847
0.877791
1.177639
1.382174
0.826846
0.816182
1.539915
0.251149
1.130517
1.408467
1.004202
0.882676
1.017877
1.176554
1.036398
0.877800
1.132443
1.230680
0.868948
1.323506
0.609862
0.891659
1.126577
1.032752
1.301413
1.180780
1.378358
1.373048
0.908501
1.180913
0.738231
1.134934
1.474234
1.301550
1.208876
1.073151
1.219813
1.020176
0.653198
0.866110
0.246171
0.250510
0.957889
1.171023
1.497440
1.429926
1.032455
0.976147
0.709856
0.242531
1.187399
1.337029
1.373155
0.651086
0.856812
1.187887
1.017632
1.275657
0.999355
1.506436
1.161627
1.312042
1.211731
1.997285
1.501193
1.562599
1.317684
0.726505
1.351483
1.070426
1.051458
1.258642
1.054082
1.254164
1.374535
1.492864
0.734806
1.475203
1.241846
0.856852
1.173248
1.098996
1.262693
0.979744
1.376082
1.518333
1.416579
1.487469
0.951776
1.063300
1.203300
1.086408
1.437872
0.823981
1.320404
0.919743
1.112188
1.744638
1.309935
0.908783
1.408099
1.275118
1.150168
1.083378
1.275715
0.940378
1.561537
1.103234
0.929031
0.984792
1.362430
1.016774
1.417701
0.244165
1.078431
0.981437
1.435737
1.239915
1.379318
1.335104
1.300917
1.394307
1.375806
1.367157
0.251348
1.149538
0.866644
1.181767
0.372298
1.227907
0.247668
1.108159
1.282017
0.241133
0.254601
0.896902
1.222950
1.228663
1.199415
1.717073
1.036398
1.167313
1.281393
0.976281
1.472408
1.150402
1.087089
0.952105
1.201546
1.397091
1.303878
1.162902
1.427266
1.088596
1.024763
0.245159
1.133694
0.243439
1.143504
1.188610
1.128720
1.130881
1.271495
1.358129
1.099625
1.366212
1.621670
1.445975
0.890475
0.865883
0.778617
1.312571
1.188896
1.081857
0.237821
1.221923
1.048175
1.150291
1.463089
1.319247
1.165767
0.809877
1.387747
1.169644
1.161723
1.211840
1.575000
0.973420
1.299192
1.033026
0.978358
1.262587
1.375703
1.096523
1.009878
1.117832
1.220122
1.470141
1.380011
