0.319433 0.356395
0.321356 0.359450
0.323303 0.362507
0.325271 0.365557
0.327280 0.368622
0.329282 0.371640
0.331378 0.374733
0.333522 0.377837
0.335672 0.380891
0.337843 0.383912
0.340022 0.386880
0.342218 0.389809
0.344379 0.392633
0.346613 0.395475
0.348879 0.398283
0.351166 0.401046
0.353559 0.403848
0.356070 0.406694
0.358611 0.409491
0.361227 0.412278
0.363922 0.415056
0.366656 0.417781
0.369326 0.420381
0.372084 0.422974
0.374910 0.425542
0.377770 0.428061
0.380727 0.430578
0.383943 0.433209
0.387231 0.435808
0.390629 0.438394
0.394090 0.440955
0.397644 0.443491
0.401053 0.445852
0.404569 0.448211
0.408154 0.450543
0.411833 0.452864
0.415494 0.455110
0.419486 0.457482
0.423635 0.459875
0.427861 0.462250
0.432070 0.464557
0.436404 0.466880
0.440656 0.469108
0.444909 0.471293
0.449217 0.473468
0.453587 0.475640
0.458040 0.477819
0.462561 0.480022
0.467266 0.482286
0.472033 0.484567
0.476879 0.486882
0.481692 0.489180
0.486497 0.491479
0.491161 0.493714
0.495878 0.495993
0.500604 0.498301
0.505334 0.500640
0.510075 0.503022
0.515025 0.505555
0.519835 0.508065
0.524634 0.510628
0.529485 0.513288
0.534176 0.515925
0.538901 0.518649
0.543428 0.521348
0.547949 0.524123
0.552417 0.526957
0.556848 0.529866
0.561338 0.532921
0.565786 0.536065
0.570064 0.539203
0.574331 0.542461
0.578482 0.545757
0.582569 0.549137
0.586523 0.552539
0.590446 0.556050
0.594216 0.559593
0.597958 0.563254
0.601633 0.567010
0.605181 0.570796
0.608641 0.574659
0.612008 0.578590
0.615283 0.582594
0.618426 0.586616
0.621500 0.590730
0.624481 0.594912
0.627389 0.599191
0.630204 0.603537
0.632948 0.607988
0.635566 0.612439
0.638114 0.616997
0.640451 0.621381
0.642809 0.626040
0.645046 0.630689
0.647135 0.635249
0.649242 0.640089
0.651189 0.644802
0.653092 0.649644
0.654858 0.654405
0.656577 0.659275
0.658175 0.664041
0.659755 0.669007
0.661242 0.673945
0.662709 0.679090
0.664052 0.684031
0.665338 0.689083
0.666511 0.693921
0.667666 0.698937
0.668739 0.703860
0.669769 0.708835
0.670807 0.714030
0.671785 0.719293
0.672674 0.724301
0.673530 0.729358
0.674339 0.734376
0.675121 0.739432
0.675883 0.744482
0.676582 0.749485
0.677269 0.754493
0.677914 0.759392
0.678540 0.764283
0.679182 0.769373
0.679812 0.774395
0.680424 0.779528
0.681018 0.784522
0.681616 0.789577
0.682151 0.794223
0.682702 0.798984
0.683253 0.803653
0.683771 0.808253
0.684303 0.812832
0.684850 0.817455
0.685467 0.822408
0.686078 0.827256
0.686718 0.832107
0.687336 0.836871
0.687960 0.841509
0.688554 0.845894
0.689150 0.850202
0.689760 0.854487
0.690407 0.858852
0.691047 0.863048
0.691756 0.867548
0.692478 0.871954
0.693235 0.876406
0.694026 0.880893
0.694844 0.885379
0.695608 0.889519
0.696312 0.893395
0.697050 0.897295
0.697798 0.901155
0.698510 0.904821
0.699352 0.908873
0.700286 0.913138
0.701231 0.917408
0.702183 0.921593
0.703166 0.925812
0.704126 0.929885
0.704927 0.933387
0.705775 0.936982
0.706652 0.940646
0.707510 0.944195
0.708390 0.947770
0.709407 0.951711
0.710444 0.955667
0.711432 0.959437
0.712469 0.963330
0.713461 0.967055
0.714404 0.970614
0.715308 0.974041
0.716157 0.977299
0.717130 0.980877
0.718068 0.984357
0.719002 0.987809
0.719997 0.991416
0.720907 0.994784
0.721742 0.997942
0.722608 1.001178
0.723508 1.004511
0.724317 1.007596
0.725242 1.010992
0.726214 1.014518
0.727118 1.017862
0.727882 1.020832
0.728667 1.023866
0.729506 1.027053
0.730335 1.030216
0.731161 1.033384
0.731843 1.036168
0.732611 1.039195
0.733313 1.042053
0.734105 1.045163
0.734907 1.048309
0.735714 1.051481
0.736487 1.054575
0.737155 1.057390
0.737813 1.060187
0.738436 1.062888
0.739088 1.065686
0.739693 1.068362
