0.240610 0.435268
0.242514 0.438747
0.244367 0.442202
0.246172 0.445642
0.247925 0.449063
0.249636 0.452474
0.251258 0.455800
0.252822 0.459089
0.254363 0.462410
0.255872 0.465746
0.257362 0.469125
0.258826 0.472532
0.260303 0.476053
0.261720 0.479540
0.263110 0.483060
0.264479 0.486632
0.265782 0.490146
0.267018 0.493595
0.268242 0.497103
0.269433 0.500620
0.270591 0.504143
0.271748 0.507762
0.272933 0.511525
0.274093 0.515325
0.275234 0.519164
0.276372 0.523085
0.277483 0.527012
0.278508 0.530745
0.279526 0.534523
0.280530 0.538335
0.281527 0.542134
0.282520 0.545987
0.283586 0.550142
0.284639 0.554294
0.285694 0.558485
0.286744 0.562684
0.287826 0.567015
0.288838 0.571085
0.289835 0.575091
0.290844 0.579117
0.291891 0.583261
0.292937 0.587363
0.294040 0.591645
0.295178 0.596006
0.296337 0.600385
0.297516 0.604768
0.298713 0.609170
0.299927 0.613479
0.301132 0.617702
0.302361 0.621911
0.303608 0.626083
0.304905 0.630323
0.306245 0.634602
0.307665 0.639046
0.309113 0.643456
0.310601 0.647866
0.312130 0.652277
0.313698 0.656674
0.315239 0.660869
0.316863 0.665184
0.318531 0.669489
0.320217 0.673716
0.321998 0.678067
0.323808 0.682396
0.325715 0.686792
0.327668 0.691186
0.329677 0.695577
0.331736 0.699946
0.333797 0.704192
0.335901 0.708406
0.338110 0.712716
0.340348 0.716951
0.342666 0.721219
0.345036 0.725462
0.347498 0.729754
0.350024 0.734051
0.352591 0.738246
0.355217 0.742436
0.357891 0.746584
0.360653 0.750756
0.363478 0.754900
0.366370 0.759020
0.369325 0.763110
0.372380 0.767223
0.375480 0.771281
0.378642 0.775305
0.381845 0.779265
0.385116 0.783197
0.388420 0.787058
0.391822 0.790936
0.395247 0.794735
0.398845 0.798621
0.402451 0.802408
0.406100 0.806142
0.409905 0.809939
0.413578 0.813515
0.417433 0.817175
0.421195 0.820668
0.425240 0.824321
0.429194 0.827819
0.433293 0.831367
0.437292 0.834757
0.441368 0.838141
0.445326 0.841367
0.449405 0.844644
0.453597 0.847933
0.457909 0.851270
0.462102 0.854469
0.466390 0.857693
0.470648 0.860855
0.474635 0.863815
0.478753 0.866809
0.482981 0.869869
0.487158 0.872873
0.491350 0.875872
0.495486 0.878825
0.499498 0.881710
0.503711 0.884688
0.507785 0.887592
0.511902 0.890530
0.515977 0.893450
0.519840 0.896245
0.523603 0.899011
0.527418 0.901789
0.531183 0.904575
0.534837 0.907310
0.538731 0.910241
0.542468 0.913094
0.546104 0.915933
0.549909 0.918881
0.553557 0.921779
0.557091 0.924638
0.560304 0.927306
0.563520 0.930012
0.566562 0.932651
0.569776 0.935413
0.572908 0.938179
0.576137 0.941066
0.579339 0.943980
0.582477 0.946891
0.585481 0.949741
0.588435 0.952619
0.591280 0.955405
0.594027 0.958177
0.596672 0.960900
0.599224 0.963582
0.601707 0.966242
0.604264 0.969033
0.607085 0.972075
0.609741 0.975030
0.612354 0.977990
0.615025 0.981053
0.617388 0.983856
0.619481 0.986445
0.621673 0.989123
0.623784 0.991773
0.625821 0.994376
0.627894 0.997048
0.630255 1.000072
0.632431 1.002950
0.634666 1.005889
0.636842 1.008818
0.638954 1.011708
0.640809 1.014328
0.642610 1.016910
0.644403 1.019525
0.646229 1.022164
0.648037 1.024824
0.649893 1.027570
0.651781 1.030379
0.653720 1.033278
0.655372 1.035857
0.657180 1.038616
0.658893 1.041293
0.660483 1.043829
0.662162 1.046500
0.663916 1.049287
0.665519 1.051912
0.667173 1.054583
0.668848 1.057317
0.670323 1.059799
0.671694 1.062154
0.673124 1.064599
0.674709 1.067271
0.676153 1.069781
0.677622 1.072298
0.678996 1.074717
0.680333 1.077093
0.681827 1.079699
0.683162 1.082093
0.684476 1.084487
0.685767 1.086818
0.686935 1.089004
0.688058 1.091131
0.689185 1.093268
0.690413 1.095560
0.691545 1.097743
0.692827 1.100113
0.693959 1.102291
0.695117 1.104512
