0.453343 0.243075
0.453567 0.243775
0.453734 0.244401
0.453830 0.244935
0.453901 0.245428
0.453831 0.245764
0.453903 0.246285
0.453975 0.246803
0.453898 0.247130
0.453727 0.247344
0.453417 0.247398
0.453008 0.247356
0.452331 0.247040
0.451746 0.246844
0.451119 0.246624
0.450431 0.246365
0.449948 0.246329
0.449708 0.246535
0.449456 0.246729
0.449330 0.247034
0.449357 0.247466
0.449396 0.247883
0.449233 0.248179
0.449253 0.248604
0.449427 0.249145
0.449672 0.249737
0.450176 0.250509
0.451441 0.251787
0.452914 0.253167
0.454681 0.254677
0.456717 0.256353
0.459016 0.258121
0.460879 0.259590
0.463087 0.261227
0.465526 0.262957
0.468281 0.264823
0.470998 0.266632
0.474789 0.268960
0.479115 0.271507
0.483729 0.274145
0.488327 0.276724
0.493376 0.279479
0.498179 0.282070
0.503012 0.284638
0.508057 0.287276
0.513337 0.289996
0.518881 0.292800
0.524783 0.295785
0.531295 0.299017
0.538061 0.302363
0.545143 0.305860
0.552150 0.309334
0.559167 0.312830
0.565712 0.316116
0.572485 0.319540
0.579336 0.323041
0.586255 0.326620
0.593274 0.330301
0.601093 0.334462
0.608486 0.338483
0.615920 0.342615
0.623635 0.347011
0.630859 0.351238
0.638249 0.355665
0.645129 0.359925
0.652056 0.364331
0.658915 0.368829
0.665772 0.373474
0.672979 0.378528
0.680180 0.383772
0.686907 0.388855
0.693754 0.394236
0.700329 0.399609
0.706830 0.405138
0.713002 0.410595
0.719150 0.416246
0.725072 0.421951
0.730982 0.427879
0.736813 0.433994
0.742349 0.440053
0.747741 0.446224
0.752964 0.452480
0.758029 0.458835
0.762791 0.465080
0.767466 0.471506
0.771982 0.478021
0.776404 0.484737
0.780654 0.491533
0.784813 0.498566
0.788685 0.505459
0.792471 0.512610
0.795731 0.519060
0.799132 0.526252
0.802302 0.533379
0.805122 0.540063
0.808109 0.547732
0.810709 0.554829
0.813290 0.562459
0.815517 0.569493
0.817706 0.577013
0.819625 0.584077
0.821544 0.591904
0.823264 0.599594
0.824950 0.608111
0.826364 0.615918
0.827639 0.623920
0.828694 0.631147
0.829692 0.639115
0.830529 0.646677
0.831261 0.654456
0.831936 0.663351
0.832452 0.672231
0.832839 0.680131
0.833130 0.688225
0.833330 0.696110
0.833450 0.704129
0.833508 0.712259
0.833487 0.719759
0.833421 0.727396
0.833330 0.734469
0.833207 0.741424
0.833021 0.749184
0.832837 0.756735
0.832600 0.764285
0.832397 0.771299
0.832183 0.778458
0.832059 0.783759
0.831920 0.789445
0.831821 0.794834
0.831712 0.799454
0.831631 0.804083
0.831557 0.808813
0.831477 0.814800
0.831431 0.820250
0.831439 0.825817
0.831433 0.830571
0.831473 0.834950
0.831522 0.838289
0.831575 0.841293
0.831633 0.844177
0.831711 0.847353
0.831806 0.850055
0.831897 0.853555
0.832024 0.856887
0.832182 0.860422
0.832375 0.864124
0.832599 0.867878
0.832777 0.870534
0.832793 0.871846
0.832862 0.873505
0.832922 0.875085
0.832900 0.875966
0.833059 0.878499
0.833403 0.882223
0.833686 0.885722
0.834019 0.889234
0.834412 0.893068
0.834761 0.896470
0.834775 0.897578
0.834921 0.899446
0.835025 0.901366
0.835129 0.903146
0.835276 0.905214
0.835738 0.909166
0.836264 0.913438
0.836740 0.917280
0.837240 0.921521
0.837697 0.925403
0.838045 0.928695
0.838307 0.931533
0.838442 0.933697
0.838959 0.937961
0.839285 0.941469
0.839673 0.945285
0.840223 0.950176
0.840573 0.953987
0.840746 0.956826
0.841064 0.960541
0.841358 0.964509
0.841500 0.967501
0.841915 0.972486
0.842418 0.978432
0.842755 0.983521
0.842811 0.986572
0.842957 0.990441
0.843090 0.994855
0.843238 0.999560
0.843356 1.004449
0.843254 1.007177
0.843257 1.011514
0.843200 1.015242
0.843137 1.020092
0.843082 1.025560
0.842968 1.031291
0.842775 1.036666
0.842504 1.040495
0.842228 1.044598
0.841886 1.047710
0.841530 1.051763
0.841152 1.055206
