-0.101691
0.251149
0.184607
0.058263
0.411695
0.121144
0.279706
0.295365
-0.001981
0.235223
0.047806
0.088723
0.129986
-0.548531
0.142605
-1.525221
-1.417216
0.358674
-1.440929
0.196887
0.599303
0.136076
0.288968
-0.323171
0.066604
0.270316
-0.095495
0.074796
0.185825
0.194905
0.004396
-0.031378
-1.417828
0.142534
0.339307
0.187493
-0.022360
0.179460
-1.435949
-0.149771
-0.871500
0.253831
-1.395056
0.099073
0.175579
0.167530
0.216314
0.055868
0.219631
0.126045
0.108810
-0.036119
0.082715
-1.424242
0.048394
0.466650
0.188739
0.301441
0.188652
0.213736
0.072428
-1.388482
-0.032317
-1.400087
0.188598
-0.161557
0.122932
-0.364701
0.365023
0.216956
-0.083333
0.443156
0.162271
0.198411
-0.116962
-0.171996
-1.376190
0.489901
0.353901
0.281179
0.489543
-0.070958
0.419494
0.568996
-0.108245
-1.382118
0.320585
-0.071171
0.169053
0.336962
-1.435961
0.338057
0.219931
0.265864
-0.176774
-0.023957
-0.210839
0.155962
0.572967
0.142804
0.044044
0.191320
-0.130346
0.163511
0.323658
-0.190136
-0.203118
0.431727
-1.381709
0.122675
0.342502
0.004193
-0.124797
0.017719
0.162589
0.035751
-0.130336
0.124377
0.207567
-0.140472
0.280285
-0.494522
-0.114671
0.119183
0.032227
0.263451
0.166176
0.320893
0.317033
-0.095959
0.166288
-0.303498
0.126574
0.388138
0.263556
0.189691
0.070600
0.198697
0.019976
-0.425875
-0.143744
-1.401727
-1.384255
-0.043023
0.157878
0.403757
0.357623
0.031940
-0.024142
-0.342693
-1.416626
0.171765
0.290450
0.317111
-0.429114
-0.154537
0.172176
0.017479
0.243461
-0.000645
0.409746
0.149821
0.271584
0.192050
0.691789
0.406260
0.446350
0.275875
-0.319509
0.301203
0.068056
0.050178
0.230033
0.052670
0.226469
0.318116
0.400697
-0.308149
0.388796
0.216599
-0.154490
0.159776
0.094397
0.233247
-0.020464
0.319240
0.417613
0.348245
0.397076
-0.049426
0.061378
0.185068
0.082877
0.363164
-0.193608
0.277938
-0.083661
0.106329
0.556547
0.269977
-0.095649
0.342241
0.243038
0.139908
0.080084
0.243507
-0.061474
0.445670
0.098246
-0.073613
-0.015325
0.309270
0.016635
0.349036
-1.409912
0.075507
-0.018737
0.361678
0.215043
0.321589
0.289009
0.263070
0.332397
0.319040
0.312733
-1.380919
0.139360
-0.143127
0.167011
-0.988062
0.205311
-1.395665
0.102700
0.248434
-1.422406
-1.368057
-0.108808
0.201266
0.205926
0.181834
0.540621
0.035752
0.154705
0.247948
-0.024004
0.386899
0.140112
0.083503
-0.049080
0.183609
0.334392
0.265343
0.150919
0.355760
0.084889
0.024461
-1.405848
0.125481
-1.412889
0.134097
0.172785
0.121084
0.122997
0.240193
0.306108
0.094969
0.312042
0.483456
0.368784
-0.116000
-0.144006
-0.250237
0.271988
0.173025
0.078679
-1.436235
0.200426
0.047050
0.140015
0.380550
0.277061
0.153380
-0.210873
0.327681
0.156699
0.149904
0.192139
0.454256
-0.026940
0.261743
0.032492
-0.021879
0.233163
0.318965
0.092144
0.009830
0.111391
0.198951
0.385358
0.322091
