0.241068 0.434771
0.241068 0.434771
0.241068 0.434771
0.241068 0.434771
0.241068 0.434771
0.241068 0.434771
0.241068 0.434771
0.241068 0.434771
0.241068 0.434771
0.241068 0.434771
0.241068 0.434771
0.241068 0.434771
0.241068 0.434771
0.241068 0.434771
0.287264 1.085553
0.300772 1.094592
0.313719 1.102686
0.327105 1.110553
0.339321 1.117329
0.351731 1.123866
0.364154 1.130090
0.377025 1.136218
0.388385 1.141401
0.400669 1.146759
0.412139 1.151529
0.423606 1.156113
0.434891 1.160445
0.446244 1.164621
0.076437 0.659826
0.077386 0.659596
0.079229 0.661286
0.081632 0.664395
0.083444 0.666434
0.086947 0.672908
0.088741 0.675453
0.092778 0.684714
0.094962 0.689187
0.098491 0.698597
0.101400 0.706703
0.104464 0.716135
0.107561 0.726458
0.110286 0.735807
0.860684 0.477888
0.866818 0.492135
0.872322 0.506411
0.877496 0.521764
0.881788 0.536119
0.885645 0.551074
0.889095 0.566860
0.891991 0.582552
0.894556 0.599719
0.896718 0.618063
0.898314 0.633775
0.899716 0.651889
0.900901 0.672555
0.901846 0.689604
0.452601 0.445394
0.462253 0.449614
0.471626 0.453586
0.481253 0.457596
0.491382 0.461786
0.501984 0.466205
0.512540 0.470695
0.522764 0.475165
0.532967 0.479813
0.543189 0.484709
0.553602 0.490007
0.563799 0.495560
0.573554 0.501257
0.582924 0.507153
0.132650 0.603657
0.133387 0.604876
0.133485 0.604954
0.133036 0.603903
0.133183 0.603984
0.132766 0.602856
0.132270 0.601476
0.132173 0.600944
0.131551 0.599094
0.131095 0.597560
0.131085 0.597134
0.130546 0.595195
0.130478 0.594500
0.130757 0.594859
0.181384 0.559339
0.181946 0.562227
0.182924 0.567370
0.183470 0.570579
0.184455 0.576530
0.185259 0.581843
0.186107 0.587568
0.187188 0.595447
0.187909 0.600708
0.189129 0.610276
0.190042 0.617282
0.191181 0.626171
0.192416 0.635685
0.193516 0.643576
0.630009 0.155508
0.644366 0.169831
0.659508 0.183284
0.677789 0.198010
0.696442 0.211281
0.718813 0.226346
0.743181 0.242345
0.769419 0.260442
0.797817 0.282496
0.825866 0.308180
0.852024 0.337302
0.874284 0.367685
0.892884 0.399114
0.907584 0.430014
0.331786 0.344872
0.331786 0.344872
0.331786 0.344872
0.331786 0.344872
0.331786 0.344872
0.331786 0.344872
0.331786 0.344872
0.331786 0.344872
0.331786 0.344872
0.331786 0.344872
0.331786 0.344872
0.331786 0.344872
0.331786 0.344872
0.331786 0.344872
0.709549 0.389651
0.721168 0.399906
0.731813 0.409967
0.742351 0.420683
0.752124 0.431373
0.761555 0.442509
0.770318 0.453681
0.778550 0.465041
0.786368 0.476767
0.793897 0.489137
0.800757 0.501499
0.806777 0.513372
0.812526 0.525957
0.817720 0.538632
0.272955 0.788457
0.276534 0.795349
0.280284 0.802197
0.284204 0.809028
0.288312 0.815868
0.292576 0.822624
0.296968 0.829275
0.301625 0.836000
0.306401 0.842589
0.311349 0.849096
0.316251 0.855260
0.321489 0.861557
0.326995 0.867888
0.332545 0.873977
0.429417 0.278958
0.429494 0.279544
0.429851 0.280384
0.430869 0.281777
0.431345 0.282652
0.431842 0.283522
0.433508 0.285234
0.434820 0.286632
0.435878 0.287792
0.438455 0.289894
0.441244 0.292009
0.443194 0.293546
0.446818 0.295956
0.451499 0.298797
0.710651 0.954873
0.711911 0.959911
0.713525 0.965926
0.714934 0.971278
0.716195 0.976170
0.717800 0.981977
0.719177 0.987124
0.720589 0.992342
0.721859 0.997154
0.723294 1.002407
0.724542 1.007151
0.725833 1.012014
0.727350 1.017486
0.728341 1.021554
0.205943 0.515777
0.206563 0.517672
0.207321 0.520017
0.207696 0.521388
0.208197 0.523131
0.208847 0.525393
0.209289 0.527099
0.209655 0.528615
0.210283 0.531047
0.210735 0.532978
0.211054 0.534486
0.211605 0.536908
0.212116 0.539291
0.212402 0.540825
0.662866 1.093619
0.664817 1.096434
0.667410 1.099994
0.669573 1.103095
0.671838 1.106333
0.674216 1.109730
0.675605 1.111996
0.677897 1.115338
0.679750 1.118179
0.681542 1.120962
0.682292 1.122043
0.682292 1.122043
0.682292 1.122043
0.682292 1.122043
0.468338 0.702146
0.469217 0.703228
0.470097 0.704310
0.470978 0.705393
0.471857 0.706473
0.472735 0.707549
0.473619 0.708634
0.474508 0.709722
0.475390 0.710804
0.476271 0.711881
0.477152 0.712960
0.478032 0.714034
0.478918 0.715119
0.479808 0.716203
0.433968 0.923469
0.435659 0.924500
0.437241 0.925467
0.438811 0.926416
0.440358 0.927346
0.441928 0.928286
0.443516 0.929223
0.445097 0.930161
0.446683 0.931088
0.448266 0.932012
0.449910 0.932963
0.451615 0.933939
0.453095 0.934793
0.454541 0.935618
0.319290 0.886915
0.327537 0.895695
0.335779 0.903928
0.344403 0.912031
0.353470 0.920006
0.362793 0.927713
0.371837 0.934739
0.381852 0.942054
0.391941 0.948971
0.401373 0.955089
0.411321 0.961192
0.421472 0.967090
0.431789 0.972790
0.441344 0.977850
0.315449 0.610988
0.315887 0.612267
0.316415 0.613810
0.316841 0.615031
0.317220 0.616101
0.317728 0.617566
0.318235 0.619004
0.318637 0.620125
0.319094 0.621401
0.319635 0.622918
0.320092 0.624175
0.320501 0.625279
0.321032 0.626744
0.321574 0.628218
0.664270 0.834744
0.665985 0.842443
0.667445 0.849147
0.669126 0.856504
0.670659 0.863241
0.672335 0.870322
0.673935 0.877024
0.675577 0.883729
0.677298 0.890544
0.678891 0.896828
0.680780 0.903876
0.682323 0.909783
0.684321 0.916857
0.685793 0.922345
0.204498 0.519295
0.206101 0.524703
0.207538 0.530180
0.209045 0.536519
0.210471 0.543351
0.211789 0.550544
0.212950 0.557735
0.214087 0.565479
0.215301 0.574423
0.216603 0.584732
0.217889 0.595443
0.219141 0.606105
0.220445 0.616783
0.221879 0.628046
0.504306 0.962083
0.510253 0.965322
0.517039 0.968996
0.523699 0.972651
0.529108 0.975728
0.535958 0.979596
0.541360 0.982794
0.546691 0.986017
0.553105 0.989912
0.557337 0.992693
0.562709 0.996223
0.568097 0.999809
0.572169 1.002725
0.577704 1.006640
0.651675 0.967701
0.654790 0.973512
0.657792 0.979200
0.660910 0.985124
0.663746 0.990652
0.666656 0.996341
0.669444 1.001879
0.672170 1.007357
0.674898 1.012879
0.677484 1.018205
0.680056 1.023544
0.682571 1.028823
0.685025 1.034033
0.687366 1.039085
0.274758 0.427785
0.276607 0.431157
0.278398 0.434463
0.280181 0.437784
0.281951 0.441113
0.283721 0.444472
0.285496 0.447866
0.287268 0.451287
0.289012 0.454691
0.290739 0.458095
0.292436 0.461473
0.294116 0.464851
0.295787 0.468239
0.297468 0.471669
0.556270 1.114804
0.559797 1.116320
0.565032 1.118488
0.568491 1.120056
0.570375 1.121054
0.574903 1.123092
0.579472 1.125216
0.581171 1.126213
0.583301 1.127403
0.587892 1.129674
0.590524 1.131177
0.591592 1.131946
0.595173 1.133909
0.599147 1.136117
0.731700 0.824785
0.731710 0.831513
0.731961 0.841262
0.732095 0.847997
0.732393 0.855954
0.732756 0.863642
0.733087 0.870290
0.733771 0.879083
0.734058 0.884246
0.734975 0.893177
0.735467 0.898833
0.736327 0.906226
0.737216 0.913313
0.737904 0.919038
0.672998 1.138653
0.672998 1.138653
0.672998 1.138653
0.672998 1.138653
0.672998 1.138653
0.672998 1.138653
0.672998 1.138653
0.672998 1.138653
0.672998 1.138653
0.672998 1.138653
0.672998 1.138653
0.672998 1.138653
0.672998 1.138653
0.672998 1.138653
0.641302 0.458020
0.648568 0.463396
0.656019 0.469265
0.663109 0.475209
0.669804 0.481178
0.676445 0.487484
0.682866 0.493995
0.688927 0.500541
0.694791 0.507308
0.700397 0.514223
0.705653 0.521148
0.710721 0.528311
0.715571 0.535656
0.720305 0.543399
0.306443 0.368707
0.306443 0.368707
0.306443 0.368707
0.306443 0.368707
0.306443 0.368707
0.306443 0.368707
0.306443 0.368707
0.306443 0.368707
0.306443 0.368707
0.306443 0.368707
0.306443 0.368707
0.306443 0.368707
0.308985 0.372804
0.312169 0.377881
0.092528 0.633188
0.093219 0.633160
0.092821 0.630618
0.094656 0.633431
0.094770 0.631971
0.097074 0.636301
0.098169 0.637538
0.100592 0.642789
0.102608 0.647189
0.104936 0.652851
0.107745 0.660704
0.110013 0.667095
0.113118 0.677322
0.115254 0.684084
0.556717 0.888123
0.560932 0.892130
0.565265 0.896307
0.569613 0.900570
0.573871 0.904832
0.577658 0.908750
0.581397 0.912691
0.585403 0.916958
0.589367 0.921266
0.593067 0.925405
0.596490 0.929347
0.599821 0.933286
0.603541 0.937660
0.607079 0.941947
0.769572 1.056534
0.769572 1.056534
0.769572 1.056534
0.769572 1.056534
0.769572 1.056534
0.769572 1.056534
0.769572 1.056534
0.769572 1.056534
0.769572 1.056534
0.769572 1.056534
0.769572 1.056534
0.769572 1.056534
0.769572 1.056534
0.769572 1.056534
0.575778 0.839237
0.576684 0.840449
0.577482 0.841538
0.578301 0.842662
0.579216 0.843898
0.580074 0.845060
0.580868 0.846154
0.581762 0.847378
0.582624 0.848564
0.583416 0.849669
0.584255 0.850835
0.585127 0.852045
0.585920 0.853162
0.586716 0.854284
0.815599 0.864167
0.815742 0.869172
0.816061 0.875790
0.815875 0.876082
0.816353 0.883379
0.816533 0.887258
0.816680 0.890688
0.817467 0.898931
0.817222 0.899177
0.817896 0.905972
0.818374 0.911153
0.818390 0.913314
0.819334 0.921219
0.819700 0.925507
0.649193 0.853731
0.651617 0.861432
0.654023 0.869036
0.656583 0.876972
0.658987 0.884451
0.661357 0.891781
0.663887 0.899425
0.666351 0.906828
0.668677 0.913827
0.671203 0.921222
0.673689 0.928444
0.676007 0.935208
0.678492 0.942290
0.681030 0.949428
0.738071 0.770218
0.737937 0.779676
0.737782 0.786687
0.737652 0.796274
0.737510 0.803177
0.737428 0.812140
0.737352 0.819416
0.737334 0.827200
0.737375 0.834981
0.737435 0.841868
0.737609 0.849592
0.737716 0.855473
0.738118 0.864020
0.738233 0.868792
0.677126 1.130750
0.677126 1.130750
0.677126 1.130750
0.677126 1.130750
0.677126 1.130750
0.677126 1.130750
0.677126 1.130750
0.677126 1.130750
0.677126 1.130750
0.677126 1.130750
0.677126 1.130750
0.677126 1.130750
0.677126 1.130750
0.677126 1.130750
0.363992 1.039552
0.374786 1.045999
0.383754 1.051112
0.393799 1.056523
0.403855 1.061657
0.414021 1.066580
0.423801 1.071121
0.433070 1.075202
0.443347 1.079524
0.450759 1.082605
0.461614 1.086851
0.469638 1.089913
0.478505 1.093197
0.486837 1.096228
0.473996 0.849884
0.475086 0.850735
0.476416 0.851760
0.477898 0.852890
0.479038 0.853773
0.480119 0.854620
0.481541 0.855704
0.482919 0.856734
0.484081 0.857622
0.485356 0.858590
0.486705 0.859607
0.488000 0.860588
0.489289 0.861557
0.490556 0.862516
0.699846 1.016256
0.701171 1.019818
0.702435 1.023261
0.703716 1.026747
0.705005 1.030254
0.706252 1.033683
0.707431 1.036989
0.708672 1.040415
0.709892 1.043813
0.711075 1.047146
0.712192 1.050349
0.713314 1.053569
0.714414 1.056757
0.715489 1.059899
0.637623 1.044558
0.638500 1.045692
0.639864 1.047346
0.640672 1.048421
0.642113 1.050176
0.642798 1.051134
0.643925 1.052592
0.644867 1.053815
0.646017 1.055292
0.646906 1.056491
0.648034 1.057960
0.648877 1.059120
0.649967 1.060560
0.650944 1.061881
0.678874 0.720481
0.680206 0.729224
0.681406 0.737859
0.682540 0.746684
0.683557 0.755262
0.684590 0.764406
0.685403 0.772196
0.686356 0.781436
0.687110 0.789231
0.688008 0.798115
0.688770 0.805958
0.689622 0.814302
0.690468 0.822386
0.691341 0.830317
0.466687 0.394524
0.469042 0.395422
0.470636 0.396032
0.471463 0.396358
0.473618 0.397167
0.475862 0.398007
0.476720 0.398333
0.478315 0.398929
0.480815 0.399850
0.482118 0.400330
0.483190 0.400733
0.485727 0.401655
0.487639 0.402352
0.488605 0.402708
0.594671 0.353718
0.604996 0.359040
0.614225 0.363982
0.625042 0.370017
0.635557 0.376179
0.644725 0.381806
0.655068 0.388489
0.664999 0.395273
0.674200 0.401903
0.683464 0.408967
0.692654 0.416405
0.701221 0.423750
0.709811 0.431567
0.718150 0.439686
0.561781 0.863523
0.566773 0.868945
0.571387 0.874089
0.576081 0.879408
0.580595 0.884644
0.585036 0.889904
0.589434 0.895225
0.593436 0.900238
0.597842 0.905761
0.601664 0.910757
0.605765 0.916166
0.609528 0.921287
0.613336 0.926555
0.617079 0.931840
0.238582 0.453110
0.240940 0.457910
0.243578 0.463386
0.245835 0.468364
0.248118 0.473602
0.250318 0.478904
0.252295 0.483977
0.254391 0.489550
0.256147 0.494585
0.258028 0.500186
0.259744 0.505632
0.261376 0.511115
0.263075 0.517070
0.264474 0.522357
0.226567 0.496556
0.228481 0.501946
0.229847 0.506278
0.231524 0.511767
0.232735 0.516252
0.234228 0.521965
0.235312 0.526665
0.236674 0.532752
0.237672 0.537782
0.238927 0.544293
0.239857 0.549668
0.241023 0.556584
0.241927 0.562406
0.243025 0.569634
0.871392 0.758174
0.871744 0.767976
0.872164 0.780454
0.872705 0.792446
0.873273 0.799654
0.873894 0.806672
0.874725 0.816333
0.875565 0.823895
0.876246 0.828151
0.877007 0.832992
0.878141 0.840940
0.878987 0.845181
0.879503 0.846991
0.880418 0.851579
0.463767 0.209897
0.463379 0.210540
0.463691 0.211748
0.464724 0.213453
0.466309 0.215575
0.468924 0.218320
0.472103 0.221370
0.476499 0.225102
0.481061 0.228812
0.487431 0.233540
0.493312 0.237837
0.501301 0.243227
0.508945 0.248298
0.518557 0.254344
0.339821 0.429406
0.343466 0.434032
0.347120 0.438528
0.351076 0.443213
0.354961 0.447669
0.358943 0.452077
0.363275 0.456671
0.367386 0.460899
0.371792 0.465249
0.376453 0.469668
0.380873 0.473725
0.385765 0.478031
0.390713 0.482230
0.395485 0.486152
0.683265 1.120527
0.683265 1.120527
0.683265 1.120527
0.683265 1.120527
0.683265 1.120527
0.683265 1.120527
0.683265 1.120527
0.683265 1.120527
0.683265 1.120527
0.683265 1.120527
0.683265 1.120527
0.683265 1.120527
0.683265 1.120527
0.683265 1.120527
0.199129 0.606735
0.199815 0.612484
0.200472 0.617726
0.201184 0.623447
0.201976 0.629743
0.202888 0.636895
0.203842 0.644078
0.204817 0.651043
0.205741 0.657317
0.206764 0.663798
0.207842 0.670338
0.209095 0.677684
0.210451 0.685152
0.211897 0.692606
0.173301 0.520977
0.173301 0.520977
0.173301 0.520977
0.174611 0.523437
0.175690 0.525786
0.176921 0.528522
0.178291 0.531686
0.179152 0.533922
0.179839 0.535874
0.180834 0.538660
0.181571 0.540974
0.182044 0.542686
0.182737 0.545126
0.183446 0.547804
0.269058 0.559144
0.269435 0.560957
0.269718 0.562348
0.269865 0.563132
0.270167 0.564629
0.270543 0.566464
0.270712 0.567351
0.270915 0.568395
0.271283 0.570213
0.271552 0.571568
0.271714 0.572417
0.272041 0.574059
0.272424 0.575958
0.272576 0.576757
0.396207 1.058864
0.404908 1.063258
0.413836 1.067566
0.422750 1.071676
0.430942 1.075326
0.438498 1.078586
0.447151 1.082159
0.456393 1.085812
0.463349 1.088544
0.470217 1.091173
0.478578 1.094245
0.486504 1.097098
0.492500 1.099316
0.498830 1.101545
0.887668 0.410870
0.903449 0.445290
0.914602 0.476431
0.923234 0.509018
0.929390 0.542900
0.933479 0.579175
0.935869 0.616357
0.937375 0.655489
0.938922 0.693485
0.941650 0.726868
0.946149 0.751830
0.952199 0.768008
0.958315 0.775592
0.964651 0.778547
0.291268 0.655517
0.293496 0.663045
0.295698 0.670044
0.298122 0.677393
0.300667 0.684694
0.303288 0.691809
0.306146 0.699187
0.308990 0.706109
0.312246 0.713689
0.315384 0.720569
0.318882 0.727893
0.322427 0.734915
0.326189 0.742003
0.330134 0.749091
0.153236 0.566822
0.153442 0.567416
0.154098 0.568981
0.154392 0.569799
0.154415 0.569960
0.154852 0.571209
0.154843 0.571243
0.155088 0.572014
0.155513 0.573433
0.155606 0.573705
0.156363 0.576488
0.156914 0.578614
0.157527 0.581078
0.158721 0.586541
0.780856 0.400930
0.791634 0.414037
0.801526 0.427067
0.810913 0.440530
0.819690 0.454285
0.828146 0.468921
0.835697 0.483341
0.842231 0.497071
0.848275 0.511249
0.853878 0.526137
0.858562 0.540087
0.862947 0.555242
0.866637 0.569939
0.870021 0.586190
0.857554 0.840046
0.858318 0.849005
0.858558 0.850250
0.859375 0.857924
0.859567 0.858866
0.860283 0.864566
0.860399 0.865219
0.861320 0.871727
0.861238 0.871441
0.862062 0.877044
0.861943 0.876791
0.862776 0.882230
0.862860 0.883438
0.863675 0.888710
0.861736 0.750910
0.861813 0.764203
0.861970 0.776437
0.862209 0.784181
0.862497 0.793634
0.862867 0.803748
0.863293 0.811316
0.863705 0.816355
0.864304 0.825172
0.864906 0.831985
0.865356 0.835423
0.865993 0.841160
0.866802 0.848146
0.867242 0.850626
0.485166 0.368675
0.487457 0.369528
0.489953 0.370452
0.490797 0.370775
0.492491 0.371407
0.495256 0.372421
0.496565 0.372906
0.497637 0.373312
0.500446 0.374334
0.502477 0.375077
0.503450 0.375443
0.505726 0.376273
0.508298 0.377215
0.509397 0.377619
0.902305 0.654263
0.903368 0.672739
0.904283 0.690795
0.905158 0.707248
0.906078 0.723026
0.907130 0.737717
0.908384 0.751609
0.909839 0.763949
0.911695 0.776795
0.913632 0.786875
0.915735 0.795593
0.917816 0.802425
0.920106 0.808987
0.922767 0.815891
0.501504 0.425789
0.503889 0.426677
0.505190 0.427153
0.506615 0.427684
0.509017 0.428580
0.510822 0.429254
0.512057 0.429715
0.514262 0.430544
0.516540 0.431411
0.517907 0.431922
0.519684 0.432600
0.521992 0.433489
0.523574 0.434093
0.524957 0.434628
0.849474 0.774902
0.849392 0.788179
0.849490 0.796046
0.849620 0.806470
0.849790 0.813978
0.850031 0.821087
0.850354 0.829466
0.850656 0.834550
0.851131 0.842789
0.851350 0.844920
0.852011 0.853690
0.852218 0.855133
0.852709 0.860552
0.852960 0.862939
0.281192 0.393272
0.281192 0.393272
0.281192 0.393272
0.281192 0.393272
0.281192 0.393272
0.281192 0.393272
0.281192 0.393272
0.281192 0.393272
0.281192 0.393272
0.281192 0.393272
0.281192 0.393272
0.281192 0.393272
0.281192 0.393272
0.281192 0.393272
0.265792 0.408763
0.265792 0.408763
0.265792 0.408763
0.265792 0.408763
0.265792 0.408763
0.265792 0.408763
0.265792 0.408763
0.265792 0.408763
0.265792 0.408763
0.265792 0.408763
0.265792 0.408763
0.265792 0.408763
0.265792 0.408763
0.265792 0.408763
0.226443 0.451069
0.226443 0.451069
0.226443 0.451069
0.226443 0.451069
0.226443 0.451069
0.226443 0.451069
0.226443 0.451069
0.226443 0.451069
0.226443 0.451069
0.226443 0.451069
0.226443 0.451069
0.226443 0.451069
0.226443 0.451069
0.226443 0.451069
0.148773 0.631227
0.150944 0.642862
0.152707 0.652082
0.154485 0.661349
0.156827 0.674389
0.159242 0.687357
0.161361 0.697958
0.163821 0.710018
0.166698 0.723608
0.169560 0.736030
0.172395 0.747313
0.175878 0.760578
0.179660 0.773827
0.183338 0.785528
0.737685 0.901124
0.738591 0.908602
0.739193 0.914073
0.740197 0.921208
0.740970 0.927029
0.741972 0.933607
0.742877 0.939535
0.743942 0.945973
0.744973 0.952096
0.746011 0.958128
0.747055 0.964077
0.748128 0.970066
0.749233 0.976113
0.750166 0.981482
0.774498 0.870026
0.774654 0.875400
0.774858 0.880708
0.774961 0.884450
0.775069 0.887814
0.775202 0.891623
0.775380 0.895432
0.775560 0.899101
0.775929 0.904009
0.776421 0.909357
0.776928 0.914741
0.777423 0.919680
0.777827 0.923894
0.778149 0.927527
0.986166 0.778886
0.988188 0.776158
0.990289 0.774258
0.990499 0.769621
0.988871 0.762198
0.987645 0.756159
0.985183 0.748333
0.985488 0.746493
0.986090 0.745813
0.987272 0.746782
0.989584 0.750907
0.989944 0.751594
0.988963 0.749855
0.989265 0.751372
0.106927 0.680554
0.105318 0.676880
0.104090 0.673723
0.102678 0.670125
0.100879 0.665719
0.099655 0.662254
0.097670 0.657270
0.096443 0.653615
0.094938 0.649346
0.093603 0.645322
0.093015 0.642739
0.091634 0.638410
0.091733 0.637101
0.091328 0.634684
0.755983 0.897368
0.756622 0.904473
0.756946 0.909106
0.757888 0.917145
0.758180 0.921111
0.759277 0.929211
0.759670 0.933393
0.760762 0.940895
0.761395 0.945986
0.762373 0.952584
0.763101 0.957928
0.764024 0.964082
0.764907 0.970008
0.765635 0.975246
0.280518 0.393942
0.281419 0.395459
0.283819 0.399505
0.286216 0.403553
0.288617 0.407616
0.291003 0.411661
0.293394 0.415716
0.295785 0.419773
0.298176 0.423830
0.300568 0.427886
0.302964 0.431944
0.305370 0.436006
0.307767 0.440048
0.310179 0.444098
0.249220 0.426010
0.249220 0.426010
0.249220 0.426010
0.249220 0.426010
0.249220 0.426010
0.249220 0.426010
0.249220 0.426010
0.249220 0.426010
0.249220 0.426010
0.249220 0.426010
0.249220 0.426010
0.249220 0.426010
0.249220 0.426010
0.249220 0.426010
0.466350 0.306672
0.466543 0.306837
0.469079 0.308046
0.470726 0.308846
0.470890 0.308989
0.472877 0.309913
0.475336 0.311068
0.475626 0.311256
0.476959 0.311898
0.479714 0.313140
0.480606 0.313577
0.481238 0.313911
0.483901 0.315089
0.485546 0.315835
0.399036 0.320745
0.401918 0.324100
0.404924 0.327321
0.408265 0.330569
0.411997 0.333836
0.416239 0.337210
0.421048 0.340648
0.426763 0.344313
0.433278 0.348073
0.440708 0.351991
0.448970 0.355962
0.458009 0.359974
0.467944 0.364088
0.478519 0.368234
0.487450 0.901844
0.495377 0.906932
0.503303 0.912010
0.511812 0.917448
0.519268 0.922309
0.526625 0.927169
0.534235 0.932299
0.541727 0.937411
0.548308 0.942104
0.555039 0.947017
0.562007 0.952237
0.567936 0.956909
0.573617 0.961549
0.579985 0.966850
0.068497 0.768587
0.072197 0.777042
0.074701 0.784074
0.077936 0.795164
0.081014 0.807477
0.084034 0.820784
0.087527 0.836739
0.090737 0.851283
0.095406 0.870896
0.100079 0.888634
0.106105 0.908691
0.113671 0.930343
0.121952 0.950650
0.132732 0.973275
0.571298 0.120869
0.583386 0.136398
0.596570 0.152581
0.610209 0.168257
0.625946 0.184776
0.642182 0.200108
0.660760 0.215889
0.682078 0.232384
0.704334 0.248429
0.729232 0.266212
0.755296 0.285684
0.782549 0.308360
0.808657 0.333490
0.832923 0.361266
0.691765 1.108630
0.691765 1.108630
0.691765 1.108630
0.691765 1.108630
0.691765 1.108630
0.691765 1.108630
0.691765 1.108630
0.691765 1.108630
0.691765 1.108630
0.691765 1.108630
0.691765 1.108630
0.691765 1.108630
0.691765 1.108630
0.691765 1.108630
0.067550 0.693572
0.071716 0.698203
0.076066 0.704183
0.080391 0.711324
0.084084 0.718139
0.087936 0.726612
0.091791 0.736498
0.096084 0.749563
0.100225 0.763671
0.104183 0.778170
0.107944 0.792358
0.111912 0.807473
0.116355 0.824149
0.121416 0.842113
0.513095 0.987519
0.523413 0.992782
0.532894 0.997802
0.542383 1.002918
0.551153 1.007896
0.558770 1.012476
0.566215 1.017150
0.573050 1.021677
0.579402 1.026113
0.586321 1.031101
0.593010 1.036211
0.599231 1.041182
0.605392 1.046360
0.610304 1.050816
0.673797 1.129436
0.675431 1.131637
0.676144 1.132545
0.676144 1.132545
0.676144 1.132545
0.676144 1.132545
0.676144 1.132545
0.676144 1.132545
0.676144 1.132545
0.676144 1.132545
0.676144 1.132545
0.676144 1.132545
0.676144 1.132545
0.676144 1.132545
0.512511 0.384060
0.514169 0.384678
0.515218 0.385069
0.517933 0.386059
0.520184 0.386888
0.521322 0.387309
0.523532 0.388126
0.526317 0.389164
0.527555 0.389622
0.529296 0.390277
0.532101 0.391334
0.533969 0.392039
0.535371 0.392577
0.538038 0.393596
0.402031 1.058697
0.413644 1.064381
0.424584 1.069481
0.436260 1.074566
0.445978 1.078676
0.456879 1.083054
0.468014 1.087328
0.476632 1.090604
0.486801 1.094308
0.496623 1.097806
0.503964 1.100466
0.513056 1.103654
0.520963 1.106487
0.526734 1.108594
0.345481 0.332305
0.345481 0.332305
0.345481 0.332305
0.345481 0.332305
0.345481 0.332305
0.345481 0.332305
0.345481 0.332305
0.345481 0.332305
0.345481 0.332305
0.345481 0.332305
0.345481 0.332305
0.345481 0.332305
0.345481 0.332305
0.345481 0.332305
0.101426 0.656752
0.099539 0.651928
0.098582 0.648794
0.096914 0.644172
0.095979 0.640927
0.095111 0.637773
0.094193 0.634378
0.094398 0.633373
0.093626 0.630141
0.094594 0.630850
0.094874 0.629950
0.095854 0.630789
0.097482 0.633412
0.098278 0.633881
0.165259 0.577980
0.165860 0.580857
0.166858 0.586026
0.168131 0.593257
0.168988 0.598183
0.170130 0.605211
0.171597 0.614952
0.172679 0.621955
0.174002 0.630841
0.175652 0.642296
0.177029 0.651256
0.178572 0.661071
0.180503 0.673212
0.182323 0.683692
0.311044 0.569433
0.311447 0.570622
0.311969 0.572153
0.312389 0.573383
0.312732 0.574392
0.313226 0.575834
0.313744 0.577333
0.314092 0.578347
0.314498 0.579522
0.315027 0.581044
0.315459 0.582284
0.315816 0.583303
0.316316 0.584731
0.316844 0.586230
0.756281 0.799985
0.755939 0.810915
0.755639 0.818843
0.755403 0.827043
0.755276 0.837220
0.755178 0.844554
0.755132 0.851666
0.755284 0.860811
0.755474 0.868481
0.755530 0.873985
0.756020 0.883036
0.756439 0.890279
0.756698 0.895692
0.757445 0.904083
0.752658 0.297735
0.771201 0.313326
0.790013 0.330813
0.807850 0.349339
0.824405 0.368717
0.839260 0.388357
0.852726 0.408584
0.864771 0.429246
0.875597 0.450685
0.884493 0.470974
0.891902 0.490583
0.898148 0.510062
0.903789 0.531731
0.908429 0.554292
0.617571 0.932145
0.621588 0.937961
0.625140 0.943314
0.629214 0.949399
0.632577 0.954676
0.636356 0.960591
0.639693 0.966002
0.643067 0.971540
0.646457 0.977177
0.649466 0.982367
0.652875 0.988163
0.655727 0.993236
0.658868 0.998789
0.661708 1.003955
0.362623 0.316899
0.363368 0.318165
0.365260 0.321084
0.367103 0.323876
0.368987 0.326649
0.370832 0.329318
0.372668 0.331897
0.374528 0.334432
0.376401 0.336904
0.378211 0.339230
0.380109 0.341572
0.381995 0.343822
0.384002 0.346108
0.386026 0.348324
0.071593 0.757579
0.074257 0.763065
0.076418 0.768125
0.078575 0.773926
0.080795 0.780729
0.083254 0.789268
0.085893 0.799395
0.088429 0.809790
0.090680 0.819354
0.092964 0.829218
0.095674 0.840728
0.098755 0.853460
0.102209 0.866930
0.105829 0.880053
0.589073 1.072144
0.591455 1.073796
0.593801 1.075456
0.596203 1.077183
0.598389 1.078807
0.600548 1.080439
0.602901 1.082225
0.605290 1.084065
0.607677 1.085937
0.609914 1.087737
0.612127 1.089550
0.614309 1.091370
0.616497 1.093222
0.618728 1.095132
0.769429 0.896775
0.769928 0.903259
0.770436 0.909312
0.770649 0.913149
0.771632 0.921511
0.771833 0.924924
0.772600 0.931412
0.773330 0.937480
0.773881 0.942473
0.774807 0.949277
0.775298 0.953810
0.776097 0.959825
0.776868 0.965672
0.777493 0.970818
0.459249 0.547303
0.468439 0.553824
0.477639 0.560464
0.486854 0.567296
0.496001 0.574327
0.505021 0.581581
0.513856 0.589073
0.522448 0.596801
0.530753 0.604769
0.538811 0.613056
0.546542 0.621606
0.553936 0.630414
0.560982 0.639469
0.567738 0.648842
0.259138 0.941451
0.266470 0.950316
0.274161 0.959106
0.282004 0.967574
0.290428 0.976162
0.298443 0.983887
0.306872 0.991578
0.315929 0.999378
0.325246 1.006938
0.333941 1.013616
0.342863 1.020112
0.352527 1.026751
0.362274 1.033072
0.370738 1.038305
0.670218 1.099076
0.672495 1.102362
0.674358 1.105140
0.675780 1.107433
0.677828 1.110487
0.679775 1.113439
0.681260 1.115844
0.682802 1.118328
0.683766 1.119760
0.683766 1.119760
0.683766 1.119760
0.683766 1.119760
0.683766 1.119760
0.683766 1.119760
0.467477 1.126861
0.475179 1.129608
0.485509 1.133077
0.492075 1.135335
0.501820 1.138469
0.508031 1.140538
0.516370 1.143176
0.522284 1.145113
0.528897 1.147232
0.535152 1.149248
0.540024 1.150881
0.546221 1.152897
0.550313 1.154329
0.556607 1.156413
0.700868 1.098039
0.700868 1.098039
0.700868 1.098039
0.700868 1.098039
0.700868 1.098039
0.700868 1.098039
0.700868 1.098039
0.700868 1.098039
0.700868 1.098039
0.700868 1.098039
0.700868 1.098039
0.700868 1.098039
0.700868 1.098039
0.700868 1.098039
0.812644 0.868898
0.812565 0.870591
0.813037 0.879112
0.812885 0.879976
0.813298 0.886473
0.813550 0.890991
0.813660 0.894190
0.814415 0.902089
0.814230 0.902945
0.815098 0.911000
0.815311 0.914494
0.815804 0.919722
0.816541 0.926357
0.816829 0.930263
0.291421 1.090885
0.305059 1.099692
0.319723 1.108539
0.333839 1.116511
0.347334 1.123695
0.360659 1.130421
0.373810 1.136726
0.387763 1.143067
0.399411 1.148169
0.412253 1.153490
0.424595 1.158395
0.436895 1.163073
0.448267 1.167239
0.460430 1.171482
0.159910 0.543293
0.159910 0.543293
0.159910 0.543293
0.159910 0.543293
0.159910 0.543293
0.159910 0.543293
0.159910 0.543293
0.159910 0.543293
0.159910 0.543293
0.159910 0.543293
0.159910 0.543293
0.159910 0.543293
0.159910 0.543293
0.159910 0.543293
0.323272 0.352795
0.323272 0.352795
0.323272 0.352795
0.323272 0.352795
0.323272 0.352795
0.323272 0.352795
0.323272 0.352795
0.323272 0.352795
0.323272 0.352795
0.323272 0.352795
0.323272 0.352795
0.323272 0.352795
0.323272 0.352795
0.323272 0.352795
0.436207 0.917550
0.446263 0.923691
0.456270 0.929580
0.466143 0.935213
0.475900 0.940654
0.485163 0.945758
0.494263 0.950736
0.503168 0.955605
0.512398 0.960669
0.521360 0.965653
0.530281 0.970706
0.538012 0.975263
0.545241 0.979675
0.552197 0.984064
0.530050 0.959179
0.530787 0.959662
0.532257 0.960541
0.534294 0.961730
0.535038 0.962227
0.535959 0.962817
0.537835 0.963934
0.538952 0.964640
0.539546 0.965055
0.541438 0.966197
0.543004 0.967162
0.543469 0.967514
0.544784 0.968373
0.546716 0.969559
0.478147 0.340282
0.486661 0.343736
0.494394 0.346816
0.501826 0.349746
0.511602 0.353520
0.520020 0.356785
0.528649 0.360154
0.539136 0.364294
0.547941 0.367847
0.557633 0.371863
0.568128 0.376353
0.577110 0.380360
0.587392 0.385132
0.597546 0.390079
0.719789 0.361379
0.733953 0.373814
0.747835 0.387010
0.760761 0.400350
0.773083 0.414228
0.784540 0.428322
0.795079 0.442520
0.805098 0.457406
0.814428 0.472780
0.822927 0.488414
0.830243 0.503389
0.836804 0.518492
0.842913 0.534644
0.848258 0.550999
0.194125 0.490893
0.194125 0.490893
0.194125 0.490893
0.194125 0.490893
0.194125 0.490893
0.194125 0.490893
0.194125 0.490893
0.194125 0.490893
0.194125 0.490893
0.194125 0.490893
0.194125 0.490893
0.194125 0.490893
0.194125 0.490893
0.194125 0.490893
0.990291 0.764859
0.992998 0.771405
0.997234 0.781559
1.001499 0.792156
1.006266 0.804344
1.010830 0.816579
1.014334 0.826692
1.017955 0.837563
1.022624 0.852012
1.027349 0.867834
1.032848 0.888199
1.036793 0.905839
1.040221 0.924718
1.043232 0.947082
0.697754 1.101450
0.697754 1.101450
0.697754 1.101450
0.697754 1.101450
0.697754 1.101450
0.697754 1.101450
0.697754 1.101450
0.697754 1.101450
0.697754 1.101450
0.697754 1.101450
0.697754 1.101450
0.697754 1.101450
0.697754 1.101450
0.697754 1.101450
0.712252 1.087126
0.712252 1.087126
0.712252 1.087126
0.712252 1.087126
0.712252 1.087126
0.712252 1.087126
0.712252 1.087126
0.712252 1.087126
0.712252 1.087126
0.712252 1.087126
0.712252 1.087126
0.712252 1.087126
0.712252 1.087126
0.712252 1.087126
0.092804 0.779576
0.092804 0.779576
0.092804 0.779576
0.092804 0.779576
0.092804 0.779576
0.092804 0.779576
0.092804 0.779576
0.092804 0.779576
0.092804 0.779576
0.092928 0.779612
0.092235 0.777523
0.091005 0.774584
0.089228 0.770800
0.087531 0.766992
0.840809 1.055122
0.840809 1.055122
0.840809 1.055122
0.840809 1.055122
0.840809 1.055122
0.840809 1.055122
0.840809 1.055122
0.840809 1.055122
0.840809 1.055122
0.840809 1.055122
0.840809 1.055122
0.840809 1.055122
0.840809 1.055122
0.840809 1.055122
0.147262 0.567566
0.147262 0.567566
0.147262 0.567566
0.147262 0.567566
0.147262 0.567566
0.147262 0.567566
0.147262 0.567566
0.147262 0.567566
0.147262 0.567566
0.147262 0.567566
0.147262 0.567566
0.147262 0.567566
0.147262 0.567566
0.147262 0.567566
0.092224 0.699144
0.096353 0.710273
0.098765 0.716452
0.102485 0.728280
0.105153 0.736763
0.108708 0.749692
0.111507 0.759795
0.114912 0.772938
0.117883 0.784097
0.121476 0.797847
0.124923 0.810426
0.128598 0.823288
0.132644 0.836744
0.136874 0.849874
0.637788 0.960624
0.640112 0.964394
0.642393 0.968158
0.644616 0.971874
0.646818 0.975594
0.648996 0.979314
0.651120 0.982986
0.653212 0.986642
0.655284 0.990296
0.657323 0.993930
0.659292 0.997485
0.661216 1.001012
0.663131 1.004519
0.665015 1.008014
0.244736 0.547875
0.246030 0.555237
0.247126 0.561957
0.248233 0.568999
0.249434 0.576838
0.250409 0.583392
0.251720 0.592196
0.252797 0.599301
0.254074 0.607593
0.255392 0.615870
0.256654 0.623393
0.258229 0.632478
0.259666 0.640063
0.261397 0.648808
0.357316 0.321628
0.357316 0.321628
0.357316 0.321628
0.357316 0.321628
0.357316 0.321628
0.357316 0.321628
0.357316 0.321628
0.357316 0.321628
0.357316 0.321628
0.357633 0.322240
0.359368 0.324865
0.360846 0.327102
0.361974 0.328854
0.363352 0.330900
0.399093 0.839961
0.404045 0.844379
0.408953 0.848623
0.414009 0.852859
0.418969 0.856896
0.423988 0.860865
0.429078 0.864795
0.434200 0.868622
0.439513 0.872504
0.444654 0.876182
0.450012 0.879931
0.455231 0.883532
0.460546 0.887098
0.465896 0.890646
0.537987 0.203441
0.547335 0.211259
0.555348 0.217964
0.566226 0.226546
0.576506 0.234501
0.586136 0.241860
0.598654 0.251017
0.609512 0.258861
0.620321 0.266543
0.633285 0.275586
0.645153 0.283829
0.657085 0.292127
0.670798 0.301767
0.682502 0.310136
0.677049 1.086147
0.678849 1.089173
0.680604 1.092155
0.682618 1.095500
0.684513 1.098704
0.685851 1.101175
0.687207 1.103674
0.689078 1.106900
0.690778 1.109901
0.690778 1.109901
0.690778 1.109901
0.690778 1.109901
0.690778 1.109901
0.690778 1.109901
0.733195 0.860742
0.733638 0.868681
0.733965 0.874896
0.734726 0.883786
0.734975 0.888446
0.735927 0.897124
0.736462 0.902918
0.737389 0.910416
0.738223 0.917003
0.739042 0.923204
0.740263 0.930952
0.740904 0.935869
0.742291 0.943737
0.743222 0.949579
0.727266 0.665058
0.728574 0.674106
0.729693 0.683220
0.730570 0.692068
0.731298 0.700989
0.731856 0.709586
0.732326 0.718726
0.732622 0.727444
0.732835 0.736263
0.732971 0.745654
0.732997 0.752914
0.733014 0.762542
0.732962 0.770272
0.732901 0.778872
0.238812 0.676355
0.240790 0.685489
0.243109 0.695429
0.245359 0.704136
0.247980 0.713598
0.250918 0.723399
0.253789 0.732140
0.257074 0.741504
0.260692 0.751085
0.264285 0.759870
0.268334 0.769172
0.272688 0.778501
0.277059 0.787226
0.281897 0.796325
0.101812 0.665222
0.104337 0.671496
0.107410 0.680312
0.111132 0.692580
0.113852 0.701499
0.117215 0.713881
0.120602 0.727012
0.123488 0.738046
0.127005 0.752247
0.130462 0.765924
0.133609 0.777680
0.137747 0.793263
0.141579 0.806524
0.145646 0.819744
0.135185 0.820388
0.138270 0.830513
0.141440 0.840366
0.144658 0.849828
0.147978 0.859075
0.151502 0.868399
0.155369 0.878131
0.159485 0.887924
0.163739 0.897454
0.168493 0.907575
0.173535 0.917675
0.178697 0.927386
0.184182 0.937122
0.190038 0.946926
0.528207 1.006963
0.535729 1.010713
0.540457 1.013277
0.546914 1.016718
0.552111 1.019638
0.557400 1.022679
0.563199 1.026072
0.566906 1.028453
0.573133 1.032282
0.576659 1.034711
0.581357 1.037888
0.586090 1.041190
0.589312 1.043681
0.594737 1.047600
0.678511 1.121269
0.679723 1.123080
0.680750 1.124521
0.680750 1.124521
0.680750 1.124521
0.680750 1.124521
0.680750 1.124521
0.680750 1.124521
0.680750 1.124521
0.680750 1.124521
0.680750 1.124521
0.680750 1.124521
0.680750 1.124521
0.680750 1.124521
0.666991 1.146283
0.668640 1.148191
0.668640 1.148191
0.668640 1.148191
0.668640 1.148191
0.668640 1.148191
0.668640 1.148191
0.668640 1.148191
0.668640 1.148191
0.668640 1.148191
0.668640 1.148191
0.668640 1.148191
0.668640 1.148191
0.668640 1.148191
0.842051 0.679159
0.842593 0.695791
0.842835 0.711326
0.842815 0.728049
0.842586 0.745250
0.842424 0.758355
0.842259 0.770502
0.842035 0.784430
0.841895 0.797563
0.841903 0.807776
0.841997 0.815308
0.842139 0.824797
0.842400 0.834945
0.842728 0.843051
0.799205 0.287274
0.825634 0.311931
0.850290 0.339615
0.871394 0.368312
0.889266 0.398020
0.903695 0.427496
0.914733 0.455356
0.923094 0.481925
0.929849 0.510530
0.934642 0.539190
0.937977 0.569803
0.940078 0.602391
0.941285 0.634634
0.942289 0.670360
0.712121 0.360120
0.723939 0.370101
0.735912 0.380880
0.747274 0.391858
0.758223 0.403201
0.768568 0.414731
0.778599 0.426812
0.787632 0.438530
0.796313 0.450733
0.804417 0.463099
0.812365 0.476411
0.819542 0.489605
0.825731 0.502030
0.831678 0.515299
0.156069 0.550280
0.156069 0.550280
0.156069 0.550280
0.156069 0.550280
0.156069 0.550280
0.156069 0.550280
0.156069 0.550280
0.156069 0.550280
0.156069 0.550280
0.156069 0.550280
0.156069 0.550280
0.156069 0.550280
0.156069 0.550280
0.156069 0.550280
0.548434 0.975530
0.553605 0.978926
0.559693 0.982948
0.564740 0.986463
0.570260 0.990372
0.575367 0.994138
0.580106 0.997773
0.585150 1.001757
0.589123 1.005054
0.594353 1.009393
0.597657 1.012416
0.602997 1.017103
0.605831 1.019930
0.610782 1.024564
0.538127 1.144774
0.543648 1.146585
0.549004 1.148394
0.552578 1.149641
0.555550 1.150749
0.559649 1.152206
0.564517 1.153924
0.567643 1.155135
0.569392 1.155927
0.571922 1.156977
0.576402 1.158684
0.580117 1.160186
0.581603 1.160950
0.582648 1.161571
0.322896 0.793386
0.325450 0.797170
0.328152 0.801056
0.330914 0.804927
0.333710 0.808727
0.336563 0.812501
0.339431 0.816187
0.342402 0.819902
0.345315 0.823447
0.348347 0.827032
0.351473 0.830642
0.354690 0.834248
0.357971 0.837834
0.361314 0.841384
0.319740 0.356107
0.319740 0.356107
0.319740 0.356107
0.319740 0.356107
0.319740 0.356107
0.319740 0.356107
0.319740 0.356107
0.321835 0.359425
0.324139 0.363020
0.326440 0.366562
0.328778 0.370100
0.331128 0.373593
0.333503 0.377054
0.335901 0.380474
0.452093 0.304119
0.453914 0.305096
0.453967 0.305194
0.454757 0.305657
0.456886 0.306755
0.457684 0.307203
0.457798 0.307333
0.459880 0.308380
0.461526 0.309210
0.461760 0.309386
0.463156 0.310093
0.465422 0.311185
0.465803 0.311417
0.466378 0.311744
0.461949 0.351358
0.464406 0.352379
0.464830 0.352582
0.466042 0.353086
0.468619 0.354128
0.469759 0.354618
0.470351 0.354886
0.472992 0.355930
0.474896 0.356685
0.475468 0.356935
0.477426 0.357704
0.479940 0.358676
0.480617 0.358955
0.482030 0.359511
0.110920 0.836869
0.114119 0.848523
0.117663 0.860765
0.121433 0.872942
0.125271 0.884467
0.129615 0.896650
0.134319 0.908850
0.139399 0.921022
0.145287 0.934085
0.151728 0.947193
0.158503 0.959825
0.165718 0.972207
0.173686 0.984803
0.182079 0.996983
0.727915 1.009693
0.729414 1.015300
0.730535 1.019872
0.731747 1.024709
0.733141 1.030066
0.734196 1.034506
0.735422 1.039438
0.736448 1.043846
0.737559 1.048509
0.738818 1.053621
0.739687 1.057644
0.740866 1.062595
0.741775 1.066788
0.741855 1.067235
0.094770 0.877459
0.100654 0.899029
0.108403 0.923130
0.117976 0.947949
0.129672 0.973159
0.143317 0.997667
0.159620 1.022115
0.177105 1.044064
0.196291 1.064365
0.215343 1.081447
0.234021 1.095854
0.252387 1.108251
0.271243 1.119629
0.289721 1.129684
0.389077 0.592276
0.394062 0.598853
0.399132 0.605441
0.404333 0.612118
0.409585 0.618783
0.414903 0.625470
0.420300 0.632212
0.425771 0.639010
0.431272 0.645820
0.436823 0.652673
0.442430 0.659589
0.448070 0.666539
0.453731 0.673513
0.459435 0.680542
0.865576 0.535534
0.869436 0.548778
0.872834 0.562052
0.875855 0.575675
0.878634 0.590712
0.880997 0.606098
0.882940 0.621454
0.884487 0.636053
0.885750 0.650511
0.886850 0.667928
0.887709 0.685476
0.888389 0.700714
0.889006 0.715781
0.889626 0.730481
0.763860 1.058219
0.763860 1.058219
0.763860 1.058219
0.763860 1.058219
0.763860 1.058219
0.763860 1.058219
0.763860 1.058219
0.763860 1.058219
0.763860 1.058219
0.763860 1.058219
0.763860 1.058219
0.763860 1.058219
0.763860 1.058219
0.763860 1.058219
0.163835 0.536445
0.163835 0.536445
0.163835 0.536445
0.163835 0.536445
0.163835 0.536445
0.163835 0.536445
0.163835 0.536445
0.163835 0.536445
0.163835 0.536445
0.163835 0.536445
0.163835 0.536445
0.163835 0.536445
0.163835 0.536445
0.163835 0.536445
0.233649 0.591179
0.233948 0.593524
0.234136 0.594986
0.234200 0.595494
0.234444 0.597423
0.234732 0.599746
0.234801 0.600281
0.234953 0.601381
0.235253 0.603732
0.235420 0.605009
0.235497 0.605574
0.235773 0.607732
0.236049 0.609844
0.236148 0.610562
0.540883 0.906317
0.546416 0.910698
0.552318 0.915430
0.557304 0.919589
0.563087 0.924439
0.567873 0.928642
0.573046 0.933247
0.577976 0.937772
0.582479 0.942059
0.587435 0.946839
0.591594 0.951051
0.596348 0.955898
0.600317 0.960155
0.604598 0.964804
0.335504 1.150326
0.349991 1.156608
0.363271 1.162145
0.377362 1.167871
0.389665 1.172712
0.403351 1.177981
0.414515 1.182185
0.426795 1.186668
0.438442 1.190827
0.449756 1.194764
0.461110 1.198610
0.471053 1.201912
0.480508 1.204984
0.491815 1.208520
0.475891 1.102463
0.485815 1.106004
0.493707 1.108851
0.504050 1.112344
0.512169 1.115139
0.518558 1.117394
0.527556 1.120435
0.533654 1.122606
0.539427 1.124697
0.546993 1.127373
0.551915 1.129259
0.556877 1.131191
0.563775 1.133813
0.566187 1.134976
0.139870 0.583752
0.139870 0.583752
0.139870 0.583752
0.139870 0.583752
0.139870 0.583752
0.139870 0.583752
0.139870 0.583752
0.139870 0.583752
0.139870 0.583752
0.139870 0.583752
0.139870 0.583752
0.139870 0.583752
0.139870 0.583752
0.139870 0.583752
0.243570 0.432060
0.243570 0.432060
0.243570 0.432060
0.243570 0.432060
0.243570 0.432060
0.243570 0.432060
0.243570 0.432060
0.243570 0.432060
0.243570 0.432060
0.243570 0.432060
0.243570 0.432060
0.243570 0.432060
0.243570 0.432060
0.243570 0.432060
0.605623 0.984416
0.609986 0.989013
0.613231 0.992705
0.617740 0.997648
0.620585 1.001096
0.624614 1.005808
0.627770 1.009747
0.631025 1.013822
0.634635 1.018386
0.637417 1.022123
0.640839 1.026663
0.643546 1.030418
0.646718 1.034795
0.649646 1.038949
0.685143 1.117699
0.685143 1.117699
0.685143 1.117699
0.685143 1.117699
0.685143 1.117699
0.685143 1.117699
0.685143 1.117699
0.685143 1.117699
0.685143 1.117699
0.685143 1.117699
0.685143 1.117699
0.685143 1.117699
0.685143 1.117699
0.685143 1.117699
0.763754 0.799256
0.763380 0.807839
0.763052 0.816021
0.762772 0.824586
0.762548 0.831572
0.762411 0.840393
0.762281 0.846247
0.762307 0.854773
0.762235 0.859628
0.762547 0.869637
0.762482 0.873141
0.762937 0.882113
0.762979 0.886053
0.763563 0.894315
0.245096 0.430417
0.245096 0.430417
0.245096 0.430417
0.245096 0.430417
0.245096 0.430417
0.245096 0.430417
0.245096 0.430417
0.245096 0.430417
0.245096 0.430417
0.245096 0.430417
0.245096 0.430417
0.245096 0.430417
0.245096 0.430417
0.245096 0.430417
0.204469 1.049643
0.221867 1.066168
0.238564 1.080053
0.255881 1.092896
0.273308 1.104521
0.290394 1.114876
0.307060 1.124173
0.323284 1.132616
0.339282 1.140453
0.354697 1.147617
0.369481 1.154181
0.383854 1.160305
0.398169 1.166177
0.412341 1.171767
0.459961 0.222219
0.458975 0.222196
0.458924 0.222962
0.459955 0.224534
0.459712 0.225167
0.462559 0.227951
0.464274 0.229883
0.466920 0.232380
0.471634 0.236073
0.474301 0.238433
0.480609 0.242827
0.486090 0.246659
0.491700 0.250450
0.500278 0.255751
0.427383 0.262702
0.427383 0.262702
0.426929 0.262230
0.428982 0.265690
0.429492 0.267006
0.430933 0.269499
0.431375 0.270685
0.431951 0.271999
0.432474 0.273207
0.432493 0.273847
0.433339 0.275300
0.433117 0.275708
0.434193 0.277235
0.434745 0.278261
0.362795 0.726937
0.367038 0.733581
0.371407 0.740138
0.375947 0.746673
0.380652 0.753166
0.385550 0.759645
0.390579 0.766019
0.395746 0.772298
0.400990 0.778414
0.406425 0.784504
0.412097 0.790612
0.417882 0.796601
0.423724 0.802427
0.429828 0.808296
0.079968 0.759407
0.085433 0.775527
0.090173 0.792363
0.095188 0.812413
0.100999 0.836305
0.106915 0.859051
0.114757 0.885823
0.124401 0.913589
0.136119 0.941540
0.151037 0.970832
0.168551 0.999015
0.188448 1.025378
0.210382 1.049454
0.232192 1.069466
0.889315 0.637146
0.891086 0.659540
0.892424 0.682067
0.893527 0.707757
0.894579 0.730195
0.895817 0.751149
0.897401 0.770036
0.899323 0.785986
0.901563 0.799624
0.904328 0.813105
0.907258 0.824116
0.909726 0.830731
0.911969 0.835514
0.914069 0.839282
0.486288 0.224145
0.493471 0.229686
0.502144 0.235943
0.513338 0.243466
0.525431 0.251304
0.538364 0.259439
0.552409 0.268051
0.566194 0.276394
0.580741 0.285103
0.595832 0.294118
0.611272 0.303402
0.627742 0.313462
0.644290 0.323879
0.660761 0.334688
0.392324 0.359051
0.396762 0.362846
0.400394 0.365825
0.405343 0.369471
0.410056 0.372720
0.415256 0.376028
0.421415 0.379620
0.426695 0.382537
0.434240 0.386327
0.440567 0.389341
0.448391 0.392810
0.456247 0.396099
0.464124 0.399269
0.473436 0.402846
0.680604 1.124762
0.680604 1.124762
0.680604 1.124762
0.680604 1.124762
0.680604 1.124762
0.680604 1.124762
0.680604 1.124762
0.680604 1.124762
0.680604 1.124762
0.680604 1.124762
0.680604 1.124762
0.680604 1.124762
0.680604 1.124762
0.680604 1.124762
0.242032 0.433724
0.242032 0.433724
0.242032 0.433724
0.242032 0.433724
0.242736 0.434972
0.245935 0.440919
0.249232 0.447227
0.252113 0.453018
0.255074 0.459172
0.257916 0.465352
0.260497 0.471277
0.263192 0.477695
0.265631 0.483855
0.267991 0.490121
0.900804 0.872154
0.902503 0.878622
0.902260 0.878133
0.901931 0.877473
0.903850 0.885138
0.904883 0.889752
0.905094 0.891358
0.906541 0.898060
0.908264 0.906101
0.908606 0.908890
0.909716 0.914935
0.911302 0.923889
0.912642 0.932343
0.913494 0.939050
0.863927 0.899645
0.863679 0.899456
0.863782 0.901157
0.864963 0.908269
0.865826 0.913926
0.866164 0.917084
0.866615 0.920948
0.867544 0.927424
0.868369 0.933634
0.868854 0.938282
0.869644 0.944965
0.869963 0.949238
0.870668 0.956111
0.871384 0.964106
0.894578 0.649793
0.895904 0.670054
0.896999 0.692198
0.897969 0.712724
0.898990 0.731807
0.900173 0.748745
0.901740 0.766569
0.903455 0.779892
0.905834 0.795204
0.907808 0.803244
0.910758 0.815262
0.912841 0.820561
0.915830 0.828949
0.917760 0.832082
0.717154 1.033849
0.718577 1.038298
0.719886 1.042500
0.721057 1.046392
0.722263 1.050381
0.723536 1.054543
0.724690 1.058442
0.725753 1.062136
0.726970 1.066226
0.728128 1.070173
0.729139 1.073787
0.729302 1.074415
0.729302 1.074415
0.729302 1.074415
0.599048 1.029026
0.603506 1.032884
0.607093 1.036183
0.611284 1.040078
0.614642 1.043349
0.618654 1.047277
0.621998 1.050729
0.625528 1.054421
0.628730 1.057897
0.632177 1.061670
0.635368 1.065279
0.638554 1.068947
0.641577 1.072519
0.644892 1.076442
0.429009 1.017785
0.439697 1.022869
0.448798 1.027083
0.459283 1.031718
0.469407 1.036046
0.477728 1.039569
0.487732 1.043662
0.496793 1.047340
0.504110 1.050357
0.513438 1.054111
0.520706 1.057161
0.527157 1.059877
0.535563 1.063406
0.541295 1.065984
0.260861 0.413825
0.261320 0.414616
0.265155 0.421405
0.268993 0.428330
0.272744 0.435259
0.276360 0.442116
0.279908 0.449012
0.283401 0.455973
0.286860 0.463036
0.290265 0.470166
0.293537 0.477201
0.296751 0.484273
0.299975 0.491494
0.303195 0.498829
0.527299 0.193430
0.527299 0.193430
0.527299 0.193430
0.527299 0.193430
0.527299 0.193430
0.525887 0.191640
0.525129 0.190974
0.524524 0.190579
0.523893 0.190173
0.523072 0.189519
0.522046 0.188604
0.520533 0.187067
0.518685 0.185139
0.516775 0.183191
0.276793 0.440277
0.280363 0.447142
0.283897 0.454096
0.287329 0.461025
0.290663 0.467924
0.293951 0.474881
0.297256 0.482002
0.300524 0.489184
0.303670 0.496231
0.306787 0.503310
0.309986 0.510622
0.313202 0.518017
0.316332 0.525249
0.319451 0.532448
0.621653 1.081882
0.625271 1.085261
0.628120 1.088089
0.631367 1.091296
0.634416 1.094395
0.637644 1.097700
0.640771 1.100972
0.643713 1.104129
0.646720 1.107389
0.649586 1.110566
0.652593 1.113910
0.654706 1.116464
0.657676 1.119845
0.660036 1.122706
0.416421 0.288598
0.417195 0.289851
0.417863 0.290957
0.418599 0.292103
0.419318 0.293186
0.420024 0.294247
0.420776 0.295307
0.421585 0.296381
0.422484 0.297495
0.423411 0.298594
0.424471 0.299759
0.425639 0.300962
0.426994 0.302255
0.428480 0.303590
0.327413 0.680596
0.330512 0.687576
0.333536 0.694062
0.336796 0.700786
0.340166 0.707438
0.343638 0.713997
0.347391 0.720806
0.351098 0.727226
0.355061 0.733814
0.359135 0.740293
0.363365 0.746733
0.367756 0.753134
0.372311 0.759499
0.377061 0.765855
0.471370 0.758785
0.476190 0.764067
0.481008 0.769279
0.486016 0.774629
0.490985 0.779881
0.495897 0.785027
0.500833 0.790163
0.505788 0.795287
0.510800 0.800447
0.515697 0.805486
0.520564 0.810491
0.525457 0.815542
0.530320 0.820563
0.535121 0.825556
0.780455 0.923482
0.781302 0.930748
0.781894 0.936519
0.782629 0.942860
0.783151 0.947990
0.784031 0.954908
0.784745 0.960954
0.785484 0.967129
0.786088 0.972670
0.786825 0.978948
0.787335 0.984183
0.788213 0.991389
0.788546 0.995933
0.789341 1.003030
0.665209 1.097202
0.667395 1.100206
0.669310 1.102925
0.671088 1.105502
0.672730 1.107941
0.674610 1.110667
0.676524 1.113450
0.678190 1.115983
0.679650 1.118237
0.681121 1.120536
0.682221 1.122155
0.682221 1.122155
0.682221 1.122155
0.682221 1.122155
0.080701 0.755529
0.083932 0.764068
0.087853 0.776658
0.090982 0.787708
0.094444 0.801109
0.098409 0.817289
0.101906 0.831360
0.106070 0.847612
0.111174 0.866222
0.116119 0.882510
0.122424 0.901257
0.130015 0.921179
0.137918 0.939347
0.147708 0.959210
0.278155 0.498186
0.280806 0.505730
0.283378 0.513387
0.285874 0.521128
0.288219 0.528690
0.290525 0.536331
0.292894 0.544312
0.295301 0.552522
0.297736 0.560880
0.300081 0.568940
0.302456 0.577024
0.304887 0.585152
0.307493 0.593672
0.310180 0.602242
0.884908 0.564250
0.888833 0.584855
0.892074 0.607049
0.894581 0.629919
0.896502 0.654303
0.897904 0.676643
0.899097 0.700836
0.900249 0.724048
0.901607 0.745036
0.903254 0.762697
0.905480 0.780735
0.908199 0.796360
0.910632 0.805531
0.913810 0.816473
0.231628 0.445195
0.231628 0.445195
0.233403 0.448483
0.236875 0.455179
0.240040 0.461635
0.242929 0.467888
0.245693 0.474225
0.248458 0.480926
0.251039 0.487644
0.253378 0.494211
0.255541 0.500755
0.257662 0.507609
0.259756 0.514857
0.261732 0.522188
0.662916 1.054836
0.664935 1.058034
0.666988 1.061298
0.668772 1.064238
0.670612 1.067270
0.672787 1.070770
0.674728 1.073980
0.676442 1.076907
0.678115 1.079795
0.679921 1.082878
0.681580 1.085778
0.683159 1.088582
0.684904 1.091631
0.686590 1.094612
0.278603 0.395846
0.278603 0.395846
0.278603 0.395846
0.278603 0.395846
0.278603 0.395846
0.278603 0.395846
0.280499 0.399049
0.283357 0.403895
0.286211 0.408750
0.289054 0.413604
0.291891 0.418460
0.294728 0.423324
0.297564 0.428193
0.300395 0.433057
0.420606 0.819875
0.427042 0.825687
0.433452 0.831270
0.439852 0.836662
0.446369 0.841984
0.453011 0.847255
0.459656 0.852395
0.466471 0.857544
0.472813 0.862277
0.479672 0.867269
0.486341 0.872087
0.493096 0.876923
0.499498 0.881519
0.506136 0.886228
0.697644 1.101574
0.697644 1.101574
0.697644 1.101574
0.697644 1.101574
0.697644 1.101574
0.697644 1.101574
0.697644 1.101574
0.697644 1.101574
0.697644 1.101574
0.697644 1.101574
0.697644 1.101574
0.697644 1.101574
0.697644 1.101574
0.697644 1.101574
0.545814 0.242100
0.557720 0.250299
0.570006 0.258575
0.584788 0.268231
0.599882 0.277984
0.613327 0.286661
0.628237 0.296268
0.644308 0.306745
0.659416 0.316839
0.673873 0.326817
0.689823 0.338343
0.705256 0.350172
0.719405 0.361709
0.733869 0.374410
0.674551 1.135567
0.674551 1.135567
0.674551 1.135567
0.674551 1.135567
0.674551 1.135567
0.674551 1.135567
0.674551 1.135567
0.674551 1.135567
0.674551 1.135567
0.674551 1.135567
0.674551 1.135567
0.674551 1.135567
0.674551 1.135567
0.674551 1.135567
0.706266 0.885587
0.707592 0.893843
0.708415 0.899554
0.709895 0.907681
0.711051 0.914255
0.712394 0.921261
0.713899 0.928594
0.715020 0.934358
0.716835 0.942313
0.718013 0.947948
0.719620 0.954841
0.721185 0.961496
0.722567 0.967465
0.724214 0.974166
0.642257 0.954049
0.644510 0.958035
0.646757 0.962044
0.648946 0.965995
0.651125 0.969961
0.653361 0.974043
0.655539 0.978066
0.657686 0.982068
0.659805 0.986053
0.661858 0.989961
0.663828 0.993760
0.665789 0.997567
0.667716 1.001341
0.669626 1.005109
0.874417 0.700456
0.874856 0.715401
0.875223 0.729987
0.875591 0.743464
0.875991 0.757425
0.876485 0.771957
0.877056 0.780755
0.877769 0.792000
0.878649 0.803381
0.879443 0.809873
0.880471 0.818624
0.881615 0.827037
0.882421 0.830765
0.883502 0.836684
0.236647 0.637035
0.238472 0.648524
0.240463 0.659868
0.242662 0.671164
0.245148 0.682678
0.247908 0.694184
0.250957 0.705635
0.254429 0.717481
0.258248 0.729258
0.262440 0.740991
0.267002 0.752611
0.271964 0.764165
0.277342 0.775647
0.283002 0.786776
0.305227 0.544875
0.307426 0.551314
0.309910 0.558534
0.312222 0.565200
0.314690 0.572237
0.317189 0.579262
0.319649 0.586043
0.322341 0.593313
0.324900 0.600042
0.327738 0.607331
0.330496 0.614198
0.333433 0.621306
0.336454 0.628411
0.339523 0.635349
0.833679 1.053667
0.833679 1.053667
0.833679 1.053667
0.833679 1.053667
0.833679 1.053667
0.833679 1.053667
0.833679 1.053667
0.833679 1.053667
0.833679 1.053667
0.833679 1.053667
0.833679 1.053667
0.833679 1.053667
0.833679 1.053667
0.833679 1.053667
0.866732 0.453358
0.876315 0.474353
0.884580 0.495625
0.891439 0.516624
0.897406 0.539204
0.902195 0.562128
0.905899 0.584861
0.908980 0.611167
0.911176 0.636287
0.912941 0.664991
0.914418 0.692520
0.915911 0.715105
0.918035 0.740971
0.920690 0.760610
0.120606 0.902994
0.127752 0.921941
0.135119 0.939136
0.144333 0.958215
0.154090 0.975960
0.165439 0.994218
0.177784 1.011724
0.190865 1.028112
0.204848 1.043658
0.218875 1.057523
0.232799 1.069864
0.247063 1.081315
0.261734 1.092057
0.275825 1.101488
0.164967 0.538388
0.165998 0.540596
0.167103 0.543037
0.168265 0.545730
0.168715 0.547013
0.169577 0.549287
0.170184 0.551083
0.170517 0.552256
0.171213 0.554521
0.171493 0.555635
0.171961 0.557418
0.172520 0.559634
0.172790 0.560896
0.173508 0.563991
0.135089 0.591038
0.135107 0.590629
0.135203 0.590426
0.136015 0.592773
0.136650 0.594571
0.137017 0.595329
0.138059 0.598980
0.139330 0.603760
0.140021 0.606062
0.141093 0.610282
0.142640 0.617179
0.143805 0.622274
0.144870 0.626927
0.146590 0.635633
0.156500 0.647613
0.158115 0.656643
0.159871 0.666524
0.161748 0.676992
0.163639 0.687148
0.165751 0.698235
0.167786 0.708193
0.170292 0.720219
0.172529 0.729912
0.175430 0.742207
0.177885 0.751461
0.181296 0.764119
0.184230 0.773832
0.187855 0.785347
0.276766 0.397679
0.276766 0.397679
0.276766 0.397679
0.276766 0.397679
0.276766 0.397679
0.276766 0.397679
0.276766 0.397679
0.276766 0.397679
0.276766 0.397679
0.276766 0.397679
0.276766 0.397679
0.276766 0.397679
0.276766 0.397679
0.276766 0.397679
0.713321 0.449360
0.723893 0.460551
0.733766 0.471997
0.743064 0.483835
0.751669 0.495904
0.759790 0.508530
0.767306 0.521560
0.773982 0.534491
0.780039 0.547711
0.785519 0.561339
0.790270 0.574866
0.794421 0.588597
0.798114 0.603130
0.801115 0.617285
0.878396 0.796576
0.879351 0.807735
0.880320 0.816117
0.881200 0.821804
0.882320 0.829298
0.883461 0.835896
0.884215 0.838623
0.885418 0.844579
0.886642 0.850107
0.887143 0.850809
0.888206 0.854932
0.889445 0.859813
0.889731 0.859398
0.890355 0.861203
0.281742 0.392727
0.281742 0.392727
0.281742 0.392727
0.281742 0.392727
0.281742 0.392727
0.281742 0.392727
0.281742 0.392727
0.281742 0.392727
0.281742 0.392727
0.281742 0.392727
0.281742 0.392727
0.281742 0.392727
0.281742 0.392727
0.281742 0.392727
0.801283 0.925359
0.801871 0.930876
0.802459 0.936207
0.803064 0.941592
0.803383 0.945311
0.803801 0.949636
0.804263 0.954237
0.804860 0.959636
0.805157 0.963426
0.805655 0.968328
0.806209 0.973835
0.806730 0.979204
0.807170 0.984245
0.807409 0.988208
0.862411 0.488565
0.869552 0.506514
0.875967 0.525438
0.881510 0.544998
0.885875 0.563265
0.889715 0.583369
0.892875 0.604661
0.895446 0.628232
0.897243 0.648783
0.898727 0.672825
0.899920 0.696908
0.901035 0.718517
0.902317 0.739361
0.903890 0.757764
0.400117 0.296863
0.401703 0.299271
0.402902 0.301142
0.404133 0.302990
0.405672 0.305115
0.407324 0.307253
0.408517 0.308845
0.409668 0.310359
0.411123 0.312077
0.412968 0.314045
0.414843 0.315931
0.416353 0.317454
0.417981 0.318999
0.420561 0.321132
0.482261 0.555443
0.489855 0.560854
0.497205 0.566247
0.504623 0.571888
0.511970 0.577716
0.519080 0.583613
0.526038 0.589684
0.532938 0.596042
0.539573 0.602513
0.546011 0.609181
0.552227 0.616026
0.558229 0.623069
0.563968 0.630247
0.569506 0.637638
0.518615 0.452418
0.519939 0.452944
0.521558 0.453601
0.523715 0.454489
0.525360 0.455162
0.526722 0.455724
0.528834 0.456606
0.530831 0.457441
0.532202 0.458012
0.533955 0.458770
0.536105 0.459702
0.537623 0.460353
0.539072 0.460983
0.541220 0.461933
0.335677 0.341279
0.335677 0.341279
0.335677 0.341279
0.335677 0.341279
0.335677 0.341279
0.335677 0.341279
0.335677 0.341279
0.335677 0.341279
0.335677 0.341279
0.335677 0.341279
0.335677 0.341279
0.335677 0.341279
0.335677 0.341279
0.335677 0.341279
0.086583 0.793816
0.084869 0.790059
0.082953 0.785983
0.080925 0.781728
0.079074 0.777614
0.077198 0.773444
0.075204 0.769129
0.072767 0.764319
0.070322 0.759528
0.067944 0.754826
0.065900 0.750464
0.063972 0.746231
0.061936 0.741891
0.059698 0.737366
0.725766 0.994670
0.727474 1.001293
0.729117 1.007727
0.730598 1.013708
0.731989 1.019453
0.733678 1.026048
0.735176 1.032144
0.736415 1.037536
0.737727 1.043175
0.739271 1.049513
0.740457 1.054871
0.741650 1.060277
0.742917 1.065958
0.743035 1.066641
0.282507 0.437926
0.285560 0.443654
0.288630 0.449489
0.291597 0.455226
0.294606 0.461109
0.297507 0.466876
0.300475 0.472824
0.303317 0.478608
0.306265 0.484633
0.309063 0.490429
0.312016 0.496537
0.314787 0.502329
0.317753 0.508492
0.320543 0.514318
0.260440 0.420533
0.264033 0.426977
0.267466 0.433296
0.270759 0.439525
0.274121 0.446013
0.277348 0.452424
0.280460 0.458791
0.283604 0.465373
0.286605 0.471855
0.289534 0.478355
0.292517 0.485114
0.295334 0.491685
0.298138 0.498360
0.301022 0.505324
0.882106 0.591996
0.884997 0.612079
0.887266 0.632677
0.888928 0.651537
0.890311 0.675526
0.891312 0.695011
0.892199 0.716138
0.893109 0.735546
0.894158 0.752551
0.895550 0.770942
0.897136 0.784807
0.899101 0.798491
0.901285 0.810076
0.903234 0.817502
0.437218 0.318764
0.443273 0.322261
0.447385 0.324603
0.454304 0.328107
0.460421 0.331073
0.467705 0.334383
0.475846 0.337898
0.483429 0.341070
0.493410 0.345068
0.501442 0.348259
0.512824 0.352669
0.522032 0.356263
0.533294 0.360677
0.544092 0.364999
0.758634 0.572464
0.762718 0.583657
0.766228 0.594540
0.769438 0.605957
0.772246 0.617607
0.774726 0.629901
0.776637 0.641173
0.778246 0.652964
0.779595 0.665843
0.780488 0.677517
0.781111 0.689511
0.781462 0.701342
0.781579 0.713136
0.781500 0.724440
0.595954 1.024657
0.599925 1.028143
0.603944 1.031763
0.609468 1.036673
0.612698 1.039896
0.616660 1.043802
0.621461 1.048544
0.624498 1.051883
0.628244 1.055884
0.632324 1.060315
0.635477 1.063966
0.639045 1.068088
0.642434 1.072112
0.646083 1.076470
0.765366 0.905012
0.765620 0.909642
0.766688 0.919014
0.767155 0.924323
0.767834 0.930610
0.768894 0.938652
0.769567 0.944480
0.770322 0.950613
0.771394 0.958089
0.772148 0.964104
0.773103 0.970979
0.773831 0.976819
0.774841 0.983982
0.775456 0.989422
0.448830 0.993231
0.450698 0.994138
0.453069 0.995264
0.454162 0.995813
0.455543 0.996483
0.458132 0.997690
0.459603 0.998396
0.460328 0.998765
0.463012 0.999997
0.465215 1.001008
0.465921 1.001369
0.467845 1.002280
0.470583 1.003503
0.471437 1.003899
0.194299 0.682266
0.195931 0.691210
0.197748 0.700539
0.199429 0.708353
0.201595 0.718145
0.203663 0.726626
0.205882 0.735148
0.208603 0.745098
0.211025 0.753124
0.213830 0.761972
0.216901 0.771071
0.219808 0.779023
0.223369 0.788398
0.226805 0.796793
0.293386 0.381295
0.293386 0.381295
0.293386 0.381295
0.293386 0.381295
0.293386 0.381295
0.293386 0.381295
0.293386 0.381295
0.293386 0.381295
0.293386 0.381295
0.293386 0.381295
0.293386 0.381295
0.293386 0.381295
0.293386 0.381295
0.293386 0.381295
0.601391 0.483651
0.608911 0.488608
0.616728 0.494131
0.623837 0.499486
0.631062 0.505327
0.637953 0.511301
0.644520 0.517408
0.650964 0.523854
0.657018 0.530361
0.662825 0.537073
0.668389 0.544007
0.673601 0.551012
0.678596 0.558268
0.683345 0.565743
0.275224 0.585852
0.275675 0.588087
0.276137 0.590362
0.276526 0.592277
0.277062 0.594889
0.277377 0.596416
0.277986 0.599356
0.278295 0.600824
0.278855 0.603495
0.279248 0.605334
0.279745 0.607659
0.280225 0.609865
0.280656 0.611828
0.281221 0.614391
0.100423 0.732305
0.104094 0.744876
0.106708 0.753749
0.110381 0.767726
0.112978 0.777141
0.116747 0.791907
0.119780 0.803063
0.123576 0.817041
0.127246 0.829724
0.131525 0.843847
0.135904 0.857222
0.140706 0.870878
0.146100 0.885084
0.151967 0.899281
0.460156 0.959644
0.461339 0.960280
0.463053 0.961172
0.465176 0.962256
0.466293 0.962855
0.467548 0.963511
0.469846 0.964671
0.471353 0.965447
0.472143 0.965876
0.474349 0.966981
0.476546 0.968073
0.477318 0.968496
0.478820 0.969284
0.481239 0.970471
0.376743 0.369132
0.379933 0.372348
0.383110 0.375395
0.387051 0.378883
0.390757 0.381999
0.394385 0.384899
0.399044 0.388321
0.403436 0.391375
0.407616 0.394142
0.413160 0.397520
0.418365 0.400521
0.423216 0.403191
0.429596 0.406454
0.435700 0.409419
0.821226 0.814710
0.821112 0.820939
0.820946 0.830806
0.820893 0.834646
0.820922 0.844767
0.820906 0.847963
0.821030 0.855137
0.821078 0.859184
0.821284 0.865506
0.821411 0.869802
0.821627 0.874838
0.821887 0.879890
0.822006 0.883045
0.822516 0.889822
0.256820 0.632479
0.257046 0.633770
0.257224 0.634692
0.257599 0.636747
0.257939 0.638601
0.258131 0.639577
0.258421 0.641110
0.258812 0.643192
0.259058 0.644428
0.259273 0.645459
0.259666 0.647504
0.260011 0.649220
0.260226 0.650217
0.260544 0.651764
0.504799 0.280865
0.505330 0.281211
0.506875 0.282050
0.510049 0.283663
0.511362 0.284376
0.512299 0.284918
0.515348 0.286454
0.517383 0.287505
0.518250 0.288005
0.521099 0.289419
0.523847 0.290822
0.524641 0.291275
0.526778 0.292365
0.530011 0.293976
0.657669 1.132516
0.659537 1.134589
0.660935 1.136255
0.662416 1.138001
0.663720 1.139594
0.664902 1.141104
0.666724 1.143170
0.668384 1.145120
0.669456 1.146296
0.669456 1.146296
0.669456 1.146296
0.669456 1.146296
0.669456 1.146296
0.669456 1.146296
0.443483 0.978698
0.451741 0.982888
0.460108 0.987005
0.468493 0.991032
0.476324 0.994735
0.484651 0.998599
0.492026 1.002019
0.500080 1.005739
0.506679 1.008790
0.515385 1.012770
0.520413 1.015239
0.528429 1.019048
0.533534 1.021599
0.540813 1.025194
0.890332 0.538891
0.894676 0.557855
0.898198 0.576566
0.901253 0.597486
0.903702 0.619595
0.905523 0.640399
0.907004 0.662538
0.908256 0.685502
0.909433 0.706580
0.910829 0.729085
0.912485 0.747256
0.914543 0.763484
0.917013 0.777470
0.920116 0.791051
0.906363 0.693740
0.907475 0.712665
0.908783 0.732860
0.910393 0.750784
0.912319 0.765958
0.914801 0.780897
0.917358 0.791691
0.920839 0.804226
0.923113 0.808815
0.926976 0.818169
0.929555 0.821825
0.932648 0.826408
0.935461 0.829689
0.937700 0.831208
0.093457 0.644165
0.096709 0.650457
0.100237 0.658336
0.104198 0.668622
0.108134 0.680036
0.111981 0.692361
0.115940 0.706218
0.119731 0.720312
0.123732 0.736012
0.127776 0.752086
0.131926 0.768322
0.136456 0.785483
0.141301 0.802722
0.146441 0.819589
0.591387 0.293218
0.601570 0.299272
0.611002 0.304940
0.621841 0.311503
0.633032 0.318404
0.643775 0.325183
0.653603 0.331550
0.664407 0.338766
0.675520 0.346476
0.686022 0.354070
0.695840 0.361478
0.705918 0.369454
0.716258 0.378086
0.726056 0.386728
0.793287 0.831686
0.793097 0.838235
0.792949 0.843460
0.792874 0.850845
0.792768 0.854688
0.792826 0.862101
0.792856 0.867362
0.792866 0.871556
0.793191 0.879471
0.793031 0.880839
0.793488 0.888632
0.793664 0.893034
0.793860 0.897385
0.794519 0.905011
0.841122 0.368060
0.857322 0.391156
0.871420 0.414551
0.883844 0.438825
0.894096 0.462528
0.902133 0.484582
0.908971 0.507557
0.914595 0.531567
0.918841 0.555108
0.922194 0.580564
0.924604 0.606084
0.926473 0.635423
0.927874 0.664240
0.929253 0.692194
0.270276 0.404206
0.270276 0.404206
0.270276 0.404206
0.270276 0.404206
0.270276 0.404206
0.270276 0.404206
0.270276 0.404206
0.270276 0.404206
0.270276 0.404206
0.270276 0.404206
0.270276 0.404206
0.270276 0.404206
0.270276 0.404206
0.270276 0.404206
0.366717 0.313278
0.366717 0.313278
0.369316 0.317415
0.372352 0.322009
0.375724 0.326819
0.378990 0.331251
0.381864 0.335027
0.384796 0.338654
0.388361 0.342670
0.392109 0.346562
0.395667 0.350030
0.399376 0.353375
0.403902 0.357058
0.409101 0.360890
0.302854 0.372144
0.302854 0.372144
0.303726 0.373588
0.306960 0.378774
0.310095 0.383767
0.313230 0.388699
0.316544 0.393804
0.319708 0.398627
0.323004 0.403535
0.326386 0.408452
0.329704 0.413175
0.333246 0.418067
0.336750 0.422779
0.340342 0.427464
0.755044 0.945320
0.755993 0.951337
0.756571 0.955628
0.757406 0.960928
0.758343 0.966677
0.759172 0.971888
0.759938 0.976820
0.760643 0.981497
0.761426 0.986495
0.762309 0.991916
0.763066 0.996845
0.763627 1.001019
0.764448 1.006247
0.765311 1.011752
0.354755 1.079595
0.363255 1.084456
0.371120 1.088781
0.380149 1.093518
0.388670 1.097824
0.397038 1.101849
0.405410 1.105739
0.413804 1.109487
0.422119 1.113058
0.429648 1.116200
0.438004 1.119546
0.446021 1.122651
0.454234 1.125717
0.461627 1.128421
0.622749 0.301902
0.635559 0.310006
0.647615 0.317797
0.661203 0.326827
0.672418 0.334532
0.685857 0.344168
0.697645 0.353026
0.710008 0.362840
0.721951 0.372903
0.733456 0.383215
0.744763 0.394095
0.755407 0.405057
0.765523 0.416248
0.775451 0.428107
0.871833 0.759270
0.872329 0.777266
0.872984 0.789100
0.873757 0.800137
0.874765 0.812710
0.875840 0.822160
0.876730 0.827996
0.878050 0.837373
0.879252 0.844175
0.880034 0.847042
0.881375 0.853839
0.882458 0.858380
0.882920 0.859122
0.883861 0.862793
0.732420 0.849466
0.732631 0.856308
0.733120 0.865174
0.733335 0.870571
0.734043 0.879637
0.734468 0.885718
0.735133 0.892948
0.735881 0.900112
0.736509 0.906164
0.737645 0.914514
0.738070 0.918859
0.739500 0.927824
0.740158 0.932886
0.741336 0.940020
0.850385 0.808500
0.850610 0.818066
0.850880 0.824676
0.851169 0.830217
0.851632 0.839183
0.851864 0.841508
0.852378 0.848637
0.852796 0.853354
0.853064 0.855892
0.853638 0.861688
0.853756 0.862680
0.854311 0.867698
0.854736 0.871356
0.854747 0.871795
0.694824 0.925542
0.696637 0.932607
0.698361 0.939260
0.700555 0.947096
0.702547 0.954220
0.704376 0.960796
0.706402 0.967808
0.708445 0.974789
0.710267 0.981127
0.712188 0.987679
0.714164 0.994338
0.715911 1.000389
0.717802 1.006800
0.719552 1.012854
0.703263 0.750486
0.703681 0.757456
0.704103 0.764920
0.704537 0.772933
0.704872 0.779900
0.705206 0.786984
0.705609 0.794736
0.705925 0.801710
0.706196 0.807886
0.706662 0.815863
0.707091 0.822983
0.707419 0.829084
0.707915 0.836238
0.708482 0.843538
0.813076 0.860326
0.813291 0.866688
0.813524 0.872839
0.813506 0.874834
0.813421 0.876174
0.813708 0.881509
0.814181 0.888056
0.814319 0.891188
0.814313 0.893118
0.814549 0.896946
0.815244 0.903747
0.815715 0.908955
0.815719 0.910802
0.815895 0.913813
0.578389 0.884200
0.579318 0.885271
0.580104 0.886200
0.581120 0.887369
0.582156 0.888561
0.582930 0.889491
0.583832 0.890555
0.584914 0.891809
0.585746 0.892812
0.586487 0.893720
0.587521 0.894943
0.588455 0.896062
0.589179 0.896965
0.590108 0.898089
0.447076 1.102441
0.457538 1.106417
0.465228 1.109316
0.473469 1.112309
0.482872 1.115584
0.489293 1.117861
0.497395 1.120604
0.505264 1.123231
0.510722 1.125114
0.518517 1.127668
0.524414 1.129660
0.529037 1.131273
0.536375 1.133689
0.540564 1.135191
0.604471 0.846056
0.605172 0.847298
0.605868 0.848535
0.606560 0.849769
0.607252 0.851009
0.607915 0.852209
0.608599 0.853440
0.609311 0.854715
0.609996 0.855954
0.610674 0.857185
0.611348 0.858414
0.612026 0.859651
0.612699 0.860885
0.613366 0.862110
0.167951 0.560252
0.168169 0.561198
0.168823 0.563725
0.169141 0.565126
0.169626 0.567257
0.170405 0.570831
0.170770 0.572630
0.171578 0.576752
0.172358 0.580991
0.172866 0.583873
0.173967 0.590490
0.174716 0.595161
0.175513 0.600308
0.176660 0.608269
0.522527 0.828453
0.527962 0.833715
0.533378 0.838993
0.538643 0.844174
0.543950 0.849447
0.548936 0.854487
0.554222 0.859879
0.559080 0.864951
0.564032 0.870194
0.568859 0.875409
0.573482 0.880520
0.578240 0.885864
0.582537 0.890845
0.587154 0.896256
0.111283 0.630635
0.113143 0.635654
0.114476 0.638940
0.117134 0.647701
0.119128 0.654216
0.121019 0.660596
0.123743 0.671210
0.125660 0.678383
0.127831 0.687064
0.130618 0.699205
0.132553 0.707057
0.134947 0.717376
0.137609 0.729011
0.139797 0.737967
0.154709 0.866735
0.159609 0.878859
0.165143 0.891657
0.170375 0.902784
0.176511 0.915084
0.182915 0.926992
0.189694 0.938729
0.197018 0.950563
0.204663 0.962050
0.213057 0.973814
0.221648 0.985007
0.230489 0.995737
0.239279 1.005691
0.248738 1.015735
0.154736 0.568367
0.155001 0.569118
0.155269 0.569910
0.155324 0.570144
0.155636 0.571118
0.155683 0.571298
0.156165 0.572912
0.156276 0.573267
0.157044 0.576141
0.157275 0.576937
0.158357 0.581547
0.158717 0.582953
0.159968 0.588990
0.160592 0.591895
0.255854 0.530266
0.257214 0.536450
0.258787 0.543828
0.260192 0.550906
0.261488 0.557678
0.263014 0.565828
0.264272 0.572824
0.265659 0.580538
0.267157 0.588863
0.268472 0.596099
0.270052 0.604589
0.271605 0.612661
0.273152 0.620350
0.274993 0.629140
0.862235 0.424027
0.872237 0.443034
0.880773 0.461410
0.887681 0.478157
0.894223 0.496634
0.899480 0.513787
0.904358 0.533089
0.908424 0.552886
0.911527 0.571335
0.914078 0.590425
0.916306 0.612953
0.917986 0.635236
0.919358 0.658960
0.920494 0.679511
0.476368 1.037515
0.485065 1.041138
0.493521 1.044650
0.503445 1.048606
0.510431 1.051513
0.518313 1.054760
0.526396 1.058114
0.531933 1.060559
0.539650 1.063887
0.545961 1.066776
0.551385 1.069317
0.558171 1.072529
0.563314 1.075141
0.567479 1.077399
0.718713 0.819153
0.719040 0.829549
0.719478 0.839853
0.720017 0.849812
0.720591 0.859236
0.721354 0.869028
0.722223 0.878468
0.723084 0.887150
0.724053 0.895689
0.725123 0.904131
0.726304 0.912561
0.727508 0.920607
0.728869 0.928903
0.730258 0.936928
0.432880 0.631218
0.438621 0.637987
0.444401 0.644821
0.450191 0.651695
0.456002 0.658628
0.461823 0.665619
0.467651 0.672663
0.473476 0.679755
0.479304 0.686897
0.485119 0.694077
0.490920 0.701285
0.496708 0.708529
0.502485 0.715809
0.508225 0.723095
0.122443 0.631137
0.122443 0.631137
0.122443 0.631137
0.122443 0.631137
0.122443 0.631137
0.122443 0.631137
0.122443 0.631137
0.122443 0.631137
0.122443 0.631137
0.122443 0.631137
0.122443 0.631137
0.122443 0.631137
0.122443 0.631137
0.122443 0.631137
0.291642 0.382995
0.291642 0.382995
0.291642 0.382995
0.291642 0.382995
0.291642 0.382995
0.291642 0.382995
0.291642 0.382995
0.291642 0.382995
0.291642 0.382995
0.291642 0.382995
0.291642 0.382995
0.291642 0.382995
0.291642 0.382995
0.291642 0.382995
0.825859 0.861581
0.825975 0.864785
0.826163 0.868689
0.826337 0.872055
0.826537 0.875480
0.826742 0.878759
0.826980 0.882153
0.827135 0.884637
0.827301 0.887192
0.827392 0.889099
0.827570 0.891662
0.827694 0.893806
0.827756 0.895497
0.827948 0.897926
0.892894 0.843597
0.894153 0.847264
0.895855 0.853356
0.896301 0.852794
0.898186 0.859227
0.898605 0.858874
0.899484 0.860776
0.900389 0.862903
0.900357 0.861443
0.902141 0.867318
0.901238 0.863010
0.902814 0.868344
0.902595 0.867170
0.903211 0.869288
0.728633 1.057662
0.729992 1.062438
0.731074 1.066540
0.732318 1.071079
0.732624 1.072353
0.732624 1.072353
0.732624 1.072353
0.732624 1.072353
0.732624 1.072353
0.732624 1.072353
0.732624 1.072353
0.732624 1.072353
0.732624 1.072353
0.732624 1.072353
0.472887 0.229117
0.472887 0.229117
0.472278 0.228541
0.473050 0.230230
0.472430 0.229987
0.471866 0.229862
0.471749 0.230363
0.470804 0.229822
0.469244 0.228586
0.468371 0.228255
0.467236 0.227629
0.465388 0.226326
0.463948 0.225528
0.463015 0.225289
0.294452 0.574784
0.294801 0.576092
0.295257 0.577786
0.295567 0.578945
0.295829 0.579926
0.296281 0.581600
0.296690 0.583106
0.296951 0.584072
0.297308 0.585388
0.297768 0.587072
0.298087 0.588235
0.298355 0.589208
0.298809 0.590860
0.299229 0.592373
0.098674 0.812701
0.102082 0.826509
0.105617 0.840345
0.109865 0.856258
0.113912 0.870232
0.119119 0.886846
0.124465 0.902212
0.131523 0.920546
0.138370 0.936293
0.146928 0.953976
0.156004 0.970623
0.166319 0.987520
0.177554 1.003915
0.189516 1.019491
0.521914 0.965746
0.527758 0.969066
0.533838 0.972561
0.539069 0.975673
0.543661 0.978498
0.548977 0.981775
0.554555 0.985278
0.558996 0.988217
0.563018 0.990973
0.568094 0.994435
0.573028 0.997904
0.576875 1.000779
0.580339 1.003467
0.584941 1.006987
0.309707 0.453629
0.312756 0.458910
0.315831 0.464212
0.318910 0.469494
0.322006 0.474768
0.325133 0.480052
0.328270 0.485303
0.331464 0.490585
0.334675 0.495833
0.337924 0.501068
0.341237 0.506325
0.344565 0.511523
0.347965 0.516740
0.351421 0.521945
0.615992 1.025951
0.619784 1.030048
0.624668 1.035273
0.628937 1.040066
0.632469 1.044255
0.636094 1.048625
0.640274 1.053665
0.643906 1.058239
0.647252 1.062589
0.651060 1.067521
0.654315 1.071923
0.657479 1.076284
0.660728 1.080802
0.664244 1.085710
0.059911 0.748308
0.062903 0.750561
0.066239 0.754329
0.069754 0.759766
0.072544 0.765013
0.076339 0.774556
0.079017 0.782510
0.082294 0.794084
0.085521 0.806980
0.088649 0.820396
0.092291 0.836358
0.095633 0.850654
0.100451 0.869908
0.105174 0.886969
0.597377 1.164712
0.598946 1.165703
0.602340 1.167418
0.604084 1.168492
0.607441 1.170282
0.609733 1.171665
0.612017 1.173017
0.614853 1.174668
0.618010 1.176500
0.620309 1.177975
0.623178 1.179702
0.626373 1.181640
0.627462 1.182552
0.631618 1.185026
0.662776 1.062248
0.664575 1.064998
0.666232 1.067587
0.667898 1.070206
0.669700 1.073017
0.671347 1.075663
0.672956 1.078235
0.674417 1.080651
0.675872 1.083069
0.677523 1.085758
0.679023 1.088260
0.680577 1.090844
0.682120 1.093427
0.683464 1.095756
0.362406 1.099362
0.374195 1.105576
0.387290 1.112055
0.399551 1.117792
0.411948 1.123277
0.424368 1.128478
0.436448 1.133280
0.447010 1.137334
0.458257 1.141440
0.470285 1.145634
0.479236 1.148690
0.489787 1.152140
0.499706 1.155298
0.507443 1.157778
0.853368 0.775271
0.853444 0.785041
0.853573 0.794248
0.853749 0.805086
0.853998 0.810597
0.854340 0.820880
0.854674 0.826453
0.855079 0.833026
0.855596 0.840526
0.855857 0.842595
0.856568 0.851075
0.856913 0.853931
0.857346 0.857694
0.857839 0.861880
0.210968 0.469350
0.210968 0.469350
0.210968 0.469350
0.210968 0.469350
0.210968 0.469350
0.210968 0.469350
0.210968 0.469350
0.210968 0.469350
0.210968 0.469350
0.210968 0.469350
0.210968 0.469350
0.210968 0.469350
0.210968 0.469350
0.210968 0.469350
0.300294 1.072427
0.312446 1.080810
0.324214 1.088429
0.335363 1.095246
0.346620 1.101764
0.358368 1.108201
0.369521 1.114006
0.381394 1.119858
0.391139 1.124499
0.402702 1.129674
0.413527 1.134326
0.424718 1.138905
0.434446 1.142778
0.445196 1.146807
0.394951 1.054333
0.408011 1.060952
0.421207 1.067200
0.433546 1.072714
0.445067 1.077613
0.457117 1.082477
0.469472 1.087228
0.481106 1.091547
0.491848 1.095473
0.502808 1.099320
0.511999 1.102595
0.520123 1.105551
0.528105 1.108404
0.535184 1.111028
0.674391 1.135879
0.674391 1.135879
0.674391 1.135879
0.674391 1.135879
0.674391 1.135879
0.674391 1.135879
0.674391 1.135879
0.674391 1.135879
0.674391 1.135879
0.674391 1.135879
0.674391 1.135879
0.674391 1.135879
0.674391 1.135879
0.674391 1.135879
0.818413 0.379870
0.832425 0.398584
0.845310 0.418014
0.856959 0.437956
0.867150 0.457839
0.875659 0.476736
0.883333 0.496603
0.889609 0.515547
0.895308 0.536516
0.899826 0.556816
0.903584 0.578217
0.906615 0.600768
0.909040 0.625520
0.910778 0.647940
0.721628 1.079668
0.721628 1.079668
0.721628 1.079668
0.721628 1.079668
0.721628 1.079668
0.721628 1.079668
0.721628 1.079668
0.721628 1.079668
0.721628 1.079668
0.721628 1.079668
0.721628 1.079668
0.721628 1.079668
0.721628 1.079668
0.721628 1.079668
0.086909 0.684250
0.089792 0.690391
0.092642 0.697033
0.095253 0.703566
0.097526 0.709396
0.099809 0.715736
0.102281 0.723262
0.105015 0.732396
0.107711 0.741910
0.110147 0.750706
0.112425 0.759048
0.114734 0.767660
0.117251 0.777296
0.120106 0.788385
0.876175 0.675770
0.876958 0.692660
0.877552 0.710349
0.878052 0.726328
0.878519 0.744449
0.879076 0.758220
0.879778 0.774951
0.880564 0.785174
0.881644 0.799250
0.882693 0.808021
0.883999 0.818215
0.885252 0.825472
0.886625 0.833123
0.887750 0.837677
0.863146 0.796515
0.863631 0.805524
0.864288 0.817411
0.864951 0.825213
0.865601 0.831398
0.866625 0.841481
0.867252 0.845780
0.867916 0.850056
0.869013 0.857791
0.869399 0.859216
0.869969 0.862261
0.870988 0.868230
0.871037 0.867795
0.871656 0.871370
0.433994 0.318968
0.437023 0.320944
0.441963 0.323800
0.446316 0.326211
0.450160 0.328284
0.456542 0.331389
0.462579 0.334201
0.467617 0.336497
0.475007 0.339651
0.482561 0.342766
0.488840 0.345321
0.496919 0.348507
0.506166 0.352091
0.513514 0.354941
0.902297 0.468038
0.908451 0.486336
0.913763 0.505117
0.918047 0.523357
0.921909 0.544220
0.924959 0.565759
0.927157 0.586037
0.928875 0.607411
0.930217 0.630393
0.931298 0.654268
0.932276 0.676853
0.933446 0.699212
0.935062 0.720339
0.937358 0.739381
0.415228 1.085285
0.424525 1.089446
0.433186 1.093137
0.442680 1.097023
0.451475 1.100501
0.458663 1.103300
0.468682 1.106976
0.476626 1.109854
0.483770 1.112404
0.492379 1.115359
0.499602 1.117835
0.505735 1.119946
0.513935 1.122654
0.519499 1.124565
0.216746 0.977280
0.226117 0.989142
0.235710 1.000405
0.245260 1.010834
0.255509 1.021292
0.266345 1.031599
0.277437 1.041426
0.288032 1.050194
0.299036 1.058740
0.310631 1.067183
0.322239 1.075109
0.333108 1.082104
0.344051 1.088764
0.356006 1.095617
0.842068 0.860404
0.842222 0.863187
0.842789 0.870200
0.843430 0.876963
0.843563 0.879261
0.843617 0.881148
0.844191 0.886761
0.845108 0.894323
0.845564 0.898637
0.845652 0.901180
0.846245 0.906570
0.847369 0.914782
0.848270 0.922131
0.848749 0.927200
0.270693 1.056693
0.283996 1.067196
0.297448 1.077027
0.310736 1.086060
0.324543 1.094820
0.337408 1.102463
0.350865 1.109990
0.363353 1.116570
0.376223 1.122990
0.390202 1.129544
0.401440 1.134604
0.414162 1.140011
0.426946 1.145160
0.438093 1.149490
