0.139004 0.585770
0.139721 0.587033
0.140279 0.588049
0.140703 0.588846
0.140978 0.589390
0.141190 0.589799
0.141179 0.589754
0.141054 0.589448
0.140925 0.589109
0.140772 0.588690
0.140637 0.588290
0.140513 0.587882
0.140510 0.587752
0.140438 0.587445
0.140392 0.587195
0.140397 0.587079
0.140331 0.586751
0.140199 0.586194
0.140145 0.585843
0.140117 0.585544
0.140115 0.585302
0.140214 0.585403
0.140534 0.586183
0.140884 0.587145
0.141293 0.588362
0.141798 0.590005
0.142327 0.591808
0.142700 0.592993
0.143140 0.594477
0.143610 0.596176
0.144142 0.598069
0.144718 0.600267
0.145557 0.603865
0.146402 0.607622
0.147285 0.611715
0.148180 0.616010
0.149181 0.621047
0.149996 0.625094
0.150779 0.628993
0.151591 0.633113
0.152497 0.637888
0.153388 0.642593
0.154410 0.648219
0.155498 0.654318
0.156614 0.660592
0.157751 0.666974
0.158905 0.673448
0.160062 0.679697
0.161166 0.685538
0.162290 0.691361
0.163422 0.697064
0.164639 0.703108
0.165922 0.709345
0.167372 0.716327
0.168848 0.723156
0.170383 0.729989
0.171979 0.736815
0.173628 0.743577
0.175155 0.749465
0.176853 0.755861
0.178611 0.762212
0.180361 0.768233
0.182312 0.774767
0.184290 0.781139
0.186472 0.787886
0.188725 0.794568
0.191072 0.801239
0.193492 0.807820
0.195847 0.813924
0.198254 0.819921
0.200897 0.826307
0.203542 0.832426
0.206349 0.838698
0.209232 0.844898
0.212313 0.851306
0.215490 0.857682
0.218732 0.863892
0.222051 0.870037
0.225429 0.876064
0.228998 0.882224
0.232667 0.888328
0.236450 0.894396
0.240336 0.900407
0.244446 0.906549
0.248605 0.912541
0.252868 0.918461
0.257162 0.924209
0.261568 0.929903
0.265979 0.935400
0.270621 0.941000
0.275244 0.946382
0.280385 0.952162
0.285351 0.957533
0.290422 0.962825
0.295920 0.968359
0.300912 0.973204
0.306415 0.978357
0.311610 0.983057
0.317511 0.988183
0.323126 0.992891
0.329160 0.997764
0.334813 1.002167
0.340669 1.006563
0.346098 1.010505
0.351978 1.014638
0.358025 1.018712
0.364535 1.022943
0.370640 1.026772
0.377051 1.030642
0.383361 1.034317
0.388895 1.037479
0.394665 1.040630
0.400919 1.043942
0.407023 1.047073
0.413206 1.050141
0.419240 1.053051
0.425014 1.055789
0.431272 1.058608
0.437217 1.061240
0.443358 1.063879
0.449409 1.066415
0.454797 1.068643
0.460021 1.070794
0.465232 1.072844
0.470447 1.074886
0.475341 1.076782
0.481125 1.078963
0.486428 1.080947
0.491572 1.082884
0.497101 1.084868
0.502277 1.086750
0.507130 1.088517
0.510954 1.089949
0.514845 1.091397
0.518335 1.092749
0.522220 1.094168
0.526018 1.095594
0.530215 1.097160
0.534385 1.098727
0.538402 1.100257
0.542028 1.101672
0.545672 1.103139
0.548771 1.104371
0.551731 1.105602
0.554408 1.106746
0.556840 1.107816
0.559109 1.108840
0.561825 1.110071
0.565285 1.111544
0.568373 1.112933
0.571393 1.114323
0.574687 1.115849
0.577013 1.117012
0.578607 1.117920
0.580386 1.118854
0.582080 1.119798
0.583597 1.120673
0.585322 1.121651
0.588145 1.123138
0.590522 1.124478
0.592965 1.125819
0.595407 1.127217
0.597713 1.128573
0.599196 1.129541
0.600573 1.130470
0.602116 1.131516
0.603638 1.132512
0.605289 1.133613
0.607209 1.134870
0.609331 1.136254
0.611729 1.137811
0.613276 1.138943
0.615257 1.140281
0.617082 1.141572
0.618538 1.142664
0.620407 1.144008
0.622632 1.145577
0.624490 1.146969
0.626394 1.148357
0.628567 1.149945
0.630069 1.151138
0.631258 1.152145
0.632734 1.153337
0.634870 1.154960
0.636657 1.156395
0.638386 1.157758
0.639939 1.159043
0.641415 1.160283
0.643552 1.161970
0.645153 1.163313
0.646849 1.164751
0.648299 1.165984
0.649455 1.167051
0.650491 1.168036
0.651599 1.169073
0.653158 1.170427
0.654520 1.171679
0.656295 1.173185
0.657659 1.174428
0.659176 1.175786
