0.398073 0.286362
0.399120 0.288139
0.400161 0.289881
0.401185 0.291573
0.402231 0.293252
0.403203 0.294821
0.404331 0.296541
0.405504 0.298267
0.406601 0.299856
0.407667 0.301362
0.408661 0.302745
0.409614 0.304049
0.410381 0.305134
0.411260 0.306296
0.412136 0.307420
0.412989 0.308492
0.414043 0.309707
0.415332 0.311074
0.416633 0.312400
0.418061 0.313771
0.419637 0.315197
0.421240 0.316572
0.422663 0.317806
0.424253 0.319093
0.425974 0.320420
0.427752 0.321736
0.429747 0.323135
0.432394 0.324849
0.435205 0.326583
0.438258 0.328358
0.441510 0.330195
0.444968 0.332047
0.448019 0.333645
0.451337 0.335314
0.454822 0.337005
0.458543 0.338748
0.462197 0.340418
0.466729 0.342395
0.471670 0.344483
0.476809 0.346598
0.481886 0.348648
0.487295 0.350789
0.492452 0.352805
0.497591 0.354792
0.502860 0.356813
0.508280 0.358881
0.513879 0.361000
0.519713 0.363238
0.525998 0.365641
0.532441 0.368128
0.539087 0.370729
0.545627 0.373334
0.552132 0.375974
0.558229 0.378496
0.564465 0.381135
0.570726 0.383851
0.577000 0.386648
0.583315 0.389545
0.590202 0.392804
0.596725 0.395996
0.603240 0.399298
0.609926 0.402816
0.616206 0.406242
0.622581 0.409839
0.628530 0.413340
0.634486 0.416969
0.640359 0.420687
0.646197 0.424529
0.652256 0.428684
0.658277 0.432991
0.663925 0.437199
0.669628 0.441636
0.675108 0.446081
0.680510 0.450652
0.685652 0.455185
0.690763 0.459874
0.695676 0.464608
0.700567 0.469519
0.705385 0.474577
0.709977 0.479612
0.714449 0.484743
0.718787 0.489951
0.722997 0.495249
0.726978 0.500487
0.730884 0.505872
0.734663 0.511340
0.738362 0.516970
0.741925 0.522677
0.745411 0.528572
0.748677 0.534384
0.751867 0.540396
0.754658 0.545917
0.757545 0.551994
0.760246 0.558028
0.762677 0.563757
0.765218 0.570189
0.767459 0.576220
0.769673 0.582619
0.771612 0.588617
0.773509 0.594943
0.775191 0.600944
0.776863 0.607471
0.778375 0.613891
0.779855 0.620872
0.781117 0.627338
0.782263 0.633949
0.783228 0.640007
0.784145 0.646562
0.784925 0.652833
0.785618 0.659246
0.786277 0.666390
0.786799 0.673550
0.787201 0.680039
0.787520 0.686667
0.787754 0.693165
0.787914 0.699768
0.788018 0.706451
0.788027 0.712768
0.787989 0.719190
0.787905 0.725264
0.787778 0.731292
0.787589 0.737915
0.787382 0.744422
0.787100 0.751023
0.786821 0.757286
0.786511 0.763710
0.786252 0.768866
0.785963 0.774346
0.785696 0.779638
0.785405 0.784463
0.785131 0.789316
0.784852 0.794286
0.784542 0.800234
0.784256 0.805838
0.784006 0.811555
0.783750 0.816751
0.783541 0.821675
0.783366 0.825838
0.783209 0.829768
0.783066 0.833628
0.782939 0.837730
0.782849 0.841459
0.782744 0.845864
0.782684 0.850124
0.782656 0.854544
0.782665 0.859092
0.782710 0.863671
0.782762 0.867379
0.782737 0.870103
0.782758 0.873059
0.782786 0.875945
0.782779 0.878295
0.782890 0.881868
0.783129 0.886275
0.783344 0.890525
0.783608 0.894720
0.783922 0.899104
0.784223 0.903129
0.784322 0.905479
0.784511 0.908321
0.784683 0.911217
0.784861 0.913962
0.785073 0.916878
0.785497 0.921050
0.785970 0.925385
0.786412 0.929353
0.786881 0.933578
0.787323 0.937493
0.787696 0.940977
0.788013 0.944128
0.788244 0.946815
0.788736 0.950792
0.789108 0.954291
0.789521 0.957928
0.790055 0.962198
0.790450 0.965759
0.790720 0.968692
0.791092 0.972117
0.791466 0.975713
0.791720 0.978669
0.792196 0.982810
0.792765 0.987501
0.793217 0.991651
0.793432 0.994561
0.793729 0.997923
0.794053 1.001639
0.794403 1.005493
0.794752 1.009446
0.794867 1.012100
0.795131 1.015705
0.795327 1.018916
0.795599 1.022838
0.795923 1.027105
0.796245 1.031535
0.796512 1.035757
0.796629 1.039042
0.796767 1.042471
0.796799 1.045338
0.796899 1.048762
0.796939 1.051811
