0.665501
-0.519407
-1.031370
-0.311885
-0.337397
0.315617
0.498964
-1.203973
-0.991594
0.328216
-1.203973
-0.846512
-0.593468
-0.767663
-0.216964
0.522903
-1.203973
1.210445
-0.022056
0.857849
0.148459
-0.405976
-1.203973
0.533664
0.209751
-0.413949
-0.146847
-0.263628
0.202318
0.918716
0.400555
-0.329613
-0.690573
-0.395469
0.099690
-0.628485
-0.028349
0.114201
-1.156426
0.661048
0.386393
0.678450
0.224264
-0.967280
0.345220
-1.168125
-0.782282
0.522891
-0.378017
-1.016303
-0.323047
-0.764039
0.982956
0.433361
0.420295
0.690359
-0.996463
0.316691
0.728246
-0.987893
-0.783672
-0.459546
-1.192968
-0.190065
-0.831708
-0.353207
0.810633
-1.096912
0.336956
-0.589156
0.506521
-1.203973
-0.101912
0.991339
0.059446
0.003959
0.254048
-0.007372
-0.908107
0.051491
-0.364995
-0.604746
-0.464608
0.783188
0.659832
0.766551
-1.203973
0.732657
0.178610
-0.185036
1.003341
-0.216728
-0.128721
-0.330324
0.433759
0.508221
0.516685
0.469853
0.420072
-0.188367
-0.153698
0.527611
1.292073
0.655415
0.667711
0.513301
0.129237
0.062205
0.827397
0.414169
0.783854
0.050166
-0.370365
0.342352
-0.790008
-0.155561
0.091798
1.298266
0.933473
0.741879
-0.275254
0.162523
0.295806
0.397408
0.217402
0.966512
0.303646
1.386294
0.313118
0.839502
-0.266351
1.142528
-0.364299
1.386294
1.362166
0.270678
0.515468
-0.021606
1.386294
-0.736009
0.833708
0.103257
1.386294
0.719492
0.634384
0.446744
1.044308
-0.069110
0.555849
0.791001
1.386294
0.195442
1.386294
-0.208266
-0.072051
0.865035
0.135008
-0.216280
0.590216
-0.458114
1.043993
-0.424975
-0.389585
0.632528
-0.870341
-0.951287
0.755376
-0.429056
0.169422
0.413162
-0.576942
0.456015
-0.853347
-0.282218
-0.702401
-0.559302
0.637989
-0.724538
0.393697
-0.269757
-0.097911
0.187388
-0.325359
0.332497
0.526322
-0.384170
0.215393
0.841312
0.141125
-0.633685
0.139672
0.564149
1.041402
0.600932
0.036115
-0.775627
0.747276
0.821269
0.930836
-0.072289
-0.069209
0.579638
0.379212
0.087471
1.386294
0.154496
0.500888
0.692120
-0.315316
0.123665
0.711594
-0.949925
0.862115
0.779234
0.125028
-1.093691
1.386294
-0.843658
1.201103
-0.082427
-0.077732
0.026245
0.112788
0.942042
0.691953
0.445887
0.923730
0.343806
-0.656295
1.168216
0.032587
-0.384485
0.237674
1.103570
0.937079
-1.203973
0.642795
0.503548
-0.110502
1.386294
0.715874
-0.578086
0.600190
0.133282
0.872925
0.803304
0.698569
0.729216
