-0.088713 -0.003245
-0.179638 -0.065302
-0.107639 -0.041534
-0.118567 0.022019
-0.137017 -0.068564
-0.035379 0.046145
-0.059781 0.001995
-0.013681 -0.013871
0.076250 -0.068635
0.203902 0.091576
-0.167581 -0.059245
-0.010444 0.020150
0.166986 -0.078106
-0.012162 0.016819
0.225658 -0.032036
0.044253 -0.087407
0.051610 -0.062145
0.014650 0.277454
-0.053073 -0.052007
-0.017750 0.106416
0.199272 -0.054058
-0.051818 0.029504
-0.083088 0.035471
0.015007 0.046648
-0.120460 0.028963
-0.185397 -0.020536
-0.071822 -0.033874
0.024144 -0.022910
-0.105175 0.073176
-0.084586 0.323560
-0.123231 0.085615
0.015115 -0.056666
-0.028444 0.027001
-0.156560 -0.028035
0.036323 -0.062587
-0.001084 0.007329
-0.045309 -0.035471
0.033512 -0.118315
-0.112667 0.020271
-0.050964 -0.058953
0.390617 0.082119
0.020909 0.012489
-0.014982 0.004103
-0.141029 0.070049
0.117757 -0.011119
-0.117850 -0.074254
0.029184 -0.088758
0.079389 0.000357
-0.000335 -0.055369
-0.209178 -0.056362
-0.138068 0.113109
0.098862 0.085014
-0.098224 0.091742
0.019965 0.109143
-0.100549 -0.046415
0.156020 0.081821
-0.063859 0.043499
-0.165833 -0.032233
-0.016328 0.015487
-0.098738 0.008520
0.230391 0.046230
-0.181520 -0.062629
0.030211 -0.053095
-0.009001 -0.048451
-0.073214 -0.042046
0.105933 0.082363
0.125743 0.044446
0.069009 0.104708
0.010808 -0.016410
-0.102045 -0.069380
0.017919 0.034217
0.162314 0.033629
0.000043 0.009250
-0.083389 0.106840
-0.301233 0.002933
-0.088225 0.054784
-0.054043 0.177375
0.093882 -0.088078
-0.104458 -0.039314
-0.123357 0.086315
-0.137079 -0.039199
-0.155864 0.001001
0.107702 0.013555
0.107194 -0.050129
-0.107021 0.065036
0.126919 -0.091448
0.170693 0.103672
-0.047512 -0.015754
0.104632 -0.056149
0.047043 -0.014188
0.080362 0.109789
0.112438 0.027456
0.058776 -0.036108
0.009611 0.011750
0.316087 0.043388
-0.048790 0.004555
0.166620 0.085486
-0.045520 0.114350
0.081048 0.012529
-0.031029 -0.149393
-0.019481 -0.115611
0.042603 0.049948
-0.202940 0.037676
-0.271321 0.169031
-0.046832 -0.077914
-0.157435 0.178701
-0.118319 0.010430
-0.175118 0.077095
-0.004936 0.040747
-0.102637 -0.042564
0.178128 0.036900
0.047969 -0.106835
-0.185486 -0.036621
0.009009 -0.077945
-0.140826 0.016976
0.246523 0.062609
0.023853 -0.041709
0.033453 -0.048385
-0.262921 0.029240
-0.015510 -0.085163
-0.046878 0.060080
-0.152570 0.063276
0.000028 -0.008787
0.046564 0.064811
-0.177063 -0.062515
-0.091180 -0.050693
-0.000089 -0.078325
-0.154090 -0.064491
0.055717 -0.005719
-0.003236 -0.161379
0.095160 0.063048
0.210065 0.080900
0.175806 -0.057681
0.344098 0.030445
0.177269 -0.124831
0.109709 -0.008748
-0.017894 0.082896
-0.205883 0.006578
0.107907 0.012887
-0.172337 -0.056293
0.002434 0.001434
0.236386 -0.049701
0.181046 -0.000033
-0.011791 -0.115350
-0.231858 0.022938
-0.055264 0.043895
0.014079 0.072373
-0.049907 -0.105841
-0.135709 -0.045922
-0.121817 -0.028384
0.272557 0.028200
-0.098282 -0.101002
0.030599 0.054990
-0.207371 -0.036325
0.076177 0.020528
0.305785 -0.030921
-0.101797 0.010856
-0.084387 0.010702
-0.044535 0.094417
0.223143 -0.012417
0.231372 0.127013
-0.063159 -0.040712
0.064734 0.029320
0.102992 -0.040153
-0.020461 -0.020897
-0.036811 0.085861
-0.081938 -0.058868
-0.101716 -0.020348
-0.134511 0.035199
0.081663 0.034890
-0.060225 0.046361
-0.121356 -0.072693
-0.111462 0.013623
-0.108185 0.041482
-0.133039 -0.002116
-0.093616 -0.039991
0.320889 0.003323
-0.193260 -0.066444
-0.170106 -0.041807
0.056374 0.020591
0.272580 0.056220
-0.086973 -0.122687
0.309069 0.042930
-0.017373 0.018187
0.008017 -0.030973
-0.047817 -0.014630
-0.098884 -0.015540
-0.042288 -0.069753
-0.128153 0.025687
0.003654 0.047798
0.218252 -0.053211
0.219353 0.007798
0.159076 -0.009872
0.036384 -0.172341
0.021866 -0.062391
-0.055682 -0.006672
-0.001842 -0.077305
-0.013286 -0.124638
0.001990 -0.143913
-0.121952 -0.006730
-0.009555 -0.035769
0.438763 0.093440
0.083611 -0.061389
0.109877 0.039570
0.213830 0.075248
-0.006068 0.094975
0.099508 0.018152
0.074929 -0.002941
-0.022885 -0.073743
-0.043629 0.022366
0.306365 0.021501
0.233828 -0.032779
-0.119689 -0.003893
0.086104 0.013210
-0.021834 0.014442
-0.026236 -0.025749
0.072754 0.061493
-0.164471 -0.022543
0.023538 0.126867
0.170180 -0.007374
0.002713 -0.091683
-0.045143 -0.050485
-0.195720 -0.022877
0.064667 -0.030996
0.056812 -0.113553
0.051810 -0.087602
0.170632 0.139274
0.179918 0.001462
0.047405 0.045402
0.139204 0.060603
0.054703 -0.011666
-0.044280 -0.016615
-0.059218 0.024478
0.133463 -0.099490
0.159628 -0.020455
0.169773 -0.072429
0.026522 -0.094990
0.045498 -0.028129
-0.115118 0.080574
-0.210966 -0.007194
0.029385 -0.031001
-0.042230 -0.009467
-0.044261 0.017346
0.028166 -0.024795
-0.019377 -0.002624
0.087513 -0.144146
0.008403 0.010459
-0.131526 0.006729
