0.108847 0.050884
0.109865 0.053352
0.111129 0.056167
0.112996 0.059888
0.114170 0.062500
0.115402 0.065166
0.117255 0.068759
0.118814 0.071868
0.119678 0.073883
0.121558 0.077442
0.123377 0.080879
0.124235 0.082806
0.125881 0.085939
0.128250 0.090178
0.128893 0.091713
0.130228 0.094322
0.132651 0.098637
0.133639 0.100671
0.134521 0.102505
0.136723 0.106492
0.138243 0.109358
0.139096 0.111105
0.141220 0.114997
0.143097 0.118481
0.144084 0.120459
0.145731 0.123569
0.147772 0.127399
0.148730 0.129318
0.150102 0.131993
0.152236 0.136085
0.153269 0.138171
0.154556 0.140746
0.156648 0.144878
0.158004 0.147651
0.158958 0.149641
0.160935 0.153706
0.162665 0.157349
0.163541 0.159252
0.165208 0.162862
0.167180 0.167207
0.167832 0.168673
0.169176 0.171733
0.171360 0.176839
0.172245 0.178960
0.173143 0.181135
0.175315 0.186523
0.176496 0.189509
0.177061 0.191033
0.178955 0.196081
0.180440 0.200217
0.181118 0.202135
0.182534 0.206211
0.184183 0.211199
0.184879 0.213370
0.185924 0.216646
0.187339 0.221340
0.188390 0.224868
0.189318 0.228121
0.190478 0.232317
0.191480 0.236016
0.192150 0.238397
0.193405 0.243490
0.194494 0.248082
0.195176 0.250765
0.196269 0.255746
0.197437 0.261286
0.198063 0.264126
0.198916 0.268319
0.199935 0.273660
0.200626 0.277217
0.201358 0.280989
0.202371 0.286899
0.203132 0.291234
0.203752 0.294586
0.204653 0.300245
0.205461 0.305222
0.206154 0.309313
0.207052 0.315050
0.207958 0.320862
0.208696 0.325417
0.209520 0.330522
0.210386 0.335890
0.211225 0.340932
0.212159 0.346554
0.213000 0.351275
0.214041 0.357064
0.215440 0.364558
0.216164 0.368136
0.217252 0.373490
0.218853 0.380979
0.219938 0.385719
0.221005 0.390198
0.222884 0.397703
0.224430 0.403443
0.225987 0.408878
0.227881 0.415047
0.229494 0.420025
0.231445 0.425704
0.233620 0.431647
0.236060 0.437931
0.238170 0.442972
0.240820 0.449004
0.243523 0.454743
0.246380 0.460445
0.249684 0.466617
0.252665 0.471852
0.256237 0.477769
0.259832 0.483366
0.263636 0.488936
0.267510 0.494265
0.271609 0.499604
0.276275 0.505338
0.280953 0.510737
0.285793 0.516009
0.290837 0.521193
0.296139 0.526344
0.301898 0.531637
0.307906 0.536844
0.313556 0.541463
0.319980 0.546458
0.326490 0.551250
0.333112 0.555867
0.339121 0.559809
0.347308 0.565026
0.355089 0.569710
0.360792 0.572890
0.369816 0.577899
0.378469 0.582451
0.385340 0.585850
0.393945 0.590030
0.403082 0.594311
0.410918 0.597815
0.419087 0.601375
0.429181 0.605743
0.438192 0.609515
0.445454 0.612449
0.456464 0.616960
0.465642 0.620681
0.471793 0.623087
0.482018 0.627230
0.493115 0.631789
0.498215 0.633839
0.506930 0.637453
0.518329 0.642364
0.524905 0.645221
0.530561 0.647746
0.542182 0.653063
0.549964 0.656830
0.555455 0.659575
0.563997 0.663904
0.571931 0.668150
0.577340 0.671238
0.584235 0.675212
0.592442 0.680117
0.596672 0.682949
0.601573 0.686269
0.609535 0.691628
0.614122 0.695097
0.617486 0.697851
0.624488 0.703200
0.629477 0.707385
0.632820 0.710507
0.637879 0.715073
0.643793 0.720460
0.646379 0.723356
0.650635 0.727724
0.656701 0.733891
0.658827 0.736689
0.660563 0.739222
0.666540 0.745921
0.669555 0.749894
0.670154 0.751457
0.675548 0.758162
0.680373 0.764503
0.680706 0.765978
0.683957 0.770786
0.688855 0.777762
0.689303 0.779417
0.691474 0.783203
0.696931 0.791327
0.698246 0.794228
0.697955 0.795069
0.703194 0.803313
0.706144 0.808738
0.705533 0.809023
0.709722 0.816164
0.714241 0.824145
0.713245 0.823949
0.715354 0.828396
0.721571 0.839062
0.721211 0.839927
0.721226 0.841360
0.727493 0.852285
0.728454 0.855349
0.726665 0.853957
0.732168 0.863990
0.735693 0.871113
0.734137 0.870129
0.737322 0.876755
0.743529 0.887933
