0.194674 -0.019696
0.196884 -0.016705
0.198947 -0.013914
0.200578 -0.011617
0.202789 -0.008760
0.205016 -0.005952
0.206776 -0.003648
0.208812 -0.001113
0.211460 0.001964
0.213303 0.004219
0.215250 0.006518
0.218039 0.009566
0.220201 0.011972
0.221769 0.013796
0.224873 0.016959
0.227434 0.019557
0.229038 0.021282
0.231983 0.024114
0.235084 0.027012
0.236973 0.028838
0.239545 0.031185
0.242821 0.034040
0.244854 0.035850
0.247181 0.037841
0.250454 0.040507
0.253078 0.042627
0.255298 0.044403
0.258732 0.047017
0.261773 0.049273
0.263952 0.050889
0.267448 0.053360
0.270689 0.055598
0.272955 0.057161
0.276180 0.059288
0.279957 0.061715
0.282422 0.063284
0.285216 0.065019
0.289222 0.067431
0.292145 0.069163
0.294621 0.070613
0.299090 0.073151
0.302549 0.075075
0.304673 0.076245
0.308885 0.078510
0.313123 0.080746
0.315192 0.081837
0.318991 0.083796
0.323874 0.086249
0.326362 0.087499
0.329551 0.089074
0.334300 0.091402
0.337642 0.093029
0.340416 0.094368
0.345175 0.096645
0.349216 0.098582
0.352366 0.100077
0.356342 0.101977
0.360563 0.103983
0.364200 0.105718
0.368208 0.107642
0.373102 0.110020
0.376313 0.111560
0.379901 0.113295
0.384688 0.115675
0.388147 0.117367
0.391282 0.118920
0.396111 0.121373
0.400149 0.123442
0.403522 0.125182
0.408031 0.127553
0.412398 0.129905
0.415589 0.131611
0.419709 0.133880
0.424390 0.136527
0.427863 0.138476
0.431710 0.140699
0.436051 0.143275
0.439499 0.145345
0.442985 0.147458
0.447159 0.150051
0.451062 0.152519
0.454857 0.154955
0.458839 0.157564
0.462600 0.160046
0.466775 0.162889
0.470432 0.165418
0.473206 0.167384
0.478013 0.170810
0.481950 0.173667
0.484841 0.175806
0.489114 0.179000
0.493575 0.182377
0.496518 0.184656
0.500340 0.187649
0.504319 0.190815
0.507889 0.193730
0.512111 0.197188
0.515992 0.200424
0.519747 0.203604
0.523393 0.206710
0.527551 0.210343
0.531324 0.213651
0.535186 0.217107
0.539065 0.220626
0.542647 0.223941
0.546748 0.227763
0.550492 0.231303
0.554413 0.235053
0.558301 0.238836
0.562241 0.242748
0.566253 0.246760
0.569985 0.250559
0.573857 0.254569
0.577768 0.258683
0.581686 0.262877
0.585581 0.267120
0.589354 0.271297
0.593119 0.275542
0.597163 0.280200
0.600935 0.284624
0.604718 0.289160
0.608623 0.293928
0.612790 0.299191
0.616163 0.303470
0.619727 0.308113
0.624168 0.314148
0.627378 0.318516
0.630855 0.323366
0.634895 0.329262
0.638381 0.334425
0.641711 0.339474
0.645429 0.345347
0.649021 0.351192
0.652041 0.356143
0.655340 0.361778
0.659074 0.368458
0.661722 0.373219
0.664826 0.379005
0.668660 0.386570
0.671331 0.391891
0.673694 0.396676
0.677512 0.404962
0.680356 0.411266
0.682313 0.415647
0.685526 0.423224
0.688790 0.431277
0.690411 0.435359
0.692883 0.441763
0.695961 0.449951
0.698001 0.455709
0.700099 0.461728
0.702822 0.469630
0.704971 0.476217
0.706586 0.481466
0.709340 0.490012
0.711775 0.497862
0.713085 0.502652
0.715416 0.510418
0.718067 0.519276
0.719338 0.524262
0.721219 0.531056
0.723618 0.539416
0.725236 0.545609
0.726498 0.550804
0.728960 0.559445
0.730662 0.565985
0.731496 0.570119
0.733959 0.578756
0.736560 0.587685
0.737182 0.591192
0.739079 0.598171
0.742078 0.608042
0.742746 0.611612
0.743579 0.615686
0.746658 0.625408
0.748205 0.631198
0.748830 0.634608
0.751726 0.643712
0.753802 0.650584
0.753884 0.652732
0.756389 0.660476
0.759673 0.670029
0.759885 0.672301
0.761255 0.677252
0.764850 0.687197
0.765496 0.690504
0.765899 0.693124
0.769684 0.703181
0.771542 0.708945
0.770768 0.709176
0.774171 0.718074
0.777323 0.726363
0.776419 0.726448
0.778957 0.733286
0.783197 0.743671
0.782806 0.744657
0.783605 0.747991
0.787784 0.757933
0.788715 0.761531
0.787710 0.761588
