0.125892 0.036222
0.127120 0.038839
0.128528 0.041676
0.130363 0.045090
0.131726 0.047792
0.133140 0.050527
0.134996 0.053851
0.136656 0.056863
0.137837 0.059174
0.139740 0.062468
0.141613 0.065681
0.142815 0.067928
0.144582 0.070941
0.146875 0.074656
0.147943 0.076645
0.149517 0.079315
0.151882 0.083067
0.153220 0.085366
0.154486 0.087538
0.156723 0.091069
0.158470 0.093888
0.159732 0.095997
0.161940 0.099456
0.163980 0.102656
0.165360 0.104905
0.167242 0.107863
0.169433 0.111269
0.170804 0.113473
0.172502 0.116152
0.174794 0.119712
0.176240 0.122019
0.177889 0.124629
0.180178 0.128203
0.181898 0.130934
0.183298 0.133179
0.185528 0.136706
0.187569 0.139971
0.188918 0.142163
0.190924 0.145407
0.193195 0.149100
0.194364 0.151029
0.196119 0.153937
0.198606 0.158098
0.199981 0.160435
0.201367 0.162811
0.203879 0.167145
0.205527 0.170023
0.206627 0.172016
0.208930 0.176157
0.210877 0.179749
0.212076 0.181997
0.213971 0.185567
0.216102 0.189696
0.217324 0.192125
0.218881 0.195231
0.220815 0.199209
0.222389 0.202489
0.223848 0.205613
0.225545 0.209322
0.227083 0.212741
0.228267 0.215366
0.230088 0.219663
0.231742 0.223670
0.232935 0.226517
0.234609 0.230798
0.236374 0.235436
0.237514 0.238431
0.238921 0.242275
0.240528 0.246846
0.241747 0.250337
0.243004 0.253973
0.244617 0.258963
0.245915 0.262991
0.247027 0.266421
0.248504 0.271325
0.249849 0.275818
0.251038 0.279771
0.252474 0.284781
0.253911 0.289869
0.255129 0.294181
0.256437 0.298863
0.257781 0.303735
0.259076 0.308419
0.260466 0.313505
0.261729 0.318020
0.263187 0.323246
0.264979 0.329595
0.266081 0.333421
0.267534 0.338421
0.269449 0.344840
0.270866 0.349470
0.272268 0.353944
0.274371 0.360430
0.276167 0.365760
0.277967 0.370896
0.280038 0.376524
0.281882 0.381369
0.284003 0.386690
0.286305 0.392193
0.288823 0.397939
0.291085 0.402829
0.293783 0.408406
0.296529 0.413776
0.299408 0.419116
0.302629 0.424766
0.305639 0.429776
0.309105 0.435245
0.312615 0.440490
0.316298 0.445701
0.320053 0.450727
0.324010 0.455762
0.328393 0.461050
0.332813 0.466092
0.337377 0.471032
0.342113 0.475896
0.347060 0.480723
0.352351 0.485636
0.357840 0.490475
0.363111 0.494889
0.368936 0.499557
0.374832 0.504065
0.380846 0.508453
0.386465 0.512344
0.393549 0.517145
0.400362 0.521560
0.405848 0.524892
0.413497 0.529550
0.420928 0.533894
0.427198 0.537387
0.434592 0.541472
0.442325 0.545649
0.449223 0.549253
0.456332 0.552915
0.464654 0.557224
0.472282 0.561094
0.478796 0.564324
0.487672 0.568831
0.495376 0.572735
0.501160 0.575599
0.509506 0.579895
0.518397 0.584559
0.523460 0.587182
0.530835 0.591124
0.539881 0.596154
0.545869 0.599512
0.551223 0.602598
0.560435 0.608056
0.567134 0.612219
0.572360 0.615558
0.579552 0.620242
0.586337 0.624867
0.591443 0.628538
0.597520 0.632973
0.604463 0.638197
0.608731 0.641703
0.613429 0.645632
0.620172 0.651270
0.624621 0.655346
0.628225 0.658847
0.634277 0.664504
0.638944 0.669205
0.642470 0.673047
0.647131 0.678069
0.652393 0.683775
0.655337 0.687469
0.659408 0.692357
0.664703 0.698673
0.667268 0.702320
0.669547 0.705763
0.674716 0.712485
0.677831 0.717067
0.679271 0.719785
0.683975 0.726480
0.688273 0.732867
0.689466 0.735541
0.692643 0.740751
0.696929 0.747573
0.698133 0.750392
0.700531 0.754827
0.705125 0.762440
0.706900 0.766201
0.707539 0.768425
0.711956 0.776090
0.714768 0.781641
0.715176 0.783493
0.718815 0.790281
0.722664 0.797633
0.722752 0.799125
0.724938 0.803930
0.729900 0.813133
0.730383 0.815368
0.731114 0.818003
0.736071 0.827321
0.737419 0.831084
0.736886 0.831704
0.741305 0.840349
0.744363 0.846919
0.743975 0.847827
0.746769 0.854013
0.751634 0.863380
