0.148904 0.016962
0.150440 0.019741
0.152055 0.022584
0.153839 0.025601
0.155472 0.028388
0.157148 0.031179
0.158995 0.034148
0.160791 0.037012
0.162435 0.039649
0.164350 0.042585
0.166280 0.045490
0.167983 0.048085
0.169907 0.050911
0.172039 0.053946
0.173742 0.056436
0.175652 0.059132
0.177865 0.062153
0.179720 0.064716
0.181563 0.067232
0.183784 0.070158
0.185840 0.072857
0.187729 0.075330
0.189989 0.078206
0.192210 0.080998
0.194192 0.083490
0.196383 0.086190
0.198710 0.089017
0.200730 0.091473
0.202901 0.094068
0.205319 0.096918
0.207417 0.099386
0.209610 0.101939
0.212074 0.104770
0.214331 0.107350
0.216465 0.109779
0.218958 0.112581
0.221389 0.115300
0.223542 0.117704
0.225986 0.120410
0.228561 0.123244
0.230671 0.125565
0.233048 0.128169
0.235763 0.131133
0.237998 0.133574
0.240246 0.136027
0.243012 0.139038
0.245406 0.141644
0.247554 0.144001
0.250269 0.146970
0.252832 0.149790
0.255043 0.152236
0.257604 0.155067
0.260287 0.158061
0.262535 0.160590
0.264951 0.163320
0.267567 0.166306
0.270006 0.169110
0.272393 0.171887
0.274909 0.174842
0.277346 0.177734
0.279595 0.180422
0.282196 0.183597
0.284712 0.186711
0.286966 0.189521
0.289508 0.192760
0.292101 0.196119
0.294337 0.199047
0.296729 0.202236
0.299237 0.205651
0.301526 0.208803
0.303828 0.212018
0.306355 0.215643
0.308686 0.219029
0.310899 0.222278
0.313352 0.225980
0.315713 0.229593
0.317971 0.233087
0.320377 0.236904
0.322794 0.240788
0.325069 0.244486
0.327398 0.248323
0.329749 0.252250
0.332065 0.256158
0.334453 0.260226
0.336743 0.264153
0.339150 0.268320
0.341739 0.272833
0.343929 0.276662
0.346326 0.280862
0.348983 0.285508
0.351358 0.289663
0.353744 0.293812
0.356495 0.298573
0.359082 0.303020
0.361675 0.307435
0.364396 0.312010
0.367030 0.316385
0.369811 0.320925
0.372689 0.325541
0.375694 0.330264
0.378573 0.334715
0.381697 0.339421
0.384846 0.344062
0.388077 0.348708
0.391457 0.353450
0.394800 0.358012
0.398355 0.362730
0.401969 0.367390
0.405674 0.372038
0.409425 0.376616
0.413326 0.381229
0.417399 0.385917
0.421524 0.390527
0.425741 0.395107
0.430056 0.399665
0.434482 0.404213
0.439061 0.408796
0.443741 0.413360
0.448392 0.417779
0.453252 0.422294
0.458147 0.426747
0.463154 0.431193
0.468055 0.435449
0.473414 0.440060
0.478693 0.444526
0.483660 0.448617
0.489216 0.453212
0.494769 0.457735
0.499986 0.461922
0.505523 0.466369
0.511156 0.470879
0.516563 0.475175
0.522025 0.479519
0.527806 0.484165
0.533390 0.488653
0.538665 0.492889
0.544556 0.497713
0.550112 0.502300
0.555134 0.506455
0.560817 0.511276
0.566622 0.516290
0.571339 0.520402
0.576703 0.525169
0.582434 0.530419
0.587354 0.534980
0.592008 0.539409
0.597743 0.544977
0.602690 0.549945
0.607242 0.554605
0.612280 0.559885
0.617164 0.565158
0.621523 0.570026
0.626123 0.575265
0.630938 0.580875
0.634920 0.585741
0.638987 0.590816
0.643622 0.596667
0.647527 0.601843
0.651132 0.606785
0.655440 0.612688
0.659286 0.618181
0.662737 0.623316
0.666470 0.628946
0.670415 0.634918
0.673560 0.640017
0.677023 0.645628
0.680843 0.651833
0.683750 0.656925
0.686527 0.661933
0.690200 0.668287
0.693177 0.673755
0.695577 0.678465
0.699001 0.684768
0.702268 0.690927
0.704484 0.695599
0.707320 0.701264
0.710495 0.707535
0.712593 0.712211
0.715119 0.717550
0.718287 0.724031
0.720553 0.729073
0.722358 0.733466
0.725453 0.739944
0.727932 0.745543
0.729650 0.749807
0.732392 0.755850
0.735187 0.762068
0.736702 0.766119
0.738901 0.771362
0.742015 0.778173
0.743606 0.782439
0.745266 0.786834
0.748330 0.793605
0.750164 0.798360
0.751322 0.801950
0.754192 0.808435
0.756561 0.814127
0.757756 0.817798
0.759979 0.823283
0.762954 0.829931
