0.211326 -0.032559
0.213796 -0.029520
0.216027 -0.026762
0.217578 -0.024703
0.220004 -0.021845
0.222431 -0.019054
0.224131 -0.016975
0.226235 -0.014564
0.229259 -0.011382
0.231035 -0.009359
0.232947 -0.007270
0.236137 -0.004119
0.238347 -0.001870
0.239625 -0.000437
0.243251 0.002889
0.246019 0.005420
0.247293 0.006732
0.250619 0.009602
0.254172 0.012567
0.255828 0.014038
0.258524 0.016243
0.262294 0.019159
0.264118 0.020628
0.266371 0.022354
0.270083 0.025020
0.272764 0.026936
0.274796 0.028383
0.278709 0.030992
0.281982 0.033109
0.283889 0.034357
0.287841 0.036779
0.291375 0.038886
0.293364 0.040083
0.296830 0.042048
0.301155 0.044424
0.303392 0.045647
0.306132 0.047099
0.310763 0.049463
0.313668 0.050919
0.315852 0.052005
0.321167 0.054545
0.324868 0.056269
0.326443 0.056996
0.331303 0.059178
0.336191 0.061320
0.337638 0.061960
0.341797 0.063740
0.347659 0.066168
0.349721 0.067024
0.352878 0.068305
0.358496 0.070570
0.361869 0.071921
0.364337 0.072896
0.369928 0.075092
0.374378 0.076844
0.377411 0.078019
0.381739 0.079719
0.386444 0.081555
0.390221 0.083036
0.394577 0.084759
0.400321 0.087067
0.403407 0.088283
0.407081 0.089748
0.412643 0.092048
0.416097 0.093444
0.419052 0.094655
0.424651 0.097030
0.429009 0.098897
0.432335 0.100331
0.437411 0.102576
0.442272 0.104789
0.445303 0.106150
0.449773 0.108237
0.455107 0.110807
0.458563 0.112453
0.462604 0.114448
0.467401 0.116893
0.470841 0.118668
0.474325 0.120484
0.478857 0.122916
0.482973 0.125172
0.486922 0.127374
0.491150 0.129789
0.495026 0.132021
0.499538 0.134716
0.503269 0.136987
0.505694 0.138506
0.511131 0.141927
0.515263 0.144587
0.517846 0.146287
0.522465 0.149362
0.527337 0.152661
0.529985 0.154502
0.533919 0.157271
0.538076 0.160254
0.541645 0.162895
0.546136 0.166236
0.550124 0.169270
0.553924 0.172216
0.557544 0.175046
0.561919 0.178569
0.565704 0.181639
0.569624 0.184896
0.573559 0.188223
0.577079 0.191270
0.581312 0.194973
0.585032 0.198289
0.588988 0.201867
0.592898 0.205479
0.596887 0.209257
0.600946 0.213143
0.604620 0.216737
0.608486 0.220601
0.612400 0.224590
0.616322 0.228675
0.620208 0.232811
0.623924 0.236845
0.627628 0.240958
0.631714 0.245617
0.635427 0.249945
0.639167 0.254420
0.643053 0.259181
0.647313 0.264614
0.650488 0.268687
0.653938 0.273255
0.658568 0.279709
0.661546 0.283868
0.664875 0.288659
0.668981 0.294901
0.672344 0.300112
0.675504 0.305147
0.679193 0.311325
0.682721 0.317455
0.685489 0.322306
0.688638 0.328109
0.692372 0.335399
0.694675 0.339917
0.697589 0.345895
0.701466 0.354440
0.703826 0.359713
0.705795 0.364178
0.709660 0.373784
0.712252 0.380436
0.713739 0.384248
0.716807 0.392759
0.719949 0.402017
0.721024 0.405257
0.723183 0.412004
0.726064 0.421409
0.727681 0.427118
0.729374 0.433206
0.731817 0.442164
0.733564 0.449084
0.734677 0.453916
0.737139 0.463837
0.739211 0.472671
0.739968 0.476720
0.741916 0.485398
0.744226 0.495771
0.744936 0.500061
0.746352 0.507172
0.748365 0.516733
0.749485 0.522897
0.750167 0.527420
0.752260 0.537394
0.753463 0.544040
0.753645 0.546882
0.755753 0.556828
0.758044 0.567230
0.757967 0.569081
0.759422 0.576406
0.762236 0.588281
0.762204 0.590253
0.762363 0.593019
0.765335 0.604691
0.766400 0.610182
0.766294 0.611957
0.769110 0.622708
0.770868 0.629919
0.770056 0.629806
0.772397 0.638433
0.775838 0.649947
0.775155 0.650071
0.776064 0.654460
0.779968 0.666592
0.779886 0.668443
0.779470 0.669260
0.783743 0.681676
0.785367 0.687438
0.783299 0.684629
0.787119 0.695327
0.790621 0.705085
0.788349 0.702153
0.791009 0.709730
0.796160 0.722822
0.794605 0.721367
0.794793 0.723588
0.799907 0.736041
0.800330 0.738752
0.797868 0.735946
