0.171944 -0.001747
0.173810 0.001155
0.175647 0.003980
0.177364 0.006623
0.179284 0.009459
0.181234 0.012273
0.183051 0.014898
0.184976 0.017600
0.187115 0.020490
0.189012 0.023077
0.190969 0.025673
0.193210 0.028531
0.195271 0.031150
0.197161 0.033550
0.199554 0.036427
0.201802 0.039093
0.203763 0.041432
0.206165 0.044167
0.208634 0.046918
0.210744 0.049269
0.213085 0.051802
0.215663 0.054516
0.217871 0.056834
0.220197 0.059213
0.222830 0.061834
0.225281 0.064244
0.227628 0.066518
0.230359 0.069096
0.232998 0.071537
0.235389 0.073728
0.238198 0.076235
0.240946 0.078648
0.243414 0.080795
0.246199 0.083156
0.249161 0.085626
0.251748 0.087759
0.254451 0.089951
0.257531 0.092404
0.260306 0.094586
0.262966 0.096654
0.266230 0.099150
0.269210 0.101401
0.271815 0.103349
0.275048 0.105734
0.278300 0.108109
0.280928 0.110020
0.284085 0.112287
0.287566 0.114757
0.290362 0.116737
0.293373 0.118854
0.296842 0.121282
0.299925 0.123432
0.302849 0.125465
0.306355 0.127895
0.309662 0.130191
0.312720 0.132311
0.316022 0.134610
0.319403 0.136963
0.322620 0.139214
0.325949 0.141556
0.329535 0.144101
0.332645 0.146308
0.335866 0.148611
0.339424 0.151199
0.342620 0.153519
0.345718 0.155794
0.349301 0.158467
0.352659 0.160996
0.355820 0.163403
0.359321 0.166103
0.362773 0.168812
0.365888 0.171271
0.369270 0.173989
0.372812 0.176889
0.376016 0.179523
0.379318 0.182291
0.382763 0.185233
0.385933 0.187979
0.389131 0.190775
0.392532 0.193800
0.395855 0.196797
0.399149 0.199806
0.402501 0.202914
0.405811 0.206002
0.409230 0.209260
0.412501 0.212412
0.415494 0.215346
0.419129 0.218924
0.422511 0.222290
0.425582 0.225380
0.429090 0.228936
0.432691 0.232599
0.435815 0.235822
0.439230 0.239364
0.442711 0.243000
0.446063 0.246545
0.449664 0.250344
0.453177 0.254072
0.456673 0.257797
0.460175 0.261521
0.463836 0.265458
0.467433 0.269301
0.471068 0.273211
0.474739 0.277162
0.478318 0.281037
0.482125 0.285141
0.485838 0.289147
0.489654 0.293256
0.493480 0.297385
0.497334 0.301565
0.501284 0.305821
0.505145 0.309995
0.509085 0.314263
0.513071 0.318583
0.517087 0.322946
0.521123 0.327340
0.525141 0.331721
0.529179 0.336141
0.533350 0.340727
0.537439 0.345239
0.541535 0.349791
0.545736 0.354472
0.550040 0.359329
0.554046 0.363848
0.558121 0.368497
0.562602 0.373688
0.566556 0.378274
0.570663 0.383081
0.574990 0.388254
0.579092 0.393191
0.583129 0.398109
0.587330 0.403330
0.591477 0.408562
0.595373 0.413515
0.599382 0.418722
0.603574 0.424298
0.607280 0.429269
0.611173 0.434602
0.615381 0.440537
0.619052 0.445773
0.622566 0.450868
0.626704 0.457086
0.630422 0.462743
0.633667 0.467783
0.637513 0.473898
0.641324 0.480143
0.644383 0.485234
0.647774 0.491026
0.651470 0.497438
0.654631 0.503117
0.657792 0.508902
0.661224 0.515283
0.664359 0.521296
0.667215 0.526934
0.670581 0.533580
0.673770 0.540040
0.676401 0.545613
0.679483 0.552087
0.682687 0.558903
0.685220 0.564591
0.688009 0.570826
0.691006 0.577536
0.693593 0.583590
0.696046 0.589412
0.698981 0.596229
0.701550 0.602430
0.703716 0.607922
0.706562 0.614743
0.709433 0.621650
0.711435 0.626940
0.713953 0.633255
0.716899 0.640427
0.718854 0.645701
0.720862 0.651111
0.723745 0.658201
0.725990 0.664094
0.727852 0.669248
0.730549 0.676077
0.732956 0.682271
0.734527 0.686942
0.737051 0.693356
0.739783 0.700246
0.741406 0.704936
0.743385 0.710360
0.746214 0.717370
0.747921 0.722267
0.749525 0.726922
0.752323 0.733866
0.754412 0.739450
0.755560 0.743277
0.758159 0.749789
0.760651 0.756093
0.761719 0.759791
0.763965 0.765587
0.766752 0.772457
0.767992 0.776391
0.769600 0.781013
0.772347 0.787713
0.773944 0.792340
0.774941 0.795891
