0.297458 0.114394
0.310389 0.122955
0.323909 0.131838
0.338461 0.141531
0.367080 0.161566
0.396235 0.184291
0.313996 0.143366
0.323873 0.150850
0.352705 0.173935
0.363786 0.183534
0.372427 0.191330
0.523595 0.429670
0.543102 0.448102
0.563030 0.467375
0.572840 0.477181
0.582530 0.487152
0.493788 0.557416
0.540709 0.583465
0.553753 0.591279
0.571744 0.602861
0.592950 0.617842
0.424084 0.125206
0.435186 0.131143
0.445271 0.136746
0.456190 0.143145
0.467924 0.150388
0.489673 0.164901
0.512336 0.181638
0.357501 0.236246
0.379657 0.266797
0.401161 0.296862
0.414730 0.315065
0.428409 0.332445
0.837387 0.426809
0.839136 0.443147
0.840905 0.461834
0.843943 0.507452
0.845588 0.530002
0.845972 0.539805
0.484247 0.697644
0.516061 0.709223
0.543283 0.719968
0.566993 0.730443
0.593463 0.743722
0.546569 0.206557
0.553758 0.212960
0.561754 0.220318
0.569180 0.227339
0.586294 0.244428
0.594191 0.252779
0.601648 0.260965
0.475231 0.713326
0.512401 0.726559
0.548965 0.740676
0.577540 0.753601
0.600507 0.766072
0.545644 0.106464
0.556909 0.113170
0.566262 0.119063
0.575697 0.125300
0.595824 0.139584
0.615703 0.155174
0.503861 0.218636
0.538077 0.250979
0.574429 0.289345
0.608610 0.330950
0.649235 0.392800
0.694650 0.492878
0.713962 0.550948
0.731962 0.610612
0.369294 0.176170
0.378536 0.183933
0.389299 0.193374
0.400876 0.204052
0.413308 0.216048
0.434069 0.237184
0.167328 0.087132
0.170567 0.091930
0.173146 0.095676
0.181930 0.108413
0.189226 0.118844
0.195573 0.127881
0.210858 0.149793
0.225566 0.171985
0.231979 0.182268
0.216587 0.164777
0.219746 0.169815
0.222775 0.174740
0.229214 0.185534
0.235563 0.196796
0.246926 0.218969
0.582608 0.210683
0.587631 0.215406
0.591293 0.218930
0.600037 0.227602
0.609649 0.237593
0.657714 0.297441
0.250622 0.144522
0.254200 0.148386
0.256711 0.151112
0.263950 0.159024
0.270948 0.166826
0.665872 0.245143
0.670295 0.250800
0.674703 0.256651
0.685886 0.272637
0.696637 0.289735
0.242625 0.057593
0.247923 0.062009
0.257040 0.069195
0.268657 0.077714
0.282902 0.087359
0.297580 0.096603
0.376407 0.142843
0.595897 0.465285
0.599984 0.470228
0.604324 0.475582
0.612493 0.485934
0.620691 0.496769
0.629043 0.508300
0.725129 0.202472
0.729981 0.208759
0.737454 0.219005
0.747956 0.234585
0.758763 0.252567
0.766925 0.267765
0.296746 0.567440
0.306590 0.574686
0.317527 0.582042
0.341077 0.596176
0.368522 0.610368
0.408788 0.255464
0.415162 0.263149
0.421667 0.271021
0.452886 0.308189
0.469010 0.326554
0.489047 0.403764
0.509059 0.422691
0.530848 0.442884
0.573876 0.483913
0.614678 0.528186
0.654091 0.580958
0.453892 0.236016
0.461216 0.243363
0.469270 0.251580
0.475506 0.258005
0.490656 0.273800
0.289215 0.339872
0.290927 0.344631
0.292828 0.349796
0.296595 0.359528
0.299924 0.367661
0.304119 0.377250
0.310972 0.391460
0.313370 0.396049
0.507774 0.250551
0.511599 0.254349
0.516049 0.258807
0.524124 0.266994
0.533141 0.276329
0.541847 0.285531
0.582559 0.582458
0.598144 0.595053
0.611766 0.606990
0.636375 0.631732
0.657546 0.657123
0.720878 0.764315
0.442220 0.409580
0.447332 0.414520
0.452717 0.419580
0.463843 0.429661
0.475465 0.439748
0.487549 0.449882
0.313334 0.207971
0.315508 0.210820
0.318096 0.214286
0.322701 0.220587
0.327583 0.227473
0.332407 0.234490
0.341692 0.248513
0.336816 0.423724
0.341002 0.429384
0.346463 0.436326
0.357481 0.449039
0.369326 0.461122
0.382122 0.472758
0.458574 0.432630
0.462949 0.436440
0.468584 0.441220
0.479899 0.450651
0.501961 0.468298
0.423083 0.523317
0.428198 0.526344
0.435180 0.530358
0.448822 0.538035
0.461624 0.544918
0.475808 0.552477
0.506073 0.568421
0.626401 0.485810
0.635565 0.499403
0.644767 0.513823
0.661113 0.541700
0.677516 0.572650
0.693524 0.606129
0.296148 0.411878
0.298247 0.415837
0.300686 0.420287
0.304137 0.426252
0.311835 0.438361
0.330389 0.462505
0.285880 0.147912
0.289508 0.151163
0.293546 0.154801
0.301099 0.161705
0.309136 0.169230
0.317490 0.177298
0.378502 0.465047
0.382915 0.468982
0.388627 0.473857
0.399559 0.482642
0.410337 0.490643
0.422590 0.499222
0.555641 0.450826
0.569716 0.465041
0.582175 0.478084
0.600681 0.498577
0.640270 0.549096
0.672076 0.599403
0.723442 0.704463
0.671787 0.328585
0.676007 0.336057
0.680815 0.344988
0.688789 0.360899
0.697351 0.380171
0.703307 0.394740
0.481033 0.279038
0.485631 0.283963
0.490038 0.288676
0.499236 0.298573
0.508580 0.308653
0.527842 0.329591
0.543767 0.347207
0.344661 0.236835
0.347789 0.241290
0.350700 0.245488
0.356621 0.254182
0.362801 0.263411
0.369539 0.273571
0.390208 0.304394
0.399073 0.317029
0.382625 0.110249
0.387580 0.112632
0.391555 0.114536
0.400556 0.118962
0.409519 0.123482
0.417619 0.127720
0.449704 0.145891
0.459345 0.151901
0.613956 0.328711
0.617996 0.334304
0.622257 0.340177
0.630260 0.351852
0.637854 0.363532
0.642524 0.336015
0.658769 0.362711
0.673085 0.390133
0.686215 0.419258
0.697551 0.448553
0.730458 0.559637
0.448188 0.415235
0.472346 0.436971
0.506199 0.464951
0.552140 0.502234
0.599630 0.545362
0.642100 0.593524
0.731584 0.752755
0.753599 0.805855
0.362873 0.145476
0.368040 0.148844
0.373326 0.152352
0.384011 0.159687
0.395203 0.167720
0.404728 0.174808
0.425656 0.191484
0.437504 0.201594
0.646612 0.220336
0.650764 0.224976
0.655125 0.229976
0.664104 0.240757
0.671788 0.250648
0.489949 0.280110
0.491981 0.282251
0.496045 0.286583
0.501108 0.291989
0.512053 0.303730
0.521309 0.313751
0.130319 0.376902
0.132098 0.393511
0.135910 0.420575
0.145542 0.463113
0.160520 0.504237
0.185762 0.549438
0.322404 0.663246
0.386606 0.691915
0.462921 0.719633
0.224353 0.284680
0.225191 0.288294
0.226625 0.295074
0.229047 0.306716
0.231251 0.317311
0.234050 0.330777
0.651493 0.143732
0.654756 0.146548
0.658548 0.149878
0.666148 0.156751
0.677770 0.167824
0.686345 0.176480
0.709869 0.202933
0.376585 0.241110
0.378519 0.243572
0.381031 0.246790
0.384282 0.250984
0.397050 0.267666
0.303472 0.431557
0.306238 0.435966
0.310667 0.442608
0.317120 0.451548
0.324582 0.460936
0.332588 0.470064
0.341120 0.478902
0.358076 0.494339
0.367906 0.502264
0.378731 0.510294
0.234263 0.091621
0.238486 0.095547
0.242767 0.099436
0.246592 0.102855
0.257199 0.112069
0.276408 0.128092
0.569770 0.325152
0.576167 0.332755
0.580887 0.338435
0.593340 0.354016
0.604850 0.369231
0.615990 0.384849
0.626855 0.401079
0.318656 0.115904
0.326540 0.120646
0.331554 0.123662
0.378183 0.152896
0.407570 0.173751
0.434356 0.195116
0.163803 0.177905
0.165298 0.181727
0.166894 0.185926
0.170102 0.194728
0.175164 0.210229
0.180714 0.229907
0.182715 0.237971
0.184704 0.246383
0.211451 0.195479
0.213221 0.199304
0.215068 0.203415
0.218553 0.211468
0.221834 0.219457
0.224733 0.226888
0.454507 0.508082
0.484426 0.526397
0.515497 0.544970
0.572015 0.581700
0.621575 0.622852
0.662515 0.669340
0.263508 0.423353
0.269135 0.435338
0.277111 0.450060
0.283708 0.460694
0.290409 0.470365
0.431378 0.057859
0.434098 0.058751
0.442165 0.061585
0.451101 0.064748
0.460555 0.068199
0.470121 0.071837
0.496259 0.082746
0.380363 0.370696
0.384589 0.376455
0.388990 0.382223
0.397879 0.393188
0.406782 0.403366
0.416303 0.413482
0.603401 0.384676
0.607521 0.390360
0.612029 0.396652
0.620179 0.408481
0.628497 0.421179
0.636589 0.434192
0.651110 0.459347
0.671821 0.584603
0.679835 0.599511
0.687224 0.613920
0.701110 0.642706
0.714240 0.671964
0.725920 0.699334
0.478973 0.535786
0.488116 0.541004
0.501231 0.548395
0.525359 0.562328
0.546239 0.574911
0.571056 0.591206
0.610913 0.622002
0.627275 0.637286
0.643421 0.654115
0.656753 0.669859
0.532630 0.308398
0.546537 0.323749
0.561252 0.340482
0.574835 0.356551
0.588468 0.373401
0.633533 0.437423
0.644558 0.455806
0.290558 0.228533
0.292095 0.231250
0.294697 0.235938
0.297536 0.241129
0.304764 0.255001
0.310820 0.267177
0.317161 0.280301
0.206869 0.078706
0.210455 0.082701
0.215298 0.087971
0.224173 0.097278
0.234563 0.107712
0.281864 0.152351
0.423359 0.142701
0.428711 0.145938
0.434265 0.149327
0.443400 0.155107
0.454391 0.162386
0.464379 0.169370
0.476542 0.178255
0.484387 0.184235
0.495200 0.192761
0.505232 0.201018
0.515223 0.209556
0.466085 0.381891
0.470314 0.386211
0.474596 0.390535
0.483352 0.399176
0.492270 0.407777
0.500859 0.415909
0.528478 0.441517
0.214084 0.207025
0.215571 0.210569
0.217541 0.215397
0.220776 0.223605
0.224486 0.233759
0.228171 0.244736
0.238382 0.279663
0.242078 0.294325
0.255571 0.133009
0.259699 0.136991
0.265923 0.143002
0.276632 0.153413
0.286900 0.163609
0.297426 0.174403
0.307703 0.185432
0.318094 0.197200
0.328395 0.209574
0.338818 0.222900
0.349133 0.236857
0.392753 0.406312
0.398384 0.412619
0.405548 0.420215
0.422453 0.436588
0.451595 0.461086
0.277440 0.283945
0.279923 0.291007
0.282590 0.298703
0.287734 0.313421
0.299598 0.345802
0.436969 0.274730
0.439008 0.277103
0.441516 0.280020
0.445319 0.284430
0.453371 0.293712
0.460919 0.302327
0.468982 0.311433
0.487810 0.332242
0.506255 0.352156
0.560741 0.382717
0.564407 0.386918
0.571157 0.394762
0.577685 0.402488
0.595507 0.424481
0.609357 0.442676
0.624077 0.463459
0.562040 0.497179
0.576079 0.510060
0.591247 0.524742
0.616092 0.551119
0.659289 0.607086
0.695510 0.668499
0.722491 0.724662
0.198722 0.270002
0.199560 0.274398
0.200231 0.277741
0.202043 0.287900
0.203678 0.297597
0.205158 0.306347
0.209429 0.333611
0.213129 0.355323
0.366512 0.205648
0.369438 0.208712
0.372081 0.211541
0.378111 0.218077
0.384147 0.224810
0.389705 0.231114
0.404401 0.248330
0.410664 0.255792
0.416565 0.262881
0.562331 0.146486
0.566205 0.149258
0.569505 0.151708
0.577143 0.157444
0.583457 0.162385
0.598087 0.174354
0.606983 0.182075
0.615709 0.190000
0.196542 0.250065
0.197864 0.256056
0.198744 0.259957
0.200789 0.269708
0.202673 0.279484
0.204634 0.290134
0.208657 0.314319
0.210353 0.324746
0.212306 0.336560
0.438660 0.411630
0.443343 0.416150
0.450624 0.422960
0.473490 0.442979
0.520053 0.480426
0.533122 0.490811
0.546133 0.501297
0.460225 0.251138
0.467642 0.258901
0.475697 0.267361
0.487459 0.279848
0.518411 0.313057
0.549087 0.346904
0.578749 0.381591
0.611251 0.423918
0.565509 0.279405
0.569403 0.283679
0.573124 0.287813
0.581585 0.297464
0.590109 0.307536
0.467791 0.160074
0.472898 0.163559
0.478785 0.167699
0.490582 0.176282
0.513471 0.194134
0.126469 0.346591
0.126981 0.355435
0.127617 0.364355
0.129189 0.382535
0.134283 0.421093
0.060510 0.299118
0.060646 0.300573
0.060764 0.304234
0.060937 0.310453
0.061312 0.322616
0.061734 0.335423
0.849232 0.305148
0.855023 0.324847
0.863612 0.361677
0.873315 0.426327
0.880911 0.537386
0.229206 0.623401
0.245995 0.636952
0.263521 0.649554
0.308173 0.676445
0.359795 0.701118
0.418926 0.724387
0.526240 0.762848
0.563709 0.778121
0.596197 0.793883
0.354216 0.275581
0.355558 0.277782
0.358026 0.281850
0.360290 0.285563
0.366559 0.295819
0.378810 0.315258
0.385466 0.325343
0.274834 0.197123
0.276415 0.199413
0.278284 0.202164
0.281302 0.206672
0.287281 0.215978
0.300415 0.238147
0.311067 0.258062
0.323138 0.282069
0.280631 0.459267
0.281935 0.461303
0.284871 0.465679
0.288314 0.470590
0.296619 0.481439
0.315218 0.501889
0.333696 0.518470
0.346857 0.528656
0.359403 0.537425
0.371190 0.518101
0.385416 0.527641
0.402033 0.537675
0.436192 0.556153
0.506707 0.590437
0.314281 0.317531
0.317924 0.325931
0.322485 0.336057
0.331065 0.353844
0.350543 0.387831
0.409794 0.455053
0.409326 0.378661
0.414567 0.384796
0.419908 0.390817
0.430699 0.402330
0.452218 0.423188
0.477757 0.445436
0.492855 0.457786
0.504552 0.467150
0.585833 0.166366
0.590219 0.169941
0.593095 0.172323
0.600799 0.178856
0.616639 0.193139
0.632820 0.208997
0.640186 0.216714
0.596587 0.250930
0.599900 0.254532
0.603475 0.258481
0.610085 0.265996
0.627358 0.287055
0.646363 0.313297
0.591340 0.456327
0.597235 0.463399
0.603662 0.471316
0.615643 0.486731
0.627548 0.502973
0.649632 0.536297
0.673314 0.577556
0.635691 0.518305
0.651554 0.542778
0.668113 0.571083
0.695585 0.625094
0.739922 0.728799
0.494060 0.762418
0.540053 0.779574
0.577325 0.795673
0.621874 0.821309
0.703136 0.928776
0.719713 0.962504
0.426319 0.324987
0.428472 0.327651
0.431032 0.330812
0.435005 0.335620
0.443994 0.346222
0.463085 0.367445
0.316017 0.540294
0.324068 0.546493
0.333213 0.553027
0.350628 0.564283
0.390856 0.586032
0.499046 0.276820
0.502059 0.279973
0.505447 0.283543
0.511842 0.290333
0.517514 0.296367
0.530000 0.309843
0.540025 0.320840
0.552227 0.334505
0.406369 0.195875
0.409694 0.198829
0.413281 0.202084
0.418870 0.207202
0.431708 0.219389
0.442948 0.230417
0.455750 0.243343
0.462059 0.326420
0.468347 0.333488
0.475953 0.341895
0.491043 0.358174
0.507282 0.375202
0.111451 0.210193
0.112317 0.214654
0.113107 0.218938
0.113673 0.221914
0.115426 0.232647
0.118855 0.261363
0.594703 0.214666
0.597073 0.216964
0.600033 0.219869
0.604671 0.224514
0.614242 0.234459
0.632199 0.254644
0.556526 0.457393
0.572726 0.473616
0.593379 0.495458
0.616354 0.522121
0.666703 0.594139
0.735854 0.737030
0.462455 0.296259
0.466527 0.300837
0.469966 0.304675
0.477016 0.312523
0.492717 0.329764
0.243484 0.398208
0.246821 0.408301
0.249406 0.415446
0.255308 0.430038
0.272829 0.463421
0.600215 0.110926
0.603146 0.112942
0.608007 0.116331
0.616232 0.122284
0.628847 0.131838
0.659975 0.158167
0.668266 0.165926
0.134815 0.175927
0.136359 0.180544
0.137897 0.185328
0.140581 0.194125
0.146989 0.219145
0.153126 0.252226
0.156618 0.277840
0.570661 0.579566
0.580484 0.586846
0.591063 0.594994
0.610790 0.611737
0.646264 0.648116
0.678129 0.690917
0.690504 0.710677
0.251948 0.087822
0.254584 0.089954
0.257916 0.092607
0.262464 0.096156
0.272280 0.103590
0.743106 0.549242
0.748053 0.571635
0.751111 0.587318
0.759275 0.621129
0.774534 0.682457
0.100848 0.255075
0.100984 0.256014
0.101311 0.259819
0.101843 0.266248
0.102706 0.278308
0.103998 0.301531
0.105449 0.333558
0.106139 0.347128
0.107217 0.364880
0.455375 0.390773
0.459482 0.394918
0.464724 0.400118
0.470855 0.406053
0.486503 0.420684
0.519155 0.449745
0.555108 0.481622
0.146657 0.413570
0.147306 0.417402
0.147855 0.420331
0.149384 0.428541
0.151302 0.437280
0.452830 0.212066
0.455944 0.214913
0.459652 0.218303
0.467725 0.225812
0.482891 0.240384
0.504186 0.261583
0.520464 0.278363
0.569629 0.389934
0.571969 0.392714
0.574391 0.395562
0.578555 0.400549
0.586443 0.410147
0.602595 0.430762
0.617430 0.451050
0.631350 0.471593
0.561136 0.250475
0.565510 0.254948
0.571255 0.260941
0.581330 0.271810
0.600167 0.293501
0.354266 0.209338
0.358390 0.214000
0.363349 0.219731
0.372623 0.230804
0.403737 0.270123
0.412313 0.281135
0.434706 0.309190
0.082604 0.074149
0.082604 0.074149
0.082604 0.074149
0.082604 0.074149
0.082604 0.074149
0.357933 0.188862
0.360030 0.190836
0.368934 0.199472
0.382515 0.213342
0.405645 0.238704
0.844361 0.364434
0.845310 0.369498
0.846609 0.376394
0.849868 0.395825
0.855878 0.443353
0.857336 0.460812
0.240908 0.135305
0.244490 0.139172
0.248379 0.143379
0.253822 0.149293
0.265987 0.162731
0.291189 0.192639
0.315921 0.226801
0.436679 0.327986
0.439389 0.331234
0.442482 0.334914
0.448357 0.341743
0.461675 0.356693
0.453858 0.202851
0.459648 0.207911
0.464511 0.212195
0.476601 0.223195
0.498868 0.244371
0.525044 0.270633
0.549804 0.296934
0.601965 0.643321
0.623024 0.660516
0.631953 0.668884
0.660737 0.699913
0.698833 0.757162
0.614434 0.123540
0.618078 0.126245
0.623963 0.130715
0.631002 0.136235
0.649620 0.151777
0.153524 0.168823
0.154497 0.171290
0.156475 0.176320
0.159218 0.183635
0.165454 0.202013
0.171128 0.221899
0.175931 0.242166
0.803157 0.308599
0.806908 0.319785
0.810491 0.331531
0.817652 0.358808
0.826618 0.405832
0.832572 0.455650
0.567468 0.476991
0.582635 0.492250
0.596778 0.507266
0.623790 0.538829
0.668947 0.604183
0.280876 0.556475
0.287355 0.561954
0.294742 0.567842
0.310162 0.579026
0.346406 0.600839
0.386283 0.620125
0.414454 0.631954
0.438287 0.641216
0.642362 0.246375
0.669843 0.282610
0.676724 0.293119
0.707150 0.349915
0.746457 0.481008
0.772522 0.619839
0.784725 0.673663
0.666565 0.272121
0.670364 0.277440
0.676229 0.286170
0.685510 0.301034
0.704392 0.336466
0.721829 0.378547
0.330927 0.635422
0.339429 0.639754
0.350563 0.645176
0.366017 0.652166
0.383010 0.659306
0.406660 0.668677
0.422820 0.674666
0.447343 0.683500
0.462301 0.688734
0.352545 0.449833
0.354677 0.452162
0.357652 0.455322
0.362630 0.460396
0.372787 0.470024
0.399485 0.491724
0.422799 0.507720
0.437129 0.516759
0.450558 0.524744
0.519424 0.311700
0.523256 0.315861
0.526739 0.319656
0.533164 0.326696
0.577243 0.377321
0.506070 0.521766
0.514942 0.527490
0.523741 0.533247
0.540082 0.544026
0.574344 0.568625
0.510159 0.288108
0.514559 0.292787
0.519870 0.298466
0.529590 0.308967
0.550621 0.332255
0.471158 0.280116
0.473184 0.282339
0.475934 0.285331
0.479144 0.288824
0.505326 0.317242
0.428811 0.083053
0.434776 0.085432
0.437224 0.086368
0.447973 0.090759
0.492338 0.111395
0.501349 0.116158
0.615071 0.480960
0.620354 0.488097
0.624549 0.493905
0.633003 0.506046
0.651031 0.534088
0.606501 0.273821
0.610551 0.278614
0.614801 0.283765
0.621778 0.292522
0.636207 0.311965
0.627512 0.863790
0.630705 0.866528
0.636396 0.870886
0.640340 0.874890
0.653550 0.888060
0.635471 0.639187
0.645429 0.650247
0.658139 0.665435
0.674817 0.688795
0.702781 0.735729
0.728676 0.788054
0.738134 0.810665
0.231423 0.305428
0.233028 0.313038
0.234610 0.320468
0.237930 0.335772
0.246143 0.369928
0.198267 0.191312
0.200426 0.196242
0.203091 0.202607
0.207092 0.212690
0.214944 0.234850
0.222318 0.260067
0.228805 0.285998
0.458275 0.527294
0.464865 0.531055
0.473663 0.536055
0.488001 0.544086
0.565134 0.589823
0.579704 0.599851
0.285118 0.530897
0.290678 0.536159
0.297268 0.542048
0.309372 0.551938
0.338117 0.571750
0.339382 0.371910
0.342865 0.377888
0.345880 0.382849
0.354130 0.395484
0.371474 0.418292
0.541698 0.356619
0.543780 0.358938
0.545744 0.361135
0.549361 0.365187
0.556698 0.373482
0.528504 0.151439
0.531243 0.153334
0.536157 0.156783
0.544315 0.162738
0.561568 0.176038
0.425285 0.260590
0.428550 0.264404
0.431711 0.268067
0.438680 0.276178
0.452094 0.291708
0.729271 0.333704
0.731756 0.339883
0.733408 0.343923
0.737909 0.356070
0.744888 0.376978
0.761697 0.445907
0.765925 0.469068
0.628966 0.548071
0.638849 0.561141
0.650507 0.577649
0.664080 0.598458
0.696021 0.655578
0.740762 0.755113
0.518524 0.305504
0.520415 0.307547
0.523614 0.311024
0.526679 0.314345
0.533681 0.322016
0.548535 0.338532
0.562156 0.354162
0.575634 0.370111
0.545580 0.824244
0.560333 0.830544
0.577287 0.838101
0.593996 0.847158
0.627320 0.868366
0.503033 0.256376
0.504910 0.258265
0.507466 0.260829
0.510718 0.264133
0.518367 0.271989
0.533588 0.287975
0.261505 0.195908
0.264999 0.201331
0.269643 0.208857
0.277904 0.223114
0.292460 0.251187
0.307597 0.284308
0.114033 0.078606
0.117640 0.085681
0.120482 0.091736
0.127336 0.105228
0.140146 0.130728
0.152506 0.157059
0.160541 0.176188
0.164801 0.187427
0.262848 0.180034
0.266771 0.185285
0.271091 0.191211
0.278942 0.202469
0.297211 0.231694
0.358521 0.312418
0.361382 0.317330
0.364062 0.321846
0.374693 0.338986
0.385474 0.354987
0.437053 0.269457
0.439880 0.272708
0.443109 0.276403
0.449227 0.283436
0.464148 0.300392
0.477674 0.315493
0.484664 0.323199
0.492021 0.331240
0.567962 0.325938
0.571825 0.330484
0.576004 0.335473
0.584108 0.345363
0.600644 0.366562
0.618024 0.390789
0.633786 0.415094
0.642508 0.305216
0.649924 0.316172
0.657293 0.327696
0.670569 0.350420
0.697848 0.409634
0.716684 0.466175
0.352069 0.098294
0.357113 0.100674
0.364828 0.104320
0.377736 0.110491
0.401720 0.122282
0.428800 0.136861
0.747436 0.199802
0.756498 0.212412
0.765781 0.226509
0.779150 0.249347
0.805738 0.310535
0.822592 0.373298
0.829494 0.413529
0.172138 0.456936
0.173194 0.460212
0.174873 0.465248
0.177697 0.473079
0.184244 0.489080
0.190636 0.502440
0.199921 0.519124
0.637751 0.882920
0.647697 0.892288
0.644533 0.891138
0.662125 0.910627
0.676418 0.935994
0.690787 0.965359
0.709446 0.996074
0.646252 0.432951
0.659745 0.458187
0.674265 0.488696
0.700165 0.552667
0.740550 0.669577
0.760804 0.727184
0.777561 0.775438
0.779814 0.782509
0.553723 0.238402
0.568657 0.253359
0.581714 0.267207
0.612194 0.303062
0.664722 0.384419
0.705099 0.483036
0.722473 0.541573
0.325681 0.384075
0.327629 0.387583
0.329591 0.391004
0.334390 0.399007
0.343400 0.412624
0.356599 0.429897
0.302927 0.081340
0.308206 0.084251
0.313472 0.087094
0.324056 0.092637
0.344217 0.102823
0.367273 0.114358
0.390893 0.126548
0.647130 0.248903
0.650752 0.253392
0.654155 0.257703
0.659866 0.265224
0.671275 0.281145
0.731861 0.341424
0.736295 0.353052
0.739625 0.362223
0.746284 0.382931
0.752686 0.406325
0.123300 0.423135
0.123972 0.426939
0.124697 0.430869
0.126689 0.440880
0.132636 0.465822
0.136022 0.477181
0.139172 0.486563
0.144033 0.499499
0.148059 0.509123
0.629058 0.160421
0.633634 0.164411
0.639288 0.169474
0.648571 0.178119
0.667750 0.197490
0.688489 0.221374
0.480013 0.110934
0.485243 0.113621
0.490532 0.116364
0.500230 0.121681
0.518532 0.132437
0.536281 0.143852
0.556615 0.158232
0.818885 0.381772
0.821645 0.396883
0.824519 0.414876
0.828143 0.442800
0.831955 0.485503
0.834481 0.518825
0.836555 0.549499
0.519339 0.531598
0.528513 0.537623
0.538339 0.544135
0.557523 0.557359
0.591210 0.583132
0.726506 0.477429
0.727201 0.481009
0.730129 0.492119
0.732809 0.503841
0.740722 0.537954
0.444766 0.153709
0.451003 0.157768
0.456822 0.161637
0.522097 0.212546
0.536812 0.225842
0.467830 0.255246
0.486756 0.275106
0.506512 0.296115
0.547701 0.341177
0.721091 0.642078
0.025199 0.127958
0.025199 0.127958
0.025199 0.127958
0.025199 0.127958
0.025199 0.127958
0.695290 0.318559
0.699307 0.326203
0.702257 0.332067
0.711548 0.352529
0.724955 0.387619
0.736459 0.426195
0.741950 0.448383
0.746762 0.470789
0.557420 0.325212
0.562586 0.331142
0.567825 0.337251
0.579434 0.351214
0.606691 0.386513
0.423609 0.492829
0.430767 0.497775
0.436544 0.501582
0.449904 0.510127
0.476698 0.526323
0.712341 0.690320
0.716709 0.699827
0.721293 0.710145
0.725751 0.720345
0.735345 0.742786
0.787821 0.603178
0.793025 0.625705
0.792739 0.629190
0.801170 0.662815
0.811188 0.703639
0.534077 0.269329
0.537346 0.272705
0.540729 0.276244
0.547701 0.283641
0.561382 0.298601
0.571741 0.310377
0.585560 0.326815
0.257590 0.119520
0.259889 0.121544
0.262427 0.123771
0.266502 0.127319
0.274398 0.134156
0.696075 0.174091
0.713458 0.193459
0.731896 0.217012
0.764254 0.269952
0.807314 0.408770
0.817617 0.493865
0.267073 0.256678
0.269946 0.264171
0.272759 0.271803
0.278270 0.287217
0.309338 0.369783
0.449393 0.223122
0.455344 0.228852
0.462018 0.235373
0.474797 0.248109
0.501602 0.275647
0.287275 0.434362
0.301909 0.457347
0.323628 0.483546
0.372329 0.524273
0.510728 0.596305
0.625845 0.668895
0.666907 0.713731
0.691202 0.749964
0.516805 0.458696
0.521221 0.462431
0.525737 0.466238
0.535387 0.474441
0.553958 0.490491
0.574403 0.508956
0.583309 0.517405
0.592605 0.526558
0.534202 0.225219
0.539021 0.229729
0.550985 0.241209
0.556496 0.246641
0.576383 0.267294
0.604755 0.300050
0.389086 0.169983
0.394228 0.173906
0.398544 0.177243
0.407532 0.184432
0.426227 0.200276
0.440009 0.212688
0.458767 0.230455
0.231413 0.096715
0.234105 0.099318
0.238024 0.103043
0.241685 0.106474
0.251815 0.115740
0.291657 0.150801
0.302799 0.160790
0.313868 0.171044
0.660386 0.436480
0.671062 0.458645
0.681843 0.483401
0.700944 0.533680
0.734625 0.635535
0.766239 0.730641
0.781802 0.777154
0.781802 0.777154
0.604237 0.315835
0.606621 0.318939
0.610309 0.323714
0.615327 0.330474
0.626417 0.346082
0.416136 0.453203
0.423416 0.459300
0.433075 0.466976
0.451597 0.480727
0.489454 0.506484
0.509652 0.519761
0.265341 0.478896
0.270336 0.486119
0.279790 0.498423
0.295761 0.516040
0.340289 0.552325
0.473820 0.332539
0.478506 0.337714
0.483402 0.343047
0.493983 0.354432
0.533035 0.395361
0.553810 0.417203
0.548271 0.462324
0.558435 0.471893
0.565741 0.478910
0.581017 0.494047
0.658996 0.590774
0.706666 0.155570
0.709637 0.158587
0.714800 0.163954
0.720472 0.170057
0.734273 0.186024
0.757206 0.216558
0.378634 0.282800
0.381660 0.287285
0.385020 0.292217
0.389794 0.299192
0.408690 0.325547
0.416467 0.335711
0.431644 0.354377
0.290437 0.566689
0.300559 0.574373
0.310590 0.581392
0.333273 0.595485
0.384969 0.621408
0.433368 0.641060
0.461871 0.651708
0.570755 0.751612
0.584146 0.758072
0.598588 0.765858
0.617838 0.778117
0.649112 0.804575
0.673330 0.833070
0.684974 0.851950
0.690122 0.861345
0.633350 0.259046
0.639015 0.266015
0.645330 0.274105
0.657070 0.290244
0.698597 0.364402
0.712249 0.322508
0.719281 0.337731
0.728171 0.360047
0.739971 0.395389
0.757019 0.469535
0.763935 0.510400
0.769382 0.545738
0.776720 0.617572
0.780736 0.634036
0.783788 0.646312
0.788742 0.667589
0.794630 0.695928
0.805042 0.726711
0.630959 0.304214
0.634554 0.309215
0.644441 0.323513
0.659412 0.347618
0.680991 0.389131
0.695480 0.423589
0.261512 0.256736
0.263037 0.260898
0.264555 0.265087
0.267342 0.272954
0.273118 0.290009
0.276102 0.299043
0.449069 0.089659
0.452573 0.091133
0.455685 0.092448
0.462224 0.095292
0.476045 0.101638
0.500873 0.114106
0.438485 0.244816
0.440749 0.247232
0.443586 0.250287
0.446424 0.253333
0.456315 0.264026
0.474920 0.284257
0.337864 0.359262
0.339751 0.362716
0.342435 0.367488
0.344826 0.371615
0.354495 0.387076
0.374893 0.414409
0.403901 0.241411
0.406329 0.244224
0.407847 0.245989
0.410008 0.248509
0.416269 0.255852
0.428209 0.269952
0.440363 0.284279
0.453351 0.299378
0.521910 0.120415
0.527488 0.123704
0.533866 0.127592
0.539676 0.131280
0.555800 0.141980
0.666144 0.763339
0.677068 0.778815
0.690007 0.798600
0.715641 0.845636
0.740092 0.898447
0.740092 0.898447
0.740092 0.898447
0.811415 0.190316
0.817585 0.199816
0.823730 0.209868
0.834615 0.229488
0.851877 0.267142
0.875705 0.344952
0.630059 0.113535
0.632738 0.115523
0.660676 0.137856
0.676962 0.152382
0.686126 0.161132
0.695271 0.170336
0.251338 0.118158
0.257209 0.123494
0.264863 0.130370
0.278169 0.142250
0.306001 0.167730
0.327663 0.189295
0.223099 0.164182
0.226276 0.168980
0.232337 0.178381
0.253916 0.215975
0.267090 0.243870
0.282375 0.282322
0.192111 0.322585
0.193134 0.330367
0.194239 0.338540
0.196116 0.351618
0.206256 0.405698
0.377726 0.238360
0.382281 0.244057
0.386561 0.249484
0.394282 0.259385
0.410796 0.280702
0.198271 0.227349
0.200951 0.236411
0.203545 0.245808
0.208363 0.265650
0.216949 0.309177
0.239538 0.409433
0.391482 0.255941
0.393812 0.258924
0.396216 0.262026
0.400225 0.267224
0.408848 0.278365
0.427134 0.301592
0.445932 0.324374
0.590613 0.330459
0.592426 0.332757
0.594601 0.335517
0.598504 0.340495
0.620184 0.370277
0.411194 0.451587
0.416815 0.456417
0.422970 0.461505
0.434363 0.470456
0.458418 0.487817
0.476011 0.499763
0.495772 0.512726
0.191430 0.111113
0.194566 0.115355
0.197717 0.119601
0.204141 0.128230
0.216861 0.145356
0.223337 0.154238
0.228117 0.160896
0.234468 0.169978
0.241130 0.179850
0.202928 0.239099
0.204621 0.245219
0.206226 0.251403
0.209817 0.266466
0.215556 0.294283
0.221868 0.328330
0.407993 0.418554
0.414771 0.425356
0.421650 0.431934
0.433968 0.443000
0.463434 0.466781
0.247118 0.110875
0.251549 0.114880
0.257990 0.120623
0.266024 0.127684
0.284105 0.143415
0.603316 0.279746
0.612925 0.291400
0.623156 0.304521
0.640321 0.328718
0.680491 0.401481
0.764458 0.680175
0.194207 0.186489
0.195573 0.189572
0.197801 0.194686
0.202305 0.205634
0.209299 0.224547
0.214030 0.238991
0.220345 0.261417
0.185774 0.412875
0.187165 0.418954
0.187646 0.420956
0.189594 0.428576
0.199567 0.459754
0.206858 0.477168
0.327994 0.213023
0.331385 0.217400
0.335139 0.222345
0.342007 0.231672
0.355707 0.251220
0.480683 0.151175
0.482889 0.152622
0.484909 0.153942
0.490324 0.157549
0.500222 0.164377
0.518137 0.177540
0.537856 0.193280
0.546812 0.200826
0.429043 0.218543
0.433763 0.223174
0.438947 0.228278
0.446953 0.236336
0.455318 0.244854
0.463862 0.253704
0.482453 0.273253
0.354124 0.214368
0.356716 0.217400
0.359193 0.220335
0.364991 0.227323
0.375536 0.240481
0.409458 0.199186
0.413222 0.202610
0.417358 0.206411
0.425568 0.214126
0.434558 0.222812
0.527642 0.064479
0.531074 0.066052
0.534101 0.067413
0.538253 0.069356
0.548403 0.074353
0.566704 0.084070
0.586446 0.095677
0.594584 0.100807
0.552521 0.441002
0.563021 0.451672
0.574345 0.463473
0.595728 0.486937
0.633076 0.533729
0.370224 0.193764
0.374965 0.198305
0.381593 0.204797
0.391686 0.215047
0.412709 0.237600
0.534263 0.316651
0.537202 0.319881
0.541119 0.324212
0.546806 0.330562
0.559803 0.345349
0.572169 0.359897
0.578528 0.367583
0.584810 0.375347
0.496486 0.159584
0.500302 0.162260
0.506405 0.166558
0.513556 0.171792
0.531626 0.185723
0.543802 0.195729
0.351807 0.361058
0.354472 0.365478
0.357938 0.371029
0.364279 0.380638
0.391469 0.415202
0.259725 0.367645
0.261118 0.372215
0.262884 0.377753
0.266708 0.388947
0.270466 0.398928
0.398043 0.286308
0.399796 0.288691
0.401659 0.291242
0.405076 0.295864
0.412006 0.305109
0.395566 0.221684
0.398216 0.224508
0.401628 0.228225
0.408259 0.235490
0.422196 0.251180
0.489694 0.099267
0.494651 0.101670
0.503157 0.105965
0.515475 0.112546
0.528180 0.119808
0.303688 0.253698
0.305657 0.257603
0.307850 0.261990
0.310769 0.267942
0.317584 0.282118
0.332626 0.313538
0.311000 0.145896
0.316459 0.150154
0.322464 0.154894
0.332590 0.163080
0.354615 0.181968
0.370712 0.196959
0.392680 0.219271
0.300921 0.145534
0.306440 0.150035
0.312551 0.155068
0.324369 0.165051
0.345131 0.183684
0.363767 0.201953
0.374999 0.213788
0.386436 0.226406
0.282584 0.097915
0.287626 0.101296
0.294846 0.106037
0.309770 0.115541
0.341548 0.135477
0.357746 0.145937
0.385464 0.165103
0.447929 0.449301
0.462656 0.461090
0.480806 0.474836
0.510690 0.496655
0.573023 0.543837
0.672020 0.653426
0.719564 0.740628
0.754756 0.823645
0.760624 0.836690
0.202898 0.181171
0.205570 0.186576
0.207265 0.190061
0.210496 0.196989
0.216758 0.211314
0.228456 0.242576
0.236010 0.267278
0.241356 0.287149
0.231561 0.098755
0.237441 0.104424
0.244112 0.110698
0.258682 0.123981
0.287383 0.149522
0.303586 0.164316
0.236628 0.699045
0.277037 0.725354
0.322127 0.750101
0.429370 0.797704
0.527344 0.836924
0.601295 0.871776
0.640722 0.901056
0.153186 0.603112
0.164736 0.617249
0.180121 0.634102
0.207907 0.660200
0.280870 0.711693
0.362004 0.752735
0.579207 0.207220
0.581714 0.209559
0.584356 0.212007
0.589374 0.216791
0.598868 0.226127
0.631354 0.261901
0.640021 0.272677
0.650014 0.286070
0.374899 0.131147
0.378516 0.133206
0.382034 0.135193
0.389241 0.139394
0.403066 0.147765
0.479779 0.178066
0.500520 0.194307
0.518629 0.209564
0.557107 0.245393
0.633386 0.336516
0.672399 0.404925
0.698359 0.468452
0.115069 0.194756
0.116304 0.199823
0.117629 0.205413
0.124981 0.248597
0.128916 0.288245
0.558765 0.285637
0.562540 0.289782
0.566969 0.294703
0.575396 0.304301
0.593249 0.325776
0.606363 0.342717
0.622166 0.364836
0.392520 0.192428
0.396495 0.195986
0.401645 0.200679
0.444754 0.243377
0.459725 0.259160
0.513038 0.165505
0.518692 0.169617
0.524436 0.173907
0.534233 0.181482
0.556883 0.200254
0.573925 0.215589
0.717771 0.968768
0.717771 0.968768
0.717771 0.968768
0.717771 0.968768
0.717771 0.968768
0.717771 0.968768
0.307636 0.398679
0.310519 0.404080
0.314794 0.411641
0.322816 0.424476
0.339275 0.446593
0.193208 0.081319
0.202862 0.093045
0.208899 0.100120
0.219132 0.111749
0.290030 0.191598
0.422549 0.199923
0.427448 0.204286
0.435940 0.212022
0.444075 0.219628
0.466261 0.241265
0.467974 0.323058
0.472125 0.327698
0.477208 0.333327
0.486816 0.343829
0.505015 0.363265
0.248777 0.276404
0.250303 0.281549
0.251842 0.287037
0.254998 0.298421
0.261513 0.322215
0.266079 0.338416
0.274814 0.366357
0.341351 0.127807
0.344192 0.129513
0.347308 0.131392
0.352726 0.134676
0.363642 0.141421
0.374594 0.148413
0.226021 0.260807
0.227499 0.266307
0.228758 0.270980
0.231340 0.281336
0.237458 0.307843
0.241713 0.326805
0.247594 0.351486
0.465154 0.162551
0.469012 0.165241
0.472648 0.167773
0.479270 0.172508
0.495769 0.184942
0.508777 0.195368
0.524853 0.208942
0.345301 0.317607
0.346833 0.320478
0.348967 0.324415
0.352504 0.330816
0.357134 0.338916
0.364666 0.351405
0.661331 0.922769
0.667425 0.931228
0.666008 0.931926
0.673670 0.945573
0.698220 0.989514
0.392823 0.218209
0.395737 0.221296
0.399404 0.225225
0.404284 0.230525
0.415553 0.243010
0.355560 0.094686
0.361553 0.097420
0.370296 0.101404
0.382814 0.107181
0.417984 0.124328
0.440371 0.136455
0.642436 0.164112
0.644114 0.165610
0.646260 0.167566
0.649609 0.170659
0.656487 0.177203
0.670521 0.191377
0.682913 0.204991
0.307102 0.168354
0.312361 0.173409
0.316805 0.177764
0.326425 0.187503
0.359640 0.225099
0.378607 0.249290
0.716731 0.219413
0.719432 0.223011
0.722300 0.226899
0.730627 0.239111
0.736589 0.248404
0.743879 0.260707
0.749379 0.270649
0.235617 0.127842
0.240664 0.133246
0.246033 0.138983
0.255193 0.148802
0.274226 0.169767
0.311858 0.217201
0.340499 0.261832
0.381103 0.328737
0.460963 0.127103
0.466953 0.130378
0.473286 0.133976
0.482702 0.139503
0.505037 0.153769
0.526554 0.168964
0.456794 0.281848
0.458554 0.283805
0.460452 0.285949
0.463567 0.289431
0.470515 0.297173
0.483871 0.311920
0.509652 0.339982
0.343187 0.246340
0.346646 0.251605
0.349908 0.256643
0.371157 0.290056
0.382992 0.308271
0.390926 0.320012
0.389756 0.241893
0.393240 0.246140
0.397494 0.251368
0.405321 0.261053
0.422412 0.282306
0.433673 0.296130
0.442697 0.306977
0.452092 0.318022
0.551892 0.284545
0.555646 0.288602
0.559812 0.293178
0.567952 0.302294
0.584262 0.321406
0.600739 0.342153
0.428402 0.536314
0.444681 0.545188
0.456291 0.551275
0.495660 0.571415
0.559148 0.605976
0.421519 0.513186
0.432914 0.520229
0.442750 0.526030
0.461991 0.536877
0.504310 0.560013
0.218692 0.685508
0.244539 0.704481
0.277678 0.725662
0.321561 0.749730
0.451771 0.806427
0.608577 0.876132
0.502567 0.098810
0.508413 0.101774
0.512177 0.103708
0.522996 0.109512
0.541382 0.120198
0.540416 0.105364
0.547999 0.109775
0.552569 0.112472
0.562394 0.118587
0.583433 0.132712
0.686728 0.250444
0.691840 0.257737
0.699398 0.269024
0.704641 0.277429
0.737641 0.345370
0.663688 0.788976
0.674300 0.803223
0.688165 0.824457
0.706919 0.857329
0.734594 0.915465
0.734594 0.915465
0.374875 0.425417
0.388052 0.439436
0.401841 0.452472
0.431374 0.476388
0.503531 0.524370
0.559613 0.561386
0.164706 0.143066
0.168180 0.149762
0.172956 0.159227
0.180193 0.174406
0.199496 0.224201
0.507186 0.076878
0.510424 0.078274
0.516211 0.080947
0.525794 0.085538
0.546267 0.096261
0.564842 0.107067
0.582514 0.118366
0.613918 0.489228
0.621088 0.498701
0.628173 0.508446
0.642066 0.528758
0.667463 0.570734
0.692808 0.619943
0.702721 0.641167
0.459269 0.213347
0.462611 0.216372
0.466036 0.219507
0.472446 0.225464
0.486306 0.238661
0.155018 0.121936
0.158716 0.128612
0.162276 0.135181
0.169875 0.149370
0.182816 0.175684
0.205305 0.235186
0.219330 0.293155
0.239635 0.388040
0.270120 0.674777
0.293200 0.688579
0.319875 0.702775
0.372622 0.726712
0.466239 0.762111
0.552422 0.794728
0.614888 0.826447
0.635038 0.258537
0.640191 0.264891
0.646224 0.272700
0.655659 0.285449
0.665781 0.300416
0.691072 0.888343
0.694064 0.895497
0.704123 0.913590
0.714281 0.936137
0.723292 0.951045
0.723292 0.951045
0.480445 0.531776
0.490422 0.537554
0.500986 0.543664
0.517872 0.553421
0.555837 0.576936
0.584779 0.597199
0.600063 0.609279
0.616127 0.623121
0.538539 0.698704
0.558390 0.707475
0.580097 0.718071
0.611814 0.736759
0.652863 0.771819
0.675870 0.800053
0.691483 0.824110
0.565211 0.071907
0.569549 0.074233
0.573584 0.076427
0.583849 0.082268
0.592775 0.087603
0.722390 0.953923
0.722390 0.953923
0.722390 0.953923
0.722390 0.953923
0.722390 0.953923
0.277083 0.367437
0.278964 0.372703
0.281184 0.378671
0.285669 0.389866
0.295401 0.410851
0.259610 0.166770
0.263781 0.171843
0.268433 0.177616
0.276933 0.188541
0.293224 0.211286
0.595033 0.357098
0.611225 0.378898
0.626938 0.402008
0.655590 0.451101
0.703746 0.563559
0.732481 0.646138
0.534439 0.267408
0.538509 0.271620
0.543152 0.276479
0.551457 0.285347
0.567784 0.303423
0.429489 0.267197
0.432976 0.271277
0.436359 0.275231
0.442437 0.282314
0.461317 0.304035
0.466845 0.310275
0.481646 0.326743
0.693438 0.159055
0.696104 0.161696
0.698616 0.164238
0.703725 0.169540
0.711683 0.178122
0.731244 0.201402
0.249943 0.165253
0.253226 0.169435
0.256748 0.173993
0.263705 0.183235
0.285986 0.215994
0.294087 0.229487
0.522556 0.077004
0.527111 0.079154
0.533616 0.082338
0.544290 0.087812
0.563441 0.098463
0.254499 0.222987
0.258550 0.231654
0.262603 0.240731
0.270289 0.259374
0.300759 0.342698
0.647768 0.779035
0.652634 0.784160
0.656974 0.789054
0.664401 0.798361
0.672473 0.809245
0.685591 0.827443
0.273877 0.239294
0.275438 0.242611
0.277813 0.247799
0.281070 0.255072
0.288111 0.271836
0.302191 0.307219
0.316166 0.340949
0.335324 0.379305
0.556372 0.118817
0.559877 0.121023
0.563384 0.123303
0.572399 0.129285
0.590130 0.141933
0.547249 0.251632
0.551378 0.255804
0.557133 0.261712
0.566430 0.271529
0.584889 0.292072
0.282360 0.268332
0.285616 0.276570
0.288707 0.284511
0.291768 0.292536
0.294958 0.300900
0.287572 0.051180
0.294743 0.055374
0.300180 0.058428
0.316756 0.067016
0.349468 0.082048
0.372037 0.091751
0.408888 0.107925
0.525889 0.075055
0.529487 0.076744
0.536491 0.080162
0.546962 0.085523
0.568080 0.097350
0.582756 0.106353
0.604645 0.121143
0.262000 0.090482
0.266328 0.093740
0.269947 0.096413
0.277709 0.102014
0.294369 0.113537
0.311956 0.125283
0.323687 0.133065
0.539094 0.356675
0.547232 0.365714
0.555485 0.375006
0.574764 0.397335
0.606754 0.437572
0.209487 0.183809
0.212095 0.188930
0.215812 0.196537
0.220686 0.207093
0.245283 0.275887
0.266585 0.298141
0.268489 0.304418
0.270615 0.311412
0.275825 0.328302
0.289330 0.367551
0.586785 0.156091
0.590264 0.158821
0.595618 0.163137
0.603545 0.169673
0.620091 0.184234
0.634144 0.197607
0.642679 0.206255
0.650914 0.215020
0.319596 0.369091
0.321568 0.373042
0.323498 0.376794
0.327627 0.384465
0.336565 0.399557
0.498529 0.516238
0.504991 0.520414
0.513065 0.525614
0.526270 0.534195
0.548857 0.549487
0.535621 0.446488
0.546824 0.456969
0.559222 0.468774
0.581606 0.491016
0.600669 0.511383
0.394010 0.182920
0.397240 0.185605
0.402138 0.189721
0.409769 0.196358
0.423403 0.208677
0.452430 0.236831
0.491767 0.277518
0.508406 0.295185
0.533809 0.104258
0.536802 0.105920
0.539385 0.107388
0.544888 0.110594
0.555056 0.116737
0.572439 0.128010
0.147386 0.149000
0.149259 0.153177
0.152339 0.160177
0.157254 0.171944
0.168183 0.202152
0.372178 0.331888
0.377310 0.339871
0.382346 0.347405
0.394341 0.364135
0.420524 0.395533
0.417727 0.078985
0.427659 0.082796
0.437490 0.086689
0.455515 0.094189
0.490532 0.110684
0.516567 0.125037
0.532813 0.135033
0.549310 0.146079
0.458047 0.145205
0.462282 0.147833
0.467007 0.150806
0.475947 0.156614
0.493169 0.168515
0.505977 0.177955
0.520411 0.189207
0.315546 0.106088
0.323037 0.110388
0.328157 0.113306
0.379799 0.143399
0.405310 0.159953
0.553591 0.254244
0.557281 0.258012
0.561568 0.262471
0.570054 0.271466
0.587211 0.290653
0.605565 0.313004
0.245038 0.447495
0.247180 0.451994
0.249585 0.456795
0.253974 0.464967
0.264964 0.482728
0.290639 0.084196
0.293486 0.085925
0.295812 0.087326
0.300958 0.090357
0.312118 0.096747
0.335693 0.109617
0.353418 0.119152
0.514676 0.587636
0.521653 0.591252
0.527152 0.594087
0.541775 0.601967
0.567235 0.616816
0.580278 0.625192
0.592357 0.633495
0.603351 0.641652
0.582457 0.571429
0.588582 0.576437
0.595568 0.582348
0.607707 0.593181
0.631338 0.616845
0.643727 0.630781
0.267976 0.384003
0.268858 0.386465
0.269774 0.389012
0.271731 0.394193
0.275603 0.403766
0.285010 0.423869
0.291164 0.435113
0.296942 0.444583
0.303649 0.454516
0.569551 0.190069
0.571584 0.191809
0.573934 0.193825
0.578526 0.197880
0.587262 0.205803
0.241632 0.490953
0.245334 0.496665
0.249887 0.503263
0.260295 0.516795
0.284658 0.542410
0.304664 0.559170
0.342370 0.584207
0.354932 0.164429
0.358956 0.167581
0.363026 0.170815
0.370667 0.177023
0.386420 0.190514
0.413301 0.215678
0.148449 0.686051
0.162532 0.700147
0.176725 0.713370
0.211425 0.742397
0.285433 0.793165
0.308541 0.691978
0.359436 0.716218
0.406397 0.735119
0.493078 0.766644
0.614877 0.821330
0.654716 0.855071
0.415211 0.175185
0.419223 0.178246
0.423286 0.181371
0.431286 0.187751
0.445919 0.199923
0.454827 0.207669
0.463041 0.215004
0.470779 0.222068
0.116498 0.205849
0.117765 0.211758
0.119560 0.221094
0.122028 0.236320
0.125220 0.261880
0.126849 0.279285
0.128109 0.295127
0.129249 0.315488
0.720195 0.704825
0.729139 0.725293
0.738150 0.747031
0.753003 0.783634
0.766787 0.818842
0.595320 0.167663
0.598152 0.170036
0.602837 0.173995
0.609291 0.179591
0.623289 0.192402
0.638224 0.207166
0.644990 0.214282
0.261446 0.431760
0.264349 0.437854
0.267799 0.444606
0.275625 0.458316
0.293913 0.484113
0.305656 0.497527
0.318292 0.510040
0.352757 0.294576
0.355210 0.298857
0.358305 0.304215
0.362775 0.311822
0.372394 0.327595
0.241920 0.739163
0.260632 0.751676
0.279405 0.763362
0.308409 0.780082
0.381853 0.817274
0.414500 0.832344
0.669531 0.174766
0.673923 0.179175
0.678645 0.184036
0.688042 0.194178
0.706261 0.215820
0.716337 0.229270
0.726033 0.243400
0.734946 0.257722
0.654827 0.642918
0.659748 0.649404
0.666152 0.658388
0.676514 0.673835
0.698781 0.711423
0.517947 0.299547
0.526018 0.308269
0.539105 0.322583
0.558794 0.344803
0.600521 0.396262
0.621214 0.425396
0.639182 0.453674
0.657778 0.486771
0.486536 0.691528
0.494796 0.694507
0.501336 0.696895
0.520033 0.703887
0.549730 0.715827
0.473670 0.270728
0.478326 0.275717
0.482707 0.280386
0.492489 0.290884
0.512715 0.312686
0.521323 0.322033
0.531969 0.333680
0.542689 0.345557
0.392420 0.534519
0.397682 0.537647
0.405530 0.542176
0.411270 0.545323
0.431415 0.556042
0.371190 0.649359
0.381665 0.653822
0.392907 0.658394
0.411873 0.665748
0.446898 0.678450
0.486460 0.692495
0.655136 0.702561
0.664247 0.713021
0.668627 0.719517
0.684365 0.741393
0.708808 0.783677
0.217439 0.180938
0.220548 0.186581
0.223999 0.193068
0.230208 0.205381
0.241904 0.231499
0.254287 0.265171
0.259825 0.282442
0.348321 0.503323
0.361116 0.513411
0.384269 0.529338
0.417276 0.548506
0.500065 0.589165
0.631507 0.672605
0.364138 0.527007
0.372422 0.532591
0.381044 0.538005
0.397058 0.547421
0.433608 0.566474
0.446894 0.572844
0.465876 0.581638
0.484294 0.590077
0.470537 0.045696
0.477316 0.048046
0.484337 0.050563
0.498812 0.056002
0.522566 0.065876
0.491105 0.168992
0.494923 0.171788
0.497841 0.173916
0.506502 0.180452
0.521640 0.192411
0.530226 0.199563
0.537917 0.206150
0.546455 0.213678
0.478897 0.107319
0.483752 0.109729
0.489700 0.112763
0.500471 0.118531
0.518489 0.128936
0.535394 0.139590
0.525558 0.292734
0.528791 0.296199
0.532691 0.300401
0.539798 0.308140
0.556108 0.326351
0.564370 0.335861
0.571659 0.344482
0.578742 0.353008
0.682899 0.067053
0.686020 0.069300
0.690537 0.072591
0.705805 0.084191
0.724801 0.099755
0.106235 0.238129
0.106419 0.239538
0.106824 0.242961
0.107205 0.245976
0.108389 0.257626
0.110090 0.277789
0.375458 0.664784
0.387576 0.669731
0.406198 0.676951
0.437310 0.688314
0.490831 0.707099
0.520908 0.718087
0.542124 0.726482
0.394929 0.483789
0.399939 0.487626
0.407640 0.493236
0.415813 0.498923
0.439181 0.514117
0.462352 0.527828
0.492863 0.545166
0.540281 0.572598
0.562787 0.586867
0.216176 0.061062
0.219801 0.064794
0.223027 0.068023
0.230259 0.075010
0.253372 0.095290
0.262529 0.102671
0.270073 0.108552
0.531278 0.317338
0.535305 0.321759
0.539249 0.326114
0.547932 0.335811
0.572908 0.364813
0.566315 0.263023
0.569237 0.266118
0.572410 0.269521
0.577296 0.274843
0.588911 0.287955
0.217661 0.158256
0.220798 0.162917
0.223611 0.167194
0.228207 0.174319
0.236352 0.187513
0.417054 0.721748
0.448160 0.732909
0.467259 0.739648
0.527449 0.761311
0.601323 0.794803
0.370015 0.811800
0.391750 0.822066
0.419889 0.834828
0.462099 0.853585
0.537490 0.887313
0.630377 0.328860
0.633180 0.332883
0.636393 0.337602
0.641676 0.345703
0.653097 0.364448
0.431906 0.370036
0.441136 0.380262
0.453754 0.393466
0.475847 0.414867
0.525821 0.459094
0.576549 0.504734
0.602377 0.530811
0.182659 0.437714
0.186492 0.450493
0.192450 0.467278
0.204127 0.493333
0.236393 0.541784
0.369903 0.635438
0.468405 0.673474
0.459214 0.416911
0.462357 0.419815
0.466294 0.423412
0.474037 0.430310
0.489414 0.443566
0.505064 0.456672
0.513442 0.463585
0.488026 0.866450
0.512481 0.877174
0.529991 0.885247
0.562887 0.900959
0.591729 0.916513
0.630617 0.943574
0.638199 0.951789
0.386230 0.353115
0.390339 0.358841
0.394818 0.364878
0.403685 0.376181
0.415080 0.389604
0.426200 0.401669
0.437891 0.413448
0.450413 0.425223
0.463813 0.437080
0.628963 0.412540
0.635584 0.423082
0.645557 0.440057
0.661512 0.469931
0.675664 0.499855
0.588508 0.576085
0.603770 0.589310
0.626779 0.611733
0.649582 0.637703
0.693234 0.702813
0.708451 0.731347
0.271749 0.472042
0.276287 0.478683
0.281501 0.485752
0.290491 0.496812
0.301741 0.508990
0.328108 0.532396
0.346104 0.545442
0.345965 0.070445
0.352219 0.073050
0.358400 0.075605
0.379209 0.084009
0.395038 0.090441
0.421163 0.101446
0.238753 0.166477
0.241134 0.169764
0.243950 0.173706
0.254909 0.189687
0.272476 0.218362
0.287539 0.295180
0.289222 0.299754
0.291040 0.304764
0.294185 0.313304
0.298358 0.324495
0.308268 0.349355
0.583764 0.254822
0.603218 0.276464
0.624544 0.302987
0.663474 0.363235
0.734690 0.567607
0.398639 0.282805
0.400589 0.285460
0.402405 0.287897
0.406325 0.293171
0.415653 0.305479
0.419726 0.310731
0.424123 0.316341
0.428178 0.321410
0.547245 0.330952
0.550803 0.334960
0.559368 0.344753
0.565793 0.352249
0.582526 0.372423
0.291679 0.174826
0.294120 0.177475
0.301854 0.186099
0.320716 0.208770
0.339173 0.233630
0.369387 0.468426
0.374798 0.473314
0.380615 0.478308
0.392261 0.487660
0.404292 0.496505
0.439542 0.519369
0.575892 0.094437
0.581984 0.098125
0.587492 0.101564
0.597154 0.107869
0.624357 0.127265
0.644956 0.143811
0.395831 0.202181
0.400096 0.206217
0.404586 0.210576
0.412474 0.218384
0.431205 0.237669
0.289214 0.089633
0.292223 0.091501
0.295519 0.093526
0.299837 0.096145
0.310610 0.102507
0.333086 0.115327
0.352665 0.126452
0.365995 0.134166
0.582772 0.396294
0.593795 0.410108
0.605220 0.425093
0.636409 0.470835
0.648332 0.490717
0.655263 0.503031
0.580064 0.253729
0.584504 0.258450
0.589610 0.263998
0.598702 0.274220
0.620137 0.300371
0.629759 0.313332
0.638776 0.326283
0.675580 0.217259
0.678320 0.220512
0.682309 0.225406
0.689209 0.234218
0.701088 0.250615
0.421789 0.357486
0.428388 0.365312
0.435941 0.373914
0.443253 0.381893
0.453264 0.392339
0.470415 0.409172
0.474345 0.041869
0.483928 0.045166
0.499177 0.050810
0.523144 0.060563
0.541562 0.068946
0.409820 0.339631
0.423681 0.357023
0.444181 0.380296
0.482376 0.418009
0.602063 0.528443
0.512468 0.195350
0.515866 0.198187
0.520988 0.202491
0.539973 0.219158
0.568156 0.246207
0.214451 0.124328
0.224282 0.136299
0.233540 0.147637
0.253843 0.173385
0.272571 0.199543
0.594737 0.099545
0.596924 0.100941
0.616467 0.114311
0.641330 0.133231
0.661687 0.150521
0.226224 0.029795
0.230843 0.034375
0.250376 0.051483
0.275596 0.069870
0.308446 0.089660
0.507036 0.137132
0.510586 0.139324
0.531445 0.153127
0.551308 0.167638
0.575378 0.187047
0.400913 0.153914
0.405395 0.156853
0.421957 0.168271
0.442810 0.183882
0.453801 0.192666
0.462578 0.199948
0.305648 0.258413
0.307959 0.263078
0.314921 0.277475
0.323526 0.295619
0.335532 0.320426
0.409482 0.069385
0.433390 0.078189
0.458795 0.088288
0.470032 0.093111
0.482431 0.098782
0.237408 0.095988
0.242462 0.100619
0.260839 0.116714
0.286594 0.138197
0.299791 0.149179
0.311938 0.159512
0.263308 0.072908
0.267543 0.075959
0.283748 0.086910
0.311271 0.103707
0.322376 0.110113
0.335202 0.117411
0.564126 0.131177
0.566951 0.133100
0.579480 0.141942
0.603147 0.160179
0.610983 0.166696
0.489997 0.118753
0.493444 0.120623
0.507173 0.128422
0.525250 0.139612
0.534329 0.145589
0.541263 0.150344
0.745110 0.232920
0.748132 0.237640
0.758485 0.255120
0.768934 0.275325
0.773234 0.284439
0.781533 0.304446
0.223810 0.187658
0.236974 0.213368
0.250834 0.246175
0.255967 0.260185
0.261500 0.276666
0.695788 0.276753
0.720267 0.321609
0.741581 0.376867
0.749318 0.403807
0.755402 0.429551
0.448055 0.086150
0.472622 0.096681
0.496419 0.108183
0.509398 0.115060
0.519407 0.120751
0.495028 0.227331
0.499943 0.231941
0.511635 0.243096
0.523087 0.254326
0.531062 0.262364
0.539529 0.271071
0.155240 0.082714
0.168039 0.102926
0.180659 0.122293
0.188307 0.134020
0.194038 0.142929
