91.832359
93.855432
70.906479
76.584889
94.353359
85.059492
53.500757
65.862256
65.349962
78.219046
89.007373
76.132866
85.152002
88.700968
81.072450
76.223296
87.446635
67.609188
84.973400
59.887360
66.308907
73.543498
76.623922
73.644378
80.216169
75.000663
69.909184
75.323544
68.565032
82.478722
61.713761
74.124955
55.060065
80.926000
71.624061
79.016374
82.814759
72.382141
52.494694
72.857651
79.368438
84.537563
69.533354
71.449768
61.379170
79.824695
62.839246
77.255344
72.873856
85.721184
80.283291
80.264228
78.628393
90.972080
78.552945
95.307082
87.764570
91.490320
65.726480
79.224257
85.085231
69.577834
71.328320
57.340837
66.538006
80.039937
81.929986
78.209646
75.889051
63.776402
93.218401
72.682024
63.450194
84.372396
65.937492
64.520676
61.084144
84.843120
76.436521
81.243667
89.739254
62.847512
74.166071
67.649883
79.384694
73.566686
79.056713
68.895560
76.814044
68.284528
81.483447
68.224440
66.020990
90.256046
63.365084
70.064273
68.319660
59.686370
67.000746
74.796372
72.736431
63.637806
72.842566
73.923280
70.161027
88.677909
79.668092
71.522932
77.381545
70.983254
71.899313
84.996708
58.011650
90.407344
61.815376
93.705336
72.944165
66.344430
89.900804
60.066090
83.193552
73.938094
90.039998
78.346307
59.189968
74.962469
74.097196
78.386564
67.965421
78.563278
95.262619
68.611899
76.617082
55.847824
77.266435
64.404909
43.903924
64.885442
75.796971
71.864990
88.234238
77.511770
83.676940
57.588134
76.797732
61.744127
53.273705
70.975751
91.234572
62.590265
70.103011
74.867087
72.761132
91.736273
77.350343
61.852059
66.549271
69.741028
57.504410
83.781881
73.927587
88.297911
83.823788
80.904531
89.317544
78.441565
78.278646
79.029331
75.502791
70.698611
65.429724
75.691855
78.346122
63.093537
92.679103
76.956233
58.058382
75.901595
64.601428
90.481450
57.980304
46.206646
59.910875
83.910942
70.729496
90.865027
56.836203
65.801943
55.639635
62.150444
56.046047
84.618348
84.779414
71.706949
73.198235
78.960845
62.225752
58.090430
74.280335
86.088655
90.571080
70.473979
77.410545
73.680543
70.821482
70.946497
65.879352
72.065398
77.795699
65.999531
63.874205
72.801068
69.077773
56.436974
69.189243
86.333972
75.015386
77.805707
72.199663
86.556671
80.809732
55.859936
69.956023
71.857798
85.009286
81.016736
90.503090
78.132226
83.247560
73.963581
67.683077
70.267281
93.174959
87.762092
73.999909
79.964472
79.153956
86.675066
79.631934
82.663868
86.620430
79.442714
70.543525
82.275505
75.278544
63.129004
94.219095
70.904870
75.495750
84.304674
84.148567
79.815714
84.420696
85.846811
80.990676
92.426588
85.169379
83.873961
81.265202
85.476857
83.422769
59.032210
74.460241
74.583692
86.498775
72.691425
81.363239
67.936405
83.314322
82.894332
56.743781
69.080941
83.644574
75.474991
76.825735
81.615680
83.304769
79.373801
77.761756
69.969250
62.060844
73.151750
85.198640
78.330205
79.710484
64.854591
85.899415
80.334231
76.148309
82.060095
81.859559
81.012863
72.827182
77.525057
57.162444
83.601564
88.281575
63.749432
70.408457
65.701615
82.960610
73.312453
57.651546
79.571021
77.401940
68.122118
62.128984
60.271472
68.704832
70.841189
76.945078
57.160368
76.871951
81.797091
75.147498
62.174898
78.561276
63.437724
88.660975
80.406185
78.669588
46.596982
74.575186
83.889015
65.111728
78.150307
81.622483
75.707898
83.083521
63.565051
85.303464
75.958974
80.113893
66.787071
64.372852
63.902011
76.621427
77.149713
91.938797
79.385123
81.542324
76.716107
84.207803
75.163448
62.719835
85.990679
57.888926
69.453774
84.471883
74.142776
60.994097
86.998678
62.199198
54.133214
80.651936
86.437692
51.471273
72.589587
74.784351
88.325106
69.643572
63.277562
66.677289
71.135212
60.986671
69.894858
65.298868
65.647505
64.596293
82.712666
73.249480
54.520075
84.018400
88.149745
85.368564
81.306315
66.971955
77.626171
68.285297
73.436837
86.738037
70.395073
82.494466
89.266952
68.888463
67.164738
69.461915
58.948520
69.687109
60.026883
65.979831
76.156339
56.282803
71.269499
68.038251
93.092809
91.883362
71.614228
72.963607
74.335073
68.787739
89.575818
64.556499
73.687679
83.333869
89.957133
59.531034
68.836506
69.902737
64.516484
84.750800
77.017646
71.426243
85.523548
79.511082
85.574195
84.492047
84.699150
81.603674
87.906994
82.148244
90.822926
83.185532
79.492996
59.566841
92.985125
69.181198
79.749246
63.929155
92.390352
