40.000010
40.326643
40.653276
40.979909
41.306542
41.633175
41.959808
42.286441
42.613075
42.939708
43.266341
43.592974
43.919607
44.246240
44.572873
44.899506
45.226139
45.552772
45.879405
46.206038
46.532671
46.859304
47.185937
47.512571
47.839204
48.165837
48.492470
48.819103
49.145736
49.472369
49.799002
50.125635
50.452268
50.778901
51.105534
51.432167
51.758800
52.085433
52.412066
52.738700
53.065333
53.391966
53.718599
54.045232
54.371865
54.698498
55.025131
55.351764
55.678397
56.005030
56.331663
56.658296
56.984929
57.311562
57.638196
57.964829
58.291462
58.618095
58.944728
59.271361
59.597994
59.924627
60.251260
60.577893
60.904526
61.231159
61.557792
61.884425
62.211058
62.537692
62.864325
63.190958
63.517591
63.844224
64.170857
64.497490
64.824123
65.150756
65.477389
65.804022
66.130655
66.457288
66.783921
67.110554
67.437187
67.763821
68.090454
68.417087
68.743720
69.070353
69.396986
69.723619
70.050252
70.376885
70.703518
71.030151
71.356784
71.683417
72.010050
72.336683
72.663317
72.989950
73.316583
73.643216
73.969849
74.296482
74.623115
74.949748
75.276381
75.603014
75.929647
76.256280
76.582913
76.909546
77.236179
77.562813
77.889446
78.216079
78.542712
78.869345
79.195978
79.522611
79.849244
80.175877
80.502510
80.829143
81.155776
81.482409
81.809042
82.135675
82.462308
82.788942
83.115575
83.442208
83.768841
84.095474
84.422107
84.748740
85.075373
85.402006
85.728639
86.055272
86.381905
86.708538
87.035171
87.361804
87.688438
88.015071
88.341704
88.668337
88.994970
89.321603
89.648236
89.974869
90.301502
90.628135
90.954768
91.281401
91.608034
91.934667
92.261300
92.587934
92.914567
93.241200
93.567833
93.894466
94.221099
94.547732
94.874365
95.200998
95.527631
95.854264
96.180897
96.507530
96.834163
97.160796
97.487429
97.814063
98.140696
98.467329
98.793962
99.120595
99.447228
99.773861
100.100494
100.427127
100.753760
101.080393
101.407026
101.733659
102.060292
102.386925
102.713559
103.040192
103.366825
103.693458
104.020091
104.346724
104.673357
104.999990
