5.586650085449218750e+01
5.721212387084960938e+01
5.852565765380859375e+01
5.988731765747070312e+01
6.261996841430664062e+01
6.540740966796875000e+01
5.877771377563476562e+01
5.977922058105468750e+01
6.272296905517578125e+01
6.383608627319335938e+01
6.472898101806640625e+01
8.149857330322265625e+01
8.279801177978515625e+01
8.412245941162109375e+01
8.478073883056640625e+01
8.543834686279296875e+01
8.438271331787109375e+01
8.647115325927734375e+01
8.715796661376953125e+01
8.806230163574218750e+01
8.916879272460937500e+01
6.324147415161132812e+01
6.406652069091796875e+01
6.496460723876953125e+01
6.583383178710937500e+01
6.681396484375000000e+01
6.865071105957031250e+01
7.062089538574218750e+01
6.672523498535156250e+01
6.933153533935546875e+01
7.171591186523437500e+01
7.309389495849609375e+01
7.438671875000000000e+01
9.130210113525390625e+01
9.201244354248046875e+01
9.269622802734375000e+01
9.469231414794921875e+01
9.539846038818359375e+01
9.607035064697265625e+01
8.619335937500000000e+01
8.724394226074218750e+01
8.830936431884765625e+01
8.934299468994140625e+01
9.045718383789062500e+01
7.331077575683593750e+01
7.393659210205078125e+01
7.460017395019531250e+01
7.522787475585937500e+01
7.666396331787109375e+01
7.732376861572265625e+01
7.796154022216796875e+01
8.599760437011718750e+01
8.728450775146484375e+01
8.846345520019531250e+01
8.977518463134765625e+01
9.111048889160156250e+01
6.827793884277343750e+01
6.917398071289062500e+01
6.994482421875000000e+01
7.082530975341796875e+01
7.240299987792968750e+01
7.409443664550781250e+01
7.207817840576171875e+01
7.498716735839843750e+01
7.804000091552734375e+01
8.096661376953125000e+01
8.460652160644531250e+01
8.983744812011718750e+01
9.270827484130859375e+01
9.570533752441406250e+01
6.364383316040039062e+01
6.455029296875000000e+01
6.562376403808593750e+01
6.677633666992187500e+01
6.800363922119140625e+01
7.004618835449218750e+01
4.661528396606445312e+01
4.714276123046875000e+01
4.752207183837890625e+01
4.900494003295898438e+01
5.022821044921875000e+01
5.136495971679687500e+01
5.373328018188476562e+01
5.620354080200195312e+01
5.734265899658203125e+01
5.519205474853515625e+01
5.571331024169921875e+01
5.630717468261718750e+01
5.740712738037109375e+01
5.850815582275390625e+01
6.066253280639648438e+01
7.505687713623046875e+01
7.546396636962890625e+01
7.577391052246093750e+01
7.651715850830078125e+01
7.732978820800781250e+01
8.150938415527343750e+01
5.549490356445312500e+01
5.597049713134765625e+01
5.633940887451171875e+01
5.725804519653320312e+01
5.817668151855468750e+01
7.983357238769531250e+01
8.026697540283203125e+01
8.070635223388671875e+01
8.171562957763671875e+01
8.270796966552734375e+01
4.867150115966796875e+01
4.930295944213867188e+01
5.034149932861328125e+01
5.163320541381835938e+01
5.311765289306640625e+01
5.464238739013671875e+01
6.192367172241210938e+01
8.522763824462890625e+01
8.552929687500000000e+01
8.585500335693359375e+01
8.650056457519531250e+01
8.714873504638671875e+01
8.783071136474609375e+01
8.064704132080078125e+01
8.104230499267578125e+01
8.163095855712890625e+01
8.254506683349609375e+01
8.353935241699218750e+01
8.444308471679687500e+01
7.880278015136718750e+01
7.926660919189453125e+01
7.983012390136718750e+01
8.084425354003906250e+01
8.187770080566406250e+01
6.993651580810546875e+01
7.059630584716796875e+01
7.125038146972656250e+01
7.421731567382812500e+01
7.561992645263671875e+01
7.939234924316406250e+01
8.075929260253906250e+01
8.220030212402343750e+01
8.503102874755859375e+01
8.788454437255859375e+01
9.102854919433593750e+01
7.082696533203125000e+01
7.148467254638671875e+01
7.220613098144531250e+01
7.278121948242187500e+01
7.411874389648437500e+01
6.956181335449218750e+01
6.987310791015625000e+01
7.022743988037109375e+01
7.081347656250000000e+01
7.134939575195312500e+01
7.195783233642578125e+01
7.281330108642578125e+01
7.311044311523437500e+01
7.373888397216796875e+01
7.407144165039062500e+01
7.445303344726562500e+01
7.513378906250000000e+01
7.588701629638671875e+01
7.662390899658203125e+01
8.802659606933593750e+01
8.893173217773437500e+01
8.972164154052734375e+01
9.142337799072265625e+01
9.312342834472656250e+01
9.976834106445312500e+01
7.802406311035156250e+01
7.838533782958984375e+01
7.875032043457031250e+01
7.948771667480468750e+01
8.022732543945312500e+01
8.096620178222656250e+01
6.303327560424804688e+01
6.332227325439453125e+01
6.365468597412109375e+01
6.425749206542968750e+01
6.489936065673828125e+01
6.552945709228515625e+01
6.675366973876953125e+01
7.507540130615234375e+01
7.544548034667968750e+01
7.589826202392578125e+01
7.673013305664062500e+01
7.756200408935546875e+01
7.837504577636718750e+01
7.941781616210937500e+01
7.969345092773437500e+01
8.007351684570312500e+01
8.075564575195312500e+01
8.208422851562500000e+01
8.125415802001953125e+01
8.150605010986328125e+01
8.186659240722656250e+01
8.245960998535156250e+01
8.307447052001953125e+01
8.367294311523437500e+01
8.500524902343750000e+01
8.701626586914062500e+01
8.780150604248046875e+01
8.861449432373046875e+01
9.018007659912109375e+01
9.183380889892578125e+01
9.362139892578125000e+01
7.323359680175781250e+01
7.348801422119140625e+01
7.372917175292968750e+01
7.408817291259765625e+01
7.484052276611328125e+01
7.637487792968750000e+01
5.762531280517578125e+01
5.804125976562500000e+01
5.850066375732421875e+01
5.936449050903320312e+01
6.027798080444335938e+01
6.122694778442382812e+01
7.798432922363281250e+01
7.826139831542968750e+01
7.862065887451171875e+01
7.925324249267578125e+01
7.987524414062500000e+01
8.050596618652343750e+01
8.332279205322265625e+01
8.427891540527343750e+01
8.514271545410156250e+01
8.645628356933593750e+01
8.952127075195312500e+01
9.239263153076171875e+01
9.827239227294921875e+01
8.313773345947265625e+01
8.355349731445312500e+01
8.405925750732421875e+01
8.498527526855468750e+01
8.583569335937500000e+01
8.672931671142578125e+01
7.398465728759765625e+01
7.438067626953125000e+01
7.476417541503906250e+01
7.554368591308593750e+01
7.633024597167968750e+01
7.790335845947265625e+01
7.917593383789062500e+01
6.619782257080078125e+01
6.659939575195312500e+01
6.695960998535156250e+01
6.771086883544921875e+01
6.847490692138671875e+01
6.928180694580078125e+01
7.165815734863281250e+01
7.259666442871093750e+01
6.017160034179687500e+01
6.055800628662109375e+01
6.090029144287109375e+01
6.162328720092773438e+01
6.236194229125976562e+01
6.303014755249023438e+01
6.569940185546875000e+01
6.649214172363281250e+01
8.103446197509765625e+01
8.134337615966796875e+01
8.176868438720703125e+01
8.248853302001953125e+01
8.320623016357421875e+01
8.232728576660156250e+01
8.396872711181640625e+01
8.540185546875000000e+01
8.689220428466796875e+01
8.841336059570312500e+01
9.364277648925781250e+01
7.844022369384765625e+01
8.003837585449218750e+01
8.211355590820312500e+01
8.484805297851562500e+01
8.777698516845703125e+01
9.084569549560546875e+01
1.002219543457031250e+02
1.035337142944335938e+02
6.138035583496093750e+01
6.184832000732421875e+01
6.234747695922851562e+01
6.331661605834960938e+01
6.432801818847656250e+01
6.524583435058593750e+01
6.717404174804687500e+01
6.827400207519531250e+01
7.818253326416015625e+01
7.851451110839843750e+01
7.889785766601562500e+01
7.969972991943359375e+01
8.029403686523437500e+01
7.437490081787109375e+01
7.454965209960937500e+01
7.490082550048828125e+01
7.533105468750000000e+01
7.625141143798828125e+01
7.701700592041015625e+01
6.597860717773437500e+01
6.697830963134765625e+01
6.833683776855468750e+01
7.059125518798828125e+01
7.278473663330078125e+01
7.512038421630859375e+01
8.160154724121093750e+01
8.346780395507812500e+01
8.583956909179687500e+01
6.396405029296875000e+01
6.428054809570312500e+01
6.471187591552734375e+01
6.546485137939453125e+01
6.617882537841796875e+01
6.705545043945312500e+01
7.527877044677734375e+01
7.552798461914062500e+01
7.584277343750000000e+01
7.647142791748046875e+01
7.744860839843750000e+01
7.816719818115234375e+01
8.004472351074218750e+01
6.781511688232421875e+01
6.803379821777343750e+01
6.831675720214843750e+01
6.868200683593750000e+01
7.008973693847656250e+01
7.429891967773437500e+01
7.456198883056640625e+01
7.497376251220703125e+01
7.554017639160156250e+01
7.612733459472656250e+01
7.671804046630859375e+01
7.730993652343750000e+01
7.836574554443359375e+01
7.891912841796875000e+01
7.951457214355468750e+01
5.072834777832031250e+01
5.125796127319335938e+01
5.178377532958984375e+01
5.225443649291992188e+01
5.351715087890625000e+01
5.572784423828125000e+01
7.927587890625000000e+01
7.979222869873046875e+01
8.019813537597656250e+01
8.123760223388671875e+01
8.219860076904296875e+01
8.315863037109375000e+01
8.412350463867187500e+01
5.714866638183593750e+01
5.788354492187500000e+01
5.834999847412109375e+01
6.261254501342773438e+01
6.530153656005859375e+01
6.776982116699218750e+01
5.355294799804687500e+01
5.391723632812500000e+01
5.427939605712890625e+01
5.498880004882812500e+01
5.647435760498046875e+01
5.825674438476562500e+01
5.900519943237304688e+01
5.980621337890625000e+01
5.720967864990234375e+01
5.764904785156250000e+01
5.798305511474609375e+01
5.872417068481445312e+01
5.949969482421875000e+01
6.017630767822265625e+01
8.180172729492187500e+01
8.325703430175781250e+01
8.473897552490234375e+01
8.763779449462890625e+01
9.059576416015625000e+01
9.363951110839843750e+01
7.263304138183593750e+01
7.332810211181640625e+01
7.418921661376953125e+01
7.482191467285156250e+01
7.542098999023437500e+01
5.965537261962890625e+01
5.998230361938476562e+01
6.035696029663085938e+01
6.106282043457031250e+01
6.181142044067382812e+01
6.252297973632812500e+01
6.442260742187500000e+01
7.433792114257812500e+01
7.471942901611328125e+01
7.512422180175781250e+01
7.588723754882812500e+01
7.659242248535156250e+01
7.730812835693359375e+01
8.271685028076171875e+01
8.304540252685546875e+01
8.344512176513671875e+01
8.416333007812500000e+01
8.488800811767578125e+01
8.561196136474609375e+01
8.704334259033203125e+01
9.194954681396484375e+01
9.276679992675781250e+01
9.355255126953125000e+01
9.512090301513671875e+01
9.674595642089843750e+01
9.828124237060546875e+01
8.336334228515625000e+01
8.376469421386718750e+01
8.439182281494140625e+01
8.549119567871093750e+01
8.658730316162109375e+01
8.776301574707031250e+01
8.999666595458984375e+01
9.112548065185546875e+01
9.221832275390625000e+01
9.327514648437500000e+01
7.721798706054687500e+01
7.836013793945312500e+01
7.954618072509765625e+01
8.064332580566406250e+01
8.176184082031250000e+01
8.561928558349609375e+01
8.672206115722656250e+01
6.332194519042968750e+01
6.355409240722656250e+01
6.395148468017578125e+01
6.441781616210937500e+01
6.556337738037109375e+01
6.652442932128906250e+01
6.753108978271484375e+01
4.819519042968750000e+01
4.870141601562500000e+01
4.938228225708007812e+01
5.058117675781250000e+01
5.193464660644531250e+01
5.772143173217773438e+01
6.422630310058593750e+01
6.462395477294921875e+01
6.511949920654296875e+01
6.593559265136718750e+01
6.685131072998046875e+01
6.768386077880859375e+01
6.874599456787109375e+01
6.942953491210937500e+01
7.039897155761718750e+01
7.124884796142578125e+01
7.211431884765625000e+01
7.777634429931640625e+01
7.808703613281250000e+01
7.840325164794921875e+01
7.902830505371093750e+01
7.965029144287109375e+01
8.023728179931640625e+01
8.207623291015625000e+01
5.819162368774414062e+01
5.853995132446289062e+01
5.897918701171875000e+01
5.978205108642578125e+01
6.065373229980468750e+01
6.148718643188476562e+01
6.431972503662109375e+01
6.531799316406250000e+01
5.494152450561523438e+01
5.544997787475585938e+01
5.621712493896484375e+01
5.752585601806640625e+01
5.877086639404296875e+01
6.005156326293945312e+01
6.129402923583984375e+01
6.256325912475585938e+01
6.383376312255859375e+01
6.512081909179687500e+01
6.639770507812500000e+01
7.623791503906250000e+01
7.667287445068359375e+01
7.721058654785156250e+01
7.837794494628906250e+01
8.018421936035156250e+01
6.611930847167968750e+01
6.663362121582031250e+01
6.716121673583984375e+01
6.820822143554687500e+01
7.026544189453125000e+01
7.204553985595703125e+01
7.223562622070312500e+01
7.247142791748046875e+01
7.283927154541015625e+01
7.357640838623046875e+01
7.425768280029296875e+01
7.496652221679687500e+01
7.654600524902343750e+01
7.801956176757812500e+01
8.109957885742187500e+01
8.138460540771484375e+01
8.191303253173828125e+01
8.242001342773437500e+01
8.382242584228515625e+01
8.496503448486328125e+01
8.619466400146484375e+01
8.501997375488281250e+01
8.590840148925781250e+01
8.689666748046875000e+01
8.860464477539062500e+01
9.196891784667968750e+01
9.553293609619140625e+01
9.882491302490234375e+01
6.192970657348632812e+01
6.225378417968750000e+01
6.259683990478515625e+01
6.328568267822265625e+01
6.394468688964843750e+01
6.461995697021484375e+01
6.628170776367187500e+01
6.763089752197265625e+01
6.532083892822265625e+01
6.563615417480468750e+01
6.592740631103515625e+01
6.657196044921875000e+01
6.722537994384765625e+01
6.782371520996093750e+01
6.938381958007812500e+01
7.003217315673828125e+01
7.063873291015625000e+01
7.117205047607421875e+01
7.146230316162109375e+01
7.174734497070312500e+01
7.237699127197265625e+01
7.291355133056640625e+01
7.413294982910156250e+01
7.487361145019531250e+01
7.559518432617187500e+01
6.060752868652343750e+01
6.094141769409179688e+01
6.127382659912109375e+01
6.207769012451171875e+01
6.277819442749023438e+01
6.358876037597656250e+01
6.516228485107421875e+01
6.584048461914062500e+01
6.659527587890625000e+01
7.798252868652343750e+01
7.831047821044921875e+01
7.880691528320312500e+01
8.028794097900390625e+01
8.308072662353515625e+01
8.383786773681640625e+01
8.461162567138671875e+01
7.184095001220703125e+01
7.249671173095703125e+01
7.322100067138671875e+01
7.426580047607421875e+01
7.687907409667968750e+01
7.935776519775390625e+01
8.172145843505859375e+01
8.435429382324218750e+01
7.728258514404296875e+01
7.760504913330078125e+01
7.792539978027343750e+01
7.862889099121093750e+01
7.935495758056640625e+01
6.735852050781250000e+01
6.782106018066406250e+01
6.834813690185546875e+01
6.935829162597656250e+01
7.126712036132812500e+01
6.430165863037109375e+01
6.477294921875000000e+01
6.525635528564453125e+01
6.630388641357421875e+01
6.836969757080078125e+01
5.937667465209960938e+01
5.958477783203125000e+01
5.980435943603515625e+01
6.016318130493164062e+01
6.092291259765625000e+01
6.168570709228515625e+01
8.734386444091796875e+01
8.831365203857421875e+01
8.955930328369140625e+01
9.166228485107421875e+01
9.586821746826171875e+01
7.833612823486328125e+01
7.908566284179687500e+01
7.982137298583984375e+01
8.138187408447265625e+01
8.290704345703125000e+01
8.451054382324218750e+01
8.770988464355468750e+01
8.919052124023437500e+01
9.070801544189453125e+01
6.877226257324218750e+01
6.895116424560546875e+01
6.925931549072265625e+01
6.953533935546875000e+01
7.030643463134765625e+01
7.174787139892578125e+01
7.248611450195312500e+01
6.046540451049804688e+01
6.070318984985351562e+01
6.096976089477539062e+01
6.143325042724609375e+01
6.234815597534179688e+01
6.437487792968750000e+01
6.599198913574218750e+01
6.784593963623046875e+01
7.466011047363281250e+01
7.478340148925781250e+01
7.506146240234375000e+01
7.535813903808593750e+01
7.602278900146484375e+01
7.731547546386718750e+01
7.841614532470703125e+01
7.913473510742187500e+01
7.975378417968750000e+01
7.953466033935546875e+01
8.023081207275390625e+01
8.108611297607421875e+01
8.260038757324218750e+01
8.556940460205078125e+01
6.939250946044921875e+01
6.997888183593750000e+01
7.061978149414062500e+01
7.180158233642578125e+01
7.402884674072265625e+01
7.863335418701171875e+01
7.568679046630859375e+01
7.611145019531250000e+01
7.654006958007812500e+01
7.736006927490234375e+01
7.886776733398437500e+01
8.050302124023437500e+01
8.142681121826171875e+01
8.212955474853515625e+01
7.318112182617187500e+01
7.353347015380859375e+01
7.380780029296875000e+01
7.446243286132812500e+01
7.575869750976562500e+01
7.711672210693359375e+01
7.775379943847656250e+01
7.734537506103515625e+01
7.761863708496093750e+01
7.793344879150390625e+01
7.849134826660156250e+01
7.999369812011718750e+01
8.165544891357421875e+01
8.476219177246093750e+01
8.521225738525390625e+01
8.570450592041015625e+01
8.663838195800781250e+01
8.760132598876953125e+01
8.952908325195312500e+01
9.180377197265625000e+01
8.840933227539062500e+01
8.980483245849609375e+01
9.137147521972656250e+01
9.431292724609375000e+01
1.000955810546875000e+02
8.686515045166015625e+01
8.820265960693359375e+01
8.974491119384765625e+01
9.245269775390625000e+01
1.024950180053710938e+02
1.083091278076171875e+02
7.397705078125000000e+01
7.417450714111328125e+01
7.441052246093750000e+01
7.476377868652343750e+01
7.554663848876953125e+01
7.709925842285156250e+01
7.858499145507812500e+01
7.897525024414062500e+01
7.942985534667968750e+01
8.024339294433593750e+01
8.194665527343750000e+01
7.458311462402343750e+01
7.484115600585937500e+01
7.512992095947265625e+01
7.566852569580078125e+01
7.614775085449218750e+01
7.717786407470703125e+01
7.800370025634765625e+01
7.899337005615234375e+01
6.654905700683593750e+01
6.687339782714843750e+01
6.721881103515625000e+01
6.774806976318359375e+01
6.898220825195312500e+01
7.008168029785156250e+01
7.125844573974609375e+01
7.535720825195312500e+01
7.588801574707031250e+01
7.651544189453125000e+01
7.771662139892578125e+01
7.895119476318359375e+01
5.365842819213867188e+01
5.393810653686523438e+01
5.426064682006835938e+01
5.483606719970703125e+01
5.584226226806640625e+01
5.800787353515625000e+01
7.573145294189453125e+01
7.592868804931640625e+01
7.619274139404296875e+01
7.658643341064453125e+01
7.739448547363281250e+01
7.893584442138671875e+01
8.357072448730468750e+01
8.466468048095703125e+01
8.610126495361328125e+01
8.776490783691406250e+01
9.197973632812500000e+01
1.001038818359375000e+02
7.404519653320312500e+01
7.440455627441406250e+01
7.470707702636718750e+01
7.531211090087890625e+01
7.662324523925781250e+01
7.078467559814453125e+01
7.140059661865234375e+01
7.178763580322265625e+01
7.266221618652343750e+01
7.458999633789062500e+01
7.130296325683593750e+01
7.158406829833984375e+01
7.193342590332031250e+01
7.262741088867187500e+01
7.367615509033203125e+01
7.625950622558593750e+01
7.694538116455078125e+01
5.175621795654296875e+01
5.229438018798828125e+01
5.278849411010742188e+01
5.386266326904296875e+01
5.609156799316406250e+01
5.869749450683593750e+01
6.086410140991210938e+01
8.747718048095703125e+01
8.808783721923828125e+01
8.865486145019531250e+01
8.985919952392578125e+01
9.231997680664062500e+01
9.509092712402343750e+01
9.630737304687500000e+01
5.145856094360351562e+01
5.176444244384765625e+01
5.211435699462890625e+01
5.263459014892578125e+01
5.375732040405273438e+01
9.378942871093750000e+01
9.480381774902343750e+01
9.575460052490234375e+01
9.731401062011718750e+01
1.009898986816406250e+02
5.677555084228515625e+01
5.708832931518554688e+01
5.736881256103515625e+01
5.788642120361328125e+01
5.881829833984375000e+01
6.052151107788085938e+01
6.275709533691406250e+01
6.366128921508789062e+01
6.481275939941406250e+01
7.775354766845703125e+01
7.805017089843750000e+01
7.843003082275390625e+01
7.886003112792968750e+01
7.992276763916015625e+01
8.203862762451171875e+01
8.430174255371093750e+01
6.837694549560546875e+01
6.857187652587890625e+01
6.878169250488281250e+01
6.908862304687500000e+01
6.962379455566406250e+01
6.952220916748046875e+01
6.984040069580078125e+01
7.015790557861328125e+01
7.089578247070312500e+01
7.222340393066406250e+01
7.410032653808593750e+01
7.548075103759765625e+01
8.169246673583984375e+01
8.186191558837890625e+01
8.205382537841796875e+01
8.237667846679687500e+01
8.300568389892578125e+01
8.429579162597656250e+01
8.552620697021484375e+01
8.674378967285156250e+01
7.588571166992187500e+01
7.626272583007812500e+01
7.674720764160156250e+01
7.758473205566406250e+01
7.918949127197265625e+01
6.498995971679687500e+01
6.545636749267578125e+01
6.601706695556640625e+01
6.706647491455078125e+01
7.048644256591796875e+01
7.138072967529296875e+01
7.357688140869140625e+01
2.139585876464843750e+01
2.216817092895507812e+01
2.319039916992187500e+01
2.498494338989257812e+01
2.678121948242187500e+01
6.390087127685546875e+01
6.411521911621093750e+01
6.505850982666015625e+01
6.649430847167968750e+01
6.891513061523437500e+01
8.938928222656250000e+01
8.968466186523437500e+01
8.994747161865234375e+01
9.053422546386718750e+01
9.185628509521484375e+01
9.264128875732421875e+01
5.435935211181640625e+01
5.480989456176757812e+01
5.534500885009765625e+01
5.603464508056640625e+01
5.764651107788085938e+01
6.095967483520507812e+01
6.435743713378906250e+01
7.449140930175781250e+01
7.473284149169921875e+01
7.500913238525390625e+01
7.551365661621093750e+01
7.661303710937500000e+01
6.910548400878906250e+01
6.962179565429687500e+01
7.006051635742187500e+01
7.113689422607421875e+01
7.309171295166015625e+01
7.532805633544921875e+01
7.740124511718750000e+01
8.995831298828125000e+01
9.122991943359375000e+01
9.191049194335937500e+01
9.401393127441406250e+01
9.794218444824218750e+01
7.260657501220703125e+01
7.291277313232421875e+01
7.337025451660156250e+01
7.400435638427734375e+01
7.550274658203125000e+01
5.219456863403320312e+01
5.257265472412109375e+01
5.304716873168945312e+01
5.387607955932617188e+01
5.562525939941406250e+01
5.732029724121093750e+01
5.900604248046875000e+01
8.676968383789062500e+01
8.725444793701171875e+01
8.765254211425781250e+01
8.862386322021484375e+01
9.039047241210937500e+01
9.247935485839843750e+01
8.459539031982421875e+01
8.561184692382812500e+01
8.658907318115234375e+01
8.855136108398437500e+01
9.238172912597656250e+01
7.803009033203125000e+01
7.838253021240234375e+01
7.874987030029296875e+01
7.947783660888671875e+01
8.105448913574218750e+01
8.256855773925781250e+01
8.347609710693359375e+01
8.424951934814453125e+01
7.901220703125000000e+01
8.145743560791015625e+01
8.204453277587890625e+01
8.524329376220703125e+01
9.127464294433593750e+01
9.782047271728515625e+01
1.010434570312500000e+02
8.084226989746093750e+01
8.126099395751953125e+01
8.178299713134765625e+01
8.265766906738281250e+01
8.456517028808593750e+01
8.661876678466796875e+01
8.136423492431640625e+01
8.163587951660156250e+01
8.197119903564453125e+01
8.251332855224609375e+01
8.310218811035156250e+01
8.376232147216796875e+01
8.430503082275390625e+01
8.496399688720703125e+01
8.554409790039062500e+01
7.660322570800781250e+01
7.675939178466796875e+01
7.697536468505859375e+01
7.731959533691406250e+01
7.798014068603515625e+01
7.956639099121093750e+01
8.082368469238281250e+01
8.149685668945312500e+01
8.215740966796875000e+01
7.686029052734375000e+01
7.717332458496093750e+01
7.746262359619140625e+01
7.798415374755859375e+01
8.150210571289062500e+01
8.385108184814453125e+01
8.428055572509765625e+01
8.470912933349609375e+01
8.561399841308593750e+01
8.741832733154296875e+01
7.550661468505859375e+01
7.587682342529296875e+01
7.632722473144531250e+01
7.712514495849609375e+01
7.884168243408203125e+01
7.363904571533203125e+01
7.382375335693359375e+01
7.406954956054687500e+01
7.434696197509765625e+01
7.656703186035156250e+01
6.101082611083984375e+01
6.133157348632812500e+01
6.168997955322265625e+01
6.243368148803710938e+01
6.582675933837890625e+01
6.653549194335937500e+01
8.643502044677734375e+01
8.684885406494140625e+01
8.721275329589843750e+01
8.791936492919921875e+01
8.952021789550781250e+01
7.866037750244140625e+01
7.900985717773437500e+01
7.937860107421875000e+01
7.999018859863281250e+01
8.125318145751953125e+01
9.300698852539062500e+01
9.340811920166015625e+01
9.377259826660156250e+01
9.439703369140625000e+01
9.571243286132812500e+01
9.156560516357421875e+01
9.232246398925781250e+01
9.323292541503906250e+01
9.485063171386718750e+01
9.785083770751953125e+01
1.010222396850585938e+02
1.026431503295898438e+02
6.550153350830078125e+01
6.599797058105468750e+01
6.650873565673828125e+01
6.750365447998046875e+01
6.952931213378906250e+01
5.636280822753906250e+01
5.684471893310546875e+01
5.738851928710937500e+01
5.833610534667968750e+01
6.035810089111328125e+01
6.232734298706054688e+01
6.434426116943359375e+01
8.245816802978515625e+01
8.278393554687500000e+01
8.317980957031250000e+01
8.386392211914062500e+01
8.753231811523437500e+01
8.824829101562500000e+01
7.737624359130859375e+01
7.771211242675781250e+01
7.806974792480468750e+01
7.871310424804687500e+01
8.012915039062500000e+01
7.294873809814453125e+01
7.333622741699218750e+01
7.365874481201171875e+01
7.447881317138671875e+01
7.600658416748046875e+01
7.946405792236328125e+01
7.962194824218750000e+01
7.977654266357421875e+01
8.005009460449218750e+01
8.062023925781250000e+01
6.975396728515625000e+01
7.005606842041015625e+01
7.042644500732421875e+01
7.113272094726562500e+01
7.252044677734375000e+01
7.087943267822265625e+01
7.120046234130859375e+01
7.150687408447265625e+01
7.217691040039062500e+01
7.343306732177734375e+01
8.545980072021484375e+01
8.566058349609375000e+01
8.595661926269531250e+01
8.640022277832031250e+01
8.731147766113281250e+01
9.041246032714843750e+01
9.131941986083984375e+01
8.902381896972656250e+01
8.980905914306640625e+01
9.077731323242187500e+01
9.197290802001953125e+01
9.520537567138671875e+01
1.009766159057617188e+02
7.657024383544921875e+01
7.672828674316406250e+01
7.699169921875000000e+01
7.723980712890625000e+01
7.781533813476562500e+01
7.901284790039062500e+01
8.008120727539062500e+01
8.119148254394531250e+01
8.860246276855468750e+01
8.912165832519531250e+01
8.970674133300781250e+01
9.084510803222656250e+01
9.315365600585937500e+01
7.381386566162109375e+01
7.398460388183593750e+01
7.419499969482421875e+01
7.447700500488281250e+01
7.512608337402343750e+01
7.640760803222656250e+01
5.976015472412109375e+01
6.034809494018554688e+01
6.106374359130859375e+01
6.237871551513671875e+01
6.482278442382812500e+01
6.735662841796875000e+01
4.260218811035156250e+01
4.326956176757812500e+01
4.410092163085937500e+01
4.557683181762695312e+01
4.842029190063476562e+01
5.132791900634765625e+01
5.333145141601562500e+01
5.421414184570312500e+01
5.869356536865234375e+01
5.927050018310546875e+01
5.991230773925781250e+01
6.107659530639648438e+01
6.381992340087890625e+01
7.082448577880859375e+01
7.118331909179687500e+01
7.150543975830078125e+01
7.271977233886718750e+01
7.382923126220703125e+01
7.179401397705078125e+01
7.206471252441406250e+01
7.236614227294921875e+01
7.294059753417968750e+01
7.429296112060546875e+01
7.546273040771484375e+01
7.605283355712890625e+01
7.665916442871093750e+01
7.923912048339843750e+01
7.954863739013671875e+01
7.989202880859375000e+01
8.055622863769531250e+01
8.194905090332031250e+01
8.345479583740234375e+01
8.484230041503906250e+01
8.124618530273437500e+01
8.187613677978515625e+01
8.256092071533203125e+01
8.394387054443359375e+01
8.701336669921875000e+01
8.976320648193359375e+01
5.779981231689453125e+01
5.826919937133789062e+01
5.884516906738281250e+01
5.984952926635742188e+01
6.196277618408203125e+01
6.408320617675781250e+01
8.145556640625000000e+01
8.210549926757812500e+01
8.283767700195312500e+01
8.415878295898437500e+01
8.680230712890625000e+01
8.944584655761718750e+01
9.079347229003906250e+01
7.115428161621093750e+01
7.136299133300781250e+01
7.160289764404296875e+01
7.203002166748046875e+01
7.285643005371093750e+01
7.361157989501953125e+01
7.446918487548828125e+01
9.404486083984375000e+01
9.499037933349609375e+01
9.560562133789062500e+01
9.724571990966796875e+01
1.005485687255859375e+02
1.036684646606445312e+02
1.068693237304687500e+02
8.598860931396484375e+01
8.730549621582031250e+01
8.897296142578125000e+01
9.214630126953125000e+01
9.826128387451171875e+01
1.014163436889648438e+02
1.044799270629882812e+02
1.079763946533203125e+02
7.506559753417968750e+01
7.632550048828125000e+01
7.742237091064453125e+01
8.001138305664062500e+01
8.488800048828125000e+01
8.992766571044921875e+01
9.266737365722656250e+01
7.300790405273437500e+01
7.324215698242187500e+01
7.347367858886718750e+01
7.394854736328125000e+01
7.483506011962890625e+01
7.597810363769531250e+01
5.397281646728515625e+01
5.445431900024414062e+01
5.491901397705078125e+01
5.583068847656250000e+01
5.768855285644531250e+01
5.958374023437500000e+01
6.158717346191406250e+01
7.930375671386718750e+01
7.958546447753906250e+01
7.988595581054687500e+01
8.033768463134765625e+01
8.143685150146484375e+01
8.559373474121093750e+01
8.609869384765625000e+01
8.662287139892578125e+01
8.758116912841796875e+01
8.862042236328125000e+01
6.810507965087890625e+01
6.837503814697265625e+01
6.867449188232421875e+01
6.923200225830078125e+01
7.034984588623046875e+01
7.094591522216796875e+01
7.148981475830078125e+01
7.218852996826171875e+01
7.265756225585937500e+01
7.494048309326171875e+01
7.531448364257812500e+01
7.576747894287109375e+01
7.655738830566406250e+01
7.817913818359375000e+01
7.988712310791015625e+01
6.521812438964843750e+01
6.557228851318359375e+01
6.602929687500000000e+01
6.678557586669921875e+01
6.835612487792968750e+01
6.980835723876953125e+01
7.144927215576171875e+01
8.973146820068359375e+01
9.018426513671875000e+01
9.063981628417968750e+01
9.158924102783203125e+01
9.341415405273437500e+01
9.462832641601562500e+01
9.610359191894531250e+01
8.456402587890625000e+01
8.498395538330078125e+01
8.549128723144531250e+01
8.651071166992187500e+01
8.839374542236328125e+01
9.035427856445312500e+01
9.071622467041015625e+01
9.108300781250000000e+01
9.169431304931640625e+01
9.311032867431640625e+01
6.591359710693359375e+01
6.643186950683593750e+01
6.692540740966796875e+01
7.253565216064453125e+01
7.379679870605468750e+01
7.234336853027343750e+01
7.402896118164062500e+01
7.571118164062500000e+01
7.907898712158203125e+01
9.623553466796875000e+01
2.884293746948242188e+01
2.967255401611328125e+01
3.052195739746093750e+01
3.217458343505859375e+01
3.381896591186523438e+01
8.359234619140625000e+01
8.405390167236328125e+01
8.444186401367187500e+01
8.538222503662109375e+01
8.721026611328125000e+01
8.898651885986328125e+01
8.990962219238281250e+01
9.095356750488281250e+01
7.881687164306640625e+01
7.924228668212890625e+01
7.967492675781250000e+01
8.059246063232421875e+01
8.287007904052734375e+01
8.036725616455078125e+01
8.070487213134765625e+01
8.102172088623046875e+01
8.169293212890625000e+01
8.301525878906250000e+01
9.716529083251953125e+01
9.770181274414062500e+01
9.831071472167968750e+01
9.890800476074218750e+01
1.002150421142578125e+02
9.822823333740234375e+01
9.887767028808593750e+01
9.953241729736328125e+01
1.008631744384765625e+02
1.036415481567382812e+02
7.562540435791015625e+01
7.589519500732421875e+01
7.618574523925781250e+01
7.676972198486328125e+01
7.791058349609375000e+01
7.877069854736328125e+01
7.992942810058593750e+01
5.407727813720703125e+01
5.434985733032226562e+01
5.465113067626953125e+01
5.512743377685546875e+01
5.604369354248046875e+01
7.847494506835937500e+01
7.994846343994140625e+01
8.143090057373046875e+01
8.445530700683593750e+01
9.027490234375000000e+01
9.335588073730468750e+01
6.407871246337890625e+01
6.465264892578125000e+01
6.519720458984375000e+01
6.634168243408203125e+01
7.177371978759765625e+01
6.994692230224609375e+01
7.051379394531250000e+01
7.113124084472656250e+01
7.227646636962890625e+01
7.463476562500000000e+01
7.387284088134765625e+01
7.527004241943359375e+01
7.693070220947265625e+01
7.973694610595703125e+01
8.584674835205078125e+01
9.148588562011718750e+01
9.483385467529296875e+01
9.736183929443359375e+01
8.225760650634765625e+01
8.253546905517578125e+01
8.281159210205078125e+01
8.339728546142578125e+01
8.453524017333984375e+01
8.582941436767578125e+01
8.639320373535156250e+01
8.697831726074218750e+01
7.365200805664062500e+01
7.407444763183593750e+01
7.507656860351562500e+01
7.553470611572265625e+01
7.720745086669921875e+01
7.960268402099609375e+01
6.421969604492187500e+01
6.468730926513671875e+01
6.508238220214843750e+01
6.595555114746093750e+01
6.768354797363281250e+01
6.897801208496093750e+01
7.074359130859375000e+01
5.094248962402343750e+01
5.128810882568359375e+01
5.178343963623046875e+01
5.224135589599609375e+01
5.348406600952148438e+01
5.812678527832031250e+01
5.938697433471679688e+01
6.063468170166015625e+01
8.656551361083984375e+01
8.778184509277343750e+01
8.904611206054687500e+01
9.154689025878906250e+01
9.659639739990234375e+01
1.019159240722656250e+02
1.050046768188476562e+02
1.070991821289062500e+02
8.021617126464843750e+01
8.039505004882812500e+01
8.073448944091796875e+01
8.115132141113281250e+01
8.212224578857421875e+01
7.876769256591796875e+01
7.921426391601562500e+01
7.980970001220703125e+01
8.086299896240234375e+01
8.287310028076171875e+01
8.389559936523437500e+01
7.495016479492187500e+01
7.538867950439453125e+01
7.611126708984375000e+01
7.721262359619140625e+01
7.962953948974609375e+01
7.604843139648437500e+01
7.643637847900390625e+01
7.683123779296875000e+01
7.767011260986328125e+01
8.059620666503906250e+01
8.210189819335937500e+01
8.344363403320312500e+01
8.411006164550781250e+01
8.459664916992187500e+01
8.561063385009765625e+01
9.152903747558593750e+01
7.825352478027343750e+01
7.847755432128906250e+01
7.889977264404296875e+01
7.935836029052734375e+01
8.034927368164062500e+01
8.228130340576171875e+01
7.012239837646484375e+01
7.047766113281250000e+01
7.084964752197265625e+01
7.138880920410156250e+01
7.335183715820312500e+01
7.409162902832031250e+01
7.545138549804687500e+01
7.861219024658203125e+01
7.911242675781250000e+01
7.958586120605468750e+01
8.059624481201171875e+01
8.253067779541015625e+01
8.415047454833984375e+01
8.514795684814453125e+01
8.960572052001953125e+01
9.015408325195312500e+01
9.091612243652343750e+01
9.215957641601562500e+01
9.484215545654296875e+01
9.721065521240234375e+01
9.905653381347656250e+01
9.992025756835937500e+01
7.913226318359375000e+01
7.962327575683593750e+01
8.019752502441406250e+01
8.124488830566406250e+01
8.543643188476562500e+01
8.440679168701171875e+01
8.524112701416015625e+01
8.609431457519531250e+01
8.783494567871093750e+01
9.123912048339843750e+01
9.299003601074218750e+01
9.455077362060546875e+01
9.820660400390625000e+01
9.883059692382812500e+01
9.935276031494140625e+01
1.006457290649414062e+02
1.029830322265625000e+02
1.043446807861328125e+02
8.076030731201171875e+01
8.105532836914062500e+01
8.197557067871093750e+01
8.337901306152343750e+01
8.568205261230468750e+01
8.744363403320312500e+01
6.384888458251953125e+01
6.414991760253906250e+01
6.445399475097656250e+01
6.506093597412109375e+01
6.627603912353515625e+01
6.691961669921875000e+01
6.242275619506835938e+01
6.267311859130859375e+01
6.295784378051757812e+01
6.344972610473632812e+01
6.440895080566406250e+01
6.641183471679687500e+01
7.062615966796875000e+01
7.084317779541015625e+01
7.111324310302734375e+01
7.137285614013671875e+01
7.229959106445312500e+01
7.398347473144531250e+01
7.230857086181640625e+01
7.254542541503906250e+01
7.284017944335937500e+01
7.312352752685546875e+01
7.413497924804687500e+01
7.597016143798828125e+01
6.898733520507812500e+01
6.923962402343750000e+01
6.940185546875000000e+01
6.962825012207031250e+01
7.026792144775390625e+01
7.146030426025390625e+01
7.263417816162109375e+01
7.383518981933593750e+01
6.786134338378906250e+01
6.829850006103515625e+01
6.871197509765625000e+01
6.925911712646484375e+01
7.065409851074218750e+01
9.545137023925781250e+01
9.684780883789062500e+01
9.831421661376953125e+01
1.014831542968750000e+02
1.077568969726562500e+02
1.147973709106445312e+02
1.177039413452148438e+02
8.324545288085937500e+01
8.366355895996093750e+01
8.414314270019531250e+01
8.484254455566406250e+01
8.638275146484375000e+01
8.947547149658203125e+01
7.293104553222656250e+01
7.314501190185546875e+01
7.543963623046875000e+01
7.679542541503906250e+01
7.754087066650390625e+01
7.830278015136718750e+01
5.363748931884765625e+01
5.434951782226562500e+01
5.525631713867187500e+01
5.682086181640625000e+01
6.002021789550781250e+01
6.250274276733398438e+01
5.560076141357421875e+01
5.600376129150390625e+01
5.702199172973632812e+01
6.076712417602539062e+01
6.320523071289062500e+01
6.620215606689453125e+01
6.499691772460937500e+01
6.546551513671875000e+01
6.597399902343750000e+01
6.682236480712890625e+01
6.994393157958984375e+01
6.771205139160156250e+01
6.821943664550781250e+01
6.869553375244140625e+01
6.954434967041015625e+01
7.129759979248046875e+01
5.894550323486328125e+01
5.971484375000000000e+01
6.053660583496093750e+01
6.212462615966796875e+01
6.517270660400390625e+01
7.119177246093750000e+01
6.924837493896484375e+01
6.950045013427734375e+01
6.976168823242187500e+01
7.019617462158203125e+01
7.110639190673828125e+01
7.293874359130859375e+01
7.467576599121093750e+01
8.024775695800781250e+01
8.038851165771484375e+01
8.056436920166015625e+01
8.091912841796875000e+01
8.278136444091796875e+01
7.855732727050781250e+01
7.890123748779296875e+01
7.927587127685546875e+01
7.993766021728515625e+01
8.131065368652343750e+01
8.221617889404296875e+01
8.322856140136718750e+01
4.980379486083984375e+01
5.028821563720703125e+01
5.079068756103515625e+01
5.182271957397460938e+01
5.382459640502929688e+01
5.484057235717773438e+01
5.560983276367187500e+01
5.655962371826171875e+01
5.762776184082031250e+01
5.999515151977539062e+01
6.052160644531250000e+01
6.102051544189453125e+01
6.218357849121093750e+01
6.420782470703125000e+01
6.646086120605468750e+01
7.722765350341796875e+01
7.770933532714843750e+01
7.817386627197265625e+01
7.897865295410156250e+01
8.076393127441406250e+01
5.286863708496093750e+01
5.340694808959960938e+01
5.417996978759765625e+01
5.512847518920898438e+01
5.721604919433593750e+01
7.877148437500000000e+01
7.957714843750000000e+01
8.049924468994140625e+01
8.200668334960937500e+01
8.604753875732421875e+01
9.990411376953125000e+01
5.568847274780273438e+01
5.607173538208007812e+01
5.656285095214843750e+01
5.751030731201171875e+01
5.926708221435546875e+01
6.054790115356445312e+01
6.233675765991210938e+01
6.954824829101562500e+01
6.985795593261718750e+01
7.001987457275390625e+01
7.046467590332031250e+01
7.213984680175781250e+01
7.307180786132812500e+01
6.402603149414062500e+01
6.444967651367187500e+01
6.492066192626953125e+01
6.578170776367187500e+01
6.750208282470703125e+01
6.743898773193359375e+01
6.764403533935546875e+01
6.786235046386718750e+01
6.823629760742187500e+01
6.914055633544921875e+01
7.066510772705078125e+01
7.232315826416015625e+01
7.306810760498046875e+01
6.884627532958984375e+01
6.929813385009765625e+01
6.978055572509765625e+01
7.054839324951171875e+01
7.131462860107421875e+01
7.210739898681640625e+01
7.377092742919921875e+01
6.528853607177734375e+01
6.558608245849609375e+01
6.587004089355468750e+01
6.653240966796875000e+01
6.773616027832031250e+01
6.688329315185546875e+01
6.724793243408203125e+01
6.764360046386718750e+01
6.842951202392578125e+01
6.932325744628906250e+01
6.517742156982421875e+01
6.534131622314453125e+01
6.562794494628906250e+01
6.601335906982421875e+01
6.674677276611328125e+01
6.835131072998046875e+01
6.989820861816406250e+01
7.061740875244140625e+01
8.288159179687500000e+01
8.360525512695312500e+01
8.439151000976562500e+01
8.591212463378906250e+01
8.877625274658203125e+01
6.477085876464843750e+01
6.526780700683593750e+01
6.596161651611328125e+01
6.700126647949218750e+01
6.915718841552734375e+01
7.761486053466796875e+01
7.785853576660156250e+01
7.818115234375000000e+01
7.863534545898437500e+01
7.969425201416015625e+01
8.068421936035156250e+01
8.120893859863281250e+01
8.171312713623046875e+01
6.866852569580078125e+01
6.903513336181640625e+01
6.946897888183593750e+01
7.015735626220703125e+01
7.165848541259765625e+01
7.267008972167968750e+01
7.289122009277343750e+01
7.320102691650390625e+01
7.356982421875000000e+01
7.419875335693359375e+01
7.654622650146484375e+01
6.988804626464843750e+01
7.017017364501953125e+01
7.050535583496093750e+01
7.116385650634765625e+01
7.176367950439453125e+01
7.107168579101562500e+01
7.125910186767578125e+01
7.146006011962890625e+01
7.181565093994140625e+01
7.252754974365234375e+01
6.754693603515625000e+01
6.782626342773437500e+01
6.817240905761718750e+01
6.886003112792968750e+01
7.027268981933593750e+01
6.502705383300781250e+01
6.545703887939453125e+01
6.606832122802734375e+01
6.707193756103515625e+01
6.813598632812500000e+01
6.542682647705078125e+01
6.573928833007812500e+01
6.610474395751953125e+01
6.657067871093750000e+01
6.765269470214843750e+01
6.988960266113281250e+01
5.879219818115234375e+01
5.934899902343750000e+01
5.998915100097656250e+01
6.103274154663085938e+01
6.331107330322265625e+01
6.499370574951171875e+01
6.728537750244140625e+01
5.824948120117187500e+01
5.883570861816406250e+01
5.949417495727539062e+01
6.075899887084960938e+01
6.297954940795898438e+01
6.497744750976562500e+01
6.619016265869140625e+01
6.741234588623046875e+01
5.386580657958984375e+01
5.447702789306640625e+01
5.513938903808593750e+01
5.661244201660156250e+01
5.965572357177734375e+01
6.118888473510742188e+01
6.374371337890625000e+01
7.965756988525390625e+01
8.056113433837890625e+01
8.161412811279296875e+01
8.325096130371093750e+01
8.671572875976562500e+01
9.379475402832031250e+01
9.904581451416015625e+01
1.043663635253906250e+02
1.059719085693359375e+02
5.585904312133789062e+01
5.623262786865234375e+01
5.665802764892578125e+01
5.736293029785156250e+01
5.866228485107421875e+01
6.141645431518554688e+01
6.339480972290039062e+01
6.487005615234375000e+01
5.110448074340820312e+01
5.185519409179687500e+01
5.268784713745117188e+01
5.446014404296875000e+01
5.781582260131835938e+01
5.966836929321289062e+01
7.970713043212890625e+01
8.103342437744140625e+01
8.233024597167968750e+01
8.508198547363281250e+01
8.786853790283203125e+01
9.101681518554687500e+01
9.454557037353515625e+01
7.582734680175781250e+01
7.648175048828125000e+01
7.726394653320312500e+01
7.847982788085937500e+01
8.105485534667968750e+01
8.320394134521484375e+01
7.477048492431640625e+01
7.497475433349609375e+01
7.520040893554687500e+01
7.560736846923828125e+01
7.640941619873046875e+01
7.917104339599609375e+01
7.996437835693359375e+01
8.078383636474609375e+01
6.106466674804687500e+01
6.138242721557617188e+01
6.175215911865234375e+01
6.232849121093750000e+01
6.352949142456054688e+01
6.890290832519531250e+01
7.071156311035156250e+01
7.223394775390625000e+01
7.550321197509765625e+01
8.203194427490234375e+01
8.589649963378906250e+01
8.909416961669921875e+01
5.225325775146484375e+01
5.272978210449218750e+01
5.356217956542968750e+01
5.729681396484375000e+01
6.060705947875976562e+01
7.727761840820312500e+01
7.758898925781250000e+01
7.796784210205078125e+01
7.866860198974609375e+01
8.015587615966796875e+01
8.127413940429687500e+01
8.265598297119140625e+01
6.572902679443359375e+01
6.610937500000000000e+01
6.661309814453125000e+01
7.081561279296875000e+01
7.219063568115234375e+01
6.984592437744140625e+01
7.029264831542968750e+01
7.077103424072265625e+01
7.158831787109375000e+01
7.343939971923828125e+01
7.490623474121093750e+01
1.113367156982421875e+02
1.121266784667968750e+02
1.129681549072265625e+02
1.144856262207031250e+02
1.176267242431640625e+02
1.203463134765625000e+02
7.302896881103515625e+01
7.337907409667968750e+01
7.383573913574218750e+01
7.463336944580078125e+01
7.605281066894531250e+01
4.762619781494140625e+01
4.905597686767578125e+01
4.993498611450195312e+01
5.139394378662109375e+01
6.086435317993164062e+01
6.750556182861328125e+01
6.795878601074218750e+01
6.878043365478515625e+01
6.956018066406250000e+01
7.159822082519531250e+01
7.542969512939453125e+01
7.578072357177734375e+01
7.620461273193359375e+01
7.698836517333984375e+01
7.841235351562500000e+01
6.447477722167968750e+01
6.488583374023437500e+01
6.524334716796875000e+01
6.604103851318359375e+01
6.764745330810546875e+01
6.869714355468750000e+01
7.034214782714843750e+01
5.914476776123046875e+01
5.940045928955078125e+01
5.971007537841796875e+01
6.020746231079101562e+01
6.122220993041992188e+01
6.217903137207031250e+01
6.253797912597656250e+01
6.293512725830078125e+01
6.335917282104492188e+01
6.411549377441406250e+01
6.588920593261718750e+01
6.712812042236328125e+01
6.871117401123046875e+01
6.736869812011718750e+01
6.767397308349609375e+01
6.797544097900390625e+01
6.860877990722656250e+01
6.999073791503906250e+01
7.114025115966796875e+01
7.245317077636718750e+01
7.057234191894531250e+01
7.077917480468750000e+01
7.104999542236328125e+01
7.150457763671875000e+01
7.205811309814453125e+01
7.291819000244140625e+01
9.770453643798828125e+01
9.847389221191406250e+01
9.931466674804687500e+01
1.009280624389648438e+02
1.042294921875000000e+02
6.722960662841796875e+01
6.753118896484375000e+01
6.791133880615234375e+01
6.841397094726562500e+01
6.957522583007812500e+01
5.777828979492187500e+01
5.828758239746093750e+01
5.899944305419921875e+01
6.000992965698242188e+01
6.281222534179687500e+01
6.463064575195312500e+01
7.568402099609375000e+01
7.583283233642578125e+01
7.601002502441406250e+01
7.630533599853515625e+01
7.686470031738281250e+01
7.805405426025390625e+01
7.906391143798828125e+01
6.011971282958984375e+01
6.071640014648437500e+01
6.122363281250000000e+01
6.232864761352539062e+01
6.616946411132812500e+01
6.835222625732421875e+01
8.085589599609375000e+01
8.114335632324218750e+01
8.146166992187500000e+01
8.209104919433593750e+01
8.268289947509765625e+01
8.331711578369140625e+01
8.393196868896484375e+01
5.346894836425781250e+01
5.416615295410156250e+01
5.488561248779296875e+01
5.609706115722656250e+01
5.855460357666015625e+01
6.355618667602539062e+01
6.746746826171875000e+01
7.248390197753906250e+01
6.513185882568359375e+01
6.560443115234375000e+01
6.616806030273437500e+01
6.692018127441406250e+01
6.880773925781250000e+01
7.062973785400390625e+01
7.316030883789062500e+01
7.331928253173828125e+01
7.348823547363281250e+01
7.377568054199218750e+01
7.439222717285156250e+01
7.554084777832031250e+01
7.765447235107421875e+01
6.669342041015625000e+01
6.713568878173828125e+01
6.755780792236328125e+01
7.020440673828125000e+01
7.156448364257812500e+01
7.243675231933593750e+01
6.841832733154296875e+01
6.879769134521484375e+01
6.925395202636718750e+01
7.008700561523437500e+01
7.183685302734375000e+01
7.293392181396484375e+01
7.377809143066406250e+01
7.462480926513671875e+01
7.697128295898437500e+01
7.727949523925781250e+01
7.762404632568359375e+01
7.830776977539062500e+01
7.967654418945312500e+01
8.104399108886718750e+01
8.182467651367187500e+01
8.256733703613281250e+01
8.307547760009765625e+01
8.471279907226562500e+01
8.764579772949218750e+01
8.090955352783203125e+01
8.145554351806640625e+01
8.194903564453125000e+01
8.286919403076171875e+01
8.473528289794921875e+01
7.914942932128906250e+01
7.999085998535156250e+01
8.100544738769531250e+01
8.228430938720703125e+01
8.546170806884765625e+01
9.152491760253906250e+01
6.566368103027343750e+01
6.609239196777343750e+01
6.641995239257812500e+01
6.728514862060546875e+01
6.877436065673828125e+01
6.808223724365234375e+01
6.847236633300781250e+01
6.891847229003906250e+01
6.979260253906250000e+01
7.150901031494140625e+01
8.091837310791015625e+01
8.130304718017578125e+01
8.202603912353515625e+01
8.251344299316406250e+01
8.603262329101562500e+01
9.589205169677734375e+01
9.712876892089843750e+01
9.882553100585937500e+01
1.010093994140625000e+02
1.128272094726562500e+02
1.154278411865234375e+02
7.639730834960937500e+01
7.736089324951171875e+01
7.828018951416015625e+01
8.008924102783203125e+01
8.384024810791015625e+01
8.668488311767578125e+01
5.077122116088867188e+01
5.158325958251953125e+01
5.257556533813476562e+01
5.397551727294921875e+01
5.874216461181640625e+01
6.462991333007812500e+01
6.499774169921875000e+01
6.541104125976562500e+01
6.622058105468750000e+01
6.785429382324218750e+01
6.923547363281250000e+01
7.083588409423828125e+01
8.665714263916015625e+01
8.723200988769531250e+01
8.780453491210937500e+01
8.898954772949218750e+01
9.133253479003906250e+01
9.401995849609375000e+01
9.516616821289062500e+01
6.988526153564453125e+01
7.017938995361328125e+01
7.048389434814453125e+01
7.108009338378906250e+01
7.229811859130859375e+01
4.850965881347656250e+01
4.924546432495117188e+01
5.011504364013671875e+01
5.148632431030273438e+01
5.422051239013671875e+01
5.990346527099609375e+01
6.437683105468750000e+01
7.020471954345703125e+01
8.037192535400390625e+01
8.113123321533203125e+01
8.192726135253906250e+01
8.340354156494140625e+01
8.610772705078125000e+01
8.879781341552734375e+01
9.195080566406250000e+01
7.919000244140625000e+01
7.962918090820312500e+01
8.009945678710937500e+01
8.101165771484375000e+01
8.189366149902343750e+01
1.006945648193359375e+02
1.015747756958007812e+02
1.026898498535156250e+02
1.045610275268554688e+02
1.065524978637695312e+02
1.083969345092773438e+02
8.328895568847656250e+01
8.373854827880859375e+01
8.421180725097656250e+01
8.510643768310546875e+01
8.692027282714843750e+01
8.842012786865234375e+01
8.933660125732421875e+01
9.026854705810546875e+01
8.794658660888671875e+01
8.887915039062500000e+01
8.980688476562500000e+01
9.144613647460937500e+01
9.465689086914062500e+01
9.694152832031250000e+01
9.876956176757812500e+01
6.758969116210937500e+01
6.790123748779296875e+01
6.831501770019531250e+01
6.897125244140625000e+01
6.970140838623046875e+01
1.202430114746093750e+02
1.211700134277343750e+02
1.221911392211914062e+02
1.243357086181640625e+02
1.284263610839843750e+02
7.050985717773437500e+01
7.081190490722656250e+01
7.119432830810546875e+01
7.185092926025390625e+01
7.315700531005859375e+01
5.761974716186523438e+01
5.816790390014648438e+01
5.882708740234375000e+01
5.999118804931640625e+01
6.230886840820312500e+01
8.137623596191406250e+01
8.277288818359375000e+01
8.419826507568359375e+01
8.695995330810546875e+01
9.273336791992187500e+01
9.692906951904296875e+01
7.555554199218750000e+01
7.589420318603515625e+01
7.629254913330078125e+01
7.698664093017578125e+01
7.834664916992187500e+01
7.137536621093750000e+01
7.171456146240234375e+01
7.204556274414062500e+01
7.262245941162109375e+01
7.434870910644531250e+01
7.483355712890625000e+01
7.609198760986328125e+01
7.779251098632812500e+01
7.802141571044921875e+01
7.823271179199218750e+01
7.861202239990234375e+01
7.928479766845703125e+01
8.095462799072265625e+01
5.696250534057617188e+01
5.744308853149414062e+01
5.795835494995117188e+01
5.896509933471679688e+01
6.227169799804687500e+01
6.351724243164062500e+01
6.553775024414062500e+01
6.595520019531250000e+01
6.639271545410156250e+01
6.722341156005859375e+01
6.885720825195312500e+01
6.133084487915039062e+01
6.206746292114257812e+01
6.286380767822265625e+01
6.438603210449218750e+01
7.014723205566406250e+01
9.418019104003906250e+01
9.468344116210937500e+01
9.516636657714843750e+01
9.613609313964843750e+01
9.710000610351562500e+01
9.826328277587890625e+01
6.321238327026367188e+01
6.351244735717773438e+01
6.394856262207031250e+01
6.458556365966796875e+01
6.585193634033203125e+01
6.838340759277343750e+01
7.062498474121093750e+01
7.313484191894531250e+01
6.942871093750000000e+01
6.979891204833984375e+01
7.012101745605468750e+01
7.085654449462890625e+01
7.221745300292968750e+01
7.537881469726562500e+01
7.572045135498046875e+01
7.621270751953125000e+01
7.699536132812500000e+01
7.854047393798828125e+01
6.540298461914062500e+01
6.600819396972656250e+01
6.661813354492187500e+01
6.718492889404296875e+01
6.777359008789062500e+01
5.082025909423828125e+01
5.156397628784179688e+01
5.221435546875000000e+01
5.376741027832031250e+01
5.656726074218750000e+01
5.851986694335937500e+01
6.148160171508789062e+01
6.557398986816406250e+01
6.596224975585937500e+01
6.644365692138671875e+01
6.725848388671875000e+01
6.904656982421875000e+01
7.019480895996093750e+01
7.198288726806640625e+01
5.224307250976562500e+01
5.271544265747070312e+01
5.307077026367187500e+01
5.393972015380859375e+01
5.566667938232421875e+01
5.745762634277343750e+01
5.858086395263671875e+01
7.937187957763671875e+01
8.000452423095703125e+01
8.063716125488281250e+01
8.213093566894531250e+01
8.469187164306640625e+01
5.628079223632812500e+01
5.678300476074218750e+01
5.747464752197265625e+01
5.852973175048828125e+01
6.437014770507812500e+01
6.648960113525390625e+01
6.691979980468750000e+01
6.740491485595703125e+01
6.851551055908203125e+01
7.093196105957031250e+01
7.276142120361328125e+01
7.307426452636718750e+01
7.345349884033203125e+01
7.417028808593750000e+01
7.553747558593750000e+01
7.673024749755859375e+01
7.744773864746093750e+01
7.815181732177734375e+01
7.210014343261718750e+01
7.236022186279296875e+01
7.260413360595703125e+01
7.308705902099609375e+01
7.405241394042968750e+01
8.343127441406250000e+01
8.374990844726562500e+01
8.416169738769531250e+01
8.487027740478515625e+01
8.602404785156250000e+01
8.248754119873046875e+01
8.321542358398437500e+01
8.403265380859375000e+01
8.552874755859375000e+01
8.685766601562500000e+01
6.523125457763671875e+01
6.553485107421875000e+01
6.600862121582031250e+01
6.673153686523437500e+01
6.806164550781250000e+01
7.080490875244140625e+01
7.432689666748046875e+01
7.574413299560546875e+01
6.755714416503906250e+01
6.775453186035156250e+01
6.802368927001953125e+01
6.842156982421875000e+01
6.923918914794921875e+01
7.077924346923828125e+01
5.024173736572265625e+01
5.082157135009765625e+01
5.158699798583984375e+01
5.285289764404296875e+01
5.550246429443359375e+01
7.228994750976562500e+01
7.284295654296875000e+01
7.338252258300781250e+01
7.454113769531250000e+01
7.674754333496093750e+01
6.021092224121093750e+01
6.092391586303710938e+01
6.158449935913085938e+01
6.301187515258789062e+01
6.573421478271484375e+01
6.774218750000000000e+01
6.914749145507812500e+01
7.054727172851562500e+01
6.604773712158203125e+01
6.640086364746093750e+01
6.679111480712890625e+01
6.754586029052734375e+01
6.907732391357421875e+01
7.013745880126953125e+01
7.132640838623046875e+01
5.630844879150390625e+01
5.703420257568359375e+01
5.751654815673828125e+01
6.208867645263671875e+01
6.433100128173828125e+01
7.574304962158203125e+01
7.606699371337890625e+01
7.642290496826171875e+01
7.712691497802734375e+01
7.857045745849609375e+01
8.009498596191406250e+01
7.304980468750000000e+01
7.331864929199218750e+01
7.360307312011718750e+01
7.404627227783203125e+01
7.509143829345703125e+01
5.333841705322265625e+01
5.363810729980468750e+01
5.397972106933593750e+01
5.444183349609375000e+01
5.552325439453125000e+01
5.762006759643554688e+01
5.924428176879882812e+01
8.569286346435546875e+01
8.599326324462890625e+01
8.628811645507812500e+01
8.692522430419921875e+01
8.814035034179687500e+01
8.877745056152343750e+01
8.941456604003906250e+01
9.005166625976562500e+01
8.776550292968750000e+01
8.814202880859375000e+01
8.855378723144531250e+01
8.928882598876953125e+01
9.089199066162109375e+01
9.175150299072265625e+01
7.095523071289062500e+01
7.111116027832031250e+01
7.128672027587890625e+01
7.157892608642578125e+01
7.218297576904296875e+01
7.337560272216796875e+01
7.402607727050781250e+01
7.460750579833984375e+01
7.521037292480468750e+01
7.353020477294921875e+01
7.373342132568359375e+01
7.394333648681640625e+01
7.430435180664062500e+01
7.504351806640625000e+01
7.466705322265625000e+01
7.501062011718750000e+01
7.539808654785156250e+01
7.617688751220703125e+01
7.773063659667968750e+01
7.879598999023437500e+01
8.048761749267578125e+01
6.223273849487304688e+01
6.260618591308593750e+01
6.301890182495117188e+01
6.376734161376953125e+01
6.531888580322265625e+01
6.797307586669921875e+01
7.732532501220703125e+01
7.785876464843750000e+01
7.836993408203125000e+01
7.946226501464843750e+01
8.153450012207031250e+01
8.160533905029296875e+01
8.295871734619140625e+01
8.430694580078125000e+01
8.685647583007812500e+01
9.204318237304687500e+01
9.550785064697265625e+01
6.576217651367187500e+01
6.611672210693359375e+01
6.648928833007812500e+01
6.721711730957031250e+01
6.858702850341796875e+01
6.938764190673828125e+01
7.013925933837890625e+01
7.083753967285156250e+01
5.343069839477539062e+01
5.405044555664062500e+01
5.470300674438476562e+01
5.597911071777343750e+01
5.837732696533203125e+01
5.977965164184570312e+01
6.109740447998046875e+01
6.227505493164062500e+01
9.808969879150390625e+01
9.925706481933593750e+01
1.005737457275390625e+02
1.027840499877929688e+02
1.075666351318359375e+02
7.370083618164062500e+01
7.396209716796875000e+01
7.431642913818359375e+01
7.486843872070312500e+01
7.603200531005859375e+01
7.728342437744140625e+01
7.786145019531250000e+01
7.292161560058593750e+01
7.328570556640625000e+01
7.367162322998046875e+01
7.446607208251953125e+01
7.603469085693359375e+01
7.687591552734375000e+01
7.768517303466796875e+01
6.972431182861328125e+01
7.002130889892578125e+01
7.041239929199218750e+01
7.095651245117187500e+01
7.208555603027343750e+01
8.032234954833984375e+01
8.070928955078125000e+01
8.120877075195312500e+01
8.205709838867187500e+01
8.377539825439453125e+01
8.463064575195312500e+01
7.734793090820312500e+01
7.770741271972656250e+01
7.812244415283203125e+01
7.889378356933593750e+01
8.047772216796875000e+01
8.126652526855468750e+01
8.207912445068359375e+01
8.285046386718750000e+01
9.264322662353515625e+01
9.303945159912109375e+01
9.362201690673828125e+01
9.461257171630859375e+01
9.689279937744140625e+01
7.629899597167968750e+01
7.696905517578125000e+01
7.803982543945312500e+01
7.962434387207031250e+01
8.301453399658203125e+01
8.478195953369140625e+01
8.640638732910156250e+01
8.826358795166015625e+01
8.630415344238281250e+01
8.652837371826171875e+01
8.685540771484375000e+01
8.741842651367187500e+01
8.844260406494140625e+01
7.330281829833984375e+01
7.372248840332031250e+01
7.410628509521484375e+01
7.495397186279296875e+01
7.665352630615234375e+01
7.735686492919921875e+01
7.822041320800781250e+01
7.906809997558593750e+01
8.065899658203125000e+01
8.090431976318359375e+01
8.127188110351562500e+01
8.157308959960937500e+01
8.241733551025390625e+01
8.262963867187500000e+01
8.292574310302734375e+01
8.331974029541015625e+01
8.388899230957031250e+01
8.509637451171875000e+01
8.629772186279296875e+01
9.386336517333984375e+01
9.445153045654296875e+01
9.510459136962890625e+01
9.645074462890625000e+01
9.925903320312500000e+01
5.644451522827148438e+01
5.701000595092773438e+01
5.768688583374023438e+01
5.890722656250000000e+01
6.130384063720703125e+01
6.404807281494140625e+01
6.533818054199218750e+01
7.836665344238281250e+01
7.909313201904296875e+01
8.027323913574218750e+01
8.181823730468750000e+01
8.526653289794921875e+01
9.192639923095703125e+01
7.960284423828125000e+01
7.996723175048828125e+01
8.041234588623046875e+01
8.115957641601562500e+01
8.270863342285156250e+01
8.327905273437500000e+01
8.408087158203125000e+01
8.485346984863281250e+01
6.114752197265625000e+01
6.158750152587890625e+01
6.213866424560546875e+01
6.325633239746093750e+01
6.499897766113281250e+01
6.892248535156250000e+01
6.923564147949218750e+01
6.958381652832031250e+01
7.028286743164062500e+01
7.155502319335937500e+01
7.226483917236328125e+01
7.292482757568359375e+01
7.363465118408203125e+01
6.490194702148437500e+01
6.528783416748046875e+01
6.578617858886718750e+01
6.660811614990234375e+01
6.813631439208984375e+01
6.956499481201171875e+01
7.630112457275390625e+01
7.656925201416015625e+01
7.689146423339843750e+01
7.748065185546875000e+01
7.881322479248046875e+01
7.948929595947265625e+01
8.006237792968750000e+01
8.065616607666015625e+01
7.373830413818359375e+01
7.401744842529296875e+01
7.432023620605468750e+01
7.552217102050781250e+01
7.700325012207031250e+01
5.545724487304687500e+01
5.569607543945312500e+01
5.595646667480468750e+01
5.640481185913085938e+01
5.726357269287109375e+01
5.905093002319335938e+01
8.291635131835937500e+01
8.331927490234375000e+01
8.387429046630859375e+01
8.472447967529296875e+01
8.658150482177734375e+01
8.745161437988281250e+01
8.833348846435546875e+01
7.915586090087890625e+01
7.942737579345703125e+01
7.987550354003906250e+01
8.033465576171875000e+01
8.146488952636718750e+01
8.262823486328125000e+01
8.402667999267578125e+01
8.624189758300781250e+01
8.740855407714843750e+01
4.739876174926757812e+01
4.788772583007812500e+01
4.831793975830078125e+01
4.926555633544921875e+01
5.206953430175781250e+01
5.310243225097656250e+01
5.399224090576171875e+01
7.753363800048828125e+01
7.786383056640625000e+01
7.818779754638671875e+01
7.888487243652343750e+01
8.087504577636718750e+01
7.663835144042968750e+01
7.687850952148437500e+01
7.713958740234375000e+01
7.755350494384765625e+01
7.853234100341796875e+01
5.479709625244140625e+01
5.527854156494140625e+01
5.571719360351562500e+01
5.653335189819335938e+01
5.791807556152343750e+01
8.459024810791015625e+01
8.539749145507812500e+01
8.610005950927734375e+01
8.772403717041015625e+01
9.098946380615234375e+01
8.356684875488281250e+01
8.409644317626953125e+01
8.467706298828125000e+01
8.578499603271484375e+01
8.804850006103515625e+01
8.159783172607421875e+01
8.187508392333984375e+01
8.219272613525390625e+01
8.268829345703125000e+01
8.377874755859375000e+01
7.611019897460937500e+01
7.684825897216796875e+01
7.780205535888671875e+01
7.935279083251953125e+01
8.258563995361328125e+01
8.576009368896484375e+01
8.747141265869140625e+01
7.058190917968750000e+01
7.134335327148437500e+01
7.225883483886718750e+01
7.365093231201171875e+01
7.630727386474609375e+01
8.237265777587890625e+01
8.546784973144531250e+01
7.887036132812500000e+01
7.908660888671875000e+01
7.934333801269531250e+01
7.986124420166015625e+01
8.084522247314453125e+01
8.180105590820312500e+01
8.231205749511718750e+01
8.656464385986328125e+01
8.718171691894531250e+01
8.780252838134765625e+01
8.906281280517578125e+01
9.061920166015625000e+01
9.383149719238281250e+01
9.538787841796875000e+01
7.377248382568359375e+01
7.416899108886718750e+01
7.459236907958984375e+01
7.538376617431640625e+01
7.632415008544921875e+01
7.718475341796875000e+01
7.802500152587890625e+01
7.888152313232421875e+01
7.975270843505859375e+01
8.458341217041015625e+01
8.524596405029296875e+01
8.618262481689453125e+01
8.780220794677734375e+01
8.936381530761718750e+01
8.813535308837890625e+01
8.904390716552734375e+01
9.057441711425781250e+01
9.221469879150390625e+01
9.633267211914062500e+01
9.809694671630859375e+01
7.488796997070312500e+01
7.528301239013671875e+01
7.572574615478515625e+01
7.638771057128906250e+01
7.715786743164062500e+01
7.868180084228515625e+01
7.961139678955078125e+01
5.567694091796875000e+01
5.614429855346679688e+01
5.659799194335937500e+01
5.846651458740234375e+01
5.956340026855468750e+01
6.162870788574218750e+01
5.646624755859375000e+01
5.688694381713867188e+01
5.729534149169921875e+01
5.897730636596679688e+01
6.182377243041992188e+01
6.716162872314453125e+01
6.749950408935546875e+01
6.780970764160156250e+01
6.842431640625000000e+01
6.913803863525390625e+01
7.075532531738281250e+01
7.699055480957031250e+01
7.863230895996093750e+01
8.049629211425781250e+01
8.407732391357421875e+01
9.417518615722656250e+01
7.091900634765625000e+01
7.113089752197265625e+01
7.132260894775390625e+01
7.173590850830078125e+01
7.268398284912109375e+01
7.307992553710937500e+01
7.350733947753906250e+01
7.388431549072265625e+01
7.866906738281250000e+01
7.896201324462890625e+01
7.964733123779296875e+01
8.015634918212890625e+01
8.150975036621093750e+01
5.979676818847656250e+01
6.010741806030273438e+01
6.106034851074218750e+01
6.342166137695312500e+01
6.577304077148437500e+01
7.782221984863281250e+01
7.815467071533203125e+01
7.852111053466796875e+01
7.919688415527343750e+01
7.987673187255859375e+01
8.166134643554687500e+01
6.928715515136718750e+01
6.968539428710937500e+01
7.020044708251953125e+01
7.107479858398437500e+01
7.321642303466796875e+01
7.497574615478515625e+01
6.644495391845703125e+01
6.686646270751953125e+01
6.731916046142578125e+01
6.811581420898437500e+01
6.993927001953125000e+01
5.374660491943359375e+01
5.402220535278320312e+01
5.431111526489257812e+01
5.477931976318359375e+01
5.579767990112304688e+01
5.786822509765625000e+01
5.960988998413085938e+01
6.081574249267578125e+01
8.237299346923828125e+01
8.326843261718750000e+01
8.421977996826171875e+01
8.687534332275390625e+01
8.802330017089843750e+01
8.870442199707031250e+01
7.679451751708984375e+01
7.716241455078125000e+01
7.759281921386718750e+01
7.837349700927734375e+01
8.022579956054687500e+01
8.104174804687500000e+01
8.182963562011718750e+01
7.924870300292968750e+01
7.948278045654296875e+01
7.978935241699218750e+01
8.032948303222656250e+01
8.134034729003906250e+01
7.522903442382812500e+01
7.579453277587890625e+01
7.641323852539062500e+01
7.698770141601562500e+01
7.774209594726562500e+01
7.895797729492187500e+01
6.107614898681640625e+01
6.191063690185546875e+01
6.284305191040039062e+01
6.465096282958984375e+01
6.617514038085937500e+01
7.402391815185546875e+01
7.527748870849609375e+01
7.695362091064453125e+01
7.968479919433593750e+01
8.741040039062500000e+01
7.128250885009765625e+01
7.159055328369140625e+01
7.200978088378906250e+01
7.360877227783203125e+01
7.598603057861328125e+01
5.210228729248046875e+01
5.347026443481445312e+01
5.487491226196289062e+01
5.776741027832031250e+01
6.056681442260742188e+01
7.047797393798828125e+01
7.069808959960937500e+01
7.227621459960937500e+01
7.432945251464843750e+01
7.601723480224609375e+01
4.559801864624023438e+01
4.627085494995117188e+01
4.863757324218750000e+01
5.152220916748046875e+01
5.479785537719726562e+01
6.793807220458984375e+01
6.830426788330078125e+01
6.998860168457031250e+01
7.166472625732421875e+01
7.367699432373046875e+01
6.378677368164062500e+01
6.419372558593750000e+01
6.566459655761718750e+01
6.752051544189453125e+01
6.849501037597656250e+01
6.934724426269531250e+01
6.579367065429687500e+01
6.616112518310546875e+01
6.727682495117187500e+01
6.858956909179687500e+01
7.033499145507812500e+01
5.916950225830078125e+01
6.086566925048828125e+01
6.279432678222656250e+01
6.368595123291015625e+01
6.455580139160156250e+01
5.122998428344726562e+01
5.184856796264648438e+01
5.405122375488281250e+01
5.698530578613281250e+01
5.843843078613281250e+01
5.976196670532226562e+01
5.102070999145507812e+01
5.150463867187500000e+01
5.323972320556640625e+01
5.594045639038085938e+01
5.700312042236328125e+01
5.813742828369140625e+01
7.046233367919921875e+01
7.074705505371093750e+01
7.177269744873046875e+01
7.372692108154296875e+01
7.437142181396484375e+01
6.610824584960937500e+01
6.639656066894531250e+01
6.745527648925781250e+01
6.904335784912109375e+01
6.982321929931640625e+01
7.037620544433593750e+01
8.245561981201171875e+01
8.273949432373046875e+01
8.369824981689453125e+01
8.465699768066406250e+01
8.520951843261718750e+01
8.585556793212890625e+01
5.728478622436523438e+01
5.986617660522460938e+01
6.266392898559570312e+01
6.381163787841796875e+01
6.502772521972656250e+01
8.217840576171875000e+01
8.472636413574218750e+01
8.727926635742187500e+01
8.853779602050781250e+01
8.974446105957031250e+01
6.216283035278320312e+01
6.400697326660156250e+01
6.585663604736328125e+01
6.689178466796875000e+01
6.766400909423828125e+01
7.211560821533203125e+01
7.252919006347656250e+01
7.353455352783203125e+01
7.452915954589843750e+01
7.521038055419921875e+01
7.590976715087890625e+01
4.544832229614257812e+01
4.782691574096679688e+01
5.008594512939453125e+01
5.140584182739257812e+01
5.240069961547851562e+01
