0.289876
-0.003478
-0.418131
-0.102560
-0.103485
0.254834
-0.357881
0.058388
-0.462690
0.215912
-0.200523
1.076849
0.094164
0.170034
0.080374
-0.260067
-0.100735
-0.003682
0.363546
-0.430603
-0.058319
0.017031
0.358534
1.046555
-0.429939
-0.528359
-0.341649
0.512821
-0.298622
-0.477762
-0.199951
-0.414023
-0.499270
0.490119
-0.247893
-0.120040
-0.473810
1.091455
-0.105450
-0.245077
-0.285008
-0.340222
-0.330709
0.383136
1.111306
0.006351
-0.391395
-0.183733
0.813891
-0.306459
-0.065191
-0.243584
-0.523428
-0.050412
-0.031749
0.176460
-0.342330
-0.333028
1.084503
-0.355725
-0.339295
-0.286350
-0.329999
0.454037
0.086772
0.118028
0.013672
0.165526
-0.143479
-0.487751
-0.163000
0.242416
-0.258027
0.022227
-0.320852
0.232032
1.236484
-0.388627
-0.457035
-0.547857
-0.296206
-0.280211
0.894813
-0.348691
-0.022365
0.009145
-0.267766
0.752392
0.429134
-0.314423
-0.073822
-0.442905
0.397090
0.820973
-0.232850
-0.430656
-0.563369
-0.064404
1.081915
1.004167
-0.259685
-0.166581
-0.669457
0.157778
0.176325
0.069112
-0.228997
1.417824
-0.459555
-0.072143
-0.391949
0.071547
0.191948
0.147254
0.541925
-0.080505
0.064854
-0.344131
-0.377231
-0.443409
-0.190226
0.013828
0.551315
-0.200746
-0.559789
0.486428
-0.638104
-0.005200
0.688133
-0.323155
-0.167436
-0.102350
0.674110
-0.294224
1.107331
-0.072042
-0.537532
-0.408668
-0.570855
-0.104954
-0.210631
-0.330312
-0.396859
-0.278991
0.250634
-0.387523
0.470071
0.023306
0.014443
-0.345050
-0.415741
-0.268833
-0.601096
-0.371465
-0.453016
-0.153095
1.082496
-0.568337
0.127595
-0.447094
0.234593
0.354877
0.147125
-0.288849
-0.545299
-0.409173
0.290781
0.024552
0.282474
-0.863611
0.481837
1.114602
0.904390
-0.787779
-0.069209
-0.011608
0.011862
-0.567138
-0.215627
-0.257104
-0.091116
-0.051223
-0.369993
0.029897
1.217265
0.500368
-0.095885
-0.103902
-0.400671
0.256821
0.283747
-0.550808
-0.044549
1.090843
0.122034
0.139610
1.085249
-0.550834
-0.162547
-0.134620
0.221308
0.925644
-0.183945
0.026260
0.119816
-0.263698
0.098358
-0.043535
-0.361542
-0.007505
0.252490
0.052290
0.538376
0.168934
0.193958
-0.493305
-0.018361
-0.218453
-0.130979
-0.483123
-0.362262
1.069976
0.429921
-0.377195
0.467801
0.295135
-0.098298
-0.140640
0.432930
-0.087046
-1.086059
-0.403772
0.002939
0.057568
-0.154235
0.073831
1.146474
-0.115062
-0.753562
-0.149606
-0.304398
-0.218124
-0.482387
-0.253832
-0.289841
0.423121
0.062154
-0.641891
-0.324227
-0.476648
-0.471333
-0.338822
-0.403110
-0.009306
0.099032
0.105605
0.169145
0.245838
1.245657
0.310015
0.514011
0.985588
0.255218
-0.233507
0.189175
1.179573
0.398166
-0.352582
-0.161480
-0.155725
0.445445
-0.272994
0.600861
-0.025652
-0.306644
-0.238942
-0.001232
-0.234292
-0.456746
-0.295710
0.484353
0.144514
0.146256
-0.546374
0.086941
-0.502250
0.905175
-0.093711
-0.533363
-0.132646
-0.157336
-0.396082
0.369961
-0.046544
1.111092
-0.250953
-0.149412
-0.258217
0.995532
0.613004
0.484937
-0.208277
0.161783
-0.493915
1.025015
1.037709
-0.088894
0.646771
-0.094196
0.478370
-0.369932
0.716057
-0.433594
0.155955
1.055625
-0.399556
-0.461272
-0.309694
-0.009151
-0.178462
0.426195
-0.032743
0.240164
-0.360704
-0.253036
-0.525896
0.377243
-0.138644
-0.171966
0.278201
0.096529
0.016881
-0.347863
-0.713794
-0.442525
0.365568
0.308528
-0.248246
0.246846
0.112823
0.321432
-0.277367
0.114864
-0.341921
-0.026281
0.046772
-0.485218
-0.244884
-0.518986
-0.295212
-0.260944
-0.261367
0.058754
0.946968
-0.327635
0.232870
0.816399
-0.548140
-0.248932
0.125381
-0.144283
-0.231228
-0.019442
0.508426
-0.021077
-0.181115
-0.135752
0.189456
0.322570
0.202134
1.190039
-0.262976
-0.042334
-0.395333
-0.211961
-0.552726
-0.550356
-0.148259
-0.099355
0.098708
-0.053810
-0.367833
-0.094644
0.424217
0.461168
0.125769
0.087600
0.483724
1.066872
-0.705794
0.218422
-0.205561
0.448728
0.709298
-0.339974
-0.093178
-0.198365
-0.440724
1.276650
-0.907311
0.281840
0.100287
-0.385879
-0.122202
-0.170765
0.024217
-0.070660
-0.221250
-0.658046
-0.514536
-0.177934
1.042436
-0.345102
0.343792
-0.185610
0.389007
-0.093277
-0.091622
-0.354885
-0.138430
0.331606
0.097436
-0.435264
-0.392740
-0.609141
0.217887
0.211130
-0.084127
-0.396775
0.149159
