1.336261
0.996528
0.658276
0.902524
0.901689
1.290247
0.699156
1.060126
0.629588
1.240993
0.818303
2.935414
1.098740
1.185346
1.083692
0.771000
0.904172
0.996325
1.438421
0.650117
0.943349
1.017177
1.431230
2.847823
0.650549
0.589572
0.710597
1.669996
0.741840
0.620170
0.818771
0.660986
0.606973
1.632511
0.780443
0.886885
0.622626
2.978603
0.899919
0.782644
0.752008
0.711612
0.718414
1.466877
3.038323
1.006372
0.676113
0.832158
2.256671
0.736049
0.936889
0.783814
0.592486
0.950838
0.968750
1.192986
0.710114
0.716750
2.957969
0.700665
0.712272
0.751000
0.718924
1.574656
1.090648
1.125275
1.013766
1.180013
0.866339
0.614006
0.849591
1.274324
0.772574
1.022475
0.725531
1.261160
3.443484
0.677987
0.633158
0.578188
0.743634
0.755625
2.446879
0.705611
0.977883
1.009187
0.765087
2.122070
1.535926
0.730210
0.928837
0.642168
1.487489
2.272710
0.792272
0.650082
0.569288
0.937626
2.950324
2.729632
0.771294
0.846554
0.511987
1.170907
1.192826
1.071556
0.795331
4.128130
0.631565
0.930398
0.675739
1.074169
1.211608
1.158648
1.719313
0.922650
1.067003
0.708836
0.685757
0.641845
0.826772
1.013924
1.735534
0.818120
0.571330
1.626497
0.528293
0.994814
1.989996
0.723862
0.845830
0.902714
1.962286
0.745109
3.026272
0.930492
0.584188
0.664535
0.565042
0.900366
0.810073
0.718699
0.672429
0.756547
1.284840
0.678736
1.600108
1.023579
1.014548
0.708185
0.659851
0.764271
0.548210
0.689723
0.635708
0.858049
2.952040
0.566467
1.136093
0.639484
1.264394
1.426005
1.158498
0.749125
0.579668
0.664199
1.337471
1.024856
1.326407
0.421637
1.619045
3.048353
2.470424
0.454854
0.933132
0.988459
1.011933
0.567146
0.806036
0.773288
0.912911
0.950067
0.690739
1.030348
3.377936
1.649328
0.908569
0.901314
0.669870
1.292814
1.328097
0.576484
0.956428
2.976782
1.129792
1.149826
2.960177
0.576469
0.849976
0.874048
1.247708
2.523493
0.831982
1.026608
1.127289
0.768206
1.103358
0.957399
0.696601
0.992524
1.287226
1.053681
1.713222
1.184042
1.214045
0.610605
0.981806
0.803761
0.877236
0.616854
0.696100
2.915309
1.537136
0.685783
1.596480
1.343308
0.906378
0.868802
1.541769
0.916634
0.337544
0.667797
1.002944
1.059257
0.857071
1.076625
3.147076
0.891310
0.470687
0.861047
0.737567
0.804026
0.617308
0.775822
0.748382
1.526719
1.064126
0.526296
0.723086
0.620861
0.624170
0.712609
0.668239
0.990737
1.104101
1.111382
1.184292
1.278693
3.475217
1.363446
1.671984
2.679387
1.290743
0.791752
1.208252
3.252986
1.489091
0.702871
0.850884
0.855794
1.561184
0.761097
1.823688
0.974675
0.735913
0.787461
0.998769
0.791131
0.633341
0.744003
1.623125
1.155478
1.157493
0.579046
1.090832
0.605168
2.472366
0.910546
0.586629
0.875775
0.854417
0.672951
1.447678
0.954523
3.037674
0.778059
0.861214
0.772428
2.706163
1.845968
1.624072
0.811982
1.175605
0.610233
2.787136
2.822743
0.914942
1.909365
0.910104
1.613443
0.690781
2.046348
0.648175
1.168773
2.873771
0.670618
0.630481
0.733672
0.990890
0.836556
1.531419
0.967787
1.271458
0.697185
0.776440
0.591025
1.458259
0.870538
0.842008
1.320752
1.101342
1.017024
0.706196
0.489783
0.642412
1.441332
1.361420
0.780168
1.279982
1.119434
1.379101
0.757777
1.121721
0.710404
0.974061
1.047883
0.615563
0.782795
0.595124
0.744373
0.770324
0.769999
1.060514
2.577882
0.720626
1.262218
2.262339
0.578024
0.779633
1.133580
0.865642
0.793558
0.980746
1.662673
0.979144
0.834339
0.873059
1.208592
1.380672
1.224011
3.287211
0.768760
0.958550
0.673455
0.808996
0.575379
0.576745
0.862208
0.905421
1.103744
0.947612
0.692233
0.909696
1.528393
1.585925
1.134020
1.091552
1.622104
2.906274
0.493716
1.244112
0.814190
1.566319
2.032563
0.711789
0.911032
0.820071
0.643570
3.584612
0.403608
1.325567
1.105488
0.679853
0.884970
0.843020
1.024512
0.931778
0.801516
0.517862
0.597778
0.836998
2.836118
0.708148
1.410285
0.830597
1.475515
0.910941
0.912450
0.701254
0.870724
1.393204
1.102341
0.647094
0.675204
0.543818
1.243446
1.235073
0.919314
0.672486
1.160858
