-0.251101
-0.138809
0.054855
0.538741
-0.674603
0.059062
-2.206040
1.350704
-0.690547
1.495376
-1.347069
-0.480909
-0.190381
0.469913
0.499455
-0.825362
0.184840
-1.101181
-0.387688
-0.056522
-1.850836
1.071065
-0.060525
0.072301
-0.256334
0.509647
-0.380601
0.407917
0.194581
0.146836
0.490069
0.213824
0.557280
-0.114656
0.597839
0.015608
0.477898
0.028103
-0.794726
-0.213336
0.106951
-0.633735
-0.509702
-0.614929
0.194343
-0.322274
-1.111795
-0.236547
1.581519
0.756439
-1.700652
0.006111
0.610986
-0.053597
-0.355687
-0.337074
0.971576
0.651135
0.439676
0.746028
-1.333643
0.263432
-0.307540
-0.029388
0.485921
-0.284877
0.305237
0.058999
-0.557700
0.074584
0.668428
0.090678
0.304060
0.477633
-0.096493
-0.170503
0.149747
0.903575
-0.065466
-1.107185
0.888869
0.207533
-0.229942
-0.481129
-0.618900
1.599094
2.453799
-2.807892
1.757680
0.162258
0.285780
0.754090
0.655174
0.379225
0.204512
-1.093300
-0.708392
-0.066744
-0.055166
1.859677
0.048651
0.887571
-0.272913
-0.239411
-0.042531
1.619726
-0.862121
0.044404
-0.115615
0.794242
-1.638062
1.250939
0.434575
-0.200808
-0.774641
1.831254
0.120460
1.467831
-0.333990
-0.178540
-0.566339
-0.008662
1.374100
-0.095814
-2.473663
0.191743
0.027662
-0.372148
0.638901
-1.612942
1.034128
-2.086456
0.070570
1.080353
-0.954257
-0.979346
1.341944
0.505032
-0.236532
0.375528
-0.274105
-0.181661
-1.047128
-0.081906
-0.662703
2.220638
0.451335
0.741430
0.732278
0.498083
0.956926
0.383611
-0.182623
-0.912961
-0.097809
-1.182493
0.080312
-0.250680
2.264026
-0.346671
0.349846
0.995395
0.283707
0.219228
-0.110130
-0.347381
-0.716835
-0.613831
-2.112635
1.338214
2.324632
-0.356049
-0.584287
0.448124
-0.544713
-0.969283
-1.178478
1.717746
-1.393688
-0.998725
-2.035656
0.380247
-0.772905
-0.570434
-0.241076
2.503282
-0.978798
-0.314997
0.455986
0.084680
-1.225893
-0.405794
-0.005594
-1.808031
0.479073
-0.284009
0.673881
0.151337
-0.563204
-0.289659
0.003486
-0.418463
-0.510018
0.360219
0.864494
-0.059010
0.081551
-2.087480
0.097529
1.091060
1.504223
-0.849143
-1.086645
-1.026623
-0.664299
0.506962
-1.061930
-0.181585
0.366440
-0.082682
-1.106391
1.030579
-3.090946
-1.833859
0.022412
0.452694
1.008188
-0.005133
0.831239
-0.004775
-0.413432
0.367114
0.404937
0.822605
0.294496
-0.000678
-0.627306
0.746827
1.152696
0.103115
-0.718294
-0.233508
0.007980
-0.237268
-1.705505
0.009329
-0.121583
-0.267000
-0.730584
0.326610
0.674268
0.045488
-0.113424
-1.141281
0.306946
-0.111348
-0.068369
-0.300201
0.280253
0.662568
0.017045
2.475664
2.279760
-0.826799
-0.455243
-0.570209
1.534409
-0.437152
-0.205285
-0.763153
1.944574
0.533724
0.193357
-0.278659
-0.066000
0.606538
-0.348825
0.710777
-0.595835
0.271207
2.440203
-0.115211
-0.658680
-1.457135
0.020469
-1.645233
0.181365
-0.799103
-0.135822
0.136166
-0.035551
-0.417115
0.593487
0.525768
2.474482
-1.203370
-1.329349
-1.215084
1.244753
0.390578
0.815180
-1.450037
-0.052133
-0.350598
0.798260
1.950943
-0.860068
1.706368
0.467792
1.209419
-1.843182
1.744640
0.598636
0.244627
-0.353344
-0.413127
-0.093457
-1.921586
0.291805
-1.527314
0.468580
1.311149
0.409246
-1.294128
-0.511000
0.428556
-0.749014
-1.567714
-0.242363
-0.174989
0.624786
0.549634
-1.168654
0.442595
0.373143
0.069989
-0.249175
-1.305164
1.010309
0.213343
-1.045222
-0.668706
-0.396867
-0.524576
0.876679
-0.456179
0.623196
0.360504
0.661317
-0.871424
1.004583
-0.191596
3.416458
1.901995
-0.356992
1.548628
0.069202
-1.135983
0.770919
0.204731
2.990656
-1.575432
0.351372
-0.265353
1.299809
-0.214498
0.664510
1.307007
0.695627
0.559271
0.664053
0.703724
-1.659327
-0.658153
-1.024478
-0.307615
-3.022290
1.739594
1.404110
0.491678
-0.152097
-0.256187
-0.540170
0.462508
1.740184
2.992358
-0.580695
0.130470
1.218097
0.173410
3.008882
0.213551
-0.333308
0.359233
0.820324
-0.848478
0.363367
0.450751
-0.638805
0.035989
-0.267276
0.118931
0.509089
-1.648660
-0.179964
-0.402525
-0.203764
-0.627912
-1.322365
0.129020
-1.730529
0.123254
-0.609560
0.305344
-1.720442
-0.498520
-0.915116
-0.413177
0.308669
-1.114463
-0.043051
-0.396098
-1.232846
-0.977823
-1.831550
0.541700
-1.152332
-1.092056
-0.418298
0.562679
