0.110596 -0.028850 0.177800
0.158898 -0.028383 0.116329
0.139520 0.033123 0.067127
0.083393 0.021677 0.041891
0.085433 0.025928 0.059778
0.085668 0.048042 0.133362
0.086015 -0.013191 0.162962
0.086325 -0.012866 0.081423
0.245971 -0.047943 0.116148
0.073356 0.026457 0.108332
0.084605 0.026859 0.077254
0.085574 0.046522 0.130440
0.085702 0.017965 0.154033
0.086442 0.017758 0.108514
0.743348 -0.541348 0.279109
0.248415 -0.192891 0.322161
0.089912 0.034199 0.166787
0.086001 0.040521 0.162876
0.085407 0.034449 0.133806
0.085212 0.046193 0.105921
0.145718 0.108101 0.207024
0.174071 0.100170 0.316224
0.088527 0.027436 0.216371
0.085855 0.014337 0.183829
0.085635 0.044738 0.147680
0.085781 0.049815 0.111373
0.085529 0.052143 0.130398
0.088883 0.049626 0.182079
0.100062 0.022146 0.194479
0.104503 0.002853 0.189150
0.085582 0.030082 0.176448
0.085639 0.035211 0.155131
0.085430 0.031944 0.139945
0.084083 0.025876 0.146616
0.096911 0.011763 0.176954
0.105438 0.000889 0.190133
