0.165643
0.268929
0.149416
0.081657
0.125218
0.196728
0.317154
0.298257
0.325881
0.322958
0.170519
0.339349
0.130518
0.199400
0.078459
0.238381
0.084157
0.235291
0.233815
0.318451
0.369597
0.342375
0.271565
0.449611
0.200812
0.400744
0.288190
0.203034
0.228609
0.306060
0.308400
0.201218
0.365108
0.216947
0.550933
0.068891
0.234053
0.531520
0.215752
0.346313
0.281728
0.266432
0.118769
0.160073
0.503264
0.221379
0.337018
0.324957
0.523071
0.135507
0.250072
0.304298
0.369297
0.253301
0.299306
0.128567
0.378707
0.227851
0.460055
0.215036
0.216613
0.095414
0.450018
0.714120
0.493349
0.292321
0.345093
0.205723
0.516454
0.303682
0.432704
0.368567
0.164256
0.184217
0.486238
0.561523
0.666931
0.386374
0.491218
0.304533
0.464131
0.566491
0.360659
0.133159
0.166213
0.235694
0.589550
0.284844
0.695136
0.472173
0.381141
1.036687
0.323384
0.331670
0.403693
0.231845
0.302805
0.431807
0.347882
0.315236
0.548729
0.205708
0.343342
0.596060
0.218467
0.299833
0.330385
0.701944
0.214852
0.233447
0.183418
0.200226
1.200201
0.182707
0.489114
0.461539
0.534415
0.516739
0.236968
0.687055
0.200768
0.292355
0.229644
0.388239
0.468583
0.331390
0.392486
0.148297
0.226569
0.078163
0.260122
0.245854
0.239918
0.340944
0.363090
0.240296
0.420706
0.645644
0.141771
0.163801
0.107142
0.369859
0.211818
0.431051
0.318978
0.389700
0.496374
0.160254
0.286481
0.236345
0.173166
0.087596
0.369654
0.106094
0.172069
0.486816
0.714956
0.584190
0.256668
0.352985
0.160964
0.280072
0.195836
0.366872
0.297255
0.352474
0.134834
0.115237
0.305010
0.202558
0.375537
0.303025
0.320766
0.548252
0.230454
0.328427
0.325095
0.349860
0.217537
0.286148
0.267110
0.204424
0.155256
0.095804
0.607002
0.241167
0.340292
0.261168
0.163513
0.756362
0.414352
0.156242
0.268733
0.412808
0.327198
0.351287
0.894008
0.437598
0.173006
0.251764
0.234315
0.494021
0.324440
0.270387
0.299249
0.158784
0.287865
0.345696
0.307148
0.341522
0.562807
0.188318
0.231144
0.388376
0.396077
0.376434
0.188984
0.358113
0.440092
0.408329
0.154209
0.594255
0.476415
0.257863
0.224312
0.305729
0.346830
0.269814
0.315680
0.487055
0.193850
0.279189
0.476298
0.176610
0.203300
0.232490
0.612052
0.162485
0.370652
0.212037
0.247670
0.309204
0.162623
0.129062
0.245876
0.163992
0.180454
0.563981
0.255875
0.103168
0.209180
0.292739
0.124459
0.151321
0.367287
0.186406
0.460279
0.236524
0.898325
0.446279
0.078745
0.437428
0.632653
0.446430
0.209414
0.477582
0.333239
0.325199
0.273305
0.217645
0.285341
0.161280
0.099566
0.138788
0.193772
0.257932
0.238227
0.183396
0.310499
0.502315
0.343829
0.276680
0.180996
0.387553
0.148688
0.257145
0.221390
0.167082
0.563733
0.197244
0.292553
0.314313
0.212477
0.340934
0.843891
0.102624
0.184695
0.338933
0.356884
0.421470
0.164830
0.287155
0.332742
0.197947
0.450377
0.960400
0.149225
0.314696
0.433246
0.263367
0.165707
0.324597
0.488404
0.122274
0.224649
0.198941
0.203094
0.298365
0.323771
0.132567
0.180888
0.403856
0.591735
0.171022
0.237372
0.450626
0.194643
0.172950
0.156852
0.221376
0.185093
0.334371
0.240165
0.253941
0.370166
0.135329
0.500538
0.264918
0.189300
0.373643
0.294741
0.317746
0.148729
0.220352
0.544398
0.200951
0.316393
0.232807
0.577319
0.283120
0.304820
0.324342
0.425790
0.400256
0.279776
0.361507
0.198698
0.282074
0.338637
0.379110
0.348256
0.274892
0.328969
0.503882
0.670444
0.345430
0.552682
0.705491
0.231242
0.585942
0.636556
0.253092
0.114373
0.306537
0.205175
0.320497
0.376806
0.404347
0.520771
0.753182
0.150828
0.198947
0.315472
0.234975
0.421503
0.246125
0.413392
0.451697
0.807524
0.518715
0.290034
0.496053
0.180350
0.458729
0.292686
0.138413
0.113893
0.315062
0.501533
0.465393
0.413400
0.279566
0.690598
0.253666
0.171657
0.261970
0.302325
0.406460
0.205283
0.304726
0.134921
0.589978
0.199794
0.122966
0.214208
0.117796
0.220999
0.282277
0.294579
0.170945
0.134341
0.166416
0.161953
0.124499
0.271701
0.133274
0.258223
0.088631
0.266817
0.202578
