1.078354
0.700708
1.281179
0.381593
1.408188
1.298359
0.388346
1.448271
1.085724
1.216526
0.386880
0.388394
0.900737
1.144419
1.442013
1.799295
1.638263
0.961941
1.785686
1.280433
1.529667
1.891397
0.951002
0.738625
0.783837
1.322810
0.939533
1.301104
1.045206
1.055132
1.570696
0.816977
0.345866
0.787941
1.561558
1.228308
1.493790
0.821882
1.198384
1.359354
1.301049
1.167755
1.095081
1.128440
0.851182
1.196656
1.398691
0.366329
1.436272
1.323305
1.303456
0.774061
1.366679
1.382363
0.957657
1.008284
1.345018
1.317223
0.382594
1.243917
1.214088
1.346021
0.385646
1.090198
1.614502
0.873834
0.367976
1.168790
1.201219
1.300051
0.902049
1.316427
0.381529
1.356260
0.937301
1.077809
0.919257
1.393361
1.018849
1.285515
1.373082
0.836257
0.349241
1.154542
1.256349
1.324183
1.332163
1.765578
1.132007
0.362413
1.080780
1.505905
1.174675
0.317005
1.732159
0.424326
1.437300
1.265674
0.391417
1.165948
1.755943
1.315420
1.464172
1.259433
0.357012
1.403161
0.383812
1.561357
1.411165
0.992512
1.429096
0.417396
0.753278
1.308181
1.288021
1.276127
1.360140
1.443506
1.207394
0.877624
0.350428
1.487222
1.158843
0.381709
1.322627
1.068806
1.529948
0.388722
0.378335
1.178859
1.515422
1.385985
0.879756
0.364224
1.474793
1.609213
1.354043
1.210380
1.323145
1.086581
0.843625
1.772936
0.691575
1.123888
1.659212
1.363655
0.383285
1.389190
0.359701
0.376461
1.466031
0.895641
0.385694
1.238968
1.232146
1.241450
0.380067
0.386113
0.324904
1.110759
1.724464
0.378754
0.932170
1.018317
1.324980
0.996835
1.364744
1.400652
1.228656
1.496082
1.224880
1.221868
1.389556
1.363439
0.363749
0.389408
1.215658
1.290557
1.510167
1.627574
0.371555
1.438111
1.792907
0.384061
1.298698
0.380912
1.481043
0.865284
1.150387
0.387056
1.393905
1.195069
0.395478
0.386053
0.880569
1.248546
1.527227
0.348658
1.201958
1.419335
1.069621
1.092045
0.382240
1.446443
1.143047
1.363342
0.379766
0.381529
1.465201
1.392680
0.385191
1.603924
1.471106
1.328042
1.290647
0.380422
0.995918
1.124381
0.377477
1.790883
1.396884
1.543418
1.368472
0.550260
1.410885
1.276189
0.992911
1.227897
1.122129
1.228471
1.567421
1.326985
1.161433
0.384726
1.385069
1.498334
1.510205
0.386495
1.852534
1.376599
1.114821
1.307189
0.885973
1.250631
1.324756
0.818019
1.237422
1.353229
0.369621
1.484169
1.670038
1.495040
1.274299
1.056873
1.376814
