0.187075
1.010097
0.353513
0.886988
1.003432
0.209783
0.350153
0.389098
0.817274
0.182566
0.159115
0.427867
0.656785
0.538660
0.053385
0.808353
0.533920
0.847221
0.262085
0.306767
0.241240
0.209163
1.060737
0.476688
0.618138
0.693167
1.031039
1.164981
0.766661
0.129807
0.231103
1.078991
2.268365
0.493708
0.455028
0.171440
0.210986
1.120549
0.431491
0.461162
0.156680
0.352810
1.006982
0.857471
0.561017
0.458852
0.089088
1.063847
0.404334
0.699770
0.256016
1.208124
0.808413
0.719989
1.471928
0.206121
0.870840
0.515271
0.354367
0.752284
0.171470
0.623847
0.174344
0.082147
0.980919
0.730923
0.335908
0.217774
0.152509
1.408799
0.907898
0.249931
0.953153
0.406966
0.319651
0.548517
0.428943
0.055983
0.703424
0.469471
0.195738
1.063292
1.052079
0.291468
0.154425
0.748781
0.254175
0.186694
0.395066
1.495029
0.256323
0.675034
0.781040
1.737784
0.322049
0.421422
0.355362
0.525568
0.298123
0.250834
0.244277
0.598570
0.432662
0.937286
1.172669
0.661577
0.624678
0.383755
0.238038
0.240432
0.252078
1.502686
0.114934
0.241272
0.084010
0.231416
0.900089
0.431731
0.516775
0.450172
1.178850
0.298768
0.484943
0.927884
0.986842
0.228625
0.170527
0.295521
0.347140
0.290119
0.277662
0.273599
0.185963
1.199050
0.113385
0.397251
0.652955
0.198311
0.512668
0.654442
0.594307
0.390875
0.367136
0.752228
0.083188
0.189267
0.599946
1.224023
1.396215
0.620776
0.369850
0.313859
0.443282
0.590296
0.166426
0.105491
0.462472
0.454874
1.966756
0.195063
0.418593
0.561578
0.865984
0.291307
0.655954
1.225670
0.240185
0.970160
0.267440
0.392310
0.204391
0.240636
0.839100
0.149215
1.405011
0.304779
0.280239
0.108342
0.243781
0.516725
1.147412
1.024271
0.799751
0.215902
0.787391
0.306834
0.411223
0.299299
0.215891
0.314381
0.195775
0.255326
1.224935
0.252392
0.170753
0.434525
0.500060
1.009443
0.418749
0.413123
0.131042
0.576282
0.802185
0.382653
0.355637
1.123658
0.615724
0.427363
0.876191
0.215145
0.144109
0.500403
0.533651
0.438813
1.078477
0.213897
0.209833
0.304236
0.397979
0.205337
0.760325
0.604017
0.483872
0.236240
0.395128
0.446879
0.813411
0.560897
0.484935
0.211239
0.062566
0.659674
1.043216
0.163854
0.155417
0.241623
0.699117
0.299150
0.295189
0.368770
0.251257
0.247596
0.274046
1.002302
0.795940
0.941034
0.689721
0.318801
0.646980
0.048864
0.775854
0.505881
1.329349
1.037682
0.378963
