-0.235822 0.334509
-0.234854 0.338434
-0.233978 0.342036
-0.233069 0.345836
-0.232109 0.349789
-0.231246 0.353432
-0.230253 0.357638
-0.229348 0.361521
-0.228398 0.365602
-0.227418 0.369862
-0.226504 0.373796
-0.225464 0.378311
-0.224511 0.382490
-0.223505 0.386887
-0.222453 0.391461
-0.221491 0.395726
-0.220367 0.400563
-0.219337 0.405066
-0.218243 0.409806
-0.217107 0.414678
-0.216037 0.419318
-0.214796 0.424521
-0.213653 0.429364
-0.212431 0.434461
-0.211156 0.439701
-0.209930 0.444708
-0.208548 0.450244
-0.207237 0.455466
-0.205842 0.460912
-0.204373 0.466527
-0.202962 0.471859
-0.201353 0.477823
-0.199815 0.483382
-0.198160 0.489250
-0.196439 0.495205
-0.194746 0.500950
-0.192839 0.507238
-0.190993 0.513215
-0.189007 0.519453
-0.186916 0.525829
-0.184868 0.531997
-0.182533 0.538651
-0.180282 0.544987
-0.177853 0.551596
-0.175297 0.558323
-0.172733 0.564874
-0.169879 0.571912
-0.167083 0.578619
-0.164069 0.585589
-0.160897 0.592662
-0.157706 0.599546
-0.154164 0.606957
-0.150674 0.613928
-0.146902 0.621230
-0.142926 0.628629
-0.138972 0.635736
-0.134474 0.643490
-0.130127 0.650733
-0.125356 0.658357
-0.120372 0.666001
-0.115398 0.673344
-0.109766 0.681305
-0.104277 0.688778
-0.098294 0.696612
-0.092078 0.704335
-0.085767 0.711890
-0.078801 0.719864
-0.071967 0.727375
-0.064507 0.735204
-0.056750 0.742979
-0.048942 0.750464
-0.040199 0.758447
-0.031730 0.765845
-0.022498 0.773521
-0.012913 0.781100
-0.003428 0.788268
0.007369 0.795957
0.017474 0.802832
0.028706 0.810064
0.040191 0.817056
0.051373 0.823505
0.064292 0.830513
0.076036 0.836536
0.089110 0.842829
0.102233 0.848745
0.115108 0.854182
0.129337 0.859774
0.142569 0.864626
0.156829 0.869463
0.171188 0.873950
0.185055 0.877934
0.200265 0.881914
0.214209 0.885240
0.229098 0.888438
0.243759 0.891248
0.258028 0.893671
0.273208 0.895917
0.287207 0.897717
0.301715 0.899281
0.315976 0.900546
0.329702 0.901512
0.344177 0.902267
0.357351 0.902739
0.371859 0.903007
0.385003 0.903033
0.398476 0.902850
0.410321 0.902516
0.423893 0.901945
0.435636 0.901287
0.447504 0.900468
0.459461 0.899483
0.470231 0.898469
0.481815 0.897245
0.492312 0.896013
0.502753 0.894679
0.513221 0.893220
0.522425 0.891852
0.533016 0.890169
0.541823 0.888695
0.550970 0.887071
0.559861 0.885424
0.567792 0.883875
0.576863 0.882046
0.584373 0.880478
0.592457 0.878718
0.600250 0.876979
0.606849 0.875439
0.614983 0.873514
0.621086 0.872031
0.628186 0.870254
0.634881 0.868554
0.640664 0.867026
0.647955 0.865107
0.653151 0.863676
0.659503 0.861942
0.665414 0.860271
0.670412 0.858846
0.676947 0.856957
0.681202 0.855688
0.687198 0.853933
0.692222 0.852403
0.696584 0.851071
0.702617 0.849220
0.705956 0.848144
0.711449 0.846437
0.715959 0.845013
0.719991 0.843690
0.725210 0.842036
0.728404 0.840957
0.733505 0.839291
0.737340 0.838021
0.741028 0.836758
0.746072 0.835109
0.748772 0.834145
0.753607 0.832517
0.757028 0.831338
0.760369 0.830148
0.765215 0.828526
0.767177 0.827743
0.771960 0.826132
0.774898 0.825044
0.778168 0.823883
0.782430 0.822383
0.784602 0.821531
0.789135 0.819973
0.791873 0.818926
0.795092 0.817760
0.798973 0.816355
0.801069 0.815524
0.805484 0.813966
0.808094 0.812940
0.811185 0.811795
0.814789 0.810457
0.816850 0.809603
0.821060 0.808089
0.823364 0.807169
0.826638 0.805920
0.829939 0.804688
0.832036 0.803791
0.835803 0.802395
0.838149 0.801444
0.841326 0.800207
0.844643 0.798951
0.846709 0.798046
0.850990 0.796474
0.853042 0.795580
0.856151 0.794373
0.859218 0.793146
0.861427 0.792206
0.865352 0.790722
0.867431 0.789787
0.870500 0.788571
0.873688 0.787286
0.875440 0.786467
0.879801 0.784826
0.881293 0.784052
0.884673 0.782718
0.887488 0.781527
0.889638 0.780564
0.893717 0.778972
