0.075436
-0.355664
0.247781
-0.963401
0.342304
0.261102
-0.945858
0.370371
0.082247
0.195999
-0.949641
-0.945736
-0.104542
0.134897
0.366040
0.587395
0.493636
-0.038802
0.579803
0.247198
0.425050
0.637316
-0.050239
-0.302964
-0.243554
0.279758
-0.062373
0.263213
0.044214
0.053666
0.451519
-0.202144
-1.061704
-0.238332
0.445684
0.205638
0.401317
-0.196158
0.180974
0.307010
0.263171
0.155083
0.090829
0.120836
-0.161129
0.179531
0.335537
-1.004224
0.362051
0.280132
0.265019
-0.256105
0.312384
0.323794
-0.043266
0.008250
0.296407
0.275526
-0.960781
0.218266
0.193993
0.297153
-0.952834
0.086359
0.479026
-0.134865
-0.999737
0.155969
0.183337
0.262404
-0.103086
0.274921
-0.963568
0.304731
-0.064751
0.074930
-0.084189
0.331719
0.018673
0.251159
0.317058
-0.178820
-1.051992
0.143704
0.228210
0.280796
0.286804
0.568478
0.123992
-1.014970
0.077683
0.409394
0.160992
-1.148838
0.549368
-0.857254
0.362766
0.235605
-0.937983
0.153535
0.563006
0.274156
0.381290
0.230661
-1.029987
0.338728
-0.957602
0.445556
0.344416
-0.007516
0.357042
-0.873721
-0.283321
0.268638
0.253107
0.243830
0.307588
0.367075
0.188465
-0.130537
-1.048600
0.396910
0.147422
-0.963098
0.279620
0.066542
0.425233
-0.944890
-0.971975
0.164547
0.415694
0.326411
-0.128111
-1.009985
0.388518
0.475745
0.303095
0.190934
0.280011
0.083036
-0.170047
0.572637
-0.368783
0.116794
0.506343
0.310169
-0.958976
0.328721
-1.022482
-0.976940
0.382559
-0.110215
-0.952710
0.214279
0.208757
0.216280
-0.967408
-0.951625
-1.124226
0.105044
0.544916
-0.970869
-0.070241
0.018151
0.281397
-0.003170
0.310967
0.336938
0.205921
0.402849
0.202843
0.200381
0.328984
0.310010
-1.011292
-0.943128
0.195285
0.255074
0.412220
0.487091
-0.990059
0.363330
0.583838
-0.956955
0.261362
-0.965188
0.392747
-0.144697
0.140099
-0.949187
0.332109
0.178204
-0.927661
-0.951781
-0.127187
0.221980
0.423454
-1.053663
0.183952
0.350189
0.067304
0.088052
-0.961707
0.369108
0.133698
0.309939
-0.968199
-0.963569
0.381993
0.331230
-0.954016
0.472453
0.386014
0.283706
0.255143
-0.966475
-0.004091
0.117232
-0.974245
0.582709
0.334244
0.434000
0.313695
-0.597364
0.344217
0.243878
-0.007115
0.205303
0.115228
0.205770
0.449432
0.282909
0.149654
-0.955224
0.325750
0.404354
0.412245
-0.950636
0.616554
0.319616
0.108694
0.267879
-0.121069
0.223648
0.281228
-0.200870
0.213030
0.302494
-0.995277
0.394855
0.512846
0.402153
0.242396
0.055315
0.319772
