7.108763885498046875e+01
7.162681579589843750e+01
7.216599273681640625e+01
7.270516967773437500e+01
7.432270050048828125e+01
8.159918975830078125e+01
8.194954681396484375e+01
8.229989624023437500e+01
8.265025329589843750e+01
8.293053436279296875e+01
8.370131683349609375e+01
7.653189849853515625e+01
7.717248535156250000e+01
7.909425354003906250e+01
7.428211975097656250e+01
7.447291564941406250e+01
7.466371154785156250e+01
7.500714111328125000e+01
7.542689514160156250e+01
7.126026916503906250e+01
7.196436309814453125e+01
7.266845703125000000e+01
7.478073883056640625e+01
7.630557250976562500e+01
7.695475006103515625e+01
7.760392761230468750e+01
7.825311279296875000e+01
7.890229034423828125e+01
8.033048248291015625e+01
7.660326385498046875e+01
7.679743194580078125e+01
7.699160766601562500e+01
7.741033172607421875e+01
7.813446807861328125e+01
6.554973602294921875e+01
6.620116424560546875e+01
6.663545989990234375e+01
6.772118377685546875e+01
7.583209228515625000e+01
7.644035339355468750e+01
7.704861450195312500e+01
7.826514434814453125e+01
8.086862945556640625e+01
8.110075378417968750e+01
8.125550842285156250e+01
7.969832611083984375e+01
7.989252471923828125e+01
6.030954742431640625e+01
6.075991439819335938e+01
6.121028137207031250e+01
6.211102294921875000e+01
6.310182952880859375e+01
6.391249465942382812e+01
7.614784240722656250e+01
7.672005462646484375e+01
7.729225921630859375e+01
7.935221099853515625e+01
7.677442932128906250e+01
7.749542999267578125e+01
7.660771942138671875e+01
7.750736236572265625e+01
7.840701293945312500e+01
7.930665588378906250e+01
7.369315338134765625e+01
7.451229095458984375e+01
7.533142089843750000e+01
6.021430587768554688e+01
6.069527435302734375e+01
6.117624664306640625e+01
6.213818740844726562e+01
7.687802886962890625e+01
7.866371154785156250e+01
7.026112365722656250e+01
7.077329254150390625e+01
7.128546905517578125e+01
7.269394683837890625e+01
7.209894561767578125e+01
7.286377716064453125e+01
7.362860870361328125e+01
7.439344787597656250e+01
7.515827941894531250e+01
7.956697082519531250e+01
8.051266479492187500e+01
6.857852172851562500e+01
6.905402374267578125e+01
6.952951812744140625e+01
7.048052215576171875e+01
7.143152618408203125e+01
7.238253021240234375e+01
7.304740142822265625e+01
7.341670989990234375e+01
7.378602600097656250e+01
7.452465057373046875e+01
8.596558380126953125e+01
8.635750579833984375e+01
8.674942016601562500e+01
8.753325653076171875e+01
7.336624908447265625e+01
7.402765655517578125e+01
7.468905639648437500e+01
7.614414978027343750e+01
7.192469787597656250e+01
7.239446258544921875e+01
7.286422729492187500e+01
7.380376434326171875e+01
6.910510253906250000e+01
6.975566101074218750e+01
7.040621185302734375e+01
7.183742523193359375e+01
7.699762725830078125e+01
7.752023315429687500e+01
7.804283142089843750e+01
7.908804321289062500e+01
7.140700531005859375e+01
7.193457031250000000e+01
7.246213531494140625e+01
7.298970031738281250e+01
7.351726531982421875e+01
7.457239532470703125e+01
7.684461212158203125e+01
7.841531372070312500e+01
7.719815826416015625e+01
7.777004241943359375e+01
7.809683227539062500e+01
7.842362213134765625e+01
7.883210754394531250e+01
7.973078918457031250e+01
7.637236785888671875e+01
7.654529571533203125e+01
7.671823120117187500e+01
7.689116668701171875e+01
7.706409454345703125e+01
7.740996551513671875e+01
7.775582885742187500e+01
6.831928253173828125e+01
6.879205322265625000e+01
6.910722351074218750e+01
6.997396087646484375e+01
7.068310546875000000e+01
7.460398101806640625e+01
7.538476562500000000e+01
7.616554260253906250e+01
7.772709655761718750e+01
7.220729827880859375e+01
7.282144927978515625e+01
7.343560028076171875e+01
7.404975891113281250e+01
6.932039642333984375e+01
7.021666717529296875e+01
7.081418609619140625e+01
6.289494323730468750e+01
6.330588531494140625e+01
6.371682739257812500e+01
6.453871154785156250e+01
7.764224243164062500e+01
7.884062194824218750e+01
7.548544311523437500e+01
7.616511535644531250e+01
7.684479522705078125e+01
7.820414733886718750e+01
7.351368713378906250e+01
7.546526336669921875e+01
7.676631164550781250e+01
7.408788299560546875e+01
7.595629119873046875e+01
7.642339324951171875e+01
7.805825805664062500e+01
6.765808868408203125e+01
6.809612274169921875e+01
6.919120788574218750e+01
7.083382415771484375e+01
6.575648498535156250e+01
6.632070922851562500e+01
6.688492584228515625e+01
6.744915008544921875e+01
7.627282714843750000e+01
7.678353118896484375e+01
7.712400817871093750e+01
6.798155212402343750e+01
6.857987976074218750e+01
7.293574523925781250e+01
7.363509368896484375e+01
7.433443450927734375e+01
7.672646331787109375e+01
7.698289489746093750e+01
7.709278869628906250e+01
7.731258392333984375e+01
7.276218414306640625e+01
7.348032379150390625e+01
7.419845581054687500e+01
7.563472747802734375e+01
7.086787414550781250e+01
7.152952575683593750e+01
7.219118499755859375e+01
7.020527648925781250e+01
7.111769866943359375e+01
7.163908386230468750e+01
7.281218719482421875e+01
7.411563873291015625e+01
7.318568420410156250e+01
7.357271575927734375e+01
7.403714752197265625e+01
7.434677124023437500e+01
7.512083435058593750e+01
7.673458862304687500e+01
7.728125000000000000e+01
7.796459197998046875e+01
7.233604431152343750e+01
7.302722930908203125e+01
7.371840667724609375e+01
7.510076904296875000e+01
7.101760864257812500e+01
7.149643707275390625e+01
7.197526550292968750e+01
7.312445068359375000e+01
7.389057922363281250e+01
7.484823608398437500e+01
6.457211303710937500e+01
6.507625579833984375e+01
6.558039855957031250e+01
6.658867645263671875e+01
6.759696197509765625e+01
6.860524749755859375e+01
7.693978881835937500e+01
7.761229705810546875e+01
7.828480529785156250e+01
7.962982177734375000e+01
7.781439208984375000e+01
7.847299957275390625e+01
7.913161468505859375e+01
8.058055877685546875e+01
7.549299621582031250e+01
7.568429565429687500e+01
7.587559509277343750e+01
7.155436706542968750e+01
7.217633056640625000e+01
7.279828643798828125e+01
7.273001098632812500e+01
7.333705139160156250e+01
7.394409942626953125e+01
7.515818786621093750e+01
7.315823364257812500e+01
7.383124542236328125e+01
7.450425720214843750e+01
7.585028076171875000e+01
7.410879516601562500e+01
7.430162048339843750e+01
7.449444580078125000e+01
7.468726348876953125e+01
7.488008880615234375e+01
7.907407379150390625e+01
7.961917877197265625e+01
8.027329254150390625e+01
8.125447082519531250e+01
7.360506439208984375e+01
7.441231536865234375e+01
7.521956634521484375e+01
7.683406829833984375e+01
6.907962799072265625e+01
6.951654052734375000e+01
7.047776031494140625e+01
6.768178558349609375e+01
6.786576843261718750e+01
6.804975891113281250e+01
6.823374938964843750e+01
6.838093566894531250e+01
6.878571319580078125e+01
7.928768920898437500e+01
7.987208557128906250e+01
7.271987152099609375e+01
7.332048034667968750e+01
7.392108917236328125e+01
7.512230682373046875e+01
6.622997283935546875e+01
6.687999725341796875e+01
6.753002166748046875e+01
6.883007812500000000e+01
6.560963439941406250e+01
6.606065368652343750e+01
6.651168060302734375e+01
6.741372680664062500e+01
7.810000610351562500e+01
7.875822448730468750e+01
7.941643524169921875e+01
8.073286437988281250e+01
6.799864196777343750e+01
6.818940734863281250e+01
6.838017272949218750e+01
6.876169586181640625e+01
7.305359649658203125e+01
7.373172760009765625e+01
7.440985870361328125e+01
7.508798980712890625e+01
8.672467803955078125e+01
8.719332885742187500e+01
8.766197967529296875e+01
8.859928131103515625e+01
7.865866851806640625e+01
7.919757843017578125e+01
7.973648071289062500e+01
8.081428527832031250e+01
6.537406921386718750e+01
6.583370208740234375e+01
6.629332733154296875e+01
6.721258544921875000e+01
6.813184356689453125e+01
6.905110168457031250e+01
7.650189208984375000e+01
7.733790588378906250e+01
5.887793731689453125e+01
5.989678573608398438e+01
6.091563415527343750e+01
6.193448257446289062e+01
7.693116760253906250e+01
7.757392120361328125e+01
7.821668243408203125e+01
7.852619171142578125e+01
7.921273040771484375e+01
7.989926910400390625e+01
8.127235412597656250e+01
7.255375671386718750e+01
7.297188568115234375e+01
7.339000701904296875e+01
7.422626495361328125e+01
7.506252288818359375e+01
8.249865722656250000e+01
8.270819854736328125e+01
8.284789276123046875e+01
7.251600646972656250e+01
7.320872497558593750e+01
7.390145111083984375e+01
7.436326599121093750e+01
7.494053649902343750e+01
6.994055175781250000e+01
7.056872558593750000e+01
7.119689941406250000e+01
7.182507324218750000e+01
7.245324707031250000e+01
8.104299163818359375e+01
8.170508575439453125e+01
8.236717987060546875e+01
8.382379150390625000e+01
7.708243560791015625e+01
7.774851226806640625e+01
7.841459655761718750e+01
7.908067321777343750e+01
7.664162445068359375e+01
7.752441406250000000e+01
7.804607391357421875e+01
7.861207580566406250e+01
7.917808532714843750e+01
8.031008911132812500e+01
7.621301269531250000e+01
7.639421844482421875e+01
7.661166381835937500e+01
7.693784332275390625e+01
7.730025482177734375e+01
6.907216644287109375e+01
6.961255645751953125e+01
7.015294647216796875e+01
7.069333648681640625e+01
7.123372650146484375e+01
7.263874053955078125e+01
6.619950103759765625e+01
6.695245361328125000e+01
6.770540618896484375e+01
6.822216033935546875e+01
6.880950164794921875e+01
6.939683532714843750e+01
7.057151031494140625e+01
8.126664733886718750e+01
8.142514801025390625e+01
8.158365631103515625e+01
8.190065765380859375e+01
8.221766662597656250e+01
7.607624816894531250e+01
7.694232940673828125e+01
7.780841064453125000e+01
6.882435607910156250e+01
6.903651428222656250e+01
6.924868011474609375e+01
6.946084594726562500e+01
7.612606048583984375e+01
7.799455261230468750e+01
7.900066375732421875e+01
7.086068725585937500e+01
7.149353027343750000e+01
7.212636566162109375e+01
7.808066558837890625e+01
7.827637481689453125e+01
7.847207641601562500e+01
7.886349487304687500e+01
7.565854644775390625e+01
7.624151611328125000e+01
7.682449340820312500e+01
7.799044036865234375e+01
7.549326324462890625e+01
7.637123107910156250e+01
7.420556640625000000e+01
7.486328125000000000e+01
7.552098846435546875e+01
7.683641052246093750e+01
6.821517181396484375e+01
6.894725799560546875e+01
6.967934417724609375e+01
7.041143035888671875e+01
7.143634033203125000e+01
7.304692840576171875e+01
7.576932525634765625e+01
7.639904022216796875e+01
7.702875518798828125e+01
7.841413116455078125e+01
8.104627990722656250e+01
8.122478485107421875e+01
8.143899536132812500e+01
8.176029968261718750e+01
6.625172424316406250e+01
6.695330810546875000e+01
6.765488433837890625e+01
7.649029541015625000e+01
7.668220520019531250e+01
7.955104064941406250e+01
8.033171844482421875e+01
8.111239624023437500e+01
8.267375183105468750e+01
7.645046234130859375e+01
7.715604400634765625e+01
7.786162567138671875e+01
7.239770507812500000e+01
7.289395904541015625e+01
7.339022064208984375e+01
7.388647460937500000e+01
7.438272857666015625e+01
7.537524414062500000e+01
7.696231079101562500e+01
7.839141082763671875e+01
6.806562805175781250e+01
6.827433013916015625e+01
6.848302459716796875e+01
6.890042114257812500e+01
6.931781768798828125e+01
6.704608154296875000e+01
6.734738922119140625e+01
6.779935455322265625e+01
6.862796783447265625e+01
7.500737762451171875e+01
7.631555938720703125e+01
7.762374114990234375e+01
7.495699310302734375e+01
7.560100555419921875e+01
7.624501800537109375e+01
7.579985046386718750e+01
7.784165191650390625e+01
7.117654418945312500e+01
7.185661315917968750e+01
7.389682006835937500e+01
7.698514556884765625e+01
7.770689392089843750e+01
7.842864990234375000e+01
6.888218688964843750e+01
6.948588562011718750e+01
7.008958435058593750e+01
7.081401824951171875e+01
7.129697418212890625e+01
7.250437164306640625e+01
8.500634765625000000e+01
8.544515991210937500e+01
8.588397216796875000e+01
7.943379974365234375e+01
7.964405822753906250e+01
7.978423309326171875e+01
8.013465881347656250e+01
7.476299285888671875e+01
7.550659942626953125e+01
7.625021362304687500e+01
7.788615417480468750e+01
7.310853576660156250e+01
7.368795776367187500e+01
7.426737976074218750e+01
7.583340454101562500e+01
7.602426147460937500e+01
7.621511840820312500e+01
6.605057525634765625e+01
6.671188354492187500e+01
6.737319946289062500e+01
6.869583129882812500e+01
7.487044525146484375e+01
7.540484619140625000e+01
7.593925476074218750e+01
7.711493682861328125e+01
7.416328430175781250e+01
7.492826080322265625e+01
7.569322967529296875e+01
7.726443481445312500e+01
7.745879364013671875e+01
7.765316009521484375e+01
8.068964385986328125e+01
8.087881469726562500e+01
7.491716766357421875e+01
7.550659942626953125e+01
7.609602355957031250e+01
7.739276885986328125e+01
7.217643737792968750e+01
7.293415069580078125e+01
7.369185638427734375e+01
7.520728302001953125e+01
7.886374664306640625e+01
7.955673980712890625e+01
8.024973297119140625e+01
8.163571929931640625e+01
7.830249786376953125e+01
7.883035278320312500e+01
7.918225860595703125e+01
8.014998626708984375e+01
7.697023773193359375e+01
7.718877410888671875e+01
7.755299377441406250e+01
7.791722106933593750e+01
7.374798583984375000e+01
7.448538208007812500e+01
7.522277832031250000e+01
7.669757080078125000e+01
7.499386596679687500e+01
7.579846954345703125e+01
7.676399230957031250e+01
7.375475311279296875e+01
7.443177032470703125e+01
7.510879516601562500e+01
7.673364257812500000e+01
8.064772033691406250e+01
8.125291442871093750e+01
8.185810089111328125e+01
8.306848144531250000e+01
7.573360443115234375e+01
7.639517974853515625e+01
7.705675506591796875e+01
7.484718322753906250e+01
7.539047241210937500e+01
7.593376922607421875e+01
7.702034759521484375e+01
6.743981933593750000e+01
6.786163330078125000e+01
6.828343963623046875e+01
6.870525360107421875e+01
6.912706756591796875e+01
6.997069549560546875e+01
6.970006561279296875e+01
7.058654022216796875e+01
7.890653228759765625e+01
7.925231933593750000e+01
7.959810638427734375e+01
7.994389343261718750e+01
7.505444335937500000e+01
7.561638641357421875e+01
7.617832946777343750e+01
7.674027252197265625e+01
7.525180816650390625e+01
7.608141326904296875e+01
7.753326416015625000e+01
7.821509552001953125e+01
7.889692687988281250e+01
8.039694213867187500e+01
7.714031982421875000e+01
7.733196258544921875e+01
7.752360534667968750e+01
7.742670440673828125e+01
7.812129974365234375e+01
7.881589508056640625e+01
8.020507812500000000e+01
7.652295684814453125e+01
7.670280456542968750e+01
7.688265228271484375e+01
7.706250762939453125e+01
7.724235534667968750e+01
7.760205841064453125e+01
7.591445922851562500e+01
7.614033508300781250e+01
7.632856750488281250e+01
7.659209442138671875e+01
7.681797027587890625e+01
7.522547912597656250e+01
7.595848846435546875e+01
7.669150543212890625e+01
6.885196685791015625e+01
6.929978942871093750e+01
6.974760437011718750e+01
7.019542694091796875e+01
7.764182281494140625e+01
7.783467102050781250e+01
7.802751922607421875e+01
7.482430267333984375e+01
7.544378662109375000e+01
7.606327056884765625e+01
7.730223846435546875e+01
7.085839080810546875e+01
7.147446441650390625e+01
7.209053802490234375e+01
7.332268524169921875e+01
7.637498474121093750e+01
7.711986541748046875e+01
7.761643981933593750e+01
7.885788726806640625e+01
7.619348907470703125e+01
7.638352203369140625e+01
7.548614501953125000e+01
7.567919921875000000e+01
7.996680450439453125e+01
8.012925720214843750e+01
8.029170227050781250e+01
8.061660766601562500e+01
8.094151306152343750e+01
6.860784912109375000e+01
6.916323089599609375e+01
6.971861267089843750e+01
7.082936859130859375e+01
7.738810729980468750e+01
7.825033569335937500e+01
7.841275024414062500e+01
7.879150390625000000e+01
6.645471191406250000e+01
6.692079925537109375e+01
6.738688659667968750e+01
6.785296630859375000e+01
6.831905364990234375e+01
8.042282867431640625e+01
8.093199157714843750e+01
8.144114685058593750e+01
8.245946502685546875e+01
7.645888519287109375e+01
7.712137603759765625e+01
7.778386688232421875e+01
6.898960876464843750e+01
6.938834381103515625e+01
6.988676452636718750e+01
7.038517761230468750e+01
7.138201904296875000e+01
7.616285705566406250e+01
7.684523010253906250e+01
7.369300842285156250e+01
7.439333343505859375e+01
7.509365844726562500e+01
7.579398345947265625e+01
7.649430847167968750e+01
7.716275024414062500e+01
7.777707672119140625e+01
7.839140319824218750e+01
7.327677154541015625e+01
7.402481079101562500e+01
7.343150329589843750e+01
7.404393768310546875e+01
7.465637969970703125e+01
7.588126373291015625e+01
7.434635162353515625e+01
7.495729064941406250e+01
7.569040679931640625e+01
7.691227722167968750e+01
6.994500732421875000e+01
7.050083923339843750e+01
7.133456420898437500e+01
7.792836761474609375e+01
7.861008453369140625e+01
7.929180908203125000e+01
8.065524291992187500e+01
8.042729949951171875e+01
8.060917663574218750e+01
8.097292327880859375e+01
8.133666992187500000e+01
8.259508514404296875e+01
8.275084686279296875e+01
8.302342987060546875e+01
8.352966308593750000e+01
7.909892272949218750e+01
7.970674896240234375e+01
8.031457519531250000e+01
8.153023529052734375e+01
7.783188629150390625e+01
7.834811401367187500e+01
7.912244415283203125e+01
8.028394317626953125e+01
7.407572937011718750e+01
7.513284301757812500e+01
7.588793182373046875e+01
7.510805511474609375e+01
7.592184448242187500e+01
7.673563385009765625e+01
7.726821136474609375e+01
7.741682434082031250e+01
7.763976287841796875e+01
7.801131439208984375e+01
7.375656890869140625e+01
7.447562408447265625e+01
7.533850097656250000e+01
7.663279724121093750e+01
7.786455535888671875e+01
7.876100921630859375e+01
7.564292907714843750e+01
7.602699279785156250e+01
7.248884582519531250e+01
7.378754425048828125e+01
7.443688964843750000e+01
7.508624267578125000e+01
7.638493347167968750e+01
7.756426239013671875e+01
7.775471496582031250e+01
7.516790008544921875e+01
7.590841674804687500e+01
7.664894104003906250e+01
7.812998199462890625e+01
6.875272369384765625e+01
6.918536376953125000e+01
7.048329162597656250e+01
7.222724151611328125e+01
7.280243682861328125e+01
7.337762451171875000e+01
7.464305114746093750e+01
7.619786834716796875e+01
7.639139556884765625e+01
7.845426177978515625e+01
7.915121459960937500e+01
7.998755645751953125e+01
8.124207305908203125e+01
7.026938629150390625e+01
7.158396148681640625e+01
7.265952301025390625e+01
7.206340026855468750e+01
7.226113891601562500e+01
7.245888519287109375e+01
7.269616699218750000e+01
7.332893371582031250e+01
7.494485473632812500e+01
7.509927368164062500e+01
7.533090972900390625e+01
7.019517517089843750e+01
7.081157684326171875e+01
7.225702667236328125e+01
7.288130187988281250e+01
7.350557708740234375e+01
7.412984466552734375e+01
7.475411987304687500e+01
7.600267028808593750e+01
7.486246490478515625e+01
7.562607574462890625e+01
7.638968658447265625e+01
7.791691589355468750e+01
7.986400604248046875e+01
8.003833770751953125e+01
8.021266937255859375e+01
8.056132507324218750e+01
7.399694824218750000e+01
7.459793090820312500e+01
7.519890594482421875e+01
7.696755981445312500e+01
7.767722320556640625e+01
7.852882385253906250e+01
7.293758392333984375e+01
7.400720214843750000e+01
7.454201507568359375e+01
7.507682800292968750e+01
7.614644622802734375e+01
7.614558410644531250e+01
7.669160461425781250e+01
7.723762512207031250e+01
7.723860168457031250e+01
7.742971801757812500e+01
7.544619750976562500e+01
7.616941833496093750e+01
7.689263916015625000e+01
7.761586761474609375e+01
7.032446289062500000e+01
7.089598846435546875e+01
7.146751403808593750e+01
7.203903961181640625e+01
7.261055755615234375e+01
7.386791229248046875e+01
6.344149017333984375e+01
6.412316131591796875e+01
6.480483245849609375e+01
8.010957336425781250e+01
8.029946136474609375e+01
7.696104431152343750e+01
7.715180206298828125e+01
7.738072204589843750e+01
7.772409820556640625e+01
7.292091369628906250e+01
7.365351104736328125e+01
7.438611602783203125e+01
8.061711120605468750e+01
8.131344604492187500e+01
8.200978851318359375e+01
7.519454956054687500e+01
7.538714599609375000e+01
7.213779449462890625e+01
7.293975830078125000e+01
7.374171447753906250e+01
7.901532745361328125e+01
7.975087738037109375e+01
8.048643493652343750e+01
7.700991821289062500e+01
7.767393493652343750e+01
7.833795928955078125e+01
7.979880523681640625e+01
7.006954193115234375e+01
7.071486663818359375e+01
7.136018371582031250e+01
7.265083312988281250e+01
7.824869537353515625e+01
7.843890380859375000e+01
7.862911987304687500e+01
7.899705505371093750e+01
7.949501800537109375e+01
7.999297332763671875e+01
6.484774780273437500e+01
6.540994262695312500e+01
6.608456420898437500e+01
6.709651184082031250e+01
6.822089385986328125e+01
7.686048889160156250e+01
7.704923248291015625e+01
7.723796844482421875e+01
7.761544799804687500e+01
7.419787597656250000e+01
7.509331512451171875e+01
7.171724700927734375e+01
7.241568756103515625e+01
7.311412811279296875e+01
7.401016998291015625e+01
7.478187561035156250e+01
7.207534027099609375e+01
7.275957489013671875e+01
7.358065795898437500e+01
7.494912719726562500e+01
8.524256134033203125e+01
8.584784698486328125e+01
7.628243255615234375e+01
7.698786926269531250e+01
7.783441162109375000e+01
7.910420227050781250e+01
7.490525817871093750e+01
7.554335021972656250e+01
7.618144989013671875e+01
7.269397735595703125e+01
7.319042968750000000e+01
7.368688964843750000e+01
7.418334197998046875e+01
7.753861999511718750e+01
7.815256500244140625e+01
7.876651763916015625e+01
7.999441528320312500e+01
7.701758575439453125e+01
7.769086456298828125e+01
7.813971710205078125e+01
7.926184082031250000e+01
7.470273590087890625e+01
7.531697082519531250e+01
7.593120574951171875e+01
7.715967559814453125e+01
7.617611694335937500e+01
7.695983123779296875e+01
7.491015625000000000e+01
7.557364654541015625e+01
7.623713684082031250e+01
7.756412506103515625e+01
7.245337677001953125e+01
7.303409576416015625e+01
7.361481475830078125e+01
7.477624511718750000e+01
7.801124572753906250e+01
7.820360565185546875e+01
7.543060302734375000e+01
7.612313842773437500e+01
7.681566619873046875e+01
7.820073699951171875e+01
7.275547027587890625e+01
7.335480499267578125e+01
7.410397338867187500e+01
6.919050598144531250e+01
6.994560241699218750e+01
7.070070648193359375e+01
7.298931884765625000e+01
7.337581634521484375e+01
7.356906127929687500e+01
7.376231384277343750e+01
6.997321319580078125e+01
7.089947509765625000e+01
7.953099822998046875e+01
8.035696411132812500e+01
8.090760040283203125e+01
8.228419494628906250e+01
7.580084991455078125e+01
7.635826110839843750e+01
7.691567230224609375e+01
7.803049468994140625e+01
8.465222930908203125e+01
8.530582427978515625e+01
8.595941925048828125e+01
8.726660919189453125e+01
7.692236328125000000e+01
7.736534881591796875e+01
7.780833435058593750e+01
7.103857421875000000e+01
7.166389465332031250e+01
7.228920745849609375e+01
7.353984069824218750e+01
7.285751342773437500e+01
7.351988983154296875e+01
7.418226623535156250e+01
7.497711944580078125e+01
7.563949584960937500e+01
7.696425628662109375e+01
7.801326751708984375e+01
7.842227935791015625e+01
7.883129119873046875e+01
7.964930725097656250e+01
7.913229370117187500e+01
7.975100708007812500e+01
8.036971282958984375e+01
7.747963714599609375e+01
7.815625000000000000e+01
8.018609619140625000e+01
7.074218750000000000e+01
7.092699432373046875e+01
7.111180877685546875e+01
8.032056427001953125e+01
8.106265258789062500e+01
7.248291778564453125e+01
7.331793212890625000e+01
7.415295410156250000e+01
7.418410491943359375e+01
7.508112335205078125e+01
7.657616424560546875e+01
6.843841552734375000e+01
6.907556915283203125e+01
6.971271514892578125e+01
7.034986877441406250e+01
7.098701477050781250e+01
7.347390747070312500e+01
7.400234222412109375e+01
7.453077697753906250e+01
7.558765411376953125e+01
7.994271087646484375e+01
8.063111877441406250e+01
8.269634246826171875e+01
