58.877947
59.027301
59.176654
59.326007
59.475361
59.624714
59.774068
59.923421
60.072774
60.222128
60.371481
60.520835
60.670188
60.819541
60.968895
61.118248
61.267602
61.416955
61.566308
61.715662
61.865015
62.014368
62.163722
62.313075
62.462429
62.611782
62.761135
62.910489
63.059842
63.209196
63.358549
63.507902
63.657256
63.806609
63.955962
64.105316
64.254669
64.404023
64.553376
64.702729
64.852083
65.001436
65.150790
65.300143
65.449496
65.598850
65.748203
65.897557
66.046910
66.196263
66.345617
66.494970
66.644323
66.793677
66.943030
67.092384
67.241737
67.391090
67.540444
67.689797
67.839151
67.988504
68.137857
68.287211
68.436564
68.585917
68.735271
68.884624
69.033978
69.183331
69.332684
69.482038
69.631391
69.780745
69.930098
70.079451
70.228805
70.378158
70.527511
70.676865
70.826218
70.975572
71.124925
71.274278
71.423632
71.572985
71.722339
71.871692
72.021045
72.170399
72.319752
72.469106
72.618459
72.767812
72.917166
73.066519
73.215872
73.365226
73.514579
73.663933
73.813286
73.962639
74.111993
74.261346
74.410700
74.560053
74.709406
74.858760
75.008113
75.157466
75.306820
75.456173
75.605527
75.754880
75.904233
76.053587
76.202940
76.352294
76.501647
76.651000
76.800354
76.949707
77.099061
77.248414
77.397767
77.547121
77.696474
77.845827
77.995181
78.144534
78.293888
78.443241
78.592594
78.741948
78.891301
79.040655
79.190008
79.339361
79.488715
79.638068
79.787421
79.936775
80.086128
80.235482
80.384835
80.534188
80.683542
80.832895
80.982249
81.131602
81.280955
81.430309
81.579662
81.729016
81.878369
82.027722
82.177076
82.326429
82.475782
82.625136
82.774489
82.923843
83.073196
83.222549
83.371903
83.521256
83.670610
83.819963
83.969316
84.118670
84.268023
84.417376
84.566730
84.716083
84.865437
85.014790
85.164143
85.313497
85.462850
85.612204
85.761557
85.910910
86.060264
86.209617
86.358971
86.508324
86.657677
86.807031
86.956384
87.105737
87.255091
87.404444
87.553798
87.703151
87.852504
88.001858
88.151211
88.300565
88.449918
88.599271
