0.038242
-0.472261
0.454827
0.006559
1.931824
-0.022314
-0.636967
0.540630
0.893265
-0.028801
-0.344262
1.163792
0.226561
-0.659526
-0.084961
0.665010
0.029051
1.429447
-0.001158
0.166758
-0.134955
0.283312
-0.647916
-0.340633
-0.700154
-0.795801
1.084538
2.207469
0.683406
0.005079
-0.294195
-0.804028
0.208007
-0.045910
-0.404763
-0.047256
0.101235
1.773157
-0.966497
-0.282834
-0.044582
-0.248995
0.870039
1.501761
0.144595
0.626454
0.021361
0.131276
0.014919
-0.865419
-0.064999
1.074149
0.908351
0.396932
0.014360
-0.081573
-0.472087
-0.929496
0.116195
0.888704
-0.025433
0.414656
0.024255
-0.172859
1.085820
1.199841
0.055407
-0.706155
-0.036388
-0.051207
1.952755
-0.327618
1.384890
0.219054
-0.521096
-0.566630
0.111197
0.004329
1.437303
-0.814977
-0.052374
-0.029820
-0.731554
-0.054579
-0.024893
-2.408117
-0.231494
0.201712
-0.595520
0.208639
0.027038
0.284484
0.564243
-0.062915
-0.148976
0.081655
-0.404144
0.029284
-2.030403
0.005921
-0.236074
-0.647340
-0.067158
1.252336
1.495024
0.238611
-1.891640
-0.403249
0.172100
0.047468
-0.820858
1.028307
0.020318
0.274371
0.061876
0.063393
1.744988
-1.631455
-0.279207
-1.459611
-0.175643
-0.020935
-0.594386
-1.243598
0.037371
-0.023806
-0.079240
-0.443203
-0.560583
0.072347
-0.041953
-0.398021
-0.103197
0.845211
-0.006059
0.006409
0.514613
-0.449664
0.394359
-1.662799
-0.108029
0.447611
0.073785
-0.997719
0.088039
-0.128011
0.631784
-1.417313
-0.069330
0.080563
-0.463097
-0.010346
-0.837222
-1.160616
-0.004337
-0.053661
-0.119718
0.736431
0.461345
-0.073490
-1.147160
2.139665
0.522074
-0.276854
1.245739
1.480259
-0.161820
-1.479946
-0.342708
-0.626996
0.045780
0.103815
2.227946
0.040297
-1.146596
-1.223246
0.137491
-0.104358
-0.194885
0.227983
1.137338
1.906700
-1.186311
0.197888
-0.703267
0.324526
0.084672
0.007146
0.027891
-0.701209
-0.156599
0.046219
0.506493
-0.300412
0.056035
-0.002714
0.015275
0.042260
-0.474099
-0.860733
-0.000177
-1.499182
-2.267314
-0.387963
-0.033312
1.046852
-1.006356
-0.292855
1.622639
-0.686355
0.023193
-0.473995
-1.349369
-0.972982
1.220280
-0.150813
-0.064959
0.103350
-0.017794
-0.264589
1.864677
1.635225
-0.322527
0.521867
0.020741
-0.341252
-1.436660
-1.090239
0.444550
-0.084636
-0.074424
-0.624899
1.314559
-0.348533
0.074659
-0.210958
2.593100
0.052266
0.199023
-0.507015
0.060971
-1.756784
-0.182242
1.594180
0.452821
-1.622594
-1.438999
0.354351
0.099961
-1.574222
1.326943
-0.040161
0.942532
1.250432
-1.455318
