0.390229 0.327698
0.411773 0.342187
0.433311 0.356313
0.454802 0.370055
0.517827 0.408096
0.698534 0.722981
0.708229 0.721019
0.718784 0.718924
0.728435 0.716933
0.735885 0.715366
0.756436 0.710997
0.723312 0.193901
0.738969 0.213507
0.780329 0.265694
0.503243 0.435045
0.510691 0.438848
0.518046 0.442526
0.531228 0.449011
0.546999 0.456498
0.663582 -0.247105
0.697618 -0.230189
0.730600 -0.211710
0.819340 -0.149996
0.569686 0.492704
0.593061 0.501153
0.615612 0.508811
0.637218 0.515691
0.658059 0.521939
0.701192 0.533605
0.511564 0.806592
0.521375 0.805336
0.530815 0.804030
0.762588 0.184685
0.778195 0.205533
0.354673 -0.184693
0.378944 -0.182112
0.396169 -0.179814
0.441558 -0.171695
0.549918 0.491034
0.572577 0.499328
0.594462 0.506849
0.635983 0.519928
0.677739 0.683117
0.685230 0.682220
0.689548 0.681663
0.892304 0.082337
0.895166 0.086375
0.118900 0.007797
0.129090 0.010647
0.139612 0.013709
0.161546 0.020451
0.187173 0.028855
0.209534 0.036568
0.487392 0.815952
0.518270 0.812314
0.547387 0.808026
0.633837 0.791034
0.568751 0.543265
0.595462 0.549346
0.766534 0.115538
0.787346 0.143217
0.806003 0.169147
0.822826 0.192835
0.489666 0.402272
0.521275 0.420147
0.551815 0.436487
0.229889 -0.265666
0.241327 -0.266923
0.253106 -0.268039
0.277825 -0.269784
0.596752 0.485025
0.655682 0.506687
0.415463 0.186408
0.436101 0.199734
0.456629 0.213590
0.511489 0.253554
0.350810 0.516922
0.385749 0.532310
0.420786 0.545121
0.455484 0.555632
0.489169 0.564122
0.752036 0.357295
0.772903 0.375807
0.004998 0.656863
0.025799 0.678607
0.048916 0.699640
0.102183 0.738391
0.163442 0.770489
0.230567 0.794313
0.330913 0.677409
0.351630 0.682068
0.371936 0.685818
0.412356 0.691175
0.817269 0.750217
0.826876 0.747220
0.834603 0.744620
0.851657 0.738975
0.292672 0.851537
0.346375 0.856647
0.397725 0.857840
0.496450 0.851158
0.653862 -0.131555
0.674864 -0.118537
0.695066 -0.104852
0.732683 -0.076018
0.564337 -0.307688
0.596248 -0.297486
0.628823 -0.285579
0.699652 -0.254026
0.779010 0.122000
0.790618 0.137653
0.801582 0.152811
0.821643 0.181132
0.386708 0.368963
0.408104 0.382669
0.429572 0.395827
0.450997 0.408374
0.472267 0.420274
0.513959 0.442067
0.531326 0.671161
0.595204 0.669365
0.555671 0.844045
0.583640 0.838589
0.598981 0.835293
0.612212 0.832287
0.629510 0.828168
0.661765 0.819867
0.649903 0.326231
0.654850 0.330641
0.659877 0.335144
0.664698 0.339444
0.669441 0.343614
0.678969 0.351989
0.688233 0.359963
0.243300 0.328858
0.259846 0.343472
0.271224 0.353137
0.303991 0.379181
0.332061 0.399420
0.407495 0.723748
0.449883 0.725419
0.489541 0.724938
0.560561 0.720100
0.394585 0.439917
0.420525 0.453723
0.446518 0.466400
0.472162 0.477851
0.350733 0.220395
0.385635 0.243531
0.409364 0.259551
0.310474 -0.306672
0.322346 -0.306864
0.334616 -0.306862
0.361134 -0.306213
0.599692 0.870458
0.652715 0.857194
0.470460 0.663127
0.502242 0.664684
0.532719 0.665222
0.587990 0.664280
0.450878 0.465488
0.530453 0.498185
0.579725 0.514748
0.408282 0.633831
0.498126 0.644937
0.519069 0.646143
0.586471 0.647488
0.437074 -0.167279
0.456531 -0.162894
0.506857 -0.148616
0.585016 -0.116793
0.395003 -0.275932
0.417110 -0.273551
0.440345 -0.270338
0.464476 -0.266209
0.625548 0.367544
0.641035 0.379160
0.651145 0.386641
0.425845 -0.100175
0.452352 -0.092788
0.456235 0.391724
0.484050 0.407971
0.511295 0.423102
0.634940 0.387209
0.642693 0.392705
0.645927 0.394997
0.652404 0.399479
0.446305 0.393667
0.475095 0.410400
0.503404 0.425958
0.557695 0.453397
0.079607 0.802326
0.131371 0.827078
0.187141 0.846907
0.303323 0.404117
0.340340 0.429559
0.362233 0.443024
0.412347 0.469889
0.468016 0.494323
0.707310 -0.093481
0.722926 -0.081382
0.740497 -0.066778
0.751227 -0.057299
0.777297 -0.032399
0.804588 0.053121
0.817248 0.069491
0.832200 0.089760
0.574573 0.087006
0.600981 0.108507
0.625747 0.130905
0.669950 0.176172
0.375642 0.349358
0.394869 0.362175
0.414219 0.374640
0.460627 0.402777
0.491106 0.419939
0.528155 0.439431
0.118682 0.242215
0.130836 0.256832
0.143559 0.272005
0.170952 0.303757
0.201272 0.336648
0.234885 0.369746
0.524176 0.750024
0.555037 0.746646
0.583000 0.742926
0.634210 0.734830
0.602690 0.862211
0.630984 0.855344
0.657947 0.848235
0.707313 0.833798
0.590350 0.370319
0.596646 0.374771
0.602876 0.379163
0.620055 -0.103267
0.647664 -0.086399
0.674166 -0.068104
0.426499 0.431264
0.451691 0.444507
0.476616 0.456682
0.525130 0.478083
0.610353 0.103515
0.634388 0.125640
0.656396 0.147727
0.695849 0.191458
0.503820 0.415792
0.511254 0.419902
0.518655 0.423932
0.525961 0.427845
0.533217 0.431687
0.634311 0.608562
0.652747 0.609506
0.673910 0.610390
0.704035 0.611274
0.725170 -0.082464
0.754769 -0.057153
0.781787 -0.031070
0.826512 0.019077
0.525663 -0.209359
0.546617 -0.202584
0.593227 -0.184670
0.270343 0.220272
0.276735 0.224919
0.283176 0.229589
0.289694 0.234308
0.294984 0.238118
0.309727 0.248701
0.635503 0.802846
0.656496 0.797747
0.421128 0.441360
0.446254 0.454182
0.471200 0.465958
0.519796 0.486482
0.175399 0.269062
0.194321 0.288735
0.214471 0.308887
0.258473 0.349512
0.404477 -0.319012
0.421684 -0.317199
0.439664 -0.314905
0.478243 -0.308540
0.580469 0.685515
0.605577 0.683689
0.629537 0.681652
0.673837 0.677250
0.484164 -0.247556
0.492959 -0.245541
0.502031 -0.243345
0.519970 -0.238619
0.545632 0.222653
0.569931 0.243150
0.593020 0.263475
0.614877 0.283312
0.829671 0.705971
0.840330 0.703097
0.850767 0.700206
0.871292 0.694332
0.600654 0.771233
0.621059 0.767314
0.640620 0.763330
0.676926 0.755466
0.218083 0.127077
0.232163 0.135462
0.246750 0.144213
0.277469 0.162850
0.310241 0.183046
0.344708 0.204760
0.585262 0.475582
0.614139 0.487371
0.200346 -0.262462
0.223061 -0.265719
0.247056 -0.268394
0.272645 -0.270397
0.543014 0.848880
0.576284 0.842676
0.604297 0.836654
0.638955 0.536967
0.661091 0.542192
0.682408 0.546868
0.722400 0.554609
0.417142 0.431389
0.434599 0.440756
0.451999 0.449628
0.486362 0.465849
0.519842 0.480179
0.736687 0.781936
0.741881 0.780399
0.746643 0.779051
0.404308 0.453864
0.433814 0.468515
0.463074 0.481609
0.482389 0.489546
0.506028 0.498586
0.313406 0.357895
0.338046 0.375751
0.363392 0.392897
0.389170 0.409129
0.415242 0.424378
1.008167 0.916319
1.021397 0.909258
1.035376 0.901594
1.056975 0.889032
0.549948 0.637379
0.576555 0.638157
0.602098 0.638480
0.626561 0.638465
0.655621 0.337293
0.680119 0.358498
0.577306 0.784250
0.600740 0.779942
0.622123 0.775669
0.662248 0.766950
0.645604 0.321768
0.650764 0.326399
0.656963 0.331963
0.666257 0.340253
0.676105 0.348896
0.306735 0.283058
0.327027 0.298082
0.347826 0.313090
0.369026 0.327983
0.390531 0.342660
0.446965 0.379088
0.296051 0.028706
0.323152 0.037892
0.351761 0.048418
0.427808 -0.076448
0.453908 -0.068406
0.480374 -0.058922
0.533928 -0.035111
0.720463 0.559719
0.724948 0.560447
0.729380 0.561125
0.738080 0.562433
0.746508 0.563598
0.524586 0.581863
0.559646 0.587182
0.592935 0.591317
0.323189 0.225654
0.331144 0.231034
0.339173 0.236475
0.347278 0.241973
0.487763 0.724726
0.571789 0.718713
0.611273 0.714065
0.376795 0.330355
0.402041 0.347400
0.427468 0.363980
0.824656 0.955893
0.833306 0.952685
0.841630 0.949510
0.859971 0.942338
0.555356 0.460977
0.576567 0.470450
0.597049 0.479134
0.636097 0.494540
0.479414 0.635341
0.519040 0.638533
0.363353 0.815552
0.408671 0.816648
0.450182 0.815310
0.524173 0.807996
0.228916 0.344465
0.254499 0.367792
0.281723 0.390481
0.310432 0.412104
0.352659 0.439942
0.421526 0.476662
0.813022 -0.041539
0.830872 -0.022118
0.847172 -0.003166
0.877817 0.035730
0.941750 0.059380
0.944651 0.063421
0.947354 0.067147
0.951238 0.072359
0.286054 0.056432
0.310918 0.066156
0.337103 0.077001
0.698248 0.980600
0.712037 0.976850
0.631650 0.711019
0.658545 0.707158
0.683711 0.703299
0.729425 0.695734
0.640339 0.352526
0.660841 0.369078
0.680461 0.384429
0.446909 0.353427
0.466537 0.366067
0.485989 0.378334
0.505119 0.390096
0.523883 0.401346
0.560299 0.422317
0.545067 0.849908
0.613275 0.835953
0.467276 -0.194386
0.476685 -0.192146
0.486198 -0.189695
0.505945 -0.184197
0.525876 -0.177951
0.233372 0.233967
0.243155 0.241970
0.258252 0.254169
0.287238 0.277022
0.631259 0.243937
0.669353 0.282505
0.703807 0.317605
0.550857 0.401752
0.573665 0.415314
0.595803 0.428034
0.581156 0.418175
0.647671 0.454514
0.653259 -0.232812
0.686323 -0.216352
0.776903 -0.159438
0.681586 0.954562
0.722945 0.942624
0.758066 0.931289
0.149022 0.527679
0.173099 0.550119
0.198895 0.570756
0.232490 0.593057
0.256194 0.606197
0.318278 0.632336
0.891538 0.853142
0.898695 0.849764
0.906352 0.846175
0.645914 0.610610
0.653106 0.610944
0.657778 0.611146
0.669128 0.611577
0.511319 0.467764
0.540212 0.479975
0.568083 0.490901
0.625489 0.510994
0.289996 0.788964
0.330678 0.795101
0.370419 0.798530
0.532277 0.932723
0.546354 0.930426
0.559528 0.928096
0.209946 0.195270
0.230326 0.211291
0.251814 0.228006
0.297907 0.263018
0.514455 0.471996
0.535269 0.480668
0.555568 0.488671
0.598284 0.504163
0.464689 0.507205
0.496968 0.518399
0.528200 0.527991
0.539669 0.737447
0.548101 0.736573
0.556769 0.735635
0.672219 0.754757
0.678615 0.753350
0.553541 0.392153
0.574337 0.405069
0.594407 0.417143
0.636469 0.441143
0.395740 0.434140
0.427648 0.451231
0.459426 0.466575
0.521160 0.492293
0.606518 0.712335
0.632002 0.709035
0.655400 0.705730
0.699739 0.698983
0.620058 0.566285
0.638238 0.569216
0.649812 0.570947
0.680718 0.575196
0.802234 0.075654
0.807236 0.082264
0.815039 0.092706
0.822944 0.103621
0.476748 0.435365
0.506145 0.450017
0.534717 0.463294
0.588913 0.486079
0.530668 0.448894
0.560701 0.462958
0.595104 0.477906
0.654676 0.076995
0.677298 0.099500
0.698004 0.121954
0.741567 0.174589
0.668354 0.721410
0.687181 0.718021
0.706056 0.714544
0.740149 0.707917
0.687565 0.198045
0.705176 0.218558
0.721726 0.238264
0.508838 0.991922
0.563415 0.984060
0.611405 0.975103
0.690236 0.956129
0.183018 0.353009
0.196275 0.367426
0.210268 0.381890
0.224846 0.396095
0.240012 0.410013
0.272363 0.436778
0.473266 -0.005540
0.512800 0.013827
0.682157 0.463669
0.692029 0.468451
0.701555 0.472872
0.711111 0.477204
0.439524 0.900589
0.482291 0.896749
0.520681 0.891677
0.555584 0.885781
0.571480 0.386933
0.599519 0.404966
0.586969 0.577151
0.611731 0.580613
0.635650 0.583599
0.684358 0.588640
0.773490 0.143247
0.777631 0.148777
0.781987 0.154681
0.666674 0.929773
0.702349 0.919527
0.732544 0.909969
0.779557 0.893502
0.563544 0.529804
0.570332 0.531657
0.577080 0.533449
0.583695 0.535157
0.590231 0.536815
0.603253 0.540031
0.591269 0.407171
0.598814 0.411806
0.605027 0.415603
0.613624 0.420761
0.620877 0.425029
0.436443 0.750772
0.475898 0.749953
0.512584 0.747626
0.280094 0.312133
0.296520 0.325218
0.313405 0.338196
0.330703 0.350991
0.581872 0.846663
0.591254 0.844678
0.599536 0.842853
0.436899 0.930058
0.488945 0.925304
0.536500 0.918607
0.613701 0.903144
0.359956 0.363517
0.384816 0.380021
0.409949 0.395782
0.460291 0.424697
0.562577 0.516839
0.590055 0.524970
0.607720 0.529844
0.649505 0.540336
0.536721 0.562485
0.544487 0.564055
0.748460 0.057648
0.753859 0.063908
0.799093 0.284380
0.801896 0.287628
0.805037 0.291406
0.810970 0.298296
0.817219 0.305459
0.239139 0.362665
0.259091 0.380360
0.280004 0.397583
0.324227 0.429801
0.615888 0.900307
0.657126 0.889693
0.940035 -0.060557
0.948139 -0.051393
0.349800 -0.078105
0.367869 -0.074446
0.386620 -0.070178
0.406009 -0.065217
0.425854 -0.059545
0.667414 0.657476
0.683628 0.656360
0.699281 0.655193
0.729021 0.652732
0.832092 -0.019064
0.848793 0.000543
0.864018 0.019492
0.535180 -0.246675
0.554787 -0.240632
0.579264 -0.232201
0.603870 -0.222701
0.652428 -0.200699
0.525000 0.591065
0.553151 0.594880
0.346576 0.978311
0.431098 0.976885
0.505281 0.970114
0.567803 0.960633
0.620821 0.949902
0.540162 0.694697
0.566086 0.693228
0.590701 0.691406
0.298445 0.801960
0.351480 0.808225
0.486835 0.380877
0.510417 0.395234
0.533423 0.408792
0.577591 0.433488
0.545800 0.352159
0.567405 0.367301
0.592285 0.384411
0.631566 0.410386
0.606124 -0.295581
0.633883 -0.285157
0.675615 -0.267280
0.643742 0.471125
0.664645 0.480289
0.684861 0.488687
0.723004 0.503042
0.736564 0.865059
0.742909 0.862912
0.751846 0.859781
0.763214 0.855797
0.806608 0.852539
0.808518 0.851703
0.814651 0.849291
0.825255 0.845044
0.704065 0.428547
0.720088 0.438327
0.735442 0.447204
0.765048 0.462779
0.603165 0.564145
0.621488 0.567269
0.647694 0.571324
0.684691 0.576327
0.422278 0.596734
0.472025 0.606460
0.505789 0.611209
0.618657 0.277712
0.643419 0.300929
0.666672 0.322760
0.842197 0.022854
0.845678 0.027296
0.850559 0.033571
0.858564 0.044066
0.777615 -0.178548
0.806762 -0.156950
0.838607 -0.130744
0.880809 -0.091265
0.647007 0.899130
0.685996 0.888105
0.624765 0.313745
0.636417 0.324056
0.231019 0.812910
0.330294 0.830142
0.378416 0.832969
0.424036 0.832770
0.503539 0.826452
0.715968 0.288261
0.720716 0.293477
0.567232 0.387710
0.592550 0.403885
0.616875 0.418886
0.662545 0.445185
0.285258 0.292843
0.301082 0.305185
0.350816 0.341839
0.430843 0.367911
0.453911 0.382309
0.476790 0.396097
0.525731 0.423823
0.492253 0.827212
0.503726 0.825867
0.614963 0.598092
0.639375 0.600077
0.667032 0.601946
0.705708 0.603896
0.361802 0.297530
0.413900 0.333232
0.456701 0.361324
0.588352 0.027021
0.596371 0.032827
0.604263 0.038771
0.613672 0.046120
0.637814 0.066486
0.440816 0.671047
0.448799 0.671725
0.460287 0.672555
0.363651 0.285958
0.387936 0.302757
0.417535 0.398327
0.443052 0.413225
0.468406 0.427179
0.493422 0.440156
0.517952 0.452167
0.565028 0.473352
0.529052 0.438930
0.557506 0.452962
0.584920 0.465706
0.636332 0.487499
0.701601 0.493932
0.706526 0.495831
0.711359 0.497623
0.720819 0.501060
0.363076 0.751589
0.399833 0.754406
0.434179 0.755282
0.550012 0.858167
0.586204 0.851049
0.624134 0.842344
0.446499 0.412129
0.489599 0.435420
0.510693 0.446012
0.531338 0.455889
0.571075 0.473596
0.598870 0.957203
0.637542 0.948589
0.671516 0.939937
0.823616 0.981014
0.835772 0.976721
0.454550 0.717651
0.490920 0.717393
0.525101 0.715874
0.557014 0.713518
0.324088 0.377086
0.346962 0.393021
0.370351 0.408225
0.394038 0.422557
0.417917 0.435992
0.470252 0.462221
0.295766 -0.216519
0.316774 -0.216295
0.338969 -0.215488
0.704133 0.849984
0.709776 0.848189
0.536199 0.670432
0.544524 0.670351
0.554238 0.670181
0.568005 0.669809
0.729919 -0.175765
0.761248 -0.154321
0.790054 -0.132285
0.679237 0.786961
0.700438 0.781387
0.719922 0.776059
0.544554 0.438672
0.551645 0.442275
0.246519 0.726796
0.297059 0.740815
0.347369 0.749687
0.726647 0.901662
0.752696 0.892822
0.775175 0.884749
0.567475 0.878615
0.601871 0.871258
0.633068 0.863688
0.688499 0.848233
0.574984 -0.195657
0.605964 -0.182628
0.637271 -0.167522
0.695924 -0.133135
0.608612 0.594093
0.615479 0.594772
0.622294 0.595411
0.651553 0.548011
0.667431 0.551279
0.682831 0.554266
0.199874 0.123124
0.216370 0.133178
0.237180 0.145978
0.270467 0.166683
0.310192 0.191768
0.591087 0.496745
0.597692 0.499104
0.604258 0.501423
0.617236 0.505901
0.410255 0.644806
0.454991 0.650836
0.683548 -0.230706
0.716702 -0.212764
0.748432 -0.193459
0.776359 -0.144870
0.805492 -0.121392
0.282181 0.650507
0.319627 0.662923
0.364448 0.673649
0.437321 0.683351
0.899282 0.353178
0.908717 0.360306
0.582977 0.459855
0.607260 0.470863
0.635157 0.482765
0.674537 0.498133
0.432306 0.693215
0.464909 0.694836
0.495690 0.695189
0.213016 0.958848
0.278822 0.968332
0.341930 0.972526
0.401122 0.972562
0.614185 0.890668
0.643244 0.883330
0.669342 0.876122
0.713314 0.862716
0.732901 0.213442
0.748610 0.233215
0.758405 0.245536
0.781792 0.274593
0.485653 0.519650
0.511316 0.527689
0.536067 0.534698
0.583295 0.546422
0.548714 0.529805
0.578524 0.537697
0.411629 0.809611
0.453133 0.808263
0.490835 0.805276
0.557981 0.796301
0.693116 -0.152264
0.718514 -0.135523
0.742535 -0.118027
0.785644 -0.082084
0.575165 0.695158
0.582643 0.694561
0.572546 0.401571
0.596145 0.415929
0.618860 0.429228
0.661858 0.452790
0.352995 0.590014
0.382509 0.599302
0.419094 0.608409
0.576233 -0.329862
0.613632 -0.317667
0.651347 -0.303458
0.472460 0.363956
0.487568 0.373577
0.495021 0.378253
0.502430 0.382866
0.416199 0.152847
0.453972 0.176427
0.631277 0.746799
0.659933 0.741336
0.677363 0.737820
0.718681 0.729101
0.580308 0.420089
0.599260 0.430825
0.617689 0.440904
0.652745 0.458984
0.940447 0.871589
0.950480 0.866471
0.958838 0.861970
0.978075 0.851648
0.551962 0.607936
0.569746 0.609525
0.586793 0.610827
0.640805 -0.221123
0.670982 -0.206325
0.700320 -0.190151
0.755204 -0.154625
0.608385 0.075289
0.632743 0.096637
0.655452 0.118583
0.680410 0.144995
0.699388 0.166568
0.733629 0.208248
0.737264 0.936995
0.756084 0.930790
0.774408 0.924455
0.804087 0.913569
0.748889 0.907679
0.770143 0.900173
0.790021 0.892834
0.721901 0.270532
0.737720 0.288612
0.781466 0.335880
0.405854 0.258761
0.413201 0.263766
0.420587 0.268822
0.815583 0.902444
0.835919 0.894274
0.695190 -0.153103
0.731240 -0.128733
0.764223 -0.103147
0.480529 0.474072
0.516867 0.488961
0.574087 0.509343
0.477839 -0.174106
0.507760 -0.165488
0.537849 -0.155178
0.568737 -0.142773
0.598590 -0.128832
0.732362 -0.113293
0.753178 -0.096877
0.772361 -0.080455
0.807205 -0.047129
0.779275 0.899257
0.800676 0.891179
0.848428 0.871731
