0.179391 -0.200832
0.182352 -0.201222
0.185778 -0.201668
0.189069 -0.202085
0.192244 -0.202458
0.195870 -0.202887
0.198964 -0.203229
0.202509 -0.203618
0.205924 -0.203973
0.209249 -0.204307
0.212989 -0.204665
0.216230 -0.204954
0.219925 -0.205282
0.223486 -0.205578
0.226960 -0.205845
0.230869 -0.206150
0.234275 -0.206373
0.238144 -0.206633
0.241876 -0.206861
0.245581 -0.207066
0.249641 -0.207292
0.253239 -0.207446
0.257320 -0.207630
0.261267 -0.207781
0.265191 -0.207909
0.269452 -0.208039
0.273346 -0.208125
0.277661 -0.208217
0.281886 -0.208280
0.286078 -0.208315
0.290655 -0.208344
0.294812 -0.208339
0.299436 -0.208314
0.303928 -0.208263
0.308471 -0.208185
0.313334 -0.208084
0.317862 -0.207951
0.322807 -0.207794
0.327658 -0.207603
0.332523 -0.207378
0.337750 -0.207132
0.342621 -0.206826
0.347958 -0.206494
0.353196 -0.206124
0.358471 -0.205712
0.364036 -0.205246
0.369337 -0.204755
0.375068 -0.204199
0.380711 -0.203602
0.386401 -0.202951
0.392385 -0.202227
0.398121 -0.201495
0.404268 -0.200641
0.410315 -0.199757
0.416404 -0.198810
0.422860 -0.197758
0.428906 -0.196702
0.435504 -0.195511
0.441895 -0.194284
0.448373 -0.192974
0.455199 -0.191533
0.461618 -0.190097
0.468540 -0.188497
0.475301 -0.186867
0.482106 -0.185115
0.489170 -0.183237
0.495953 -0.181346
0.503173 -0.179267
0.510163 -0.177156
0.517217 -0.174937
0.524518 -0.172550
0.531407 -0.170197
0.538775 -0.167604
0.545874 -0.164998
0.552998 -0.162281
0.560464 -0.159347
0.567269 -0.156534
0.574740 -0.153377
0.581767 -0.150288
0.588845 -0.147067
0.596234 -0.143594
0.602901 -0.140339
0.610270 -0.136652
0.617117 -0.133098
0.624038 -0.129390
0.631134 -0.125468
0.637704 -0.121715
0.644724 -0.117602
0.651339 -0.113598
0.657916 -0.109495
0.664661 -0.105164
0.670860 -0.101061
0.677480 -0.096574
0.683683 -0.092243
0.689888 -0.087789
0.696137 -0.083178
0.701956 -0.078766
0.708125 -0.073983
0.713867 -0.069407
0.719611 -0.064711
0.725387 -0.059866
0.730747 -0.055257
0.736380 -0.050313
0.741415 -0.045784
0.746639 -0.040983
0.751675 -0.036235
0.756961 -0.031148
0.761518 -0.026682
0.766553 -0.021624
0.771239 -0.016836
0.775799 -0.012056
0.780464 -0.007088
0.784696 -0.002502
0.789158 0.002445
0.793340 0.007137
0.797416 0.011825
0.801649 0.016751
0.805292 0.021071
0.809291 0.025857
0.813078 0.030500
0.816686 0.034944
0.820560 0.039850
0.823799 0.043959
0.827402 0.048576
0.830718 0.052922
0.833899 0.057082
0.837458 0.061880
0.840250 0.065620
0.843627 0.070190
0.846566 0.074244
0.849450 0.078189
0.852627 0.082677
0.855031 0.085976
0.858190 0.090497
0.860720 0.094024
0.863377 0.097850
0.866217 0.101897
0.868421 0.105073
0.871384 0.109384
0.873544 0.112415
0.876055 0.116102
0.878680 0.119886
0.880626 0.122705
0.883524 0.126979
0.885500 0.129793
0.887762 0.133016
0.890203 0.136627
0.892053 0.139192
0.894671 0.143026
0.896502 0.145650
0.898724 0.148787
0.901007 0.152124
0.902647 0.154315
0.905197 0.158002
0.906880 0.160349
0.909029 0.163312
0.911223 0.166451
0.912725 0.168365
0.915394 0.172224
0.916852 0.174029
0.919065 0.177134
0.921064 0.179757
0.922691 0.181913
0.925099 0.185197
0.926512 0.186855
0.928672 0.189774
0.930564 0.192131
0.932226 0.194250
0.934526 0.197185
0.935908 0.198772
0.938025 0.201509
0.939876 0.203694
0.941565 0.205752
0.943831 0.208567
0.945222 0.210076
0.947332 0.212545
0.949108 0.214636
0.950798 0.216453
0.953028 0.219144
0.954546 0.220735
0.956591 0.222977
0.958365 0.224949
0.960005 0.226582
0.962215 0.229105
0.963489 0.230263
0.965656 0.232605
0.967355 0.234226
0.969141 0.236077
0.971195 0.238119
0.972586 0.239340
0.974761 0.241624
0.976451 0.243120
0.978170 0.244771
0.980388 0.246890
0.981581 0.247769
0.983982 0.250200
0.985525 0.251403
0.987381 0.253113
0.989419 0.254879
0.990753 0.255916
