70.394472
69.853111
73.586829
65.208132
66.193918
81.685139
64.734475
83.689486
75.475481
78.765719
64.786056
64.766332
86.031079
76.605747
77.920869
74.666805
65.914812
76.948290
75.705260
77.783156
71.679357
84.467138
86.320474
66.672515
65.201102
66.537020
84.531211
63.622665
85.031882
76.555496
81.421943
71.541076
65.644792
82.174691
72.146998
78.729561
66.172552
79.865916
82.435026
66.460923
79.034351
79.703631
86.582030
68.790352
86.875233
79.003962
73.210247
65.227593
66.907270
71.224753
78.271548
78.221888
86.951961
81.554815
88.132400
85.957618
87.069628
78.162811
64.943710
73.734011
79.118108
77.380567
64.859572
69.537343
72.174011
86.169854
86.137882
75.854663
72.739598
62.637392
84.033038
76.044191
86.277287
81.251832
71.247003
80.871469
85.910832
77.454348
86.247336
77.182359
80.855767
87.479234
65.063543
67.966291
71.797422
77.539008
80.742960
79.922145
73.010290
65.370096
82.652802
64.018658
74.996507
65.336160
80.721954
86.089655
70.866131
63.745395
64.708328
73.356680
79.068562
68.502536
72.493597
76.261009
65.048293
64.070893
64.855956
79.878530
82.911550
84.324858
77.973323
86.718094
86.208870
74.689629
73.419189
85.553302
79.629445
74.676735
84.811744
65.096953
65.189943
78.227434
81.849539
64.944115
63.268271
82.181044
72.229816
64.739537
64.870352
64.899192
69.041185
78.441494
64.746898
65.218585
74.812531
82.812213
69.235403
79.380325
85.847665
64.312573
78.823806
66.443148
65.907344
78.647668
76.371447
75.662165
64.851852
85.783686
65.366740
65.069487
77.406577
78.281123
64.799359
72.003297
69.019252
77.955195
64.978321
64.792053
65.378138
80.442544
80.156409
64.900837
83.618428
76.097843
72.601874
78.235865
82.168257
73.868324
79.295866
69.923052
78.434675
81.387507
77.268524
83.471995
65.004676
64.764280
86.877469
78.692693
70.888184
68.747553
65.066198
75.514525
84.861046
64.866131
78.424450
64.891235
70.252485
75.805652
67.322602
64.761281
81.554338
65.496474
65.225073
64.793641
76.158102
82.963319
69.072063
65.180365
71.476341
78.356376
74.188570
69.126554
64.873822
76.944597
85.898317
64.097805
64.862354
64.886543
77.479049
76.898654
64.841148
70.991275
81.632782
67.390866
74.707197
64.880741
78.192214
81.225608
64.975495
74.806158
69.783721
78.428767
77.959084
64.848284
71.230333
82.654339
72.725742
74.888278
75.497002
79.598008
77.944929
76.371540
74.311514
64.816743
78.817948
71.170029
69.622992
64.855485
66.486426
71.333880
82.772014
67.410854
79.537310
66.834982
73.020105
64.849285
81.621248
81.083015
64.479102
74.482096
70.333500
65.916585
82.428364
77.295443
79.235451
