116
142
169
178
200
225
296
307
377
448
546
557
626
644
673
698
709
800
802
867
908
914
919
925
989
1032
1034
1040
1045
1046
1052
1072
1074
1122
1131
1155
1186
1187
1218
1269
1300
1378
1408
1414
1417
1419
107
150
501
505
679
715
746
770
1118
1246
1260
1380
1418
2002
2026
2027
2031
2036
2037
2042
2043
2045
2052
2055
2058
2060
2061
2063
2068
2072
2073
2074
2077
2079
2083
2087
2093
2099
2100
2109
2116
2119
2121
2123
2124
2125
2130
2133
2142
2148
2151
2153
2155
2164
2167
2168
2171
2180
2182
2183
2184
2185
2187
2190
2191
2193
2195
2196
2200
2205
2208
2210
2213
2219
2220
2225
2238
2239
2240
2245
2247
2249
2264
2274
2304
2307
2308
2315
2324
2332
2333
2336
2347
2357
2360
2363
2367
2373
2374
2376
2378
2379
2380
2389
2390
2391
2392
2394
2395
2396
2403
2405
2407
4004
4007
4012
4022
4029
4030
4034
4036
4051
4053
4059
4061
4063
4072
4073
4077
4115
4122
4127
4128
4133
4134
4138
4143
4146
4149
4157
4159
4160
4168
4169
4170
4175
4184
4185
4187
4188
4194
4197
4199
4202
4205
4206
4210
4214
4216
4217
4219
4220
4226
4229
4232
4235
4237
4241
4244
4245
4256
4259
4271
4272
4281
4285
4287
4294
4299
4300
4301
4302
4309
4311
4312
4327
4328
4331
4346
4354
4356
4359
4360
4363
4377
4381
4383
4390
4392
4394
4395
4404
