2.102252
0.712878
0.573463
0.726420
0.803655
1.458174
1.710446
0.206193
0.427320
1.329861
0.259760
0.668788
0.555395
0.508288
0.673968
1.532084
0.204591
3.093995
1.037287
2.128875
1.137610
0.606717
0.295918
1.565142
1.254087
0.600909
0.809755
0.741761
1.181899
2.271059
1.736233
0.705991
0.515142
0.609900
1.123198
0.551643
0.869468
1.106692
0.442533
1.901293
1.224752
2.012960
1.210575
0.439510
1.375070
0.352314
0.511400
1.604137
0.658154
0.386663
0.743493
0.585607
2.346670
1.446747
1.472061
1.694714
0.411364
1.497417
1.982526
0.435485
0.524905
0.624706
0.368936
0.959605
0.468726
0.682192
2.133801
0.321922
1.387080
0.633532
1.720263
0.144057
0.897261
2.532624
1.024951
1.016526
1.136880
0.883626
0.465910
1.034414
0.672611
0.645048
0.683424
2.367487
1.730840
2.004701
0.187174
1.974787
1.222393
0.791747
2.718369
0.862704
0.860595
0.925066
1.483007
1.646993
1.609208
1.178398
1.294950
0.736880
0.831326
1.229602
3.122558
1.716262
0.953069
1.434209
1.088596
0.934932
2.145262
1.443097
1.507333
1.077722
0.575838
1.355714
0.546561
0.750708
1.020391
3.212199
2.236904
1.899008
0.935804
1.246155
1.298044
1.450182
1.095563
2.346822
1.124051
3.861146
1.370259
2.093896
0.814561
2.705138
0.691776
3.871923
3.396089
1.272499
1.649286
0.927140
3.825384
0.534648
2.163314
1.003855
5.809433
1.963032
1.669231
1.402319
2.616596
0.875897
1.624603
1.805274
2.854927
1.148981
3.677377
0.730716
0.885511
2.059812
1.027621
0.852955
1.341459
0.560280
2.429278
0.588023
0.715264
1.744016
0.186012
0.400398
2.003900
0.712426
1.259743
1.429933
0.613945
1.532808
0.587886
0.841307
0.259576
0.647320
1.623659
0.258453
1.587514
0.795845
1.110472
1.052701
0.676866
1.343676
1.556960
0.755812
1.178486
2.101962
0.529000
0.493490
1.059922
1.444945
2.519984
1.479245
1.029649
0.621549
1.994921
2.042602
2.310360
0.961073
1.012696
1.348708
1.458158
1.034473
3.988554
1.036632
1.517490
1.668795
0.743301
1.102477
1.735845
0.317243
2.362435
2.121672
1.137793
0.365506
1.925751
0.391503
2.936349
0.787242
0.934192
0.961601
1.095547
1.838808
1.865109
1.473049
2.092005
1.285127
0.640726
2.433724
0.974317
0.679998
1.198563
2.743919
2.601723
0.239302
1.739940
1.547704
1.037336
3.775468
1.890547
0.555376
1.735631
1.067835
2.267714
2.038913
1.868187
1.724501
