0.127481 -0.003366 0.000969 0.010298 0.105407 -0.013964 -0.005614 0.109206 -0.004776 0.119297
0.124552 -0.001782 -0.000755 0.004901 0.110184 -0.010491 -0.004265 0.113336 -0.004917 0.118834
0.121363 -0.000118 -0.000216 -0.000017 0.121269 -0.001200 -0.000918 0.121223 -0.000685 0.118682
0.123115 -0.001203 -0.000299 0.002390 0.116486 -0.005199 -0.002373 0.117528 -0.002270 0.118007
0.121494 -0.001137 -0.000953 -0.000132 0.117902 -0.004208 -0.002646 0.118501 -0.002852 0.117269
0.121136 -0.000123 -0.000269 -0.000606 0.122127 -0.000476 -0.000726 0.121780 -0.000412 0.118152
0.121757 -0.000022 -0.000045 -0.000104 0.122464 -0.000029 -0.000079 0.122219 -0.000028 0.118337
0.136666 0.002014 0.002492 0.030157 0.097044 -0.022138 -0.000870 0.102642 -0.002794 0.143852
0.130315 0.003160 0.002158 0.019208 0.106156 -0.014421 0.003451 0.110532 0.000932 0.146515
0.120014 0.001848 0.002093 0.001286 0.123040 0.000327 0.002394 0.122351 0.003384 0.125646
0.124008 -0.000468 -0.000889 0.006029 0.112779 -0.008844 -0.000946 0.114640 -0.001783 0.125544
0.118453 -0.001012 -0.001030 -0.000783 0.116795 -0.005502 -0.000386 0.117184 -0.000970 0.124786
0.117729 0.000489 0.000613 -0.002285 0.123981 0.001100 0.000937 0.122965 0.002208 0.119557
0.121775 -0.000144 -0.000178 -0.000058 0.121954 -0.000512 -0.000130 0.121783 -0.000173 0.118638
0.120918 -0.000350 -0.000300 -0.000895 0.122231 -0.000293 -0.000212 0.121901 -0.000186 0.118195
0.121004 -0.000044 -0.000046 -0.000587 0.122753 0.000224 0.000067 0.122435 0.000277 0.118004
0.126495 0.003138 0.002252 0.012651 0.117700 -0.004130 0.006753 0.119364 0.005555 0.138834
0.126196 0.007584 0.007669 0.014439 0.125693 0.003182 0.014729 0.125079 0.013643 0.149137
0.121063 0.005366 0.005994 0.003372 0.127681 0.004749 0.008412 0.125960 0.009391 0.129303
0.122349 0.000567 0.000156 0.002634 0.121130 -0.001271 0.002663 0.121281 0.002278 0.125578
0.118664 0.002356 0.002838 0.000998 0.126086 0.003276 0.007051 0.124746 0.006969 0.128468
0.117746 0.003375 0.003815 -0.000841 0.127841 0.005072 0.006165 0.126579 0.007205 0.121412
0.121765 -0.000026 -0.000049 -0.000057 0.122436 -0.000048 0.000139 0.122199 0.000122 0.118717
0.120906 0.000049 0.000127 -0.000604 0.122991 0.000474 0.000533 0.122624 0.000570 0.118444
0.120688 0.000370 0.000418 -0.000654 0.123411 0.000935 0.000826 0.123144 0.000999 0.117894
0.122211 -0.001135 -0.000431 0.001867 0.117014 -0.004800 -0.002095 0.117953 -0.002037 0.118012
0.121198 -0.001182 -0.001046 -0.000299 0.118237 -0.003907 -0.002380 0.118799 -0.002565 0.117568
0.121267 -0.000162 -0.000254 -0.000649 0.122115 -0.000446 -0.000618 0.121812 -0.000368 0.118325
0.121711 -0.000558 -0.000424 0.000037 0.120465 -0.001885 -0.000996 0.120506 -0.001024 0.118002
0.120766 -0.000897 -0.000856 -0.001406 0.120756 -0.001742 -0.001526 0.120549 -0.001523 0.117374
0.121151 -0.000183 -0.000298 -0.000818 0.122391 -0.000198 -0.000510 0.122025 -0.000206 0.118054
0.121738 -0.000036 -0.000056 -0.000134 0.122475 -0.000013 -0.000065 0.122237 -0.000012 0.118306
0.122663 -0.000884 -0.001251 0.005094 0.113460 -0.008257 -0.000698 0.115171 -0.001457 0.125342
0.118255 -0.001360 -0.001324 -0.000818 0.117074 -0.005230 -0.000059 0.117423 -0.000535 0.125864
0.118273 0.000475 0.000660 -0.002446 0.123870 0.001053 0.001104 0.122918 0.002263 0.120533
0.120836 -0.001165 -0.001396 -0.000485 0.118977 -0.003446 -0.000814 0.119082 -0.001104 0.120207
0.115500 -0.002467 -0.002122 -0.006213 0.120769 -0.002027 -0.001306 0.119843 -0.001104 0.117983
0.116370 -0.000227 -0.000204 -0.004528 0.124469 0.001647 0.000570 0.123579 0.001964 0.116616
0.121652 -0.000159 -0.000168 -0.000280 0.122262 -0.000228 -0.000113 0.122018 -0.000127 0.118379
0.120598 -0.000474 -0.000407 -0.001293 0.122430 -0.000093 -0.000278 0.122089 -0.000205 0.117599
0.120491 -0.000161 -0.000167 -0.001127 0.122888 0.000389 0.000060 0.122636 0.000308 0.117325
0.122020 0.000292 -0.000059 0.002442 0.121180 -0.001221 0.002585 0.121308 0.002259 0.125443
0.118813 0.002152 0.002636 0.001088 0.125890 0.003087 0.006966 0.124565 0.006948 0.129368
0.118164 0.003530 0.003954 -0.001088 0.127708 0.004933 0.006228 0.126421 0.007265 0.122503
0.121005 -0.000281 -0.000437 -0.000367 0.122210 -0.000346 0.001006 0.121877 0.000914 0.120745
0.115337 0.000347 0.000851 -0.004247 0.126294 0.003496 0.003972 0.124980 0.004238 0.119728
0.114144 0.002927 0.003213 -0.004871 0.129675 0.007190 0.006212 0.128947 0.007327 0.115989
0.120191 -0.000134 -0.000053 -0.001360 0.123141 0.000663 0.000356 0.122859 0.000415 0.117320
0.119170 0.000403 0.000477 -0.002024 0.124232 0.001878 0.001122 0.124194 0.001346 0.116159
0.121725 -0.000125 -0.000120 -0.000186 0.122250 -0.000223 -0.000189 0.122038 -0.000188 0.118301
0.121791 -0.000027 -0.000037 -0.000113 0.122459 -0.000025 -0.000060 0.122224 -0.000026 0.118382
0.121758 -0.000035 -0.000049 -0.000140 0.122473 -0.000011 -0.000058 0.122239 -0.000015 0.118333
0.121704 -0.000178 -0.000207 -0.000068 0.122019 -0.000445 -0.000093 0.121850 -0.000127 0.118667
0.121016 -0.000352 -0.000308 -0.000813 0.122246 -0.000264 -0.000146 0.121944 -0.000115 0.118490
0.121184 -0.000022 -0.000010 -0.000643 0.122728 0.000216 0.000088 0.122425 0.000261 0.118298
0.121653 -0.000162 -0.000172 -0.000260 0.122275 -0.000212 -0.000102 0.122037 -0.000114 0.118403
0.120682 -0.000452 -0.000394 -0.001248 0.122435 -0.000080 -0.000254 0.122109 -0.000184 0.117772
0.120622 -0.000130 -0.000131 -0.001160 0.122879 0.000386 0.000062 0.122629 0.000287 0.117535
0.121606 -0.000093 -0.000081 -0.000273 0.122481 0.000009 -0.000056 0.122259 -0.000043 0.118167
0.121470 -0.000058 -0.000054 -0.000361 0.122587 0.000126 0.000006 0.122394 0.000050 0.118005
0.121752 -0.000048 -0.000068 -0.000040 0.122436 -0.000046 0.000134 0.122204 0.000125 0.118731
0.121010 0.000051 0.000116 -0.000564 0.122955 0.000442 0.000518 0.122599 0.000564 0.118716
0.120854 0.000422 0.000462 -0.000733 0.123370 0.000891 0.000804 0.123092 0.000970 0.118240
0.121675 -0.000074 -0.000082 -0.000190 0.122481 -0.000003 0.000040 0.122237 0.000037 0.118429
0.120284 -0.000109 -0.000040 -0.001331 0.123130 0.000651 0.000348 0.122848 0.000410 0.117522
0.119337 0.000460 0.000526 -0.002037 0.124193 0.001828 0.001094 0.124131 0.001312 0.116460
0.121384 -0.000059 -0.000041 -0.000432 0.122635 0.000183 0.000030 0.122449 0.000041 0.117937
0.120767 0.000058 0.000099 -0.000916 0.123091 0.000700 0.000252 0.123020 0.000299 0.117295
