78.461000
78.936000
79.482000
79.939000
80.491000
81.455000
82.491000
83.463000
84.439000
77.794000
78.272000
78.888000
79.288000
79.829000
80.836000
81.839000
82.813000
83.775000
84.922000
85.777000
77.794000
78.272000
78.888000
79.288000
79.829000
80.836000
81.839000
65.261000
65.794000
66.308000
66.780000
67.305000
68.227000
69.582000
70.385000
71.363000
72.374000
83.749000
84.205000
84.752000
85.180000
85.727000
86.764000
87.780000
88.752000
89.977000
79.869000
80.363000
80.883000
81.499000
81.891000
83.266000
84.452000
85.847000
86.996000
87.896000
70.344000
70.842000
71.339000
71.855000
72.350000
73.335000
74.388000
75.369000
76.299000
71.077000
71.582000
72.077000
72.594000
73.033000
74.079000
76.149000
77.071000
78.086000
79.108000
65.839000
66.329000
66.847000
67.347000
67.813000
68.847000
69.874000
70.832000
71.866000
72.916000
67.916000
68.413000
68.891000
69.419000
69.922000
70.913000
71.947000
72.971000
73.944000
76.613000
77.092000
77.689000
78.183000
78.592000
79.608000
80.638000
81.635000
82.666000
83.668000
70.638000
71.133000
71.560000
72.149000
72.624000
73.668000
74.702000
75.635000
82.380000
82.874000
83.374000
83.883000
84.385000
85.422000
86.355000
87.380000
88.329000
89.344000
80.883000
81.377000
81.874000
82.413000
82.891000
83.888000
85.055000
85.880000
86.955000
79.014000
79.530000
80.022000
80.527000
81.025000
81.993000
83.266000
84.266000
85.258000
86.275000
76.108000
76.743000
77.130000
77.616000
78.168000
79.391000
80.353000
72.342000
73.025000
73.372000
74.022000
74.350000
75.347000
76.302000
77.355000
78.413000
69.805000
70.253000
70.743000
71.219000
72.221000
73.238000
74.310000
75.291000
61.172000
61.719000
62.169000
62.708000
63.347000
64.641000
66.152000
67.186000
68.246000
74.488000
75.005000
75.466000
76.019000
76.480000
77.480000
78.630000
85.224000
85.727000
86.436000
86.738000
87.221000
88.253000
89.253000
90.241000
91.874000
65.339000
65.896000
66.433000
66.928000
67.413000
68.369000
69.310000
70.339000
71.355000
72.355000
70.971000
71.505000
71.961000
72.480000
72.982000
73.971000
74.977000
75.974000
75.974000
79.232000
79.896000
80.216000
80.766000
83.463000
64.044000
64.566000
65.560000
66.113000
67.105000
68.068000
72.952000
73.450000
73.963000
74.502000
74.958000
75.922000
76.930000
77.947000
78.969000
83.116000
83.603000
84.135000
84.603000
85.127000
87.111000
88.089000
89.079000
78.205000
78.724000
79.200000
79.691000
80.235000
81.232000
82.255000
72.552000
73.049000
73.549000
74.060000
74.646000
75.641000
76.635000
73.844000
74.324000
74.839000
75.321000
76.885000
77.818000
78.839000
79.896000
80.797000
65.447000
65.941000
66.444000
66.939000
67.441000
68.422000
69.452000
70.450000
71.428000
72.441000
68.286000
68.780000
69.283000
69.772000
70.275000
71.297000
72.291000
73.302000
74.280000
75.297000
72.522000
73.108000
73.544000
74.022000
74.560000
75.552000
76.611000
81.910000
82.391000
82.918000
83.450000
83.947000
86.041000
86.933000
87.547000
77.008000
77.471000
78.003000
78.505000
79.011000
80.008000
81.003000
73.339000
73.847000
74.413000
74.832000
75.450000
76.310000
77.363000
78.353000
79.369000
55.350000
55.844000
56.347000
56.839000
57.344000
58.336000
59.358000
60.347000
61.291000
62.342000
80.678000
81.155000
81.732000
82.208000
82.730000
83.708000
84.694000
85.719000
72.538000
73.016000
73.499000
73.974000
74.516000
77.505000
74.541000
75.027000
75.511000
76.068000
76.619000
77.541000
78.505000
67.624000
68.108000
68.611000
69.119000
70.613000
71.691000
72.624000
73.594000
74.646000
61.611000
62.280000
62.608000
63.678000
64.577000
65.672000
66.686000
68.405000
72.594000
73.074000
73.622000
74.094000
74.571000
75.605000
76.611000
77.635000
78.663000
70.808000
71.305000
71.794000
72.466000
73.044000
73.996000
74.891000
75.761000
76.743000
81.600000
82.058000
82.597000
83.116000
84.613000
85.624000
86.597000
73.266000
73.758000
74.238000
74.783000
75.277000
76.258000
77.305000
78.361000
79.422000
83.514000
84.003000
84.502000
84.991000
85.516000
86.527000
87.455000
89.461000
69.108000
69.861000
70.108000
70.638000
71.103000
72.646000
74.655000
76.011000
71.344000
71.880000
72.380000
72.832000
73.433000
74.366000
75.363000
76.441000
77.439000
77.482000
78.025000
78.461000
78.971000
79.508000
80.485000
81.516000
82.519000
83.511000
84.544000
76.686000
77.211000
77.808000
78.775000
79.753000
80.686000
81.686000
82.930000
83.477000
84.113000
84.447000
84.947000
85.925000
87.055000
87.950000
88.950000
77.235000
77.746000
78.213000
78.797000
79.235000
80.230000
81.221000
83.175000
83.694000
84.230000
84.939000
85.144000
86.200000
87.180000
88.235000
89.116000
66.485000
66.985000
67.488000
68.014000
68.499000
69.611000
70.582000
71.683000
72.463000
76.872000
77.405000
77.850000
81.063000
72.724000
73.280000
73.829000
74.329000
74.755000
75.944000
76.738000
77.783000
78.719000
72.041000
72.519000
72.991000
73.555000
74.052000
75.049000
76.113000
77.133000
85.861000
86.385000
86.863000
87.366000
87.861000
88.869000
89.836000
90.813000
74.813000
75.410000
76.985000
78.092000
80.452000
81.353000
69.738000
70.213000
70.753000
71.280000
71.735000
72.713000
73.713000
74.705000
75.716000
73.025000
73.502000
74.022000
74.522000
75.079000
76.094000
77.377000
78.450000
79.079000
80.227000
81.055000
66.691000
67.163000
67.741000
68.258000
68.697000
69.700000
72.355000
73.705000
74.660000
73.761000
74.266000
74.829000
75.280000
75.700000
76.730000
77.827000
79.880000
80.980000
75.461000
76.108000
76.574000
76.950000
77.488000
78.547000
79.471000
80.511000
81.496000
79.299000
79.791000
80.410000
80.821000
81.332000
82.358000
83.383000
84.644000
85.689000
86.783000
67.369000
67.883000
68.361000
68.842000
69.380000
70.347000
71.355000
72.324000
79.407000
79.922000
80.425000
80.899000
81.405000
82.413000
84.396000
85.388000
86.622000
64.761000
65.258000
65.735000
66.275000
66.741000
67.775000
68.842000
69.839000
70.933000
71.775000
72.753000
74.691000
75.169000
75.705000
76.186000
76.683000
77.700000
78.694000
79.689000
80.749000
81.689000
69.227000
69.738000
70.224000
70.732000
71.230000
72.241000
74.829000
75.891000
76.861000
80.936000
81.433000
81.928000
82.410000
82.944000
83.961000
85.933000
73.746000
74.258000
74.730000
75.211000
75.657000
76.861000
77.638000
78.855000
79.928000
60.391000
60.925000
61.350000
61.847000
62.385000
65.380000
66.544000
64.885000
65.425000
65.872000
66.383000
67.097000
68.441000
69.514000
70.488000
86.874000
87.394000
87.853000
88.372000
88.847000
89.883000
90.902000
91.861000
87.119000
88.097000
88.743000
89.318000
92.155000
82.157000
82.630000
83.100000
83.638000
84.152000
85.166000
86.144000
87.166000
88.194000
69.899000
70.477000
71.041000
71.666000
72.347000
74.896000
80.827000
81.444000
81.847000
82.332000
83.272000
85.794000
86.874000
87.866000
74.105000
74.608000
75.122000
75.605000
76.119000
77.113000
79.235000
80.105000
81.133000
68.786000
69.318000
69.764000
70.261000
71.758000
73.694000
74.191000
74.663000
75.168000
75.689000
76.169000
77.205000
79.175000
80.175000
81.172000
71.469000
71.928000
72.447000
72.963000
73.463000
74.436000
75.496000
76.452000
76.394000
76.877000
77.410000
77.913000
78.471000
79.385000
80.611000
77.280000
77.786000
78.235000
78.896000
79.294000
80.308000
81.313000
61.310000
61.842000
62.419000
63.318000
65.753000
66.746000
67.777000
75.711000
76.221000
76.732000
77.211000
77.716000
79.669000
77.605000
78.089000
78.582000
79.579000
80.594000
77.702000
78.280000
78.753000
80.724000
68.355000
68.853000
69.353000
70.350000
71.383000
76.280000
76.775000
77.469000
78.350000
74.552000
75.092000
75.758000
69.335000
69.847000
70.350000
71.369000
71.702000
72.197000
72.730000
73.727000
73.780000
74.377000
74.777000
75.799000
73.055000
73.555000
74.105000
75.014000
57.380000
57.930000
58.366000
59.119000
81.369000
81.874000
82.366000
83.366000
84.780000
85.308000
85.783000
86.855000
64.678000
65.113000
65.691000
66.691000
60.230000
60.735000
61.224000
62.202000
84.686000
85.183000
85.689000
67.085000
67.547000
68.025000
55.232000
55.738000
56.246000
57.172000
82.592000
83.113000
83.616000
71.522000
72.074000
72.480000
73.574000
69.730000
70.202000
70.721000
71.724000
69.568000
70.079000
70.560000
71.749000
73.461000
74.169000
74.918000
74.541000
75.052000
75.574000
76.563000
71.008000
71.493000
71.982000
72.982000
79.899000
80.436000
80.896000
81.907000
78.713000
79.194000
79.735000
80.727000
74.549000
75.066000
75.547000
76.600000
69.916000
70.439000
70.913000
71.930000
80.355000
80.858000
81.358000
82.372000
63.038000
63.536000
64.038000
65.122000
73.724000
74.092000
74.689000
73.047000
73.663000
74.175000
75.097000
79.030000
79.514000
80.033000
81.008000
61.016000
61.471000
61.952000
62.980000
75.402000
75.918000
76.469000
77.410000
61.816000
62.336000
62.813000
63.883000
76.253000
76.749000
77.269000
78.264000
58.780000
59.321000
59.741000
60.783000
78.291000
78.769000
79.399000
80.202000
74.813000
75.383000
75.869000
76.855000
76.063000
76.579000
77.166000
79.477000
79.928000
80.428000
81.477000
78.530000
79.077000
79.527000
80.496000
76.821000
77.318000
77.791000
78.827000
65.958000
66.441000
66.947000
67.936000
73.947000
74.433000
74.947000
71.005000
71.480000
72.060000
80.005000
80.503000
80.974000
81.988000
63.619000
64.077000
64.594000
65.538000
69.783000
70.297000
70.791000
60.874000
61.350000
61.853000
74.538000
75.092000
75.496000
81.850000
82.316000
82.772000
72.922000
73.391000
73.963000
68.505000
69.003000
69.669000
74.974000
75.461000
75.969000
69.189000
69.772000
70.243000
77.952000
78.452000
79.135000
69.700000
70.211000
70.727000
80.135000
80.616000
81.111000
81.652000
82.197000
83.235000
71.122000
71.622000
72.116000
72.616000
73.097000
74.113000
75.291000
86.283000
86.780000
87.447000
77.839000
78.353000
78.853000
79.388000
79.869000
81.294000
81.863000
82.324000
82.874000
83.327000
84.272000
77.603000
78.211000
78.600000
79.219000
79.672000
80.027000
80.558000
81.092000
81.582000
82.399000
84.741000
85.525000
85.813000
86.944000
87.753000
76.030000
76.558000
77.036000
81.313000
81.766000
82.313000
82.761000
83.332000
84.318000
85.313000
81.308000
82.299000
82.780000
83.264000
84.299000
81.105000
81.624000
82.113000
82.613000
83.097000
84.108000
77.327000
77.791000
78.332000
78.808000
79.329000
79.758000
80.255000
80.732000
81.227000
81.732000
82.766000
71.318000
71.891000
72.313000
72.827000
73.347000
74.344000
86.124000
86.624000
87.138000
87.652000
88.097000
60.538000
61.030000
61.552000
62.049000
62.530000
63.011000
88.508000
89.063000
89.502000
90.079000
90.541000
81.988000
82.493000
82.982000
83.511000
84.022000
84.996000
85.955000
68.280000
68.855000
69.253000
72.119000
72.657000
73.169000
73.675000
74.166000
75.111000
76.202000
71.586000
72.086000
72.568000
73.066000
73.603000
87.907000
88.499000
88.955000
89.458000
89.896000
90.933000
72.383000
73.269000
73.416000
73.933000
74.388000
75.385000
76.461000
70.939000
71.422000
71.955000
72.452000
72.966000
77.097000
77.627000
78.089000
78.630000
79.092000
80.079000
76.413000
76.939000
77.383000
78.428000
79.455000
78.966000
79.482000
79.982000
80.477000
80.961000
82.085000
83.124000
70.716000
71.211000
71.708000
72.224000
72.724000
73.683000
74.821000
71.399000
71.930000
72.374000
72.910000
73.391000
74.372000
71.678000
72.180000
72.663000
73.200000
73.666000
74.694000
75.678000
80.683000
81.197000
81.689000
82.216000
82.697000
83.713000
84.313000
84.844000
85.329000
85.858000
86.308000
87.283000
78.149000
78.597000
79.735000
80.127000
81.180000
79.769000
80.266000
80.791000
81.255000
80.858000
81.361000
81.855000
82.369000
82.866000
83.863000
84.847000
71.944000
72.447000
72.952000
73.436000
73.936000
74.947000
74.985000
75.660000
76.055000
68.724000
69.180000
69.738000
70.186000
70.689000
71.749000
80.538000
81.005000
81.533000
82.041000
76.516000
77.047000
77.605000
78.108000
55.407000
55.905000
56.441000
56.902000
57.444000
57.930000
58.433000
58.928000
59.416000
59.925000
69.092000
69.605000
70.077000
70.577000
71.074000
72.089000
69.752000
70.288000
70.749000
71.269000
71.753000
69.108000
69.641000
70.122000
70.678000
73.842000
74.342000
74.839000
75.321000
75.836000
76.869000
79.939000
80.430000
80.930000
81.463000
81.941000
86.719000
87.194000
87.697000
88.191000
88.827000
89.772000
72.138000
72.700000
73.138000
73.613000
74.358000
75.441000
77.366000
77.855000
78.396000
78.855000
79.391000
83.519000
83.999000
84.514000
84.996000
85.511000
79.302000
79.818000
80.447000
81.447000
82.447000
76.563000
77.063000
77.536000
78.058000
78.536000
79.568000
80.525000
79.258000
79.797000
80.272000
80.805000
81.269000
82.266000
81.168000
81.694000
82.189000
82.724000
83.180000
69.474000
69.950000
70.471000
70.985000
71.503000
72.477000
75.816000
76.344000
76.735000
77.350000
77.827000
62.419000
62.963000
63.388000
63.922000
64.452000
65.399000
79.686000
80.213000
80.675000
81.166000
81.711000
82.686000
75.799000
76.286000
76.761000
77.305000
60.499000
60.991000
61.488000
61.963000
62.503000
85.428000
85.925000
86.402000
87.347000
87.839000
88.339000
88.816000
89.355000
90.361000
73.808000
74.327000
74.772000
75.329000
75.802000
76.802000
77.829000
66.324000
66.842000
67.302000
67.836000
68.439000
69.458000
72.977000
73.499000
73.955000
74.511000
74.993000
75.958000
84.302000
84.758000
85.299000
85.821000
86.413000
69.493000
70.011000
70.461000
71.089000
71.514000
72.530000
56.883000
57.380000
57.877000
58.399000
75.224000
75.694000
76.224000
76.727000
77.269000
73.485000
73.980000
74.499000
74.977000
75.480000
82.818000
83.318000
83.824000
84.294000
69.630000
70.086000
70.547000
71.208000
71.624000
80.691000
81.191000
81.708000
82.208000
82.746000
83.764000
80.436000
80.922000
81.455000
81.952000
82.611000
79.261000
79.786000
80.350000
80.786000
73.503000
73.996000
74.511000
70.097000
70.597000
71.124000
71.652000
72.094000
73.863000
74.353000
74.847000
75.536000
75.866000
65.853000
66.388000
66.850000
67.227000
67.866000
68.880000
83.555000
84.055000
84.491000
85.063000
85.533000
86.530000
87.558000
56.407000
56.905000
57.369000
57.894000
58.374000
59.377000
80.622000
81.130000
81.594000
82.130000
82.769000
75.794000
76.275000
76.769000
77.316000
77.810000
69.963000
70.480000
70.961000
72.592000
74.952000
75.502000
75.974000
76.493000
77.011000
68.044000
68.538000
69.036000
69.538000
70.036000
71.108000
81.272000
81.705000
82.308000
82.866000
83.288000
84.353000
67.235000
67.711000
68.258000
68.743000
69.261000
72.691000
73.168000
73.666000
74.197000
74.780000
82.369000
82.885000
83.369000
83.866000
84.383000
85.439000
76.463000
76.944000
77.482000
77.977000
76.910000
77.372000
77.999000
78.391000
72.014000
72.552000
73.049000
73.547000
74.030000
75.022000
69.297000
69.791000
70.394000
70.839000
71.316000
83.560000
84.058000
84.555000
85.025000
85.552000
86.586000
82.799000
83.272000
83.769000
84.266000
84.780000
85.818000
77.788000
78.291000
78.824000
79.336000
59.577000
60.094000
60.571000
69.619000
70.119000
70.616000
