80.735270
84.053166
83.400899
70.115192
88.131170
82.348899
72.089197
90.932745
72.175159
69.123876
79.470721
78.382302
84.786891
87.235019
80.617210
75.972300
83.183888
70.260082
64.457444
75.086687
88.022231
69.422461
82.127963
79.754270
65.791296
77.399962
83.560191
78.618882
74.360549
74.238926
68.748655
69.460356
74.216894
84.061792
79.467078
77.349394
59.531781
81.208720
78.533901
75.897488
68.956230
63.684316
74.163776
75.190002
83.662977
77.394099
87.624595
70.252196
73.011800
82.039434
80.801417
88.870257
78.069990
85.526625
69.172965
76.557918
82.232178
75.059966
86.778612
80.332142
60.634791
79.382258
75.033153
79.449412
79.073983
81.431316
68.249331
82.620056
67.635204
79.744278
72.171820
79.137569
75.041608
61.431399
66.989490
89.628654
88.274295
81.681743
77.750429
81.259821
75.767187
72.714229
80.699885
73.329617
77.421005
77.153693
87.216838
77.030269
80.116176
80.039331
69.794080
78.892577
74.935566
72.660806
71.455496
75.982217
73.969770
59.525798
80.858944
84.615060
64.832658
62.109634
85.096249
67.353084
59.327740
82.695775
74.277624
71.812182
70.318042
74.517236
76.291083
70.209097
79.621012
79.865855
77.417788
68.417990
81.973720
63.986043
73.779424
73.807062
82.596580
63.147918
77.691085
61.754469
78.303599
59.372569
79.452781
75.641093
77.887723
79.147232
81.150071
76.971812
67.299937
74.094526
71.013299
80.990362
65.112950
70.425371
61.716060
76.228543
82.884538
71.729294
69.091205
75.958186
70.462527
80.160388
70.865115
81.701302
72.776638
87.421342
76.885728
81.083461
78.042028
80.377202
86.318912
75.129801
83.903621
85.789657
81.363925
78.440928
79.658407
72.399965
88.135199
62.219007
85.834858
90.350581
69.188658
76.089447
74.253962
89.232051
78.633279
73.418649
81.297326
79.832933
78.755712
74.191298
71.429417
71.816413
83.667628
84.332857
76.951686
81.053659
81.533055
73.983797
76.921175
73.834064
81.893798
76.654085
58.882501
60.121111
70.200822
69.624985
69.157301
74.558363
81.602926
90.758756
73.378598
76.737875
83.832579
81.679868
80.094411
78.691519
83.124957
71.388170
76.121705
65.934804
80.034049
76.928977
60.700005
85.676110
87.801821
78.147156
68.196823
75.320471
85.587742
71.599473
56.090791
80.843375
72.841867
83.811457
70.675184
83.725174
81.793984
78.358505
74.351432
71.185311
73.596909
65.923787
87.898927
55.953221
81.838199
77.235007
71.884716
74.993169
69.544524
88.214176
68.228098
72.828129
85.557909
76.996104
78.250981
72.580373
71.368715
83.894219
83.856007
76.480286
61.306071
70.982413
