0.387683 -0.079630 -0.063856 0.052254
0.417573 -0.053453 -0.039536 0.085342
0.456541 -0.020002 -0.008620 0.128605
0.493004 0.011003 0.019917 0.169717
0.541375 0.052375 0.057905 0.225951
0.634629 0.135985 0.134832 0.342609
0.737897 0.240405 0.232252 0.488067
0.829913 0.346570 0.333732 0.631494
0.915087 0.450547 0.435967 0.771088
0.440892 -0.052071 -0.044097 -0.050731
0.452930 -0.042513 -0.035463 -0.043398
0.469281 -0.029666 -0.023889 -0.033389
0.480356 -0.020981 -0.016090 -0.026567
0.496124 -0.008804 -0.005173 -0.016744
0.527421 0.015312 0.016355 0.003193
0.561215 0.041336 0.039482 0.025649
0.596578 0.068661 0.063696 0.050508
0.633570 0.097760 0.089446 0.078379
0.680084 0.135509 0.122908 0.116782
0.715570 0.165658 0.149749 0.149132
0.407120 0.001675 0.025053 -0.007713
0.416347 0.011191 0.034218 -0.000259
0.428710 0.023890 0.046421 0.009828
0.437097 0.032409 0.054596 0.016725
0.448759 0.044279 0.065957 0.026452
0.471729 0.067470 0.088090 0.046046
0.496046 0.092029 0.111421 0.067615
0.402557 -0.018925 0.002424 0.022758
0.415135 -0.006399 0.014393 0.034386
0.427825 0.006183 0.026384 0.046196
0.440018 0.018179 0.037793 0.057632
0.454202 0.032038 0.050946 0.071068
0.480584 0.057724 0.075242 0.096598
0.522613 0.098677 0.113784 0.139132
0.549281 0.124820 0.138293 0.167556
0.583155 0.158578 0.169858 0.205611
0.619075 0.195322 0.204147 0.248638
0.460353 -0.037332 -0.030285 0.039551
0.474092 -0.026483 -0.020503 0.051170
0.491305 -0.012906 -0.008293 0.065835
0.505397 -0.001859 0.001625 0.077982
0.524133 0.012835 0.014794 0.094358
0.561865 0.042533 0.041358 0.128349
0.601304 0.074085 0.069560 0.165712
0.641012 0.106811 0.098872 0.205720
0.692472 0.151470 0.139096 0.261921
0.385833 -0.053747 -0.032751 0.124762
0.407383 -0.033116 -0.013097 0.154202
0.432047 -0.009792 0.009055 0.187931
0.463877 0.020083 0.037345 0.231712
0.485528 0.040405 0.056551 0.261814
0.568981 0.120532 0.132168 0.381290
0.646152 0.200019 0.207440 0.497496
0.737301 0.302832 0.305822 0.639393
0.810689 0.389709 0.390145 0.752724
0.866647 0.454522 0.453857 0.836271
0.438214 -0.038287 -0.025615 0.138178
0.468428 -0.012629 -0.001924 0.174764
0.501162 0.015118 0.023640 0.214967
0.537629 0.046307 0.052355 0.260767
0.574779 0.078756 0.082262 0.308867
0.652460 0.150677 0.148916 0.414952
0.736043 0.237153 0.230212 0.538166
0.810874 0.323567 0.313061 0.654878
0.877943 0.405469 0.393248 0.761843
0.306278 -0.029525 0.010233 0.022598
0.308563 -0.026261 0.013579 0.025633
0.310790 -0.023028 0.016887 0.028654
0.313191 -0.019608 0.020389 0.031851
0.315252 -0.016674 0.023391 0.034603
0.320281 -0.009566 0.030659 0.041300
0.330687 0.005005 0.045526 0.055168
0.335558 0.011719 0.052364 0.061621
0.341079 0.019268 0.060044 0.068933
0.346781 0.027042 0.067937 0.076528
0.362698 -0.037609 -0.007768 0.204220
0.368428 -0.031403 -0.001650 0.214309
0.374681 -0.024705 0.004951 0.225257
0.380866 -0.018103 0.011449 0.236058
0.386753 -0.011824 0.017623 0.246334
0.400338 0.002532 0.031723 0.269913
0.414453 0.017398 0.046293 0.294338
0.428243 0.031810 0.060399 0.318068
0.443687 0.047982 0.076197 0.344612
0.460079 0.065171 0.092960 0.372710
0.253894 -0.023964 0.036678 0.321163
0.267759 -0.002279 0.060191 0.363005
0.282683 0.020147 0.084325 0.405617
0.301124 0.046964 0.112911 0.455341
0.320768 0.074540 0.142002 0.504995
0.365052 0.134583 0.204198 0.606518
0.419277 0.204846 0.275000 0.713359
0.481695 0.279943 0.348538 0.815291
0.548990 0.352947 0.418177 0.904808
0.588396 0.055710 0.051032 0.135531
0.594565 0.060521 0.055306 0.141185
0.602297 0.066603 0.060709 0.148345
0.608764 0.071697 0.065238 0.154408
0.614094 0.075985 0.069044 0.159433
0.627669 0.086786 0.078658 0.172475
0.641620 0.098122 0.088753 0.186181
0.655283 0.109351 0.098772 0.199944
0.669435 0.121256 0.109406 0.214558
0.683368 0.133061 0.119987 0.229348
0.257029 -0.052314 -0.006468 -0.035747
0.262390 -0.042605 0.003786 -0.028218
0.267224 -0.033933 0.012936 -0.021449
0.274336 -0.021472 0.026074 -0.011677
0.280382 -0.011005 0.037093 -0.003380
0.294883 0.013409 0.062732 0.016309
0.310991 0.039615 0.090132 0.038098
0.327243 0.065094 0.116628 0.060044
0.371343 -0.032207 0.001181 0.349245
0.379413 -0.023940 0.009474 0.366357
0.387759 -0.015327 0.018100 0.384035
0.396487 -0.006307 0.027125 0.402415
0.405434 0.002833 0.036275 0.421010
0.424607 0.022685 0.056103 0.460658
0.442806 0.041608 0.074980 0.497671
0.463648 0.063548 0.096830 0.539365
0.483728 0.084978 0.118137 0.578707
0.505897 0.109144 0.142103 0.621188
0.344342 -0.013109 0.021944 0.082012
0.350978 -0.004808 0.030264 0.091133
0.357857 0.003761 0.038837 0.100622
0.365612 0.013312 0.048378 0.111276
0.372721 0.022005 0.057046 0.121054
0.388294 0.040830 0.075766 0.142493
0.407800 0.064070 0.098775 0.169476
0.422436 0.081292 0.115755 0.189839
0.442500 0.104711 0.138743 0.218022
0.332727 -0.033266 0.010511 0.387792
0.342058 -0.022614 0.021557 0.410932
0.351350 -0.012083 0.032463 0.433609
0.361258 -0.000870 0.044053 0.457462
0.371355 0.010715 0.055983 0.481600
0.392326 0.034467 0.080396 0.530146
0.422022 0.068368 0.115035 0.596074
0.446946 0.097281 0.144347 0.648731
0.473084 0.128023 0.175258 0.700993
0.501442 0.161629 0.208741 0.753877
0.564315 0.003425 0.002282 0.410928
0.606937 0.036799 0.032988 0.476563
0.633654 0.058837 0.053426 0.518148
0.667786 0.088512 0.081169 0.571489
0.706795 0.125067 0.115682 0.632752
0.791861 0.216439 0.203527 0.765454
0.855381 0.295087 0.280824 0.861355
0.379838 -0.013258 0.016497 0.206747
0.383965 -0.008782 0.020898 0.213560
0.386072 -0.006480 0.023159 0.217049
0.390100 -0.002132 0.027430 0.223688
0.392146 0.000083 0.029604 0.227062
0.398489 0.006901 0.036293 0.237497
0.404697 0.013553 0.042814 0.247694
0.411681 0.021036 0.050139 0.259169
0.418866 0.028701 0.057635 0.270954
0.344821 0.031131 0.075708 0.226610
0.387143 0.085734 0.130992 0.304100
0.442172 0.153771 0.198831 0.401373
0.502439 0.226838 0.270602 0.504297
0.643226 0.392428 0.430886 0.725730
0.799175 0.544145 0.575539 0.926930
0.955910 0.649650 0.673411 1.092816
1.068005 0.702143 0.720720 1.202589
0.421352 -0.048127 -0.033738 0.117683
0.440202 -0.031789 -0.018569 0.140336
0.456592 -0.017656 -0.005475 0.160107
0.477271 0.000111 0.010961 0.185248
0.503202 0.022417 0.031567 0.217166
0.559928 0.071958 0.077308 0.289131
0.631494 0.137799 0.138325 0.385389
0.681509 0.187386 0.184651 0.456809
0.732315 0.241497 0.235713 0.532820
0.430612 0.036668 0.062835 0.203777
0.471113 0.079252 0.103950 0.261329
0.510685 0.120964 0.144015 0.318721
0.561182 0.175132 0.195842 0.393951
0.604799 0.223294 0.241850 0.460658
0.700925 0.333977 0.347886 0.610598
0.811042 0.459918 0.469780 0.777731
0.294045 -0.088521 -0.049143 0.259534
0.306189 -0.074274 -0.034400 0.290765
0.325006 -0.052690 -0.012111 0.337972
0.333687 -0.042932 -0.002049 0.359247
0.348419 -0.026579 0.014792 0.394681
0.383054 0.011859 0.054198 0.475689
0.421253 0.054255 0.097403 0.560502
0.462858 0.101452 0.145088 0.647351
0.539813 0.191645 0.234714 0.789179
0.407427 0.012300 0.038098 0.089891
0.418730 0.024337 0.049753 0.102773
0.430064 0.036332 0.061343 0.115773
0.440882 0.047734 0.072339 0.128282
0.451808 0.059232 0.083403 0.141040
0.474361 0.082839 0.106058 0.167754
0.497693 0.107300 0.129439 0.196104
0.524680 0.135609 0.156414 0.229819
0.552251 0.164903 0.184224 0.265544
0.580170 0.194903 0.212640 0.302986
0.353236 0.005278 0.040512 -0.002256
0.357659 0.010861 0.046112 0.002096
0.361510 0.015708 0.050969 0.005897
0.365979 0.021317 0.056583 0.010323
0.370391 0.026834 0.062100 0.014709
0.379363 0.037973 0.073220 0.023672
0.388933 0.049691 0.084898 0.033269
0.398808 0.061684 0.096821 0.043277
0.398808 0.061684 0.096821 0.043277
0.445175 0.040754 0.065439 0.257702
0.484222 0.080900 0.104109 0.316816
0.504286 0.101656 0.124048 0.347483
0.540120 0.139216 0.160070 0.402825
0.726726 0.350023 0.362695 0.695327
0.456953 0.018763 0.035224 0.086033
0.482482 0.042707 0.057696 0.111555
0.535668 0.092700 0.104395 0.167168
0.567676 0.123173 0.132768 0.202669
0.627615 0.182302 0.187737 0.274371
0.686875 0.244088 0.245332 0.352764
0.485872 0.000806 0.008245 0.030519
0.498181 0.010951 0.017463 0.040045
0.511302 0.021740 0.027251 0.050337
0.525576 0.033459 0.037865 0.061713
0.538082 0.043684 0.047118 0.071853
0.565438 0.066292 0.067533 0.094690
0.595462 0.091383 0.090160 0.120966
0.627111 0.118345 0.114477 0.150293
0.659863 0.147071 0.140426 0.182681
0.559331 0.041635 0.042621 0.263006
0.576911 0.056159 0.055832 0.284921
0.596672 0.072768 0.070965 0.309960
0.614324 0.087896 0.084781 0.332734
0.634324 0.105406 0.100819 0.359063
0.710720 0.177192 0.167217 0.464838
0.747877 0.215517 0.203168 0.519388
0.784635 0.255871 0.241439 0.575274
0.494999 0.038052 0.053084 0.315900
0.510200 0.052162 0.066416 0.338789
0.524609 0.065625 0.079140 0.360565
0.539773 0.079935 0.092672 0.383611
0.556870 0.096295 0.108153 0.409778
0.588850 0.127662 0.137884 0.459224
0.622270 0.161686 0.170230 0.511465
0.428458 0.033216 0.057637 0.066911
0.450089 0.055880 0.079444 0.088863
0.473344 0.080069 0.102625 0.113054
0.498537 0.106242 0.127600 0.140137
0.529150 0.138166 0.157927 0.174476
0.584312 0.196618 0.213146 0.240933
0.641453 0.259075 0.271915 0.316542
0.401269 0.076267 0.114398 0.175450
0.440703 0.123990 0.161570 0.232174
0.488039 0.180254 0.216535 0.301845
0.535802 0.236659 0.271052 0.373931
0.700905 0.430142 0.456466 0.629049
0.801677 0.535662 0.557876 0.777576
0.909442 0.624755 0.643286 0.925285
1.008372 0.683984 0.699404 1.053429
1.077627 0.714786 0.728239 1.140584
0.321124 -0.075561 -0.046858 -0.043023
0.340847 -0.052384 -0.023966 -0.023931
0.363514 -0.026445 0.001552 -0.002270
0.388634 0.001628 0.029040 0.021711
0.417207 0.032915 0.059510 0.049337
0.482525 0.102927 0.127054 0.115670
0.563427 0.189606 0.209568 0.207677
0.648081 0.283476 0.298065 0.318874
0.731231 0.379188 0.388388 0.442104
0.814764 0.475126 0.479998 0.574858
0.476730 0.001239 0.015319 0.319755
0.489842 0.012720 0.026138 0.340383
0.503545 0.024793 0.037523 0.361992
0.517210 0.036987 0.049024 0.383685
0.531650 0.049976 0.061288 0.406626
0.561836 0.077657 0.087481 0.454768
0.591997 0.106289 0.114658 0.503157
0.623178 0.137184 0.144089 0.553433
0.653645 0.168752 0.174289 0.602504
0.685468 0.203230 0.207426 0.653373
0.456844 0.056714 0.080272 0.205821
0.468306 0.068566 0.091646 0.221174
0.477051 0.077589 0.100294 0.232951
0.486796 0.087682 0.109954 0.246184
0.498077 0.099353 0.121114 0.261597
0.519473 0.121620 0.142367 0.291235
0.543008 0.146328 0.165905 0.324437
0.541443 0.041535 0.044224 0.108448
0.554968 0.052635 0.054243 0.120752
0.570146 0.065170 0.065550 0.134839
0.585825 0.078223 0.077321 0.149732
0.600739 0.090786 0.088650 0.164251
0.666444 0.147998 0.140391 0.232972
0.694903 0.174176 0.164198 0.265551
0.714395 0.192779 0.181182 0.288983
0.391257 -0.039795 -0.016586 0.192535
0.407075 -0.024368 -0.001741 0.217318
0.426368 -0.005674 0.016213 0.247522
0.445702 0.012943 0.034066 0.277747
0.466186 0.032704 0.052988 0.309879
0.509512 0.074869 0.093311 0.378213
0.555839 0.121198 0.137608 0.451994
0.394582 0.007186 0.035766 0.152829
0.403461 0.016898 0.045254 0.165230
0.413702 0.028031 0.056112 0.179549
0.421510 0.036484 0.064342 0.190495
0.433388 0.049287 0.076786 0.207190
0.450598 0.067766 0.094701 0.231523
0.472726 0.091454 0.117594 0.263081
0.494663 0.114969 0.140249 0.294757
0.518003 0.140119 0.164410 0.328932
0.410127 -0.050373 -0.034270 0.100880
0.423821 -0.038132 -0.022831 0.117086
0.438470 -0.025132 -0.010705 0.134464
0.453495 -0.011876 0.001638 0.152369
0.469603 0.002313 0.014828 0.171679
0.503264 0.031934 0.042315 0.212620
0.540424 0.064966 0.072927 0.259030
0.578609 0.099685 0.105116 0.308383
0.616295 0.135156 0.138075 0.358996
0.658898 0.177151 0.177272 0.418701
0.532827 -0.013522 -0.012214 0.347732
0.554617 0.003052 0.002901 0.380181
0.582054 0.024472 0.022515 0.421504
0.605404 0.043208 0.039766 0.456856
0.631509 0.064914 0.059865 0.496688
0.681161 0.109072 0.101141 0.573400
0.731402 0.158398 0.147881 0.651584
0.782667 0.214406 0.201742 0.731269
0.393880 0.031328 0.062260 -0.010382
0.400885 0.039459 0.070269 -0.004474
0.408199 0.047875 0.078548 0.001740
0.415667 0.056358 0.086885 0.008116
0.424367 0.066286 0.096616 0.015674
0.477403 0.125970 0.154708 0.064297
0.468168 -0.036935 -0.029643 0.169670
0.503338 -0.009192 -0.004485 0.212595
0.541202 0.020934 0.022834 0.259701
0.587832 0.058993 0.057445 0.319584
0.636399 0.100581 0.095502 0.384496
0.719073 0.178511 0.167804 0.501818
0.802786 0.269586 0.254283 0.629167
0.179967 -0.074548 0.001502 0.391057
0.188827 -0.057995 0.021064 0.433386
0.199398 -0.039312 0.042972 0.479935
0.211356 -0.018576 0.066965 0.529245
0.257567 0.055155 0.149361 0.685795
0.303549 0.121992 0.219489 0.801543
0.354973 0.188523 0.285426 0.897293
0.420718 0.262734 0.355557 0.987395
0.503465 0.343288 0.428967 1.070944
0.366368 -0.084677 -0.063706 0.141112
0.404312 -0.049592 -0.030326 0.199725
0.425132 -0.030663 -0.012370 0.231733
0.502869 0.039833 0.054369 0.351729
0.578116 0.111020 0.121873 0.470074
0.674972 0.212253 0.218660 0.624568
0.764952 0.316709 0.319786 0.764176
0.912314 0.486897 0.487572 0.968433
0.439555 -0.004385 0.013981 0.204469
0.460218 0.014925 0.032261 0.233303
0.485175 0.038258 0.054314 0.268403
0.507744 0.059482 0.074353 0.300481
0.531607 0.082180 0.095774 0.334863
0.585721 0.135153 0.145808 0.414642
0.640078 0.191376 0.199106 0.497305
0.695709 0.252660 0.257584 0.583815
0.751003 0.316843 0.319360 0.670188
0.424176 0.059698 0.088962 0.008684
0.432347 0.068808 0.097860 0.015638
0.440632 0.077987 0.106811 0.022780
0.452285 0.090969 0.119433 0.033050
0.462645 0.102469 0.130585 0.042373
0.480430 0.122093 0.149561 0.058803
0.497819 0.141313 0.168066 0.075501
0.515576 0.160784 0.186756 0.093136
0.536085 0.183620 0.208562 0.114550
0.337475 -0.052717 -0.019018 0.225987
0.353638 -0.034641 -0.000907 0.258435
0.374327 -0.011879 0.021829 0.299350
0.396044 0.011629 0.045246 0.341572
0.468017 0.089365 0.122200 0.477682
0.523114 0.150366 0.182188 0.577632
0.579670 0.215164 0.245586 0.674865
0.532122 0.026682 0.029385 0.134249
0.539788 0.032881 0.034974 0.141747
0.547375 0.039028 0.040515 0.149231
0.556095 0.046131 0.046916 0.157914
0.564119 0.052682 0.052819 0.165988
0.580353 0.066010 0.064833 0.182580
0.598063 0.080709 0.078089 0.201110
0.616403 0.096163 0.092043 0.220812
0.635113 0.112212 0.106558 0.241489
0.425793 -0.017816 0.001714 0.213360
0.434158 -0.009977 0.009168 0.225693
0.442928 -0.001785 0.016952 0.238615
0.451717 0.006430 0.024753 0.251609
0.461403 0.015463 0.033328 0.265922
0.480670 0.033489 0.050424 0.294552
0.499054 0.050776 0.066811 0.322028
0.541071 0.090962 0.104894 0.385629
0.412507 -0.036775 -0.015149 0.287214
0.452905 0.000276 0.020478 0.357842
0.467137 0.013378 0.033078 0.382613
0.499237 0.043408 0.061957 0.438518
0.528969 0.071819 0.089318 0.490026
0.633891 0.180438 0.194320 0.668161
0.777220 0.347280 0.356761 0.883189
0.873830 0.456104 0.463560 1.001834
0.485443 0.007579 0.019356 0.267064
0.499077 0.019434 0.030408 0.286396
0.512123 0.030838 0.041043 0.305005
0.524167 0.041439 0.050932 0.322304
0.540617 0.056068 0.064585 0.346128
0.566937 0.079855 0.086821 0.384611
0.595772 0.106648 0.111933 0.427412
0.627475 0.137223 0.140699 0.475264
0.657068 0.166993 0.168837 0.520591
0.546956 0.039362 0.040051 0.005667
0.557200 0.047404 0.047236 0.012356
0.565584 0.054002 0.053125 0.017919
0.575611 0.061876 0.060149 0.024688
0.586339 0.070362 0.067710 0.032072
0.606296 0.086324 0.081914 0.046233
0.628119 0.103886 0.097537 0.062431
0.650034 0.121763 0.113448 0.079531
0.672227 0.140222 0.129895 0.097792
0.695519 0.160187 0.147703 0.118097
0.360169 0.025366 0.062258 -0.054375
0.372089 0.040423 0.077416 -0.045253
0.386389 0.058436 0.095480 -0.034019
0.411803 0.089754 0.126744 -0.013388
0.440086 0.124244 0.160906 0.011045
0.469572 0.159833 0.195855 0.038379
0.504083 0.201053 0.235970 0.072946
0.216639 -0.019295 0.043076 0.086275
0.221019 -0.008609 0.054857 0.098467
0.226513 0.004314 0.069075 0.113392
0.229588 0.011318 0.076764 0.121557
0.234453 0.022115 0.088585 0.134159
0.244955 0.044256 0.112718 0.160451
0.258908 0.071622 0.142292 0.193521
0.271499 0.094683 0.166967 0.221834
0.287318 0.121920 0.195787 0.255683
0.447409 0.020856 0.040031 0.126722
0.493796 0.065876 0.082607 0.180280
0.540598 0.111590 0.125633 0.236879
0.603414 0.174853 0.185011 0.318156
0.651837 0.225941 0.233007 0.385466
0.760536 0.348999 0.349679 0.549922
0.863351 0.469100 0.466015 0.714505
0.324251 -0.021601 0.016532 0.089868
0.343027 0.003210 0.041658 0.118589
0.364577 0.030904 0.069562 0.151342
0.396687 0.070902 0.109570 0.199935
0.406735 0.083188 0.121786 0.215175
0.464043 0.151867 0.189447 0.302577
0.523851 0.222526 0.258097 0.395306
0.592490 0.303756 0.336285 0.503041
0.651499 0.373222 0.402958 0.595108
0.427578 -0.061903 -0.051307 0.078645
0.452516 -0.041651 -0.032861 0.105048
0.479746 -0.019767 -0.012990 0.134127
0.510449 0.004862 0.009318 0.167410
0.540678 0.029217 0.031357 0.200947
0.615805 0.091695 0.087995 0.288782
0.685172 0.154048 0.145039 0.377317
0.763056 0.232502 0.218031 0.486915
0.815815 0.291636 0.274135 0.567455
0.406487 0.064094 0.105625 0.424701
0.438696 0.101417 0.142986 0.487859
0.467442 0.134812 0.176223 0.542415
0.713668 0.414730 0.448530 0.917500
0.321640 -0.014682 0.023848 -0.013074
0.327185 -0.007065 0.031607 -0.007162
0.332814 0.000650 0.039452 -0.001130
0.338086 0.007847 0.046760 0.004544
0.342724 0.014115 0.053119 0.009526
0.356360 0.032289 0.071519 0.024198
0.366027 0.044994 0.084344 0.034675
0.379505 0.062431 0.101894 0.049386
0.392201 0.078752 0.118253 0.063508
0.427051 -0.058873 -0.048812 -0.013546
0.451664 -0.038873 -0.030631 0.005010
0.478183 -0.017587 -0.011375 0.025164
0.512937 0.010009 0.013473 0.052148
0.546351 0.036426 0.037170 0.079024
0.620050 0.095896 0.090359 0.143096
0.705581 0.169756 0.156736 0.229471
0.786894 0.248744 0.228880 0.328382
0.460677 -0.012107 0.001131 0.221456
0.499900 0.022030 0.032940 0.275664
0.538500 0.056132 0.064723 0.330043
0.581673 0.095448 0.101447 0.392306
0.625546 0.137330 0.140744 0.457317
0.715811 0.231838 0.230383 0.595768
0.800150 0.330337 0.325496 0.727143
0.881505 0.428653 0.422319 0.850412
0.426689 0.022307 0.045305 0.056212
0.436026 0.031853 0.054471 0.065297
0.461916 0.058303 0.079776 0.090988
0.481311 0.078012 0.098558 0.110747
0.525688 0.123161 0.141370 0.158070
0.543676 0.141635 0.158812 0.178247
0.717892 0.136854 0.137007 0.846583
0.729450 0.150047 0.149909 0.864708
0.742578 0.165414 0.164960 0.884834
0.755260 0.180747 0.179991 0.903924
0.766350 0.194213 0.193233 0.919977
0.789806 0.223699 0.222266 0.952942
0.813510 0.254300 0.252486 0.984443
0.836692 0.284713 0.282611 1.013487
0.859913 0.315375 0.313070 1.040908
0.455804 -0.034864 -0.027297 -0.053454
0.466995 -0.025942 -0.019225 -0.046993
0.479704 -0.015871 -0.010135 -0.039603
0.492429 -0.005832 -0.001097 -0.032129
0.507260 0.005771 0.009328 -0.023290
0.535899 0.028144 0.029354 -0.005765
0.575207 0.058840 0.056713 0.019596
0.610564 0.086741 0.081502 0.044059
0.632304 0.104074 0.096892 0.060036
0.673519 0.137834 0.126888 0.092652
0.704005 0.163733 0.149961 0.119055
0.366530 -0.033385 -0.004961 0.149246
0.371360 -0.028127 0.000194 0.156671
0.377415 -0.021562 0.006624 0.165967
0.382963 -0.015576 0.012481 0.174473
0.387780 -0.010405 0.017537 0.181847
0.399133 0.001717 0.029372 0.199211
0.431511 0.035908 0.062640 0.248701
0.449240 0.054493 0.080658 0.275864
0.462269 0.068137 0.093859 0.295887
0.325265 -0.092600 -0.066053 0.045052
0.336106 -0.080700 -0.054421 0.060171
0.349026 -0.066722 -0.040790 0.078053
0.360047 -0.054963 -0.029348 0.093215
0.370869 -0.043539 -0.018254 0.108048
0.399817 -0.013506 0.010812 0.147580
0.434518 0.021814 0.044823 0.195064
0.509791 0.097830 0.117522 0.300334
0.554746 0.144120 0.161586 0.365568
0.482866 0.019000 0.030898 0.152718
0.494924 0.029712 0.040831 0.166264
0.503837 0.037611 0.048152 0.176365
0.511136 0.044105 0.054167 0.184697
0.521730 0.053590 0.062943 0.196892
0.543209 0.072883 0.080791 0.222029
0.562620 0.090473 0.097061 0.245268
0.585039 0.111150 0.116188 0.272792
0.606672 0.131470 0.135003 0.300098
0.291017 -0.070990 -0.021517 0.403792
0.298788 -0.061954 -0.011797 0.426812
0.309069 -0.050064 0.000971 0.456719
0.316306 -0.041847 0.009792 0.477207
0.325557 -0.031210 0.021173 0.503204
0.345426 -0.008176 0.045691 0.557585
0.367182 0.016997 0.072312 0.614092
0.396236 0.051414 0.108255 0.685231
0.422471 0.083138 0.140866 0.744487
0.452560 0.119570 0.177718 0.805778
0.365689 -0.031953 0.000480 0.288225
0.398314 0.002521 0.034772 0.352833
0.432143 0.038106 0.070034 0.418506
0.469632 0.077751 0.109199 0.489634
0.514632 0.126566 0.157259 0.572696
0.601995 0.225868 0.254493 0.723050
0.700469 0.339607 0.364994 0.867405
0.799788 0.445431 0.467163 0.985531
0.334049 0.064185 0.116017 0.205764
0.338788 0.071005 0.123033 0.214385
0.343532 0.077770 0.129978 0.222974
0.348106 0.084235 0.136603 0.231222
0.353103 0.091239 0.143763 0.240184
0.363404 0.105495 0.158289 0.258531
0.385174 0.134930 0.188070 0.296703
0.396723 0.150215 0.203427 0.316752
0.411669 0.169719 0.222917 0.342462
0.351475 -0.090460 -0.066390 0.175893
0.369179 -0.073491 -0.049987 0.207300
0.387574 -0.056105 -0.033210 0.239687
0.410148 -0.035039 -0.012911 0.279120
0.431092 -0.015608 0.005793 0.315519
0.482144 0.032043 0.051630 0.403926
0.540927 0.088684 0.106176 0.505100
0.599235 0.148598 0.164030 0.604320
0.665405 0.221903 0.235064 0.712820
0.717269 0.282387 0.293872 0.792474
0.778100 0.354057 0.363801 0.878110
0.453070 -0.028733 -0.018644 0.070154
0.464148 -0.019493 -0.010194 0.080700
0.477046 -0.008795 -0.000426 0.093056
0.489018 0.001118 0.008613 0.104617
0.501799 0.011679 0.018230 0.117077
0.529155 0.034328 0.038823 0.144235
0.557350 0.057852 0.060184 0.173082
0.586783 0.082831 0.082858 0.204302
0.619518 0.111240 0.108686 0.240608
0.649136 0.137784 0.132883 0.275086
0.319166 -0.090840 -0.062118 0.082603
0.338917 -0.068666 -0.040262 0.114360
0.359910 -0.045691 -0.017700 0.147691
0.384335 -0.019561 0.007863 0.186107
0.410861 0.008284 0.034995 0.227584
0.472389 0.072041 0.096754 0.323845
0.661653 0.279213 0.296154 0.625051
0.743494 0.374598 0.388412 0.750129
0.818541 0.458032 0.469584 0.856175
0.266978 0.112527 0.191618 0.317423
0.269007 0.115897 0.195196 0.322179
0.271013 0.119312 0.198804 0.326796
0.273027 0.122632 0.202315 0.331437
0.275271 0.126350 0.206234 0.336536
0.279658 0.133485 0.213739 0.346402
0.288506 0.147586 0.228488 0.365820
0.451989 0.018523 0.038486 0.252021
0.468824 0.034705 0.053912 0.276895
0.484914 0.050216 0.068682 0.300797
0.501880 0.066670 0.084339 0.326174
0.518147 0.082562 0.099453 0.350663
0.563761 0.128048 0.142714 0.420234
0.594136 0.159365 0.172537 0.467303
0.642448 0.211291 0.222119 0.543116
0.685296 0.259514 0.268377 0.610631
0.441200 -0.012337 0.003138 0.117998
0.492025 0.033630 0.046037 0.176026
0.537045 0.074563 0.084094 0.229420
0.594011 0.127814 0.133565 0.300787
0.658122 0.191301 0.192739 0.387288
0.983239 0.560097 0.551335 0.899562
1.079060 0.646202 0.640701 1.055331
0.557690 0.019116 0.014514 -0.027534
0.585760 0.039399 0.032179 -0.011665
0.610434 0.057205 0.047656 0.002997
0.639906 0.078801 0.066396 0.021477
0.683458 0.111280 0.094611 0.051178
0.769522 0.180313 0.155065 0.120666
0.837694 0.241323 0.209627 0.189792
0.895478 0.299376 0.262854 0.261761
0.399397 0.006897 0.033201 0.057212
0.416879 0.025710 0.051452 0.075676
0.433308 0.043189 0.068356 0.093212
0.452927 0.063965 0.088377 0.114523
0.471890 0.083934 0.107552 0.135543
0.516374 0.130725 0.152244 0.186887
0.563532 0.181020 0.199956 0.245139
0.609774 0.231391 0.247533 0.306384
0.376852 0.073206 0.115562 0.117501
0.415135 0.122633 0.165021 0.169527
0.443492 0.158216 0.200231 0.208918
0.470498 0.191612 0.232971 0.247306
0.619313 0.370854 0.405221 0.470579
0.519918 0.004271 0.014416 0.460618
0.536829 0.018394 0.027827 0.489909
0.553871 0.033054 0.041770 0.519589
0.573870 0.050635 0.058547 0.554202
0.593346 0.068282 0.075440 0.587728
0.632371 0.105711 0.111405 0.654426
0.670735 0.145211 0.149570 0.718353
0.711147 0.189898 0.192969 0.783178
0.751733 0.237692 0.239618 0.844955
0.400778 -0.021822 -0.000640 0.012183
0.409351 -0.013241 0.007554 0.019842
0.418075 -0.004630 0.015770 0.027642
0.428072 0.005198 0.025130 0.036630
0.439362 0.016265 0.035647 0.046858
0.485557 0.061089 0.078047 0.089879
0.530365 0.069335 0.079193 0.203581
0.558694 0.095373 0.103348 0.237080
0.577844 0.113250 0.119930 0.260393
0.601296 0.135547 0.140618 0.289751
0.647539 0.181052 0.182932 0.350462
0.770200 0.314484 0.308579 0.530154
0.820209 0.373558 0.365300 0.609734
0.864481 0.426565 0.416893 0.681918
0.557320 0.027962 0.026113 0.169064
0.572868 0.040078 0.036920 0.185042
0.589115 0.052868 0.048335 0.202047
0.604692 0.065267 0.059413 0.218680
0.621703 0.078941 0.071659 0.237265
0.655178 0.106730 0.096614 0.275101
0.727458 0.171370 0.155294 0.363773
0.756751 0.199783 0.181447 0.402846
0.790559 0.234588 0.213807 0.450367
0.442632 0.030152 0.050691 -0.020879
0.455921 0.043284 0.063206 -0.011448
0.467452 0.054701 0.074056 -0.003091
0.480849 0.067874 0.086551 0.006813
0.524313 0.110529 0.126807 0.040781
0.586781 0.172616 0.184931 0.095883
0.240430 -0.067601 -0.018151 0.102214
0.245126 -0.058750 -0.008665 0.114497
0.250450 -0.048936 0.001841 0.128207
0.256290 -0.038426 0.013074 0.142983
0.261995 -0.028379 0.023792 0.157172
0.275499 -0.005463 0.048155 0.189820
0.306283 0.043052 0.099263 0.259956
0.324766 0.070286 0.127623 0.299683
0.345295 0.099344 0.157593 0.342103
0.338916 -0.109055 -0.084920 0.174497
0.365598 -0.083946 -0.060640 0.224513
0.400301 -0.052186 -0.029983 0.288442
0.439545 -0.016632 0.004302 0.359917
0.481964 0.022158 0.041732 0.436507
0.574651 0.112051 0.128738 0.601023
0.683981 0.232622 0.245971 0.781702
0.786189 0.353262 0.363719 0.924629
0.466873 0.030545 0.047004 0.116258
0.500451 0.062288 0.076804 0.152287
0.540381 0.100272 0.112330 0.196981
0.580569 0.139249 0.148696 0.244497
0.626657 0.185460 0.191791 0.302658
0.702917 0.266589 0.267757 0.408241
0.801666 0.380298 0.375776 0.560524
0.521916 -0.021799 -0.014632 0.472831
0.563486 0.011104 0.016505 0.546181
0.602176 0.043745 0.047638 0.613889
0.661097 0.098841 0.100624 0.715070
0.697194 0.136405 0.137013 0.774879
0.789210 0.244600 0.242869 0.914276
0.876957 0.357112 0.354376 1.026053
0.055975 -0.063053 0.028242 -0.000310
0.055542 -0.060248 0.031793 0.002592
0.055084 -0.057139 0.035716 0.005683
0.054374 -0.052228 0.041930 0.010718
0.052553 -0.038356 0.059491 0.025119
0.051874 -0.032439 0.066975 0.031296
0.051209 -0.026138 0.074949 0.037965
0.439912 -0.020932 -0.006024 0.145826
0.476498 0.011594 0.024303 0.190712
0.516665 0.047375 0.057579 0.241080
0.557179 0.084061 0.091674 0.293523
0.602153 0.126166 0.130862 0.354069
0.778674 0.314959 0.309417 0.616925
0.331354 -0.052793 -0.018435 0.202506
0.346032 -0.035789 -0.001368 0.231498
0.362230 -0.017426 0.017020 0.263002
0.398734 0.023147 0.057462 0.332657
0.441126 0.069665 0.103546 0.411652
0.382698 0.009556 0.041974 0.203202
0.396884 0.025596 0.057816 0.226025
0.409046 0.039244 0.071258 0.245547
0.465092 0.101387 0.132094 0.335419
0.256586 -0.044851 0.004603 0.102658
0.281535 -0.001902 0.050118 0.158445
0.313130 0.047798 0.102226 0.224780
0.399942 0.168323 0.225270 0.390287
0.518824 0.317452 0.371802 0.592259
0.269669 0.005667 0.062215 0.181585
0.278597 0.020942 0.078460 0.202469
0.292383 0.043504 0.102333 0.233730
0.312093 0.074179 0.134498 0.276510
0.471724 0.028866 0.048278 0.340506
0.489312 0.045610 0.064299 0.369130
0.511937 0.067363 0.085113 0.406011
0.292023 0.009173 0.058719 0.046914
0.302650 0.026584 0.076949 0.063116
0.313946 0.044600 0.095741 0.080223
0.339617 0.083961 0.136505 0.118972
0.287494 0.020787 0.088724 0.493034
0.308062 0.049611 0.119608 0.549952
0.332821 0.083524 0.155412 0.613117
0.386940 0.155256 0.229102 0.732526
0.362798 -0.022747 0.006462 0.045416
0.391653 0.009883 0.038489 0.078524
0.413117 0.033679 0.061727 0.103351
0.475773 0.101901 0.127785 0.178195
0.268061 0.018607 0.079879 0.256981
0.286737 0.049038 0.112288 0.303859
0.310638 0.085568 0.150712 0.359879
0.358359 0.153125 0.220347 0.461539
0.330770 0.032126 0.077070 0.047607
0.348671 0.057814 0.103388 0.070721
0.364174 0.079487 0.125471 0.090863
0.393763 0.119680 0.166090 0.129910
0.493285 0.070780 0.092887 0.401059
0.519412 0.097226 0.118391 0.444672
0.545673 0.124360 0.144556 0.488493
0.600834 0.183583 0.201708 0.579964
0.605643 0.024022 0.014870 0.339817
0.623806 0.037701 0.027098 0.363744
0.640367 0.050451 0.038544 0.385869
0.678298 0.080874 0.066062 0.437539
0.566996 0.026413 0.025096 0.323561
0.582967 0.039152 0.036669 0.345287
0.604711 0.056823 0.052772 0.375138
0.643131 0.089267 0.082511 0.429017
0.323927 0.014270 0.059071 0.142889
0.340207 0.037102 0.082466 0.170847
0.357429 0.060572 0.106381 0.200092
0.396382 0.111660 0.157917 0.265207
0.527125 0.060655 0.068796 0.064113
0.602890 0.127983 0.130460 0.130973
0.686490 0.207053 0.202800 0.218327
0.510402 0.141478 0.166001 -0.037772
0.551160 0.185008 0.207507 -0.007569
0.596461 0.234070 0.253887 0.030974
0.405867 -0.059813 -0.044293 0.094279
0.420971 -0.046525 -0.031917 0.112117
0.436996 -0.032541 -0.018921 0.131076
0.468438 -0.005307 0.006322 0.168527
0.473158 0.142005 0.174257 0.086627
0.506656 0.180736 0.211751 0.122910
0.540764 0.220352 0.249761 0.162615
0.409757 0.005035 0.028592 0.019780
0.430457 0.026445 0.049179 0.038409
0.446770 0.043098 0.065144 0.053312
0.494866 0.091969 0.111710 0.099155
0.449015 0.053352 0.076372 0.010696
0.466706 0.071523 0.093791 0.025026
0.487176 0.092551 0.113867 0.042194
0.529677 0.136329 0.155414 0.080217
0.417220 0.023584 0.050446 0.190861
0.456067 0.064626 0.090187 0.246412
0.496410 0.107155 0.131138 0.305079
0.606671 0.227015 0.245874 0.472010
0.507063 0.023491 0.031049 0.151390
0.551208 0.061172 0.065526 0.199355
0.601440 0.105191 0.105805 0.257045
0.248037 -0.024402 0.032938 0.202965
0.262442 0.000971 0.060279 0.242796
0.279519 0.029118 0.090373 0.287202
0.319121 0.089249 0.153646 0.381252
0.577237 0.038815 0.040301 0.443119
0.600103 0.058142 0.058306 0.478818
0.623537 0.078640 0.077490 0.515624
0.672254 0.123905 0.120193 0.592479
0.628435 0.102678 0.096419 0.155177
0.644813 0.116409 0.108723 0.170958
0.658990 0.128465 0.119544 0.185041
0.690285 0.155947 0.144269 0.217631
0.464516 -0.006131 0.007564 0.241627
0.488922 0.015276 0.027578 0.276269
0.517881 0.040908 0.051542 0.317854
0.574862 0.092802 0.100149 0.401394
0.453374 0.074154 0.099612 0.009041
0.464951 0.086448 0.111469 0.018436
0.476059 0.098234 0.122808 0.027664
0.501436 0.125231 0.148674 0.049624
0.346587 0.076949 0.138270 0.505505
0.359528 0.093910 0.155818 0.535091
0.371729 0.109856 0.172211 0.562177
0.399635 0.145822 0.208850 0.620944
0.421997 0.009579 0.033854 0.215716
0.439611 0.027414 0.051047 0.241855
0.457997 0.045981 0.068908 0.269240
0.497878 0.086393 0.107676 0.329199
0.398527 -0.059917 -0.040916 0.197843
0.450210 -0.013757 0.002777 0.278662
0.510506 0.040323 0.053916 0.373441
0.659528 0.187219 0.193849 0.612066
0.624295 0.104178 0.098694 0.086868
0.670262 0.142705 0.133130 0.126273
0.746458 0.211307 0.194864 0.202346
0.494131 -0.011822 -0.004772 0.252968
0.541236 0.026508 0.030384 0.317688
0.583321 0.061869 0.062940 0.376998
0.662869 0.133766 0.129780 0.493279
0.299307 0.012441 0.060352 -0.016996
0.309840 0.029358 0.078007 -0.004748
0.322084 0.048539 0.097962 0.009514
0.347988 0.087655 0.138401 0.040037
0.400094 0.034919 0.065073 -0.035242
0.419983 0.057509 0.087250 -0.020247
0.442920 0.083091 0.112260 -0.002354
0.497731 0.143935 0.171175 0.044292
0.347403 -0.010896 0.024296 0.111355
0.365823 0.011787 0.046980 0.138558
0.387341 0.037727 0.072801 0.170262
0.428635 0.086268 0.120753 0.231236
0.446030 0.080997 0.112464 0.311567
0.474856 0.112878 0.143572 0.358230
0.502649 0.143760 0.173586 0.403293
0.568489 0.218227 0.245636 0.510106
0.520680 0.004938 0.006181 0.062916
0.545046 0.023624 0.022806 0.082782
0.571929 0.044368 0.041231 0.105392
0.626686 0.087544 0.079562 0.154323
0.525757 0.011086 0.013628 0.190700
0.581785 0.056169 0.054329 0.255304
0.628362 0.095207 0.089725 0.311957
0.746598 0.206306 0.192101 0.471073
0.482547 0.004256 0.015726 0.246151
0.503411 0.022322 0.032523 0.274850
0.532179 0.047502 0.055943 0.314948
0.570924 0.082230 0.088296 0.370068
0.491983 -0.045334 -0.045268 0.084891
0.587749 0.022987 0.014389 0.175509
0.682158 0.094370 0.077139 0.274661
0.873441 0.277801 0.245770 0.528028
0.335037 -0.005185 0.034534 0.164409
0.353935 0.019156 0.059181 0.197401
0.377703 0.048944 0.089166 0.238325
0.636998 0.006663 -0.008435 0.430042
0.682218 0.039679 0.021201 0.494741
0.733411 0.080748 0.058734 0.569355
0.838617 0.183405 0.155746 0.727258
0.273855 0.018272 0.075552 0.166205
0.283546 0.034894 0.093197 0.187547
0.292134 0.049155 0.108264 0.206012
0.312657 0.081685 0.142372 0.248708
0.325130 0.027476 0.080953 0.374934
0.365696 0.080450 0.135707 0.467511
0.410762 0.137487 0.193734 0.561889
0.529020 0.281632 0.336328 0.770188
0.357951 -0.010558 0.029513 0.366252
0.367654 0.000372 0.040635 0.387751
0.378227 0.012223 0.052676 0.410890
0.400048 0.036799 0.077553 0.457960
0.244800 -0.024122 0.045495 0.442063
0.291897 0.045216 0.121484 0.588552
0.359896 0.138761 0.219237 0.753409
0.464663 -0.030150 -0.011615 0.471735
0.526117 0.023065 0.040243 0.591322
0.608841 0.103736 0.119216 0.744334
0.368303 0.008623 0.046286 0.289404
0.387528 0.030875 0.068600 0.326468
0.406992 0.053159 0.090861 0.363443
0.453220 0.105770 0.143092 0.449338
0.338006 0.024502 0.066977 0.083881
0.359263 0.053613 0.096576 0.113685
0.386150 0.089252 0.132533 0.151518
0.443402 0.162088 0.204974 0.233597
0.566764 0.095088 0.100143 0.062129
0.591068 0.116606 0.119789 0.082139
0.615350 0.138383 0.139654 0.103242
0.292323 -0.044338 -0.000932 0.175701
0.335029 0.013914 0.059170 0.267266
0.393502 0.087941 0.134390 0.384160
0.551522 0.084752 0.091391 0.037962
0.566282 0.097755 0.103297 0.049247
0.577261 0.107499 0.112206 0.057880
0.380785 0.009479 0.041272 0.148619
0.412947 0.046085 0.077300 0.194978
0.448044 0.085333 0.115661 0.245963
0.466635 0.012907 0.041398 0.573546
0.484352 0.030025 0.058501 0.610173
0.506551 0.052306 0.080710 0.655352
0.283002 -0.088688 -0.047575 0.240597
0.351490 -0.006931 0.037191 0.412443
0.486916 0.150113 0.196456 0.700931
0.476730 -0.023815 -0.015478 0.221735
0.513683 0.006131 0.011957 0.271223
0.555110 0.040307 0.043324 0.327838
0.493417 0.041168 0.052998 -0.029342
0.538370 0.081020 0.089832 -0.000387
0.578190 0.116647 0.122560 0.027730
0.313776 0.020025 0.066159 -0.008045
0.331761 0.047191 0.094255 0.012286
0.359845 0.088045 0.136205 0.044594
0.292636 0.001563 0.050112 0.077379
0.324569 0.051502 0.102078 0.130477
0.364442 0.109298 0.161369 0.195307
0.524564 0.001177 0.003041 0.216948
0.542340 0.015058 0.015544 0.238276
0.561187 0.029916 0.028941 0.261218
0.582358 0.046855 0.044239 0.287400
0.604392 0.064812 0.060500 0.315237
0.647386 0.101223 0.093642 0.371173
0.489244 -0.023152 -0.019172 0.103710
0.522469 0.002455 0.003728 0.136220
0.557767 0.029817 0.028161 0.171775
0.595690 0.059723 0.054882 0.211512
0.634027 0.090871 0.082805 0.253700
0.717333 0.164055 0.149096 0.354019
0.811115 0.259458 0.237685 0.484527
0.485049 0.019468 0.030264 0.086127
0.522888 0.052556 0.060746 0.122005
0.578317 0.101707 0.105866 0.177885
0.488822 0.056423 0.094036 0.727567
0.550510 0.125964 0.163458 0.845762
0.617504 0.204962 0.240771 0.950017
0.695592 0.295250 0.327824 1.043198
0.767864 0.373855 0.402967 1.110280
0.638518 0.039958 0.025360 0.305866
0.670921 0.064349 0.046930 0.345300
0.697521 0.085274 0.065594 0.378683
0.729384 0.111659 0.089360 0.419939
0.755508 0.134548 0.110200 0.454918
0.808871 0.185559 0.157407 0.529733
0.426797 0.000524 0.022984 0.238545
0.509817 0.082052 0.101074 0.366778
0.569783 0.143037 0.159376 0.461166
0.669745 0.252600 0.264508 0.620245
0.743653 0.338893 0.347962 0.734620
0.623915 0.080513 0.071974 0.130434
0.644643 0.096863 0.086452 0.149082
0.665835 0.114054 0.101696 0.168913
0.685529 0.130367 0.116206 0.188127
0.718488 0.158711 0.141533 0.222157
0.373175 0.021155 0.058295 0.243045
0.394745 0.046600 0.083693 0.281028
0.403111 0.056356 0.093399 0.295652
0.438273 0.097036 0.133672 0.356621
0.465504 0.128323 0.164455 0.403351
0.415620 0.038963 0.087002 0.646937
0.456128 0.085529 0.134548 0.735820
0.496663 0.133453 0.182605 0.814827
0.430025 0.002114 0.021542 0.077364
0.446605 0.018194 0.036785 0.094491
0.467819 0.038631 0.056104 0.116708
0.486128 0.056223 0.072688 0.136238
0.510558 0.079785 0.094837 0.162942
0.555695 0.123610 0.135910 0.214510
0.603805 0.171727 0.180882 0.273435
0.359724 -0.019232 0.010723 0.001542
0.384282 0.009136 0.038680 0.025661
0.397219 0.023880 0.053151 0.038493
0.411059 0.039392 0.068342 0.052296
0.442994 0.074920 0.102948 0.084994
0.473924 0.086507 0.110886 0.212135
0.502294 0.116529 0.139667 0.249812
0.530375 0.146445 0.168241 0.288105
0.560075 0.178451 0.198725 0.329746
0.589487 0.210662 0.229349 0.372164
0.651944 0.281028 0.296237 0.465739
0.348838 -0.011794 0.032025 0.406702
0.356264 -0.003291 0.040786 0.424307
0.365252 0.006915 0.051292 0.445296
0.373336 0.016262 0.060877 0.464147
0.382637 0.026789 0.071673 0.485306
0.331353 0.042768 0.099663 0.436368
0.369599 0.092417 0.151072 0.524609
0.411410 0.145661 0.205280 0.612704
0.460081 0.206296 0.265884 0.704419
0.515351 0.272451 0.330702 0.794796
0.645719 0.410012 0.461780 0.959261
0.521189 0.054893 0.064761 0.212612
0.535594 0.067903 0.076824 0.229972
0.546400 0.077732 0.085936 0.243163
0.559918 0.090064 0.097374 0.259886
0.573781 0.102892 0.109267 0.277292
0.600827 0.128353 0.132894 0.312075
0.349102 0.034294 0.078099 0.213658
0.359451 0.047848 0.091859 0.232189
0.370609 0.062272 0.106450 0.252002
0.382299 0.077181 0.121476 0.272594
0.392849 0.090480 0.134833 0.291068
0.335348 -0.052536 -0.018632 0.215953
0.357460 -0.027579 0.006370 0.259814
0.383579 0.001302 0.035187 0.310665
0.411116 0.031228 0.064937 0.363229
0.440175 0.062765 0.096159 0.417847
0.471420 0.096814 0.129748 0.475535
0.462517 0.152755 0.189595 0.206986
0.466816 0.157854 0.194577 0.212780
0.470181 0.161911 0.198531 0.217413
0.474695 0.167283 0.203765 0.223577
0.478324 0.171611 0.207977 0.228569
0.291798 0.008763 0.057807 0.000061
0.296230 0.016111 0.065513 0.005770
0.300640 0.023392 0.073138 0.011486
0.305571 0.031453 0.081567 0.017883
0.310559 0.039445 0.089916 0.024279
0.320519 0.055197 0.106327 0.037121
0.330921 0.071396 0.123137 0.050669
0.493390 0.009871 0.018261 0.148809
0.541810 0.050945 0.055860 0.202341
0.577796 0.082054 0.084325 0.243896
0.413026 0.014755 0.039111 0.011045
0.426337 0.028720 0.052582 0.022526
0.439622 0.042561 0.065899 0.034146
0.453403 0.056792 0.079561 0.046374
0.467335 0.071133 0.093291 0.058981
0.495642 0.100234 0.121041 0.085484
0.530747 0.136315 0.155266 0.120235
0.386907 0.004462 0.032319 -0.035922
0.407444 0.027166 0.054516 -0.020244
0.429089 0.050687 0.077419 -0.003347
0.453331 0.076764 0.102688 0.016264
0.481562 0.107006 0.131821 0.040266
0.353243 0.001722 0.039869 0.223788
0.377820 0.031367 0.069652 0.268659
0.398534 0.055846 0.094114 0.305921
0.423197 0.084665 0.122759 0.349768
0.446186 0.111323 0.149122 0.390192
0.505025 0.179556 0.216106 0.491821
0.318384 -0.012564 0.027067 -0.007416
0.331654 0.006023 0.046037 0.007360
0.333954 0.009219 0.049292 0.009931
0.342325 0.020724 0.060998 0.019270
0.350047 0.031199 0.071636 0.027892
0.368145 0.055323 0.096051 0.048238
0.389492 0.083224 0.124127 0.072697
0.433278 -0.041745 -0.029934 0.034694
0.459486 -0.019589 -0.009599 0.058079
0.491143 0.006881 0.014593 0.086769
0.523247 0.033595 0.038926 0.116661
0.558765 0.063416 0.066018 0.151024
0.400570 0.038059 0.068713 -0.004108
0.411321 0.050340 0.080790 0.005036
0.420995 0.061411 0.091645 0.013416
0.432818 0.074808 0.104753 0.023809
0.443357 0.086632 0.116297 0.033217
0.466919 0.113075 0.141996 0.055001
0.383166 0.019064 0.050291 0.004423
0.397382 0.035600 0.066606 0.017494
0.410057 0.050208 0.080975 0.029311
0.442473 0.087032 0.117016 0.060395
0.477673 0.126636 0.155462 0.096068
0.547428 0.128315 0.142519 0.126503
0.553811 0.134694 0.148489 0.132984
0.560072 0.140943 0.154335 0.139412
0.566367 0.147193 0.160183 0.145934
0.572545 0.153365 0.165953 0.152426
0.586949 0.167950 0.179565 0.167927
0.600459 0.181703 0.192393 0.182877
0.459344 0.014897 0.030282 0.086275
0.471668 0.026270 0.040928 0.098446
0.484462 0.038059 0.051945 0.111227
0.498172 0.050699 0.063737 0.125115
0.511870 0.063340 0.075512 0.139210
0.539195 0.088674 0.099069 0.168078
0.573326 0.120751 0.128840 0.205765
0.314786 -0.020054 0.035689 0.492792
0.339187 0.009698 0.067406 0.559605
0.361707 0.037179 0.096410 0.617677
0.391491 0.073918 0.134639 0.689124
0.421067 0.110421 0.171977 0.753334
0.490461 0.194884 0.255856 0.878320
0.621180 0.114232 0.110809 0.079148
0.628445 0.120249 0.116227 0.085085
0.635335 0.126153 0.121530 0.090811
0.643035 0.132801 0.127499 0.097326
0.649785 0.138636 0.132742 0.103136
0.664871 0.151719 0.144515 0.116471
0.679240 0.164562 0.156063 0.129669
0.412537 -0.053019 -0.039617 -0.064196
0.439889 -0.029438 -0.017818 -0.047414
0.469080 -0.004773 0.004860 -0.029295
0.503730 0.024179 0.031325 -0.007157
0.538511 0.053113 0.057629 0.016140
0.621377 0.122867 0.120685 0.078191
0.455444 0.062390 0.089603 0.329398
0.471369 0.079173 0.105895 0.355473
0.486386 0.095018 0.121257 0.380051
0.503177 0.112856 0.138529 0.407564
0.517767 0.128482 0.153643 0.431489
0.550231 0.163724 0.187697 0.484711
0.379392 0.060087 0.113690 0.553377
0.396470 0.080870 0.135049 0.591876
0.443672 0.138652 0.193668 0.690645
0.461371 0.160163 0.215213 0.724475
0.512464 0.221566 0.275840 0.812552
0.548984 0.008827 0.006250 0.183904
0.572517 0.026584 0.022006 0.209239
0.598252 0.046338 0.039561 0.237606
0.621765 0.064720 0.055948 0.264296
0.242301 -0.001169 0.071126 0.422868
0.249879 0.010953 0.084501 0.447470
0.257709 0.023464 0.098200 0.472212
0.266513 0.037038 0.112988 0.498728
0.275555 0.050706 0.127777 0.524867
0.295266 0.079805 0.158898 0.578426
0.316892 0.110764 0.191453 0.632239
0.382098 -0.004373 0.024469 0.112111
0.403086 0.018838 0.047171 0.139668
0.425903 0.043727 0.071412 0.169807
0.449377 0.069101 0.096018 0.201162
0.475204 0.096889 0.122849 0.236192
0.532045 0.158271 0.181759 0.315746
0.352476 -0.011744 0.022148 0.105846
0.382612 0.024419 0.058119 0.148892
0.402192 0.047376 0.080825 0.176866
0.350578 -0.027731 0.003107 0.032872
0.359797 -0.016833 0.013899 0.043462
0.371660 -0.002940 0.027624 0.057103
0.381690 0.008671 0.039070 0.068647
0.393507 0.022210 0.052386 0.082283
0.420291 0.052517 0.082070 0.113546
0.481071 0.037736 0.052323 0.116630
0.503683 0.058748 0.071958 0.140137
0.530545 0.083849 0.095354 0.168907
0.557684 0.109409 0.119136 0.199039
0.558705 0.028804 0.028970 0.300111
0.608755 0.069913 0.066445 0.367223
0.663414 0.117794 0.110501 0.443525
0.713027 0.165042 0.154510 0.515731
0.485574 0.021133 0.032402 0.119998
0.496194 0.030541 0.041098 0.130911
0.507986 0.040929 0.050697 0.143151
0.518334 0.050093 0.059154 0.154022
0.530764 0.061137 0.069338 0.167250
0.422696 0.044714 0.074021 0.217797
0.431358 0.054173 0.083246 0.230572
0.440086 0.063684 0.092508 0.243495
0.448897 0.073263 0.101822 0.256557
0.458285 0.083462 0.111724 0.270534
0.330714 -0.030575 0.013314 0.373311
0.345406 -0.013615 0.030876 0.409153
0.359791 0.002883 0.047911 0.443489
0.375947 0.021501 0.067054 0.481335
0.393065 0.041097 0.087142 0.520274
0.430867 0.084628 0.131478 0.602420
0.369067 0.023284 0.069220 0.451682
0.394116 0.052495 0.099108 0.507815
0.417239 0.079508 0.126583 0.557694
0.444969 0.112168 0.159575 0.614999
0.472294 0.144680 0.192151 0.668561
0.418006 0.015566 0.047395 0.410374
0.465770 0.065302 0.096669 0.503787
0.512911 0.115887 0.146612 0.592703
0.571264 0.181285 0.210887 0.696478
0.526758 -0.048372 -0.050289 0.344181
0.556877 -0.027545 -0.031601 0.389688
0.588414 -0.005067 -0.011289 0.437795
0.620403 0.018607 0.010290 0.486817
0.655484 0.046069 0.035564 0.541067
0.727326 0.108918 0.094392 0.652920
0.437132 -0.002616 0.016974 0.227305
0.454912 0.014188 0.032960 0.253392
0.473869 0.032113 0.049991 0.281336
0.494963 0.052145 0.069007 0.312636
0.514708 0.071058 0.086950 0.342178
0.370185 0.030049 0.066079 0.041386
0.379222 0.041357 0.077378 0.051328
0.389210 0.053728 0.089710 0.062385
0.399457 0.066289 0.102201 0.073813
0.413271 0.083059 0.118824 0.089403
0.435015 0.109224 0.144630 0.114512
0.453324 -0.045178 -0.035219 0.208942
0.494359 -0.012212 -0.004976 0.265618
0.529078 0.015967 0.020907 0.314256
0.569199 0.049355 0.051671 0.371523
0.635712 0.108007 0.106128 0.469214
0.734188 0.206806 0.199460 0.619685
0.665652 0.033850 0.016965 0.460181
0.714212 0.071861 0.051470 0.529868
0.768144 0.119091 0.095205 0.609048
0.812957 0.163479 0.137168 0.676192
0.862787 0.219563 0.191320 0.752613
0.555336 -0.024272 -0.029349 0.333292
0.603780 0.010363 0.001618 0.401958
0.658954 0.052486 0.039792 0.481871
0.711971 0.097000 0.080816 0.560333
0.768378 0.150426 0.130999 0.645562
0.460593 0.017804 0.033220 0.068818
0.480045 0.035789 0.050048 0.087059
0.505152 0.058959 0.071664 0.111184
0.547886 0.098700 0.108595 0.154188
0.593867 0.142243 0.148955 0.203835
0.369236 -0.040031 -0.013988 0.102163
0.383608 -0.024793 0.000818 0.121558
0.398054 -0.009654 0.015492 0.141029
0.414966 0.007896 0.032457 0.163855
0.431347 0.024761 0.048717 0.186046
0.469567 0.063841 0.086249 0.238377
0.508305 0.103525 0.124189 0.292583
0.205870 0.004283 0.097902 0.574225
0.223648 0.034041 0.131478 0.637137
0.241675 0.063192 0.163444 0.693570
0.265334 0.099277 0.201789 0.757249
0.289303 0.133553 0.237005 0.812014
0.353185 0.214420 0.316161 0.923776
0.353708 -0.045762 -0.015103 0.206671
0.374719 -0.023060 0.007348 0.244936
0.396280 -0.000101 0.029981 0.283790
0.421592 0.026524 0.056154 0.328914
0.444646 0.050810 0.079951 0.369792
0.315245 0.001201 0.047686 0.221973
0.327652 0.018308 0.065333 0.247763
0.342308 0.037999 0.085558 0.277618
0.357877 0.058439 0.106441 0.308673
0.374658 0.080141 0.128481 0.341506
0.409485 0.123982 0.172638 0.407653
0.327064 -0.013702 0.032015 0.342181
0.389615 0.061953 0.109715 0.484233
0.445859 0.129110 0.177602 0.600361
0.549354 0.252703 0.299759 0.782665
0.642323 0.356415 0.399756 0.909723
0.273186 -0.007547 0.042970 0.019136
0.284382 0.012249 0.063893 0.036459
0.293974 0.028642 0.081167 0.051060
0.307044 0.050410 0.104009 0.070950
0.321351 0.073381 0.127984 0.092530
0.350364 0.117835 0.173926 0.136283
0.419587 0.031111 0.061811 0.328799
0.447577 0.060950 0.091101 0.378432
0.473874 0.089017 0.118578 0.424632
0.503155 0.120662 0.149478 0.475687
0.537023 0.157935 0.185800 0.534048
0.600269 0.229788 0.255659 0.639952
0.370280 -0.002252 0.031702 0.228836
0.394878 0.025649 0.059410 0.271980
0.421083 0.054958 0.088377 0.317488
0.453819 0.091339 0.124151 0.373861
0.551405 0.037612 0.040625 0.309195
0.567292 0.050931 0.052851 0.330807
0.583692 0.064885 0.065681 0.353352
0.599606 0.078651 0.078366 0.375460
0.617911 0.094812 0.093296 0.401201
0.493063 0.078780 0.098250 0.234075
0.515755 0.101609 0.119933 0.264221
0.538335 0.124566 0.141697 0.294851
0.277857 -0.029878 0.029385 0.422705
0.298665 -0.001819 0.059715 0.484441
0.322940 0.030044 0.093809 0.551478
0.348827 0.063720 0.129349 0.617800
0.381585 0.105941 0.173116 0.694011
0.453927 0.196434 0.263833 0.832629
0.306830 -0.038070 0.009994 0.365261
0.310830 -0.033139 0.015184 0.375885
0.314360 -0.028846 0.019702 0.385137
0.318831 -0.023369 0.025455 0.396844
0.322740 -0.018639 0.030420 0.406941
0.331215 -0.008373 0.041178 0.428659
0.340285 0.002549 0.052597 0.451507
0.398784 -0.056017 -0.039520 0.017431
0.438549 -0.020168 -0.006049 0.054387
0.479054 0.015672 0.027197 0.092654
0.532134 0.062449 0.070349 0.144947
0.598798 0.122513 0.125572 0.216053
0.718200 0.240191 0.234293 0.365194
0.263750 -0.080726 -0.038884 0.079410
0.283030 -0.050807 -0.007708 0.120175
0.302751 -0.021683 0.022499 0.160525
0.331062 0.017968 0.063345 0.216438
0.359840 0.056262 0.102433 0.271305
0.429989 0.144652 0.191199 0.399073
0.430359 0.034149 0.059616 0.180606
0.448967 0.053654 0.078439 0.205731
0.472270 0.077993 0.101855 0.237543
0.496007 0.102810 0.125657 0.270439
0.524226 0.132521 0.154068 0.310311
0.477203 0.052308 0.071179 0.222959
0.484596 0.059560 0.078062 0.232763
0.491115 0.065959 0.084132 0.241449
0.500362 0.075041 0.092742 0.253837
0.506697 0.081289 0.098661 0.262377
0.522243 0.096672 0.113226 0.283510
0.518309 0.113866 0.137569 0.449885
0.558155 0.156468 0.178762 0.516343
0.599213 0.201903 0.222686 0.584195
0.643258 0.252211 0.271360 0.655383
0.495636 0.018564 0.026796 0.050475
0.503412 0.025119 0.032790 0.056824
0.512351 0.032666 0.039683 0.064193
0.520984 0.039987 0.046359 0.071388
0.530482 0.048040 0.053697 0.079402
0.558919 0.139805 0.157670 0.444663
0.622233 0.207996 0.223026 0.545389
0.689772 0.285022 0.297165 0.652308
0.752182 0.358155 0.367991 0.747707
0.817650 0.433034 0.441004 0.841950
0.365878 0.001816 0.041622 0.362305
0.377693 0.015211 0.055194 0.387555
0.390121 0.029320 0.069449 0.413840
0.402263 0.043045 0.083287 0.439164
0.500142 0.008179 0.017158 0.274927
0.517096 0.022521 0.030436 0.298633
0.534736 0.037591 0.044397 0.323530
0.561006 0.060404 0.065565 0.361070
0.577970 0.075429 0.079534 0.385627
0.412468 -0.011512 0.009636 0.090455
0.428563 0.004375 0.024787 0.108603
0.446148 0.021617 0.041187 0.128592
0.464069 0.039101 0.057774 0.149194
0.484297 0.058820 0.076433 0.172815
0.525126 0.098738 0.114083 0.221930
0.543631 0.040691 0.042564 0.071899
0.568954 0.061213 0.060998 0.092778
0.598031 0.085027 0.082367 0.117834
0.626262 0.108552 0.103483 0.143460
0.664965 0.141802 0.133385 0.181015
0.584479 0.082859 0.089674 0.491004
0.626682 0.123254 0.128040 0.559124
0.672704 0.170429 0.173161 0.633206
0.708306 0.209407 0.210690 0.689895
0.447861 -0.026856 -0.011383 0.286208
0.480831 0.001694 0.015530 0.339069
0.517997 0.034347 0.046358 0.398906
0.442211 -0.022078 -0.005017 0.277575
0.468212 0.001005 0.016836 0.319091
0.497398 0.027094 0.041547 0.365796
0.528420 0.055387 0.068368 0.415783
0.555466 0.080636 0.092356 0.459513
0.364868 0.085598 0.139066 0.401149
0.400291 0.130985 0.185101 0.472651
0.439761 0.180508 0.234697 0.547828
0.500221 0.254877 0.308082 0.654082
0.531241 0.291997 0.344289 0.704269
0.390136 0.019902 0.058859 0.415673
0.412776 0.045119 0.084248 0.463156
0.433675 0.068279 0.107508 0.505808
0.451461 0.088165 0.127414 0.541370
0.483019 0.123944 0.163078 0.602625
0.536494 0.185989 0.224440 0.699968
0.285387 0.004236 0.055386 0.109957
0.292272 0.015630 0.067364 0.122986
0.298590 0.025886 0.078119 0.134821
0.307344 0.039804 0.092668 0.151041
0.314947 0.051637 0.104997 0.164992
0.332368 0.077939 0.132248 0.196486
0.352251 0.106776 0.161866 0.231727
0.474506 0.060998 0.089276 0.490567
0.522063 0.110826 0.138234 0.578640
0.568867 0.162236 0.188615 0.661963
0.624376 0.225773 0.250683 0.754174
0.677299 0.287425 0.310696 0.833663
0.792603 0.416046 0.435412 0.978100
0.414454 0.019365 0.047714 0.262707
0.431203 0.037008 0.064928 0.290150
0.447213 0.053817 0.081296 0.316349
0.466545 0.074181 0.101079 0.348022
0.490724 0.099726 0.125846 0.387630
0.471188 0.053920 0.073762 0.187132
0.484035 0.066691 0.085897 0.203221
0.497595 0.080195 0.098710 0.220397
0.513058 0.095623 0.113330 0.240235
0.527442 0.110072 0.127003 0.258972
0.412927 0.019671 0.045479 0.092692
0.434465 0.042556 0.067607 0.117156
0.455858 0.065131 0.089347 0.141878
0.537594 0.151204 0.171549 0.241758
0.498810 -0.019989 -0.009290 0.434519
0.559304 0.030158 0.038344 0.541217
0.614864 0.080334 0.086453 0.637882
0.678032 0.144413 0.148392 0.744275
0.741921 0.217212 0.219329 0.844443
0.281747 -0.086939 -0.046973 0.192006
0.307863 -0.053338 -0.012241 0.255706
0.339544 -0.014692 0.027483 0.329261
0.377375 0.029732 0.072826 0.412761
0.420903 0.080243 0.123915 0.504061
0.531354 0.210188 0.253150 0.711275
0.354230 -0.042479 -0.007340 0.332543
0.357113 -0.039489 -0.004315 0.338846
0.361125 -0.035267 -0.000051 0.347664
0.364855 -0.031296 0.003952 0.355904
0.367704 -0.028257 0.007013 0.362186
0.375177 -0.020465 0.014874 0.378388
0.466321 -0.027756 -0.016912 0.261156
0.497187 -0.002320 0.006660 0.306663
0.535085 0.029435 0.036142 0.363234
0.570867 0.060281 0.064883 0.417323
0.610448 0.095886 0.098233 0.478009
0.491255 0.033310 0.049144 0.340356
0.520538 0.060562 0.074999 0.386384
0.552519 0.090990 0.103903 0.437011
0.587696 0.125615 0.136870 0.493141
0.627132 0.166211 0.175658 0.556370
0.346504 0.014231 0.052161 -0.043737
0.361812 0.034293 0.072438 -0.030785
0.377379 0.054318 0.092606 -0.017394
0.394596 0.076160 0.114509 -0.002196
0.413936 0.100320 0.138617 0.015425
0.457841 0.154316 0.191982 0.058210
0.533464 0.013896 0.013888 0.064934
0.621977 0.082582 0.074796 0.139672
0.731822 0.175561 0.157881 0.250666
0.830221 0.273256 0.247507 0.376231
0.382128 -0.020591 0.007062 0.181831
0.408988 0.007749 0.034696 0.223754
0.449678 0.050076 0.075773 0.287187
0.477485 0.078965 0.103693 0.330735
0.516198 0.061982 0.074508 0.253275
0.528701 0.073639 0.085419 0.269674
0.540569 0.084762 0.095829 0.285407
0.552630 0.096174 0.106507 0.301555
0.564479 0.107480 0.117088 0.317594
0.589201 0.131430 0.139517 0.351639
0.355215 -0.023637 0.007155 0.056905
0.379430 0.004546 0.034981 0.086604
0.412871 0.042483 0.072216 0.127843
0.440284 0.073070 0.102040 0.162250
0.472199 0.108337 0.136219 0.203252
0.487645 0.035941 0.052256 0.316234
0.508523 0.055497 0.070793 0.348093
0.530200 0.076051 0.090279 0.381408
0.551251 0.096332 0.109521 0.413996
0.575351 0.120054 0.132054 0.451609
0.623677 0.169573 0.179231 0.527793
0.427189 -0.018017 0.000416 0.174283
0.464920 0.017057 0.033554 0.225415
0.508657 0.057798 0.071938 0.285700
0.556167 0.102982 0.114470 0.353031
0.607741 0.154087 0.162659 0.428628
0.713804 0.268928 0.271879 0.591316
0.686672 0.050118 0.037632 0.635731
0.735471 0.093922 0.079082 0.713642
0.786730 0.146687 0.129852 0.794138
0.834332 0.202642 0.184602 0.866684
0.329378 -0.012961 0.025377 0.086529
0.354696 0.020293 0.058996 0.123917
0.381227 0.053988 0.092829 0.162913
0.445614 0.027505 0.047235 0.031557
0.479601 0.060788 0.078787 0.061142
0.516583 0.096968 0.112882 0.095058
