-0.088769 -0.051381
-0.290732 0.020309
-0.188122 0.119942
-0.148969 0.069177
-0.189918 -0.035207
-0.010905 -0.041924
-0.056503 -0.073072
-0.046017 0.155785
0.082906 -0.031689
0.268468 0.045748
-0.205808 -0.038534
-0.052124 0.232073
0.194183 -0.092933
-0.027396 0.097329
0.258798 -0.070928
0.051751 -0.221419
0.055831 -0.008799
0.081492 0.078520
-0.058031 -0.063895
-0.010749 0.023794
0.244684 -0.077748
-0.085990 0.070075
-0.127978 0.175912
0.019069 -0.007266
-0.136230 0.037588
-0.222586 0.015954
-0.071982 -0.097679
0.024108 -0.075431
-0.129868 0.096119
-0.020613 0.115126
-0.136831 0.116927
0.057217 -0.120246
-0.036273 0.029783
-0.190590 -0.010238
0.045199 -0.058073
-0.013991 0.037689
-0.063955 -0.046830
0.036410 -0.203524
-0.176351 0.178175
-0.054905 -0.115555
0.441386 0.026177
0.044083 -0.092888
-0.004756 -0.047693
-0.183233 0.174581
0.137584 -0.043262
-0.158247 -0.040011
0.021082 -0.062265
0.108436 -0.115985
0.003902 -0.095557
-0.299724 0.041301
-0.192644 0.238654
0.106256 0.220517
-0.088902 0.025960
0.003503 0.099710
-0.105912 -0.075383
0.159698 -0.009839
-0.105805 0.189666
-0.223646 -0.006168
-0.006339 -0.087598
-0.138183 0.088453
0.185218 -0.293650
-0.305335 0.039964
0.024990 0.000950
-0.016932 0.002849
-0.096447 -0.021185
0.346411 -0.095748
0.149647 -0.063272
0.059765 0.140339
0.102623 -0.107262
-0.146669 -0.030472
0.036116 -0.012981
0.165257 0.200130
0.016679 -0.043548
-0.085950 -0.017615
-0.354641 0.019804
-0.110276 0.090106
-0.046625 0.163008
0.127172 -0.200474
-0.159381 0.073749
-0.100259 -0.008130
-0.148679 -0.075417
-0.234080 0.138072
0.131987 0.112206
0.131379 -0.133167
-0.117223 0.029822
0.149663 -0.250911
0.236666 0.451282
-0.055057 -0.046786
0.122234 -0.025304
0.039802 0.025744
0.097959 0.128774
0.123458 0.137474
0.065552 -0.080367
-0.018097 0.206263
0.322955 0.013651
-0.081963 0.088198
0.175387 0.117371
-0.059615 0.197130
0.075068 -0.059862
-0.046627 -0.192293
-0.026708 -0.152643
0.038273 0.118975
-0.218908 0.054602
-0.292096 0.237590
-0.064123 -0.057172
-0.155727 0.187032
-0.159796 0.102703
-0.203632 0.142926
-0.006041 0.022416
-0.119821 -0.033466
0.181436 0.106492
0.051077 -0.184439
-0.220161 -0.008455
0.005829 -0.089751
-0.207490 0.168059
0.249049 0.027316
0.015769 -0.015127
0.053802 -0.106238
-0.274641 0.031157
-0.009377 -0.130270
-0.090667 0.253393
-0.208896 0.196200
-0.002281 0.078894
0.044362 0.023836
-0.220062 -0.028133
-0.099287 -0.088706
-0.010099 -0.089618
-0.169874 -0.110550
0.055855 0.068440
0.001443 -0.279278
0.100056 0.158373
0.208980 0.028356
0.202635 -0.051883
0.362520 0.011508
0.204935 -0.215068
0.122593 -0.002358
-0.030611 0.155850
-0.250710 0.073612
0.130396 0.044737
-0.261779 0.084988
-0.006023 0.056064
0.246003 -0.176024
0.239322 -0.056586
-0.017141 -0.123098
-0.288780 0.113918
-0.096602 0.240507
0.013145 0.173856
-0.072847 -0.117009
-0.146714 -0.074059
-0.161960 0.013999
0.305119 -0.176984
-0.104917 -0.176615
0.034509 -0.044306
-0.238642 -0.024611
0.075460 0.032014
0.315911 -0.117203
-0.118423 0.040895
-0.128751 0.129632
-0.051685 0.053539
0.241154 -0.059449
0.236231 0.020887
-0.083277 -0.026193
0.066305 0.085314
0.130435 -0.035796
-0.060324 0.144244
-0.064654 0.242444
-0.108375 -0.043006
-0.172280 0.120474
-0.200276 0.166727
0.086739 0.030780
-0.096176 0.191600
-0.166954 -0.012461
-0.175720 0.176340
-0.150605 0.160379
-0.179717 0.095632
-0.137983 0.029192
0.337176 -0.066163
-0.277694 0.051087
-0.277703 0.063081
0.056754 -0.015171
0.266806 -0.034207
-0.126359 -0.108330
0.329442 0.050414
-0.036932 0.054758
-0.012220 0.075986
-0.082143 0.102154
-0.130007 0.028537
-0.038878 -0.133053
-0.129619 -0.002718
0.004697 0.035004
0.247246 -0.059835
0.230974 -0.042039
0.168050 -0.081114
0.054921 -0.264828
0.016869 -0.053379
-0.101377 0.161547
0.001602 -0.136534
-0.008459 -0.264543
0.007660 -0.237256
-0.156736 0.043146
-0.022754 0.014464
0.451347 0.046430
0.099020 -0.038146
0.118968 0.066360
0.213058 -0.018942
-0.021833 0.225790
0.098314 -0.029818
0.077925 0.006673
-0.027758 -0.117089
-0.048264 0.018761
0.327675 -0.023418
0.268676 -0.045251
-0.149890 0.009371
0.091526 0.077914
-0.029138 0.031864
-0.038143 -0.000597
0.073297 -0.039940
-0.208209 0.024423
0.032577 -0.034824
0.184312 -0.039048
-0.002709 -0.110065
-0.086164 0.027180
-0.227787 0.006800
0.062794 -0.141980
0.068868 -0.130341
0.064238 -0.113162
0.163515 0.058173
0.191494 -0.052817
0.048810 0.162937
0.154840 -0.089390
0.057034 -0.015217
-0.062609 0.023544
-0.089529 0.074392
0.139524 -0.215871
0.193260 -0.027286
0.204494 -0.087590
0.030042 -0.138295
0.047558 -0.089201
-0.167601 0.229015
-0.228886 -0.024766
0.034764 -0.010368
-0.048229 -0.030474
-0.061473 0.086641
0.031168 -0.072928
-0.016190 -0.044657
0.095429 -0.313414
-0.008193 0.109751
-0.180841 0.095059
