0.389256
0.163984
-0.057852
0.335572
0.623808
-0.423409
-0.231746
0.016105
0.287636
0.007335
0.247420
0.049801
0.057625
-0.198539
-0.716760
-0.745954
0.467235
0.168298
-0.165596
0.045999
-0.167756
0.060725
-0.162164
0.287933
0.258031
0.227492
0.284326
-0.649975
0.241856
-0.202299
-0.137568
0.388228
-0.737359
-0.240077
0.284771
0.815964
0.331315
0.096822
0.178628
0.393859
0.411740
0.384790
-0.627948
-0.772060
0.479268
0.149175
0.194842
0.564459
-1.128477
0.387440
-0.266525
0.390105
-0.127463
0.552970
0.417649
0.017604
-0.429679
0.576229
-0.761171
0.061144
-0.085592
-0.414117
0.624982
0.437105
-0.180751
0.330861
-0.333369
0.233252
-0.571790
0.309942
0.005770
0.005455
0.514102
0.385032
-0.166270
-0.314371
0.192381
0.191262
-0.215468
-0.748062
0.897913
0.609651
-0.101098
-0.196365
0.474643
0.618568
-0.186062
0.653998
0.241820
0.574515
0.846707
0.351398
0.405398
0.185356
-0.163762
-0.001589
-0.725019
0.447193
-0.160687
0.413680
0.343714
-0.932255
-0.264535
0.743478
-0.700983
-0.556214
-0.068651
0.238532
0.011162
-0.287217
0.232777
-0.073585
-0.489456
0.313101
-0.284948
-0.198374
-0.622683
-0.765267
-0.047486
-0.660599
-0.124436
0.377481
0.107141
0.750583
-0.109732
0.377301
0.381249
0.454987
-0.626140
0.607874
0.182459
0.148326
-0.650656
0.253897
-0.273687
-0.301426
-0.199757
0.510287
-0.357677
0.015319
0.254267
-0.169712
-0.467976
-0.477320
-0.461093
-0.012739
0.105437
0.352951
0.358088
-0.153311
0.266638
-0.022986
0.049072
-0.724321
0.236962
-0.090956
0.120687
0.148014
-0.643224
0.149763
-0.335326
-0.677140
-0.315949
-0.426298
-0.878792
0.639240
-0.366737
0.508025
0.585027
-0.646381
-0.643577
0.487756
0.539554
-0.718613
0.709591
0.638836
-0.596954
-0.162999
0.364579
0.611785
-0.679038
0.159979
0.216557
-0.137471
0.962896
-0.036976
0.249229
-0.274319
0.031447
0.175833
-0.177544
0.858166
0.133285
0.566813
-0.373714
0.811291
-0.515247
0.173284
0.380825
0.142014
0.285339
0.280831
-0.845456
0.479796
0.114498
0.204304
0.291260
-0.582760
0.347501
0.263963
0.429173
0.344236
0.141116
0.084367
-0.099665
0.563964
0.845243
-0.331480
-0.506727
-0.758355
0.324065
-0.447253
0.357656
0.059179
-0.484925
0.300801
0.247347
0.248924
-0.165293
0.255189
-0.713432
-0.587767
-0.060261
-0.560023
0.046754
-0.339664
0.076827
0.479935
-0.300558
-0.031201
0.258012
-0.395630
0.058820
-0.421767
-0.665127
-0.909545
0.394788
0.429561
0.048205
-0.543327
0.043642
-0.494876
0.068490
-0.204106
-0.643894
-0.274225
0.572285
-0.244581
-0.321653
0.376900
-0.761364
0.153688
0.174206
-0.286780
-0.206724
-0.327101
0.057976
-0.763773
-0.297601
0.212436
0.670941
0.260818
-0.589390
0.705797
-0.627810
-0.583149
0.242009
0.177597
0.080418
0.360751
0.013193
-0.020325
-0.370527
-0.002522
-0.658316
0.024024
-0.248986
0.072828
0.608857
-0.433534
0.350247
-0.460305
0.157089
0.739017
0.091193
-0.265070
-1.046916
-0.408924
-0.349103
0.176953
