0.292300 0.297925
0.292053 0.310526
0.291890 0.323841
0.291569 0.327820
0.291030 0.320045
0.290542 0.318397
0.290111 0.334844
0.289671 0.346033
0.289233 0.346961
0.288731 0.339605
0.288099 0.341957
0.287403 0.358245
0.286943 0.373333
0.286115 0.370352
0.285495 0.366122
0.284867 0.368610
0.284043 0.379714
0.283158 0.391360
0.282517 0.388685
0.281928 0.386544
0.281006 0.394307
0.279968 0.406810
0.279026 0.413918
0.278287 0.413349
0.277558 0.413498
0.276595 0.420146
0.275495 0.430278
0.274593 0.435133
0.273821 0.437050
0.273004 0.439599
0.271981 0.447700
0.270976 0.456166
0.270120 0.462214
0.269378 0.463969
0.268610 0.465904
0.267658 0.475044
0.266817 0.484013
0.266098 0.487226
0.265474 0.489543
0.264829 0.492879
0.264182 0.502623
0.263695 0.512010
0.263194 0.513920
0.262727 0.514126
0.262273 0.518660
0.262100 0.529405
0.262167 0.539198
0.261809 0.539888
0.261376 0.539541
0.261319 0.544621
0.261675 0.553877
0.262280 0.562598
0.261990 0.562033
0.261773 0.561522
0.262192 0.567608
0.263078 0.576417
0.263873 0.582704
0.263859 0.582299
0.264057 0.583718
0.265022 0.590091
0.266391 0.597812
0.267534 0.603060
0.267926 0.604325
0.268376 0.605413
0.269782 0.611091
0.271576 0.618100
0.272888 0.622115
0.273507 0.623297
0.274498 0.626066
0.276343 0.631894
0.278392 0.638230
0.279758 0.641519
0.280727 0.643442
0.282127 0.646750
0.284161 0.652221
0.286313 0.657889
0.287471 0.659985
0.288898 0.662960
0.290664 0.667017
0.292661 0.671873
0.294781 0.676957
0.296592 0.680911
0.298629 0.685564
0.300447 0.689445
0.302485 0.693917
0.304633 0.698676
0.306601 0.702796
0.308701 0.707272
0.310965 0.712101
0.313434 0.717335
0.315834 0.722237
0.318040 0.726519
0.320335 0.730960
0.323356 0.736870
0.326389 0.742520
0.329361 0.747827
0.332302 0.752862
0.335863 0.758691
0.338729 0.763181
0.341493 0.767332
0.344990 0.772402
0.348640 0.777422
0.352532 0.782501
0.356353 0.787219
0.360548 0.792124
0.364978 0.797012
0.369259 0.801460
0.373740 0.805841
0.379184 0.810877
0.384678 0.815601
0.390281 0.820096
0.396379 0.824647
0.402206 0.828678
0.407208 0.831884
0.412526 0.835078
0.420542 0.839710
0.429367 0.844359
0.435888 0.847473
0.441460 0.849924
0.448440 0.852856
0.456898 0.856177
0.465547 0.859326
0.472778 0.861747
0.479666 0.863904
0.486471 0.865916
0.493589 0.867926
0.501322 0.870034
0.508283 0.871847
0.515110 0.873570
0.522034 0.875294
0.529123 0.877031
0.535929 0.878744
0.541889 0.880230
0.548642 0.881950
0.554671 0.883578
0.560180 0.885095
0.566774 0.887024
0.572381 0.888750
0.578743 0.890834
0.584032 0.892670
0.587959 0.894199
0.593788 0.896511
0.599118 0.898764
0.604118 0.901104
0.608382 0.903275
0.612436 0.905495
0.616028 0.907638
0.620255 0.910242
0.624541 0.913007
0.626872 0.914944
0.629338 0.916990
0.632892 0.919843
0.636555 0.922923
0.639710 0.925860
0.641656 0.928033
0.643502 0.930262
0.646372 0.933365
0.649919 0.937220
0.652897 0.940812
0.653995 0.942861
0.655422 0.945294
0.657388 0.948256
0.659999 0.952089
0.662177 0.955608
0.663116 0.957829
0.663557 0.959552
0.665942 0.963634
0.668756 0.968362
0.669955 0.971326
0.670196 0.973016
0.670226 0.974331
0.672744 0.979265
0.675228 0.984494
0.676023 0.987093
0.675535 0.987828
0.676102 0.990215
0.678788 0.995966
0.681003 1.001443
0.681026 1.002887
0.679852 1.002389
0.680288 1.004468
0.683379 1.011475
0.685833 1.018235
0.684187 1.016670
0.682728 1.015580
0.683846 1.019313
0.685977 1.025393
0.688018 1.031566
0.686573 1.029622
0.685262 1.028890
0.687106 1.034370
0.689995 1.041872
0.691022 1.046215
0.689683 1.045675
0.688500 1.045421
0.690116 1.049900
0.691947 1.055488
0.692262 1.058031
0.690603 1.055737
0.688929 1.054149
