0.299438 0.235514
0.299291 0.237962
0.299118 0.240422
0.299225 0.245592
0.299727 0.253649
0.300098 0.259534
0.299848 0.261496
0.299772 0.264572
0.300072 0.270798
0.300784 0.278717
0.301164 0.283728
0.300896 0.285825
0.300666 0.288201
0.301360 0.294959
0.302205 0.302085
0.302739 0.307632
0.302767 0.311009
0.302759 0.313963
0.303764 0.320953
0.304852 0.327669
0.305219 0.331736
0.305206 0.334511
0.305670 0.338618
0.306898 0.344907
0.308210 0.350911
0.308894 0.355130
0.309196 0.358303
0.310176 0.362940
0.311600 0.368381
0.313059 0.373520
0.313812 0.377092
0.314528 0.380475
0.315638 0.384515
0.317598 0.389698
0.319692 0.394659
0.320489 0.397561
0.321353 0.400448
0.323469 0.404854
0.325893 0.409433
0.328289 0.413597
0.329160 0.415926
0.330101 0.418215
0.333139 0.422522
0.336874 0.427113
0.339558 0.430349
0.340280 0.431896
0.341251 0.433558
0.345426 0.437536
0.350387 0.441519
0.353430 0.444009
0.354777 0.445363
0.356278 0.446762
0.362085 0.450286
0.368224 0.453505
0.371408 0.455095
0.373158 0.455970
0.376208 0.457306
0.383156 0.459971
0.389478 0.461985
0.392907 0.462912
0.395433 0.463504
0.399559 0.464512
0.406705 0.466088
0.414235 0.467591
0.418481 0.468230
0.421696 0.468562
0.427307 0.469399
0.435591 0.470589
0.442763 0.471449
0.447264 0.471829
0.451426 0.472125
0.458374 0.472956
0.466821 0.474027
0.474057 0.474946
0.479321 0.475516
0.484448 0.476110
0.493090 0.477580
0.500940 0.479030
0.507756 0.480367
0.513945 0.481653
0.519882 0.483019
0.526831 0.484916
0.533196 0.486808
0.540182 0.489185
0.546541 0.491561
0.552665 0.494070
0.559198 0.497091
0.565348 0.500187
0.571102 0.503356
0.576427 0.506538
0.581879 0.510116
0.587624 0.514284
0.593102 0.518593
0.597424 0.522208
0.601724 0.526102
0.606213 0.530483
0.610660 0.535169
0.614420 0.539448
0.618862 0.544832
0.623288 0.550638
0.627001 0.555874
0.630559 0.561248
0.633915 0.566652
0.637269 0.572409
0.640365 0.578069
0.643339 0.583832
0.646271 0.589883
0.649091 0.596060
0.651502 0.601551
0.653886 0.607274
0.656224 0.613134
0.658390 0.618808
0.660613 0.624911
0.662997 0.631827
0.665247 0.638704
0.666875 0.643469
0.668370 0.647951
0.670305 0.654175
0.672350 0.661102
0.674107 0.667107
0.675593 0.672195
0.677034 0.677189
0.678649 0.683065
0.680258 0.689123
0.681819 0.695182
0.683280 0.700981
0.684611 0.706322
0.685980 0.712034
0.687300 0.717732
0.688545 0.723251
0.689707 0.728643
0.690835 0.733866
0.691989 0.739597
0.692987 0.744774
0.693995 0.750054
0.694990 0.755652
0.695797 0.760317
0.696639 0.765510
0.697321 0.769959
0.698062 0.775131
0.698903 0.780971
0.699434 0.785237
0.699952 0.789812
0.700431 0.794217
0.700957 0.799168
0.701448 0.804122
0.701948 0.809323
0.702276 0.813728
0.702526 0.817985
0.703058 0.823769
0.703508 0.829429
0.703714 0.833725
0.703826 0.837688
0.703984 0.841992
0.704322 0.847586
0.704650 0.853137
0.704708 0.857253
0.704557 0.860225
0.704468 0.863680
0.704813 0.869569
0.705037 0.874860
0.705061 0.879261
0.704896 0.882413
0.704786 0.886023
0.704984 0.891506
0.705286 0.897700
0.705025 0.900424
0.704571 0.902264
0.704549 0.906493
0.704843 0.912562
0.705127 0.919031
0.704646 0.920408
0.704084 0.921429
0.704074 0.925932
0.704544 0.933040
0.704591 0.937783
0.703830 0.937802
0.703048 0.938114
0.703290 0.943825
0.704067 0.952390
0.703984 0.956900
0.702758 0.954698
0.701652 0.953363
0.702828 0.962765
0.703661 0.971729
0.703366 0.973968
0.702445 0.972776
0.701379 0.971602
0.702380 0.980940
0.703164 0.989212
0.702390 0.988480
0.700600 0.984736
0.699969 0.985771
0.701277 0.993481
0.702210 1.000959
0.701216 1.000663
0.699885 0.999280
0.699765 1.002183
0.701161 1.011461
0.702229 1.020461
