0.006691 -0.000638 0.217395
0.007144 -0.001851 0.189382
0.007157 0.004329 0.160696
0.006721 0.009370 0.154309
0.006674 0.002298 0.212892
0.007097 -0.000427 0.165650
0.007225 0.006113 0.136597
0.007058 0.010480 0.141470
0.006881 0.013787 0.151761
0.006475 0.011776 0.209902
0.005750 0.010316 0.153133
0.005544 0.012821 0.137690
0.011906 0.080680 0.229944
0.009605 0.046047 0.218568
0.007068 0.047140 0.206780
0.006880 0.014623 0.155931
0.006252 0.003712 0.125356
0.958779 -0.651202 0.260397
0.006766 0.000261 0.229189
0.007585 0.039635 0.202466
0.007191 0.013276 0.154308
0.007638 0.013323 0.154384
0.281388 0.029639 0.215947
0.007816 0.008864 0.141486
0.007320 0.013672 0.162526
0.006686 0.017554 0.214798
0.006954 0.018341 0.147442
0.008565 0.025494 0.129353
0.008151 0.007167 0.097025
0.006802 -0.000659 0.145591
0.006581 -0.013699 0.213578
