0.298401 0.259810
0.298369 0.263694
0.298324 0.267581
0.298391 0.272608
0.298610 0.278918
0.298784 0.284389
0.298720 0.287978
0.298717 0.292116
0.298865 0.297555
0.299180 0.303830
0.299369 0.308871
0.299306 0.312475
0.299262 0.316251
0.299585 0.321964
0.299961 0.327847
0.300220 0.333000
0.300298 0.337157
0.300367 0.341168
0.300821 0.346913
0.301300 0.352557
0.301530 0.357001
0.301647 0.360882
0.301938 0.365353
0.302500 0.370739
0.303106 0.376020
0.303511 0.380491
0.303803 0.384492
0.304346 0.389129
0.305044 0.394092
0.305768 0.398917
0.306304 0.403046
0.306848 0.407075
0.307536 0.411360
0.308530 0.416140
0.309588 0.420818
0.310285 0.424552
0.311048 0.428273
0.312225 0.432631
0.313524 0.437036
0.314869 0.441256
0.315814 0.444612
0.316821 0.447925
0.318510 0.452114
0.320441 0.456414
0.322136 0.460081
0.323336 0.462918
0.324662 0.465784
0.326979 0.469668
0.329594 0.473578
0.331737 0.476731
0.333479 0.479281
0.335339 0.481820
0.338512 0.485376
0.341833 0.488784
0.344453 0.491328
0.346765 0.493448
0.349522 0.495773
0.353451 0.498781
0.357307 0.501454
0.360486 0.503465
0.363513 0.505242
0.367076 0.507224
0.371588 0.509544
0.376299 0.511808
0.380223 0.513495
0.383955 0.514958
0.388449 0.516715
0.393809 0.518714
0.398954 0.520480
0.403436 0.521887
0.407914 0.523241
0.413254 0.524908
0.419111 0.526715
0.424688 0.528400
0.429754 0.529872
0.434820 0.531364
0.440966 0.533331
0.446912 0.535280
0.452566 0.537176
0.458059 0.539090
0.463461 0.541072
0.469148 0.543329
0.474650 0.545648
0.480304 0.548223
0.485711 0.550854
0.491011 0.553626
0.496369 0.556672
0.501546 0.559826
0.506522 0.563096
0.511283 0.566459
0.516003 0.570062
0.520732 0.573977
0.525298 0.578027
0.529401 0.581915
0.533395 0.585975
0.537404 0.590328
0.541309 0.594851
0.544906 0.599306
0.548680 0.604213
0.552397 0.609325
0.555818 0.614292
0.559145 0.619354
0.562371 0.624464
0.565573 0.629718
0.568667 0.634968
0.571726 0.640290
0.574746 0.645672
0.577751 0.651116
0.580610 0.656326
0.583481 0.661599
0.586367 0.666893
0.589210 0.672103
0.592125 0.677414
0.595175 0.682937
0.598227 0.688429
0.600961 0.693173
0.603662 0.697822
0.606660 0.702944
0.609776 0.708224
0.612751 0.713181
0.615579 0.717825
0.618395 0.722399
0.621347 0.727181
0.624312 0.731974
0.627254 0.736728
0.630127 0.741372
0.632899 0.745857
0.635690 0.750415
0.638432 0.754944
0.641097 0.759402
0.643693 0.763836
0.646199 0.768148
0.648717 0.772616
0.651097 0.776952
0.653411 0.781248
0.655703 0.785656
0.657799 0.789804
0.659889 0.794096
0.661810 0.798184
0.663761 0.802499
0.665710 0.806935
0.667391 0.810976
0.669046 0.815134
0.670592 0.819187
0.672150 0.823421
0.673642 0.827657
0.675099 0.831964
0.676391 0.836055
0.677615 0.840140
0.678945 0.844577
0.680206 0.849014
0.681255 0.853077
0.682210 0.857049
0.683159 0.861110
0.684193 0.865525
0.685180 0.869923
0.685962 0.873923
0.686584 0.877601
0.687219 0.881406
0.688076 0.885873
0.688830 0.890168
0.689445 0.894211
0.689918 0.897893
0.690402 0.901692
0.691032 0.906002
0.691695 0.910500
0.692017 0.914012
0.692248 0.917298
0.692643 0.921169
0.693197 0.925571
0.693739 0.930079
0.693849 0.933129
0.693916 0.936061
0.694245 0.939959
0.694781 0.944565
0.695099 0.948489
0.695040 0.951099
0.694945 0.953705
0.695303 0.957839
0.695905 0.962782
0.696086 0.966515
0.695771 0.968364
0.695555 0.970454
0.696176 0.975461
0.696715 0.980368
0.696772 0.983392
0.696524 0.985358
0.696270 0.987347
0.696800 0.992269
0.697258 0.996847
0.697061 0.998878
0.696533 1.000078
0.696432 1.002553
0.696968 1.006834
0.697407 1.011027
0.697145 1.013103
0.696790 1.014833
0.696834 1.017706
0.697387 1.022325
0.697869 1.026830
