0.050000 0.200000
0.200000 0.200000
0.350000 0.200000
0.500000 0.200000
0.050000 0.350000
0.200000 0.350000
0.350000 0.350000
0.500000 0.350000
0.650000 0.350000
0.050000 0.500000
0.200000 0.500000
0.350000 0.500000
0.500000 0.500000
0.650000 0.500000
0.800000 0.500000
0.200000 0.650000
0.350000 0.650000
0.500000 0.650000
0.650000 0.650000
0.800000 0.650000
0.200000 0.800000
0.350000 0.800000
0.500000 0.800000
0.650000 0.800000
0.800000 0.800000
0.950000 0.800000
0.350000 0.950000
0.500000 0.950000
0.650000 0.950000
0.800000 0.950000
0.950000 0.950000
