1.475882
1.178195
0.943789
1.398741
1.866020
0.654811
0.793147
1.016235
1.333272
1.007362
1.280717
1.051062
1.059318
0.819928
0.488332
0.474282
1.595577
1.183289
0.847389
1.047073
0.845560
1.062606
0.850302
1.333668
1.294379
1.255448
1.328866
0.522059
1.273611
0.816850
0.871475
1.474366
0.478376
0.786568
1.329458
2.261355
1.392798
1.101664
1.195576
1.482691
1.509442
1.469306
0.533686
0.462060
1.614892
1.160877
1.215119
1.758496
0.323526
1.473204
0.766037
1.477136
0.880326
1.738409
1.518387
1.017760
0.650718
1.779316
0.467119
1.063052
0.917968
0.660924
1.868213
1.548218
0.834643
1.392167
0.716506
1.262699
0.564514
1.363346
1.005787
1.005470
1.672137
1.469661
0.846818
0.730248
1.212132
1.210777
0.806164
0.473283
2.454476
1.839789
0.903844
0.821713
1.607441
1.856269
0.830222
1.923214
1.273565
1.776270
2.331955
1.421053
1.499899
1.203647
0.848944
0.998412
0.484315
1.563915
0.851559
1.512373
1.410175
0.393665
0.767562
2.103239
0.496097
0.573376
0.933653
1.269384
1.011224
0.750349
1.262100
0.929058
0.612960
1.367660
0.752053
0.820063
0.536503
0.465210
0.953624
0.516542
0.882994
1.458606
1.113091
2.118235
0.896074
1.458343
1.464112
1.576153
0.534652
1.836523
1.200165
1.159891
0.521704
1.289039
0.760570
0.739763
0.818930
1.665770
0.699299
1.015437
1.289515
0.843908
0.626269
0.620444
0.630594
0.987341
1.111196
1.423262
1.430592
0.857863
1.305568
0.977276
1.050295
0.484654
1.267393
0.913058
1.128272
1.159529
0.525595
1.161559
0.715105
0.508068
0.729096
0.652922
0.415284
1.895040
0.692992
1.662006
1.795040
0.523939
0.525410
1.628658
1.715242
0.487428
2.033160
1.894274
0.550486
0.849592
1.439908
1.843719
0.507105
1.173486
1.241793
0.871559
2.619271
0.963699
1.283036
0.760090
1.031946
1.192238
0.837324
2.358832
1.142576
1.762640
0.688174
2.250811
0.597353
1.189204
1.463491
1.152593
1.330213
1.324230
0.429362
1.615745
1.121310
1.226671
1.338113
0.558355
1.415526
1.302080
1.535986
1.410911
1.151558
1.088028
0.905141
1.757625
2.328545
0.717861
0.602464
0.468436
1.382737
0.639382
1.429974
1.060965
0.615743
1.350940
1.280623
1.282645
0.847646
1.290705
0.489960
0.555567
0.941519
0.571196
1.047865
0.712009
1.079856
1.615970
0.740405
0.969281
1.294354
0.673255
1.060585
0.655887
0.514208
0.402707
1.484069
1.536582
1.049386
0.580813
1.044608
0.609646
1.070890
0.815376
0.525243
0.760161
1.772312
0.783033
0.724950
1.457759
0.467029
1.166127
1.190301
0.750677
0.813244
0.721011
1.059689
0.465905
0.742597
1.236688
1.956076
1.297991
0.554666
2.025460
0.533759
0.558138
1.273806
1.194344
1.083740
1.434406
1.013280
0.979881
0.690371
0.997481
0.517723
1.024315
0.779591
1.075545
1.838329
0.648214
1.419418
0.631091
1.170100
2.093876
1.095481
0.767152
0.351019
0.664365
0.705320
1.193575
