65.060148
51.295927
62.110938
71.542491
85.667422
71.606750
54.617353
49.539702
63.265929
61.758523
73.708672
97.666652
69.260294
62.346107
121.250763
112.051937
63.163746
66.812579
59.663758
101.881978
61.513990
69.536997
78.647580
63.755823
55.646971
65.951324
57.563210
86.274336
93.054394
78.330855
52.343729
69.940717
113.140353
69.322262
81.484044
64.418749
60.446841
35.757290
77.996129
59.982843
69.916899
49.350993
70.552609
62.233012
52.545446
64.197478
51.149561
65.713783
63.872111
59.594719
84.766014
64.761694
75.049947
38.905695
95.474551
68.828409
76.142577
46.379060
107.790919
65.122425
83.528057
57.673134
63.071401
75.506971
69.566720
56.398453
75.708046
70.877535
84.043767
44.890538
45.273818
79.769515
81.113119
73.545683
69.260685
65.208652
74.311845
65.204666
80.928880
74.705166
86.121066
78.294892
72.639669
73.846849
54.792257
66.638838
78.877543
70.579432
75.434068
81.199545
83.139762
75.754471
74.684247
67.631497
77.783104
69.142122
89.291298
50.973956
70.173849
91.565645
45.259489
135.583706
83.260578
72.969249
72.937992
80.415281
53.615257
83.982259
65.218917
60.642555
65.763811
54.519725
64.947264
66.210346
94.698358
83.870397
76.710404
111.928826
38.868586
76.291408
62.172667
77.336610
76.473915
69.628735
57.621931
67.387979
67.207562
65.043319
76.572414
87.510051
70.140296
78.110911
84.312978
31.699791
48.278067
28.930956
79.484175
70.866879
111.140440
83.176399
44.390496
70.431890
84.467428
55.009770
82.168956
80.242145
79.563327
66.088040
59.265694
55.162836
77.042590
65.504033
90.189832
64.366750
72.109461
90.454065
75.254227
44.227285
105.617209
73.348964
70.873296
108.837932
86.957546
114.317922
124.385995
69.197364
94.671452
70.603926
69.161202
3.200701
69.974268
55.513605
70.124083
113.374081
65.154723
51.280103
63.483997
100.318193
75.291114
86.214196
62.917877
61.501155
51.512002
67.351300
70.220962
61.050617
65.082247
70.781584
63.196909
71.875557
84.253325
60.960201
10.588133
58.284675
69.824242
76.206763
82.608388
68.760434
78.487725
68.140569
54.403074
88.903829
60.511777
49.536690
68.104534
71.381231
84.958169
69.199131
46.015202
56.998057
72.817970
75.134711
56.667526
70.279528
83.445773
83.850843
51.613280
39.690438
81.207944
72.430151
48.866532
79.164485
69.555649
68.309270
85.364004
79.808450
73.064351
58.634600
69.085658
84.516685
105.906746
39.502630
63.984462
68.969575
42.698189
59.228540
63.498235
60.546142
56.278162
89.412468
63.905291
60.444623
86.474085
61.447707
65.005358
130.710826
50.779754
88.824158
73.614554
79.861815
39.872465
74.786156
80.691269
76.992314
95.334096
101.135329
78.005516
81.052160
61.627426
53.964020
58.101531
79.657302
81.289907
85.276260
63.626142
64.529645
58.965169
126.065493
77.090480
72.965699
60.898770
59.401575
75.508776
70.995821
51.157382
107.555917
52.510659
64.909391
66.441399
51.422412
103.359094
51.312026
60.938598
68.736869
74.999302
74.658387
73.971592
56.375593
78.620812
63.698728
87.906542
67.240710
54.519020
58.149968
61.545624
82.917990
126.347489
67.990934
81.033081
63.740224
