0.197499
0.189996
0.151943
0.209880
0.129318
0.087212
0.165469
0.187671
0.137243
0.104814
0.303220
0.171015
0.137595
0.123686
0.378362
0.161257
0.250238
0.121763
0.129230
0.126918
0.136342
0.163539
0.161021
0.146186
0.169312
0.208467
0.177015
0.131733
0.158148
0.075807
0.159644
0.166233
0.095482
0.125121
0.148325
0.147475
0.161431
0.192852
0.173355
0.161480
0.353842
0.242214
0.124394
0.117968
0.273336
0.180617
0.144146
0.117143
0.143349
0.149726
0.262386
0.132440
0.141415
0.156628
0.184893
0.165282
0.084159
0.392247
0.235992
0.135579
0.188181
0.117152
0.145548
0.235477
0.177758
0.139629
0.129379
0.143452
0.119581
0.191246
0.142606
0.154350
0.123169
0.207543
0.116132
0.154558
0.152116
0.108612
0.121645
0.114081
0.198338
0.168592
0.114263
0.130647
0.198419
0.206853
0.154007
0.216372
0.125599
0.158963
0.323192
0.191307
0.178557
0.103163
0.091528
0.167130
0.203889
0.369647
0.109417
0.162122
0.216179
0.300345
0.141795
0.208039
0.115712
0.164317
0.167315
0.165667
0.138162
0.120917
0.170247
0.124420
0.163348
0.200062
0.167993
0.153770
0.142696
0.136797
0.160715
0.145787
0.126784
0.150536
0.146413
0.137737
0.110429
0.118659
0.182835
0.194938
0.110852
0.132689
0.309605
0.132061
0.117592
0.373284
0.231605
0.424562
0.175270
0.137883
0.156134
0.102459
0.143478
0.165822
0.115742
0.307562
0.113062
0.108430
0.200547
0.175037
0.135263
0.148354
0.189507
0.177434
0.184858
0.112393
0.151805
0.313944
0.195111
0.240749
0.177432
0.137874
0.173132
0.300677
0.171935
0.181718
0.097683
0.178320
0.131398
0.210160
0.144981
0.196169
0.119918
0.174118
0.142729
0.215023
0.117565
0.163574
0.124227
0.107509
0.163453
0.357899
0.119850
0.107467
0.195062
0.111020
0.331000
0.125122
0.150008
0.178368
0.137099
0.281954
0.198015
0.172133
0.178189
0.149802
0.155519
0.127049
0.127327
0.154963
0.238220
0.157816
0.343256
0.249576
0.117847
0.158885
0.100992
0.480186
0.182598
0.209667
0.262222
0.115352
0.111526
0.188338
0.249432
0.098537
0.230764
0.218780
0.292188
0.130585
0.115341
0.127884
0.295727
0.159898
0.143987
0.131984
0.163654
0.148467
0.133578
0.167391
0.163695
0.787479
0.242417
0.130209
0.171454
0.093628
0.377406
0.168062
0.123926
0.294855
0.405879
0.119930
0.135995
0.125256
0.152443
0.116000
0.125920
0.193568
0.218487
0.133144
0.216497
0.148513
0.321505
0.162735
0.136818
0.189682
0.170668
0.311677
0.203163
0.144839
0.186341
0.201341
0.114051
0.118361
0.143602
0.114649
0.104360
0.098844
0.124793
0.151796
0.140342
0.158061
0.126482
0.173479
0.117285
0.125480
0.154375
0.292057
0.083612
0.136571
0.194883
0.327472
0.239944
0.292952
0.138804
0.147829
0.157416
0.163108
0.121578
0.181970
0.144978
0.146635
0.164976
0.122741
0.321067
0.165845
0.103459
0.165924
0.434470
0.204295
0.163264
0.158053
