0.299987 0.216053
0.299764 0.217785
0.299510 0.219526
0.299625 0.224710
0.300256 0.233379
0.300706 0.239118
0.300349 0.240456
0.300223 0.242987
0.300582 0.249575
0.301468 0.258006
0.301917 0.262771
0.301538 0.264350
0.301211 0.266143
0.302059 0.273261
0.303108 0.280787
0.303761 0.286464
0.303751 0.289598
0.303691 0.292085
0.304951 0.299610
0.306332 0.306717
0.306753 0.310670
0.306656 0.313035
0.307190 0.316984
0.308753 0.323681
0.310431 0.329973
0.311249 0.334124
0.311532 0.336983
0.312736 0.341644
0.314558 0.347318
0.316425 0.352592
0.317278 0.355962
0.318061 0.359089
0.319396 0.363052
0.321925 0.368414
0.324637 0.373462
0.325445 0.376027
0.326322 0.378559
0.328996 0.382963
0.332119 0.387584
0.335163 0.391665
0.335906 0.393568
0.336724 0.395406
0.340610 0.399703
0.345528 0.404293
0.348808 0.407247
0.349073 0.408273
0.349686 0.409407
0.355056 0.413301
0.361563 0.417081
0.365103 0.419184
0.365997 0.420052
0.367087 0.420965
0.374603 0.424236
0.382596 0.427055
0.385952 0.428174
0.387051 0.428574
0.390071 0.429452
0.398930 0.431673
0.406729 0.433147
0.410014 0.433618
0.411870 0.433786
0.416083 0.434358
0.424707 0.435420
0.433818 0.436402
0.437912 0.436650
0.440412 0.436619
0.446410 0.437070
0.456223 0.437824
0.464297 0.438296
0.468419 0.438367
0.472001 0.438349
0.479579 0.438901
0.489228 0.439741
0.497090 0.440469
0.502106 0.440816
0.506922 0.441181
0.516681 0.442635
0.525296 0.444087
0.532456 0.445398
0.538724 0.446616
0.544671 0.447912
0.552056 0.449890
0.558641 0.451813
0.566127 0.454358
0.572792 0.456852
0.579165 0.459465
0.586166 0.462726
0.592688 0.466033
0.598723 0.469371
0.604227 0.472657
0.609977 0.476426
0.616214 0.480954
0.622148 0.485616
0.626527 0.489230
0.630961 0.493178
0.635710 0.497729
0.640483 0.502659
0.644361 0.506946
0.649264 0.512757
0.654215 0.519120
0.658213 0.524619
0.662051 0.530270
0.665652 0.535920
0.669303 0.542048
0.672626 0.547997
0.675806 0.554052
0.678979 0.560532
0.682012 0.567162
0.684479 0.572774
0.686929 0.578709
0.689324 0.584844
0.691490 0.590695
0.693736 0.597189
0.696188 0.604916
0.698436 0.612584
0.699854 0.617131
0.701102 0.621227
0.702892 0.627997
0.704779 0.635875
0.706289 0.642376
0.707470 0.647484
0.708586 0.652470
0.709866 0.658864
0.711105 0.665579
0.712259 0.672334
0.713286 0.678716
0.714170 0.684402
0.715058 0.690715
0.715873 0.697035
0.716601 0.703101
0.717232 0.708958
0.717834 0.714628
0.718409 0.721119
0.718852 0.726697
0.719298 0.732529
0.719690 0.738867
0.719972 0.743697
0.720236 0.749404
0.720411 0.753900
0.720570 0.759566
0.720769 0.766419
0.720813 0.770643
0.720809 0.775347
0.720795 0.779848
0.720772 0.785231
0.720718 0.790629
0.720652 0.796451
0.720498 0.800947
0.720276 0.805162
0.720212 0.812026
0.720075 0.818642
0.719836 0.822994
0.719534 0.826789
0.719256 0.831168
0.719046 0.837709
0.718848 0.844192
0.718506 0.848281
0.718051 0.850469
0.717618 0.853472
0.717458 0.860575
0.717232 0.866683
0.716866 0.871299
0.716410 0.873858
0.715975 0.877189
0.715747 0.883661
0.715596 0.891324
0.715090 0.893234
0.714402 0.893628
0.714067 0.898109
0.713980 0.905644
0.713854 0.913815
0.713200 0.913582
0.712451 0.912755
0.712141 0.917734
0.712277 0.927091
0.712051 0.932513
0.711096 0.930042
0.710068 0.928107
0.710061 0.935219
0.710593 0.947095
0.710252 0.952205
0.708760 0.946118
0.707271 0.941440
0.708493 0.955009
0.709175 0.967682
0.708701 0.969134
0.707550 0.964932
0.706091 0.960645
0.707126 0.974093
0.707857 0.985765
0.706876 0.982409
0.704412 0.973742
0.703403 0.973308
0.705169 0.984437
0.706275 0.995107
0.704857 0.992341
0.702866 0.987757
0.702597 0.990624
0.704469 1.004406
0.705712 1.017652
