0.294432 0.293891
0.294429 0.303369
0.294503 0.313082
0.294319 0.317411
0.293756 0.315059
0.293322 0.316295
0.293336 0.327885
0.293238 0.336383
0.292889 0.338890
0.292262 0.336699
0.291795 0.340217
0.291711 0.351672
0.291768 0.362277
0.291018 0.362715
0.290320 0.362314
0.289841 0.365729
0.289563 0.374151
0.289284 0.382902
0.288584 0.383325
0.287919 0.384017
0.287457 0.390510
0.287155 0.399757
0.286677 0.405862
0.285958 0.407465
0.285272 0.409482
0.284760 0.415294
0.284348 0.423142
0.283799 0.427892
0.283177 0.430895
0.282557 0.434267
0.282124 0.440905
0.281735 0.447743
0.281318 0.453131
0.280731 0.456000
0.280139 0.458971
0.279874 0.466169
0.279693 0.473258
0.279250 0.476938
0.278830 0.480056
0.278473 0.483779
0.278539 0.491271
0.278710 0.498534
0.278420 0.501354
0.278060 0.503135
0.278002 0.507483
0.278566 0.515501
0.279256 0.522938
0.279098 0.524915
0.278834 0.526273
0.279211 0.530843
0.280176 0.537888
0.281314 0.544599
0.281253 0.545711
0.281264 0.546824
0.282181 0.551908
0.283637 0.558618
0.284899 0.563784
0.285187 0.564855
0.285759 0.567028
0.287235 0.572200
0.289122 0.578186
0.290723 0.582641
0.291540 0.584648
0.292415 0.586524
0.294315 0.591216
0.296607 0.596730
0.298386 0.600384
0.299482 0.602289
0.300967 0.605178
0.303305 0.609973
0.305840 0.615116
0.307692 0.618340
0.309164 0.620714
0.311055 0.623972
0.313555 0.628633
0.316154 0.633449
0.317800 0.635980
0.319699 0.639096
0.321904 0.642934
0.324312 0.647344
0.326812 0.651929
0.329013 0.655789
0.331402 0.660159
0.333578 0.664034
0.335930 0.668330
0.338358 0.672866
0.340616 0.676985
0.342966 0.681376
0.345435 0.686039
0.348054 0.691008
0.350603 0.695769
0.352990 0.700111
0.355441 0.704581
0.358443 0.710107
0.361447 0.715452
0.364409 0.720580
0.367347 0.725511
0.370765 0.731004
0.373666 0.735545
0.376511 0.739836
0.379922 0.744772
0.383471 0.749659
0.387226 0.754571
0.390955 0.759203
0.394993 0.763950
0.399242 0.768667
0.403405 0.773027
0.407760 0.777316
0.412844 0.782046
0.418003 0.786520
0.423277 0.790795
0.428942 0.795077
0.434450 0.798953
0.439414 0.802202
0.444653 0.805415
0.451775 0.809629
0.459486 0.813837
0.465610 0.816916
0.471106 0.819490
0.477582 0.822400
0.485068 0.825591
0.492671 0.828662
0.499308 0.831189
0.505708 0.833519
0.512043 0.835743
0.518568 0.837979
0.525473 0.840315
0.531839 0.842433
0.538086 0.844497
0.544359 0.846585
0.550715 0.848719
0.556804 0.850837
0.562319 0.852784
0.568311 0.854969
0.573748 0.857069
0.578818 0.859090
0.584522 0.861500
0.589540 0.863733
0.594983 0.866298
0.599701 0.868651
0.603459 0.870707
0.608392 0.873482
0.612971 0.876212
0.617254 0.878992
0.621029 0.881628
0.624621 0.884305
0.627869 0.886913
0.631480 0.889913
0.635105 0.893059
0.637388 0.895471
0.639739 0.897990
0.642750 0.901183
0.645799 0.904560
0.648484 0.907809
0.650353 0.910429
0.652124 0.913089
0.654530 0.916466
0.657352 0.920445
0.659780 0.924198
0.660945 0.926704
0.662304 0.929513
0.663996 0.932753
0.666089 0.936676
0.667881 0.940342
0.668834 0.942977
0.669444 0.945208
0.671314 0.949309
0.673477 0.953922
0.674522 0.957110
0.674926 0.959303
0.675187 0.961200
0.677078 0.965939
0.678947 0.970881
0.679674 0.973776
0.679525 0.975196
0.680077 0.977901
0.682059 0.983260
0.683708 0.988341
0.683859 0.990317
0.683203 0.990754
0.683622 0.993203
0.685845 0.999501
0.687662 1.005517
0.686597 1.005119
0.685703 1.005031
0.686563 1.008741
0.688094 1.014238
0.689594 1.019772
0.688664 1.019082
0.687839 1.019204
0.689164 1.024244
0.691253 1.030828
0.692037 1.034883
0.691121 1.035171
0.690337 1.035618
0.691523 1.039881
0.692871 1.044910
0.693135 1.047562
0.691996 1.046501
0.690878 1.045827
