0.296788 0.280224
0.296845 0.286368
0.296924 0.292535
0.296896 0.297275
0.296698 0.300293
0.296559 0.304311
0.296665 0.310954
0.296701 0.316794
0.296606 0.321018
0.296369 0.324068
0.296242 0.328651
0.296350 0.335222
0.296493 0.341560
0.296257 0.345287
0.296003 0.348768
0.295878 0.353217
0.295922 0.358969
0.295978 0.364819
0.295742 0.368453
0.295508 0.372146
0.295483 0.377364
0.295601 0.383312
0.295590 0.388419
0.295383 0.392296
0.295207 0.396289
0.295211 0.401270
0.295327 0.406777
0.295323 0.411451
0.295245 0.415625
0.295189 0.419879
0.295348 0.425004
0.295551 0.430157
0.295711 0.434881
0.295746 0.438920
0.295800 0.442961
0.296176 0.448103
0.296620 0.453201
0.296856 0.457340
0.297104 0.461280
0.297444 0.465371
0.298157 0.470433
0.298936 0.475391
0.299395 0.479115
0.299814 0.482509
0.300519 0.486565
0.301701 0.491564
0.302955 0.496361
0.303674 0.499616
0.304373 0.502683
0.305544 0.506559
0.307141 0.511045
0.308857 0.515395
0.309877 0.518185
0.310971 0.520912
0.312729 0.524683
0.314868 0.528835
0.316917 0.532514
0.318408 0.535028
0.320141 0.537805
0.322509 0.541344
0.325177 0.545057
0.327713 0.548308
0.329839 0.550864
0.332046 0.553344
0.334951 0.556550
0.338151 0.559942
0.341085 0.562809
0.343668 0.565200
0.346541 0.567836
0.349986 0.570965
0.353609 0.574208
0.356841 0.576918
0.359880 0.579409
0.363210 0.582154
0.366952 0.585314
0.370776 0.588549
0.374016 0.591181
0.377424 0.594015
0.381023 0.597096
0.384755 0.600424
0.388524 0.603855
0.392081 0.607132
0.395737 0.610652
0.399226 0.614088
0.402778 0.617720
0.406339 0.621529
0.409746 0.625279
0.413158 0.629197
0.416577 0.633288
0.420017 0.637562
0.423359 0.641846
0.426562 0.646064
0.429747 0.650395
0.433136 0.655164
0.436459 0.659913
0.439736 0.664684
0.442951 0.669418
0.446340 0.674391
0.449486 0.679065
0.452607 0.683671
0.455947 0.688530
0.459347 0.693382
0.462837 0.698248
0.466338 0.703000
0.469981 0.707791
0.473748 0.712574
0.477499 0.717162
0.481384 0.721712
0.485557 0.726401
0.489812 0.730955
0.494162 0.735392
0.498694 0.739790
0.503239 0.743986
0.507680 0.747886
0.512287 0.751744
0.517446 0.755932
0.522834 0.760107
0.527794 0.763780
0.532608 0.767203
0.537717 0.770740
0.543116 0.774379
0.548538 0.777954
0.553680 0.781270
0.558738 0.784483
0.563749 0.787639
0.568770 0.790795
0.573844 0.794000
0.578716 0.797098
0.583494 0.800172
0.588209 0.803262
0.592895 0.806401
0.597380 0.809494
0.601655 0.812524
0.605996 0.815705
0.610048 0.818800
0.613942 0.821883
0.617911 0.825166
0.621608 0.828364
0.625328 0.831729
0.628793 0.835015
0.631863 0.838111
0.635185 0.841584
0.638355 0.845059
0.641316 0.848511
0.644080 0.851919
0.646719 0.855347
0.649188 0.858745
0.651685 0.862325
0.654145 0.865995
0.656107 0.869282
0.658051 0.872645
0.660117 0.876309
0.662137 0.880053
0.663997 0.883735
0.665569 0.887141
0.667060 0.890562
0.668684 0.894292
0.670384 0.898274
0.671927 0.902151
0.673051 0.905488
0.674192 0.908948
0.675395 0.912588
0.676680 0.916504
0.677842 0.920303
0.678716 0.923662
0.679457 0.926841
0.680546 0.930790
0.681726 0.934967
0.682488 0.938483
0.683049 0.941602
0.683547 0.944590
0.684518 0.948735
0.685469 0.952939
0.686042 0.956297
0.686317 0.959027
0.686797 0.962269
0.687736 0.966617
0.688519 0.970766
0.688818 0.973669
0.688865 0.975939
0.689208 0.978976
0.690144 0.983593
0.690974 0.988062
0.690768 0.989879
0.690652 0.991807
0.691118 0.995306
0.691755 0.999456
0.692412 1.003613
0.692231 1.005253
0.692089 1.007152
0.692646 1.011071
0.693484 1.015599
0.693867 1.019041
0.693629 1.020935
0.693448 1.022851
0.693951 1.026376
0.694517 1.030152
0.694688 1.032934
0.694355 1.034201
0.694048 1.035541
