0.444780 0.466497
0.455116 0.467461
0.469053 0.469020
0.483229 0.470827
0.494750 0.472333
0.506642 0.474273
0.519318 0.476931
0.531559 0.480080
0.703141 1.019548
0.703141 1.019548
0.703141 1.019548
0.703141 1.019548
0.703141 1.019548
0.703141 1.019548
0.703141 1.019548
0.703141 1.019548
0.502459 0.632641
0.506529 0.638275
0.510497 0.643970
0.514432 0.649770
0.518320 0.655606
0.522188 0.661476
0.526058 0.667375
0.529972 0.673320
0.709748 0.849360
0.709411 0.855594
0.709330 0.863860
0.709335 0.873011
0.709302 0.882029
0.709068 0.889583
0.708990 0.898566
0.708673 0.906000
0.357940 0.593829
0.365063 0.600536
0.372642 0.608017
0.380673 0.616493
0.388373 0.625079
0.395892 0.634084
0.403203 0.643513
0.410409 0.653447
0.367076 0.670823
0.369310 0.674628
0.371501 0.678367
0.373700 0.682094
0.375887 0.685841
0.378205 0.689830
0.380511 0.693778
0.382884 0.697801
0.488263 0.688425
0.491724 0.693207
0.495277 0.697992
0.498835 0.702658
0.502514 0.707325
0.506350 0.712028
0.510239 0.716616
0.514220 0.721130
0.674812 0.975237
0.673694 0.975434
0.677755 0.983703
0.676372 0.983359
0.679825 0.991227
0.679239 0.992202
0.682278 0.999490
0.681290 0.999689
0.682315 0.953589
0.683717 0.959616
0.684828 0.965289
0.685975 0.971128
0.686971 0.976796
0.687767 0.982060
0.688667 0.987555
0.689259 0.992682
0.424914 0.640570
0.428873 0.645737
0.433294 0.651816
0.437191 0.657306
0.441407 0.663396
0.445430 0.669298
0.449447 0.675227
0.453644 0.681396
0.665725 0.970808
0.668184 0.975665
0.670108 0.980246
0.671215 0.983813
0.672933 0.988348
0.673939 0.992118
0.675509 0.996903
0.677612 1.002480
0.339826 0.429039
0.339583 0.430087
0.346537 0.436347
0.348034 0.438429
0.353034 0.442362
0.358152 0.445974
0.360331 0.447711
0.369610 0.452556
0.479234 0.683014
0.483807 0.689467
0.488483 0.695885
0.493233 0.702179
0.498108 0.708369
0.503293 0.714654
0.508566 0.720714
0.514017 0.726640
0.649470 0.900164
0.651270 0.902836
0.652949 0.905469
0.655553 0.909218
0.658253 0.913229
0.660212 0.916541
0.661488 0.919264
0.663242 0.922648
0.266745 0.383108
0.263149 0.403259
0.261261 0.412144
0.262723 0.400937
0.262066 0.402848
0.259405 0.416245
0.258525 0.419086
0.259223 0.412958
0.301190 0.407977
0.301410 0.410655
0.301661 0.413397
0.301896 0.416047
0.302142 0.418648
0.302433 0.421346
0.302729 0.424015
0.303010 0.426552
0.320337 0.554183
0.324487 0.559870
0.329169 0.565576
0.335204 0.572691
0.339943 0.577495
0.346450 0.584230
0.352491 0.590153
0.358514 0.595932
0.404114 0.591575
0.410052 0.596208
0.415853 0.600975
0.421594 0.605991
0.427352 0.611391
0.432899 0.616941
0.438341 0.622769
0.443604 0.628765
0.460197 0.665417
0.463620 0.670419
0.467112 0.675518
0.470607 0.680591
0.474148 0.685667
0.477793 0.690798
0.481474 0.695858
0.485333 0.701023
0.293209 0.375288
0.292516 0.377754
0.292794 0.389279
0.291936 0.391390
0.291841 0.399632
0.291388 0.404966
0.291054 0.410976
0.290850 0.418028
0.532284 0.646407
0.535712 0.651749
0.539101 0.657102
0.542506 0.662514
0.545881 0.667899
0.549283 0.673289
0.552686 0.678629
0.556106 0.683915
0.410765 0.676372
0.415037 0.683057
0.419070 0.689319
0.423398 0.695910
0.427461 0.701988
0.431914 0.708413
0.436398 0.714614
0.441261 0.721010
0.670406 0.704534
0.672114 0.710104
0.673863 0.715944
0.675567 0.721778
0.677226 0.727579
0.678710 0.732817
0.680252 0.738477
0.681706 0.743961
0.308258 0.494257
0.310373 0.500481
0.312715 0.506477
0.315383 0.512336
0.318309 0.517982
0.321459 0.523352
0.324952 0.528589
0.328776 0.533677
0.639104 0.909904
0.643309 0.914383
0.647084 0.918819
0.650786 0.923618
0.653972 0.928190
0.657423 0.933451
0.660216 0.938213
0.662973 0.943316
0.471247 0.513158
0.480702 0.515612
0.489828 0.518227
0.499081 0.521281
0.508547 0.524891
0.517828 0.528958
0.526899 0.533529
0.535437 0.538441
0.468324 0.498398
0.479533 0.500655
0.490304 0.503116
0.500811 0.505867
0.511053 0.508991
0.521549 0.512780
0.531736 0.517086
0.541300 0.521768
0.354069 0.691254
0.355555 0.693872
0.357274 0.697036
0.359358 0.700929
0.361168 0.704194
0.362657 0.706816
0.364467 0.710025
0.366542 0.713670
0.316340 0.376237
0.317805 0.381629
0.320071 0.387764
0.323004 0.394408
0.326321 0.400900
0.329762 0.406968
0.333803 0.413068
0.338494 0.419091
0.641682 0.731721
0.644108 0.736495
0.646517 0.741281
0.648941 0.746168
0.651306 0.751003
0.653576 0.755740
0.655769 0.760335
0.657983 0.765133
0.469465 0.683830
0.473220 0.689170
0.476979 0.694396
0.480858 0.699645
0.484850 0.704875
0.488845 0.709927
0.493022 0.715000
0.497415 0.720100
0.520755 0.874129
0.533394 0.877282
0.544765 0.880149
0.555803 0.883074
0.567997 0.886627
0.578641 0.890048
0.587837 0.893396
0.597358 0.897301
0.305592 0.379752
0.306000 0.382502
0.306737 0.386185
0.306999 0.388431
0.307121 0.390282
0.307758 0.393410
0.308505 0.396745
0.308630 0.398545
0.487251 0.681027
0.490606 0.685791
0.494025 0.690561
0.497526 0.695336
0.501017 0.699982
0.504605 0.704610
0.508355 0.709297
0.512175 0.713899
0.583071 0.771408
0.590219 0.777308
0.597286 0.783217
0.604084 0.789028
0.610629 0.794814
0.616842 0.800545
0.622872 0.806414
0.628520 0.812244
0.354990 0.588309
0.364495 0.597324
0.373807 0.606251
0.383395 0.616100
0.392752 0.626474
0.401818 0.637483
0.410864 0.649566
0.419785 0.662363
0.383527 0.683345
0.388544 0.691755
0.393622 0.700118
0.399385 0.709250
0.404720 0.717413
0.410214 0.725339
0.416458 0.733708
0.423021 0.741809
0.710593 1.016993
0.710593 1.016993
0.710593 1.016993
0.710593 1.016993
0.710593 1.016993
0.710593 1.016993
0.710593 1.016993
0.710593 1.016993
0.329059 0.384351
0.331067 0.388411
0.335589 0.394578
0.341456 0.401041
0.344896 0.405148
0.346510 0.407515
0.349866 0.410813
0.357201 0.415960
0.683722 0.739844
0.686046 0.749596
0.688158 0.758854
0.690146 0.768333
0.691916 0.777474
0.693482 0.786364
0.694732 0.794484
0.695976 0.803116
0.728321 0.949920
0.723754 1.014546
0.721887 1.035208
0.721887 1.035208
0.721887 1.035208
0.721887 1.035208
0.721887 1.035208
0.721887 1.035208
0.498716 0.796777
0.510528 0.802744
0.522086 0.808174
0.532934 0.812995
0.543302 0.817478
0.554315 0.822262
0.564732 0.826858
0.574735 0.831449
0.539481 0.703276
0.541927 0.706437
0.544393 0.709562
0.546894 0.712664
0.549430 0.715744
0.551989 0.718790
0.554593 0.721822
0.557168 0.724758
0.516130 0.800346
0.519513 0.802005
0.522682 0.803524
0.526539 0.805364
0.529967 0.806960
0.533263 0.808476
0.536678 0.810025
0.539730 0.811402
0.718264 1.025263
0.718264 1.025263
0.718264 1.025263
0.718264 1.025263
0.718264 1.025263
0.718264 1.025263
0.718264 1.025263
0.718264 1.025263
0.535926 0.749108
0.542556 0.754621
0.549537 0.760193
0.556690 0.765695
0.563529 0.770804
0.570397 0.775844
0.577082 0.780706
0.583885 0.785681
0.665926 0.985263
0.669619 0.991560
0.670151 0.994124
0.671086 0.997178
0.671422 0.999758
0.674822 1.006535
0.678132 1.013487
0.680362 1.019153
0.626950 0.894240
0.634334 0.900428
0.640024 0.906143
0.645704 0.912464
0.651488 0.919611
0.655099 0.925264
0.660395 0.933381
0.664124 0.940322
0.531697 0.700337
0.533166 0.702267
0.534653 0.704197
0.536140 0.706102
0.537638 0.707996
0.539175 0.709915
0.540697 0.711787
0.542241 0.713665
0.584207 0.700237
0.590000 0.708912
0.596167 0.717857
0.602313 0.726512
0.608244 0.734642
0.614231 0.742766
0.620187 0.750836
0.625960 0.758723
0.265821 0.401341
0.263493 0.412304
0.262693 0.413484
0.262456 0.411091
0.262430 0.407618
0.260761 0.414124
0.258780 0.422717
0.256236 0.434495
0.637785 0.677747
0.641765 0.687353
0.646040 0.697818
0.649958 0.707320
0.653946 0.717162
0.657687 0.726495
0.661340 0.735797
0.664856 0.745022
0.326960 0.476791
0.329035 0.480150
0.330896 0.483052
0.334093 0.487148
0.336767 0.490372
0.338803 0.492780
0.342576 0.496523
0.345923 0.499615
0.709255 1.016782
0.709255 1.016782
0.709255 1.016782
0.709255 1.016782
0.709255 1.016782
0.709255 1.016782
0.709255 1.016782
0.709255 1.016782
0.353138 0.641092
0.358094 0.648480
0.362877 0.655775
0.368151 0.664386
0.373431 0.673175
0.378410 0.681487
0.383734 0.690524
0.389598 0.700348
0.430200 0.680400
0.434162 0.686379
0.438400 0.692670
0.442444 0.698570
0.446780 0.704673
0.451220 0.710684
0.455861 0.716683
0.460793 0.722740
0.402713 0.686685
0.405167 0.690598
0.407661 0.694554
0.410082 0.698330
0.412613 0.702249
0.415229 0.706217
0.417744 0.709950
0.420496 0.713931
0.726827 0.975176
0.725245 0.978115
0.725058 0.931141
0.723281 0.976383
0.721684 0.974180
0.717785 0.941239
0.717969 1.024668
0.717969 1.024668
0.262802 0.389422
0.258942 0.409418
0.258017 0.412161
0.259708 0.401199
0.257107 0.413556
0.253900 0.428934
0.255994 0.415862
0.255650 0.416206
0.473748 0.647492
0.478157 0.653697
0.482621 0.660117
0.486988 0.666487
0.491406 0.672933
0.495888 0.679417
0.500464 0.685929
0.505099 0.692366
0.324407 0.513393
0.327044 0.517210
0.329404 0.520365
0.332341 0.523976
0.335275 0.527294
0.338238 0.530382
0.341748 0.533792
0.345008 0.536702
0.496263 0.690083
0.499201 0.694103
0.502110 0.698010
0.505098 0.701921
0.508194 0.705873
0.511374 0.709812
0.514546 0.713631
0.517813 0.717439
0.441902 0.585512
0.452129 0.593209
0.461939 0.601607
0.471262 0.610693
0.480140 0.620509
0.488559 0.630903
0.496630 0.641813
0.504450 0.653076
0.385707 0.483716
0.394009 0.486243
0.402482 0.488438
0.414576 0.491417
0.424609 0.493212
0.433852 0.494709
0.447347 0.497175
0.459528 0.499335
0.556547 0.795047
0.562193 0.798242
0.567571 0.801288
0.572871 0.804310
0.578036 0.807300
0.583326 0.810436
0.588276 0.813437
0.593122 0.816460
0.578441 0.712418
0.584525 0.720518
0.590674 0.728422
0.596878 0.736184
0.602943 0.743593
0.609056 0.751010
0.615051 0.758292
0.620837 0.765391
0.383389 0.687591
0.386018 0.692012
0.388553 0.696240
0.391192 0.700584
0.393847 0.704901
0.396612 0.709273
0.399498 0.713762
0.402363 0.718103
0.329195 0.409927
0.331770 0.414576
0.335164 0.419610
0.339734 0.425131
0.344696 0.430300
0.350254 0.435235
0.356482 0.439897
0.361412 0.443336
0.398378 0.672278
0.400668 0.675922
0.402647 0.679069
0.404628 0.682214
0.406804 0.685689
0.408873 0.688962
0.411188 0.692605
0.413259 0.695817
0.712662 1.017954
0.712662 1.017954
0.712662 1.017954
0.712662 1.017954
0.712662 1.017954
0.712662 1.017954
0.712662 1.017954
0.712662 1.017954
0.685266 0.985524
0.685135 0.987565
0.686773 0.993394
0.686611 0.995440
0.687798 1.000767
0.687809 1.003179
0.688738 1.007967
0.688980 1.010931
0.538682 0.645769
0.542724 0.652193
0.546696 0.658593
0.550676 0.665055
0.554647 0.671480
0.558636 0.677867
0.562645 0.684181
0.566744 0.690507
0.309017 0.383735
0.310544 0.392185
0.312943 0.401669
0.315020 0.409678
0.318165 0.418712
0.320844 0.426177
0.324465 0.434131
0.328158 0.441305
0.395128 0.411663
0.400623 0.412733
0.412304 0.414657
0.425422 0.416171
0.436643 0.416929
0.445879 0.417373
0.452070 0.417352
0.466658 0.418043
0.612150 0.782275
0.616051 0.786217
0.619792 0.790077
0.623442 0.793954
0.626995 0.797846
0.630417 0.801723
0.633729 0.805617
0.636933 0.809533
0.484318 0.687433
0.487465 0.691806
0.490757 0.696292
0.494023 0.700630
0.497355 0.704933
0.500792 0.709237
0.504348 0.713545
0.507955 0.717759
0.356646 0.473850
0.363200 0.477951
0.370281 0.481747
0.376626 0.484607
0.381811 0.486605
0.387460 0.488535
0.395160 0.490898
0.403658 0.493314
0.674294 0.972357
0.675090 0.975937
0.677495 0.982148
0.680004 0.988916
0.682012 0.994939
0.682156 0.997636
0.681615 0.998862
0.682926 1.003882
0.481669 0.699502
0.485351 0.704332
0.489031 0.709008
0.492837 0.713663
0.496865 0.718406
0.500961 0.723025
0.505150 0.727544
0.509525 0.732056
0.436771 0.680486
0.438479 0.683076
0.440498 0.686073
0.442509 0.689034
0.444236 0.691595
0.446176 0.694407
0.448161 0.697253
0.450201 0.700130
0.294845 0.364045
0.294448 0.378900
0.294295 0.395339
0.293701 0.408310
0.293435 0.422435
0.293701 0.438056
0.293826 0.451378
0.294346 0.464495
0.692705 0.931274
0.693457 0.939689
0.693850 0.947192
0.694376 0.955258
0.695172 0.964400
0.695670 0.972662
0.695728 0.979209
0.695917 0.986309
0.364366 0.604416
0.368169 0.608364
0.371899 0.612312
0.375493 0.616146
0.379320 0.620433
0.382873 0.624448
0.386367 0.628527
0.390075 0.633098
0.454849 0.715950
0.458869 0.720958
0.462779 0.725605
0.466832 0.730204
0.471159 0.734881
0.475680 0.739519
0.480360 0.744063
0.485020 0.748341
0.716749 0.983388
0.711165 0.951480
0.714307 0.996894
0.713750 1.018796
0.713750 1.018796
0.713750 1.018796
0.713750 1.018796
0.713750 1.018796
0.453282 0.464956
0.466451 0.466095
0.479749 0.467353
0.496588 0.469581
0.513923 0.472741
0.529366 0.476287
0.544444 0.480805
0.559218 0.486466
0.331606 0.589100
0.333801 0.591487
0.336473 0.594681
0.339919 0.598902
0.343055 0.602592
0.345432 0.605187
0.348155 0.608273
0.351411 0.612163
0.309511 0.383630
0.311583 0.393648
0.313934 0.403269
0.317286 0.413559
0.321071 0.423293
0.325499 0.432699
0.330828 0.441832
0.335352 0.448849
0.447742 0.714248
0.453731 0.721842
0.459863 0.729096
0.466440 0.736310
0.473479 0.743423
0.480676 0.750097
0.488171 0.756463
0.496235 0.762794
0.343391 0.393576
0.347448 0.398577
0.352424 0.403226
0.364999 0.410756
0.370555 0.414098
0.377374 0.417195
0.394175 0.422163
0.401546 0.423871
0.277598 0.359228
0.273060 0.385757
0.271140 0.386703
0.265466 0.415498
0.262835 0.420581
0.257532 0.444342
0.254707 0.452250
0.248673 0.482123
0.578471 0.823333
0.587047 0.827886
0.595755 0.832860
0.603902 0.837867
0.611177 0.842762
0.618272 0.847974
0.625023 0.853430
0.631315 0.859039
0.355640 0.407537
0.364526 0.412852
0.367942 0.415231
0.372702 0.417769
0.385433 0.422306
0.397840 0.425557
0.402459 0.426444
0.410179 0.427549
0.669558 0.889883
0.671635 0.895281
0.673495 0.900599
0.675507 0.906442
0.677275 0.912087
0.678902 0.917712
0.680236 0.922990
0.681403 0.928108
0.426161 0.646757
0.429666 0.651583
0.433283 0.656693
0.436654 0.661554
0.439959 0.666383
0.443424 0.671499
0.446771 0.676457
0.450357 0.681744
0.558610 0.502378
0.565980 0.506334
0.572730 0.510324
0.579829 0.515084
0.585873 0.519529
0.592273 0.524774
0.597778 0.529709
0.603527 0.535390
0.424034 0.384700
0.432705 0.385516
0.433468 0.385470
0.430756 0.385066
0.438704 0.385608
0.446855 0.385999
0.446458 0.385847
0.447776 0.385691
0.721703 1.034563
0.721703 1.034563
0.721703 1.034563
0.721703 1.034563
0.721703 1.034563
0.721703 1.034563
0.721703 1.034563
0.721703 1.034563
0.644272 0.808054
0.647043 0.812129
0.649745 0.816276
0.652272 0.820341
0.654688 0.824407
0.657014 0.828517
0.659236 0.832632
0.661349 0.836752
0.506348 0.912371
0.519632 0.914895
0.532556 0.917310
0.543689 0.919413
0.556805 0.922125
0.569572 0.925026
0.579010 0.927591
0.589279 0.930713
0.380881 0.904162
0.396310 0.912315
0.412479 0.919639
0.428239 0.925685
0.443277 0.930583
0.455639 0.934006
0.471269 0.937838
0.485111 0.940729
0.268987 0.387729
0.267696 0.395060
0.265750 0.406079
0.268090 0.387650
0.263972 0.413392
0.265830 0.398592
0.264017 0.408851
0.263043 0.412883
0.556958 0.671773
0.559974 0.676636
0.563007 0.681468
0.566117 0.686359
0.569265 0.691229
0.572394 0.695968
0.575515 0.700590
0.578672 0.705177
0.414207 0.904055
0.435305 0.912077
0.455931 0.918349
0.476319 0.923417
0.496553 0.927573
0.516249 0.931103
0.533129 0.933926
0.550055 0.936907
0.563331 0.678561
0.565279 0.681681
0.567296 0.684877
0.569236 0.687926
0.571260 0.691062
0.573397 0.694362
0.575350 0.697295
0.577289 0.700176
0.316880 0.632523
0.318511 0.635462
0.320239 0.638618
0.321569 0.640756
0.323049 0.643197
0.324481 0.645578
0.326189 0.648656
0.328016 0.652031
0.652362 0.985790
0.655857 0.989849
0.655528 0.990705
0.660183 0.996213
0.659668 0.996713
0.663246 1.001541
0.665726 1.005400
0.664375 1.005287
0.343702 0.420046
0.347161 0.423787
0.350700 0.427196
0.356044 0.431188
0.362824 0.435369
0.370329 0.439246
0.378482 0.442667
0.387060 0.445740
0.608373 0.804980
0.613360 0.809163
0.617979 0.813214
0.622719 0.817586
0.626980 0.821721
0.631336 0.826185
0.635211 0.830405
0.639077 0.834857
0.527163 0.696428
0.530547 0.700939
0.533992 0.705400
0.537497 0.709805
0.541068 0.714159
0.544700 0.718452
0.548368 0.722649
0.552094 0.726786
0.497708 0.681568
0.503156 0.689251
0.508719 0.696830
0.514507 0.704372
0.520509 0.711798
0.526748 0.719083
0.533112 0.726078
0.539696 0.732903
0.600722 0.705392
0.604193 0.710906
0.607911 0.716763
0.611245 0.721892
0.614869 0.727432
0.618379 0.732755
0.621907 0.738109
0.625499 0.743541
0.635513 0.673612
0.637379 0.678130
0.639198 0.682560
0.640951 0.686796
0.642706 0.691024
0.644498 0.695400
0.646154 0.699426
0.647666 0.702985
0.440758 0.486190
0.451332 0.487716
0.462248 0.489376
0.473942 0.491308
0.486062 0.493597
0.497543 0.496108
0.508457 0.498861
0.519062 0.502024
0.388608 0.411472
0.395801 0.413322
0.403211 0.414864
0.410989 0.416151
0.413794 0.416375
0.416822 0.416678
0.419269 0.416876
0.421427 0.416994
0.502352 0.721925
0.506588 0.726532
0.511022 0.731140
0.515330 0.735408
0.519694 0.739544
0.524473 0.743905
0.529438 0.748265
0.534276 0.752322
0.526467 0.527055
0.530627 0.529207
0.534193 0.531111
0.537746 0.533140
0.541291 0.535265
0.544747 0.537468
0.548347 0.539914
0.551950 0.542521
0.315376 0.412927
0.316536 0.415969
0.317870 0.419223
0.317977 0.420341
0.318703 0.422454
0.320292 0.425794
0.320625 0.427220
0.320945 0.428567
0.667692 0.985640
0.670445 0.990593
0.669639 0.991150
0.674569 0.999342
0.672451 0.998001
0.675954 1.004631
0.676610 1.007282
0.677758 1.010549
0.453060 0.757870
0.456162 0.760635
0.459284 0.763311
0.462504 0.765964
0.465425 0.768257
0.468964 0.770977
0.472845 0.773857
0.475795 0.775910
0.303647 0.399011
0.304124 0.403683
0.304627 0.408318
0.305530 0.413844
0.306157 0.418383
0.306770 0.422706
0.307836 0.427917
0.308753 0.432538
0.329699 0.506448
0.334059 0.511900
0.338775 0.517027
0.343925 0.521928
0.349529 0.526618
0.355617 0.531127
0.362125 0.535438
0.368980 0.539538
0.314661 0.440367
0.315872 0.444860
0.318254 0.450851
0.320570 0.456327
0.322057 0.460199
0.325002 0.465648
0.327930 0.470624
0.329943 0.474170
0.676988 0.926637
0.679182 0.935166
0.681743 0.945035
0.683983 0.954791
0.686153 0.964872
0.687471 0.973427
0.688321 0.980945
0.688991 0.988328
0.595971 0.954080
0.600583 0.955758
0.605785 0.957783
0.609913 0.959584
0.613583 0.961415
0.618533 0.963894
0.620315 0.965165
0.624812 0.967788
0.350546 0.563603
0.356195 0.568173
0.362297 0.572945
0.369096 0.578231
0.375967 0.583511
0.382673 0.588682
0.389394 0.593989
0.396298 0.599744
0.423215 0.619932
0.429715 0.627110
0.436029 0.634597
0.442353 0.642687
0.448529 0.651036
0.454577 0.659583
0.460600 0.668305
0.466577 0.677039
0.662183 0.799217
0.665959 0.807743
0.669178 0.815701
0.672255 0.823914
0.675093 0.832188
0.677582 0.840246
0.680106 0.848895
0.682136 0.856904
0.538708 0.738467
0.541731 0.741326
0.544830 0.744182
0.547881 0.746933
0.550817 0.749517
0.553707 0.752011
0.556828 0.754677
0.559971 0.757316
0.322881 0.388556
0.328006 0.398272
0.331352 0.404979
0.335121 0.411245
0.342753 0.419889
0.351469 0.427585
0.356031 0.431850
0.361032 0.435531
0.724980 0.953041
0.722899 0.978392
0.721700 0.983905
0.721590 0.957346
0.718096 0.930396
0.719451 0.961937
0.719038 0.983017
0.718059 0.986421
0.317364 0.395523
0.318578 0.400079
0.319940 0.404588
0.323221 0.411433
0.326585 0.417780
0.328142 0.421624
0.330193 0.425609
0.334833 0.431942
0.524570 0.738057
0.527359 0.740644
0.530378 0.743409
0.533578 0.746268
0.536638 0.748912
0.539462 0.751289
0.542468 0.753786
0.545688 0.756410
0.722731 1.038409
0.722731 1.038409
0.722731 1.038409
0.722731 1.038409
0.722731 1.038409
0.722731 1.038409
0.722731 1.038409
0.722731 1.038409
0.716232 1.021696
0.716232 1.021696
0.716232 1.021696
0.716232 1.021696
0.716232 1.021696
0.716232 1.021696
0.716232 1.021696
0.716232 1.021696
0.723002 1.039524
0.723002 1.039524
0.723002 1.039524
0.723002 1.039524
0.723002 1.039524
0.723002 1.039524
0.723002 1.039524
0.723002 1.039524
0.345673 0.463340
0.347151 0.465031
0.348919 0.466804
0.353713 0.470438
0.358830 0.473858
0.361262 0.475446
0.363386 0.476755
0.368027 0.479269
0.705651 0.961394
0.703858 0.959132
0.705034 0.976640
0.702816 0.972116
0.704142 0.988263
0.701120 0.982559
0.703107 0.997586
0.700460 0.995113
0.296127 0.394521
0.296076 0.398340
0.296100 0.402468
0.296085 0.406294
0.296093 0.410170
0.296179 0.414392
0.296309 0.418702
0.296429 0.422816
0.523725 0.708940
0.528593 0.714801
0.533668 0.720639
0.538685 0.726135
0.544050 0.731781
0.549350 0.737101
0.554898 0.742469
0.560337 0.747532
0.707038 1.017094
0.707038 1.017094
0.707038 1.017094
0.707038 1.017094
0.707038 1.017094
0.707038 1.017094
0.707038 1.017094
0.707038 1.017094
0.476341 0.772284
0.482132 0.776323
0.488748 0.780721
0.494582 0.784321
0.499999 0.787492
0.506620 0.791215
0.513583 0.794972
0.519318 0.797899
0.474223 0.668505
0.476816 0.672283
0.479415 0.676058
0.482057 0.679871
0.484745 0.683712
0.487427 0.687496
0.490124 0.691245
0.492932 0.695080
0.756492 0.970752
0.754407 0.976915
0.750990 0.989908
0.747368 1.002999
0.743518 1.017489
0.742551 1.020625
0.743800 1.012449
0.745552 1.002752
0.381073 0.670543
0.383198 0.673961
0.385263 0.677326
0.387547 0.681129
0.389922 0.685091
0.392361 0.689149
0.394771 0.693116
0.397106 0.696907
0.488892 0.654638
0.492924 0.660514
0.497063 0.666584
0.501174 0.672614
0.505320 0.678645
0.509565 0.684733
0.513844 0.690731
0.518228 0.696701
0.301816 0.376540
0.302547 0.383683
0.303174 0.390187
0.303661 0.395928
0.304526 0.402574
0.305398 0.408946
0.306044 0.414359
0.307249 0.420884
0.559980 0.744414
0.567647 0.751510
0.575360 0.758420
0.583032 0.765150
0.590543 0.771686
0.597980 0.778209
0.605072 0.784538
0.611978 0.790909
0.650995 0.767494
0.655057 0.775408
0.658936 0.783355
0.662511 0.791088
0.665759 0.798579
0.668867 0.806244
0.671642 0.813660
0.674232 0.821112
0.411268 0.815721
0.418558 0.820574
0.423817 0.823742
0.429915 0.827210
0.439219 0.832214
0.446569 0.835790
0.452124 0.838245
0.460799 0.841944
0.379812 0.431471
0.387061 0.433843
0.394339 0.435774
0.401804 0.437336
0.409430 0.438657
0.417522 0.439765
0.428036 0.440910
0.437444 0.441772
0.386005 0.462791
0.395899 0.465831
0.397709 0.466112
0.406647 0.468177
0.411819 0.469062
0.420269 0.470679
0.425532 0.471337
0.432934 0.472346
0.291656 0.375458
0.291761 0.387352
0.290946 0.389654
0.290727 0.398021
0.290225 0.403719
0.289679 0.408694
0.289502 0.417295
0.288735 0.419906
0.606352 0.731888
0.608414 0.734711
0.610385 0.737395
0.612355 0.740068
0.614325 0.742741
0.616339 0.745475
0.618335 0.748189
0.620196 0.750704
0.560661 0.700044
0.566223 0.707683
0.571868 0.715127
0.577614 0.722409
0.583432 0.729523
0.589278 0.736457
0.595056 0.743147
0.600853 0.749771
0.269228 0.340139
0.261415 0.380197
0.264528 0.360348
0.261318 0.373813
0.256447 0.394943
0.259533 0.376001
0.254605 0.396907
0.252274 0.405141
0.581175 0.965467
0.589051 0.967475
0.595348 0.969332
0.600646 0.971232
0.607484 0.973701
0.612715 0.976020
0.615681 0.977739
0.621004 0.980469
0.713780 1.018822
0.713780 1.018822
0.713780 1.018822
0.713780 1.018822
0.713780 1.018822
0.713780 1.018822
0.713780 1.018822
0.713780 1.018822
0.312602 0.380113
0.312808 0.381954
0.313566 0.384732
0.314961 0.388714
0.316317 0.392394
0.316275 0.393587
0.316543 0.395215
0.317772 0.398390
0.497630 0.774366
0.505223 0.779219
0.512819 0.783792
0.521728 0.788912
0.530465 0.793672
0.538525 0.797889
0.546599 0.801999
0.554546 0.806020
0.491824 0.724308
0.495518 0.728309
0.499330 0.732267
0.503305 0.736222
0.507340 0.740071
0.511399 0.743787
0.515465 0.747357
0.519641 0.750885
0.270285 0.415091
0.270530 0.408407
0.270416 0.405879
0.268647 0.418271
0.267279 0.426313
0.267328 0.422246
0.267193 0.419932
0.265792 0.428775
0.276765 0.410587
0.276010 0.412968
0.275110 0.418241
0.274021 0.426240
0.273112 0.431368
0.272108 0.438211
0.271112 0.444627
0.270190 0.450590
0.298533 0.386820
0.298644 0.390601
0.298776 0.394393
0.298922 0.398197
0.299080 0.401931
0.299252 0.405673
0.299460 0.409440
0.299687 0.413202
0.312823 0.402238
0.312369 0.402434
0.313570 0.405780
0.314142 0.407891
0.314234 0.409064
0.315646 0.412565
0.315805 0.413841
0.316474 0.415906
0.545185 0.786604
0.557574 0.793789
0.569959 0.800913
0.581701 0.807831
0.593004 0.814841
0.603435 0.821799
0.613342 0.829055
0.622316 0.836400
0.582766 0.748368
0.586236 0.751865
0.589695 0.755323
0.593135 0.758743
0.596550 0.762130
0.599929 0.765486
0.603269 0.768814
0.606591 0.772154
0.299792 0.585458
0.302593 0.590424
0.307695 0.600571
0.310869 0.605500
0.316128 0.614745
0.320121 0.620732
0.325264 0.629241
0.329707 0.636042
0.685219 0.923243
0.686692 0.931526
0.688051 0.939866
0.689213 0.947954
0.690145 0.955753
0.691100 0.963773
0.691890 0.971476
0.692484 0.978733
0.704263 1.018595
0.704263 1.018595
0.704263 1.018595
0.704263 1.018595
0.704263 1.018595
0.704263 1.018595
0.704263 1.018595
0.704263 1.018595
0.559369 0.684862
0.561538 0.688180
0.563654 0.691374
0.565883 0.694698
0.568171 0.698075
0.570327 0.701176
0.572492 0.704247
0.574769 0.707449
0.342101 0.557450
0.348683 0.563446
0.355201 0.568885
0.362102 0.574392
0.369641 0.580291
0.376649 0.585663
0.384476 0.591934
0.391901 0.598000
0.611128 0.829876
0.619418 0.836373
0.626985 0.842959
0.634415 0.850128
0.640711 0.857047
0.646798 0.864460
0.651864 0.871554
0.656594 0.878928
0.305333 0.405320
0.305630 0.407827
0.305848 0.410008
0.306415 0.413098
0.307049 0.416277
0.307219 0.418204
0.307562 0.420511
0.308286 0.423631
0.457783 0.710874
0.467288 0.722654
0.477799 0.734287
0.489047 0.745258
0.500962 0.755446
0.514072 0.765390
0.527574 0.774563
0.541263 0.783120
0.697781 0.963541
0.697570 0.970068
0.697694 0.977804
0.698159 0.987238
0.698561 0.996072
0.698655 1.003148
0.698098 1.008311
0.697743 1.014093
0.405519 0.704992
0.407646 0.708270
0.409658 0.711338
0.411667 0.714323
0.414026 0.717740
0.416310 0.720973
0.418827 0.724430
0.421207 0.727612
0.601808 0.753804
0.605719 0.758140
0.609551 0.762407
0.613324 0.766646
0.617009 0.770813
0.620645 0.774999
0.624197 0.779177
0.627610 0.783260
0.559024 0.967353
0.569244 0.969207
0.579544 0.971360
0.588324 0.973549
0.595676 0.975753
0.603677 0.978461
0.610944 0.981346
0.617602 0.984486
0.277414 0.331148
0.274753 0.339794
0.273807 0.337146
0.273652 0.330309
0.267583 0.361565
0.260957 0.390861
0.260857 0.383729
0.259317 0.384702
0.507129 0.672948
0.509248 0.676050
0.511411 0.679200
0.513596 0.682351
0.515740 0.685419
0.517933 0.688516
0.520142 0.691591
0.522398 0.694685
0.548361 0.832831
0.557124 0.836235
0.565459 0.839569
0.573003 0.842693
0.581270 0.846362
0.588282 0.849652
0.595582 0.853358
0.602839 0.857341
0.695880 0.963199
0.695842 0.967692
0.695819 0.972050
0.695898 0.976646
0.696292 0.982523
0.696653 0.988436
0.697134 0.994765
0.697219 0.999281
0.458279 0.626264
0.462169 0.630940
0.465947 0.635681
0.469796 0.640722
0.473503 0.645740
0.477205 0.650883
0.480821 0.656044
0.484377 0.661196
0.719370 1.027747
0.719370 1.027747
0.719370 1.027747
0.719370 1.027747
0.719370 1.027747
0.719370 1.027747
0.719370 1.027747
0.719370 1.027747
0.383542 0.681313
0.386902 0.686910
0.390412 0.692756
0.394079 0.698790
0.397703 0.704622
0.401309 0.710277
0.405480 0.716573
0.409096 0.721861
0.585668 0.868405
0.593788 0.872016
0.600831 0.875481
0.608748 0.879756
0.615766 0.883995
0.621977 0.888208
0.627697 0.892536
0.633120 0.897048
0.521264 0.986293
0.527050 0.987028
0.534417 0.987983
0.542212 0.988999
0.548517 0.989825
0.553980 0.990578
0.559204 0.991294
0.562634 0.991881
0.482180 0.675794
0.486557 0.682089
0.490963 0.688306
0.495530 0.694589
0.500143 0.700725
0.504931 0.706845
0.509900 0.712911
0.515012 0.718861
0.270162 0.419828
0.269251 0.418336
0.267987 0.421270
0.265990 0.431090
0.263317 0.446027
0.261249 0.456232
0.260243 0.457326
0.258757 0.462508
0.456191 0.379261
0.465528 0.379651
0.465334 0.379206
0.470068 0.379096
0.481827 0.379663
0.491162 0.380058
0.493372 0.379779
0.499107 0.379938
0.605636 0.850855
0.617904 0.859104
0.629007 0.867941
0.638255 0.876811
0.646386 0.886075
0.652855 0.895042
0.659376 0.905268
0.664085 0.914486
0.713309 1.018425
0.713309 1.018425
0.713309 1.018425
0.713309 1.018425
0.713309 1.018425
0.713309 1.018425
0.713309 1.018425
0.713309 1.018425
0.643764 0.924580
0.649381 0.931205
0.655728 0.939210
0.658194 0.944084
0.663012 0.951913
0.666827 0.959209
0.667822 0.963237
0.672856 0.973175
0.503170 0.693356
0.506233 0.697477
0.509347 0.701562
0.512564 0.705674
0.515836 0.709733
0.519175 0.713748
0.522538 0.717661
0.526015 0.721574
0.378579 0.578251
0.389469 0.586133
0.400617 0.594680
0.411488 0.603733
0.422209 0.613768
0.432469 0.624595
0.442285 0.636236
0.451974 0.648995
0.363418 0.650016
0.365479 0.653182
0.367630 0.656580
0.369693 0.659863
0.371660 0.662993
0.373683 0.666268
0.375752 0.669662
0.377766 0.672975
0.510320 0.513212
0.519821 0.516824
0.528581 0.520603
0.536976 0.524721
0.545424 0.529492
0.553378 0.534600
0.560949 0.540129
0.567411 0.545364
0.333398 0.428883
0.338802 0.435590
0.344136 0.441395
0.347683 0.445322
0.351752 0.449048
0.358563 0.453943
0.367268 0.458914
0.376105 0.463082
0.442975 0.668524
0.447553 0.675286
0.452340 0.682334
0.456986 0.689105
0.461814 0.695938
0.466937 0.702931
0.472195 0.709791
0.477578 0.716460
0.724882 0.929652
0.721392 0.924039
0.720555 0.932909
0.719718 0.941892
0.719034 1.026945
0.719034 1.026945
0.719034 1.026945
0.719034 1.026945
0.267265 0.370489
0.264650 0.380074
0.260795 0.396518
0.258836 0.400740
0.256119 0.409519
0.253590 0.417147
0.251042 0.425021
0.247792 0.436428
0.412694 0.662836
0.414685 0.665864
0.416226 0.668194
0.417829 0.670630
0.419640 0.673397
0.421263 0.675884
0.422866 0.678336
0.424616 0.681010
0.693317 0.967764
0.694035 0.975360
0.694366 0.981708
0.694774 0.988392
0.695174 0.995082
0.695246 1.000623
0.695825 1.007727
0.695722 1.012727
0.387779 0.630051
0.392058 0.635320
0.396525 0.641133
0.400930 0.647099
0.405235 0.653152
0.409390 0.659128
0.414052 0.666138
0.418201 0.672439
0.724902 1.048846
0.724902 1.048846
0.724902 1.048846
0.724902 1.048846
0.724902 1.048846
0.724902 1.048846
0.724902 1.048846
0.724902 1.048846
0.305969 0.369348
0.307121 0.377025
0.308396 0.384530
0.309770 0.391812
0.311506 0.399456
0.313099 0.406195
0.315000 0.413017
0.317260 0.420002
0.294895 0.701917
0.296407 0.705374
0.298101 0.709325
0.299452 0.712206
0.300848 0.715167
0.302343 0.718343
0.303921 0.721697
0.305658 0.725404
0.718270 1.025273
0.718270 1.025273
0.718270 1.025273
0.718270 1.025273
0.718270 1.025273
0.718270 1.025273
0.718270 1.025273
0.718270 1.025273
0.618546 0.974246
0.623553 0.977204
0.629184 0.980748
0.634060 0.984229
0.639706 0.988506
0.643752 0.992327
0.647615 0.996178
0.651995 1.000764
0.471176 0.593945
0.479210 0.601241
0.486852 0.609007
0.494087 0.617170
0.501073 0.625847
0.507739 0.634825
0.514229 0.644126
0.520604 0.653653
0.567509 0.789049
0.576333 0.794675
0.584753 0.800128
0.592979 0.805631
0.600750 0.811083
0.608068 0.816503
0.614984 0.821978
0.621687 0.827706
0.269173 0.377586
0.270422 0.363748
0.267641 0.376814
0.261671 0.408250
0.261600 0.402379
0.261779 0.396335
0.257501 0.415751
0.253737 0.431455
0.474728 0.690048
0.479430 0.696529
0.484362 0.703091
0.489358 0.709450
0.494594 0.715793
0.500064 0.722063
0.505711 0.728164
0.511424 0.733967
0.389875 0.508502
0.395868 0.510607
0.401810 0.512450
0.406209 0.513577
0.413324 0.515695
0.419171 0.517238
0.424502 0.518523
0.431865 0.520538
0.439366 0.855526
0.456537 0.862288
0.473669 0.868029
0.488181 0.872194
0.505061 0.876637
0.520496 0.880380
0.535096 0.883841
0.548998 0.887242
0.716903 1.022742
0.716903 1.022742
0.716903 1.022742
0.716903 1.022742
0.716903 1.022742
0.716903 1.022742
0.716903 1.022742
0.716903 1.022742
0.695647 0.968226
0.695937 0.971823
0.696248 0.975397
0.696421 0.978653
0.696411 0.981185
0.696422 0.983663
0.696408 0.986215
0.696312 0.988431
0.398285 0.641101
0.400628 0.644197
0.403001 0.647474
0.405381 0.650805
0.407710 0.654114
0.410100 0.657574
0.412554 0.661194
0.414865 0.664631
0.512073 0.681438
0.514100 0.684338
0.516089 0.687164
0.518126 0.690017
0.520176 0.692850
0.522272 0.695705
0.524385 0.698538
0.526509 0.701336
0.722389 1.037062
0.722389 1.037062
0.722389 1.037062
0.722389 1.037062
0.722389 1.037062
0.722389 1.037062
0.722389 1.037062
0.722389 1.037062
0.478185 0.696067
0.481017 0.699880
0.483925 0.703705
0.486829 0.707427
0.489816 0.711147
0.492904 0.714880
0.496087 0.718607
0.499321 0.722267
0.295685 0.360291
0.295557 0.369069
0.295570 0.378599
0.295520 0.387579
0.295463 0.396209
0.295288 0.403988
0.295154 0.411679
0.295166 0.419908
0.368773 0.590738
0.373097 0.594428
0.377732 0.598529
0.382557 0.602955
0.387174 0.607261
0.392011 0.612015
0.396544 0.616606
0.401052 0.621378
0.314002 0.382961
0.314817 0.386039
0.315380 0.388582
0.315940 0.391029
0.316839 0.393919
0.317865 0.396946
0.319240 0.400413
0.320680 0.403828
0.347719 0.355116
0.353228 0.359706
0.359209 0.363927
0.365641 0.367722
0.373110 0.371174
0.381171 0.374213
0.389676 0.376687
0.399427 0.378721
0.590965 0.894291
0.599404 0.897843
0.606957 0.901494
0.613415 0.905002
0.619365 0.908696
0.625320 0.912705
0.629830 0.916310
0.635007 0.920619
0.696245 0.936812
0.696478 0.942435
0.696607 0.947675
0.696675 0.952833
0.696761 0.958081
0.696533 0.962484
0.696503 0.967290
0.697092 0.974019
0.356446 0.499978
0.360927 0.502892
0.364008 0.504662
0.367362 0.506487
0.372309 0.509011
0.377021 0.511214
0.380990 0.512865
0.385541 0.514697
0.287213 0.278719
0.287213 0.278719
0.287213 0.278719
0.287213 0.278719
0.287213 0.278719
0.287213 0.278719
0.287213 0.278719
0.287213 0.278719
0.277110 0.350438
0.274048 0.373919
0.271447 0.391804
0.272934 0.376528
0.273685 0.367970
0.270728 0.388541
0.268734 0.400552
0.269996 0.388242
0.700950 0.971958
0.701614 0.978096
0.702144 0.983641
0.701523 0.982797
0.700770 0.981613
0.699985 0.980101
0.700303 0.984692
0.701002 0.990084
0.497528 0.610932
0.501910 0.616063
0.506195 0.621383
0.510333 0.626811
0.514459 0.632465
0.518430 0.638148
0.522378 0.643981
0.526237 0.649826
0.532563 0.694120
0.535069 0.697547
0.537633 0.700978
0.540226 0.704377
0.542883 0.707787
0.545519 0.711095
0.548208 0.714390
0.550928 0.717652
0.718047 1.024823
0.718047 1.024823
0.718047 1.024823
0.718047 1.024823
0.718047 1.024823
0.718047 1.024823
0.718047 1.024823
0.718047 1.024823
0.575072 0.974920
0.580051 0.975985
0.584956 0.977124
0.588646 0.978100
0.593257 0.979320
0.597089 0.980530
0.600990 0.981822
0.605077 0.983239
0.622032 0.882352
0.626974 0.886123
0.631587 0.889966
0.635704 0.893724
0.639980 0.897919
0.643000 0.901398
0.646373 0.905367
0.650373 0.910173
0.719273 1.027510
0.719273 1.027510
0.719273 1.027510
0.719273 1.027510
0.719273 1.027510
0.719273 1.027510
0.719273 1.027510
0.719273 1.027510
0.731619 0.999418
0.731122 1.000164
0.732221 0.987127
0.733062 0.975413
0.735359 0.946427
0.736616 0.921398
0.734215 0.932395
0.732429 0.956481
0.508478 0.773034
0.514891 0.777163
0.522068 0.781601
0.528125 0.785141
0.535599 0.789431
0.542112 0.793028
0.548851 0.796686
0.555044 0.799988
0.686382 0.967387
0.687461 0.973255
0.688455 0.978985
0.689522 0.985006
0.690401 0.990755
0.690593 0.995040
0.691104 0.999850
0.691488 1.004429
0.419445 0.689583
0.422152 0.693715
0.424872 0.697826
0.427499 0.701734
0.430258 0.705752
0.433015 0.709667
0.435934 0.713694
0.438997 0.717791
0.465750 0.552120
0.472866 0.555564
0.479943 0.559328
0.486487 0.563094
0.493241 0.567414
0.499552 0.571831
0.505685 0.576554
0.511709 0.581677
0.460479 0.704526
0.463421 0.708416
0.466503 0.712381
0.469605 0.716241
0.472681 0.719952
0.475856 0.723642
0.479249 0.727452
0.482755 0.731229
0.398953 0.688575
0.400858 0.691652
0.402609 0.694459
0.404757 0.697870
0.406616 0.700777
0.408616 0.703888
0.410904 0.707361
0.412956 0.710447
0.301647 0.376339
0.301618 0.377924
0.301928 0.380726
0.302113 0.383095
0.302212 0.385056
0.302577 0.387960
0.302623 0.389713
0.302954 0.392380
0.677495 0.975927
0.679305 0.982044
0.682238 0.990504
0.683985 0.996987
0.683871 0.999727
0.683699 1.002844
0.686355 1.011563
0.688522 1.020280
0.392624 0.600672
0.399733 0.607059
0.406609 0.613615
0.413606 0.620878
0.420238 0.628245
0.426813 0.636165
0.433339 0.644581
0.439712 0.653291
0.339736 0.677267
0.342667 0.682692
0.345911 0.688828
0.349248 0.695124
0.352344 0.700763
0.356397 0.708344
0.359555 0.713932
0.363661 0.721116
0.442094 0.689094
0.444311 0.692366
0.446680 0.695794
0.449066 0.699183
0.451546 0.702639
0.454176 0.706229
0.456757 0.709663
0.459324 0.712991
0.720415 1.030510
0.720415 1.030510
0.720415 1.030510
0.720415 1.030510
0.720415 1.030510
0.720415 1.030510
0.720415 1.030510
0.720415 1.030510
0.426811 0.635969
0.429351 0.639165
0.431888 0.642438
0.434504 0.645925
0.437103 0.649458
0.439651 0.652991
0.442123 0.656474
0.444611 0.660033
0.483716 0.672232
0.488243 0.678786
0.492814 0.685299
0.497473 0.691787
0.502220 0.698190
0.507127 0.704557
0.512241 0.710898
0.517484 0.717093
0.505356 0.467169
0.511326 0.468086
0.519038 0.469675
0.526609 0.471414
0.533001 0.472978
0.539064 0.474627
0.546155 0.476892
0.553237 0.479426
0.339599 0.381015
0.343209 0.384400
0.347823 0.388211
0.349686 0.389991
0.348380 0.389800
0.348738 0.390408
0.353398 0.393669
0.358825 0.396840
0.271421 0.410408
0.269810 0.420260
0.268503 0.426565
0.267696 0.428303
0.267067 0.428616
0.266498 0.428404
0.265089 0.435318
0.263299 0.445780
0.400131 0.491421
0.412809 0.494642
0.422510 0.496349
0.436232 0.499034
0.450149 0.501606
0.462289 0.503805
0.477705 0.507244
0.491681 0.510834
0.379319 0.593780
0.383012 0.596950
0.386636 0.600131
0.390181 0.603287
0.393724 0.606524
0.397302 0.609929
0.400753 0.613299
0.404232 0.616814
0.612001 0.754478
0.615083 0.758227
0.618122 0.761955
0.621099 0.765616
0.624084 0.769349
0.626932 0.772952
0.629762 0.776599
0.632526 0.780231
0.715384 1.020539
0.715384 1.020539
0.715384 1.020539
0.715384 1.020539
0.715384 1.020539
0.715384 1.020539
0.715384 1.020539
0.715384 1.020539
0.458714 0.661498
0.460759 0.664440
0.462686 0.667243
0.464498 0.669904
0.466435 0.672727
0.468375 0.675557
0.470259 0.678302
0.472173 0.681068
0.542880 0.683301
0.547784 0.690506
0.552800 0.697638
0.557950 0.704701
0.563140 0.711529
0.568448 0.718249
0.573902 0.724901
0.579372 0.731339
0.393400 0.606784
0.398755 0.611914
0.404038 0.617247
0.409170 0.622714
0.414306 0.628517
0.419393 0.634619
0.424436 0.640994
0.429338 0.647489
0.450576 0.683181
0.453521 0.687503
0.456586 0.691919
0.459765 0.696400
0.463063 0.700942
0.466428 0.705448
0.469880 0.709933
0.473402 0.714346
0.429831 0.667720
0.432987 0.672437
0.436236 0.677307
0.439465 0.682139
0.442879 0.687202
0.446184 0.692046
0.449457 0.696760
0.452891 0.701570
0.603788 0.957582
0.607589 0.959145
0.611319 0.960815
0.615032 0.962560
0.618296 0.964287
0.620972 0.965823
0.623856 0.967598
0.625921 0.969051
0.507997 0.735941
0.514148 0.741755
0.519993 0.746914
0.526450 0.752372
0.532922 0.757532
0.539199 0.762309
0.546239 0.767488
0.552467 0.771888
0.279815 0.386979
0.278993 0.395814
0.277951 0.411274
0.277887 0.401441
0.277482 0.402081
0.276399 0.414440
0.276032 0.412706
0.275895 0.408399
0.522517 0.734005
0.526646 0.738003
0.530779 0.741847
0.534977 0.745614
0.539183 0.749260
0.543446 0.752852
0.547744 0.756365
0.552263 0.759985
0.471227 0.702487
0.476956 0.709911
0.482732 0.716986
0.488967 0.724155
0.495467 0.731119
0.502348 0.737965
0.509259 0.744357
0.516393 0.750494
0.588053 0.939765
0.599599 0.943719
0.609292 0.947923
0.616866 0.951972
0.624801 0.956836
0.632651 0.962420
0.639569 0.968168
0.646770 0.975179
0.562588 0.901889
0.572535 0.904626
0.580912 0.907203
0.590240 0.910396
0.598689 0.913685
0.606618 0.917189
0.613188 0.920576
0.619223 0.924099
0.413729 0.698490
0.415763 0.701637
0.417843 0.704795
0.419914 0.707867
0.422304 0.711339
0.424601 0.714604
0.427102 0.718060
0.429465 0.721248
0.305486 0.583854
0.310705 0.593261
0.316247 0.602310
0.322259 0.611642
0.328294 0.620634
0.334387 0.629659
0.340822 0.639465
0.347362 0.649833
0.508588 0.733364
0.511445 0.736169
0.514212 0.738789
0.517117 0.741475
0.520322 0.744378
0.523604 0.747268
0.526726 0.749913
0.529760 0.752419
0.271315 0.398176
0.269422 0.410799
0.268187 0.416478
0.268173 0.412347
0.268100 0.409215
0.267801 0.408210
0.266327 0.416493
0.264494 0.427106
0.675908 0.927257
0.677358 0.932470
0.678763 0.937660
0.680090 0.943054
0.681320 0.948295
0.682772 0.954338
0.684111 0.960221
0.685370 0.966115
0.328901 0.538508
0.333038 0.543381
0.337238 0.547899
0.341405 0.551951
0.345693 0.555769
0.350266 0.559645
0.355521 0.563969
0.360942 0.568217
0.424140 0.540607
0.431442 0.543289
0.438400 0.545864
0.445910 0.548890
0.452902 0.551814
0.459996 0.555029
0.467201 0.558591
0.474129 0.562315
0.717213 1.023267
0.717213 1.023267
0.717213 1.023267
0.717213 1.023267
0.717213 1.023267
0.717213 1.023267
0.717213 1.023267
0.717213 1.023267
0.275778 0.389948
0.274667 0.393787
0.272540 0.407491
0.271779 0.406269
0.269554 0.419565
0.269025 0.416868
0.266377 0.433364
0.266129 0.428655
0.722818 0.940736
0.721768 0.929412
0.720963 0.955214
0.720137 0.934930
0.719438 0.969702
0.718424 0.939062
0.718035 0.981115
0.716590 0.946672
0.559498 0.722787
0.562849 0.726619
0.566233 0.730400
0.569669 0.734158
0.573074 0.737798
0.576520 0.741421
0.579975 0.744996
0.583429 0.748524
0.519678 0.702969
0.524319 0.708817
0.529096 0.714580
0.534070 0.720317
0.538979 0.725714
0.544258 0.731299
0.549400 0.736486
0.554899 0.741843
0.466594 0.698445
0.468916 0.701588
0.471163 0.704570
0.473613 0.707760
0.476038 0.710838
0.478404 0.713776
0.480874 0.716764
0.483350 0.719675
0.466124 0.690368
0.470511 0.696477
0.475051 0.702590
0.479817 0.708754
0.484577 0.714638
0.489620 0.720558
0.494913 0.726438
0.500335 0.732117
0.302553 0.371356
0.303112 0.376371
0.303475 0.380613
0.303779 0.384566
0.304222 0.388808
0.304862 0.393548
0.305545 0.398223
0.306305 0.402910
0.594450 0.970778
0.600405 0.972787
0.606519 0.975012
0.608800 0.976268
0.615801 0.979243
0.619717 0.981352
0.622669 0.983238
0.629531 0.987026
0.596798 0.692223
0.603580 0.703662
0.610577 0.715081
0.617353 0.725821
0.624138 0.736469
0.630832 0.746943
0.637278 0.757207
0.643363 0.767202
0.590739 0.995995
0.593563 0.996755
0.597321 0.997843
0.600103 0.998753
0.603629 0.999877
0.606433 1.000915
0.609094 1.001925
0.611231 1.002871
0.301700 0.380878
0.302308 0.388924
0.303043 0.396981
0.303832 0.404731
0.304765 0.412476
0.305908 0.420306
0.307303 0.428158
0.308882 0.435870
0.492334 0.733508
0.495735 0.736899
0.499415 0.740423
0.503042 0.743774
0.506684 0.747009
0.510338 0.750133
0.514121 0.753247
0.517953 0.756305
0.711964 1.017540
0.711964 1.017540
0.711964 1.017540
0.711964 1.017540
0.711964 1.017540
0.711964 1.017540
0.711964 1.017540
0.711964 1.017540
0.742150 0.852986
0.739147 0.871259
0.736758 0.883523
0.734419 0.894062
0.732770 0.897216
0.730837 0.902914
0.728580 0.911936
0.726280 0.927480
0.577605 0.714272
0.582309 0.720434
0.587305 0.726815
0.592151 0.732832
0.597006 0.738746
0.601912 0.744646
0.606782 0.750469
0.611568 0.756163
0.357400 0.667230
0.359931 0.671607
0.362426 0.675938
0.364957 0.680363
0.367360 0.684524
0.369760 0.688660
0.372646 0.693792
0.375522 0.698813
0.283507 0.404160
0.283338 0.412072
0.282934 0.409510
0.282723 0.415256
0.282343 0.414377
0.282085 0.417664
0.281769 0.419294
0.281485 0.421846
0.566755 0.795451
0.571057 0.798026
0.575209 0.800523
0.579301 0.803010
0.583230 0.805425
0.587281 0.807973
0.591159 0.810457
0.594958 0.812948
0.379074 0.649019
0.381716 0.652951
0.384274 0.656798
0.386849 0.660742
0.389409 0.664722
0.391966 0.668713
0.394564 0.672856
0.397265 0.677193
0.551859 0.692571
0.557060 0.699944
0.562271 0.707035
0.567578 0.713978
0.572999 0.720806
0.578591 0.727607
0.584145 0.734130
0.589714 0.740517
