-0.639529
-0.679264
-0.023793
-0.710385
0.263805
0.459378
0.112951
0.802863
0.311380
0.192799
1.008876
-0.613664
0.126619
0.516880
1.634729
-0.017095
0.270119
0.116575
0.145055
0.362713
-0.076663
0.311170
-0.504138
0.125231
0.727283
-0.350957
-0.433500
0.570554
-0.684126
-0.280510
0.154148
0.892016
-0.296793
0.101897
0.075741
0.253804
0.423021
-1.318469
-0.885980
-0.528812
-2.508636
0.407651
0.007313
0.381918
-2.058963
0.131331
1.206691
0.677845
0.022183
-0.129130
1.560857
-0.379316
-0.157113
-1.202323
0.438894
0.258531
0.360113
-2.026418
1.728151
0.076442
0.055934
0.095149
0.007779
-0.417849
0.253948
-0.084400
0.433334
-0.653309
0.343941
-1.502787
0.481961
-0.095059
-0.393810
-1.097294
0.015393
0.121445
-0.386001
0.759136
0.151712
0.239241
0.260168
-0.163758
0.279910
0.259773
-1.603069
-0.660857
0.355310
-0.416260
0.276456
-0.983868
1.429605
0.344238
-0.958979
0.157916
0.202639
-0.570042
-1.448609
-2.482932
-0.036496
1.343826
1.786778
1.531704
-0.101171
1.567139
-0.107475
0.593922
1.546083
-0.736559
0.133654
0.026454
0.075615
-0.173422
-0.376669
-0.485158
-1.082105
0.145529
-0.377178
-0.382486
1.151377
0.377227
-0.128687
-0.017686
-0.202037
0.263587
1.657575
0.164553
0.149306
-0.199181
0.093241
-0.727192
-1.805748
-0.540282
0.128877
-2.632094
-1.843892
-2.673709
-0.395639
-0.688494
0.163483
0.061054
-1.012689
0.362140
0.113397
-3.475708
0.402729
0.050517
-0.145831
0.052665
-0.229988
0.777260
-0.848883
-0.582915
0.421248
-0.129571
-0.058238
2.008873
1.914745
-1.605802
-0.538244
0.314457
0.178544
1.256097
0.963211
0.045475
-0.382829
0.245200
-0.002501
0.534721
0.028120
-0.775997
-0.084263
0.171195
0.260525
-0.158323
0.240286
-0.311547
0.390896
-0.048905
2.023498
1.912769
0.035639
0.491254
-0.195691
0.073807
-2.185416
0.418236
0.655578
2.463818
0.105657
1.216931
-1.532463
0.428462
-1.562065
0.832172
0.083360
0.136122
0.421237
-0.410469
-0.551499
0.198221
-2.146073
1.850971
0.276753
-0.068573
0.279300
-3.002254
-0.366708
0.994225
-2.059548
1.827230
-0.033159
0.195715
1.694965
0.151788
-0.254797
0.953138
-1.912761
-0.182831
0.273618
0.037953
-2.580926
0.154196
0.200886
0.215009
-0.555862
-1.485517
0.888416
-0.271376
-0.205626
1.701848
1.477202
-0.510863
-0.054628
0.007591
-2.035006
2.103582
0.599653
-2.173914
-2.548937
0.282179
0.260910
0.310513
-0.157807
0.219299
0.377473
-0.129466
0.682308
0.177806
0.605184
0.240561
-2.312776
0.177383
0.095218
-0.689822
-1.088819
1.207179
-0.392688
0.193337
-0.084744
-1.759291
0.141756
-0.040789
0.195079
0.204801
0.234527
1.666595
0.165782
1.002928
0.123328
0.185660
1.478595
1.076032
0.348246
0.489843
0.157496
1.336926
0.296930
0.147791
-0.135758
-1.945187
1.220647
-1.480046
-0.004101
0.059235
0.190098
0.175566
-0.197856
1.944491
-0.187315
2.437785
-0.116312
0.199886
-1.439839
-1.556500
-0.077597
0.492173
0.707730
0.227598
0.358530
-0.048166
