5.743642807006835938e+01
5.817436981201171875e+01
5.891231155395507812e+01
5.965025329589843750e+01
6.038819122314453125e+01
6.112613296508789062e+01
6.186407470703125000e+01
6.260201644897460938e+01
1.133814849853515625e+02
1.139705886840820312e+02
1.145596847534179688e+02
1.151487884521484375e+02
1.157378845214843750e+02
1.163269805908203125e+02
1.169160766601562500e+02
1.175051727294921875e+02
6.901619720458984375e+01
6.948809051513671875e+01
6.995998382568359375e+01
7.043188476562500000e+01
7.090377807617187500e+01
7.137567138671875000e+01
7.184756469726562500e+01
7.231945800781250000e+01
9.246428680419921875e+01
9.316365051269531250e+01
9.386302185058593750e+01
9.456239318847656250e+01
9.526176452636718750e+01
9.596113586425781250e+01
9.666050720214843750e+01
9.735987854003906250e+01
5.979287338256835938e+01
6.072588348388671875e+01
6.165889358520507812e+01
6.259190368652343750e+01
6.352491378784179688e+01
6.445792388916015625e+01
6.539093017578125000e+01
6.632394409179687500e+01
6.542181396484375000e+01
6.574922180175781250e+01
6.607662963867187500e+01
6.640402984619140625e+01
6.673143768310546875e+01
6.705884552001953125e+01
6.738624572753906250e+01
6.771365356445312500e+01
7.148450469970703125e+01
7.188107299804687500e+01
7.227764892578125000e+01
7.267422485351562500e+01
7.307080078125000000e+01
7.346736907958984375e+01
7.386394500732421875e+01
7.426052093505859375e+01
9.848822021484375000e+01
9.899633789062500000e+01
9.950445556640625000e+01
1.000125732421875000e+02
1.005206909179687500e+02
1.010288085937500000e+02
1.015369262695312500e+02
1.020450439453125000e+02
9.875177001953125000e+01
9.941841125488281250e+01
1.000850448608398438e+02
1.007516784667968750e+02
1.014183197021484375e+02
1.020849533081054688e+02
1.027515869140625000e+02
1.034182281494140625e+02
6.617295837402343750e+01
6.667663574218750000e+01
6.718032073974609375e+01
6.768399810791015625e+01
6.818768310546875000e+01
6.869136047363281250e+01
6.919504547119140625e+01
6.969872283935546875e+01
9.681440734863281250e+01
9.745475769042968750e+01
9.809512329101562500e+01
9.873548126220703125e+01
9.937583923339843750e+01
1.000161972045898438e+02
1.006565551757812500e+02
1.012969131469726562e+02
4.764099121093750000e+01
4.816651916503906250e+01
4.869205093383789062e+01
4.921758270263671875e+01
4.974311065673828125e+01
5.026864624023437500e+01
5.079417419433593750e+01
5.131970596313476562e+01
7.083802795410156250e+01
7.136768341064453125e+01
7.189734649658203125e+01
7.242700195312500000e+01
7.295665740966796875e+01
7.348632049560546875e+01
7.401597595214843750e+01
7.454563903808593750e+01
9.115974426269531250e+01
9.156970977783203125e+01
9.197967529296875000e+01
9.238963317871093750e+01
9.279959869384765625e+01
9.320956420898437500e+01
9.361952972412109375e+01
9.402949523925781250e+01
3.865037155151367188e+01
3.889453506469726562e+01
3.913870239257812500e+01
3.938286590576171875e+01
3.962703323364257812e+01
3.987120056152343750e+01
4.011536407470703125e+01
4.035953140258789062e+01
4.155738067626953125e+01
4.179451751708984375e+01
4.203166198730468750e+01
4.226879882812500000e+01
4.250594329833984375e+01
4.274308395385742188e+01
4.298022460937500000e+01
4.321736526489257812e+01
5.445090484619140625e+01
5.524869537353515625e+01
5.604648590087890625e+01
5.684427261352539062e+01
5.764205932617187500e+01
5.843984985351562500e+01
5.923764038085937500e+01
6.003542709350585938e+01
6.217290496826171875e+01
6.276454925537109375e+01
6.335619735717773438e+01
6.394784164428710938e+01
6.453948211669921875e+01
6.513113403320312500e+01
6.572277832031250000e+01
6.631442260742187500e+01
6.908353424072265625e+01
6.950722503662109375e+01
6.993092346191406250e+01
7.035461425781250000e+01
7.077831268310546875e+01
7.120200347900390625e+01
7.162569427490234375e+01
7.204939270019531250e+01
3.712868881225585938e+01
3.765222549438476562e+01
3.817576217651367188e+01
3.869929885864257812e+01
3.922283554077148438e+01
3.974637222290039062e+01
4.026990890502929688e+01
4.079344558715820312e+01
7.096736145019531250e+01
7.139013671875000000e+01
7.181291961669921875e+01
7.223569488525390625e+01
7.265847778320312500e+01
7.308126068115234375e+01
7.350404357910156250e+01
7.392681884765625000e+01
6.766796875000000000e+01
6.819927215576171875e+01
6.873057556152343750e+01
6.926187896728515625e+01
6.979318237304687500e+01
7.032448577880859375e+01
7.085578918457031250e+01
7.138709259033203125e+01
7.988870239257812500e+01
8.031385803222656250e+01
8.073900604248046875e+01
8.116415405273437500e+01
8.158930969238281250e+01
8.201445770263671875e+01
8.243960571289062500e+01
8.286476135253906250e+01
4.887385559082031250e+01
4.954069137573242188e+01
5.020752716064453125e+01
5.087435913085937500e+01
5.154119110107421875e+01
5.220802307128906250e+01
5.287485885620117188e+01
5.354169464111328125e+01
9.077055358886718750e+01
9.141773986816406250e+01
9.206493377685546875e+01
9.271212005615234375e+01
9.335931396484375000e+01
9.400650024414062500e+01
9.465368652343750000e+01
9.530088043212890625e+01
6.099833679199218750e+01
6.162606048583984375e+01
6.225378417968750000e+01
6.288150787353515625e+01
6.350923156738281250e+01
6.413695526123046875e+01
6.476467895507812500e+01
6.539240264892578125e+01
6.021277618408203125e+01
6.087720870971679688e+01
6.154164123535156250e+01
6.220607757568359375e+01
6.287051010131835938e+01
6.353494262695312500e+01
6.419937896728515625e+01
6.486380767822265625e+01
6.607604217529296875e+01
6.633707427978515625e+01
6.659809875488281250e+01
6.685913085937500000e+01
6.712016296386718750e+01
6.738118743896484375e+01
6.764221954345703125e+01
6.790324401855468750e+01
4.255810165405273438e+01
4.319490814208984375e+01
4.383171463012695312e+01
4.446852111816406250e+01
4.510532379150390625e+01
4.574213027954101562e+01
4.637893676757812500e+01
4.701573944091796875e+01
8.019750976562500000e+01
8.060593414306640625e+01
8.101435852050781250e+01
8.142279052734375000e+01
8.183121490478515625e+01
8.223963928222656250e+01
8.264806365966796875e+01
8.305648803710937500e+01
7.049301147460937500e+01
7.092874908447265625e+01
7.136448669433593750e+01
7.180022430419921875e+01
7.223596191406250000e+01
7.267169952392578125e+01
7.310743713378906250e+01
7.354317474365234375e+01
8.177083587646484375e+01
8.250801849365234375e+01
8.324520111083984375e+01
8.398238372802734375e+01
8.471956634521484375e+01
8.545674896240234375e+01
8.619393157958984375e+01
8.693111419677734375e+01
4.055073547363281250e+01
4.078992462158203125e+01
4.102911376953125000e+01
4.126830291748046875e+01
4.150748825073242188e+01
4.174667739868164062e+01
4.198586273193359375e+01
4.222505187988281250e+01
7.104286193847656250e+01
7.143614196777343750e+01
7.182942962646484375e+01
7.222270965576171875e+01
7.261599731445312500e+01
7.300927734375000000e+01
7.340256500244140625e+01
7.379584503173828125e+01
7.983716583251953125e+01
8.050189971923828125e+01
8.116662597656250000e+01
8.183135986328125000e+01
8.249608612060546875e+01
8.316081237792968750e+01
8.382554626464843750e+01
8.449027252197265625e+01
5.930688858032226562e+01
6.043756866455078125e+01
6.156824493408203125e+01
6.269892120361328125e+01
6.382959747314453125e+01
6.496027374267578125e+01
6.609095001220703125e+01
6.722163391113281250e+01
6.690058135986328125e+01
6.759698486328125000e+01
6.829338073730468750e+01
6.898977661132812500e+01
6.968618011474609375e+01
7.038257598876953125e+01
7.107897949218750000e+01
7.177537536621093750e+01
1.157206878662109375e+02
1.162715225219726562e+02
1.168223571777343750e+02
1.173731842041015625e+02
1.179240188598632812e+02
1.184748535156250000e+02
1.190256805419921875e+02
1.195765151977539062e+02
4.488815307617187500e+01
4.548593902587890625e+01
4.608372497558593750e+01
4.668151092529296875e+01
4.727930068969726562e+01
4.787709045410156250e+01
4.847487640380859375e+01
4.907266235351562500e+01
8.270393371582031250e+01
8.344528198242187500e+01
8.418663024902343750e+01
8.492797088623046875e+01
8.566931915283203125e+01
8.641065979003906250e+01
8.715200805664062500e+01
8.789335632324218750e+01
1.088768463134765625e+02
1.096315612792968750e+02
1.103862915039062500e+02
1.111410064697265625e+02
1.118957290649414062e+02
1.126504516601562500e+02
1.134051666259765625e+02
1.141598968505859375e+02
7.753110504150390625e+01
7.826575469970703125e+01
7.900041198730468750e+01
7.973506164550781250e+01
8.046971130371093750e+01
8.120436859130859375e+01
8.193901824951171875e+01
8.267367553710937500e+01
7.430751800537109375e+01
7.457436370849609375e+01
7.484120178222656250e+01
7.510804748535156250e+01
7.537489318847656250e+01
7.564173126220703125e+01
7.590857696533203125e+01
7.617541503906250000e+01
7.837717437744140625e+01
7.860820770263671875e+01
7.883923339843750000e+01
7.907026672363281250e+01
7.930130004882812500e+01
7.953232574462890625e+01
7.976335906982421875e+01
7.999438476562500000e+01
1.131893615722656250e+02
1.139968109130859375e+02
1.148042526245117188e+02
1.156116943359375000e+02
1.164191436767578125e+02
1.172265930175781250e+02
1.180340347290039062e+02
1.188414764404296875e+02
7.660452270507812500e+01
7.718495941162109375e+01
7.776539611816406250e+01
7.834583282470703125e+01
7.892626953125000000e+01
7.950671386718750000e+01
8.008715057373046875e+01
8.066758728027343750e+01
9.756024932861328125e+01
9.816780853271484375e+01
9.877536773681640625e+01
9.938293457031250000e+01
9.999049377441406250e+01
1.005980529785156250e+02
1.012056121826171875e+02
1.018131713867187500e+02
8.895282745361328125e+01
8.983207702636718750e+01
9.071132659912109375e+01
9.159057617187500000e+01
9.246981811523437500e+01
9.334906768798828125e+01
9.422831726074218750e+01
9.510756683349609375e+01
7.384132385253906250e+01
7.400308990478515625e+01
7.416484832763671875e+01
7.432661437988281250e+01
7.448837280273437500e+01
7.465013885498046875e+01
7.481189727783203125e+01
7.497366333007812500e+01
7.593690490722656250e+01
7.667350769042968750e+01
7.741011047363281250e+01
7.814671325683593750e+01
7.888331604003906250e+01
7.961991882324218750e+01
8.035652160644531250e+01
8.109312438964843750e+01
3.843426132202148438e+01
3.881727600097656250e+01
3.920029449462890625e+01
3.958331298828125000e+01
3.996633148193359375e+01
4.034934997558593750e+01
4.073236846923828125e+01
4.111538696289062500e+01
7.694331359863281250e+01
7.768188476562500000e+01
7.842044830322265625e+01
7.915901947021484375e+01
7.989758300781250000e+01
8.063615417480468750e+01
8.137472534179687500e+01
8.211328887939453125e+01
4.928998565673828125e+01
4.973014831542968750e+01
5.017031097412109375e+01
5.061047363281250000e+01
5.105063629150390625e+01
5.149079895019531250e+01
5.193096160888671875e+01
5.237112426757812500e+01
1.152071685791015625e+02
1.160763702392578125e+02
1.169455718994140625e+02
1.178147811889648438e+02
1.186839904785156250e+02
1.195531921386718750e+02
1.204223937988281250e+02
1.212915954589843750e+02
6.279635238647460938e+01
6.355554580688476562e+01
6.431474304199218750e+01
6.507393646240234375e+01
6.583312988281250000e+01
6.659232330322265625e+01
6.735151672363281250e+01
6.811071014404296875e+01
6.868303680419921875e+01
6.919191741943359375e+01
6.970079803466796875e+01
7.020967864990234375e+01
7.071855926513671875e+01
7.122743988037109375e+01
7.173632049560546875e+01
7.224519348144531250e+01
6.789255523681640625e+01
6.821791076660156250e+01
6.854327392578125000e+01
6.886862945556640625e+01
6.919399261474609375e+01
6.951934814453125000e+01
6.984471130371093750e+01
7.017006683349609375e+01
1.047143249511718750e+02
1.056039810180664062e+02
1.064936370849609375e+02
1.073833007812500000e+02
1.082729492187500000e+02
1.091626129150390625e+02
1.100522689819335938e+02
1.109419250488281250e+02
3.932262420654296875e+01
3.955618286132812500e+01
3.978974151611328125e+01
4.002330017089843750e+01
4.025685882568359375e+01
4.049041748046875000e+01
4.072397994995117188e+01
4.095753860473632812e+01
6.864499664306640625e+01
6.917652130126953125e+01
6.970804595947265625e+01
7.023957824707031250e+01
7.077110290527343750e+01
7.130262756347656250e+01
7.183415222167968750e+01
7.236568450927734375e+01
5.172251892089843750e+01
5.218150329589843750e+01
5.264048767089843750e+01
5.309947204589843750e+01
5.355845642089843750e+01
5.401744079589843750e+01
5.447642517089843750e+01
5.493540954589843750e+01
7.189201354980468750e+01
7.222247314453125000e+01
7.255293273925781250e+01
7.288339233398437500e+01
7.321385955810546875e+01
7.354431915283203125e+01
7.387477874755859375e+01
7.420524597167968750e+01
6.367179870605468750e+01
6.460590362548828125e+01
6.554000854492187500e+01
6.647411346435546875e+01
6.740821838378906250e+01
6.834233093261718750e+01
6.927643585205078125e+01
7.021054077148437500e+01
5.429185867309570312e+01
5.506596755981445312e+01
5.584007644653320312e+01
5.661418533325195312e+01
5.738829421997070312e+01
5.816240310668945312e+01
5.893651199340820312e+01
5.971062088012695312e+01
7.991889190673828125e+01
8.033621215820312500e+01
8.075353240966796875e+01
8.117085266113281250e+01
8.158818054199218750e+01
8.200550079345703125e+01
8.242282104492187500e+01
8.284014129638671875e+01
7.637564086914062500e+01
7.707172393798828125e+01
7.776780700683593750e+01
7.846389007568359375e+01
7.915997314453125000e+01
7.985606384277343750e+01
8.055213928222656250e+01
8.124822998046875000e+01
6.711741638183593750e+01
6.747566986083984375e+01
6.783392333984375000e+01
6.819217681884765625e+01
6.855043029785156250e+01
6.890868377685546875e+01
6.926693725585937500e+01
6.962519073486328125e+01
4.588344192504882812e+01
4.651479339599609375e+01
4.714614105224609375e+01
4.777748870849609375e+01
4.840884017944335938e+01
4.904019165039062500e+01
4.967153930664062500e+01
5.030289077758789062e+01
6.688549804687500000e+01
6.716774749755859375e+01
6.745000457763671875e+01
6.773226165771484375e+01
6.801451873779296875e+01
6.829677581787109375e+01
6.857903289794921875e+01
6.886128997802734375e+01
1.249665374755859375e+02
1.256482162475585938e+02
1.263298873901367188e+02
1.270115661621093750e+02
1.276932373046875000e+02
1.283749084472656250e+02
1.290565795898437500e+02
1.297382507324218750e+02
1.015498580932617188e+02
1.020527496337890625e+02
1.025556488037109375e+02
1.030585403442382812e+02
1.035614318847656250e+02
1.040643310546875000e+02
1.045672225952148438e+02
1.050701141357421875e+02
7.118668365478515625e+01
7.168941497802734375e+01
7.219215393066406250e+01
7.269488525390625000e+01
7.319761657714843750e+01
7.370035552978515625e+01
7.420308685302734375e+01
7.470582580566406250e+01
4.138608551025390625e+01
4.222215270996093750e+01
4.305821990966796875e+01
4.389429092407226562e+01
4.473036193847656250e+01
4.556642913818359375e+01
4.640249633789062500e+01
4.723856353759765625e+01
5.207673645019531250e+01
5.281156921386718750e+01
5.354639816284179688e+01
5.428122711181640625e+01
5.501605987548828125e+01
5.575088882446289062e+01
5.648571777343750000e+01
5.722055816650390625e+01
8.183074951171875000e+01
8.225415802001953125e+01
8.267756652832031250e+01
8.310097503662109375e+01
8.352438354492187500e+01
8.394779205322265625e+01
8.437120056152343750e+01
8.479460906982421875e+01
7.127868652343750000e+01
7.164381408691406250e+01
7.200893402099609375e+01
7.237406158447265625e+01
7.273918151855468750e+01
7.310430908203125000e+01
7.346942901611328125e+01
7.383455657958984375e+01
5.182664489746093750e+01
5.243270874023437500e+01
5.303877639770507812e+01
5.364484405517578125e+01
5.425090789794921875e+01
5.485697174072265625e+01
5.546303939819335938e+01
5.606910705566406250e+01
9.872459411621093750e+01
9.932998657226562500e+01
9.993537139892578125e+01
1.005407562255859375e+02
1.011461486816406250e+02
1.017515411376953125e+02
1.023569259643554688e+02
1.029623107910156250e+02
7.182326507568359375e+01
7.222634887695312500e+01
7.262943267822265625e+01
7.303250885009765625e+01
7.343559265136718750e+01
7.383867645263671875e+01
7.424176025390625000e+01
7.464484405517578125e+01
6.894912719726562500e+01
6.918576812744140625e+01
6.942240905761718750e+01
6.965904998779296875e+01
6.989569091796875000e+01
7.013233184814453125e+01
7.036897277832031250e+01
7.060561370849609375e+01
3.671391677856445312e+01
3.794115447998046875e+01
3.916839599609375000e+01
4.039562988281250000e+01
4.162287139892578125e+01
4.285010528564453125e+01
4.407734680175781250e+01
4.530458450317382812e+01
9.836541748046875000e+01
9.928530883789062500e+01
1.002052001953125000e+02
1.011250991821289062e+02
1.020449905395507812e+02
1.029648895263671875e+02
1.038847808837890625e+02
1.048046722412109375e+02
6.096150207519531250e+01
6.141342544555664062e+01
6.186534881591796875e+01
6.231726837158203125e+01
6.276919174194335938e+01
6.322111511230468750e+01
6.367303848266601562e+01
6.412496185302734375e+01
7.166383361816406250e+01
7.207469177246093750e+01
7.248554992675781250e+01
7.289640045166015625e+01
7.330725860595703125e+01
7.371811676025390625e+01
7.412897491455078125e+01
7.453982543945312500e+01
1.076871109008789062e+02
1.084908294677734375e+02
1.092945556640625000e+02
1.100982742309570312e+02
1.109019927978515625e+02
1.117057189941406250e+02
1.125094299316406250e+02
1.133131561279296875e+02
5.767537307739257812e+01
5.860350799560546875e+01
5.953164291381835938e+01
6.045977783203125000e+01
6.138790893554687500e+01
6.231604766845703125e+01
6.324417877197265625e+01
6.417231750488281250e+01
5.785470581054687500e+01
5.826981735229492188e+01
5.868492889404296875e+01
5.910004043579101562e+01
5.951515197753906250e+01
5.993026351928710938e+01
6.034537506103515625e+01
6.076048660278320312e+01
4.156283950805664062e+01
4.252444458007812500e+01
4.348605346679687500e+01
4.444766235351562500e+01
4.540926742553710938e+01
4.637087249755859375e+01
4.733248138427734375e+01
4.829409027099609375e+01
7.128318023681640625e+01
7.191996002197265625e+01
7.255673980712890625e+01
7.319352722167968750e+01
7.383030700683593750e+01
7.446708679199218750e+01
7.510387420654296875e+01
7.574065399169921875e+01
4.668656158447265625e+01
4.757469558715820312e+01
4.846282958984375000e+01
4.935096740722656250e+01
5.023909759521484375e+01
5.112723541259765625e+01
5.201536941528320312e+01
5.290350341796875000e+01
3.570750427246093750e+01
3.687348175048828125e+01
3.803945922851562500e+01
3.920543670654296875e+01
4.037141418457031250e+01
4.153739166259765625e+01
4.270336914062500000e+01
4.386934661865234375e+01
8.245731353759765625e+01
8.316783905029296875e+01
8.387837219238281250e+01
8.458889770507812500e+01
8.529942321777343750e+01
8.600994873046875000e+01
8.672047424316406250e+01
8.743099975585937500e+01
4.859480667114257812e+01
4.934475708007812500e+01
5.009470748901367188e+01
5.084465789794921875e+01
5.159460449218750000e+01
5.234455871582031250e+01
5.309450531005859375e+01
5.384445571899414062e+01
9.245960998535156250e+01
9.306143188476562500e+01
9.366325378417968750e+01
9.426508331298828125e+01
9.486690521240234375e+01
9.546872711181640625e+01
9.607054901123046875e+01
9.667237854003906250e+01
6.661408233642578125e+01
6.703855133056640625e+01
6.746302795410156250e+01
6.788749694824218750e+01
6.831196594238281250e+01
6.873644256591796875e+01
6.916091156005859375e+01
6.958538818359375000e+01
6.477339172363281250e+01
6.527259826660156250e+01
6.577180480957031250e+01
6.627101135253906250e+01
6.677021789550781250e+01
6.726942443847656250e+01
6.776863098144531250e+01
6.826783752441406250e+01
5.378174591064453125e+01
5.402390289306640625e+01
5.426606369018554688e+01
5.450822067260742188e+01
5.475037765502929688e+01
5.499253845214843750e+01
5.523469543457031250e+01
5.547685241699218750e+01
1.315967102050781250e+02
1.323786621093750000e+02
1.331606140136718750e+02
1.339425811767578125e+02
1.347245330810546875e+02
1.355065002441406250e+02
1.362884521484375000e+02
1.370704040527343750e+02
8.511804962158203125e+01
8.554383087158203125e+01
8.596961212158203125e+01
8.639539337158203125e+01
8.682116699218750000e+01
8.724694824218750000e+01
8.767272949218750000e+01
8.809851074218750000e+01
8.204721069335937500e+01
8.280339813232421875e+01
8.355958557128906250e+01
8.431577301025390625e+01
8.507196044921875000e+01
8.582814788818359375e+01
8.658433532714843750e+01
8.734051513671875000e+01
7.650409698486328125e+01
7.720918273925781250e+01
7.791426849365234375e+01
7.861935424804687500e+01
7.932444763183593750e+01
8.002953338623046875e+01
8.073461914062500000e+01
8.143970489501953125e+01
3.805844879150390625e+01
3.825527954101562500e+01
3.845211410522460938e+01
3.864894485473632812e+01
3.884577941894531250e+01
3.904261016845703125e+01
3.923944091796875000e+01
3.943627548217773438e+01
7.330322265625000000e+01
7.368700408935546875e+01
7.407078552246093750e+01
7.445456695556640625e+01
7.483834838867187500e+01
7.522212982177734375e+01
7.560591125488281250e+01
7.598969268798828125e+01
7.763571166992187500e+01
7.868733215332031250e+01
7.973895263671875000e+01
8.079057312011718750e+01
8.184219360351562500e+01
8.289381408691406250e+01
8.394543457031250000e+01
8.499704742431640625e+01
7.392608642578125000e+01
7.417413330078125000e+01
7.442218017578125000e+01
7.467023468017578125e+01
7.491828155517578125e+01
7.516632843017578125e+01
7.541437530517578125e+01
7.566242980957031250e+01
6.025543975830078125e+01
6.054212951660156250e+01
6.082881546020507812e+01
6.111550140380859375e+01
6.140219116210937500e+01
6.168888092041015625e+01
6.197556304931640625e+01
6.226225280761718750e+01
9.541565704345703125e+01
9.588248443603515625e+01
9.634931182861328125e+01
9.681613922119140625e+01
9.728295898437500000e+01
9.774978637695312500e+01
9.821661376953125000e+01
9.868344116210937500e+01
4.790662384033203125e+01
4.854131317138671875e+01
4.917600631713867188e+01
4.981069946289062500e+01
5.044538879394531250e+01
5.108008193969726562e+01
5.171477508544921875e+01
5.234946441650390625e+01
8.297279357910156250e+01
8.347840881347656250e+01
8.398401641845703125e+01
8.448963165283203125e+01
8.499523925781250000e+01
8.550085449218750000e+01
8.600646209716796875e+01
8.651207733154296875e+01
7.345292663574218750e+01
7.382810211181640625e+01
7.420327758789062500e+01
7.457844543457031250e+01
7.495362091064453125e+01
7.532879638671875000e+01
7.570397186279296875e+01
7.607914733886718750e+01
7.148831176757812500e+01
7.211936187744140625e+01
7.275041198730468750e+01
7.338146209716796875e+01
7.401251220703125000e+01
7.464356231689453125e+01
7.527461242675781250e+01
7.590566253662109375e+01
7.690622711181640625e+01
7.737075805664062500e+01
7.783528137207031250e+01
7.829981231689453125e+01
7.876434326171875000e+01
7.922886657714843750e+01
7.969339752197265625e+01
8.015792846679687500e+01
7.664901733398437500e+01
7.695549774169921875e+01
7.726197814941406250e+01
7.756845855712890625e+01
7.787493896484375000e+01
7.818141937255859375e+01
7.848789978027343750e+01
7.879438018798828125e+01
5.814769363403320312e+01
5.883152389526367188e+01
5.951535415649414062e+01
6.019918441772460938e+01
6.088301467895507812e+01
6.156684494018554688e+01
6.225067520141601562e+01
6.293450546264648438e+01
5.185427474975585938e+01
5.223030090332031250e+01
5.260633087158203125e+01
5.298235321044921875e+01
5.335838317871093750e+01
5.373440933227539062e+01
5.411043548583984375e+01
5.448646163940429688e+01
7.383507537841796875e+01
7.424510955810546875e+01
7.465513610839843750e+01
7.506517028808593750e+01
7.547520446777343750e+01
7.588523101806640625e+01
7.629526519775390625e+01
7.670529937744140625e+01
6.443325805664062500e+01
6.470150756835937500e+01
6.496975708007812500e+01
6.523801422119140625e+01
6.550626373291015625e+01
6.577451324462890625e+01
6.604277038574218750e+01
6.631101989746093750e+01
4.418231201171875000e+01
4.441491699218750000e+01
4.464752197265625000e+01
4.488012695312500000e+01
4.511273193359375000e+01
4.534533691406250000e+01
4.557794189453125000e+01
4.581054687500000000e+01
9.806118011474609375e+01
9.853799438476562500e+01
9.901480102539062500e+01
9.949161529541015625e+01
9.996842956542968750e+01
1.004452362060546875e+02
1.009220504760742188e+02
1.013988647460937500e+02
7.377705383300781250e+01
7.403532409667968750e+01
7.429359436035156250e+01
7.455186462402343750e+01
7.481013488769531250e+01
7.506840515136718750e+01
7.532667541503906250e+01
7.558494567871093750e+01
4.130152130126953125e+01
4.174301910400390625e+01
4.218451690673828125e+01
4.262601470947265625e+01
4.306751251220703125e+01
4.350901031494140625e+01
4.395050811767578125e+01
4.439200592041015625e+01
5.161960601806640625e+01
5.234890747070312500e+01
5.307820892333984375e+01
5.380751419067382812e+01
5.453681564331054688e+01
5.526612091064453125e+01
5.599542236328125000e+01
5.672472381591796875e+01
4.561984634399414062e+01
4.617639160156250000e+01
4.673293685913085938e+01
4.728948211669921875e+01
4.784602737426757812e+01
4.840257263183593750e+01
4.895911788940429688e+01
4.951566314697265625e+01
9.591806030273437500e+01
9.697718048095703125e+01
9.803630065917968750e+01
9.909541320800781250e+01
1.001545333862304688e+02
1.012136535644531250e+02
1.022727661132812500e+02
1.033318939208984375e+02
8.827838897705078125e+01
8.872642517089843750e+01
8.917446136474609375e+01
8.962249755859375000e+01
9.007054138183593750e+01
9.051856994628906250e+01
9.096661376953125000e+01
9.141464996337890625e+01
5.720306396484375000e+01
5.793223571777343750e+01
5.866140365600585938e+01
5.939057540893554688e+01
6.011974716186523438e+01
6.084891891479492188e+01
6.157809066772460938e+01
6.230726242065429688e+01
6.486466979980468750e+01
6.559673309326171875e+01
6.632878875732421875e+01
6.706084442138671875e+01
6.779290771484375000e+01
6.852496337890625000e+01
6.925701904296875000e+01
6.998907470703125000e+01
8.556172180175781250e+01
8.634979248046875000e+01
8.713787078857421875e+01
8.792594909667968750e+01
8.871402740478515625e+01
8.950210571289062500e+01
9.029017639160156250e+01
9.107825469970703125e+01
7.617494964599609375e+01
7.644227600097656250e+01
7.670960235595703125e+01
7.697692871093750000e+01
7.724424743652343750e+01
7.751157379150390625e+01
7.777890014648437500e+01
7.804622650146484375e+01
4.406665802001953125e+01
4.498491668701171875e+01
4.590317916870117188e+01
4.682144165039062500e+01
4.773970031738281250e+01
4.865796661376953125e+01
4.957622528076171875e+01
5.049448776245117188e+01
1.044279327392578125e+02
1.050280151367187500e+02
1.056280975341796875e+02
1.062281799316406250e+02
1.068282623291015625e+02
1.074283447265625000e+02
1.080284271240234375e+02
1.086285095214843750e+02
4.333485412597656250e+01
4.391479492187500000e+01
4.449474334716796875e+01
4.507468795776367188e+01
4.565463256835937500e+01
4.623458099365234375e+01
4.681452178955078125e+01
4.739447021484375000e+01
7.557639312744140625e+01
7.583724212646484375e+01
7.609809875488281250e+01
7.635894775390625000e+01
7.661979675292968750e+01
7.688065338134765625e+01
7.714150238037109375e+01
7.740235137939453125e+01
1.477827148437500000e+02
1.484272308349609375e+02
1.490717468261718750e+02
1.497162628173828125e+02
1.503607788085937500e+02
1.510053100585937500e+02
1.516498260498046875e+02
1.522943420410156250e+02
1.141350708007812500e+02
1.145153579711914062e+02
1.148956451416015625e+02
1.152759246826171875e+02
1.156562194824218750e+02
1.160364990234375000e+02
1.164167861938476562e+02
1.167970733642578125e+02
1.180045471191406250e+02
1.183744354248046875e+02
1.187443084716796875e+02
1.191141967773437500e+02
1.194840698242187500e+02
1.198539581298828125e+02
1.202238388061523438e+02
1.205937194824218750e+02
5.001417160034179688e+01
5.042363739013671875e+01
5.083309936523437500e+01
5.124256896972656250e+01
5.165203094482421875e+01
5.206149673461914062e+01
5.247096252441406250e+01
5.288042449951171875e+01
1.029741744995117188e+02
1.038070526123046875e+02
1.046399383544921875e+02
1.054728240966796875e+02
1.063057098388671875e+02
1.071385955810546875e+02
1.079714813232421875e+02
1.088043670654296875e+02
3.959105300903320312e+01
3.994070434570312500e+01
4.029035186767578125e+01
4.063999938964843750e+01
4.098965072631835938e+01
4.133930206298828125e+01
4.168894958496093750e+01
4.203859710693359375e+01
7.398712158203125000e+01
7.449483489990234375e+01
7.500255584716796875e+01
7.551026916503906250e+01
7.601799011230468750e+01
7.652571105957031250e+01
7.703343200683593750e+01
7.754114532470703125e+01
1.165916213989257812e+02
1.172363739013671875e+02
1.178811340332031250e+02
1.185258941650390625e+02
1.191706542968750000e+02
1.198154067993164062e+02
1.204601669311523438e+02
1.211049194335937500e+02
7.545473480224609375e+01
7.587668609619140625e+01
7.629864501953125000e+01
7.672059631347656250e+01
7.714254760742187500e+01
7.756450653076171875e+01
7.798645782470703125e+01
7.840840911865234375e+01
6.983760833740234375e+01
7.015074157714843750e+01
7.046388244628906250e+01
7.077701568603515625e+01
7.109014892578125000e+01
7.140328216552734375e+01
7.171641540527343750e+01
7.202954864501953125e+01
1.011039581298828125e+02
1.014141845703125000e+02
1.017244033813476562e+02
1.020346221923828125e+02
1.023448486328125000e+02
1.026550750732421875e+02
1.029652938842773438e+02
1.032755126953125000e+02
6.603769683837890625e+01
6.635298919677734375e+01
6.666828918457031250e+01
6.698358917236328125e+01
6.729888153076171875e+01
6.761418151855468750e+01
6.792948150634765625e+01
6.824477386474609375e+01
6.966104888916015625e+01
7.015471649169921875e+01
7.064839172363281250e+01
7.114205932617187500e+01
7.163572692871093750e+01
7.212940216064453125e+01
7.262306976318359375e+01
7.311674499511718750e+01
3.950645828247070312e+01
4.006205749511718750e+01
4.061765289306640625e+01
4.117324829101562500e+01
4.172885131835937500e+01
4.228444671630859375e+01
4.284004211425781250e+01
4.339564514160156250e+01
7.735002899169921875e+01
7.806166076660156250e+01
7.877329254150390625e+01
7.948492431640625000e+01
8.019654846191406250e+01
8.090818023681640625e+01
8.161981201171875000e+01
8.233144378662109375e+01
8.285772705078125000e+01
8.357302093505859375e+01
8.428832244873046875e+01
8.500361633300781250e+01
8.571891021728515625e+01
8.643421173095703125e+01
8.714950561523437500e+01
8.786479949951171875e+01
7.489060974121093750e+01
7.531954193115234375e+01
7.574847412109375000e+01
7.617739868164062500e+01
7.660633087158203125e+01
7.703526306152343750e+01
7.746419525146484375e+01
7.789312744140625000e+01
5.157156753540039062e+01
5.222434997558593750e+01
5.287713623046875000e+01
5.352991867065429688e+01
5.418270111083984375e+01
5.483548736572265625e+01
5.548827362060546875e+01
5.614105606079101562e+01
5.348891448974609375e+01
5.397755050659179688e+01
5.446618652343750000e+01
5.495482635498046875e+01
5.544346618652343750e+01
5.593210220336914062e+01
5.642073822021484375e+01
5.690937805175781250e+01
3.731907272338867188e+01
3.784421920776367188e+01
3.836936950683593750e+01
3.889451599121093750e+01
3.941966247558593750e+01
3.994480895996093750e+01
4.046995925903320312e+01
4.099510955810546875e+01
7.865349578857421875e+01
7.889582061767578125e+01
7.913814544677734375e+01
7.938047027587890625e+01
7.962280273437500000e+01
7.986512756347656250e+01
8.010745239257812500e+01
8.034977722167968750e+01
7.498268890380859375e+01
7.561638641357421875e+01
7.625008392333984375e+01
7.688378143310546875e+01
7.751747131347656250e+01
7.815116882324218750e+01
7.878486633300781250e+01
7.941856384277343750e+01
3.703152465820312500e+01
3.748805618286132812e+01
3.794458389282226562e+01
3.840111160278320312e+01
3.885764312744140625e+01
3.931417083740234375e+01
3.977069854736328125e+01
4.022722625732421875e+01
8.730122375488281250e+01
8.786535644531250000e+01
8.842949676513671875e+01
8.899362945556640625e+01
8.955776977539062500e+01
9.012190246582031250e+01
9.068603515625000000e+01
9.125017547607421875e+01
1.380538940429687500e+02
1.386336364746093750e+02
1.392134094238281250e+02
1.397931823730468750e+02
1.403729400634765625e+02
1.409526977539062500e+02
1.415324707031250000e+02
1.421122436523437500e+02
4.193934631347656250e+01
4.220214462280273438e+01
4.246494293212890625e+01
4.272773742675781250e+01
4.299053573608398438e+01
4.325333404541015625e+01
4.351612854003906250e+01
4.377893066406250000e+01
7.633247375488281250e+01
7.691325378417968750e+01
7.749403381347656250e+01
7.807481384277343750e+01
7.865559387207031250e+01
7.923637390136718750e+01
7.981715393066406250e+01
8.039793395996093750e+01
7.354685974121093750e+01
7.390441131591796875e+01
7.426196289062500000e+01
7.461951446533203125e+01
7.497706604003906250e+01
7.533461761474609375e+01
7.569216918945312500e+01
7.604972839355468750e+01
3.881012344360351562e+01
3.906415939331054688e+01
3.931819152832031250e+01
3.957222747802734375e+01
3.982625961303710938e+01
4.008029174804687500e+01
4.033432769775390625e+01
4.058836364746093750e+01
3.929418182373046875e+01
3.965872955322265625e+01
4.002327728271484375e+01
4.038782501220703125e+01
4.075237274169921875e+01
4.111692047119140625e+01
4.148146820068359375e+01
4.184601974487304688e+01
3.943185424804687500e+01
3.975831604003906250e+01
4.008477783203125000e+01
4.041123962402343750e+01
4.073770141601562500e+01
4.106416320800781250e+01
4.139062118530273438e+01
4.171708297729492188e+01
4.297862243652343750e+01
4.318626403808593750e+01
4.339390563964843750e+01
4.360154724121093750e+01
4.380918884277343750e+01
4.401683044433593750e+01
4.422447586059570312e+01
4.443211746215820312e+01
7.895068359375000000e+01
7.989820098876953125e+01
8.084572601318359375e+01
8.179324340820312500e+01
8.274076080322265625e+01
8.368828582763671875e+01
8.463580322265625000e+01
8.558332061767578125e+01
7.854044342041015625e+01
7.888694000244140625e+01
7.923343658447265625e+01
7.957993316650390625e+01
7.992642974853515625e+01
8.027292633056640625e+01
8.061942291259765625e+01
8.096591186523437500e+01
5.547083663940429688e+01
5.630184173583984375e+01
5.713284301757812500e+01
5.796384429931640625e+01
5.879484939575195312e+01
5.962585449218750000e+01
6.045684814453125000e+01
6.128785324096679688e+01
9.672927093505859375e+01
9.762678527832031250e+01
9.852430725097656250e+01
9.942182922363281250e+01
1.003193511962890625e+02
1.012168731689453125e+02
1.021143875122070312e+02
1.030119094848632812e+02
1.148431091308593750e+02
1.151050872802734375e+02
1.153670501708984375e+02
1.156290206909179688e+02
1.158909912109375000e+02
1.161529541015625000e+02
1.164149322509765625e+02
1.166768951416015625e+02
7.410903930664062500e+01
7.437174224853515625e+01
7.463444519042968750e+01
7.489715576171875000e+01
7.515985870361328125e+01
7.542256164550781250e+01
7.568526458740234375e+01
7.594796752929687500e+01
5.627848815917968750e+01
5.709281921386718750e+01
5.790714645385742188e+01
5.872147750854492188e+01
5.953580474853515625e+01
6.035013580322265625e+01
6.116446304321289062e+01
6.197879028320312500e+01
8.455268096923828125e+01
8.541030120849609375e+01
8.626792144775390625e+01
8.712554168701171875e+01
8.798316955566406250e+01
8.884078979492187500e+01
8.969841003417968750e+01
9.055603027343750000e+01
4.201837158203125000e+01
4.226208496093750000e+01
4.250579833984375000e+01
4.274951171875000000e+01
4.299322509765625000e+01
4.323693847656250000e+01
4.348065185546875000e+01
4.372436904907226562e+01
7.148889923095703125e+01
7.250547790527343750e+01
7.352205657958984375e+01
7.453863525390625000e+01
7.555522155761718750e+01
7.657180023193359375e+01
7.758837890625000000e+01
7.860495758056640625e+01
1.025827865600585938e+02
1.035299224853515625e+02
1.044770660400390625e+02
1.054241943359375000e+02
1.063713378906250000e+02
1.073184738159179688e+02
1.082656097412109375e+02
1.092127532958984375e+02
6.901475524902343750e+01
6.929000091552734375e+01
6.956524658203125000e+01
6.984048461914062500e+01
7.011573028564453125e+01
7.039097595214843750e+01
7.066621398925781250e+01
7.094145965576171875e+01
7.968832397460937500e+01
8.011311340332031250e+01
8.053791046142578125e+01
8.096270751953125000e+01
8.138750457763671875e+01
8.181230163574218750e+01
8.223709869384765625e+01
8.266189575195312500e+01
8.576941680908203125e+01
8.648937225341796875e+01
8.720932006835937500e+01
8.792927551269531250e+01
8.864923095703125000e+01
8.936918640136718750e+01
9.008914184570312500e+01
9.080909729003906250e+01
3.321345901489257812e+01
3.413531875610351562e+01
3.505717849731445312e+01
3.597903823852539062e+01
3.690089797973632812e+01
3.782275772094726562e+01
3.874461746215820312e+01
3.966647720336914062e+01
7.139723205566406250e+01
7.165077972412109375e+01
7.190433502197265625e+01
7.215788269042968750e+01
7.241143798828125000e+01
7.266498565673828125e+01
7.291854095458984375e+01
7.317209625244140625e+01
8.142560577392578125e+01
8.201235198974609375e+01
8.259909057617187500e+01
8.318583679199218750e+01
8.377257537841796875e+01
8.435932159423828125e+01
8.494606018066406250e+01
8.553280639648437500e+01
1.019710540771484375e+02
1.025919494628906250e+02
1.032128448486328125e+02
1.038337402343750000e+02
1.044546432495117188e+02
1.050755386352539062e+02
1.056964340209960938e+02
1.063173370361328125e+02
6.679486083984375000e+01
6.723064422607421875e+01
6.766641998291015625e+01
6.810220336914062500e+01
6.853797912597656250e+01
6.897376251220703125e+01
6.940953826904296875e+01
6.984532165527343750e+01
1.116324539184570312e+02
1.129420928955078125e+02
1.142517242431640625e+02
1.155613632202148438e+02
1.168710021972656250e+02
1.181806335449218750e+02
1.194902648925781250e+02
1.207999038696289062e+02
6.677272796630859375e+01
6.725457763671875000e+01
6.773642730712890625e+01
6.821827697753906250e+01
6.870012664794921875e+01
6.918197631835937500e+01
6.966382598876953125e+01
7.014567565917968750e+01
8.506349182128906250e+01
8.570501708984375000e+01
8.634653472900390625e+01
8.698805236816406250e+01
8.762957000732421875e+01
8.827108764648437500e+01
8.891260528564453125e+01
8.955412292480468750e+01
8.364786529541015625e+01
8.402790832519531250e+01
8.440795135498046875e+01
8.478800201416015625e+01
8.516804504394531250e+01
8.554808807373046875e+01
8.592813110351562500e+01
8.630818176269531250e+01
7.055767059326171875e+01
7.107364654541015625e+01
7.158962249755859375e+01
7.210559082031250000e+01
7.262156677246093750e+01
7.313753509521484375e+01
7.365351104736328125e+01
7.416948699951171875e+01
3.914950561523437500e+01
3.974562454223632812e+01
4.034174346923828125e+01
4.093786239624023438e+01
4.153398132324218750e+01
4.213010025024414062e+01
4.272621917724609375e+01
4.332233810424804688e+01
5.559741973876953125e+01
5.601608276367187500e+01
5.643474578857421875e+01
5.685340881347656250e+01
5.727206802368164062e+01
5.769073104858398438e+01
5.810939407348632812e+01
5.852805328369140625e+01
8.539327239990234375e+01
8.657269287109375000e+01
8.775210571289062500e+01
8.893151855468750000e+01
9.011093902587890625e+01
9.129035186767578125e+01
9.246977233886718750e+01
9.364918518066406250e+01
1.487665557861328125e+02
1.493378448486328125e+02
1.499091339111328125e+02
1.504804229736328125e+02
1.510517120361328125e+02
1.516230010986328125e+02
1.521942749023437500e+02
1.527655639648437500e+02
9.204618835449218750e+01
9.292751312255859375e+01
9.380883026123046875e+01
9.469015502929687500e+01
9.557147216796875000e+01
9.645278930664062500e+01
9.733411407470703125e+01
9.821543121337890625e+01
7.234272766113281250e+01
7.268681335449218750e+01
7.303089904785156250e+01
7.337498474121093750e+01
7.371907043457031250e+01
7.406315612792968750e+01
7.440724945068359375e+01
7.475133514404296875e+01
5.994234848022460938e+01
6.106775283813476562e+01
6.219315719604492188e+01
6.331856536865234375e+01
6.444396972656250000e+01
6.556937408447265625e+01
6.669477844238281250e+01
6.782018280029296875e+01
6.394681930541992188e+01
6.424549865722656250e+01
6.454417419433593750e+01
6.484284973144531250e+01
6.514152526855468750e+01
6.544020080566406250e+01
6.573887634277343750e+01
6.603755187988281250e+01
6.302489089965820312e+01
6.361949157714843750e+01
6.421409606933593750e+01
6.480870056152343750e+01
6.540329742431640625e+01
6.599790191650390625e+01
6.659250640869140625e+01
6.718710327148437500e+01
4.721877288818359375e+01
4.795051574707031250e+01
4.868226623535156250e+01
4.941400909423828125e+01
5.014574813842773438e+01
5.087749481201171875e+01
5.160923767089843750e+01
5.234098815917968750e+01
6.854458618164062500e+01
6.912088012695312500e+01
6.969717407226562500e+01
7.027347564697265625e+01
7.084976959228515625e+01
7.142606353759765625e+01
7.200235748291015625e+01
7.257865905761718750e+01
1.074992294311523438e+02
1.081643371582031250e+02
1.088294448852539062e+02
1.094945526123046875e+02
1.101596527099609375e+02
1.108247680664062500e+02
1.114898681640625000e+02
1.121549758911132812e+02
3.687723922729492188e+01
3.753935623168945312e+01
3.820146560668945312e+01
3.886357879638671875e+01
3.952569580078125000e+01
4.018781280517578125e+01
4.084992599487304688e+01
4.151203918457031250e+01
6.698363494873046875e+01
6.719831848144531250e+01
6.741299438476562500e+01
6.762767791748046875e+01
6.784236145019531250e+01
6.805703735351562500e+01
6.827172088623046875e+01
6.848640441894531250e+01
1.021519622802734375e+02
1.029598388671875000e+02
1.037677078247070312e+02
1.045755767822265625e+02
1.053834533691406250e+02
1.061913299560546875e+02
1.069991989135742188e+02
1.078070678710937500e+02
6.381737136840820312e+01
6.437802886962890625e+01
6.493868255615234375e+01
6.549933624267578125e+01
6.605998992919921875e+01
6.662065124511718750e+01
6.718130493164062500e+01
6.774195861816406250e+01
1.153878860473632812e+02
1.160012207031250000e+02
1.166145629882812500e+02
1.172278900146484375e+02
1.178412322998046875e+02
1.184545593261718750e+02
1.190679016113281250e+02
1.196812362670898438e+02
3.995195388793945312e+01
4.062100982666015625e+01
4.129006958007812500e+01
4.195912170410156250e+01
4.262818145751953125e+01
4.329724121093750000e+01
4.396629714965820312e+01
4.463535308837890625e+01
6.395589065551757812e+01
6.423506927490234375e+01
6.451424407958984375e+01
6.479342651367187500e+01
6.507260131835937500e+01
6.535177612304687500e+01
6.563095855712890625e+01
6.591013336181640625e+01
1.145672454833984375e+02
1.152750091552734375e+02
1.159827728271484375e+02
1.166905364990234375e+02
1.173983001708984375e+02
1.181060638427734375e+02
1.188138275146484375e+02
1.195215911865234375e+02
9.097178649902343750e+01
9.162282562255859375e+01
9.227386474609375000e+01
9.292490386962890625e+01
9.357594299316406250e+01
9.422698974609375000e+01
9.487802886962890625e+01
9.552906799316406250e+01
6.551322937011718750e+01
6.628122711181640625e+01
6.704921722412109375e+01
6.781720733642578125e+01
6.858520507812500000e+01
6.935319519042968750e+01
7.012119293212890625e+01
7.088918304443359375e+01
8.010766601562500000e+01
8.081311798095703125e+01
8.151857757568359375e+01
8.222402954101562500e+01
8.292948913574218750e+01
8.363494110107421875e+01
8.434040069580078125e+01
8.504585266113281250e+01
3.679330062866210938e+01
3.736907958984375000e+01
3.794485855102539062e+01
3.852063751220703125e+01
3.909642028808593750e+01
3.967219543457031250e+01
4.024797821044921875e+01
4.082375335693359375e+01
7.103410339355468750e+01
7.157811737060546875e+01
7.212213134765625000e+01
7.266614532470703125e+01
7.321015930175781250e+01
7.375417327880859375e+01
7.429818725585937500e+01
7.484220123291015625e+01
5.613014221191406250e+01
5.658271026611328125e+01
5.703528213500976562e+01
5.748785018920898438e+01
5.794042205810546875e+01
5.839299011230468750e+01
5.884556198120117188e+01
5.929813385009765625e+01
7.754116821289062500e+01
7.841998291015625000e+01
7.929879760742187500e+01
8.017761230468750000e+01
8.105641937255859375e+01
8.193523406982421875e+01
8.281404876708984375e+01
8.369285583496093750e+01
1.140533142089843750e+02
1.152175903320312500e+02
1.163818588256835938e+02
1.175461273193359375e+02
1.187104034423828125e+02
1.198746795654296875e+02
1.210389480590820312e+02
1.222032165527343750e+02
1.025957336425781250e+02
1.029546661376953125e+02
1.033135986328125000e+02
1.036725311279296875e+02
1.040314559936523438e+02
1.043903884887695312e+02
1.047493133544921875e+02
1.051082458496093750e+02
6.502227783203125000e+01
6.532350921630859375e+01
6.562474822998046875e+01
6.592597961425781250e+01
6.622721099853515625e+01
6.652844238281250000e+01
6.682967376708984375e+01
6.713090515136718750e+01
7.205111694335937500e+01
7.228533935546875000e+01
7.251955413818359375e+01
7.275377655029296875e+01
7.298799133300781250e+01
7.322220611572265625e+01
7.345642852783203125e+01
7.369064331054687500e+01
1.153300552368164062e+02
1.160214233398437500e+02
1.167127914428710938e+02
1.174041595458984375e+02
1.180955276489257812e+02
1.187868957519531250e+02
1.194782714843750000e+02
1.201696319580078125e+02
7.149849700927734375e+01
7.181819152832031250e+01
7.213787841796875000e+01
7.245757293701171875e+01
7.277725982666015625e+01
7.309695434570312500e+01
7.341664123535156250e+01
7.373633575439453125e+01
3.665103530883789062e+01
3.736602401733398438e+01
3.808101272583007812e+01
3.879599761962890625e+01
3.951098632812500000e+01
4.022597503662109375e+01
4.094095993041992188e+01
4.165594482421875000e+01
6.020948791503906250e+01
6.073997116088867188e+01
6.127045440673828125e+01
6.180093765258789062e+01
6.233142089843750000e+01
6.286190032958984375e+01
6.339238357543945312e+01
6.392286682128906250e+01
4.228246307373046875e+01
4.259033584594726562e+01
4.289820861816406250e+01
4.320607757568359375e+01
4.351395034790039062e+01
4.382182312011718750e+01
4.412969207763671875e+01
4.443756484985351562e+01
4.716175079345703125e+01
4.783721923828125000e+01
4.851269149780273438e+01
4.918816375732421875e+01
4.986362457275390625e+01
5.053909683227539062e+01
5.121456909179687500e+01
5.189003753662109375e+01
8.643400573730468750e+01
8.707431030273437500e+01
8.771462249755859375e+01
8.835493469238281250e+01
8.899524688720703125e+01
8.963555908203125000e+01
9.027587127685546875e+01
9.091618347167968750e+01
9.931542968750000000e+01
9.995674896240234375e+01
1.005980758666992188e+02
1.012393951416015625e+02
1.018807220458984375e+02
1.025220413208007812e+02
1.031633605957031250e+02
1.038046875000000000e+02
5.323814392089843750e+01
5.366196823120117188e+01
5.408579254150390625e+01
5.450961303710937500e+01
5.493343353271484375e+01
5.535725784301757812e+01
5.578108215332031250e+01
5.620490264892578125e+01
1.294311523437500000e+00
1.939666748046875000e+00
2.585021972656250000e+00
3.230369567871093750e+00
3.875724792480468750e+00
4.521080017089843750e+00
5.166427612304687500e+00
5.811782836914062500e+00
3.633816528320312500e+01
3.658314514160156250e+01
3.682812500000000000e+01
3.707310485839843750e+01
3.731808471679687500e+01
3.756306457519531250e+01
3.780804443359375000e+01
3.805302429199218750e+01
1.044460525512695312e+02
1.047238311767578125e+02
1.050016174316406250e+02
1.052794036865234375e+02
1.055571899414062500e+02
1.058349685668945312e+02
1.061127471923828125e+02
1.063905334472656250e+02
6.761255645751953125e+01
6.808331298828125000e+01
6.855407714843750000e+01
6.902483367919921875e+01
6.949559020996093750e+01
6.996635437011718750e+01
7.043711090087890625e+01
7.090787506103515625e+01
7.353954315185546875e+01
7.382514190673828125e+01
7.411074066162109375e+01
7.439633178710937500e+01
7.468193054199218750e+01
7.496752929687500000e+01
7.525312805175781250e+01
7.553872680664062500e+01
1.339231567382812500e+02
1.344470977783203125e+02
1.349710388183593750e+02
1.354949645996093750e+02
1.360188903808593750e+02
1.365428161621093750e+02
1.370667572021484375e+02
1.375906982421875000e+02
8.695487213134765625e+01
8.731087493896484375e+01
8.766687774658203125e+01
8.802288818359375000e+01
8.837889099121093750e+01
8.873489379882812500e+01
8.909089660644531250e+01
8.944689941406250000e+01
8.802457427978515625e+01
8.856449890136718750e+01
8.910443115234375000e+01
8.964435577392578125e+01
9.018428039550781250e+01
9.072421264648437500e+01
9.126413726806640625e+01
9.180406951904296875e+01
1.366107788085937500e+02
1.374187774658203125e+02
1.382267608642578125e+02
1.390347442626953125e+02
1.398427276611328125e+02
1.406507110595703125e+02
1.414587097167968750e+02
1.422666931152343750e+02
1.046468963623046875e+02
1.050171051025390625e+02
1.053873062133789062e+02
1.057575073242187500e+02
1.061277160644531250e+02
1.064979095458984375e+02
1.068681182861328125e+02
1.072383193969726562e+02
7.672869873046875000e+01
7.721333312988281250e+01
7.769797515869140625e+01
7.818261718750000000e+01
7.866725921630859375e+01
7.915190124511718750e+01
7.963653564453125000e+01
8.012117767333984375e+01
1.005764007568359375e+02
1.012235717773437500e+02
1.018707504272460938e+02
1.025179290771484375e+02
1.031651000976562500e+02
1.038122863769531250e+02
1.044594573974609375e+02
1.051066360473632812e+02
6.876651000976562500e+01
6.910314178466796875e+01
6.943976593017578125e+01
6.977639770507812500e+01
7.011302185058593750e+01
7.044964599609375000e+01
7.078627777099609375e+01
7.112290191650390625e+01
6.289131927490234375e+01
6.342160797119140625e+01
6.395190429687500000e+01
6.448219299316406250e+01
6.501248931884765625e+01
6.554277801513671875e+01
6.607307434082031250e+01
6.660336303710937500e+01
7.126119232177734375e+01
7.158913421630859375e+01
7.191707611083984375e+01
7.224501800537109375e+01
7.257296752929687500e+01
7.290090942382812500e+01
7.322885131835937500e+01
7.355679321289062500e+01
6.783589935302734375e+01
6.809300231933593750e+01
6.835010528564453125e+01
6.860720825195312500e+01
6.886431121826171875e+01
6.912142181396484375e+01
6.937852478027343750e+01
6.963562774658203125e+01
3.932699584960937500e+01
3.952834701538085938e+01
3.972969818115234375e+01
3.993105316162109375e+01
4.013240814208984375e+01
4.033376312255859375e+01
4.053511428833007812e+01
4.073646926879882812e+01
9.963260650634765625e+01
1.003746414184570312e+02
1.011166763305664062e+02
1.018587112426757812e+02
1.026007461547851562e+02
1.033427734375000000e+02
1.040848083496093750e+02
1.048268432617187500e+02
6.216602706909179688e+01
6.293431854248046875e+01
6.370261001586914062e+01
6.447090148925781250e+01
6.523918914794921875e+01
6.600748443603515625e+01
6.677577209472656250e+01
6.754406738281250000e+01
6.451566314697265625e+01
6.504035949707031250e+01
6.556504821777343750e+01
6.608974456787109375e+01
6.661443328857421875e+01
6.713912963867187500e+01
6.766381835937500000e+01
6.818851470947265625e+01
6.964639282226562500e+01
6.993679809570312500e+01
7.022721099853515625e+01
7.051761627197265625e+01
7.080802154541015625e+01
7.109842681884765625e+01
7.138883209228515625e+01
7.167923736572265625e+01
1.101473464965820312e+02
1.106696472167968750e+02
1.111919555664062500e+02
1.117142562866210938e+02
1.122365570068359375e+02
1.127588653564453125e+02
1.132811737060546875e+02
1.138034744262695312e+02
6.599673461914062500e+01
6.630155944824218750e+01
6.660638427734375000e+01
6.691120147705078125e+01
6.721602630615234375e+01
6.752085113525390625e+01
6.782567596435546875e+01
6.813049316406250000e+01
7.042517089843750000e+01
7.096061706542968750e+01
7.149605560302734375e+01
7.203150177001953125e+01
7.256694793701171875e+01
7.310239410400390625e+01
7.363784027099609375e+01
7.417328643798828125e+01
6.074408340454101562e+01
6.115177154541015625e+01
6.155945968627929688e+01
6.196714782714843750e+01
6.237483596801757812e+01
6.278252410888671875e+01
6.319021224975585938e+01
6.359790039062500000e+01
4.650354766845703125e+01
4.676616668701171875e+01
4.702878570556640625e+01
4.729141235351562500e+01
4.755403137207031250e+01
4.781665039062500000e+01
4.807927703857421875e+01
4.834189605712890625e+01
3.907509231567382812e+01
3.945517349243164062e+01
3.983525466918945312e+01
4.021533203125000000e+01
4.059541320800781250e+01
4.097549438476562500e+01
4.135557556152343750e+01
4.173565673828125000e+01
5.575063323974609375e+01
5.663679122924804688e+01
5.752294540405273438e+01
5.840910339355468750e+01
5.929525756835937500e+01
6.018141174316406250e+01
6.106756973266601562e+01
6.195372772216796875e+01
6.104015350341796875e+01
6.143167114257812500e+01
6.182318496704101562e+01
6.221470260620117188e+01
6.260622024536132812e+01
6.299773406982421875e+01
6.338925170898437500e+01
6.378076934814453125e+01
8.018724060058593750e+01
8.054971313476562500e+01
8.091219329833984375e+01
8.127466583251953125e+01
8.163714599609375000e+01
8.199961853027343750e+01
8.236209106445312500e+01
8.272456359863281250e+01
1.210611877441406250e+02
1.217900695800781250e+02
1.225189437866210938e+02
1.232478256225585938e+02
1.239766998291015625e+02
1.247055816650390625e+02
1.254344635009765625e+02
1.261633453369140625e+02
6.881340789794921875e+01
6.904692077636718750e+01
6.928043365478515625e+01
6.951395416259765625e+01
6.974746704101562500e+01
6.998097991943359375e+01
7.021449279785156250e+01
7.044801330566406250e+01
7.336773681640625000e+01
7.395080566406250000e+01
7.453386688232421875e+01
7.511692810058593750e+01
7.569999694824218750e+01
7.628305816650390625e+01
7.686611938476562500e+01
7.744918060302734375e+01
6.260662841796875000e+01
6.320177841186523438e+01
6.379692840576171875e+01
6.439208221435546875e+01
6.498722839355468750e+01
6.558238220214843750e+01
6.617752838134765625e+01
6.677268218994140625e+01
6.966683197021484375e+01
7.004217529296875000e+01
7.041751098632812500e+01
7.079285430908203125e+01
7.116819000244140625e+01
7.154352569580078125e+01
7.191886901855468750e+01
7.229420471191406250e+01
6.795624542236328125e+01
6.836286163330078125e+01
6.876948547363281250e+01
6.917610931396484375e+01
6.958273315429687500e+01
6.998935699462890625e+01
7.039597320556640625e+01
7.080259704589843750e+01
8.904232025146484375e+01
8.940283203125000000e+01
8.976333618164062500e+01
9.012384033203125000e+01
9.048434448242187500e+01
9.084484863281250000e+01
9.120535278320312500e+01
9.156585693359375000e+01
7.480970764160156250e+01
7.533955383300781250e+01
7.586940002441406250e+01
7.639923858642578125e+01
7.692908477783203125e+01
7.745893096923828125e+01
7.798877716064453125e+01
7.851862335205078125e+01
3.769319534301757812e+01
3.792614746093750000e+01
3.815909957885742188e+01
3.839205169677734375e+01
3.862500762939453125e+01
3.885795974731445312e+01
3.909091186523437500e+01
3.932386398315429688e+01
7.527299499511718750e+01
7.564429473876953125e+01
7.601559448242187500e+01
7.638688659667968750e+01
7.675818634033203125e+01
7.712948608398437500e+01
7.750078582763671875e+01
7.787208557128906250e+01
7.157601165771484375e+01
7.219435882568359375e+01
7.281269836425781250e+01
7.343104553222656250e+01
7.404939270019531250e+01
7.466773223876953125e+01
7.528607940673828125e+01
7.590441894531250000e+01
8.741274261474609375e+01
8.839077758789062500e+01
8.936882019042968750e+01
9.034685516357421875e+01
9.132489013671875000e+01
9.230293273925781250e+01
9.328096771240234375e+01
9.425900268554687500e+01
8.492635345458984375e+01
8.557534790039062500e+01
8.622434234619140625e+01
8.687333679199218750e+01
8.752233886718750000e+01
8.817132568359375000e+01
8.882032775878906250e+01
8.946932220458984375e+01
6.898785400390625000e+01
6.926519012451171875e+01
6.954252624511718750e+01
6.981985473632812500e+01
7.009719085693359375e+01
7.037451934814453125e+01
7.065185546875000000e+01
7.092918395996093750e+01
5.600589752197265625e+01
5.701862335205078125e+01
5.803135299682617188e+01
5.904408264160156250e+01
6.005681228637695312e+01
6.106954193115234375e+01
6.208227157592773438e+01
6.309500122070312500e+01
7.467535400390625000e+01
7.494223785400390625e+01
7.520911407470703125e+01
7.547599792480468750e+01
7.574287414550781250e+01
7.600975036621093750e+01
7.627663421630859375e+01
7.654351043701171875e+01
3.826408004760742188e+01
3.854314804077148438e+01
3.882221603393554688e+01
3.910128784179687500e+01
3.938035583496093750e+01
3.965942382812500000e+01
3.993849182128906250e+01
4.021755981445312500e+01
9.577326965332031250e+01
9.641017150878906250e+01
9.704707336425781250e+01
9.768397521972656250e+01
9.832088470458984375e+01
9.895778656005859375e+01
9.959468841552734375e+01
1.002315902709960938e+02
5.399179458618164062e+01
5.458896636962890625e+01
5.518613815307617188e+01
5.578330993652343750e+01
5.638048553466796875e+01
5.697765350341796875e+01
5.757482910156250000e+01
5.817200088500976562e+01
6.006311798095703125e+01
6.060498809814453125e+01
6.114685821533203125e+01
6.168872833251953125e+01
6.223059844970703125e+01
6.277246856689453125e+01
6.331433868408203125e+01
6.385620880126953125e+01
1.183663482666015625e+02
1.190835494995117188e+02
1.198007507324218750e+02
1.205179595947265625e+02
1.212351608276367188e+02
1.219523620605468750e+02
1.226695709228515625e+02
1.233867645263671875e+02
3.742332077026367188e+01
3.792996215820312500e+01
3.843659973144531250e+01
3.894324111938476562e+01
3.944988250732421875e+01
3.995652008056640625e+01
4.046315765380859375e+01
4.096980285644531250e+01
1.020545425415039062e+02
1.025444793701171875e+02
1.030344238281250000e+02
1.035243606567382812e+02
1.040142974853515625e+02
1.045042419433593750e+02
1.049941864013671875e+02
1.054841232299804688e+02
7.616178131103515625e+01
7.650696563720703125e+01
7.685214996337890625e+01
7.719733428955078125e+01
7.754251861572265625e+01
7.788771057128906250e+01
7.823289489746093750e+01
7.857807922363281250e+01
7.350516510009765625e+01
7.400390625000000000e+01
7.450264739990234375e+01
7.500138854980468750e+01
7.550012969970703125e+01
7.599887084960937500e+01
7.649761199951171875e+01
7.699635314941406250e+01
7.117272186279296875e+01
7.143157958984375000e+01
7.169044494628906250e+01
7.194930267333984375e+01
7.220816802978515625e+01
7.246702575683593750e+01
7.272589111328125000e+01
7.298474884033203125e+01
7.070957946777343750e+01
7.122173309326171875e+01
7.173389434814453125e+01
7.224604797363281250e+01
7.275820922851562500e+01
7.327036285400390625e+01
7.378252410888671875e+01
7.429467773437500000e+01
3.926995849609375000e+01
3.965975189208984375e+01
4.004954910278320312e+01
4.043934631347656250e+01
4.082913970947265625e+01
4.121893692016601562e+01
4.160873413085937500e+01
4.199852752685546875e+01
8.838987731933593750e+01
8.892765045166015625e+01
8.946542358398437500e+01
9.000318908691406250e+01
9.054096984863281250e+01
9.107873535156250000e+01
9.161651611328125000e+01
9.215428161621093750e+01
7.602197265625000000e+01
7.694113922119140625e+01
7.786029815673828125e+01
7.877946472167968750e+01
7.969863128662109375e+01
8.061779785156250000e+01
8.153695678710937500e+01
8.245612335205078125e+01
8.814777374267578125e+01
8.847187805175781250e+01
8.879598999023437500e+01
8.912009429931640625e+01
8.944419860839843750e+01
8.976831054687500000e+01
9.009241485595703125e+01
9.041652679443359375e+01
3.965700149536132812e+01
4.036671066284179688e+01
4.107641983032226562e+01
4.178612899780273438e+01
4.249583816528320312e+01
4.320554733276367188e+01
4.391525650024414062e+01
4.462496185302734375e+01
7.405169677734375000e+01
7.436724853515625000e+01
7.468279266357421875e+01
7.499833679199218750e+01
7.531388092041015625e+01
7.562942504882812500e+01
7.594497680664062500e+01
7.626052093505859375e+01
1.123866653442382812e+02
1.129717102050781250e+02
1.135567626953125000e+02
1.141418151855468750e+02
1.147268676757812500e+02
1.153119201660156250e+02
1.158969650268554688e+02
1.164820098876953125e+02
9.391617584228515625e+01
9.496311187744140625e+01
9.601005554199218750e+01
9.705699157714843750e+01
9.810392761230468750e+01
9.915086364746093750e+01
1.001977996826171875e+02
1.012447433471679688e+02
7.643548583984375000e+01
7.698323059082031250e+01
7.753096771240234375e+01
7.807871246337890625e+01
7.862644958496093750e+01
7.917419433593750000e+01
7.972193145751953125e+01
8.026966857910156250e+01
6.475280761718750000e+01
6.513638305664062500e+01
6.551995849609375000e+01
6.590353393554687500e+01
6.628710937500000000e+01
6.667068481445312500e+01
6.705426788330078125e+01
6.743784332275390625e+01
3.902513885498046875e+01
3.920064544677734375e+01
3.937615966796875000e+01
3.955166625976562500e+01
3.972717666625976562e+01
3.990268707275390625e+01
4.007819366455078125e+01
4.025370407104492188e+01
8.041067504882812500e+01
8.074285888671875000e+01
8.107504272460937500e+01
8.140721893310546875e+01
8.173940277099609375e+01
8.207158660888671875e+01
8.240377044677734375e+01
8.273595428466796875e+01
6.464348602294921875e+01
6.499614715576171875e+01
6.534880828857421875e+01
6.570146942138671875e+01
6.605413055419921875e+01
6.640679168701171875e+01
6.675945281982421875e+01
6.711210632324218750e+01
7.422451019287109375e+01
7.482129669189453125e+01
7.541809082031250000e+01
7.601487731933593750e+01
7.661166381835937500e+01
7.720845031738281250e+01
7.780523681640625000e+01
7.840202331542968750e+01
