0.047045
-0.189969
0.534149
-0.000536
1.894419
-0.019213
-0.604174
0.427237
0.600340
-0.022494
-0.397930
1.171910
0.133021
-0.566694
-0.056767
0.806133
0.113758
1.269511
0.006453
0.096312
-0.122600
0.205133
-0.419025
-0.253391
-0.615550
-0.840204
0.916070
2.171395
0.588786
0.007244
-0.158324
-0.644112
0.191181
-0.032363
-0.447444
-0.041236
0.061924
1.656389
-0.915375
-0.446671
-0.029072
-0.102131
0.668502
1.355336
0.056902
0.499644
0.019674
0.072140
0.032140
-0.837240
-0.047920
0.939120
0.756824
0.115126
0.066679
-0.016149
-0.136767
-0.917378
0.056143
0.712480
-0.024098
0.179927
0.021459
-0.163405
1.051679
1.053246
0.069149
-0.692215
-0.034305
-0.112743
1.860668
-0.373564
1.224598
0.101813
-0.499036
-0.441512
0.091458
0.004661
1.341252
-0.770738
-0.040172
-0.023495
-0.424843
-0.058945
-0.018260
-2.383474
-0.129085
0.111891
-0.574728
0.174699
0.042884
0.082976
0.175063
-0.024027
-0.063858
0.070728
-0.532296
0.059220
-2.090921
0.007596
-0.086368
-0.666223
-0.077443
1.224134
1.431867
0.076989
-1.900635
-0.534073
0.072598
0.048021
-0.798739
1.037084
0.047479
0.286534
0.056422
0.019300
1.675811
-1.597721
-0.128467
-1.500486
-0.053295
-0.019002
-0.421283
-1.204342
0.029847
-0.021863
-0.071246
-0.444462
-0.459773
0.119390
-0.040946
-0.461757
-0.128353
0.782054
-0.005092
-0.000546
0.561917
-0.470302
0.129570
-1.582862
-0.087152
0.256494
0.034800
-0.920645
0.057846
-0.158879
0.511727
-1.217655
-0.057481
0.050825
-0.340658
0.002525
-0.787928
-1.123998
0.000665
-0.037025
-0.036278
0.654092
0.364094
-0.043470
-1.122736
2.114726
0.117100
-0.189153
1.267096
1.317038
-0.055768
-1.285652
-0.235266
-0.628140
0.038969
0.069920
2.179860
0.028010
-0.975412
-1.328039
0.071767
-0.081596
-0.222653
0.451768
1.002907
1.859046
-1.107870
0.078381
-0.488453
0.151502
0.196754
0.014524
0.036864
-0.658510
-0.127909
0.048211
0.460477
-0.162799
0.036615
-0.013440
0.053421
0.006445
-0.414135
-0.826055
-0.000012
-1.489278
-2.287467
-0.290462
-0.017381
0.881382
-0.910393
-0.134205
1.546627
-0.796701
0.008812
-0.360965
-1.353651
-1.053281
1.046847
-0.075619
-0.028320
0.104559
-0.016658
-0.158086
1.813249
1.581953
-0.101164
0.537585
0.054234
-0.111595
-1.401602
-1.082581
0.461127
-0.056386
-0.043387
-0.524370
1.204155
-0.270839
0.057435
-0.127387
2.486084
0.046514
0.084151
-0.706148
0.038904
-1.943820
-0.075594
1.515990
0.313671
-1.621988
-1.427372
0.340076
0.155220
-1.645014
1.266069
-0.089360
0.731490
1.146232
-1.500083
