69.411016
77.708704
70.713879
79.653775
64.229854
82.548223
60.765102
85.000276
75.025925
79.577089
61.309084
62.469482
82.551029
76.195895
77.703880
70.813405
60.943323
72.844445
71.670806
79.116722
76.744128
85.654090
87.596965
64.762323
71.919474
65.272495
82.045108
55.234635
85.218192
76.564442
82.871053
73.292481
93.416355
78.472908
70.391593
79.981212
65.262519
71.422219
83.309794
62.078373
80.360656
81.234869
89.419913
67.055167
94.536110
81.706211
73.150641
88.483976
64.328075
70.645871
73.524298
74.173465
91.341565
84.256380
96.515663
85.821153
91.305847
77.678585
75.341799
72.002451
80.369534
78.395912
67.919379
68.660612
69.108119
81.807354
81.658582
74.811266
72.439301
53.935333
79.575972
74.031906
82.181583
83.641500
74.491303
81.945720
83.905607
77.291591
83.437254
76.624102
80.087417
95.379402
88.491772
66.662619
69.407732
81.784178
81.611900
81.003685
71.737735
91.619666
82.386712
60.227431
74.795917
104.280384
82.854877
78.298748
66.504303
59.023013
61.959898
72.933616
80.756357
65.863264
82.387102
74.259384
94.814720
59.963639
70.767422
76.722845
85.245571
85.377579
76.682763
96.081833
86.379242
73.194063
72.680045
88.901059
82.039367
71.455606
86.016265
71.060779
92.467629
78.576724
83.063676
73.756184
57.450238
84.000513
70.787009
59.739946
70.779075
62.208994
68.215347
76.218623
61.812522
95.366925
74.621572
82.711890
65.692900
78.172110
89.561638
65.440256
75.583968
64.722359
71.887678
78.477601
76.391953
73.371837
66.612415
90.275612
85.812629
76.562341
77.600177
75.786394
64.794350
71.856566
68.090301
78.252985
81.946496
62.283420
108.822147
80.840950
80.109998
76.895912
80.569987
77.638363
68.805155
75.703622
84.633121
72.490152
79.801910
67.728997
79.520498
83.210847
77.166856
84.466295
84.117705
66.839704
89.505154
78.293186
68.664439
63.657489
83.708979
77.024298
91.135287
72.064211
78.549702
73.750429
66.909074
72.511134
65.758566
61.805056
81.163503
63.436229
82.866552
64.838437
73.564915
77.772240
65.179816
91.702469
69.947490
77.533371
74.220237
68.849386
75.257463
76.648169
84.209311
54.662210
77.483769
68.998179
78.523806
73.699522
69.607607
69.986202
82.456397
64.089816
74.927861
69.335204
80.703114
81.495307
73.810652
75.021397
67.639436
80.147384
79.045761
67.012838
67.594449
85.313274
74.899967
74.389638
74.145051
80.923601
78.042865
76.002491
71.809887
65.590587
79.396988
70.664317
77.745375
69.438493
65.246268
67.120183
84.844520
69.790626
82.183992
63.257848
70.747142
67.343379
82.290270
80.898049
46.127722
72.846354
68.356305
60.661026
84.907082
75.048808
79.791045
