58.348689
58.507023
58.665357
58.823691
58.982026
59.140360
59.298694
59.457028
59.615363
59.773697
59.932031
60.090365
60.248700
60.407034
60.565368
60.723702
60.882037
61.040371
61.198705
61.357039
61.515374
61.673708
61.832042
61.990377
62.148711
62.307045
62.465379
62.623714
62.782048
62.940382
63.098716
63.257051
63.415385
63.573719
63.732053
63.890388
64.048722
64.207056
64.365390
64.523725
64.682059
64.840393
64.998727
65.157062
65.315396
65.473730
65.632064
65.790399
65.948733
66.107067
66.265401
66.423736
66.582070
66.740404
66.898739
67.057073
67.215407
67.373741
67.532076
67.690410
67.848744
68.007078
68.165413
68.323747
68.482081
68.640415
68.798750
68.957084
69.115418
69.273752
69.432087
69.590421
69.748755
69.907089
70.065424
70.223758
70.382092
70.540426
70.698761
70.857095
71.015429
71.173763
71.332098
71.490432
71.648766
71.807100
71.965435
72.123769
72.282103
72.440438
72.598772
72.757106
72.915440
73.073775
73.232109
73.390443
73.548777
73.707112
73.865446
74.023780
74.182114
74.340449
74.498783
74.657117
74.815451
74.973786
75.132120
75.290454
75.448788
75.607123
75.765457
75.923791
76.082125
76.240460
76.398794
76.557128
76.715462
76.873797
77.032131
77.190465
77.348800
77.507134
77.665468
77.823802
77.982137
78.140471
78.298805
78.457139
78.615474
78.773808
78.932142
79.090476
79.248811
79.407145
79.565479
79.723813
79.882148
80.040482
80.198816
80.357150
80.515485
80.673819
80.832153
80.990487
81.148822
81.307156
81.465490
81.623824
81.782159
81.940493
82.098827
82.257162
82.415496
82.573830
82.732164
82.890499
83.048833
83.207167
83.365501
83.523836
83.682170
83.840504
83.998838
84.157173
84.315507
84.473841
84.632175
84.790510
84.948844
85.107178
85.265512
85.423847
85.582181
85.740515
85.898849
86.057184
86.215518
86.373852
86.532186
86.690521
86.848855
87.007189
87.165523
87.323858
87.482192
87.640526
87.798861
87.957195
88.115529
88.273863
88.432198
88.590532
88.748866
88.907200
89.065535
89.223869
89.382203
89.540537
89.698872
89.857206
