7.373822784423828125e+01
7.427816772460937500e+01
7.481810760498046875e+01
7.535804748535156250e+01
7.697786712646484375e+01
7.771991729736328125e+01
7.807625579833984375e+01
7.843259429931640625e+01
7.878892517089843750e+01
7.907399749755859375e+01
7.985794067382812500e+01
8.183113098144531250e+01
8.247444152832031250e+01
8.440435791015625000e+01
6.966771697998046875e+01
6.988289642333984375e+01
7.009807586669921875e+01
7.048538970947265625e+01
7.095878601074218750e+01
7.561679840087890625e+01
7.632951354980468750e+01
7.704222869873046875e+01
7.918038177490234375e+01
7.680337524414062500e+01
7.746944427490234375e+01
7.813551330566406250e+01
7.880158996582031250e+01
7.946765899658203125e+01
8.093301391601562500e+01
8.023911285400390625e+01
8.045802307128906250e+01
8.067693328857421875e+01
7.707274627685546875e+01
7.777899169921875000e+01
6.760336303710937500e+01
6.825698852539062500e+01
6.869274139404296875e+01
6.978211212158203125e+01
7.643518066406250000e+01
7.704071807861328125e+01
7.764625549316406250e+01
7.885732269287109375e+01
8.544885253906250000e+01
8.572859954833984375e+01
8.591510009765625000e+01
8.309335327148437500e+01
8.331523895263671875e+01
6.454103088378906250e+01
6.501215362548828125e+01
6.548327636718750000e+01
6.642552947998046875e+01
6.746200561523437500e+01
6.831002807617187500e+01
7.816120147705078125e+01
7.872184753417968750e+01
7.928248596191406250e+01
8.130079650878906250e+01
7.862139129638671875e+01
7.932763671875000000e+01
8.508944702148437500e+01
8.598478698730468750e+01
8.688012695312500000e+01
8.777546691894531250e+01
8.364215087890625000e+01
8.448398590087890625e+01
8.532581329345703125e+01
6.597895050048828125e+01
6.644919586181640625e+01
6.691944122314453125e+01
6.785993957519531250e+01
8.563209533691406250e+01
8.740997314453125000e+01
7.008364105224609375e+01
7.060151672363281250e+01
7.111939239501953125e+01
7.254354095458984375e+01
6.692472076416015625e+01
6.761350250244140625e+01
6.830227661132812500e+01
6.899105834960937500e+01
6.967984008789062500e+01
7.881230163574218750e+01
7.972681427001953125e+01
6.896477508544921875e+01
6.943977355957031250e+01
6.991477203369140625e+01
7.086477661132812500e+01
7.181477355957031250e+01
7.276477813720703125e+01
7.605780029296875000e+01
7.643672180175781250e+01
7.681563568115234375e+01
7.757347869873046875e+01
8.231560516357421875e+01
8.270891571044921875e+01
8.310223388671875000e+01
8.388886260986328125e+01
7.663609313964843750e+01
7.730078887939453125e+01
7.796547698974609375e+01
7.942779541015625000e+01
7.585306549072265625e+01
7.631918334960937500e+01
7.678530120849609375e+01
7.771753692626953125e+01
8.181690216064453125e+01
8.249042510986328125e+01
8.316394042968750000e+01
8.464567565917968750e+01
7.835814666748046875e+01
7.887314605712890625e+01
7.938814544677734375e+01
8.041814422607421875e+01
7.301596832275390625e+01
7.353876495361328125e+01
7.406156158447265625e+01
7.458435821533203125e+01
7.510715484619140625e+01
7.615274810791015625e+01
7.615477752685546875e+01
7.769612884521484375e+01
7.733938598632812500e+01
7.790359497070312500e+01
7.822600555419921875e+01
7.854840850830078125e+01
7.895141601562500000e+01
7.983803558349609375e+01
6.559558868408203125e+01
6.583276367187500000e+01
6.606993865966796875e+01
6.630711364746093750e+01
6.654428863525390625e+01
6.701863861083984375e+01
6.749299621582031250e+01
7.275973510742187500e+01
7.324353027343750000e+01
7.356604766845703125e+01
7.445300292968750000e+01
7.517868041992187500e+01
7.896242523193359375e+01
7.974924468994140625e+01
8.053607177734375000e+01
8.210971832275390625e+01
7.228787994384765625e+01
7.289768981933593750e+01
7.350750732421875000e+01
7.411732482910156250e+01
7.229547119140625000e+01
7.318598175048828125e+01
7.377966308593750000e+01
7.152647399902343750e+01
7.192813110351562500e+01
7.232978820800781250e+01
7.313310241699218750e+01
7.814793395996093750e+01
7.932672882080078125e+01
8.315720367431640625e+01
8.384828186035156250e+01
8.453935241699218750e+01
8.592150878906250000e+01
7.337953186035156250e+01
7.533235931396484375e+01
7.663424682617187500e+01
7.391327667236328125e+01
7.576161193847656250e+01
7.622369384765625000e+01
7.784098052978515625e+01
6.564617156982421875e+01
6.610675811767578125e+01
6.725820922851562500e+01
6.898538970947265625e+01
6.941056060791015625e+01
6.996582794189453125e+01
7.052109527587890625e+01
7.107636260986328125e+01
7.109628295898437500e+01
7.163549804687500000e+01
7.199497222900390625e+01
6.615766143798828125e+01
6.676757812500000000e+01
7.463003540039062500e+01
7.531884765625000000e+01
7.600765991210937500e+01
6.862326812744140625e+01
6.892996978759765625e+01
6.906141662597656250e+01
6.932430267333984375e+01
7.810636138916015625e+01
7.883937072753906250e+01
7.957237243652343750e+01
8.103839111328125000e+01
7.324499511718750000e+01
7.390200042724609375e+01
7.455900573730468750e+01
7.793383789062500000e+01
7.882444000244140625e+01
7.933335113525390625e+01
8.047838592529296875e+01
8.175066375732421875e+01
7.795169067382812500e+01
7.834592437744140625e+01
7.881900787353515625e+01
7.913439178466796875e+01
7.992286682128906250e+01
7.228778839111328125e+01
7.284084320068359375e+01
7.353217315673828125e+01
6.998741912841796875e+01
7.070412445068359375e+01
7.142083740234375000e+01
7.285424804687500000e+01
6.355528640747070312e+01
6.407794189453125000e+01
6.460060119628906250e+01
6.585498809814453125e+01
6.669124603271484375e+01
6.773656463623046875e+01
6.594113159179687500e+01
6.646446228027343750e+01
6.698779296875000000e+01
6.803445434570312500e+01
6.908111572265625000e+01
7.012777709960937500e+01
7.273576354980468750e+01
7.343076324462890625e+01
7.412576293945312500e+01
7.551576232910156250e+01
7.995954132080078125e+01
8.060485839843750000e+01
8.125016784667968750e+01
8.266986083984375000e+01
7.291723632812500000e+01
7.312205505371093750e+01
7.332688140869140625e+01
7.530631256103515625e+01
7.592201995849609375e+01
7.653771972656250000e+01
7.282139587402343750e+01
7.342485046386718750e+01
7.402830505371093750e+01
7.523520660400390625e+01
7.338465881347656250e+01
7.405764007568359375e+01
7.473062133789062500e+01
7.607659149169921875e+01
7.445121002197265625e+01
7.465466308593750000e+01
7.485812377929687500e+01
7.506157684326171875e+01
7.526502990722656250e+01
8.174160003662109375e+01
8.229782104492187500e+01
8.296527099609375000e+01
8.396646881103515625e+01
8.016824340820312500e+01
8.097926330566406250e+01
8.179028320312500000e+01
8.341232299804687500e+01
7.448123168945312500e+01
7.491930389404296875e+01
7.588306427001953125e+01
7.047324371337890625e+01
7.067419433593750000e+01
7.087514495849609375e+01
7.107609558105468750e+01
7.123685455322265625e+01
7.167894744873046875e+01
8.206584930419921875e+01
8.264705657958984375e+01
7.468393707275390625e+01
7.527903747558593750e+01
7.587413787841796875e+01
7.706433868408203125e+01
7.976765441894531250e+01
8.054080963134765625e+01
8.131395721435546875e+01
8.286026763916015625e+01
7.120413208007812500e+01
7.165702819824218750e+01
7.210992431640625000e+01
7.301570892333984375e+01
8.235488128662109375e+01
8.301438903808593750e+01
8.367388916015625000e+01
8.499290466308593750e+01
7.088677215576171875e+01
7.108851623535156250e+01
7.129026031494140625e+01
7.169374847412109375e+01
7.137408447265625000e+01
7.205706787109375000e+01
7.274005889892578125e+01
7.342304229736328125e+01
8.530062103271484375e+01
8.577045440673828125e+01
8.624028015136718750e+01
8.717993927001953125e+01
7.906732177734375000e+01
7.960189056396484375e+01
8.013645935058593750e+01
8.120558929443359375e+01
6.849387359619140625e+01
6.897431182861328125e+01
6.945474243164062500e+01
7.041561889648437500e+01
7.137649536132812500e+01
7.233736419677734375e+01
7.827543640136718750e+01
7.909610748291015625e+01
6.341240692138671875e+01
6.442484283447265625e+01
6.543728637695312500e+01
6.644972229003906250e+01
7.918529510498046875e+01
7.981749725341796875e+01
8.044969177246093750e+01
8.114787292480468750e+01
8.183105468750000000e+01
8.251422882080078125e+01
8.388058471679687500e+01
6.672528839111328125e+01
6.718466186523437500e+01
6.764402770996093750e+01
6.856277465820312500e+01
6.948151397705078125e+01
7.589900207519531250e+01
7.608802795410156250e+01
7.621404266357421875e+01
7.561439514160156250e+01
7.630619812011718750e+01
7.699800109863281250e+01
7.745921325683593750e+01
7.803571319580078125e+01
7.454841613769531250e+01
7.517034912109375000e+01
7.579228210449218750e+01
7.641421508789062500e+01
7.703614807128906250e+01
7.657192993164062500e+01
7.699233245849609375e+01
7.741274261474609375e+01
7.833763885498046875e+01
7.750164031982421875e+01
7.816143035888671875e+01
7.882121276855468750e+01
7.948100280761718750e+01
7.631095886230468750e+01
7.716994476318359375e+01
8.110256958007812500e+01
8.167103576660156250e+01
8.223950195312500000e+01
8.337642669677734375e+01
6.588322448730468750e+01
6.612258148193359375e+01
6.640980529785156250e+01
6.684064483642578125e+01
6.731935119628906250e+01
7.091833496093750000e+01
7.146255493164062500e+01
7.200678253173828125e+01
7.255101013183593750e+01
7.309523010253906250e+01
7.451021575927734375e+01
7.347387695312500000e+01
7.423594665527343750e+01
7.499801635742187500e+01
7.003161621093750000e+01
7.062091064453125000e+01
7.121020507812500000e+01
7.238880157470703125e+01
7.013149261474609375e+01
7.030146789550781250e+01
7.047144317626953125e+01
7.081138610839843750e+01
7.115132904052734375e+01
7.398445129394531250e+01
7.484590148925781250e+01
7.570735931396484375e+01
7.365055847167968750e+01
7.387014007568359375e+01
7.408971405029296875e+01
7.430929565429687500e+01
8.409873199462890625e+01
8.599243164062500000e+01
8.701210784912109375e+01
7.851941680908203125e+01
7.917361450195312500e+01
7.982781982421875000e+01
8.150054168701171875e+01
8.172595977783203125e+01
8.195137786865234375e+01
8.240221405029296875e+01
7.774043273925781250e+01
7.832209014892578125e+01
7.890374755859375000e+01
8.006707000732421875e+01
7.415873718261718750e+01
7.501781463623046875e+01
7.928123474121093750e+01
7.994102478027343750e+01
8.060080718994140625e+01
8.192037200927734375e+01
5.834867858886718750e+01
5.897257995605468750e+01
5.959648895263671875e+01
6.022039031982421875e+01
6.109385299682617188e+01
6.246643829345703125e+01
7.986724853515625000e+01
8.049449920654296875e+01
8.112174987792968750e+01
8.250170135498046875e+01
7.204084014892578125e+01
7.221800231933593750e+01
7.243060302734375000e+01
7.274948883056640625e+01
7.358737945556640625e+01
7.429550933837890625e+01
7.500363922119140625e+01
7.581498718261718750e+01
7.601595306396484375e+01
8.600210571289062500e+01
8.677753448486328125e+01
8.755296325683593750e+01
8.910381317138671875e+01
7.476316070556640625e+01
7.545977020263671875e+01
7.615637207031250000e+01
7.295991516113281250e+01
7.345372772216796875e+01
7.394754791259765625e+01
7.444136047363281250e+01
7.493517303466796875e+01
7.592279815673828125e+01
8.032180023193359375e+01
8.172669982910156250e+01
6.217932891845703125e+01
6.246216583251953125e+01
6.274500656127929688e+01
6.331068420410156250e+01
6.387636184692382812e+01
6.803025054931640625e+01
6.835141754150390625e+01
6.883316802978515625e+01
6.971638488769531250e+01
7.853658294677734375e+01
7.983513641357421875e+01
8.113369750976562500e+01
7.748383331298828125e+01
7.812095642089843750e+01
7.875807952880859375e+01
7.312038421630859375e+01
7.516240692138671875e+01
6.936749267578125000e+01
7.006095123291015625e+01
7.214131927490234375e+01
8.275089263916015625e+01
8.342629241943359375e+01
8.410168457031250000e+01
6.893324279785156250e+01
6.954473876953125000e+01
7.015623474121093750e+01
7.089002990722656250e+01
7.137922668457031250e+01
7.260222625732421875e+01
8.132077789306640625e+01
8.175607299804687500e+01
8.219136810302734375e+01
7.114328765869140625e+01
7.136929321289062500e+01
7.151996612548828125e+01
7.189664459228515625e+01
7.583690643310546875e+01
7.658893585205078125e+01
7.734096527099609375e+01
7.899542999267578125e+01
7.330641174316406250e+01
7.388308715820312500e+01
7.445976257324218750e+01
7.396784973144531250e+01
7.416912078857421875e+01
7.437039184570312500e+01
7.529686737060546875e+01
7.601784515380859375e+01
7.673882293701171875e+01
7.818078613281250000e+01
7.452271270751953125e+01
7.505548095703125000e+01
7.558824920654296875e+01
7.676033020019531250e+01
7.793616485595703125e+01
7.869139099121093750e+01
7.944662475585937500e+01
8.159639739990234375e+01
8.182168579101562500e+01
8.204697418212890625e+01
8.021412658691406250e+01
8.041073608398437500e+01
7.976872253417968750e+01
8.037139892578125000e+01
8.097407531738281250e+01
8.229996490478515625e+01
7.500878143310546875e+01
7.577827453613281250e+01
7.654776000976562500e+01
7.808673858642578125e+01
8.352929687500000000e+01
8.422154998779296875e+01
8.491379547119140625e+01
8.629829406738281250e+01
8.287063598632812500e+01
8.342961120605468750e+01
8.380226898193359375e+01
8.482705688476562500e+01
6.494343566894531250e+01
6.523213195800781250e+01
6.571330261230468750e+01
6.619447326660156250e+01
7.562181854248046875e+01
7.636242675781250000e+01
7.710303497314453125e+01
7.858425903320312500e+01
7.675199127197265625e+01
7.755973815917968750e+01
7.852903747558593750e+01
8.021537780761718750e+01
8.090345764160156250e+01
8.159153747558593750e+01
8.324292755126953125e+01
8.364861297607421875e+01
8.424962615966796875e+01
8.485064697265625000e+01
8.605267333984375000e+01
7.241443634033203125e+01
7.307563018798828125e+01
7.373681640625000000e+01
7.526167297363281250e+01
7.576164245605468750e+01
7.626161956787109375e+01
7.726156616210937500e+01
7.164364624023437500e+01
7.207825469970703125e+01
7.251285552978515625e+01
7.294745635986328125e+01
7.338205718994140625e+01
7.425126647949218750e+01
7.437442779541015625e+01
7.524234008789062500e+01
7.637816619873046875e+01
7.673287200927734375e+01
7.708757781982421875e+01
7.744228363037109375e+01
7.682505798339843750e+01
7.737967681884765625e+01
7.793429565429687500e+01
7.848891448974609375e+01
7.678379058837890625e+01
7.759120941162109375e+01
8.226900482177734375e+01
8.295289611816406250e+01
8.363678741455078125e+01
8.514134979248046875e+01
7.822987365722656250e+01
7.843606567382812500e+01
7.864226531982421875e+01
7.358107757568359375e+01
7.409146881103515625e+01
7.460185241699218750e+01
7.562263488769531250e+01
6.995495605468750000e+01
7.016358947753906250e+01
7.037221527099609375e+01
7.058084869384765625e+01
7.078948211669921875e+01
7.120674133300781250e+01
7.300489044189453125e+01
7.324593353271484375e+01
7.344680023193359375e+01
7.372801208496093750e+01
7.396905517578125000e+01
7.652317810058593750e+01
7.724470520019531250e+01
7.796623992919921875e+01
7.261952209472656250e+01
7.307592773437500000e+01
7.353232574462890625e+01
7.398872375488281250e+01
7.954682922363281250e+01
7.975708007812500000e+01
7.996733856201171875e+01
7.658540344238281250e+01
7.719425201416015625e+01
7.780310058593750000e+01
7.902079772949218750e+01
7.360320281982421875e+01
7.421725463867187500e+01
7.483131408691406250e+01
7.605943298339843750e+01
7.758725738525390625e+01
7.832756042480468750e+01
7.882108306884765625e+01
8.005490875244140625e+01
7.085961914062500000e+01
7.106999206542968750e+01
7.824526977539062500e+01
7.845529937744140625e+01
6.414405822753906250e+01
6.437067413330078125e+01
6.459728240966796875e+01
6.505050659179687500e+01
6.550372314453125000e+01
6.969682312011718750e+01
7.025785064697265625e+01
7.081888580322265625e+01
7.194094085693359375e+01
7.897503662109375000e+01
7.981449127197265625e+01
7.545487213134765625e+01
7.584220886230468750e+01
7.080680847167968750e+01
7.128072357177734375e+01
7.175464630126953125e+01
7.222856140136718750e+01
7.270248413085937500e+01
8.045927429199218750e+01
8.096976470947265625e+01
8.148026275634765625e+01
8.250124359130859375e+01
8.309960174560546875e+01
8.376365661621093750e+01
8.442770385742187500e+01
7.310285186767578125e+01
7.350217437744140625e+01
7.400132751464843750e+01
7.450048065185546875e+01
7.549878692626953125e+01
7.441035461425781250e+01
7.508382415771484375e+01
7.661397552490234375e+01
7.701605224609375000e+01
7.741813659667968750e+01
7.782021331787109375e+01
7.822229003906250000e+01
7.810433197021484375e+01
7.871084594726562500e+01
7.931735992431640625e+01
7.812738037109375000e+01
7.886750793457031250e+01
7.370507812500000000e+01
7.431443786621093750e+01
7.492380523681640625e+01
7.614253234863281250e+01
7.372488403320312500e+01
7.433189392089843750e+01
7.506031036376953125e+01
7.627433776855468750e+01
7.173462677001953125e+01
7.228298950195312500e+01
7.310552978515625000e+01
7.816749572753906250e+01
7.884973907470703125e+01
7.953197479248046875e+01
8.089645385742187500e+01
7.510630798339843750e+01
7.527867889404296875e+01
7.562342071533203125e+01
7.596816253662109375e+01
8.392430877685546875e+01
8.409126281738281250e+01
8.438343048095703125e+01
8.492603302001953125e+01
7.748340606689453125e+01
7.808615875244140625e+01
7.868891906738281250e+01
7.989443969726562500e+01
7.992424774169921875e+01
8.043845367431640625e+01
8.120974731445312500e+01
8.236669921875000000e+01
7.901538085937500000e+01
8.006870269775390625e+01
8.082107543945312500e+01
8.514649963378906250e+01
8.597454833984375000e+01
8.680260467529296875e+01
7.160484313964843750e+01
7.176612854003906250e+01
7.200805664062500000e+01
7.241127014160156250e+01
7.323227691650390625e+01
7.393654632568359375e+01
7.478168487548828125e+01
7.604936981201171875e+01
6.843609619140625000e+01
6.930567169189453125e+01
7.439965820312500000e+01
7.480443572998046875e+01
7.402738952636718750e+01
7.525143432617187500e+01
7.586345672607421875e+01
7.647547912597656250e+01
7.769952392578125000e+01
7.578181457519531250e+01
7.598091125488281250e+01
8.182723236083984375e+01
8.258211517333984375e+01
8.333699035644531250e+01
8.484675598144531250e+01
7.317008209228515625e+01
7.360709381103515625e+01
7.491813659667968750e+01
7.561913299560546875e+01
7.619541931152343750e+01
7.677171325683593750e+01
7.803955078125000000e+01
7.925495147705078125e+01
7.946823883056640625e+01
8.056538391113281250e+01
8.125846099853515625e+01
8.209014892578125000e+01
8.333768463134765625e+01
7.431694030761718750e+01
7.563825225830078125e+01
7.671932983398437500e+01
6.431996154785156250e+01
6.456884765625000000e+01
6.481773376464843750e+01
6.511640167236328125e+01
6.591284179687500000e+01
7.657226562500000000e+01
7.673779296875000000e+01
7.698609161376953125e+01
7.405735778808593750e+01
7.467885589599609375e+01
7.992373657226562500e+01
8.049182891845703125e+01
8.105992889404296875e+01
8.162802124023437500e+01
8.219612121582031250e+01
8.333231353759765625e+01
8.256636047363281250e+01
8.334925079345703125e+01
8.413214111328125000e+01
8.569792938232421875e+01
7.204928588867187500e+01
7.223140716552734375e+01
7.241352844238281250e+01
7.277777099609375000e+01
7.742010498046875000e+01
7.801832580566406250e+01
7.861654663085937500e+01
7.966116333007812500e+01
8.035862731933593750e+01
8.119558715820312500e+01
7.450880432128906250e+01
7.556851196289062500e+01
7.609835815429687500e+01
7.662821197509765625e+01
7.768791198730468750e+01
7.802894592285156250e+01
7.857196807861328125e+01
7.911499023437500000e+01
7.482871246337890625e+01
7.502671813964843750e+01
7.745603942871093750e+01
7.817408752441406250e+01
7.889213562011718750e+01
7.961018371582031250e+01
7.387852478027343750e+01
7.444113922119140625e+01
7.500375366210937500e+01
7.556636810302734375e+01
7.612898254394531250e+01
7.736673736572265625e+01
7.792340087890625000e+01
7.861319732666015625e+01
7.930298614501953125e+01
7.689573669433593750e+01
7.708327484130859375e+01
7.706184387207031250e+01
7.726493835449218750e+01
7.750865173339843750e+01
7.787422943115234375e+01
7.300922393798828125e+01
7.373504638671875000e+01
7.446086120605468750e+01
8.660133361816406250e+01
8.729356384277343750e+01
8.798579406738281250e+01
7.490502929687500000e+01
7.510816192626953125e+01
7.534664916992187500e+01
7.614195251464843750e+01
7.693725585937500000e+01
7.931164550781250000e+01
8.002980041503906250e+01
8.074794769287109375e+01
8.303873443603515625e+01
8.370755004882812500e+01
8.437636566162109375e+01
8.584775543212890625e+01
7.136764526367187500e+01
7.201444244384765625e+01
7.266123962402343750e+01
7.395482635498046875e+01
7.829376983642578125e+01
7.849588012695312500e+01
7.869798278808593750e+01
7.808468627929687500e+01
7.858161926269531250e+01
7.907855224609375000e+01
6.580360412597656250e+01
6.638521575927734375e+01
6.708315277099609375e+01
6.813005828857421875e+01
6.929328155517578125e+01
7.508722686767578125e+01
7.528457641601562500e+01
7.548192596435546875e+01
7.587663269042968750e+01
7.541624450683593750e+01
7.628719329833984375e+01
7.630196380615234375e+01
7.699541473388671875e+01
7.768886566162109375e+01
7.299880218505859375e+01
7.375746917724609375e+01
7.213688659667968750e+01
7.282950592041015625e+01
7.366064453125000000e+01
7.504588317871093750e+01
8.636923980712890625e+01
8.701909637451171875e+01
8.310482788085937500e+01
8.382002258300781250e+01
8.467826843261718750e+01
8.596561431884765625e+01
7.312517547607421875e+01
7.375849151611328125e+01
7.439179992675781250e+01
7.226753997802734375e+01
7.274516296386718750e+01
7.322277832031250000e+01
7.370039367675781250e+01
7.967308044433593750e+01
8.027600097656250000e+01
8.087892150878906250e+01
8.208476257324218750e+01
8.011692047119140625e+01
8.078852844238281250e+01
8.123626708984375000e+01
8.235561370849609375e+01
7.467369079589843750e+01
7.528445434570312500e+01
7.589521789550781250e+01
7.711674499511718750e+01
7.757149505615234375e+01
7.833614349365234375e+01
7.697827911376953125e+01
7.763364410400390625e+01
7.828900909423828125e+01
7.959973907470703125e+01
7.694975280761718750e+01
7.752940368652343750e+01
7.810905456542968750e+01
7.926836395263671875e+01
7.961859130859375000e+01
7.982808685302734375e+01
7.621891784667968750e+01
7.690704345703125000e+01
7.759517669677734375e+01
7.897143554687500000e+01
7.511309051513671875e+01
7.570648193359375000e+01
7.644822692871093750e+01
6.118912887573242188e+01
6.182749938964843750e+01
6.246586608886718750e+01
7.265163421630859375e+01
7.305872344970703125e+01
7.326226806640625000e+01
7.346581268310546875e+01
7.390150451660156250e+01
7.480967712402343750e+01
8.706841278076171875e+01
8.790505981445312500e+01
8.846281433105468750e+01
8.985721588134765625e+01
7.508419036865234375e+01
7.564096069335937500e+01
7.619773101806640625e+01
7.731127166748046875e+01
8.282369232177734375e+01
8.344959259033203125e+01
8.407549285888671875e+01
8.532728576660156250e+01
7.617145538330078125e+01
7.661563110351562500e+01
7.705980682373046875e+01
7.712397003173828125e+01
7.775826263427734375e+01
7.839256286621093750e+01
7.966115570068359375e+01
7.748488616943359375e+01
7.815654754638671875e+01
7.882820892333984375e+01
7.963420104980468750e+01
8.030586242675781250e+01
8.164918518066406250e+01
7.754988098144531250e+01
7.795513916015625000e+01
7.836039733886718750e+01
7.917092132568359375e+01
7.979920959472656250e+01
8.040308380126953125e+01
8.100695800781250000e+01
7.929632568359375000e+01
7.996782684326171875e+01
8.198233795166015625e+01
7.959095764160156250e+01
7.980210876464843750e+01
8.001326751708984375e+01
8.423097229003906250e+01
8.496347045898437500e+01
7.736817932128906250e+01
7.819804382324218750e+01
7.902790832519531250e+01
8.390701293945312500e+01
8.483525848388671875e+01
8.638233947753906250e+01
6.677957153320312500e+01
6.742337799072265625e+01
6.806717681884765625e+01
6.871097564697265625e+01
6.935477447509765625e+01
7.744027709960937500e+01
7.796838378906250000e+01
7.849648284912109375e+01
7.955269622802734375e+01
8.066323852539062500e+01
8.133674621582031250e+01
8.335727691650390625e+01
