0.439523 0.357511
0.460089 0.368757
0.480105 0.380079
0.499552 0.391384
0.554363 0.424371
0.511063 0.599320
0.524108 0.601395
0.536882 0.603317
0.549441 0.605114
0.559310 0.606459
0.585633 0.609778
0.797709 0.303543
0.808792 0.320298
0.841219 0.365535
0.254911 0.328353
0.263607 0.331678
0.272335 0.335085
0.288110 0.341424
0.307470 0.349490
0.774136 -0.103792
0.804548 -0.076169
0.832576 -0.047637
0.902547 0.038558
0.526076 0.471636
0.548546 0.481983
0.570201 0.491796
0.591039 0.501030
0.611212 0.509751
0.653164 0.526864
0.561557 0.769343
0.569955 0.768061
0.578096 0.766777
0.673354 0.196298
0.691629 0.219451
0.293019 -0.054403
0.326784 -0.056414
0.349601 -0.056401
0.406298 -0.051479
0.512167 0.468265
0.533112 0.477837
0.553362 0.486977
0.591885 0.503910
0.730155 0.684969
0.737446 0.683899
0.742477 0.683165
0.910660 0.214147
0.913924 0.219845
0.097724 0.198318
0.115176 0.196641
0.133018 0.195358
0.169872 0.194233
0.212060 0.195624
0.247567 0.199154
0.479024 0.767155
0.502722 0.765443
0.525499 0.763263
0.600439 0.752934
0.575175 0.523037
0.597400 0.530914
0.893105 0.318050
0.906573 0.337570
0.919422 0.354529
0.933022 0.371092
0.748287 0.496538
0.767028 0.506489
0.785329 0.515296
0.211239 -0.180543
0.240039 -0.187125
0.268760 -0.192226
0.326196 -0.197957
0.775226 0.555331
0.815042 0.564812
0.310345 0.246682
0.332304 0.253851
0.354093 0.261838
0.412823 0.287845
0.105369 0.381348
0.129095 0.393094
0.153698 0.405740
0.179135 0.419042
0.205452 0.432783
0.657383 0.360935
0.679706 0.383217
0.077849 0.584823
0.095797 0.598315
0.114543 0.611479
0.154564 0.636564
0.197515 0.658936
0.242536 0.677633
0.431225 0.627255
0.446895 0.629661
0.462341 0.631779
0.492326 0.635258
0.634444 0.759431
0.647505 0.756737
0.659909 0.754071
0.683957 0.748697
0.393640 0.840491
0.429132 0.839866
0.462679 0.837846
0.531165 0.829729
0.716143 0.013140
0.731858 0.029513
0.746602 0.046085
0.773436 0.079518
0.985026 0.123221
0.996816 0.142111
1.007620 0.159408
1.028171 0.191510
0.739473 0.180198
0.751062 0.197398
0.761980 0.214170
0.782337 0.246580
0.394485 0.380063
0.415234 0.390151
0.435629 0.400275
0.455607 0.410362
0.475160 0.420375
0.512694 0.439803
0.459160 0.566481
0.517546 0.579615
0.437586 0.791910
0.463684 0.790766
0.478235 0.789777
0.492259 0.788605
0.509668 0.786859
0.545660 0.782305
0.150211 0.157626
0.159711 0.156522
0.169336 0.155553
0.179063 0.154726
0.188867 0.154048
0.208768 0.153180
0.229003 0.153014
0.367493 0.412277
0.387092 0.421216
0.400000 0.427078
0.435019 0.442994
0.462806 0.455510
0.520187 0.724320
0.550004 0.722217
0.578300 0.719584
0.631019 0.713340
0.344523 0.411792
0.369407 0.423024
0.394054 0.434093
0.418355 0.444922
0.388610 0.314693
0.424209 0.332461
0.447257 0.344866
0.555146 -0.207142
0.578343 -0.198573
0.601053 -0.189153
0.644450 -0.168135
0.472477 0.851890
0.528979 0.844737
0.663521 0.708535
0.684088 0.705407
0.703640 0.702265
0.740992 0.695876
0.393886 0.420663
0.469792 0.455336
0.516926 0.476524
0.386912 0.494371
0.460823 0.520809
0.478406 0.526547
0.536967 0.544382
0.197325 -0.056717
0.220244 -0.062919
0.279290 -0.074144
0.370641 -0.077522
0.422046 -0.205528
0.455747 -0.200456
0.488749 -0.193500
0.520984 -0.184753
0.337231 0.297829
0.359526 0.307157
0.374269 0.313718
0.214630 -0.005605
0.243721 -0.011549
0.462265 0.400253
0.487641 0.413782
0.512134 0.427056
0.240375 0.251585
0.253030 0.254586
0.258452 0.255950
0.269387 0.258857
0.584861 0.456051
0.606791 0.468439
0.627875 0.480069
0.667799 0.500925
0.196153 0.809523
0.235273 0.820623
0.274307 0.829002
0.555220 0.508715
0.583995 0.519745
0.599799 0.525604
0.633857 0.537664
0.669477 0.549259
0.782487 0.083761
0.792499 0.097730
0.803810 0.114375
0.810951 0.125286
0.827510 0.151847
0.549879 -0.058271
0.576125 -0.045017
0.607357 -0.026459
0.313237 0.228955
0.343825 0.238557
0.374089 0.249911
0.432823 0.277386
0.048819 0.239656
0.066366 0.238955
0.084434 0.238687
0.129755 0.240078
0.161441 0.242882
0.202509 0.248833
0.107829 0.297600
0.126366 0.301991
0.145338 0.307016
0.184517 0.318964
0.225183 0.333331
0.267038 0.349818
0.324836 0.503707
0.354190 0.515303
0.383291 0.525869
0.440189 0.544063
0.557262 0.840282
0.584096 0.834994
0.609620 0.829372
0.661104 0.816355
0.411153 0.332325
0.419264 0.336469
0.427327 0.340674
0.671908 0.039939
0.692971 0.060866
0.712282 0.082164
0.373458 0.405729
0.397750 0.416929
0.421653 0.428000
0.468001 0.449473
0.478366 0.234879
0.503910 0.251392
0.528057 0.268676
0.572718 0.304720
0.456282 0.395151
0.463896 0.399165
0.471464 0.403195
0.478990 0.407241
0.486373 0.411210
0.648491 0.603891
0.664509 0.605772
0.683339 0.607790
0.710449 0.610284
0.846641 0.142587
0.861830 0.168463
0.875823 0.193039
0.900973 0.237723
0.676316 -0.056769
0.694218 -0.042591
0.730982 -0.009425
0.316258 0.276653
0.324679 0.279706
0.333039 0.282835
0.341402 0.286085
0.348117 0.288784
0.366395 0.296467
0.627652 0.779157
0.647054 0.774814
0.443187 0.448700
0.465864 0.458840
0.487925 0.468607
0.530120 0.486996
0.598021 0.567576
0.621859 0.573020
0.644688 0.577887
0.688062 0.586139
0.539769 -0.230270
0.567000 -0.221185
0.593564 -0.211025
0.644521 -0.187659
0.642953 0.688009
0.663070 0.686051
0.682465 0.684000
0.719229 0.679693
0.505833 -0.171305
0.517163 -0.167977
0.528513 -0.164393
0.550825 -0.156542
0.366926 0.261078
0.395255 0.273359
0.422929 0.286869
0.449788 0.301407
0.723659 0.712142
0.736065 0.709637
0.748272 0.707124
0.772246 0.702078
0.524633 0.721876
0.544966 0.720501
0.564498 0.718878
0.601726 0.715071
0.241767 0.234240
0.261802 0.238458
0.281981 0.243406
0.322579 0.255541
0.362918 0.270543
0.402508 0.288176
0.581693 0.477622
0.606577 0.489939
0.053316 -0.128822
0.113381 -0.157230
0.175729 -0.180134
0.238841 -0.196390
0.519034 0.816674
0.545530 0.812717
0.571297 0.808209
0.654527 0.540007
0.673234 0.546201
0.691393 0.551862
0.726276 0.561669
0.133259 0.309761
0.149980 0.314624
0.167022 0.319976
0.202014 0.332076
0.238077 0.345894
0.392042 0.713508
0.400809 0.714302
0.406469 0.714756
0.469666 0.484552
0.495279 0.494697
0.520052 0.504285
0.536045 0.510335
0.555471 0.517533
0.444204 0.432268
0.467794 0.443401
0.490720 0.454208
0.512848 0.464577
0.534334 0.474597
0.451320 1.003585
0.495620 1.000217
0.537461 0.995511
0.621871 0.981760
0.517877 0.559085
0.541212 0.564794
0.563711 0.570007
0.585426 0.574774
0.555933 0.360629
0.582639 0.380829
0.593476 0.756283
0.613296 0.752905
0.632187 0.749460
0.668022 0.742335
0.158220 0.166955
0.167850 0.166189
0.179549 0.165461
0.197315 0.164786
0.217377 0.164673
0.324074 0.308008
0.346536 0.317295
0.368853 0.327157
0.390928 0.337509
0.412654 0.348247
0.467110 0.377320
0.444114 0.319324
0.473035 0.336052
0.500725 0.353209
0.335656 0.179298
0.361560 0.186517
0.387146 0.195202
0.436803 0.216740
0.263896 0.357031
0.270764 0.359920
0.277642 0.362845
0.291469 0.368802
0.305339 0.374877
0.404238 0.462607
0.438386 0.476712
0.471506 0.489930
0.445911 0.334156
0.454339 0.338896
0.462632 0.343636
0.470848 0.348432
0.689601 0.727258
0.741657 0.716256
0.768063 0.710331
0.605498 0.445196
0.624182 0.456912
0.642259 0.467988
0.785968 0.917681
0.797428 0.913830
0.808944 0.909824
0.829191 0.902591
0.565773 0.467032
0.583978 0.476335
0.601670 0.485249
0.635398 0.501638
0.402734 0.484908
0.437057 0.498038
0.522951 0.791111
0.549798 0.787367
0.574977 0.783283
0.622443 0.774211
-0.120267 0.304036
-0.106353 0.304039
-0.091826 0.304363
-0.076865 0.305004
-0.054859 0.306634
-0.018137 0.311184
0.860049 0.110919
0.872820 0.131825
0.884630 0.151911
0.907657 0.192396
0.577951 -0.174059
0.587556 -0.170018
0.599036 -0.164922
0.616073 -0.156828
0.446060 0.327161
0.472858 0.342629
0.498587 0.358392
0.342784 0.972446
0.361895 0.973174
0.741974 0.716598
0.762229 0.712060
0.781568 0.707595
0.819200 0.698677
0.488229 0.356787
0.512931 0.372230
0.536629 0.387589
0.409442 0.340747
0.428887 0.350754
0.447951 0.360969
0.466605 0.371331
0.484742 0.381686
0.519633 0.402301
0.566724 0.815066
0.620293 0.803931
0.016887 -0.057837
0.030035 -0.065797
0.043133 -0.073448
0.070452 -0.088412
0.099544 -0.102862
0.207618 0.266794
0.220465 0.269804
0.239952 0.274842
0.276182 0.285703
0.673880 0.309086
0.703937 0.344711
0.731846 0.377014
0.573512 0.427405
0.592886 0.439656
0.611522 0.451312
0.403727 0.370785
0.481837 0.411075
0.422575 -0.239451
0.466435 -0.232692
0.590898 -0.195410
0.754239 0.881536
0.779652 0.872625
0.803252 0.863910
0.174658 0.422314
0.197914 0.434650
0.221778 0.447099
0.251233 0.461961
0.271304 0.471669
0.322358 0.494556
0.677868 0.894538
0.697679 0.888767
0.716453 0.882980
0.292571 0.401712
0.301808 0.405902
0.307969 0.408696
0.323434 0.415712
0.492018 0.455534
0.518730 0.468030
0.544310 0.479847
0.597064 0.503510
0.268237 0.687468
0.296377 0.695416
0.324425 0.701845
0.204471 0.880417
0.219047 0.883942
0.233314 0.887089
0.490750 0.404699
0.516211 0.418991
0.540604 0.432855
0.586422 0.458911
0.441805 0.434982
0.462116 0.444457
0.481925 0.453669
0.523708 0.472974
0.548695 0.524684
0.573584 0.533067
0.597555 0.540839
0.614482 0.714512
0.621826 0.713603
0.629141 0.712657
0.566076 0.724998
0.573189 0.724262
0.657102 0.431848
0.672433 0.443399
0.687279 0.454207
0.718811 0.475668
0.453150 0.459938
0.482122 0.472503
0.509942 0.484346
0.562287 0.505956
0.674205 0.711228
0.694217 0.707934
0.713671 0.704571
0.750720 0.697813
0.685899 0.592835
0.700975 0.595017
0.710802 0.596336
0.737175 0.599512
0.163113 -0.075525
0.177626 -0.080599
0.202301 -0.088295
0.227405 -0.094924
0.489304 0.440309
0.515600 0.453325
0.540892 0.465817
0.588372 0.488799
0.530590 0.456490
0.557396 0.469919
0.587987 0.484978
0.773416 0.248422
0.786298 0.269003
0.798711 0.288750
0.826735 0.331459
0.677511 0.713079
0.694789 0.710143
0.711744 0.707138
0.744201 0.701119
0.420798 0.255619
0.447282 0.269527
0.472844 0.284456
0.289040 0.940730
0.331212 0.944499
0.371647 0.946121
0.448867 0.944109
0.298903 0.441462
0.316838 0.449583
0.334822 0.457540
0.352816 0.465292
0.370725 0.472801
0.406167 0.487033
0.541566 0.204672
0.571508 0.229282
0.530275 0.422036
0.542133 0.428931
0.553717 0.435671
0.565067 0.442276
0.402157 0.856677
0.432509 0.855780
0.461589 0.853857
0.489441 0.851099
0.551854 0.412301
0.577295 0.428488
0.664405 0.603710
0.683638 0.605892
0.702278 0.607774
0.741331 0.610910
0.721257 0.201540
0.726046 0.208324
0.730749 0.215126
0.175501 0.874378
0.212133 0.884243
0.249140 0.892100
0.322125 0.901803
0.242874 0.383779
0.251186 0.387509
0.259552 0.391298
0.267983 0.395141
0.276408 0.398957
0.293407 0.406716
0.412407 0.339037
0.421950 0.343942
0.429783 0.348030
0.440690 0.353852
0.449925 0.358884
0.433541 0.677173
0.463911 0.679350
0.493018 0.680537
0.376573 0.376964
0.394895 0.385635
0.413020 0.394390
0.430881 0.403156
0.534666 0.818194
0.543605 0.816790
0.552391 0.815314
0.386733 0.891113
0.424087 0.890334
0.459887 0.888029
0.525477 0.880118
0.415042 0.397466
0.438965 0.409210
0.462318 0.420845
0.507062 0.443431
0.546971 0.496471
0.571157 0.506437
0.586809 0.512752
0.624072 0.527159
0.288228 0.380960
0.296806 0.384767
0.748544 0.157252
0.753476 0.164458
0.116356 0.078624
0.125467 0.075528
0.134699 0.072528
0.153680 0.066794
0.173109 0.061556
0.238416 0.366983
0.260836 0.376742
0.283525 0.386803
0.329379 0.407445
0.523179 0.880281
0.564209 0.873158
0.776392 -0.122655
0.794138 -0.107573
0.348906 0.238322
0.368981 0.245809
0.388810 0.254020
0.408341 0.262922
0.427538 0.272466
0.605220 0.611585
0.621221 0.613271
0.636793 0.614780
0.666692 0.617307
0.921544 0.204051
0.931099 0.220726
0.940569 0.237136
0.629094 -0.134419
0.648920 -0.123113
0.672760 -0.108087
0.695426 -0.092230
0.737318 -0.058376
0.424311 0.462700
0.450598 0.473710
0.390326 0.913364
0.417263 0.912816
0.443110 0.911507
0.468360 0.909503
0.492511 0.906942
0.515918 0.627339
0.538075 0.629475
0.559499 0.631238
0.474446 0.785617
0.506517 0.782858
0.434897 0.364215
0.458181 0.376727
0.480766 0.389282
0.523834 0.414097
0.448434 0.336475
0.471356 0.349631
0.497880 0.365676
0.539545 0.392250
0.576582 -0.241067
0.609822 -0.228104
0.657451 -0.205901
0.585451 0.459940
0.605899 0.471272
0.625610 0.481948
0.663066 0.501251
0.297501 0.860801
0.308352 0.862127
0.329855 0.864266
0.350807 0.865721
0.752776 0.849741
0.758221 0.847824
0.767181 0.844620
0.783781 0.838532
0.578599 0.416375
0.596702 0.428518
0.614127 0.440113
0.647421 0.461757
0.609812 0.551283
0.625282 0.555656
0.647700 0.561686
0.679917 0.569674
0.551161 0.623811
0.586964 0.626868
0.611233 0.628548
0.839842 0.403080
0.854309 0.417980
0.868310 0.430943
0.534666 -0.124251
0.543184 -0.121018
0.555773 -0.115926
0.576299 -0.106787
0.656210 -0.181385
0.692986 -0.160015
0.734566 -0.131711
0.791079 -0.084950
-0.090589 0.697326
-0.056770 0.728370
0.477246 0.343708
0.492013 0.352758
0.290668 0.724655
0.351857 0.735809
0.381419 0.739009
0.410228 0.740906
0.464898 0.741539
0.553244 0.317638
0.559671 0.322767
0.725614 0.432171
0.742091 0.445944
0.758128 0.458472
0.789584 0.480386
0.403692 0.376221
0.420941 0.384754
0.470967 0.410416
0.504899 0.405279
0.524871 0.416838
0.544130 0.428092
0.584297 0.451619
0.521997 0.789236
0.530953 0.788077
0.619607 0.581083
0.640307 0.584999
0.664299 0.589200
0.698596 0.594495
0.462021 0.368534
0.509858 0.396253
0.546383 0.418362
0.129775 0.035211
0.140384 0.031327
0.151163 0.027580
0.164306 0.023285
0.200308 0.013133
0.474269 0.573437
0.480638 0.574879
0.490100 0.576962
0.447481 0.373567
0.470829 0.386303
0.626032 0.512008
0.642201 0.518807
0.657936 0.525187
0.673271 0.531150
0.688244 0.536710
0.717177 0.546635
0.711145 0.509552
0.729945 0.518326
0.748304 0.526228
0.783825 0.539549
0.355077 0.362519
0.362490 0.365915
0.369883 0.369338
0.384594 0.376252
0.460888 0.712593
0.485734 0.712649
0.509676 0.712126
0.540760 0.825302
0.569346 0.820251
0.602205 0.813527
0.449887 0.415381
0.489255 0.435105
0.508187 0.444671
0.526558 0.453953
0.561705 0.471598
0.495205 0.930312
0.529758 0.925682
0.562647 0.920202
0.243910 0.988782
0.267825 0.992143
0.480838 0.654740
0.508807 0.656570
0.535613 0.657745
0.561278 0.658399
0.418506 0.419202
0.440427 0.429543
0.461840 0.439665
0.482762 0.449565
0.503104 0.459172
0.545681 0.479058
0.774458 0.093324
0.791530 0.117715
0.806976 0.141386
0.406161 0.854662
0.416611 0.854430
0.500477 0.558474
0.507940 0.560353
0.516798 0.562534
0.529832 0.565653
0.634089 -0.161542
0.671094 -0.140549
0.705834 -0.117541
0.767674 0.762759
0.784430 0.757373
0.800266 0.752165
0.468250 0.415137
0.475801 0.419044
0.377637 0.681058
0.413368 0.685528
0.447855 0.688267
0.559740 0.905162
0.597287 0.897572
0.632149 0.889384
0.686844 0.831860
0.709051 0.825040
0.729584 0.818423
0.771932 0.803921
0.524421 -0.136299
0.558835 -0.123259
0.591823 -0.108101
0.652927 -0.072186
0.559444 0.531614
0.566099 0.533793
0.572665 0.535911
0.565892 0.497309
0.581701 0.504038
0.597089 0.510459
0.138137 0.213996
0.160610 0.214400
0.188262 0.215983
0.231042 0.220910
0.279845 0.230370
0.465280 0.440556
0.472622 0.444028
0.479921 0.447491
0.494292 0.454295
0.429702 0.558627
0.464450 0.567594
0.799149 -0.072114
0.826069 -0.044720
0.850877 -0.016736
0.634824 -0.165160
0.673716 -0.143129
0.313606 0.462942
0.342390 0.475415
0.376847 0.489478
0.433038 0.510423
0.873953 0.402280
0.884791 0.413287
0.724282 0.515327
0.741136 0.522806
0.760968 0.530899
0.789933 0.541296
0.350696 0.489444
0.376998 0.499816
0.403056 0.509494
0.061078 0.856190
0.095528 0.871420
0.131646 0.885155
0.168545 0.896964
0.554969 0.868761
0.581967 0.863425
0.608292 0.857535
0.655764 0.845394
0.751093 0.279297
0.764148 0.298604
0.772559 0.310963
0.793009 0.340229
0.434430 0.467587
0.458046 0.477372
0.481028 0.486693
0.524996 0.504000
0.544521 0.500775
0.569638 0.510790
0.429611 0.754525
0.458971 0.754275
0.487090 0.753108
0.539784 0.748781
0.780908 0.007905
0.798853 0.029256
0.815478 0.050688
0.844606 0.092317
0.564372 0.649250
0.571539 0.649480
0.533158 0.400926
0.555651 0.415098
0.577282 0.428859
0.617958 0.454491
0.427022 0.532008
0.450702 0.539317
0.479344 0.547583
-0.200241 -0.079648
-0.165791 -0.106819
-0.123033 -0.137467
0.396523 0.336077
0.412736 0.344136
0.420793 0.348268
0.428733 0.352390
0.460987 0.327619
0.494474 0.347958
0.774158 0.744036
0.794056 0.738073
0.806657 0.734206
0.840266 0.723979
0.486609 0.392670
0.506437 0.404026
0.525691 0.415252
0.562235 0.436805
0.819215 0.893235
0.844229 0.883752
0.867178 0.874630
0.907160 0.857695
0.484884 0.505708
0.501205 0.511601
0.517152 0.517235
0.811284 -0.018034
0.832034 0.006366
0.851029 0.030656
0.883790 0.077351
0.654957 0.263678
0.672028 0.283998
0.688136 0.303735
0.706399 0.326397
0.721000 0.344414
0.748641 0.377465
0.472775 0.945976
0.501465 0.942963
0.529059 0.939315
0.581196 0.930445
0.593709 0.907133
0.624762 0.900066
0.653684 0.892727
0.705622 0.304665
0.720220 0.323563
0.761015 0.374528
0.662614 0.407762
0.667861 0.412248
0.673097 0.416734
0.815861 0.864365
0.838893 0.855241
0.799500 0.015875
0.823777 0.046747
0.845310 0.077068
0.719228 0.581440
0.742569 0.585444
0.779862 0.590662
0.256839 -0.088226
0.290989 -0.093217
0.325410 -0.095879
0.360403 -0.096126
0.395103 -0.093853
0.790750 0.033456
0.805878 0.052828
0.819896 0.072040
0.844838 0.109335
0.647383 0.902716
0.678669 0.894252
0.760677 0.868233
