-0.103559 0.057350
-0.098931 0.053629
-0.094638 0.050154
-0.090366 0.046715
-0.085335 0.042771
-0.081078 0.039374
-0.076286 0.035634
-0.071130 0.031679
-0.066732 0.028252
-0.061423 0.024244
-0.056131 0.020282
-0.051514 0.016798
-0.045470 0.012412
-0.040248 0.008598
-0.034921 0.004759
-0.028705 0.000402
-0.023440 -0.003319
-0.017419 -0.007462
-0.011164 -0.011687
-0.005510 -0.015502
0.001099 -0.019831
0.007475 -0.023959
0.013400 -0.027757
0.020526 -0.032189
0.026963 -0.036153
0.033570 -0.040144
0.041036 -0.044514
0.047493 -0.048280
0.054774 -0.052388
0.062208 -0.056488
0.069108 -0.060226
0.076788 -0.064268
0.084332 -0.068135
0.091576 -0.071768
0.099738 -0.075715
0.107268 -0.079281
0.115032 -0.082831
0.123427 -0.086530
0.131004 -0.089801
0.139248 -0.093197
0.147584 -0.096509
0.155475 -0.099537
0.164013 -0.102684
0.172350 -0.105608
0.180550 -0.108366
0.189279 -0.111157
0.197626 -0.113712
0.206156 -0.116159
0.214951 -0.118540
0.223383 -0.120699
0.232121 -0.122798
0.240866 -0.124727
0.249412 -0.126481
0.258303 -0.128163
0.267096 -0.129686
0.275832 -0.131025
0.284721 -0.132250
0.293517 -0.133317
0.302413 -0.134251
0.311386 -0.135010
0.320135 -0.135619
0.329133 -0.136089
0.338081 -0.136409
0.346824 -0.136545
0.355928 -0.136549
0.364878 -0.136391
0.373754 -0.136087
0.382791 -0.135595
0.391597 -0.134977
0.400494 -0.134192
0.409493 -0.133245
0.418243 -0.132149
0.427161 -0.130886
0.436055 -0.129460
0.444728 -0.127918
0.453621 -0.126164
0.462357 -0.124286
0.470974 -0.122269
0.479727 -0.120057
0.488195 -0.117764
0.496691 -0.115299
0.505177 -0.112671
0.513479 -0.109943
0.521864 -0.107029
0.530130 -0.103989
0.538334 -0.100803
0.546384 -0.097524
0.554394 -0.094098
0.562391 -0.090508
0.570144 -0.086863
0.578057 -0.082993
0.585670 -0.079090
0.593188 -0.075075
0.600711 -0.070895
0.608100 -0.066635
0.615354 -0.062276
0.622649 -0.057724
0.629622 -0.053220
0.636662 -0.048509
0.643566 -0.043714
0.650119 -0.039004
0.656905 -0.033975
0.663399 -0.028995
0.669701 -0.024001
0.676056 -0.018805
0.682130 -0.013693
0.688236 -0.008385
0.694147 -0.003093
0.699983 0.002282
0.705681 0.007680
0.711322 0.013190
0.716873 0.018756
0.722212 0.024257
0.727541 0.029895
0.732636 0.035420
0.737651 0.041023
0.742610 0.046678
0.747394 0.052259
0.752120 0.057938
0.756789 0.063670
0.761231 0.069213
0.765692 0.074950
0.770047 0.080662
0.774184 0.086171
0.778412 0.091958
0.782423 0.097538
0.786398 0.103181
0.790261 0.108755
0.794042 0.114305
0.797674 0.119697
0.801281 0.125207
0.804909 0.130795
0.808286 0.136031
0.811630 0.141362
0.815111 0.146968
0.818210 0.151945
0.821507 0.157403
0.824692 0.162699
0.827701 0.167705
0.830822 0.173026
0.833737 0.177992
0.836558 0.182832
0.839574 0.188065
0.842288 0.192764
0.845113 0.197703
0.847905 0.202560
0.850423 0.207019
0.853229 0.211978
0.855814 0.216482
0.858293 0.220911
0.861042 0.225791
0.863494 0.230046
0.866013 0.234551
0.868667 0.239254
0.870934 0.243132
0.873442 0.247585
0.875821 0.251722
0.878279 0.255930
0.880601 0.259976
0.882941 0.263975
0.885272 0.267937
0.887595 0.271858
0.889982 0.275860
0.892301 0.279707
0.894622 0.283463
0.897017 0.287455
0.899224 0.290920
0.901520 0.294658
0.903808 0.298279
0.905993 0.301598
0.908344 0.305313
0.910704 0.308932
0.912741 0.311953
0.915356 0.315917
0.917480 0.318997
0.919571 0.321987
0.922236 0.325817
0.924088 0.328397
0.926505 0.331788
0.928877 0.334986
0.930701 0.337419
0.933382 0.341078
0.935596 0.343886
0.937706 0.346642
0.940513 0.350334
0.942402 0.352516
0.944743 0.355481
0.947399 0.358787
0.948966 0.360395
0.951769 0.363882
0.954044 0.366495
0.955720 0.368239
0.958876 0.371976
0.960703 0.373852
0.962892 0.376183
0.965886 0.379462
0.967317 0.380792
0.969960 0.383588
0.972431 0.386045
0.974044 0.387534
