-0.078647 0.106794
-0.074109 0.103707
-0.069819 0.100753
-0.065546 0.097819
-0.060718 0.094586
-0.056456 0.091666
-0.051807 0.088541
-0.046894 0.085292
-0.042535 0.082342
-0.037514 0.079054
-0.032511 0.075790
-0.028000 0.072805
-0.022457 0.069287
-0.017511 0.066104
-0.012494 0.062907
-0.006839 0.059406
-0.001870 0.056274
0.003642 0.052897
0.009315 0.049473
0.014560 0.046291
0.020485 0.042803
0.026245 0.039438
0.031678 0.036272
0.037976 0.032727
0.043779 0.029463
0.049708 0.026187
0.056250 0.022685
0.062081 0.019548
0.068501 0.016208
0.075040 0.012875
0.081199 0.009768
0.087932 0.006473
0.094572 0.003294
0.101008 0.000263
0.108118 -0.002962
0.114786 -0.005945
0.121633 -0.008909
0.128956 -0.011964
0.135704 -0.014746
0.142948 -0.017596
0.150280 -0.020388
0.157303 -0.022986
0.164830 -0.025662
0.172218 -0.028175
0.179526 -0.030570
0.187253 -0.032981
0.194719 -0.035226
0.202334 -0.037378
0.210174 -0.039476
0.217763 -0.041412
0.225610 -0.043294
0.233473 -0.045036
0.241207 -0.046643
0.249231 -0.048184
0.257202 -0.049597
0.265137 -0.050852
0.273216 -0.052010
0.281241 -0.053035
0.289366 -0.053943
0.297558 -0.054694
0.305594 -0.055316
0.313844 -0.055812
0.322071 -0.056172
0.330138 -0.056363
0.338514 -0.056433
0.346776 -0.056354
0.354994 -0.056137
0.363342 -0.055743
0.371518 -0.055229
0.379775 -0.054556
0.388124 -0.053727
0.396271 -0.052752
0.404563 -0.051618
0.412839 -0.050324
0.420942 -0.048911
0.429219 -0.047295
0.437374 -0.045553
0.445430 -0.043670
0.453597 -0.041597
0.461530 -0.039435
0.469483 -0.037102
0.477423 -0.034606
0.485208 -0.032003
0.493056 -0.029219
0.500799 -0.026303
0.508484 -0.023239
0.516035 -0.020076
0.523544 -0.016765
0.531031 -0.013291
0.538307 -0.009750
0.545708 -0.005996
0.552842 -0.002196
0.559888 0.001719
0.566925 0.005793
0.573843 0.009954
0.580626 0.014213
0.587431 0.018654
0.593958 0.023067
0.600527 0.027672
0.606961 0.032356
0.613097 0.036983
0.619404 0.041888
0.625462 0.046766
0.631340 0.051657
0.637247 0.056730
0.642911 0.061736
0.648588 0.066919
0.654084 0.072084
0.659508 0.077325
0.664805 0.082587
0.670045 0.087953
0.675188 0.093346
0.680157 0.098703
0.685099 0.104163
0.689840 0.109524
0.694512 0.114963
0.699124 0.120430
0.703585 0.125826
0.707994 0.131318
0.712347 0.136838
0.716509 0.142189
0.720685 0.147713
0.724766 0.153200
0.728668 0.158509
0.732640 0.164052
0.736435 0.169415
0.740197 0.174822
0.743868 0.180164
0.747472 0.185480
0.750955 0.190653
0.754422 0.195939
0.757901 0.201258
0.761181 0.206283
0.764442 0.211405
0.767805 0.216710
0.770870 0.221510
0.774095 0.226697
0.777231 0.231735
0.780229 0.236528
0.783324 0.241578
0.786257 0.246335
0.789118 0.250989
0.792136 0.255920
0.794920 0.260444
0.797794 0.265131
0.800642 0.269725
0.803286 0.274058
0.806157 0.278717
0.808852 0.283011
0.811478 0.287282
0.814316 0.291838
0.816918 0.295907
0.819587 0.300185
0.822363 0.304566
0.824828 0.308319
0.827501 0.312510
0.830069 0.316438
0.832698 0.320376
0.835234 0.324227
0.837782 0.328004
0.840326 0.331739
0.842867 0.335427
0.845463 0.339150
0.848007 0.342748
0.850548 0.346240
0.853167 0.349924
0.855621 0.353176
0.858164 0.356648
0.860697 0.359994
0.863139 0.363090
0.865734 0.366486
0.868330 0.369771
0.870667 0.372635
0.873472 0.376111
0.875882 0.378974
0.878266 0.381759
0.881106 0.385059
0.883308 0.387559
0.885958 0.390552
0.888563 0.393371
0.890745 0.395723
0.893608 0.398831
0.896087 0.401338
0.898501 0.403845
0.901464 0.406916
0.903681 0.408960
0.906279 0.411548
0.909121 0.414312
0.911078 0.415937
0.914045 0.418805
0.916578 0.421069
0.918633 0.422763
0.921868 0.425709
0.924041 0.427454
0.926503 0.429473
0.929592 0.432050
0.931459 0.433432
0.934278 0.435696
0.936947 0.437707
0.938957 0.439149
