1.079880
0.712675
1.286614
0.430354
1.425432
1.332144
0.437816
1.412485
1.089372
1.211073
0.466241
0.443775
0.942251
1.121285
1.412490
1.790684
1.683660
0.940495
1.777874
1.294682
1.377562
1.829021
0.950001
0.757839
0.786630
1.329381
0.932234
1.347036
1.029997
1.045595
1.541351
0.806015
0.474351
0.806317
1.573648
1.219633
1.484188
0.803316
1.178791
1.382153
1.301885
1.155206
1.151454
1.110539
0.898685
1.219831
1.377626
0.438149
1.466017
1.314008
1.272274
0.788470
1.382653
1.433414
1.045320
1.046663
1.390002
1.290628
0.409649
1.231408
1.206906
1.345965
0.406908
1.112432
1.622040
0.876146
0.401902
1.162416
1.190199
1.546306
0.905789
1.319014
0.403488
1.365976
0.939659
1.069131
0.960873
1.367796
1.012440
1.264396
1.366356
0.918740
0.315044
1.153012
1.243865
0.840814
1.319574
1.717971
1.136930
0.478708
1.088451
1.524140
1.178591
0.339944
1.722908
0.439161
1.456686
1.308399
0.450838
1.163320
1.718154
1.319566
1.247808
1.254501
0.354324
1.416259
0.401929
1.550854
1.393209
0.987629
1.404902
0.565678
0.802919
1.298557
1.274241
1.276267
1.386914
1.350791
1.222993
0.870592
0.376677
1.504060
1.153356
0.402539
1.441960
1.065534
1.510465
0.450581
0.393215
1.205354
1.538977
1.384496
0.931632
0.481167
1.481221
1.615502
1.376161
1.202031
1.322379
0.999946
0.869205
1.735828
0.709414
1.109238
1.614838
1.367784
0.412389
1.020777
0.417262
0.401733
1.443066
0.912798
0.420512
1.217697
1.228117
1.233824
0.420745
0.420070
0.453222
1.122060
1.678910
0.387339
0.947838
1.020988
1.328100
0.998306
1.346931
0.804159
1.213029
1.480252
1.218728
1.214028
1.370900
1.364479
0.344742
0.417384
1.205517
1.285500
1.504748
1.656107
0.403215
1.408549
1.739151
0.404779
1.224045
0.398201
1.509759
0.874029
1.152581
0.426569
1.386149
1.201195
0.497774
0.413830
0.887843
1.136193
1.565783
0.364244
1.196445
1.394933
1.059701
1.086042
0.396011
1.436097
1.125231
1.379581
0.375087
0.406195
1.451638
1.384459
0.406263
1.590602
1.436302
1.337632
1.293589
0.404211
0.993866
1.163227
0.394702
1.741902
1.386901
1.517332
1.385239
0.590778
1.430392
1.266622
0.955238
1.205841
1.119347
1.221526
1.529295
1.310728
1.159308
0.418984
1.376261
1.483479
1.276740
0.407090
1.816341
1.394403
1.113538
1.251797
0.888352
1.268593
1.343321
0.810520
1.207746
1.343004
0.422308
1.464998
1.659733
1.547081
1.287600
1.056208
1.347022
