0.121924
0.216725
0.297931
0.134684
0.796578
0.146527
0.287833
0.288432
0.516508
0.124317
0.135780
0.313784
0.185019
0.418162
0.036298
0.440170
0.157916
0.668898
0.179765
0.177477
1.011522
0.163341
0.622011
0.305982
0.287462
0.557302
0.837213
0.638011
0.565286
0.114017
0.111875
0.664092
0.323730
0.236031
0.390814
0.055434
0.057623
0.890749
0.290502
0.226598
0.085901
0.156628
0.540772
0.787770
0.076122
0.258228
0.090108
0.136544
0.212232
0.537383
1.030361
0.914955
0.619136
0.154743
0.154470
0.130114
0.131532
0.471501
0.055419
0.599553
0.081664
0.140810
0.166856
0.074348
0.658262
0.705014
0.187101
0.185816
0.134600
0.290874
0.866582
0.208090
0.847337
0.070839
0.146920
0.309546
0.199144
0.053571
0.518547
0.411053
0.188519
0.115545
0.439724
0.195791
0.432292
0.481009
0.086721
0.105974
0.354370
0.177367
0.285611
0.129159
0.175510
0.179400
0.188945
0.102643
0.205832
0.063623
0.313924
0.243156
0.100869
0.384188
1.244756
0.706350
0.934547
0.050552
0.323176
0.302966
0.044499
0.214699
0.232983
0.503771
0.094950
0.200512
0.064509
0.041722
0.611275
0.413802
0.174913
0.234802
0.132541
0.297185
0.352737
0.584713
0.188560
0.120611
0.113688
0.209137
0.211932
0.075477
0.233111
0.265951
0.084562
0.571855
0.128468
0.402816
0.432802
0.188961
0.068779
0.725679
0.214030
0.183901
0.086713
0.604712
0.060042
0.132554
0.433275
0.779888
0.256027
0.121977
0.266543
0.080990
0.370507
0.545978
0.071861
0.078473
0.041972
0.354647
0.366666
0.200783
0.313735
0.461896
0.141477
0.101509
0.449637
1.141323
0.037824
0.783512
0.158084
0.243272
0.139384
0.091061
0.716743
0.128663
0.720275
0.342393
0.109565
0.099313
0.173019
0.237163
0.851758
0.826327
0.507714
0.184738
0.565616
0.115616
0.215079
0.080364
0.045536
0.275240
0.198515
0.112443
0.479801
0.118535
0.016250
1.267303
0.206577
0.109009
0.286641
0.342863
0.126876
0.404596
0.322043
0.260974
0.702583
0.581753
0.341676
0.136526
0.719720
0.094378
0.144491
0.383614
0.317468
0.260338
0.865860
0.102094
0.039060
0.111783
0.198648
0.125620
0.672352
0.488375
0.127708
0.160571
0.131354
0.054918
0.960813
0.405633
0.376387
0.039573
0.045521
0.556446
0.859202
0.113484
0.117580
0.098926
1.139294
0.197326
0.124180
0.186939
0.119843
0.293028
0.074719
0.848193
0.399360
0.509082
0.470893
0.237820
0.243670
0.042008
0.628169
0.113764
0.651290
0.833103
0.219422
