0.076850
-0.338730
0.252014
-0.843146
0.354475
0.286790
-0.825957
0.345350
0.085601
0.191507
-0.763052
-0.812437
-0.059484
0.114476
0.345354
0.582598
0.520970
-0.061349
0.575418
0.258265
0.320315
0.603781
-0.051292
-0.277284
-0.239998
0.284713
-0.070171
0.297907
0.029556
0.044586
0.432659
-0.215653
-0.745808
-0.215279
0.453396
0.198550
0.394868
-0.219007
0.164489
0.323643
0.263813
0.144279
0.141025
0.104845
-0.106823
0.198712
0.320361
-0.825196
0.382549
0.273082
0.240806
-0.237661
0.324004
0.360059
0.044323
0.045607
0.329305
0.255129
-0.892455
0.208159
0.188060
0.297111
-0.899169
0.106549
0.483684
-0.132223
-0.911546
0.150501
0.174120
0.435869
-0.098949
0.276884
-0.907608
0.311869
-0.062238
0.066847
-0.039913
0.313201
0.012363
0.234594
0.312147
-0.084752
-1.155044
0.142378
0.218223
-0.173385
0.277309
0.541144
0.128332
-0.736665
0.084755
0.421431
0.164320
-1.078974
0.544014
-0.822890
0.376164
0.268804
-0.796646
0.151278
0.541251
0.277303
0.221389
0.226738
-1.037543
0.348019
-0.911480
0.438806
0.331609
-0.012448
0.339967
-0.569730
-0.219502
0.261254
0.242351
0.243940
0.327081
0.300690
0.201301
-0.138581
-0.976366
0.408168
0.142676
-0.909962
0.366004
0.063476
0.412417
-0.797217
-0.933400
0.186773
0.431118
0.325336
-0.070817
-0.731541
0.392867
0.479645
0.319298
0.184012
0.279432
-0.000054
-0.140177
0.551485
-0.343316
0.103673
0.479235
0.313192
-0.885788
0.020565
-0.874040
-0.911968
0.366770
-0.091240
-0.866282
0.196961
0.205482
0.210119
-0.865729
-0.867334
-0.791374
0.115167
0.518145
-0.948455
-0.053572
0.020770
0.283749
-0.001695
0.297829
-0.217958
0.193120
0.392212
0.197807
0.193943
0.315467
0.310773
-1.064958
-0.873749
0.186908
0.251148
0.408625
0.504470
-0.908286
0.342560
0.553397
-0.904414
0.202161
-0.920798
0.411950
-0.134642
0.142004
-0.851980
0.326530
0.183317
-0.697609
-0.882299
-0.118960
0.127683
0.448386
-1.009932
0.179354
0.332847
0.057987
0.082540
-0.926313
0.361929
0.117988
0.321780
-0.980598
-0.900922
0.372692
0.325310
-0.900754
0.464112
0.362072
0.290901
0.257421
-0.905818
-0.006153
0.151198
-0.929624
0.554978
0.327072
0.416953
0.325872
-0.526315
0.357949
0.236353
-0.045795
0.187177
0.112745
0.200101
0.424807
0.270583
0.147823
-0.869923
0.319370
0.394390
0.244310
-0.898720
0.596824
0.332467
0.107542
0.224580
-0.118387
0.237909
0.295145
-0.210080
0.188756
0.294909
-0.862021
0.381854
0.506657
0.436370
0.252780
0.054685
0.297896
