-0.253406 0.453947
-0.251563 0.455535
-0.249564 0.457313
-0.247526 0.459184
-0.245654 0.460823
-0.243524 0.462862
-0.241491 0.464757
-0.239525 0.466600
-0.237283 0.468820
-0.235265 0.470781
-0.233178 0.472820
-0.230859 0.475229
-0.228881 0.477157
-0.226629 0.479518
-0.224340 0.481915
-0.222254 0.484067
-0.219839 0.486693
-0.217586 0.489127
-0.215325 0.491548
-0.212854 0.494336
-0.210574 0.496828
-0.208179 0.499532
-0.205585 0.502508
-0.203273 0.505122
-0.200695 0.508111
-0.198109 0.511153
-0.195683 0.513921
-0.192924 0.517257
-0.190314 0.520330
-0.187689 0.523462
-0.184830 0.526917
-0.182137 0.530174
-0.179321 0.533571
-0.176351 0.537230
-0.173571 0.540573
-0.170535 0.544336
-0.167482 0.548071
-0.164548 0.551628
-0.161291 0.555715
-0.158144 0.559536
-0.154952 0.563438
-0.151527 0.567655
-0.148241 0.571703
-0.144784 0.575882
-0.141192 0.580252
-0.137697 0.584459
-0.133974 0.588992
-0.130209 0.593452
-0.126450 0.597890
-0.122450 0.602623
-0.118466 0.607312
-0.114374 0.612001
-0.110086 0.616913
-0.105836 0.621729
-0.101424 0.626704
-0.096868 0.631698
-0.092259 0.636717
-0.087482 0.641860
-0.082618 0.647038
-0.077677 0.652135
-0.072476 0.657471
-0.067274 0.662703
-0.061896 0.668040
-0.056279 0.673441
-0.050725 0.678712
-0.044935 0.684091
-0.038934 0.689570
-0.032932 0.694863
-0.026609 0.700357
-0.020202 0.705779
-0.013700 0.711163
-0.006923 0.716588
-0.000106 0.721925
0.006865 0.727227
0.014187 0.732661
0.021382 0.737807
0.028871 0.743027
0.036587 0.748234
0.044289 0.753264
0.052366 0.758381
0.060517 0.763363
0.068767 0.768226
0.077288 0.773075
0.085787 0.777738
0.094473 0.782321
0.103273 0.786778
0.112281 0.791170
0.121358 0.795410
0.130455 0.799476
0.139850 0.803486
0.149084 0.807277
0.158516 0.810935
0.168109 0.814482
0.177621 0.817827
0.187318 0.821076
0.196935 0.824096
0.206465 0.826931
0.216343 0.829701
0.226068 0.832271
0.235650 0.834621
0.245725 0.836922
0.255226 0.838956
0.265115 0.840911
0.274911 0.842674
0.284501 0.844263
0.294340 0.845744
0.303993 0.847056
0.313524 0.848199
0.323037 0.849215
0.332531 0.850097
0.341973 0.850843
0.350980 0.851431
0.360378 0.851932
0.369383 0.852297
0.378432 0.852546
0.387574 0.852683
0.396392 0.852722
0.405143 0.852657
0.413941 0.852486
0.422425 0.852232
0.430953 0.851892
0.439364 0.851462
0.447574 0.850961
0.455834 0.850378
0.463814 0.849739
0.471854 0.849018
0.479673 0.848244
0.487448 0.847411
0.495110 0.846525
0.502721 0.845585
0.510324 0.844566
0.517484 0.843567
0.524856 0.842486
0.532256 0.841324
0.538950 0.840236
0.546212 0.839015
0.552946 0.837821
0.559604 0.836604
0.566359 0.835333
0.572805 0.834067
0.579442 0.832731
0.586103 0.831346
0.592051 0.830079
0.598572 0.828656
0.604609 0.827305
0.610446 0.825979
0.617000 0.824432
0.622533 0.823110
0.628387 0.821697
0.634529 0.820156
0.639718 0.818843
0.645455 0.817384
0.651040 0.815910
0.656041 0.814577
0.661860 0.813030
0.667078 0.811589
0.672433 0.810106
0.677380 0.808728
0.682747 0.807194
0.687877 0.805720
0.692930 0.804250
0.697911 0.802784
0.702634 0.801379
0.707452 0.799932
0.712101 0.798535
0.716638 0.797125
0.721441 0.795664
0.726096 0.794198
0.730623 0.792774
0.735282 0.791320
0.739606 0.789920
0.743772 0.788571
0.748716 0.786990
0.752128 0.785843
0.756748 0.784341
0.761402 0.782820
0.764481 0.781763
0.769727 0.780042
0.773435 0.778775
0.777141 0.777520
0.782326 0.775796
0.785280 0.774733
0.789270 0.773379
0.793646 0.771876
0.796213 0.770908
0.800901 0.769340
0.804630 0.768012
0.807493 0.766946
0.812852 0.765171
0.815406 0.764173
0.819111 0.762855
0.824194 0.761136
0.825786 0.760420
0.830463 0.758815
0.834271 0.757458
0.836108 0.756675
0.841705 0.754788
0.844406 0.753741
0.847391 0.752624
0.852483 0.750879
