-0.208182 0.418494
-0.205929 0.419888
-0.203526 0.421422
-0.201085 0.423038
-0.198798 0.424493
-0.196265 0.426256
-0.193821 0.427919
-0.191439 0.429562
-0.188794 0.431487
-0.186358 0.433241
-0.183856 0.435059
-0.181135 0.437166
-0.178732 0.438927
-0.176070 0.441028
-0.173373 0.443162
-0.170865 0.445133
-0.168046 0.447467
-0.165380 0.449677
-0.162707 0.451883
-0.159834 0.454388
-0.157141 0.456677
-0.154340 0.459147
-0.151353 0.461831
-0.148629 0.464263
-0.145658 0.466988
-0.142679 0.469776
-0.139852 0.472359
-0.136712 0.475405
-0.133715 0.478255
-0.130704 0.481171
-0.127478 0.484346
-0.124406 0.487390
-0.121223 0.490551
-0.117899 0.493936
-0.114753 0.497084
-0.111372 0.500583
-0.107979 0.504065
-0.104697 0.507423
-0.101120 0.511225
-0.097650 0.514814
-0.094139 0.518485
-0.090421 0.522420
-0.086829 0.526244
-0.083088 0.530165
-0.079227 0.534257
-0.075457 0.538232
-0.071483 0.542487
-0.067480 0.546674
-0.063483 0.550859
-0.059274 0.555293
-0.055082 0.559707
-0.050802 0.564107
-0.046352 0.568701
-0.041938 0.573226
-0.037385 0.577889
-0.032714 0.582551
-0.028001 0.587244
-0.023144 0.592040
-0.018218 0.596870
-0.013232 0.601612
-0.008028 0.606556
-0.002828 0.611411
0.002517 0.616352
0.008054 0.621316
0.013535 0.626183
0.019206 0.631124
0.025048 0.636140
0.030880 0.640978
0.036970 0.645973
0.043121 0.650894
0.049344 0.655776
0.055777 0.660656
0.062234 0.665459
0.068805 0.670213
0.075650 0.675054
0.082378 0.679639
0.089330 0.684265
0.096450 0.688855
0.103546 0.693287
0.110924 0.697763
0.118346 0.702109
0.125833 0.706339
0.133514 0.710533
0.141165 0.714564
0.148947 0.718507
0.156804 0.722330
0.164803 0.726082
0.172842 0.729696
0.180885 0.733156
0.189139 0.736550
0.197263 0.739770
0.205517 0.742854
0.213883 0.745841
0.222177 0.748661
0.230602 0.751397
0.238950 0.753935
0.247231 0.756325
0.255754 0.758651
0.264163 0.760821
0.272449 0.762805
0.281090 0.764741
0.289306 0.766474
0.297800 0.768140
0.306209 0.769643
0.314467 0.771014
0.322895 0.772299
0.331190 0.773452
0.339378 0.774466
0.347551 0.775383
0.355703 0.776196
0.363820 0.776905
0.371601 0.777481
0.379668 0.778000
0.387444 0.778408
0.395235 0.778726
0.403104 0.778960
0.410726 0.779117
0.418285 0.779192
0.425892 0.779188
0.433262 0.779115
0.440644 0.778982
0.447960 0.778777
0.455121 0.778513
0.462298 0.778192
0.469295 0.777821
0.476318 0.777391
0.483183 0.776917
0.490010 0.776398
0.496753 0.775839
0.503443 0.775240
0.510150 0.774580
0.516529 0.773923
0.523036 0.773217
0.529587 0.772449
0.535632 0.771710
0.542047 0.770904
0.548123 0.770091
0.554129 0.769260
0.560182 0.768400
0.566047 0.767525
0.572025 0.766612
0.578016 0.765667
0.583511 0.764775
0.589396 0.763801
0.594945 0.762855
0.600335 0.761923
0.606250 0.760862
0.611440 0.759917
0.616829 0.758929
0.622452 0.757857
0.627396 0.756902
0.632692 0.755880
0.637922 0.754830
0.642729 0.753853
0.648070 0.752780
0.653038 0.751737
0.658076 0.750680
0.662812 0.749678
0.667872 0.748583
0.672745 0.747524
0.677564 0.746463
0.682330 0.745403
0.686914 0.744371
0.691562 0.743317
0.696068 0.742293
0.700540 0.741244
0.705143 0.740189
0.709689 0.739111
0.714122 0.738061
0.718616 0.737005
0.722926 0.735956
0.727102 0.734938
0.731804 0.733812
0.735460 0.732886
0.739933 0.731796
0.744427 0.730697
0.747822 0.729816
0.752734 0.728618
0.756574 0.727634
0.760383 0.726662
0.765242 0.725464
0.768559 0.724570
0.772549 0.723553
0.776848 0.722455
0.779895 0.721600
0.784343 0.720490
0.788193 0.719469
0.791429 0.718571
0.796316 0.717371
0.799362 0.716495
0.803152 0.715488
0.807866 0.714308
0.810227 0.713560
0.814657 0.712431
0.818498 0.711410
0.820986 0.710639
0.826046 0.709386
0.829132 0.708498
0.832376 0.707586
0.837083 0.706397
