-0.140469 0.338104
-0.137339 0.338602
-0.134108 0.339136
-0.130842 0.339721
-0.127643 0.340270
-0.124289 0.340931
-0.120966 0.341571
-0.117665 0.342238
-0.114194 0.342985
-0.110826 0.343725
-0.107402 0.344488
-0.103840 0.345362
-0.100438 0.346157
-0.096874 0.347079
-0.093273 0.348020
-0.089765 0.348956
-0.086059 0.350005
-0.082426 0.351061
-0.078775 0.352127
-0.074991 0.353320
-0.071295 0.354469
-0.067521 0.355712
-0.063627 0.357029
-0.059867 0.358325
-0.055950 0.359721
-0.052015 0.361182
-0.048156 0.362599
-0.044097 0.364208
-0.040110 0.365775
-0.036102 0.367411
-0.031958 0.369146
-0.027887 0.370898
-0.023743 0.372703
-0.019505 0.374629
-0.015359 0.376508
-0.011064 0.378552
-0.006755 0.380610
-0.002501 0.382674
0.001938 0.384944
0.006319 0.387149
0.010733 0.389434
0.015273 0.391846
0.019755 0.394285
0.024321 0.396758
0.028963 0.399342
0.033562 0.401932
0.038285 0.404676
0.043023 0.407397
0.047765 0.410171
0.052631 0.413077
0.057495 0.416032
0.062404 0.418979
0.067413 0.422048
0.072408 0.425136
0.077484 0.428324
0.082618 0.431504
0.087782 0.434749
0.093025 0.438068
0.098311 0.441445
0.103621 0.444776
0.109053 0.448235
0.114485 0.451688
0.119997 0.455212
0.125599 0.458726
0.131181 0.462253
0.136861 0.465824
0.142632 0.469456
0.148390 0.472997
0.154282 0.476637
0.160206 0.480256
0.166172 0.483886
0.172230 0.487489
0.178308 0.491087
0.184441 0.494666
0.190710 0.498299
0.196915 0.501798
0.203231 0.505329
0.209626 0.508840
0.216012 0.512281
0.222525 0.515739
0.229059 0.519134
0.235622 0.522470
0.242271 0.525784
0.248906 0.529021
0.255597 0.532207
0.262320 0.535327
0.269101 0.538410
0.275896 0.541420
0.282690 0.544347
0.289570 0.547233
0.296399 0.550048
0.303256 0.552757
0.310165 0.555425
0.317037 0.558005
0.323964 0.560553
0.330828 0.562967
0.337670 0.565315
0.344595 0.567627
0.351478 0.569870
0.358273 0.571986
0.365209 0.574089
0.371962 0.576084
0.378824 0.578057
0.385608 0.579919
0.392333 0.581720
0.399102 0.583481
0.405822 0.585181
0.412450 0.586783
0.419068 0.588346
0.425657 0.589856
0.432233 0.591320
0.438613 0.592676
0.445118 0.594042
0.451476 0.595329
0.457798 0.596561
0.464167 0.597776
0.470397 0.598930
0.476561 0.600032
0.482763 0.601116
0.488835 0.602142
0.494860 0.603132
0.500885 0.604099
0.506809 0.605019
0.512688 0.605905
0.518528 0.606769
0.524328 0.607600
0.530052 0.608396
0.535734 0.609168
0.541363 0.609913
0.546923 0.610627
0.552521 0.611329
0.557954 0.611994
0.563376 0.612639
0.568848 0.613274
0.574102 0.613865
0.579420 0.614452
0.584663 0.615014
0.589833 0.615553
0.594965 0.616072
0.600071 0.616579
0.605163 0.617069
0.610238 0.617544
0.615131 0.617987
0.620125 0.618431
0.624992 0.618848
0.629756 0.619241
0.634732 0.619647
0.639422 0.620012
0.644123 0.620367
0.648947 0.620724
0.653502 0.621043
0.658114 0.621357
0.662757 0.621665
0.667216 0.621942
0.671786 0.622222
0.676293 0.622487
0.680770 0.622738
0.685101 0.622963
0.689584 0.623197
0.693959 0.623410
0.698300 0.623609
0.702611 0.623796
0.706847 0.623968
0.711088 0.624130
0.715234 0.624273
0.719429 0.624415
0.723573 0.624540
0.727762 0.624664
0.731864 0.624769
0.735932 0.624860
0.740006 0.624948
0.743988 0.625016
0.748118 0.625090
0.751914 0.625124
0.755946 0.625173
0.759972 0.625212
0.763614 0.625204
0.767780 0.625244
0.771569 0.625238
0.775298 0.625215
0.779412 0.625227
0.783007 0.625180
0.786755 0.625135
0.790664 0.625107
0.794145 0.625028
0.797993 0.624969
0.801733 0.624905
0.805237 0.624807
0.809184 0.624734
0.812649 0.624626
0.816286 0.624519
0.820189 0.624428
0.823377 0.624270
0.827172 0.624156
0.830781 0.624021
0.833935 0.623835
0.837928 0.623726
0.841279 0.623551
0.844627 0.623362
0.848484 0.623224
