-0.084915 0.216546
-0.080769 0.215075
-0.076675 0.213595
-0.072565 0.212124
-0.068252 0.210604
-0.064092 0.209119
-0.059783 0.207596
-0.055370 0.206070
-0.051103 0.204552
-0.046600 0.203010
-0.042079 0.201455
-0.037692 0.199936
-0.032945 0.198349
-0.028364 0.196805
-0.023737 0.195247
-0.018881 0.193671
-0.014215 0.192118
-0.009351 0.190554
-0.004412 0.188978
0.000417 0.187438
0.005492 0.185862
0.010539 0.184312
0.015502 0.182780
0.020778 0.181226
0.025916 0.179698
0.031121 0.178188
0.036551 0.176661
0.041779 0.175184
0.047223 0.173696
0.052735 0.172232
0.058144 0.170797
0.063777 0.169368
0.069401 0.167964
0.074983 0.166602
0.080821 0.165238
0.086540 0.163924
0.092339 0.162635
0.098331 0.161370
0.104162 0.160159
0.110179 0.158967
0.116259 0.157820
0.122256 0.156724
0.128470 0.155662
0.134646 0.154648
0.140825 0.153690
0.147186 0.152776
0.153486 0.151922
0.159851 0.151121
0.166332 0.150383
0.172749 0.149704
0.179296 0.149090
0.185857 0.148544
0.192400 0.148068
0.199083 0.147663
0.205777 0.147333
0.212461 0.147082
0.219234 0.146911
0.226010 0.146818
0.232854 0.146814
0.239725 0.146902
0.246566 0.147069
0.253511 0.147335
0.260473 0.147696
0.267365 0.148148
0.274415 0.148708
0.281430 0.149365
0.288449 0.150122
0.295515 0.150994
0.302531 0.151956
0.309589 0.153034
0.316706 0.154232
0.323721 0.155520
0.330818 0.156935
0.337910 0.158466
0.344938 0.160095
0.352026 0.161856
0.359070 0.163722
0.366067 0.165696
0.373112 0.167806
0.380047 0.169996
0.386985 0.172312
0.393910 0.174749
0.400755 0.177275
0.407620 0.179932
0.414426 0.182692
0.421192 0.185563
0.427883 0.188517
0.434540 0.191582
0.441171 0.194761
0.447686 0.198008
0.454255 0.201399
0.460657 0.204823
0.467009 0.208346
0.473338 0.211971
0.479601 0.215676
0.485757 0.219428
0.491913 0.223304
0.497916 0.227185
0.503929 0.231189
0.509832 0.235220
0.515582 0.239258
0.521392 0.243429
0.527073 0.247617
0.532623 0.251792
0.538176 0.256069
0.543592 0.260322
0.549005 0.264672
0.554287 0.268983
0.559525 0.273340
0.564684 0.277704
0.569808 0.282127
0.574832 0.286501
0.579784 0.290899
0.584693 0.295308
0.589476 0.299646
0.594235 0.304048
0.598934 0.308417
0.603533 0.312720
0.608119 0.317092
0.612650 0.321429
0.617061 0.325655
0.621494 0.329973
0.625856 0.334231
0.630103 0.338373
0.634403 0.342622
0.638591 0.346757
0.642753 0.350881
0.646860 0.354951
0.650925 0.358981
0.654906 0.362906
0.658903 0.366899
0.662881 0.370836
0.666735 0.374615
0.670606 0.378457
0.674505 0.382293
0.678228 0.385899
0.682061 0.389657
0.685825 0.393303
0.689495 0.396807
0.693242 0.400414
0.696884 0.403867
0.700483 0.407256
0.704155 0.410688
0.707701 0.413963
0.711287 0.417249
0.714835 0.420440
0.718312 0.423589
0.721877 0.426754
0.725326 0.429748
0.728775 0.432773
0.732304 0.435800
0.735685 0.438620
0.739137 0.441536
0.742615 0.444408
0.745906 0.447036
0.749340 0.449819
0.752693 0.452461
0.756045 0.455036
0.759390 0.457622
0.762711 0.460119
0.766023 0.462572
0.769326 0.464980
0.772649 0.467359
0.775938 0.469675
0.779195 0.471895
0.782532 0.474205
0.785729 0.476297
0.789015 0.478489
0.792263 0.480582
0.795433 0.482542
0.798721 0.484621
0.801976 0.486606
0.805099 0.488459
0.808439 0.490430
0.811582 0.492222
0.814706 0.493969
0.818012 0.495776
0.821062 0.497434
0.824289 0.499147
0.827459 0.500756
0.830480 0.502302
0.833783 0.503962
0.836870 0.505418
0.839979 0.506925
0.843305 0.508503
0.846248 0.509776
0.849419 0.511228
0.852665 0.512663
0.855470 0.513770
0.858787 0.515218
0.861869 0.516467
0.864727 0.517564
0.868112 0.518928
0.871010 0.519993
0.874031 0.521102
0.877295 0.522284
0.880066 0.523242
0.883224 0.524349
0.886277 0.525342
0.889094 0.526260
