0.011298 0.105618 0.216637
0.012773 0.108755 0.219066
0.014259 0.111898 0.221491
0.015730 0.115053 0.223672
0.017163 0.118188 0.225513
0.018620 0.121348 0.227381
0.020135 0.124509 0.229716
0.021692 0.127679 0.232248
0.023245 0.130858 0.234658
0.024736 0.134021 0.236544
0.026227 0.137147 0.238533
0.027804 0.140332 0.240905
0.029406 0.143500 0.243487
0.031022 0.146665 0.246096
0.032589 0.149861 0.248123
0.034150 0.153035 0.250140
0.035754 0.156200 0.252467
0.037414 0.159378 0.255108
0.039091 0.162550 0.257831
0.040722 0.165732 0.260088
0.042327 0.168885 0.262236
0.043968 0.172064 0.264438
0.045686 0.175251 0.267155
0.047425 0.178417 0.270030
0.049124 0.181574 0.272564
0.050804 0.184807 0.274601
0.052495 0.188037 0.276648
0.054231 0.191140 0.279525
0.056003 0.194275 0.282480
0.057785 0.197471 0.285123
0.059502 0.200675 0.287242
0.061216 0.203821 0.289545
0.063009 0.206940 0.292473
0.064850 0.210093 0.295473
0.066681 0.213264 0.298301
0.068428 0.216406 0.300623
0.070182 0.219540 0.302959
0.071982 0.222655 0.305655
0.073885 0.225807 0.308797
0.075824 0.229038 0.311761
0.077582 0.232093 0.314282
0.079336 0.235131 0.316781
0.081141 0.238160 0.319600
0.083126 0.241427 0.322504
0.085121 0.244695 0.325422
0.086947 0.247741 0.328145
0.088738 0.250695 0.330984
0.090580 0.253710 0.333840
0.092575 0.256901 0.336837
0.094622 0.260126 0.340025
0.096554 0.263239 0.342891
0.098386 0.266221 0.345601
0.100235 0.269221 0.348355
0.102280 0.272426 0.351394
0.104343 0.275634 0.354456
0.106363 0.278795 0.357472
0.108244 0.281824 0.360101
0.110146 0.284819 0.362910
0.112203 0.287988 0.365973
0.114311 0.291225 0.369006
0.116360 0.294389 0.371908
0.118341 0.297439 0.374850
0.120276 0.300436 0.377661
0.122361 0.303621 0.380554
0.124508 0.306867 0.383605
0.126689 0.310146 0.386659
0.128719 0.313254 0.389394
0.130734 0.316342 0.392149
0.132752 0.319394 0.394967
0.135024 0.322801 0.397858
0.137357 0.326300 0.400818
0.139565 0.329610 0.403657
0.141580 0.332653 0.406267
0.143693 0.335845 0.408944
0.146122 0.339469 0.411775
0.148513 0.343021 0.414581
0.150835 0.346518 0.417224
0.153027 0.349822 0.419712
0.155198 0.353124 0.422010
0.157671 0.356824 0.424639
0.160261 0.360694 0.427269
0.162738 0.364380 0.429840
0.165106 0.367946 0.432148
0.167477 0.371555 0.434284
0.170043 0.375391 0.436664
0.172734 0.379377 0.439173
0.175405 0.383378 0.441486
0.177930 0.387181 0.443557
0.180598 0.391172 0.445733
0.183341 0.395288 0.447849
0.186137 0.399459 0.449984
0.189032 0.403787 0.452094
0.191879 0.408022 0.454139
0.194667 0.412190 0.456003
0.197985 0.417165 0.458050
0.200926 0.421542 0.459880
0.203872 0.425905 0.461686
0.207068 0.430665 0.463537
0.210277 0.435444 0.465190
0.213535 0.440272 0.466945
0.216891 0.445173 0.468770
0.220221 0.450061 0.470402
0.223644 0.455095 0.471890
0.227125 0.460181 0.473480
0.230638 0.465246 0.475085
0.234231 0.470491 0.476375
0.237911 0.475823 0.477747
0.241824 0.481405 0.479388
0.245635 0.486763 0.480874
0.249471 0.492200 0.482173
0.253585 0.498049 0.483504
0.257908 0.503943 0.485336
0.262256 0.509859 0.486966
0.266413 0.515645 0.488071
0.270613 0.521218 0.489589
0.275117 0.527258 0.490950
0.279816 0.533550 0.492320
0.284562 0.539871 0.493649
0.289053 0.545440 0.495407
0.293861 0.551462 0.497147
0.298898 0.557843 0.498740
0.303721 0.563891 0.500040
0.308833 0.570208 0.501537
0.313905 0.576285 0.503206
0.319049 0.582331 0.504975
0.324443 0.588650 0.506719
0.329818 0.594808 0.508584
0.335205 0.600939 0.510336
0.340403 0.606851 0.511799
0.345777 0.612914 0.513205
0.351490 0.619219 0.515098
0.356904 0.624826 0.517324
0.362210 0.630461 0.518973
0.367617 0.636117 0.520741
0.373180 0.641612 0.523227
0.378519 0.646833 0.525425
0.383964 0.652416 0.527071
0.389439 0.657792 0.529166
0.394856 0.663025 0.531349
0.399726 0.667459 0.533429
0.404756 0.672174 0.535415
0.410305 0.677491 0.537553
0.415686 0.682476 0.539868
0.420915 0.687358 0.541879
0.425875 0.691831 0.543941
0.430823 0.696283 0.546010
0.435964 0.700944 0.548132
0.441101 0.705584 0.550332
0.446319 0.710345 0.552552
0.451043 0.714466 0.554567
0.455729 0.718551 0.556618
0.460650 0.722942 0.558769
0.465703 0.727441 0.561069
0.470452 0.731581 0.563173
0.474982 0.735538 0.565094
0.479805 0.739882 0.567022
0.484543 0.744029 0.569130
0.489223 0.748063 0.571409
0.493890 0.752105 0.573704
0.498601 0.756424 0.575300
0.503277 0.760533 0.577434
0.507830 0.764629 0.579207
0.512226 0.768395 0.581260
0.516622 0.772305 0.582913
0.521115 0.776290 0.584767
0.525630 0.780188 0.586998
0.530010 0.784020 0.588822
0.534218 0.787744 0.590333
0.538429 0.791486 0.591881
0.542762 0.795247 0.593817
0.547141 0.799055 0.595902
0.551460 0.802836 0.597897
0.555575 0.806465 0.599440
0.559543 0.810010 0.600594
0.563735 0.813641 0.602581
0.567875 0.817169 0.604704
0.572203 0.821031 0.606588
0.575910 0.824248 0.607789
0.579674 0.827583 0.608932
0.583726 0.831142 0.610864
0.587976 0.834866 0.613162
0.592173 0.838662 0.615043
0.595844 0.841906 0.616424
0.599392 0.844968 0.617873
0.603064 0.848129 0.619708
0.607026 0.851638 0.621882
0.610679 0.854855 0.623630
0.614318 0.858055 0.625459
0.617758 0.861139 0.626840
0.621438 0.864467 0.628764
0.625027 0.867788 0.630309
0.628774 0.871369 0.631894
0.632350 0.874749 0.633515
0.635550 0.877642 0.635108
0.638665 0.880449 0.636709
0.642381 0.884053 0.638768
0.646075 0.887786 0.640384
0.649471 0.891141 0.641972
0.652232 0.893573 0.643872
0.654976 0.896037 0.645710
