0.509421
-0.156087
0.291710
-0.165216
-1.058915
-0.187953
-0.256534
0.078889
-0.408042
0.532396
-0.020957
-0.212433
-0.363149
-0.778992
1.109198
-0.222764
0.075790
-0.281196
0.127438
0.549586
-0.534054
-1.473646
-0.196492
0.052588
-0.409934
0.244283
-0.481178
0.456499
-0.058140
-0.178880
-0.663400
-0.678302
0.090380
-0.051440
0.276338
0.415040
0.401041
-0.551627
0.684639
-0.051348
-0.691976
0.704281
1.059748
0.957598
-0.539001
1.359662
-0.491793
-0.575499
-0.643110
0.388144
-0.199104
0.541664
-0.893143
1.131570
-0.125931
0.529474
-1.438619
0.018467
0.358129
-0.035265
-0.778375
0.892592
-1.007856
0.353533
-0.087634
-0.346282
-0.392638
-0.994586
-0.262985
0.487761
0.593561
-0.682956
-0.862113
-0.530748
0.608660
-0.984011
0.175498
0.909573
0.032183
0.302523
0.655095
0.762685
-0.514745
1.212708
-0.105903
0.330977
0.666320
0.279169
0.643864
1.585248
-0.495334
0.377245
-0.577359
0.258374
-0.152460
0.333412
-0.930952
0.463766
-0.458370
0.875441
-0.765102
-1.211890
-0.345733
-0.718028
-0.081565
-0.622122
0.415782
-0.740336
-0.508808
-0.171219
0.810873
0.677289
1.163129
0.093756
0.532838
0.714008
-0.193289
-0.056399
0.344765
-0.547679
0.314707
0.931099
0.673794
-0.253455
0.330331
-0.024030
-1.681143
1.471054
-0.102140
1.404981
-0.155496
-0.143020
0.037600
0.980980
-0.246161
-0.337039
0.184039
0.402348
-0.277459
-1.100367
-1.196935
-0.704280
-0.617224
0.210425
1.787910
-0.044027
-0.490813
0.429788
-1.227369
0.249962
-0.568037
0.492902
0.211150
0.748385
-1.544253
-0.393771
0.785110
-0.714823
0.321486
-0.468390
-0.516413
-0.816648
-0.021211
-0.540120
-0.342414
1.079775
0.075095
1.076968
0.294558
0.254402
1.634509
0.189235
-1.201727
-0.864457
0.123215
-0.761902
-0.273898
-0.147697
-0.607834
0.564451
0.458196
-0.468759
-0.248532
-0.371239
1.202514
-0.098830
-1.462769
0.084171
-0.246320
-0.268285
-0.096150
-0.395338
0.617714
1.012160
-0.118971
0.790643
-0.454041
-0.414409
-0.051576
0.238222
-0.424285
-0.281101
-0.289009
-0.384289
-0.391306
1.787910
-0.052196
-0.787615
-1.147664
0.475965
-0.346578
-0.068342
0.805518
0.499138
0.338245
-0.308800
-0.170168
-0.494579
1.347601
-0.791327
-0.629778
0.829112
-0.133104
-0.010001
-0.514976
-0.119047
0.238806
-0.419164
-0.420995
-0.640776
0.515588
-0.179818
0.984177
0.082278
0.132282
-0.285798
0.919604
1.258859
1.090766
0.200980
-1.358276
-0.053031
0.074158
-0.244241
-0.132014
0.208182
1.159539
0.310236
1.470572
-0.426739
-0.588167
0.203806
0.096690
-0.007494
1.042463
-0.769372
-0.547769
-0.403693
-0.652398
-0.637761
0.188220
-0.664086
-0.338947
0.186344
1.495654
-0.135529
1.357277
0.158099
0.125317
-0.146476
0.522484
-0.302669
-0.529033
0.727135
0.411791
0.504378
-1.924443
0.369952
1.089951
1.106754
0.371353
-0.263283
-1.019936
-0.049067
-0.338203
1.030208
-0.043690
-0.322716
0.750378
1.393874
0.320795
1.671139
-0.692890
-0.489607
-0.276225
-0.189872
0.524170
0.721501
-0.463795
-0.338113
0.010043
0.780671
1.369391
-0.888713
-0.685401
-0.529101
0.669451
-0.025532
0.254900
0.938641
-0.700588
0.079841
-0.030829
-0.307948
-0.505986
1.285998
0.574286
1.787910
-0.326489
1.787910
-0.330643
-1.013475
-0.449565
1.398158
0.836066
0.247223
1.202302
-0.554954
0.574389
-0.560123
1.066005
0.171672
1.787910
-0.242832
0.730107
0.089278
-0.517662
0.651678
-0.309968
0.446573
-0.556749
0.166468
-0.279218
0.752306
-0.201451
1.122050
1.240717
0.377983
1.038745
-0.356008
0.461540
0.822946
0.164136
-0.551457
-0.053817
0.188501
-1.427644
0.104738
0.109401
-0.714522
0.006758
1.172667
-0.591462
0.145492
-0.178345
-0.647918
0.174352
-0.179933
-0.503812
-0.050826
-1.141018
1.055311
1.343530
-0.015601
0.328764
0.432337
-0.309381
-0.693215
0.934341
0.632814
-0.369240
-0.644356
-0.196652
-0.079334
0.078820
0.935371
-0.599679
-0.098359
-0.227598
-0.679817
-0.371524
0.692345
-0.039100
0.209631
0.500122
-0.734988
1.787910
-0.694802
-0.846794
-0.199538
1.792148
1.792148
0.563527
-0.060527
-0.403875
0.566306
-0.843032
0.329646
0.767621
1.033469
1.098504
-1.062689
0.368174
0.240616
0.460315
1.587832
-0.899758
0.392834
-0.763731
0.654801
0.214835
0.131705
-0.404686
-0.059047
-0.310281
-0.377391
-0.788516
-0.010686
0.257559
-0.511395
-0.631728
-0.085781
-0.856861
1.155620
-0.182965
-0.006016
-0.473498
-1.335023
-0.648197
-1.020998
-0.769557
-0.372839
0.324411
-0.765322
0.022736
0.406836
0.060108
0.400200
-0.189173
-0.527691
-0.109714
-0.534254
-0.301266
-0.473007
-0.689944
0.375875
-0.377248
0.301326
-0.932062
-0.165358
0.811326
-0.683621
1.376057
-0.831231
-0.147458
-0.862732
-0.760717
1.792148
0.064326
0.039362
-0.022127
-0.323780
-0.186307
-0.896079
-0.224273
-0.213652
-1.529538
-0.500419
0.522847
-0.484105
0.315114
0.974989
0.431696
0.044879
-0.280160
-0.094970
0.678730
0.921400
-0.870745
0.003668
0.590101
-0.058594
-1.094842
0.789883
0.429864
0.486738
1.105349
0.298133
0.362105
-0.413398
0.328980
0.715781
-0.294840
-1.097166
0.147437
1.463580
0.980708
-0.961330
-0.592768
-0.292044
1.787910
-0.154992
0.778681
-0.741855
-0.830608
-0.173791
-0.877385
0.030321
0.234645
0.741232
-0.089667
0.463232
0.064181
0.327570
-0.164170
-0.262247
0.005070
0.822633
-0.830604
-0.249180
-0.222582
-0.553328
-0.974659
-0.696194
-0.479849
0.199674
0.522178
-0.497417
-0.233088
-0.013642
0.357681
0.108632
-0.176907
0.690277
0.526431
-0.221323
-1.368835
-0.690293
0.092823
0.451992
0.902124
-0.023534
0.164970
-1.447748
-0.193851
0.637001
0.042803
-0.019639
-0.349080
0.126683
-0.278985
-0.131879
0.213537
-1.000694
-0.210589
-0.067199
0.673863
-0.598223
-0.567552
-0.510949
-0.187341
-0.296075
0.918998
0.008747
0.137631
0.371699
-0.410147
0.145399
0.125534
0.316239
-0.828031
-0.251409
0.115968
0.330992
0.149131
-0.711246
-0.137574
0.008078
-0.868907
-0.786830
-0.741889
0.359499
-0.767986
-1.143806
-0.493937
-0.977187
1.697744
-0.199334
-1.147907
-0.220716
0.941612
0.090190
-1.148302
-1.384363
0.445564
0.366071
-0.187170
-0.279668
-0.099207
-0.005488
0.162290
-1.141510
-1.015743
0.804686
-0.870327
-1.065738
-0.000594
0.056611
-0.451887
-0.611407
-0.072519
0.551949
0.123968
-0.011492
0.389914
-0.039159
-0.136388
0.919074
-0.537210
-1.602055
-0.425316
-0.794275
0.473913
-0.244348
-0.186203
0.645197
-0.629268
1.090558
-0.730572
0.108842
-0.374357
0.535489
-0.618483
-0.250244
0.608218
0.729198
-0.169203
0.601796
1.253171
1.505695
-0.694141
-0.643395
-0.544559
0.322008
1.479384
-0.279849
-0.111500
1.001370
-0.289408
0.755254
-0.531669
-0.172244
-0.273768
-0.545340
0.041755
0.072958
0.022421
0.209001
-0.705789
0.091818
-0.380671
-0.169892
1.787910
-0.940252
-0.379464
-0.530348
-0.407701
0.361811
0.203342
0.259633
0.167496
-0.078469
0.189700
-0.215740
-0.087585
-0.187565
-0.542947
-0.811359
-0.519873
-0.348153
-0.847456
0.359061
-0.208332
0.853466
-0.210527
-0.088231
-0.244258
-0.492364
-0.607515
1.108078
0.437607
0.476379
0.270390
-1.248308
-0.344003
-1.563681
0.317743
0.950347
-0.615244
0.248868
-0.398321
1.063858
-0.398927
0.048167
0.652147
-0.504432
0.290621
0.791647
-0.744825
-0.215151
-1.363304
-0.751834
1.218233
-0.325460
-0.158786
0.274540
1.787910
0.557714
-0.323007
0.387758
-0.756315
-0.559655
-0.548496
-0.451649
0.242922
