69.487718
65.483109
75.911561
75.436115
65.627928
85.413326
80.159149
81.814039
97.949161
70.018466
84.338336
90.968217
88.023682
73.356096
71.278159
78.812437
79.652900
68.259082
64.908914
47.452914
97.703989
105.221786
94.036011
70.529659
80.920592
85.412519
79.984764
82.768889
75.797953
81.553928
61.027506
74.284420
71.646815
71.393680
67.661153
73.497809
67.736518
85.970927
74.945043
79.637037
72.417902
76.238773
71.055969
74.215134
78.421879
79.217314
74.885352
79.886270
88.603673
76.137144
71.176162
75.648997
69.570081
65.664808
88.116331
83.561267
58.085578
67.454888
73.433184
91.081779
98.029298
71.087039
61.402811
70.153864
68.693829
90.207816
68.542598
66.077690
67.629635
73.186169
90.167662
73.068750
70.726736
87.655881
70.005084
104.131169
65.585982
77.894229
83.512664
87.918727
80.270068
61.964252
76.160982
69.230562
83.130274
65.006997
73.002224
84.946512
74.773049
66.457283
91.785846
61.836583
83.082951
82.490164
88.882369
72.811145
54.714642
78.014696
67.487987
77.378858
86.162685
99.152910
90.463739
58.269559
93.131318
83.521194
79.071687
70.509606
83.222676
78.588955
64.886912
64.823354
67.519970
78.657395
69.344225
78.495416
92.757719
74.484498
70.881004
72.500246
78.745547
73.537029
68.098008
83.650253
67.103350
84.504309
76.462188
69.839489
68.098554
79.832789
63.440469
79.717169
81.754235
76.992486
74.367540
87.234064
76.729160
77.160586
88.280914
92.172026
83.722987
70.025920
71.530224
93.747520
72.322996
76.940717
94.463720
79.267801
74.204299
85.057629
75.876458
76.111227
81.024439
81.587711
72.249613
86.043363
77.107846
74.566758
59.663543
93.358698
73.434083
74.566150
73.151444
77.293292
82.867827
53.022904
56.378866
67.982826
70.075096
92.511094
71.066218
80.249148
74.658390
71.996781
93.716674
68.436128
67.384009
66.330322
80.907106
68.867172
71.202737
84.162057
85.056877
69.456100
78.435435
72.437919
78.538548
47.189044
87.175061
89.421268
74.224237
65.035783
76.774633
79.200869
77.285405
71.357951
74.094863
77.719256
70.608088
81.260816
67.836319
82.319611
86.769260
54.787919
78.298640
69.928504
94.040580
67.189837
76.299758
68.171240
77.481115
80.345538
75.430264
66.337488
75.893571
80.709061
80.314917
65.197337
67.872456
83.336371
67.897728
64.573215
86.710059
84.760829
82.599161
79.861985
82.667417
91.665794
81.726175
83.449804
67.938337
59.134399
77.218972
76.749665
77.472538
66.978009
76.298263
66.034682
68.853185
85.774629
85.563945
67.150613
78.857486
84.102401
79.941895
65.548178
70.702280
64.711806
67.435748
84.232764
82.145204
76.102476
77.406497
76.926549
73.234517
93.907708
82.618098
87.482453
72.085602
73.762367
79.906264
97.338603
88.420989
63.415604
62.491969
69.074497
79.351019
77.958521
60.562787
73.020482
55.159004
83.345229
72.784269
67.060630
87.592844
80.258092
87.556122
75.785761
67.348788
73.296228
76.082275
66.924393
71.673359
83.592542
79.413245
67.845111
59.216945
69.982512
77.358045
54.512024
78.258587
78.482262
72.426574
69.970413
64.357126
85.912455
74.733333
79.508581
67.194650
85.776559
71.379649
80.443467
70.424243
86.490496
82.328313
73.260122
83.872597
70.772850
72.238046
79.969297
99.380175
74.908707
67.242516
75.356925
68.125426
57.987828
77.404005
72.758565
65.315940
73.375443
93.626888
84.051439
92.577226
75.065910
67.523860
70.373736
66.146210
80.933093
60.877305
70.612644
64.175886
76.681326
73.607467
81.003737
67.228396
87.170177
77.647824
73.881752
73.553950
84.103297
71.331844
81.558467
75.201436
76.435017
74.675101
79.698063
71.564673
74.657443
55.640166
94.881283
83.576974
73.563438
80.522173
64.052773
87.943107
70.622050
64.288136
62.442250
81.929544
81.144793
65.498017
66.673470
81.532821
85.125379
83.487702
69.462819
86.909551
81.651029
82.791352
70.898106
74.767369
81.260012
66.812545
60.214832
84.385930
79.163937
75.955110
99.127134
63.613322
75.015268
76.100030
92.732512
62.557037
82.367028
85.780767
77.279274
94.625313
74.868547
75.728905
90.325649
89.275772
78.892153
75.381124
73.031793
72.337910
86.669515
76.534487
82.279569
74.758362
80.233872
75.240015
77.291753
66.390303
70.185293
86.567099
74.677666
66.509256
81.893036
65.034999
68.362340
73.289294
69.017409
76.279851
69.950827
68.704811
75.161554
91.308998
78.648373
85.013571
77.789037
75.311351
66.914794
88.122095
81.796970
78.892741
86.640714
88.992744
71.303362
79.815444
66.852069
49.804801
68.670547
90.031967
75.522672
81.203227
78.288118
69.613082
79.947808
81.148158
82.906907
79.335562
65.844303
77.961576
89.737871
86.161912
70.938493
75.410177
72.415732
80.155868
71.584967
61.233374
62.947012
90.664367
85.393035
92.680266
79.365857
80.545176
86.830085
73.428845
76.103336
81.163025
89.540181
68.599552
67.547097
82.604672
77.579781
86.875503
67.595112
74.593139
80.440808
81.474365
77.178130
77.281123
77.269880
92.473931
84.256301
74.883494
64.624797
84.220320
69.741313
67.131145
62.535087
75.956966
69.806852
67.679306
85.514278
77.795885
74.040313
99.893492
81.553978
81.093877
70.544277
82.592045
90.976044
81.631826
67.601276
68.861089
76.852172
76.309909
69.767233
81.502387
71.369998
69.571052
76.152470
82.569544
72.434276
71.089602
70.339817
89.957279
79.975174
68.701483
87.097709
81.361161
73.146231
83.383294
73.319470
95.328469
68.984049
82.728950
84.236477
86.639937
70.984157
74.351337
77.841697
63.922421
75.722726
87.472143
80.309816
83.271018
71.812791
82.643571
69.475219
68.039830
82.897995
76.520757
90.554526
79.078280
88.283611
61.978935
75.189536
58.717955
72.339692
94.817745
78.677296
78.566971
72.488364
87.221796
77.868754
66.368684
66.552706
67.497237
85.619268
69.213167
110.298271
88.795141
71.736715
71.806181
68.564767
86.862704
78.460698
58.397036
85.521531
78.397051
63.188280
61.562526
54.818339
76.152370
68.596414
61.513937
82.167104
88.815797
90.141699
69.815662
63.745921
72.639673
74.091706
76.181064
72.047616
71.591592
66.006791
69.025331
69.741991
72.747146
80.986857
68.309232
76.475665
85.737955
81.147329
94.236610
87.253740
63.385789
78.053876
71.614382
94.426613
94.366112
97.690238
61.300233
90.460127
81.291002
95.397570
81.730504
73.574621
74.529170
77.465528
81.070993
84.930896
81.835809
83.185688
73.392478
82.286862
79.401483
80.046878
104.665385
61.290887
87.605051
101.240023
77.536362
73.678892
92.920942
79.662419
82.191616
79.751868
82.661832
87.458674
85.383178
85.483672
82.834652
62.969357
90.629782
58.107576
87.455113
90.778627
76.605976
84.550655
80.251750
69.440980
78.100626
68.039579
96.543163
77.383571
88.602203
86.709798
92.863041
85.857146
84.131910
69.795606
79.791046
76.625395
86.620248
58.907140
71.434431
93.556990
74.396912
62.546064
70.741084
77.841941
88.758997
70.255396
59.985689
73.697532
68.459415
83.874129
83.571374
71.258482
76.895128
88.908108
68.749209
84.632547
88.881898
61.005344
78.101210
82.106857
76.096730
77.237646
59.426896
85.877648
77.305492
77.629400
66.118491
75.399772
72.764599
83.151918
79.517935
74.820361
82.265520
91.550799
72.194910
69.277800
57.073902
89.794269
58.817325
78.771954
80.546602
72.118832
72.294166
65.007507
80.793307
86.047271
101.084730
76.407827
70.651815
82.094141
68.081545
90.866933
69.613673
81.819868
78.762243
71.113038
64.865967
74.393512
85.175773
69.059764
78.880166
73.899004
66.817394
98.603196
73.008668
74.590195
65.057140
76.265761
61.612569
83.472055
69.945928
72.146693
71.145893
79.647817
57.407983
75.089488
97.848394
67.847610
85.095517
69.022149
83.858290
86.459029
78.910404
