0.083386 -0.005901 -0.001759 0.093319 -0.008688 0.100932
0.105968 -0.052906 -0.016246 0.085116 -0.018705 0.093493
0.140919 -0.057174 -0.017434 0.093135 -0.011133 0.097613
0.098035 -0.004434 -0.000881 0.099279 -0.002346 0.103678
0.084746 0.012307 -0.003102 0.081724 -0.009213 0.100211
0.113194 0.044512 -0.026061 0.043983 -0.018194 0.087054
0.081437 0.051035 0.003206 0.040203 -0.019554 0.087848
0.076641 0.022698 0.006879 0.077637 -0.007962 0.102463
0.091503 0.007317 -0.002136 0.090426 -0.002675 0.103582
0.081660 0.027149 0.001556 0.042831 -0.012632 0.095375
0.055768 0.031683 0.011696 0.035307 -0.012569 0.093336
0.076755 0.018054 0.005474 0.085903 -0.001921 0.105386
0.091900 0.002510 -0.000123 0.098942 -0.000624 0.103999
0.077146 0.018671 -0.002345 0.059769 -0.003651 0.107432
0.081593 0.013341 -0.015335 0.039176 0.000736 0.121310
0.087119 0.009920 -0.011126 0.082210 0.011433 0.113748
0.081568 0.012936 -0.002209 0.089561 0.001746 0.106296
0.067133 0.025298 -0.005822 0.071762 0.008401 0.111037
0.076906 0.016900 -0.006263 0.089267 0.007340 0.106700
0.045545 0.004748 0.001805 0.106664 -0.010673 0.096337
0.002100 -0.034887 0.019997 0.148690 -0.054076 0.085491
0.039732 -0.029138 0.024825 0.093279 -0.037100 0.120898
0.103025 -0.015347 0.005549 0.096300 -0.005861 0.115009
0.058864 0.019580 -0.001977 0.100937 -0.006501 0.097347
0.054999 0.079321 -0.016803 0.049060 -0.029131 0.099576
0.140803 0.171481 -0.119290 0.010699 0.038655 0.175593
0.088312 0.065744 0.017647 0.044620 0.008764 0.131988
0.094035 0.002460 0.001106 0.104011 0.001170 0.105409
0.096978 -0.001825 0.000522 0.114077 -0.001903 0.101404
0.117625 -0.005474 0.054692 0.167752 -0.083674 0.075625
0.110742 0.031058 0.084997 0.096751 -0.099825 0.061449
0.102713 0.029857 0.030490 0.112742 -0.015348 0.100306
0.098830 -0.002195 -0.000318 0.109342 0.002657 0.105037
0.093092 0.000358 0.001218 0.102937 -0.001233 0.103017
0.077894 0.017092 0.004278 0.073968 -0.012712 0.096945
0.125975 0.016246 -0.023519 0.041723 0.003076 0.108556
0.124221 -0.013153 -0.034664 0.092411 0.026794 0.118643
0.098563 -0.003126 -0.004146 0.105872 0.003880 0.105560
0.079302 0.012431 -0.003869 0.088454 0.004113 0.107261
0.070001 0.020022 -0.015818 0.070284 0.019090 0.116897
0.076421 0.012163 -0.014451 0.091021 0.015821 0.110007
0.054598 0.012991 0.003690 0.107251 -0.002962 0.102076
0.015890 0.039320 -0.001697 0.121917 -0.041147 0.106796
0.017045 0.082153 -0.041485 0.188941 -0.129378 0.119596
0.053146 -0.001558 0.017013 0.176196 -0.030862 0.106641
0.068252 0.012132 0.000078 0.101948 -0.001258 0.104219
0.031883 0.072465 -0.066888 0.045378 -0.025000 0.107011
0.053707 0.167046 -0.150056 0.085325 -0.121517 0.071806
0.071195 0.059531 0.043165 0.149392 -0.076888 0.084525
0.095476 -0.000025 0.002711 0.115265 -0.000223 0.102827
0.100732 -0.006669 0.000760 0.109323 -0.002838 0.101332
0.140881 -0.015430 0.054825 0.098455 -0.064308 0.056789
0.291826 0.165194 0.060851 0.121277 -0.136031 0.019536
0.194371 0.069666 0.053084 0.136471 -0.078918 0.054026
0.102218 0.000238 0.001540 0.109848 -0.001497 0.100511
0.089461 0.009368 0.013696 0.099520 -0.026491 0.082691
0.118771 0.028576 0.005015 0.094212 -0.062993 0.056637
0.126187 0.007393 -0.008274 0.112896 -0.010651 0.081334
0.099169 -0.001519 -0.001995 0.106945 0.001020 0.102395
0.084608 0.005298 -0.000789 0.102291 0.002163 0.103405
0.073663 0.011873 -0.008357 0.103761 0.011453 0.102614
0.086808 0.003801 -0.009074 0.109222 0.009207 0.102734
0.093440 -0.000173 -0.001406 0.104941 0.001002 0.103700
0.039940 0.049082 -0.009094 0.090977 0.005816 0.103624
0.029801 0.146444 0.011771 0.130992 0.016518 0.096677
0.048472 0.045000 -0.001823 0.137909 0.000110 0.098049
0.088686 0.002211 -0.002347 0.102874 -0.000555 0.103295
0.048516 0.035368 -0.019894 0.096326 -0.014849 0.085771
0.070578 0.200790 -0.021297 0.216583 -0.003090 0.057552
0.045192 0.034741 -0.004832 0.171101 -0.008364 0.078588
0.089891 0.001184 0.000352 0.106968 -0.001705 0.101608
0.093523 -0.000395 -0.000518 0.102670 -0.001549 0.102463
0.085404 0.009802 -0.003170 0.074092 -0.024380 0.074618
0.111353 0.083976 0.001145 0.050102 -0.024450 0.039828
0.136039 0.046691 0.013880 0.051490 -0.026163 0.061141
0.097839 -0.002475 -0.000232 0.088219 -0.008140 0.098699
0.100703 -0.000773 0.000838 0.095337 -0.009424 0.091632
0.156343 -0.001456 0.005405 0.067238 -0.024046 0.061872
0.150056 -0.009955 0.007237 0.070504 -0.021197 0.073115
0.098022 -0.004067 -0.000366 0.098313 -0.004638 0.100043
0.094172 -0.000403 -0.000145 0.106674 0.000453 0.102683
0.101301 -0.002798 -0.000735 0.119093 0.000248 0.097559
0.100217 -0.002787 0.000003 0.116010 -0.000706 0.098748
0.094006 -0.000393 0.000034 0.105413 -0.000116 0.103273
0.075664 0.024667 -0.008568 0.077263 0.004453 0.104825
0.065605 0.035834 -0.011770 0.044470 0.000149 0.104340
0.074452 0.024428 -0.003960 0.075136 -0.000137 0.102866
0.089999 0.008714 -0.015063 0.086683 0.004856 0.103442
0.076805 0.012759 -0.027508 0.034221 -0.009879 0.098980
0.082935 0.008456 -0.010025 0.054045 -0.008136 0.099102
0.093398 0.000812 -0.000136 0.096851 -0.001644 0.103130
0.095442 -0.006525 -0.006096 0.078568 -0.005848 0.099944
0.134619 -0.022439 -0.017406 0.038598 -0.016709 0.084612
0.151358 -0.018238 -0.000591 0.038975 -0.017970 0.086832
0.100084 -0.006319 0.000145 0.082345 -0.007479 0.101247
0.097845 -0.007498 -0.000920 0.091084 -0.004523 0.101008
0.143785 -0.034365 0.005357 0.050531 -0.015634 0.086965
0.146684 -0.034117 0.009918 0.051420 -0.018216 0.087660
0.098729 -0.007942 -0.000113 0.091249 -0.006149 0.101285
0.093927 -0.000968 0.000013 0.104044 -0.000273 0.103493
0.097981 -0.006923 0.000486 0.103065 -0.002838 0.101190
0.097860 -0.007356 0.000552 0.102694 -0.003562 0.101196
0.093950 -0.001180 -0.000012 0.103842 -0.000642 0.103480
