-0.016546 0.136906 0.216424
-0.014925 0.140303 0.218925
-0.013289 0.143703 0.221409
-0.011664 0.147117 0.223516
-0.010082 0.150497 0.225111
-0.008465 0.153912 0.226736
-0.006786 0.157322 0.229048
-0.005052 0.160743 0.231652
-0.003323 0.164172 0.234060
-0.001663 0.167577 0.235676
-0.000012 0.170922 0.237441
0.001749 0.174350 0.239767
0.003537 0.177746 0.242402
0.005342 0.181134 0.245072
0.007095 0.184568 0.246853
0.008839 0.187966 0.248615
0.010628 0.191344 0.250834
0.012485 0.194734 0.253516
0.014360 0.198108 0.256312
0.016182 0.201499 0.258399
0.017967 0.204847 0.260313
0.019798 0.208228 0.262306
0.021718 0.211607 0.265056
0.023658 0.214948 0.268039
0.025547 0.218280 0.270505
0.027426 0.221724 0.272208
0.029315 0.225161 0.273922
0.031228 0.228394 0.276877
0.033185 0.231664 0.279934
0.035166 0.235026 0.282524
0.037065 0.238405 0.284312
0.038943 0.241694 0.286368
0.040905 0.244923 0.289352
0.042931 0.248195 0.292446
0.044940 0.251489 0.295265
0.046835 0.254750 0.297317
0.048732 0.257995 0.299388
0.050673 0.261196 0.301984
0.052742 0.264432 0.305250
0.054866 0.267780 0.308248
0.056721 0.270883 0.310558
0.058560 0.273956 0.312831
0.060455 0.277000 0.315580
0.062605 0.280371 0.318459
0.064760 0.283735 0.321354
0.066653 0.286783 0.323941
0.068479 0.289690 0.326695
0.070366 0.292673 0.329474
0.072469 0.295894 0.332474
0.074623 0.299144 0.335741
0.076605 0.302236 0.338527
0.078432 0.305140 0.341079
0.080262 0.308053 0.343680
0.082362 0.311236 0.346722
0.084475 0.314415 0.349808
0.086505 0.317511 0.352803
0.088327 0.320417 0.355226
0.090160 0.323261 0.357927
0.092191 0.326325 0.360998
0.094284 0.329472 0.364039
0.096280 0.332508 0.366894
0.098148 0.335357 0.369791
0.099938 0.338121 0.372507
0.101928 0.341132 0.375367
0.103981 0.344202 0.378452
0.106067 0.347306 0.381560
0.107921 0.350151 0.384206
0.109729 0.352941 0.386875
0.111522 0.355661 0.389656
0.113664 0.358866 0.392577
0.115866 0.362174 0.395594
0.117872 0.365194 0.398451
0.119583 0.367812 0.400987
0.121410 0.370610 0.403623
0.123669 0.374007 0.406519
0.125857 0.377282 0.409402
0.127918 0.380443 0.412042
0.129777 0.383304 0.414479
0.131593 0.386137 0.416664
0.133805 0.389513 0.419341
0.136166 0.393117 0.422049
0.138344 0.396431 0.424684
0.140349 0.399538 0.426956
0.142339 0.402676 0.428994
0.144581 0.406128 0.431410
0.146978 0.409782 0.434034
0.149327 0.413430 0.436388
0.151449 0.416754 0.438409
0.153752 0.420338 0.440602
0.156141 0.424082 0.442722
0.158581 0.427889 0.444887
0.161142 0.431911 0.447030
0.163613 0.435772 0.449096
0.165983 0.439509 0.450911
0.169076 0.444447 0.453007
0.171616 0.448463 0.454798
0.174144 0.452444 0.456564
0.176994 0.456999 0.458396
0.179852 0.461581 0.459965
0.182750 0.466217 0.461672
0.185764 0.470968 0.463497
0.188724 0.475682 0.465048
0.191798 0.480615 0.466399
0.194922 0.485611 0.467886
0.198075 0.490583 0.469407
0.201324 0.495821 0.470476
0.204671 0.501190 0.471655
0.208310 0.506945 0.473219
0.211799 0.512372 0.474576
0.215302 0.517909 0.475644
0.219165 0.524073 0.476746
0.223293 0.530339 0.478600
0.227445 0.536649 0.480163
0.231313 0.542733 0.480923
0.235215 0.548516 0.482304
0.239531 0.555031 0.483461
0.244096 0.561934 0.484621
0.248708 0.568879 0.485705
0.252931 0.574684 0.487444
0.257577 0.581182 0.489149
0.262526 0.588224 0.490627
0.267168 0.594765 0.491667
0.272191 0.601718 0.493006
0.277126 0.608290 0.494602
0.282136 0.614800 0.496344
0.287485 0.621729 0.498070
0.292771 0.628380 0.499963
0.298056 0.634976 0.501682
0.303061 0.641227 0.502943
0.308307 0.647715 0.504149
0.313972 0.654493 0.506078
0.319161 0.660173 0.508497
0.324215 0.665918 0.510040
0.329380 0.671662 0.511766
0.334682 0.677067 0.514576
0.339670 0.682072 0.516950
0.344836 0.687649 0.518491
0.349982 0.692844 0.520707
0.355011 0.697786 0.523037
0.359261 0.701559 0.525197
0.363725 0.705728 0.527204
0.368917 0.710765 0.529496
0.373837 0.715272 0.532045
0.378570 0.719668 0.534133
0.382906 0.723449 0.536280
0.387226 0.727198 0.538445
0.391830 0.731261 0.540728
0.396416 0.735277 0.543124
0.401116 0.739467 0.545551
0.405159 0.742781 0.547670
0.409145 0.746038 0.549838
0.413467 0.749740 0.552172
0.417989 0.753613 0.554771
0.422121 0.757018 0.557076
0.425966 0.760185 0.559071
0.430266 0.763968 0.561129
0.434454 0.767474 0.563481
0.438552 0.770807 0.566082
0.442645 0.774168 0.568703
0.446941 0.778123 0.570319
0.451135 0.781703 0.572737
0.455212 0.785340 0.574599
0.459063 0.788491 0.576896
0.462987 0.791950 0.578602
0.467062 0.795543 0.580626
0.471157 0.798999 0.583226
0.475138 0.802460 0.585228
0.478917 0.805811 0.586740
0.482708 0.809203 0.588300
0.486696 0.812664 0.590486
0.490753 0.816205 0.592887
0.494748 0.819735 0.595138
0.498525 0.823123 0.596719
0.502143 0.826444 0.597712
0.506047 0.829869 0.599967
0.509896 0.833161 0.602424
0.514080 0.837043 0.604548
0.517416 0.839975 0.605606
0.520864 0.843121 0.606583
0.524693 0.846578 0.608738
0.528849 0.850342 0.611474
0.532966 0.854246 0.613569
0.536355 0.857321 0.614881
0.539600 0.860153 0.616304
0.543032 0.863145 0.618307
0.546901 0.866685 0.620820
0.550367 0.869808 0.622689
0.553853 0.872945 0.624687
0.557081 0.875911 0.626000
0.560648 0.879233 0.628108
0.564159 0.882610 0.629678
0.567913 0.886376 0.631294
0.571427 0.889823 0.632942
0.574436 0.892561 0.634553
0.577345 0.895178 0.636172
0.581153 0.899009 0.638478
0.584971 0.903049 0.640123
0.588400 0.906542 0.641732
0.590901 0.908628 0.643782
0.593389 0.910753 0.645726
