0.098602 0.037858 0.203303
0.099986 0.040790 0.205342
0.101374 0.043735 0.207409
0.102784 0.046695 0.209582
0.104218 0.049676 0.211874
0.105652 0.052663 0.214184
0.107062 0.055662 0.216371
0.108452 0.058663 0.218502
0.109859 0.061681 0.220707
0.111307 0.064724 0.223096
0.112755 0.067788 0.225465
0.114177 0.070845 0.227745
0.115587 0.073914 0.229972
0.116996 0.076993 0.232204
0.118453 0.080090 0.234660
0.119916 0.083206 0.237132
0.121364 0.086331 0.239525
0.122792 0.089457 0.241838
0.124220 0.092595 0.244146
0.125686 0.095752 0.246625
0.127171 0.098934 0.249160
0.128649 0.102112 0.251690
0.130104 0.105296 0.254093
0.131553 0.108490 0.256457
0.133032 0.111702 0.258944
0.134549 0.114919 0.261629
0.136070 0.118144 0.264322
0.137558 0.121400 0.266762
0.139052 0.124662 0.269214
0.140557 0.127910 0.271771
0.142114 0.131187 0.274526
0.143679 0.134489 0.277241
0.145218 0.137800 0.279786
0.146746 0.141093 0.282312
0.148304 0.144407 0.284930
0.149915 0.147753 0.287723
0.151534 0.151105 0.290522
0.153152 0.154475 0.293244
0.154739 0.157820 0.295836
0.156332 0.161145 0.298496
0.158021 0.164574 0.301334
0.159726 0.168014 0.304189
0.161423 0.171457 0.306961
0.163087 0.174817 0.309729
0.164765 0.178187 0.312511
0.166523 0.181658 0.315372
0.168309 0.185171 0.318212
0.170102 0.188671 0.321065
0.171861 0.192096 0.323876
0.173641 0.195542 0.326680
0.175481 0.199038 0.329584
0.177373 0.202587 0.332533
0.179305 0.206168 0.335524
0.181189 0.209662 0.338422
0.183085 0.213150 0.341307
0.185046 0.216703 0.344261
0.187083 0.220316 0.347333
0.189128 0.223933 0.350337
0.191175 0.227525 0.353317
0.193230 0.231093 0.356296
0.195331 0.234691 0.359307
0.197514 0.238381 0.362359
0.199740 0.242093 0.365441
0.201945 0.245736 0.368483
0.204191 0.249408 0.371526
0.206454 0.253069 0.374551
0.208809 0.256805 0.377665
0.211235 0.260602 0.380824
0.213693 0.264416 0.383944
0.216104 0.268109 0.387015
0.218565 0.271831 0.390112
0.221111 0.275631 0.393227
0.223766 0.279535 0.396398
0.226465 0.283450 0.399592
0.229102 0.287230 0.402699
0.231793 0.291048 0.405785
0.234598 0.294957 0.408973
0.237501 0.298949 0.412186
0.240461 0.302954 0.415432
0.243408 0.306907 0.418595
0.246366 0.310825 0.421715
0.249433 0.314847 0.424848
0.252619 0.318951 0.428062
0.255876 0.323080 0.431323
0.259139 0.327190 0.434472
0.262435 0.331306 0.437550
0.265816 0.335463 0.440680
0.269344 0.339737 0.443881
0.272901 0.344008 0.447015
0.276518 0.348296 0.450143
0.280209 0.352630 0.453236
0.283950 0.356975 0.456305
0.287812 0.361417 0.459374
0.291793 0.365939 0.462484
0.295652 0.370271 0.465438
0.299785 0.374876 0.468492
0.304016 0.379554 0.471525
0.308277 0.384213 0.474519
0.312605 0.388891 0.477488
0.317058 0.393681 0.480447
0.321575 0.398514 0.483309
0.326212 0.403423 0.486207
0.330910 0.408342 0.489079
0.335744 0.413384 0.491938
0.340658 0.418489 0.494724
0.345648 0.423596 0.497540
0.350736 0.428788 0.500316
0.355872 0.434024 0.502980
0.361132 0.439359 0.505603
0.366515 0.444772 0.508278
0.371932 0.450179 0.510916
0.377357 0.455633 0.513311
0.382860 0.461125 0.515702
0.388607 0.466787 0.518292
0.394416 0.472562 0.520677
0.400188 0.478235 0.523025
0.406006 0.483926 0.525354
0.411925 0.489699 0.527687
0.417990 0.495699 0.529785
0.424033 0.501636 0.531873
0.430096 0.507539 0.533993
0.436294 0.513551 0.536133
0.442439 0.519505 0.538170
0.448659 0.525551 0.540110
0.454895 0.531615 0.541981
0.461053 0.537562 0.543789
0.467276 0.543584 0.545552
0.473522 0.549602 0.547315
0.479894 0.555712 0.549156
0.486157 0.561677 0.550918
0.492344 0.567582 0.552569
0.498584 0.573600 0.554045
0.504873 0.579585 0.555664
0.511104 0.585497 0.557219
0.517217 0.591349 0.558531
0.523355 0.597191 0.559866
0.529486 0.602915 0.561379
0.535539 0.608595 0.562735
0.541593 0.614265 0.564071
0.547714 0.620018 0.565334
0.553806 0.625684 0.566679
0.559632 0.631021 0.567949
0.565445 0.636355 0.569145
0.571270 0.641649 0.570415
0.577115 0.646964 0.571646
0.582907 0.652195 0.572865
0.588534 0.657218 0.574034
0.594131 0.662193 0.575204
0.599676 0.667079 0.576399
0.605253 0.671990 0.577564
0.610817 0.676862 0.578745
0.616271 0.681585 0.579936
0.621575 0.686138 0.581049
0.626891 0.690681 0.582175
0.632297 0.695281 0.583416
0.637517 0.699647 0.584635
0.642648 0.703930 0.585757
0.647761 0.708196 0.586857
0.652860 0.712428 0.587986
0.657850 0.716447 0.589277
0.662797 0.720470 0.590429
0.667784 0.724481 0.591731
0.672704 0.728457 0.592904
0.677592 0.732342 0.594213
0.682374 0.736123 0.595465
0.687071 0.739851 0.596595
0.691735 0.743505 0.597825
0.696451 0.747181 0.599197
0.701150 0.750839 0.600599
0.705646 0.754327 0.601809
0.710104 0.757789 0.603012
0.714571 0.761256 0.604287
0.719023 0.764682 0.605681
0.723483 0.768095 0.607212
0.727774 0.771416 0.608475
0.732019 0.774723 0.609696
0.736111 0.777849 0.610975
0.740414 0.781189 0.612522
0.744642 0.784460 0.614101
0.748729 0.787663 0.615461
0.752589 0.790682 0.616632
0.756466 0.793706 0.617992
0.760514 0.796929 0.619565
0.764498 0.800138 0.621087
0.768367 0.803291 0.622486
0.772064 0.806309 0.623782
0.775817 0.809410 0.625232
0.779459 0.812449 0.626626
0.783161 0.815570 0.628223
0.786751 0.818645 0.629681
0.790218 0.821615 0.631204
0.793611 0.824540 0.632761
0.797039 0.827578 0.634354
0.800485 0.830724 0.635926
0.803894 0.833900 0.637505
0.807014 0.836796 0.638933
0.810083 0.839649 0.640524
0.813136 0.842581 0.642093
0.816382 0.845891 0.643601
0.819616 0.849251 0.645178
