0.053185 0.068676 0.212246
0.054563 0.071625 0.214509
0.055947 0.074583 0.216783
0.057325 0.077551 0.218992
0.058686 0.080517 0.221093
0.060059 0.083497 0.223216
0.061462 0.086486 0.225509
0.062883 0.089485 0.227870
0.064305 0.092493 0.230209
0.065701 0.095498 0.232383
0.067100 0.098496 0.234598
0.068538 0.101525 0.236957
0.069991 0.104553 0.239393
0.071450 0.107586 0.241844
0.072890 0.110634 0.244123
0.074331 0.113678 0.246406
0.075794 0.116727 0.248801
0.077285 0.119790 0.251311
0.078786 0.122856 0.253858
0.080270 0.125928 0.256263
0.081748 0.128994 0.258643
0.083242 0.132073 0.261047
0.084778 0.135170 0.263640
0.086326 0.138265 0.266291
0.087859 0.141357 0.268838
0.089388 0.144479 0.271240
0.090925 0.147605 0.273651
0.092494 0.150699 0.276342
0.094085 0.153814 0.279078
0.095678 0.156950 0.281713
0.097252 0.160089 0.284191
0.098834 0.163216 0.286740
0.100461 0.166350 0.289509
0.102108 0.169498 0.292303
0.103762 0.172661 0.295059
0.105388 0.175811 0.297656
0.107024 0.178962 0.300262
0.108692 0.182122 0.303006
0.110409 0.185306 0.305901
0.112142 0.188521 0.308741
0.113826 0.191678 0.311457
0.115516 0.194832 0.314170
0.117240 0.197996 0.316997
0.119033 0.201254 0.319859
0.120842 0.204519 0.322733
0.122607 0.207711 0.325553
0.124376 0.210880 0.328420
0.126174 0.214078 0.331300
0.128035 0.217347 0.334222
0.129936 0.220650 0.337233
0.131808 0.223912 0.340135
0.133656 0.227129 0.342983
0.135534 0.230375 0.345872
0.137493 0.233704 0.348848
0.139470 0.237039 0.351824
0.141459 0.240380 0.354812
0.143412 0.243675 0.357666
0.145387 0.246966 0.360571
0.147446 0.250349 0.363583
0.149536 0.253763 0.366576
0.151620 0.257156 0.369515
0.153715 0.260538 0.372492
0.155809 0.263908 0.375414
0.157970 0.267354 0.378349
0.160187 0.270854 0.381359
0.162433 0.274375 0.384355
0.164646 0.277844 0.387231
0.166888 0.281338 0.390133
0.169152 0.284832 0.393040
0.171523 0.288464 0.395953
0.173952 0.292162 0.398909
0.176361 0.295806 0.401804
0.178723 0.299370 0.404602
0.181159 0.303023 0.407440
0.183729 0.306843 0.410309
0.186309 0.310649 0.413148
0.188906 0.314477 0.415946
0.191483 0.318254 0.418667
0.194076 0.322046 0.421299
0.196822 0.326018 0.424060
0.199635 0.330062 0.426797
0.202440 0.334068 0.429500
0.205243 0.338063 0.432098
0.208079 0.342098 0.434623
0.211021 0.346236 0.437220
0.214045 0.350448 0.439849
0.217095 0.354693 0.442396
0.220133 0.358904 0.444841
0.223258 0.363203 0.447310
0.226449 0.367571 0.449745
0.229700 0.371985 0.452171
0.233024 0.376477 0.454576
0.236374 0.380969 0.456942
0.239742 0.385469 0.459227
0.243339 0.390249 0.461567
0.246850 0.394877 0.463815
0.250404 0.399527 0.466039
0.254102 0.404346 0.468284
0.257833 0.409178 0.470420
0.261641 0.414075 0.472604
0.265526 0.419012 0.474785
0.269444 0.423973 0.476886
0.273435 0.428998 0.478911
0.277511 0.434092 0.480987
0.281634 0.439190 0.483041
0.285829 0.444366 0.484963
0.290109 0.449606 0.486916
0.294532 0.454962 0.488967
0.298947 0.460246 0.490921
0.303424 0.465594 0.492816
0.308064 0.471113 0.494730
0.312817 0.476649 0.496789
0.317615 0.482204 0.498752
0.322407 0.487772 0.500556
0.327248 0.493276 0.502472
0.332238 0.498937 0.504314
0.337350 0.504711 0.506165
0.342530 0.510528 0.508008
0.347643 0.516095 0.509945
0.352920 0.521840 0.511885
0.358328 0.527731 0.513783
0.363682 0.533515 0.515556
0.369176 0.539400 0.517385
0.374693 0.545224 0.519257
0.380267 0.551052 0.521151
0.385949 0.556964 0.523009
0.391665 0.562852 0.524910
0.397407 0.568739 0.526764
0.403114 0.574572 0.528530
0.408876 0.580425 0.530232
0.414808 0.586404 0.532111
0.420648 0.592151 0.534071
0.426448 0.597892 0.535835
0.432296 0.603639 0.537624
0.438225 0.609352 0.539632
0.444060 0.614943 0.541520
0.449927 0.620638 0.543233
0.455816 0.626270 0.545078
0.461697 0.631859 0.546958
0.467354 0.637131 0.548769
0.473079 0.642505 0.550570
0.478952 0.648035 0.552376
0.484760 0.653440 0.554233
0.490486 0.658767 0.555981
0.496100 0.663930 0.557740
0.501688 0.669053 0.559490
0.507297 0.674185 0.561222
0.512896 0.679294 0.562986
0.518507 0.684421 0.564761
0.523883 0.689247 0.566434
0.529232 0.694041 0.568128
0.534643 0.698907 0.569857
0.540053 0.703747 0.571603
0.545303 0.708395 0.573266
0.550470 0.712967 0.574903
0.555682 0.717594 0.576508
0.560818 0.722091 0.578150
0.565922 0.726530 0.579861
0.571006 0.730945 0.581591
0.576002 0.735325 0.583047
0.580992 0.739632 0.584696
0.585909 0.743898 0.586243
0.590731 0.747997 0.587865
0.595506 0.752085 0.589351
0.600282 0.756153 0.590901
0.605045 0.760161 0.592574
0.609697 0.764070 0.594096
0.614267 0.767919 0.595535
0.618828 0.771760 0.597005
0.623366 0.775526 0.598566
0.627910 0.779295 0.600196
0.632420 0.783043 0.601818
0.636796 0.786674 0.603276
0.641084 0.790243 0.604607
0.645432 0.793818 0.606218
0.649733 0.797332 0.607879
0.654040 0.800895 0.609441
0.658110 0.804243 0.610804
0.662169 0.807604 0.612150
0.666327 0.811046 0.613783
0.670482 0.814469 0.615503
0.674601 0.817918 0.617107
0.678521 0.821191 0.618571
0.682347 0.824364 0.620044
0.686187 0.827554 0.621652
0.690094 0.830843 0.623378
0.693858 0.834021 0.624966
0.697560 0.837156 0.626568
0.701177 0.840264 0.628042
0.704870 0.843471 0.629723
0.708445 0.846612 0.631243
0.712065 0.849858 0.632800
0.715612 0.853057 0.634394
0.718972 0.856063 0.635964
0.722268 0.859035 0.637542
0.725734 0.862271 0.639279
0.729155 0.865547 0.640869
0.732413 0.868667 0.642435
0.735442 0.871501 0.644132
0.738454 0.874369 0.645830
