0.049713
1.233410
-0.357314
1.098676
1.463700
-2.404918
0.626835
-0.386709
-0.459944
0.905181
-0.170522
-0.907659
0.067962
-0.489742
-0.172677
-0.422000
-1.405782
0.217315
-0.081974
-0.232904
-0.168523
0.484699
0.038267
0.340935
-0.402680
-0.524632
-1.373887
-1.092267
0.214998
-0.634561
-2.285827
1.247264
1.006749
-1.424336
1.015575
0.988225
0.210617
-0.112302
-0.685618
2.223245
-2.386635
-1.838043
-1.104997
-0.438012
-0.027181
1.305154
-1.437817
-0.273678
0.245487
-0.922213
-1.374963
0.116555
-0.814284
0.916133
-0.303088
1.808509
-0.692108
0.324383
-1.662097
0.766351
-0.518566
-0.028216
1.241552
-1.136197
-1.578191
0.208373
-1.200337
0.673766
-2.117527
0.522398
-0.070839
-0.932206
0.999675
0.384068
1.159125
0.486398
0.995404
0.632443
-0.521643
-0.330021
-0.059000
0.874492
-0.151990
1.124119
-0.387206
-0.214565
-0.765782
-0.525609
-1.299459
0.503126
-1.064981
0.578687
0.314310
0.577617
-0.011482
1.073269
-0.061502
-1.386064
1.007951
0.286269
-0.980597
1.769711
0.321670
1.496807
-0.171379
0.819254
-1.364351
0.495999
0.157192
1.121525
-0.505131
1.162404
-0.420329
1.463874
0.547167
-1.514227
-1.587079
0.938195
1.173309
-1.779912
1.154812
0.261804
-1.498698
0.491924
0.357211
-0.777531
0.200377
-0.142759
0.949592
-0.636865
0.308761
0.420216
0.934802
-1.311997
1.405672
-0.703817
0.833945
-1.111390
0.898351
0.574738
0.356796
-0.669527
1.566185
0.005290
0.810213
-0.369522
0.210002
-0.818383
1.478396
-0.420673
1.219385
0.564864
-0.675180
-0.490120
-1.178100
-0.216919
-1.209516
-0.461900
0.353111
0.702628
-1.260491
-0.645605
-1.069316
0.624237
0.372191
0.545670
0.903221
0.170380
-2.295937
0.566285
2.328886
-1.597257
-1.407798
-2.284010
-0.222118
0.564219
-1.022534
0.591403
-2.027828
0.366858
-0.621348
-0.354052
0.413508
0.391651
0.993962
2.543578
0.351030
-0.104162
-0.687516
-0.368138
-0.291592
-0.630844
1.075504
0.922510
-1.391873
2.331962
-0.518966
-0.744260
-2.847987
0.142556
-1.185631
-0.995198
0.503051
-2.036750
-1.770159
-0.042502
-0.307883
-1.470871
0.697771
1.333214
0.347130
-0.369066
0.140020
-2.244955
-1.040556
0.524978
1.127613
0.144934
0.790745
0.469561
0.239054
2.028060
0.410585
-0.512981
0.171102
-0.390610
-1.751494
-0.778578
-0.712864
-1.094328
-1.713739
-1.976972
0.618528
-0.530733
0.168363
-0.733127
-0.610001
-0.954645
1.596520
-0.096078
2.628536
-1.242661
0.719068
-0.243397
-0.304695
0.115155
-0.820740
-1.855435
1.642921
-0.413733
-0.921665
0.975151
0.172842
0.418512
1.620065
0.698127
-1.001720
0.219579
1.734083
-0.648193
-0.447351
0.429217
-0.128556
1.496273
0.042528
1.085662
1.382527
-0.124010
-0.957415
2.124861
0.802169
-0.323166
-3.015007
-1.744164
-0.915105
0.970914
1.166686
1.247813
1.969327
1.564842
0.201091
1.309421
-0.986762
-0.494716
-0.525055
1.455644
-0.548883
2.025393
0.583907
1.186347
2.279551
1.173598
-0.008180
-0.435565
1.369398
-1.108819
0.191288
0.302359
0.665702
-1.017746
-0.326466
0.821621
-0.101280
-1.532775
-1.506626
0.262972
-0.121737
0.241514
0.619615
0.324467
-0.305762
1.457560
-1.741273
-0.301595
0.474396
1.282152
1.584139
0.436234
0.413875
0.566096
0.383166
1.056696
-1.054367
0.109944
-0.259521
-0.929093
-0.561910
0.569893
-2.148046
0.288623
1.632526
-0.247809
0.970911
0.718640
1.891760
0.616792
-0.049781
1.773281
-0.398790
-0.082432
1.305371
-0.171492
-0.128790
-0.388346
1.453466
-0.617968
2.374872
-1.378320
2.390301
1.210342
0.635845
1.960872
-0.869209
0.397173
0.423075
1.026045
-0.166952
1.941309
-1.360975
-0.327914
0.352943
-0.987178
1.105272
0.321723
0.428023
-0.462303
-0.560195
-1.269745
-1.208903
-0.518896
-0.946031
-1.594811
-0.019967
1.223776
-0.144948
-0.300474
0.654452
-0.086530
0.450093
-0.296860
1.478374
0.350851
0.946271
-0.011870
-0.174749
0.704155
0.285461
0.659382
-1.050900
1.203586
-0.361502
-1.828197
-0.775513
-1.021509
1.250371
-0.446065
1.085676
1.528829
-1.029384
0.279606
1.380459
0.529933
0.307229
-1.742781
-0.744356
0.920940
0.512469
1.590676
1.073378
-1.235325
1.289781
0.547791
-0.870027
2.429385
0.180258
0.321378
-1.284404
0.051966
-0.533056
-0.104904
0.582940
3.664194
-0.434069
-0.119482
-1.470212
-0.154740
-0.236913
-1.977238
-0.498960
-0.335600
-0.046542
-2.921558
1.013441
0.023157
0.367559
-1.117762
0.057512
0.253418
-0.094993
0.943189
0.166955
0.463760
1.328306
-0.256460
-0.489316
-0.026175
-0.749315
-0.291941
-0.696412
-1.244820
-0.241854
-1.763583
-1.364912
0.999977
0.471211
-1.619077
-0.159616
0.459736
-0.793373
-0.078980
-1.313149
0.020478
0.484423
-0.028728
-1.265640
0.094847
0.734844
-0.333463
0.491138
-0.507575
0.247461
-0.334463
-0.778679
-0.467444
0.589948
-0.591590
0.623168
-1.083803
0.315374
-0.292396
-0.443532
0.110771
0.932119
-0.046540
-0.263113
0.445767
-0.950023
-0.849527
0.586792
1.205945
0.977520
-1.011380
0.519828
0.398565
1.669164
-0.426605
-0.494847
0.972458
0.501916
0.927071
-0.914344
-0.678446
-0.055624
-0.265796
0.129910
0.170149
0.492618
-1.996844
0.414049
0.650579
0.564193
-0.633620
0.055771
0.262435
0.566945
2.215328
-0.329174
-0.280558
1.464138
-1.217549
-0.282327
-0.176458
0.039248
-0.660309
2.020847
-1.619725
-0.014344
-0.428648
1.781857
-1.624107
-0.057039
-1.921299
1.471786
0.932140
0.125512
-0.467489
0.068125
-1.166548
-0.379187
-1.189194
-0.009944
0.549112
0.046162
1.418161
0.723225
1.370079
-1.107365
-0.023187
-1.252584
0.152375
0.818616
-0.788092
-0.116588
-0.326569
0.050058
-1.015970
0.995877
1.229172
-0.164619
-1.440287
-1.681067
0.856303
0.736126
-1.781304
-2.454117
0.335489
-0.861877
-1.475154
-1.206918
-1.012040
0.363520
0.505650
-0.779668
0.382252
0.638492
0.060761
-0.304021
-0.508154
-2.531374
-0.648624
0.133980
0.074224
-0.997383
-0.593306
-0.487055
0.639245
0.983398
0.048155
0.766718
1.574770
-1.054664
0.356025
-0.399539
0.283784
0.015642
-1.617177
-0.292312
-0.074025
-0.819626
0.390773
0.324208
0.058490
-0.731513
0.444899
-0.110275
0.282973
0.149737
-0.600365
-1.010244
-0.355468
0.776090
-0.574861
0.168053
0.082901
-0.720734
-0.792624
-0.769306
-1.140064
0.741373
-0.181911
-0.641401
-1.084867
0.426141
-0.354260
0.823571
0.074298
-0.440130
1.479983
1.625561
-1.213744
-0.379651
-1.387118
-1.027561
0.355599
-0.554667
-0.717989
0.482227
-0.053134
-0.636212
-1.725532
-0.927783
-0.432410
-1.201245
-0.239280
-0.672882
1.893800
-1.309632
0.524990
0.491609
2.407550
-0.097879
0.098888
-1.620823
-0.475258
0.095983
-0.980111
-0.297516
1.477046
-1.572779
0.289956
-1.348732
0.566270
-0.566678
-1.033559
-0.151743
1.159811
0.000769
-0.222289
-1.455471
0.426632
-0.754948
-1.562042
0.463877
-1.329640
-0.891067
0.643403
0.759467
0.224452
0.110042
0.388291
-1.206509
0.030923
-1.021850
-0.524869
-1.402050
0.369462
0.505550
-0.186158
0.848833
1.172482
-0.281264
0.160150
-1.794160
1.523925
1.390403
1.471908
2.232840
-0.396419
0.219020
0.558559
-1.442489
1.432973
-0.157054
-0.535871
-0.625182
-0.350434
0.086160
2.632362
0.418995
-1.244278
-0.984063
1.474790
1.179161
-0.276212
-0.611931
-0.132927
0.734527
1.744785
-0.393420
0.892998
-0.359253
0.144458
-0.648458
2.024849
-0.841643
1.928555
1.195440
0.280009
-0.091493
0.734520
0.448177
-0.514016
0.084966
-1.332436
-0.241084
