0.180595 -0.001951 0.180555
0.182205 0.001270 0.182150
0.183822 0.004517 0.183798
0.185545 0.007814 0.185837
0.187413 0.011215 0.188367
0.189258 0.014610 0.190908
0.190925 0.017975 0.192847
0.192483 0.021305 0.194526
0.194107 0.024683 0.196437
0.195958 0.028201 0.199108
0.197788 0.031784 0.201658
0.199433 0.035247 0.203737
0.200996 0.038717 0.205549
0.202539 0.042198 0.207349
0.204328 0.045791 0.210030
0.206130 0.049442 0.212748
0.207811 0.053069 0.215069
0.209354 0.056630 0.216994
0.210869 0.060202 0.218842
0.212576 0.063886 0.221383
0.214356 0.067668 0.224112
0.216083 0.071402 0.226793
0.217616 0.075043 0.228824
0.219089 0.078682 0.230661
0.220706 0.082425 0.232998
0.222505 0.086212 0.236102
0.224293 0.090004 0.239218
0.225828 0.093803 0.241196
0.227335 0.097562 0.243138
0.228908 0.101280 0.245532
0.230720 0.105159 0.248715
0.232506 0.109098 0.251676
0.234072 0.112934 0.253824
0.235565 0.116663 0.255891
0.237152 0.120446 0.258271
0.238981 0.124423 0.261382
0.240808 0.128397 0.264502
0.242536 0.132333 0.267195
0.244047 0.136057 0.269304
0.245573 0.139676 0.271696
0.247473 0.143774 0.274768
0.249401 0.147890 0.277901
0.251215 0.151921 0.280635
0.252828 0.155507 0.283322
0.254452 0.159081 0.286037
0.256361 0.163097 0.289056
0.258315 0.167230 0.291955
0.260239 0.171243 0.294885
0.261958 0.174866 0.297650
0.263646 0.178438 0.300266
0.265569 0.182251 0.303343
0.267669 0.186284 0.306653
0.269824 0.190327 0.310027
0.271687 0.193900 0.313024
0.273538 0.197416 0.315998
0.275545 0.201085 0.319165
0.277843 0.205017 0.322903
0.280096 0.208909 0.326396
0.282190 0.212514 0.329654
0.284246 0.215971 0.332964
0.286433 0.219526 0.336473
0.288815 0.223320 0.340066
0.291316 0.227169 0.343865
0.293626 0.230661 0.347537
0.295930 0.234099 0.351101
0.298219 0.237448 0.354651
0.300826 0.241068 0.358704
0.303569 0.244775 0.362869
0.306346 0.248492 0.366941
0.308778 0.251640 0.370829
0.311229 0.254730 0.374720
0.313945 0.258092 0.378811
0.317053 0.261830 0.383301
0.320139 0.265426 0.387789
0.322771 0.268399 0.391889
0.325527 0.271485 0.395997
0.328569 0.274745 0.400504
0.331921 0.278272 0.405275
0.335398 0.281787 0.410309
0.338525 0.284913 0.414783
0.341537 0.287852 0.419120
0.344881 0.291110 0.423606
0.348565 0.294563 0.428553
0.352383 0.298005 0.433752
0.356009 0.301297 0.438422
0.359574 0.304537 0.442777
0.363330 0.307831 0.447411
0.367541 0.311444 0.452492
0.371673 0.314976 0.457264
0.375853 0.318480 0.462023
0.380148 0.322077 0.466665
0.384454 0.325634 0.471209
0.389091 0.329465 0.475838
0.394060 0.333498 0.480729
0.398189 0.336778 0.484789
0.403364 0.340945 0.489481
0.408785 0.345323 0.494136
0.414013 0.349490 0.498501
0.419388 0.353724 0.502943
0.425035 0.358226 0.507246
0.430771 0.362872 0.511238
0.436818 0.367708 0.515437
0.442910 0.372530 0.519613
0.449293 0.377647 0.523633
0.455872 0.383001 0.527459
0.462509 0.388266 0.531488
0.469313 0.393733 0.535301
0.476018 0.399253 0.538571
0.483138 0.405169 0.541888
0.490494 0.411220 0.545370
0.497608 0.417048 0.548601
0.504571 0.423072 0.550937
0.511657 0.429167 0.553365
0.519433 0.435647 0.556511
0.527322 0.442569 0.558938
0.534733 0.448973 0.561282
0.541994 0.455236 0.563498
0.549380 0.461623 0.565697
0.557304 0.468950 0.567190
0.564760 0.475784 0.568591
0.571951 0.482243 0.570089
0.579560 0.489075 0.571802
0.586691 0.495525 0.573168
0.593909 0.502208 0.574231
0.600984 0.508826 0.575096
0.607589 0.514931 0.575884
0.614235 0.521146 0.576512
0.620839 0.527261 0.577227
0.627803 0.533607 0.578259
0.634347 0.539483 0.579249
0.640324 0.544901 0.579780
0.646470 0.550776 0.579791
0.652854 0.556569 0.580464
0.658968 0.562090 0.581005
0.664499 0.567340 0.580711
0.670255 0.572708 0.580675
0.676064 0.577703 0.581397
0.681544 0.582567 0.581596
0.687013 0.587414 0.581742
0.692972 0.592859 0.581805
0.698808 0.597969 0.582151
0.703768 0.602088 0.582420
0.708748 0.606333 0.582453
0.713976 0.610646 0.582864
0.719411 0.615227 0.583174
0.724775 0.619681 0.583506
0.729714 0.623664 0.583800
0.734601 0.627575 0.584074
0.739365 0.631288 0.584428
0.744615 0.635515 0.584843
0.749891 0.639726 0.585287
0.754808 0.643516 0.585741
0.759330 0.646960 0.585989
0.764186 0.650707 0.586393
0.769472 0.654750 0.587139
0.774237 0.658211 0.587915
0.778855 0.661659 0.588372
0.783457 0.665161 0.588643
0.788073 0.668652 0.588960
0.792718 0.671806 0.590199
0.797152 0.675034 0.590716
0.801901 0.678366 0.591820
0.806574 0.681847 0.592421
0.811338 0.685202 0.593638
0.815787 0.688333 0.594586
0.819976 0.691414 0.594972
0.824345 0.694525 0.595897
0.829053 0.697836 0.597356
0.833735 0.701133 0.598844
0.837855 0.704106 0.599627
0.841855 0.707017 0.600258
0.845966 0.710005 0.601100
0.850332 0.713125 0.602569
0.854932 0.716370 0.604654
0.858872 0.719314 0.605462
0.862766 0.722330 0.606055
0.866271 0.724815 0.606988
0.870850 0.728305 0.609046
0.875254 0.731612 0.611225
0.879032 0.734556 0.612247
0.882173 0.737008 0.612557
0.885471 0.739469 0.613620
0.889644 0.742846 0.615556
0.893809 0.746376 0.617322
0.897617 0.749704 0.618486
0.900822 0.752459 0.619126
0.904473 0.755696 0.620465
0.907935 0.758840 0.621616
0.911744 0.762316 0.623588
0.915095 0.765451 0.624773
0.918337 0.768423 0.626435
0.921307 0.771071 0.628122
0.924510 0.774145 0.629848
0.928093 0.777925 0.631566
0.931693 0.781873 0.633293
0.934209 0.784430 0.634264
0.936680 0.786806 0.635964
0.939402 0.789721 0.637655
0.943039 0.794353 0.638971
0.946670 0.799094 0.640486
