51.569445
51.837940
52.106436
52.374931
52.643426
52.911921
53.180416
53.448912
53.717407
53.985902
54.254397
54.522892
54.791388
55.059883
55.328378
55.596873
55.865368
56.133864
56.402359
56.670854
56.939349
57.207844
57.476340
57.744835
58.013330
58.281825
58.550320
58.818816
59.087311
59.355806
59.624301
59.892796
60.161292
60.429787
60.698282
60.966777
61.235272
61.503768
61.772263
62.040758
62.309253
62.577748
62.846244
63.114739
63.383234
63.651729
63.920224
64.188720
64.457215
64.725710
64.994205
65.262700
65.531196
65.799691
66.068186
66.336681
66.605176
66.873672
67.142167
67.410662
67.679157
67.947652
68.216148
68.484643
68.753138
69.021633
69.290128
69.558624
69.827119
70.095614
70.364109
70.632604
70.901100
71.169595
71.438090
71.706585
71.975080
72.243576
72.512071
72.780566
73.049061
73.317556
73.586052
73.854547
74.123042
74.391537
74.660032
74.928528
75.197023
75.465518
75.734013
76.002508
76.271004
76.539499
76.807994
77.076489
77.344984
77.613480
77.881975
78.150470
78.418965
78.687460
78.955956
79.224451
79.492946
79.761441
80.029936
80.298432
80.566927
80.835422
81.103917
81.372412
81.640908
81.909403
82.177898
82.446393
82.714888
82.983384
83.251879
83.520374
83.788869
84.057364
84.325860
84.594355
84.862850
85.131345
85.399840
85.668336
85.936831
86.205326
86.473821
86.742316
87.010812
87.279307
87.547802
87.816297
88.084792
88.353288
88.621783
88.890278
89.158773
89.427268
89.695764
89.964259
90.232754
90.501249
90.769744
91.038240
91.306735
91.575230
91.843725
92.112220
92.380716
92.649211
92.917706
93.186201
93.454696
93.723192
93.991687
94.260182
94.528677
94.797172
95.065668
95.334163
95.602658
95.871153
96.139648
96.408144
96.676639
96.945134
97.213629
97.482124
97.750620
98.019115
98.287610
98.556105
98.824600
99.093096
99.361591
99.630086
99.898581
100.167076
100.435572
100.704067
100.972562
101.241057
101.509552
101.778048
102.046543
102.315038
102.583533
102.852028
103.120524
103.389019
103.657514
103.926009
104.194504
104.463000
104.731495
104.999990
