1.664327
0.855485
1.338715
0.847711
0.346832
0.828653
0.773729
1.082084
0.664951
1.703008
0.979262
0.808614
0.695483
0.458868
3.031925
0.800304
1.078736
0.754880
1.135914
1.732535
0.586224
0.229089
0.821608
1.053995
0.663694
1.276706
0.618055
1.578538
0.943518
0.836206
0.515097
0.507478
1.094590
0.949860
1.318293
1.514431
1.493378
0.576012
1.983057
0.949948
0.500586
2.022391
2.885644
2.605430
0.583331
3.894877
0.611529
0.562424
0.525655
1.474241
0.819464
1.718864
0.409367
3.100520
0.881676
1.698038
0.237255
1.018638
1.430651
0.965349
0.459152
2.441450
0.365001
1.424090
0.916096
0.707313
0.675273
0.369876
0.768754
1.628665
1.810423
0.505122
0.422269
0.588165
1.837967
0.373809
1.191839
2.483262
1.032706
1.353269
1.925326
2.144024
0.597653
3.362579
0.899512
1.392328
1.947059
1.322031
1.903823
4.880503
0.609367
1.458261
0.561379
1.294823
0.858593
1.395723
0.394178
1.590050
0.632314
2.399933
0.465286
0.297634
0.707701
0.487713
0.921673
0.536804
1.515556
0.476954
0.601212
0.842637
2.249870
1.968534
3.199931
1.098292
1.703761
2.042160
0.824244
0.945162
1.411658
0.578291
1.369858
2.537295
1.961667
0.776115
1.391428
0.976257
0.186161
4.353820
0.902903
4.075447
0.855991
0.866737
1.038316
2.667068
0.781796
0.713881
1.202062
1.495331
0.757707
0.332749
0.302119
0.494465
0.539440
1.234202
5.976948
0.956928
0.612129
1.536931
0.293062
1.283977
0.566637
1.637060
1.235097
2.113584
0.213471
0.674508
2.192649
0.489279
1.379176
0.626009
0.596657
0.441910
0.979012
0.582679
0.710054
2.944016
1.077986
2.935764
1.342533
1.289691
5.126939
1.208325
0.300675
0.421280
1.131128
0.466778
0.760410
0.862693
0.544529
1.758483
1.581219
0.625778
0.779945
0.689879
3.328473
0.905897
0.231594
1.087815
0.781672
0.764690
0.908328
0.673452
1.854683
2.751538
0.887833
2.204814
0.635057
0.660731
0.949732
1.268991
0.654237
0.754952
0.749005
0.680935
0.676173
5.976948
0.949142
0.454928
0.317377
1.609567
0.707104
0.933941
2.237856
1.647300
1.402484
0.734327
0.843523
0.609828
3.848184
0.453243
0.532710
2.291283
0.875374
0.990049
0.597515
0.887766
1.269733
0.657596
0.656393
0.526883
1.674623
0.835422
2.675610
1.085757
1.141431
0.751414
2.508296
3.521400
2.976554
1.222600
0.257104
0.948350
1.076977
0.783299
0.876328
1.231437
3.188463
1.363747
4.351724
0.652634
0.555344
1.226060
1.101519
0.992534
2.836193
0.463304
0.578238
0.667849
0.520795
0.528474
1.207099
0.514744
0.712520
1.204837
4.462253
0.873253
3.885599
1.171282
1.133508
0.863746
1.686211
0.738844
0.589174
2.069144
1.509519
1.655956
0.145957
1.447665
2.974127
3.024524
1.449694
0.768524
0.360618
0.952118
0.713050
2.801649
0.957251
0.724180
2.117801
4.030432
1.378223
5.318223
0.500129
0.612867
0.758642
0.827065
1.689056
2.057520
0.628893
0.713115
1.010094
2.182936
3.932954
0.411185
0.503888
0.589134
1.953165
0.974792
1.290332
2.556505
0.496294
1.083114
0.969642
0.734954
0.602911
3.618278
1.775862
5.976948
0.721453
5.976948
0.718462
0.362955
0.637906
4.047739
2.307273
1.280464
3.327767
0.574098
1.776045
0.571139
2.903756
1.187288
5.976948
0.784403
2.075303
1.093385
0.595912
1.918757
0.733470
1.562946
0.573069
1.181126
0.756375
2.121888
0.817544
3.071143
3.458093
1.459339
2.825669
0.700467
1.586516
2.277199
1.178374
0.576110
0.947606
1.207438
0.239873
1.110420
1.115610
0.489426
1.006781
3.230597
0.553518
1.156609
0.836654
0.523134
1.190474
0.835326
0.604223
0.950444
0.319494
2.872867
3.832548
0.984520
1.389250
1.540854
0.733901
0.499966
2.545536
1.882902
0.691260
0.525001
0.821476
0.923731
1.082010
2.548159
0.548988
0.906324
0.796445
0.506709
0.689682
1.998397
0.961655
1.233223
1.648923
0.479511
5.976948
0.499173
0.428788
0.819109
6.002330
6.002330
1.756857
0.941269
0.667728
1.761748
0.430403
1.390476
2.154634
2.810800
2.999676
0.345525
1.445094
1.272032
1.584573
4.893130
0.406668
1.481172
0.465925
1.924760
1.239657
1.140771
0.667186
0.942662
0.733241
0.685648
0.454519
0.989371
1.293769
0.599658
0.531672
0.917795
0.424493
3.175993
0.832797
0.994002
0.622820
0.263152
0.522988
0.360235
0.463218
0.688776
1.383215
0.465184
1.022997
1.502058
1.061952
1.492123
0.827643
0.589965
0.896090
0.586106
0.739881
0.623126
0.501604
1.456265
0.685746
1.351650
0.393741
0.847590
2.250890
0.504786
3.959258
0.435513
0.862899
0.422008
0.467331
6.002330
1.066440
1.040147
0.978116
0.723409
0.830019
0.408167
0.799097
0.807629
0.216636
0.606277
1.686823
0.616249
1.370416
2.651137
1.539867
1.045902
0.755662
0.909400
1.971373
2.512806
0.418640
1.003675
1.804170
0.943090
0.334592
2.203139
1.537049
1.627001
3.020278
1.347341
1.436350
0.661399
1.389550
2.045785
0.744651
0.333816
1.158860
4.321404
2.666344
0.382384
0.552795
0.746736
5.976948
0.856422
2.178596
0.476229
0.435784
0.840473
0.415869
1.030785
1.264460
2.098520
0.914236
1.589202
1.066285
1.387592
0.848598
0.769321
1.005083
2.276486
0.435786
0.779440
0.800450
0.575033
0.377321
0.498479
0.618877
1.221005
1.685696
0.608100
0.792084
0.986450
1.430010
1.114752
0.837858
1.994268
1.692879
0.801457
0.254403
0.501429
1.097267
1.571439
2.464832
0.976741
1.179358
0.235099
0.823781
1.890802
1.043732
0.980553
0.705337
1.135057
0.756551
0.876447
1.238050
0.367624
0.810107
0.935009
1.961801
0.549788
0.566911
0.599926
0.829161
0.743731
2.506777
1.008786
1.147551
1.450196
0.663553
1.156500
1.133754
1.371959
0.436909
0.777704
1.122960
1.392348
1.160825
0.491032
0.871470
1.008110
0.419410
0.455286
0.476213
1.432611
0.463947
0.318604
0.610219
0.376368
5.461611
0.819276
0.317300
0.801944
2.564111
1.094382
0.317175
0.250483
1.561370
1.442058
0.829303
0.756035
0.905555
0.994527
1.176201
0.319336
0.362133
2.235994
0.418815
0.344474
0.999407
1.058244
0.636426
0.542587
0.930048
1.736635
1.131980
0.988574
1.476854
0.961598
0.872504
2.506968
0.584376
0.201482
0.653564
0.451909
1.606267
0.783215
0.830105
1.906363
0.532982
2.975934
0.481633
1.114986
0.687731
1.708283
0.538761
0.778611
1.837154
2.073418
0.844338
1.825394
3.501429
4.507286
0.499504
0.525505
0.580098
1.379895
4.390241
0.755898
0.894492
2.722009
0.748706
2.128152
0.587623
0.841773
0.760509
0.579644
1.042640
1.075686
1.022674
1.232446
0.493719
1.096165
0.683403
0.843756
5.976948
0.390530
0.684228
0.588400
0.665178
1.435928
1.225491
1.296455
1.182340
0.924530
1.208887
0.805945
0.916141
0.828975
0.581033
0.444254
0.594596
0.705991
0.428504
1.431985
0.811938
2.347770
0.810158
0.915550
0.783285
0.611180
0.544703
3.028532
1.548997
1.610234
1.310476
0.286990
0.708927
0.209364
1.374023
2.586606
0.540509
1.282573
0.671446
2.897529
0.671040
1.049346
1.919658
0.603849
1.337258
2.207027
0.474817
0.806420
0.255814
0.471501
3.381206
0.722195
0.853179
1.315925
5.976948
1.746676
0.723969
1.473673
0.469393
0.571406
0.577818
0.636577
1.274970
