0.145471 0.013135 0.191069
0.146952 0.016193 0.192857
0.148439 0.019271 0.194686
0.149991 0.022378 0.196787
0.151629 0.025547 0.199223
0.153254 0.028715 0.201672
0.154775 0.031880 0.203719
0.156229 0.035031 0.205592
0.157726 0.038212 0.207630
0.159360 0.041473 0.210186
0.160983 0.044782 0.212663
0.162495 0.048027 0.214830
0.163961 0.051287 0.216818
0.165414 0.054559 0.218802
0.167018 0.057888 0.221389
0.168632 0.061257 0.224005
0.170175 0.064624 0.226356
0.171637 0.067963 0.228445
0.173083 0.071316 0.230486
0.174648 0.074729 0.233000
0.176262 0.078206 0.235645
0.177842 0.081657 0.238260
0.179310 0.085070 0.240445
0.180744 0.088492 0.242500
0.182268 0.091973 0.244896
0.183904 0.095470 0.247817
0.185536 0.098974 0.250748
0.187023 0.102518 0.252915
0.188497 0.106045 0.255065
0.190008 0.109537 0.257519
0.191671 0.113120 0.260510
0.193325 0.116755 0.263356
0.194852 0.120353 0.265660
0.196333 0.123887 0.267907
0.197879 0.127458 0.270373
0.199578 0.131142 0.273333
0.201281 0.134831 0.276298
0.202931 0.138517 0.278984
0.204451 0.142086 0.281276
0.205978 0.145585 0.283758
0.207755 0.149393 0.286705
0.209555 0.153220 0.289693
0.211293 0.157011 0.292413
0.212898 0.160516 0.295102
0.214518 0.164023 0.297811
0.216333 0.167826 0.300725
0.218191 0.171721 0.303559
0.220033 0.175546 0.306413
0.221744 0.179122 0.309153
0.223449 0.182684 0.311801
0.225311 0.186405 0.314753
0.227296 0.190277 0.317853
0.229330 0.194174 0.321004
0.231180 0.197772 0.323898
0.233030 0.201339 0.326772
0.234997 0.205025 0.329781
0.237159 0.208889 0.333160
0.239304 0.212739 0.336368
0.241361 0.216420 0.339430
0.243402 0.220007 0.342520
0.245537 0.223667 0.345734
0.247820 0.227511 0.349006
0.250190 0.231402 0.352405
0.252446 0.235057 0.355716
0.254719 0.238697 0.358965
0.256993 0.242285 0.362199
0.259487 0.246065 0.365749
0.262091 0.249928 0.369378
0.264731 0.253807 0.372935
0.267161 0.257300 0.376380
0.269627 0.260771 0.379839
0.272280 0.264440 0.383413
0.275203 0.268381 0.387227
0.278137 0.272242 0.391054
0.280794 0.275673 0.394645
0.283548 0.279186 0.398233
0.286516 0.282845 0.402086
0.289702 0.286699 0.406095
0.292988 0.290555 0.410270
0.296076 0.294147 0.414114
0.299108 0.297607 0.417876
0.302375 0.301299 0.421723
0.305888 0.305147 0.425865
0.309513 0.308998 0.430178
0.313033 0.312738 0.434160
0.316532 0.316436 0.437946
0.320179 0.320184 0.441919
0.324149 0.324173 0.446175
0.328084 0.328099 0.450242
0.332075 0.332007 0.454312
0.336160 0.335980 0.458309
0.340273 0.339923 0.462255
0.344621 0.344063 0.466250
0.349207 0.348353 0.470419
0.353271 0.352088 0.474088
0.358032 0.356470 0.478141
0.362969 0.360997 0.482170
0.367811 0.365375 0.486037
0.372763 0.369794 0.489949
0.377914 0.374405 0.493781
0.383134 0.379104 0.497400
0.388581 0.383943 0.501161
0.394080 0.388771 0.504913
0.399794 0.393811 0.508575
0.405646 0.399007 0.512097
0.411572 0.404151 0.515768
0.417629 0.409440 0.519305
0.423646 0.414763 0.522483
0.429948 0.420359 0.525674
0.436445 0.426070 0.528997
0.442826 0.431643 0.532170
0.449115 0.437339 0.534709
0.455519 0.443100 0.537308
0.462435 0.449173 0.540431
0.469440 0.455551 0.543036
0.476173 0.461591 0.545586
0.482852 0.467565 0.548055
0.489655 0.473656 0.550519
0.496835 0.480407 0.552455
0.503752 0.486854 0.554332
0.510538 0.493081 0.556281
0.517637 0.499592 0.558365
0.524443 0.505864 0.560188
0.531344 0.512330 0.561783
0.538177 0.518778 0.563220
0.544706 0.524884 0.564573
0.551294 0.531100 0.565801
0.557871 0.537267 0.567071
0.564714 0.543621 0.568555
0.571260 0.549638 0.569966
0.577442 0.555360 0.571039
0.583759 0.561420 0.571718
0.590224 0.567417 0.572843
0.596502 0.573220 0.573848
0.602399 0.578846 0.574241
0.608433 0.584538 0.574790
0.614471 0.589943 0.575853
0.620291 0.595256 0.576530
0.626103 0.600555 0.577160
0.632235 0.606253 0.577704
0.638271 0.611704 0.578443
0.643668 0.616409 0.579097
0.649078 0.621190 0.579577
0.654626 0.625988 0.580307
0.660307 0.630955 0.580957
0.665919 0.635806 0.581613
0.671209 0.640280 0.582223
0.676456 0.644687 0.582820
0.681605 0.648933 0.583473
0.687050 0.653496 0.584150
0.692503 0.658029 0.584849
0.697698 0.662242 0.585558
0.702601 0.666175 0.586116
0.707701 0.670281 0.586771
0.713083 0.674582 0.587673
0.718078 0.678431 0.588583
0.722957 0.682240 0.589270
0.727823 0.686073 0.589843
0.732690 0.689881 0.590457
0.737506 0.693389 0.591668
0.742196 0.696947 0.592409
0.747076 0.700555 0.593550
0.751890 0.704238 0.594351
0.756733 0.707800 0.595562
0.761351 0.711187 0.596596
0.765790 0.714525 0.597263
0.770310 0.717842 0.598278
0.775040 0.721279 0.599658
0.779748 0.724697 0.601068
0.784050 0.727859 0.601998
0.788269 0.730974 0.602841
0.792552 0.734133 0.603835
0.796967 0.737343 0.605235
0.801513 0.740612 0.607043
0.805618 0.743678 0.608015
0.809676 0.746778 0.608849
0.813441 0.749496 0.609902
0.817904 0.752866 0.611702
0.822233 0.756099 0.613586
0.826150 0.759106 0.614725
0.829605 0.761760 0.615384
0.833151 0.764415 0.616549
0.837268 0.767664 0.618296
0.841353 0.770992 0.619924
0.845185 0.774186 0.621160
0.848597 0.777004 0.622061
0.852287 0.780122 0.623419
0.855819 0.783161 0.624648
0.859574 0.786414 0.626428
0.863019 0.789463 0.627706
0.866346 0.792373 0.629281
0.869485 0.795083 0.630889
0.872772 0.798078 0.632531
0.876286 0.801512 0.634157
0.879795 0.805050 0.635791
0.882553 0.807704 0.636940
0.885262 0.810236 0.638573
0.888108 0.813100 0.640189
0.891571 0.817078 0.641558
0.895025 0.821136 0.643068
