0.154072
0.205647
0.126078
0.175074
0.156784
0.233437
0.093927
0.171054
0.236060
0.287725
0.224464
0.106794
0.110685
0.226223
0.769369
0.111368
0.104813
0.273880
0.151608
0.171446
0.221828
0.383596
0.288267
0.163782
0.263662
0.103754
0.196218
0.174352
0.228282
0.315469
0.103781
0.180012
0.160596
0.184040
0.164531
0.130155
0.165444
0.322833
0.138214
0.209266
0.340344
0.137102
0.203378
0.193917
0.168574
0.323614
0.220303
0.239115
0.269478
0.429382
0.320838
0.579839
0.332902
0.334985
0.374814
0.149321
0.344322
0.215750
0.150719
0.267514
0.131657
0.432476
0.191198
0.262776
0.339925
0.148717
0.174964
0.136542
0.170739
0.270806
0.116305
0.464137
0.169187
0.302231
0.194575
0.198601
0.193125
0.232177
0.170126
0.192138
0.217589
0.128444
0.264368
0.305632
0.320264
0.159651
0.193959
0.153083
0.142548
0.167171
0.256777
0.259778
0.281270
0.192344
0.262597
0.357421
0.414176
0.183564
0.234804
0.158178
0.232402
0.201106
0.418496
0.121935
0.338051
0.495221
0.268492
0.285060
0.224589
0.480726
0.223958
0.243747
0.071624
0.296040
0.233505
0.218358
0.204462
0.257799
0.203807
0.087770
0.183049
0.179558
0.147139
0.294940
0.172063
0.322060
0.542648
0.250404
0.284534
0.375913
0.138988
0.141503
0.201178
0.360584
0.196138
0.525002
0.189586
0.228459
0.850721
0.277908
0.197930
0.155833
0.206616
0.174820
0.197574
0.158517
0.300805
0.221956
0.153636
0.231174
0.137666
0.178532
0.074559
0.398048
0.093931
0.204739
0.207447
0.180335
0.267873
0.138869
0.135802
0.226358
0.182196
0.159788
0.203760
0.363456
0.184304
0.229052
0.172930
0.225589
0.208543
0.245429
0.178944
0.125988
0.125186
0.284506
0.162276
0.205886
0.116082
0.186971
0.279848
0.375838
0.280610
0.139401
0.752023
0.207878
0.465327
0.165196
0.152927
0.179607
0.167473
0.172409
0.486370
0.151306
0.195214
0.235010
0.099644
0.144423
0.187389
0.310266
0.243041
0.144263
0.093511
0.244085
0.294618
0.179941
0.203411
0.242485
0.365085
0.215054
0.158294
0.247305
0.221264
0.100279
0.072445
0.251616
0.278365
0.281061
0.389791
0.252033
0.136657
0.321823
0.122385
0.185385
0.272251
0.149848
0.130274
0.265859
0.118485
0.210370
0.167201
0.160277
0.201442
0.435373
0.200133
0.185216
0.231030
0.069610
0.274866
0.234670
0.313881
0.275767
0.219532
0.612305
0.122568
0.184459
0.273964
0.203932
0.095039
0.292260
0.183863
0.347679
0.169646
0.144469
0.188440
0.125492
0.219204
0.140147
0.198654
0.087663
0.237780
0.227123
0.454072
0.173150
0.073983
0.279801
0.365729
0.172502
0.230481
0.110564
0.140340
0.270668
0.219050
0.179944
0.183476
0.125826
0.186603
0.159104
0.369830
0.219084
0.114069
0.196992
0.232594
0.204942
0.171726
0.315779
0.143495
0.243186
0.191795
0.144033
0.102166
0.252198
0.232221
0.210518
0.182408
0.407546
0.176770
0.143665
0.210567
0.254387
0.116313
0.285408
0.118678
0.191995
0.230794
0.114686
0.258298
0.193536
0.127986
0.197605
0.165849
0.119601
0.133003
0.211128
0.337548
0.382789
0.189679
0.283321
0.478513
0.348387
0.220581
0.115312
0.237647
0.143188
0.199789
0.178720
0.176050
0.255542
0.139746
0.258871
0.212102
0.212897
0.263108
0.222492
0.091714
0.341418
0.295044
0.401104
0.231027
0.145544
0.265983
0.199572
0.158229
0.275717
0.139683
0.214499
0.177797
0.239016
0.189406
0.798334
0.284361
0.338023
0.150923
0.160729
0.209041
0.110290
0.716673
0.213672
0.175040
0.483364
0.175311
0.211999
0.141769
0.129067
0.193881
0.279741
0.118134
0.410074
0.416257
0.240277
0.185246
0.328564
0.216376
0.188689
0.134109
0.162681
0.141462
0.201081
0.227637
0.100354
0.401922
0.248222
0.280544
0.308301
0.178152
0.123026
0.284043
0.146584
0.325176
0.155490
0.233453
0.277223
0.241955
0.156291
0.453303
0.307066
0.190459
0.123267
0.188080
0.310851
0.190335
0.300337
0.168568
0.203364
0.207425
0.128019
0.247868
0.142785
0.181248
0.724599
0.240688
0.216030
0.230710
0.139756
0.278370
0.343397
0.127929
0.274587
0.241600
0.177340
0.142970
0.394018
0.179090
0.104951
0.231084
0.092418
0.074057
0.237426
0.138974
0.086123
0.285384
0.126771
0.195166
0.283813
0.241231
0.212189
0.119637
0.185637
0.105668
0.222883
0.198264
0.164835
0.170304
0.158151
0.137051
0.191098
0.162663
0.279315
0.177559
0.109156
0.238029
0.171419
0.353902
0.215586
0.146784
0.168927
0.058863
0.213950
0.212541
0.173391
0.115600
0.200100
0.396599
0.134978
0.132181
0.213341
0.383088
0.297116
0.420242
0.151429
0.074529
0.131776
0.268844
0.316864
0.139575
0.376109
0.105559
0.230195
0.147798
0.092907
0.274708
0.190960
0.193607
0.134527
0.090210
0.196327
0.380846
0.151364
0.114115
0.174057
0.297890
0.170423
0.168887
0.077652
0.129381
0.429610
0.235387
0.102408
0.306763
0.408657
0.305311
0.182852
0.135685
0.224606
0.222913
0.182702
0.167025
0.121132
0.193599
0.134515
0.217187
0.106247
0.203012
0.256933
0.113247
0.113837
0.180182
0.325681
0.191585
0.260465
0.103861
0.135992
0.183797
0.113162
0.112376
0.125541
0.093819
0.173713
0.299529
0.127345
0.124578
0.178590
0.286563
0.207636
0.255590
0.110925
0.279805
0.175268
0.209561
0.207919
0.181436
0.140630
0.107647
0.100083
0.193617
0.067868
0.114016
0.164357
0.160211
0.178529
0.190828
0.214916
0.205285
0.092756
0.243295
0.116728
0.159373
0.167240
0.142220
0.171444
0.272864
0.167422
0.176394
0.082335
0.288558
0.186318
0.233299
0.113691
0.129189
0.178181
0.218833
0.132274
0.216195
0.231652
0.158355
0.124424
0.165223
0.300287
0.124659
0.109362
0.280015
0.352587
0.142710
0.101649
0.197630
0.119757
0.150335
0.330142
0.164464
0.157403
0.130402
0.083342
0.387489
0.161770
0.186794
0.149932
0.224300
0.172769
0.139104
0.153782
0.243951
0.113830
0.145982
0.166328
0.091554
0.091463
0.190525
0.166547
0.183021
0.162203
0.177406
0.149414
0.261553
0.229816
0.194627
0.213626
0.122656
0.111849
0.137364
0.141972
0.193117
0.176953
0.079067
0.144426
0.312470
0.162871
0.200157
0.204011
0.367304
0.138258
0.100661
0.109938
0.172089
0.082107
0.131921
0.094451
0.199042
0.089527
0.114267
0.107137
0.112590
0.062023
0.114086
0.133929
0.205351
0.105284
0.120704
0.168479
0.339044
0.134636
0.172329
0.173749
0.104314
0.396986
0.236936
0.140019
0.126241
0.271750
0.153715
0.150255
0.170286
0.200663
0.139710
0.192692
0.173431
0.110141
0.083244
0.163845
0.140469
0.179568
0.236232
0.117610
0.312459
0.218400
0.217518
0.122683
0.099370
0.199148
0.093607
0.174696
0.143280
0.177304
0.110750
0.109059
0.148371
0.333029
0.153826
0.077000
0.098499
0.113833
0.133510
0.265752
0.279082
0.099657
0.171856
0.246979
0.138551
0.228853
0.140269
0.140456
0.093336
0.203173
0.104732
0.122664
0.096739
0.087462
0.138681
0.071552
0.141976
0.110663
0.216314
0.178119
0.091476
0.150761
0.124881
0.093688
0.129562
0.178836
0.151842
0.193477
0.242471
0.223717
0.309202
0.426041
0.163563
0.190733
0.228595
0.159883
0.135227
0.156954
0.133329
0.307514
0.097864
0.083151
0.183352
