0.913662
2.743500
0.973739
1.222240
0.879845
0.925198
0.544373
1.668572
2.591645
1.607930
1.297439
1.053193
2.097385
3.215926
1.066962
0.553761
1.675244
0.523043
0.783311
0.919183
0.961227
2.132787
1.308084
0.459920
1.547472
1.393050
3.028683
0.933854
2.369727
0.993340
1.436838
1.882048
2.033411
0.397053
0.615899
3.306063
1.409172
1.468779
0.832479
3.067252
0.439188
1.289581
2.975641
0.654999
0.448583
1.108697
2.503218
0.278209
0.490330
0.464010
2.059300
3.299845
1.229769
1.102176
1.463628
1.891419
0.287129
1.723588
0.949795
2.543426
2.117304
0.450638
0.429520
0.752632
1.155417
0.676765
0.348584
1.031658
0.552945
1.080184
0.450390
0.268323
1.666535
0.442626
2.181052
0.564374
0.562943
0.975145
1.077665
0.877181
0.719549
0.762828
0.823291
1.089527
0.510121
1.329968
1.585915
3.199224
0.671597
1.424901
3.312581
0.535923
0.464723
0.441607
0.777643
0.667619
0.690023
0.844969
0.857951
0.919348
1.191374
3.267552
1.401051
0.654447
1.223567
0.938880
0.665271
1.511523
0.637545
0.794934
0.773653
1.200624
1.085389
1.666627
1.016475
0.563432
1.381308
1.476086
2.847861
0.852799
0.494084
1.036614
0.488109
0.521633
0.793216
0.575368
0.779300
0.768878
0.383979
1.137678
0.855661
0.816454
3.269360
1.220750
0.501211
1.111387
0.929980
0.759278
0.380139
1.238121
0.878736
0.946945
0.420214
2.337562
0.923288
1.115896
0.702149
0.863749
1.712364
1.003377
0.658335
0.932380
1.359713
0.652512
1.199512
1.504973
1.500221
0.701867
0.795164
2.007036
3.217678
2.053526
0.754332
0.620738
0.792446
3.313661
0.422541
1.189083
1.177500
1.158299
0.956336
1.522226
0.637574
2.570859
1.821647
0.624127
3.269899
3.320117
0.626860
0.825849
0.561404
0.626251
1.088477
0.638349
0.450763
0.719286
0.613158
0.562852
0.554768
0.474281
1.449523
0.395085
1.322396
1.879564
1.461352
0.311095
2.890153
0.470664
0.430406
3.297066
1.021445
0.549591
0.564436
0.846650
1.139795
0.361870
2.437830
2.271480
1.359509
1.179657
1.105405
3.122940
0.891040
0.826391
3.168137
0.754559
0.225384
3.296350
0.927293
2.809208
1.581918
0.756302
0.371464
0.459157
2.885234
3.096754
0.631344
2.141974
0.535917
1.781141
0.932348
0.576483
0.886779
0.649829
2.431399
2.749147
0.804092
1.017808
1.740568
0.696871
