72.461658
64.715150
57.719065
77.112399
57.637786
66.022622
92.875904
93.467152
42.075232
52.809643
92.826205
73.018018
60.428874
71.581398
66.493962
61.520625
72.698423
50.977220
54.073611
56.401847
66.760755
77.728932
82.082797
52.057959
75.128882
63.028807
74.426827
80.705604
47.316490
86.599490
58.476282
78.137969
77.601606
53.990506
65.782614
64.565546
72.397427
71.107976
75.527580
76.051790
74.048281
63.748080
77.104959
70.567902
73.736049
74.671663
59.862897
85.076537
65.967863
68.811943
61.907993
64.421198
76.956295
55.244965
71.741215
62.795840
60.307377
57.855412
81.678190
55.187765
62.828643
65.882227
54.753997
69.189282
73.738248
58.816219
53.780889
66.195746
65.709422
63.019452
61.620450
72.858718
71.038698
58.622849
42.777014
59.529008
85.092439
91.465063
70.924331
69.655011
58.586836
59.342605
73.855694
73.970530
70.855105
53.083628
67.906516
61.818858
46.328603
52.224417
58.750337
82.838720
52.986475
79.412132
74.870998
75.275522
48.861803
79.492507
73.012453
80.910471
84.089414
57.312653
83.783921
72.561843
53.428237
66.366087
85.793182
82.974981
77.304032
81.389534
65.575364
86.980789
81.150890
58.810740
78.780366
77.671077
35.652297
54.563235
66.066196
77.437610
80.362929
64.585900
43.205814
76.826728
40.326867
54.600556
44.818102
57.357301
69.738920
72.599205
66.538540
56.021317
64.632791
70.729091
60.030974
90.153457
70.673365
83.678771
68.456781
48.165219
55.290178
72.297672
68.784503
71.933045
58.019689
62.084634
31.058477
72.077372
66.379606
71.599304
56.653288
86.427558
82.803982
45.159612
71.277740
84.984623
54.142054
79.543414
75.476866
61.549092
50.022621
67.151019
85.502309
73.961526
62.566516
72.165271
71.489444
86.664265
55.398572
73.029989
66.561131
84.465495
68.152558
66.633912
68.812154
64.294837
41.109492
51.502658
58.897177
31.191572
68.924525
72.631782
73.447788
71.373314
87.413089
73.038566
65.417370
41.806467
91.272777
47.241425
68.602955
29.876080
73.068588
59.159593
75.066026
57.359453
30.396500
65.714267
69.156576
33.904698
75.407908
75.333075
47.882208
60.163690
64.688543
55.026567
73.900611
53.997416
58.504675
57.316625
81.740568
66.009445
61.152433
76.093737
68.701732
59.795932
72.449849
63.893386
84.683249
57.062073
56.518489
49.028356
58.726704
54.159678
70.787046
66.139058
61.173697
64.147099
62.640372
69.838102
60.697691
56.362477
66.938524
47.474515
72.170185
52.372098
87.623028
77.038296
71.300128
66.313152
