1.684962
2.827136
2.011608
0.497558
0.593050
0.106220
0.925339
0.784135
2.356936
2.998741
0.565105
0.437028
2.550458
2.676083
1.460313
1.281451
1.418674
1.308220
0.227005
0.258543
2.096609
1.443849
0.722830
2.095311
3.344072
4.587412
3.593342
0.658596
4.873035
1.185154
3.093126
2.898603
3.683072
2.424532
1.925397
4.477704
2.418071
1.873936
0.681674
2.746367
1.709927
1.859242
3.284148
0.950245
2.195524
0.678567
2.052451
1.300334
2.393960
0.689376
2.551489
4.069405
1.257872
1.713373
0.815827
3.157385
2.580473
2.719088
0.901717
5.241507
2.311471
1.611089
2.080353
2.183558
1.998883
2.556683
1.654590
2.212225
1.103406
1.547190
0.674678
1.261104
2.012623
1.907364
2.532928
1.399764
2.175688
0.585096
0.536060
1.919013
1.708832
3.373075
1.278140
0.696127
1.978623
1.197642
0.648153
2.468772
2.243861
2.670350
2.267968
1.614137
2.260726
1.063982
1.758568
1.160929
2.290108
0.600130
1.953081
0.926389
0.635350
3.116695
1.305555
2.231007
2.995636
1.535093
2.462064
0.652768
0.738795
1.142095
2.487408
0.468663
1.575425
2.627961
5.387107
2.507217
2.250489
2.261499
1.979669
1.993633
2.262984
1.761000
1.541109
0.898342
3.854552
2.006179
0.556682
1.197315
0.366286
0.268331
0.317071
1.467548
1.617770
1.202312
0.335617
0.247623
1.500313
1.481274
2.681640
1.803060
2.412112
2.377364
1.875107
1.530939
0.269791
0.098647
0.821850
1.899201
2.912853
1.693779
2.467911
0.375802
1.750153
3.473334
1.974445
0.648746
0.923137
1.415148
1.298651
4.513600
0.718330
2.357140
0.377947
1.827453
0.408109
1.806734
3.210230
0.508881
1.767074
1.549005
1.026505
0.595446
0.777099
4.948998
1.711046
0.386104
2.818013
2.903560
1.493048
5.162669
0.760137
2.001070
2.464900
0.852521
1.174584
0.329379
1.197303
1.803287
1.154305
2.873596
1.205569
3.068947
2.431190
2.031871
0.174282
1.868235
7.600574
0.812738
2.647310
3.996609
2.072561
0.581385
3.009641
1.678381
1.387766
1.832318
1.613956
2.815293
2.725217
2.636005
0.598527
1.926354
2.508749
0.644405
2.867410
1.109559
3.236546
3.384094
1.271886
2.026836
2.683871
1.715931
2.275723
0.902710
2.789101
0.942686
2.073523
4.160511
1.434946
3.453704
2.908908
1.933700
1.076821
3.135211
0.700585
3.152244
0.627176
1.611669
1.485206
0.897920
