0.539880 0.170514
0.542402 0.172476
0.548995 0.177792
0.556911 0.184002
0.563362 0.189271
0.572269 0.196197
0.588439 0.209113
0.605816 0.223191
0.624131 0.238458
0.644394 0.255858
0.665460 0.274955
0.686600 0.295599
0.707146 0.317408
0.727116 0.340778
0.795367 0.449196
0.818365 0.501894
0.691355 0.841346
0.695132 0.844860
0.713321 0.863609
0.720474 0.871858
0.742947 0.901224
0.755426 0.919879
0.779372 0.959289
0.801091 0.998195
0.822004 1.036859
0.841129 1.073167
0.860538 1.109461
0.876110 1.140173
0.890986 1.169502
0.904392 1.196459
0.944275 1.281965
0.958899 1.315463
0.777209 0.401062
0.780074 0.405924
0.788339 0.420595
0.796082 0.435496
0.803837 0.451831
0.810036 0.465184
0.822101 0.493773
0.832598 0.521403
0.842084 0.546867
0.850470 0.569047
0.858086 0.586872
0.865256 0.602067
0.872001 0.614855
0.878614 0.626881
0.891238 0.650045
0.915562 0.704885
0.287134 -0.007619
0.282365 0.003043
0.277856 0.014310
0.273578 0.026320
0.269486 0.039082
0.265515 0.052695
0.253217 0.100442
0.172070 0.551685
0.178367 0.572306
0.190629 0.605089
0.202326 0.630426
0.219017 0.660941
0.234821 0.684876
0.611608 0.397637
0.614688 0.402234
0.629968 0.162466
0.652772 0.177465
0.675060 0.192818
0.699066 0.210178
0.725679 0.230731
0.749636 0.250998
0.800071 0.301584
0.822035 0.328980
0.380962 0.032503
0.385758 0.051701
0.393722 0.073267
0.405659 0.097602
0.422793 0.125481
0.589318 0.316894
0.856523 0.953666
0.859455 0.960280
0.867519 0.979084
0.875390 0.997962
0.882665 1.016149
0.889692 1.034095
0.902704 1.068759
0.914336 1.101360
0.924722 1.131732
0.933810 1.159495
0.942079 1.185416
0.949494 1.209274
0.956113 1.231123
0.962054 1.251177
0.981165 1.317347
0.988711 1.344042
0.914103 0.815845
0.915836 0.820528
0.920847 0.834312
0.927880 0.853948
0.930896 0.862821
0.935436 0.876404
0.944109 0.903556
0.952276 0.930800
0.959859 0.957989
0.966579 0.984360
0.972187 1.009063
0.977142 1.033025
0.981642 1.056767
0.995596 1.156752
0.308876 0.027322
0.306458 0.041408
0.304490 0.056584
0.301944 0.091857
0.300132 0.161801
0.494421 0.207671
0.499720 0.213210
0.506556 0.220552
0.514488 0.228880
0.530595 0.245867
0.549007 0.265177
0.567832 0.285450
0.437872 0.499312
0.452107 0.520007
0.476633 0.550459
0.504517 0.579380
0.534552 0.605902
0.565629 0.630037
0.625530 0.671348
0.677480 0.706624
0.719482 0.739066
0.753156 0.771170
0.779872 0.802999
0.802172 0.835365
0.866789 0.963067
0.890826 1.023046
0.924266 0.714754
0.927460 0.723717
0.935976 0.748582
0.944833 0.775864
0.954013 0.805130
0.963252 0.835582
0.979523 0.894156
0.993877 0.953815
1.004289 1.008801
1.011148 1.058215
1.015234 1.101722
1.022525 1.302507
0.461681 0.344150
0.466104 0.352691
0.472779 0.365486
0.479724 0.378695
0.487210 0.392586
0.494804 0.406477
0.511333 0.435656
0.529323 0.465489
0.548986 0.495638
0.570207 0.525507
0.593080 0.554642
0.708022 0.668652
0.746083 0.703432
0.865436 0.241690
0.867292 0.243603
0.871962 0.248419
0.878687 0.256025
0.885158 0.263775
0.889806 0.269285
0.902734 0.286895
0.656105 0.305594
0.667780 0.318235
0.686319 0.339519
0.704354 0.362178
0.721427 0.385929
0.737429 0.410672
0.765452 0.461807
0.787147 0.508565
0.805984 0.553164
0.822098 0.588811
0.836790 0.616409
0.850823 0.639923
0.920989 0.789729
0.262493 0.655886
0.266103 0.660528
0.276476 0.672954
0.286489 0.683731
0.298496 0.695707
0.310509 0.706413
0.338542 0.727405
0.383832 0.752376
0.407395 0.762001
0.429919 0.769525
0.548395 0.796250
0.870680 0.879597
0.871639 0.881765
0.288731 0.491585
0.292894 0.502377
0.310376 0.538610
0.787773 0.600669
0.791296 0.606602
0.796528 0.614992
0.801608 0.622793
0.806586 0.630197
0.811808 0.638115
0.821284 0.651412
0.833461 0.668860
0.839742 0.678404
0.848550 0.692408
0.879587 0.751034
0.893131 0.781940
0.248690 0.269661
0.247649 0.276483
0.244422 0.296768
0.241413 0.319602
0.238979 0.345953
0.237586 0.373661
0.241751 0.441958
0.263532 0.522632
0.330240 0.625938
0.398871 0.680922
0.484042 0.721977
0.609039 0.768611
0.655804 0.793970
0.721617 0.849826
0.278757 0.001204
0.273733 0.012987
0.268957 0.025849
0.255383 0.069581
0.250673 0.087134
0.252639 0.461281
0.266169 0.507941
0.267216 0.510714
0.270880 0.519922
0.275305 0.530112
0.280322 0.540697
0.285844 0.551311
0.295979 0.568593
0.308995 0.587847
0.322593 0.605107
0.337720 0.621821
0.354578 0.638049
0.371581 0.652242
0.390152 0.665922
0.408228 0.677563
0.445596 0.697881
0.481137 0.713670
0.514212 0.726540
0.353933 0.242166
0.354460 0.244806
0.357123 0.257813
0.359988 0.271520
0.363095 0.285994
0.366485 0.301292
0.374384 0.334481
0.384450 0.371328
0.397915 0.411835
0.416604 0.455579
0.442581 0.501344
0.476910 0.546786
0.518256 0.588852
0.563388 0.625866
0.649324 0.685382
0.716307 0.734679
0.764310 0.781806
0.799575 0.829279
0.862182 0.636529
0.863559 0.638308
0.868752 0.647260
0.873949 0.656534
0.879286 0.666673
0.884042 0.675658
0.892913 0.693609
0.902588 0.716146
0.911868 0.739487
0.919724 0.760573
0.928126 0.784237
0.936373 0.808503
0.944172 0.832387
0.952654 0.858946
0.966824 0.907750
0.979742 0.957838
0.989062 1.002423
0.996669 1.046061
0.519269 0.445475
0.527956 0.459711
0.555635 0.502189
0.565607 0.516234
0.620006 0.583215
0.653584 0.617646
0.715978 0.674439
0.766092 0.722466
0.804186 0.769178
0.833791 0.816713
0.858220 0.864694
0.879288 0.912451
0.897702 0.959307
0.913646 1.004480
0.938254 1.086141
0.956377 1.156695
0.969535 1.214215
0.979991 1.261840
0.403658 0.102187
0.412883 0.118009
0.423647 0.134753
0.437263 0.153737
0.453738 0.174871
0.473069 0.198134
0.524557 0.256065
0.555717 0.291231
0.591036 0.332973
1.066019 1.129849
1.065995 1.139068
1.065043 1.149575
1.065004 1.149519
1.063140 1.177308
1.062040 1.188475
1.059836 1.211745
1.057666 1.232558
1.055585 1.251596
1.053625 1.267781
1.051850 1.282112
1.050400 1.299960
1.049085 1.312515
1.047937 1.324535
1.045964 1.346941
1.044603 1.364489
1.043893 1.381505
0.356131 -0.048435
0.352596 -0.041575
0.349265 -0.034423
0.346164 -0.026959
0.343319 -0.019153
0.340758 -0.010973
0.336601 0.006660
0.335064 0.016200
0.333931 0.026304
0.969902 1.318779
0.970611 1.320511
0.972353 1.325000
0.974415 1.331479
0.975084 1.333958
0.976839 1.339766
0.979977 1.348023
0.983266 1.356358
0.985152 1.362187
0.986118 1.366420
0.987709 1.371605
0.990309 1.378601
0.992637 1.385046
0.857688 0.817716
0.860286 0.823028
0.867534 0.838389
0.874306 0.853428
0.880794 0.868428
0.887358 0.884074
0.899299 0.914298
0.909988 0.943555
0.920002 0.972832
0.929068 1.001412
0.936782 1.028057
0.943759 1.053938
0.950238 1.079343
0.597203 0.206419
0.603504 0.211411
0.625105 0.228610
0.646658 0.246574
0.668468 0.265895
0.692669 0.288683
0.738614 0.339355
0.779618 0.397985
0.811915 0.460642
0.835518 0.519293
0.853957 0.569148
0.869062 0.602878
0.882826 0.628672
0.895663 0.652544
0.920317 0.710240
0.943079 0.776768
0.966079 0.851656
0.784264 0.450239
0.784978 0.451735
0.788065 0.458306
0.790675 0.463674
0.791807 0.466170
0.795472 0.473946
0.800773 0.486065
0.805614 0.497547
0.810314 0.509117
0.814758 0.520326
0.819020 0.531283
0.822975 0.541391
0.826805 0.551127
0.830495 0.560396
0.837477 0.577088
0.844070 0.591624
0.850393 0.604427
0.360431 0.336306
0.361393 0.340842
0.363040 0.348230
0.364638 0.355380
0.366451 0.362963
0.368370 0.370644
0.372599 0.386415
0.375734 0.397214
0.382999 0.419397
0.389693 0.437079
0.397409 0.455118
0.406261 0.473276
0.416425 0.491638
0.428619 0.510910
0.456489 0.547488
0.489638 0.582059
0.526100 0.613166
0.417200 0.349814
0.422412 0.363244
0.440192 0.405404
0.462832 0.451003
0.491827 0.498495
0.527664 0.545358
0.611921 0.626654
0.626922 0.638751
0.691136 0.688250
0.751176 0.740452
0.794186 0.791407
0.826488 0.842902
0.852705 0.894464
0.875009 0.945181
0.894260 0.994241
0.924836 1.084164
0.946997 1.160153
0.963408 1.222059
0.598207 0.601571
0.604003 0.606867
0.621670 0.622500
0.639063 0.637167
0.655970 0.650924
0.672246 0.663922
0.702341 0.688043
0.707333 0.692152
0.729051 0.710720
0.752333 0.732667
0.772503 0.754358
0.790070 0.776091
0.805555 0.797975
0.819360 0.819970
0.831919 0.842071
0.854185 0.886314
0.873503 0.929886
0.890599 0.972566
0.485378 0.448785
0.489520 0.455937
0.502196 0.476826
0.515966 0.497724
0.530933 0.518635
0.546897 0.539135
0.581293 0.577888
0.617279 0.612682
0.652745 0.643297
0.685798 0.670241
0.715546 0.694839
0.741662 0.718134
0.764214 0.740863
0.783646 0.763412
0.815688 0.809107
0.863467 0.901344
0.239165 0.027909
0.235594 0.036132
0.232035 0.044583
0.228448 0.053310
0.224787 0.062479
0.221028 0.071973
0.212830 0.093126
0.208311 0.104551
0.621861 0.384964
0.632041 0.399683
0.660226 0.443423
0.685738 0.486984
0.709785 0.530192
0.732037 0.569266
0.772932 0.630278
0.809416 0.677042
0.840574 0.722200
0.866938 0.770734
0.909757 0.872084
0.361770 0.229208
0.361950 0.229939
0.362791 0.233326
0.363668 0.236812
0.364551 0.240315
0.365427 0.243819
0.367292 0.251139
0.367405 0.251583
0.369191 0.258572
0.371210 0.266346
0.373281 0.274273
0.375480 0.282517
0.377748 0.290962
0.380138 0.299688
0.382656 0.308704
0.394177 0.347529
1.015858 0.565749
1.017239 0.570114
1.018106 0.570272
1.020640 0.580364
1.023194 0.590737
1.025528 0.600234
1.029126 0.614644
1.033883 0.636151
0.866090 0.804775
0.873543 0.820871
0.887813 0.853797
0.903890 0.894243
0.912570 0.917964
0.928446 0.965137
0.942230 1.011340
0.952574 1.052232
0.961204 1.090815
0.968865 1.127867
0.974909 1.160767
0.979738 1.189710
0.984312 1.217029
0.629921 0.300569
0.632603 0.303327
0.640011 0.311219
0.646224 0.318182
0.654162 0.327024
0.660571 0.334497
0.674953 0.351888
0.689002 0.370148
0.526793 0.292816
0.528931 0.295589
0.532879 0.300477
0.535564 0.303831
0.543914 0.314618
0.552234 0.325209
0.559846 0.335239
0.568025 0.346083
0.576283 0.357237
0.584265 0.368352
0.592978 0.380578
0.600616 0.391772
0.609559 0.404879
0.625822 0.429863
0.641843 0.455578
0.252384 0.009779
0.247611 0.020251
0.242940 0.031171
0.238333 0.042259
0.233716 0.053847
0.228905 0.066922
0.223833 0.080864
0.218501 0.094903
0.472024 0.128028
0.475325 0.131382
0.488139 0.143713
0.501405 0.156095
0.518095 0.170726
0.535069 0.185435
0.577229 0.221095
0.628089 0.265919
0.683505 0.322041
0.736113 0.389978
0.778493 0.465593
0.808859 0.536188
0.832372 0.590708
0.889301 0.694225
0.921444 0.774240
0.512834 0.132169
0.514144 0.133193
0.516188 0.134793
0.517988 0.136237
0.519244 0.137299
0.520478 0.138357
0.524168 0.141255
0.527977 0.144227
0.530716 0.146496
0.534954 0.149706
0.538846 0.152713
0.541829 0.155135
0.546738 0.158761
0.550774 0.161826
0.559385 0.168342
0.307414 0.267006
0.307411 0.267917
0.307421 0.272054
0.307500 0.276740
0.307615 0.281545
0.307633 0.285868
0.307909 0.295861
0.308108 0.305369
0.308525 0.316024
0.309029 0.326798
0.309644 0.337678
0.310606 0.349797
0.311633 0.361502
0.313065 0.374130
0.316994 0.400202
0.277782 0.141059
0.275713 0.157266
0.275600 0.157995
0.275273 0.160171
0.274954 0.162969
0.274627 0.165582
0.274274 0.167783
0.273584 0.173332
0.272839 0.178256
0.548755 0.689761
0.560034 0.695363
0.591357 0.710848
0.620349 0.725834
0.646070 0.740174
0.668821 0.754354
0.708077 0.783891
0.738534 0.813332
0.763881 0.844094
0.784993 0.874930
0.802701 0.904893
0.819320 0.935847
0.834266 0.965967
0.625253 1.040200
0.631215 1.046600
0.648252 1.066070
0.661435 1.081153
0.707684 1.131088
0.751392 1.175349
0.783157 1.207968
0.819160 1.243142
0.846558 1.270850
0.869565 1.294931
0.885470 1.313049
0.383277 0.142266
0.384274 0.144496
0.387047 0.150788
0.390118 0.157466
0.393399 0.164381
0.396793 0.171413
0.404222 0.186249
0.412821 0.202550
0.422211 0.219815
0.433115 0.239043
0.444897 0.259452
0.458429 0.282258
0.472986 0.306623
0.489257 0.333573
0.525646 0.393816
0.567199 0.461520
0.613034 0.530501
0.374548 0.220012
0.375420 0.222753
0.378109 0.231121
0.380956 0.239853
0.383901 0.248818
0.387039 0.258202
0.393757 0.278003
0.401256 0.299448
0.409605 0.322542
0.418984 0.347373
0.429677 0.374038
0.441992 0.402399
0.456368 0.432324
0.473248 0.463430
0.515889 0.526629
0.568939 0.585599
0.625853 0.635506
0.347130 -0.057577
0.341007 -0.047963
0.335233 -0.037705
0.329855 -0.026874
0.324945 -0.015323
0.320576 -0.002829
0.313625 0.024951
0.311160 0.040827
0.213066 0.546511
0.220083 0.564795
0.245592 0.615406
0.256045 0.631699
0.318225 0.700279
0.361036 0.729865
0.444799 0.764874
0.511577 0.781245
0.560276 0.792364
0.600684 0.805583
0.636145 0.822927
0.665248 0.842617
0.691960 0.866492
0.713923 0.891034
0.750025 0.942069
0.782632 0.996257
0.813505 1.050089
0.413618 0.593428
0.414641 0.594399
0.419353 0.598784
0.424160 0.603120
0.428749 0.607095
0.433338 0.610938
0.442936 0.618656
0.452964 0.626293
0.461741 0.632587
0.472869 0.640207
0.483189 0.646927
0.503351 0.659173
0.513353 0.664911
0.533163 0.675781
0.552378 0.685876
0.570427 0.695064
0.394384 0.733093
0.419418 0.743856
0.454865 0.756102
0.487427 0.765249
0.515130 0.772205
0.539814 0.778334
0.580158 0.789702
0.615669 0.803743
0.648185 0.821855
0.675431 0.841877
0.699054 0.863947
0.244987 0.037103
0.241102 0.047654
0.237231 0.057947
0.233255 0.068916
0.229023 0.081267
0.224705 0.092893
0.214578 0.120929
1.037988 1.229816
1.037776 1.232811
1.037510 1.244848
1.036766 1.251345
1.036663 1.263509
1.035868 1.268536
1.035487 1.287669
1.035245 1.304929
1.034475 1.315951
1.033583 1.325850
1.032335 1.332125
1.033036 1.347834
1.034219 1.363779
1.034741 1.375422
0.210548 0.231674
0.209505 0.235093
0.204329 0.252853
0.199161 0.271121
0.193890 0.291729
0.188494 0.316582
0.180216 0.373534
0.180305 0.453114
0.203350 0.557428
0.269696 0.674074
0.365712 0.750442
0.458515 0.782876
0.526928 0.796317
0.572938 0.806207
0.649083 0.841584
0.704009 0.892232
0.745957 0.950276
0.297610 0.471300
0.298111 0.472848
0.300692 0.480392
0.303850 0.488892
0.306985 0.496698
0.310158 0.504018
0.318491 0.521234
0.328164 0.538487
0.338415 0.554360
0.350368 0.570658
0.363039 0.585820
0.376796 0.600411
0.391995 0.614769
0.407367 0.627661
0.440322 0.651342
0.474267 0.671590
0.336236 0.371730
0.336839 0.375223
0.337860 0.380720
0.337869 0.380768
0.340254 0.392364
0.341446 0.397866
0.344482 0.410226
0.347583 0.421819
0.351641 0.434969
0.355815 0.447236
0.361002 0.460677
0.366580 0.473637
0.373149 0.487263
0.380400 0.500721
0.398142 0.528739
0.418780 0.555329
0.356831 0.246435
0.357282 0.248525
0.358641 0.254864
0.358651 0.254914
0.361500 0.268029
0.362992 0.274826
0.366184 0.289031
0.369667 0.304024
0.373503 0.319851
0.377765 0.336558
0.382556 0.354141
0.387992 0.372581
0.394229 0.391882
0.401462 0.412023
0.419830 0.454493
0.444909 0.498801
0.273883 0.250932
0.273494 0.253926
0.272426 0.264056
0.271313 0.274097
0.270235 0.284733
0.269210 0.296650
0.267374 0.320673
0.266330 0.348676
0.266496 0.377971
0.269175 0.412474
0.275220 0.448864
0.286930 0.489735
0.306635 0.534068
0.334706 0.577399
0.412708 0.650763
0.500346 0.699022
0.280207 0.440925
0.280907 0.444350
0.283427 0.455135
0.285685 0.463581
0.290084 0.478148
0.294651 0.491109
0.304887 0.515275
0.319335 0.542402
0.335750 0.567194
0.354558 0.590525
0.375996 0.612587
0.399761 0.633056
0.424967 0.651416
0.450979 0.667649
0.501355 0.693676
0.547115 0.713924
0.183032 0.340617
0.182811 0.341941
0.182192 0.346000
0.181479 0.351118
0.180997 0.354924
0.180152 0.362298
0.179194 0.371443
0.178223 0.384428
0.177614 0.394838
0.177271 0.408429
0.177298 0.421168
0.177735 0.434804
0.178768 0.450376
0.180137 0.463996
0.185180 0.496576
0.193862 0.532749
0.231426 0.383513
0.231479 0.389318
0.231751 0.404230
0.232829 0.421472
0.234841 0.439944
0.238226 0.461100
0.247514 0.498580
0.264563 0.542940
0.290271 0.588431
0.322608 0.628917
0.361564 0.664168
0.404438 0.692640
0.446898 0.713710
0.486531 0.729392
0.554175 0.752512
0.605547 0.771946
0.244408 0.145712
0.244180 0.146538
0.243539 0.148663
0.242073 0.154458
0.239822 0.162828
0.236648 0.174193
0.234867 0.180757
0.233033 0.187459
0.231226 0.193549
0.227125 0.208286
0.218151 0.239807
0.446784 0.317549
0.448684 0.321394
0.454781 0.333504
0.460963 0.345723
0.467526 0.358517
0.474465 0.371853
0.489167 0.399400
0.505464 0.428586
0.523391 0.458906
0.542902 0.489458
0.564119 0.519720
0.586943 0.549304
0.610815 0.577251
0.635067 0.602763
0.724683 0.684597
0.407397 0.356819
0.408706 0.360476
0.410704 0.366011
0.414825 0.377130
0.417028 0.382871
0.164756 0.150375
0.164618 0.150630
0.163910 0.152135
0.162458 0.155332
0.161976 0.156196
0.161099 0.157803
0.159584 0.161067
0.158356 0.163574
0.157476 0.165176
0.155827 0.168742
0.154528 0.171430
0.153565 0.173262
0.151839 0.177011
0.149423 0.181927
0.146219 0.188835
0.143582 0.693537
0.152671 0.714043
0.193301 0.786441
0.225120 0.827290
0.337076 0.902089
0.425698 0.915130
0.490138 0.911445
0.530318 0.906617
0.551378 0.903523
0.567532 0.902696
0.287037 0.298259
0.286975 0.299498
0.286807 0.303666
0.286696 0.308735
0.286605 0.313624
0.286463 0.317979
0.286408 0.328323
0.286361 0.337902
0.286629 0.349277
0.286916 0.359701
0.287592 0.371599
0.288452 0.383151
0.289730 0.395579
0.291444 0.408474
0.296465 0.435637
0.276741 0.144872
0.276462 0.147515
0.275347 0.156116
0.271643 0.183063
0.269680 0.196065
0.265153 0.226279
0.259850 0.261178
0.254328 0.302191
0.250218 0.352990
0.251831 0.416039
0.267432 0.491878
0.312027 0.580389
0.385567 0.654564
0.547373 0.733761
0.133116 0.437884
0.133429 0.448926
0.134005 0.461134
0.135221 0.477156
0.137155 0.494985
0.139201 0.509363
0.146637 0.548091
0.157249 0.586977
0.174661 0.634476
0.193372 0.673403
0.216112 0.710926
0.272210 0.775781
0.301474 0.798394
0.415987 0.196251
0.419020 0.201540
0.421161 0.205304
0.423382 0.209161
0.428137 0.217283
0.433249 0.225839
0.438416 0.234431
0.443806 0.243343
0.449826 0.253009
0.455939 0.262841
0.462150 0.272817
0.469003 0.283631
0.476159 0.294901
0.490848 0.318105
0.435373 0.091755
0.446555 0.106236
0.461508 0.123140
0.478428 0.140770
0.500146 0.161351
0.525600 0.184195
0.592418 0.242378
0.383689 -0.061789
0.380153 -0.054919
0.376825 -0.047760
0.373782 -0.040205
0.371033 -0.032360
0.368620 -0.024176
0.297463 0.169571
0.296907 0.186996
0.296731 0.192653
0.296487 0.198000
0.296316 0.204169
0.296031 0.209743
0.295530 0.222303
0.294984 0.235632
0.294411 0.249816
0.293832 0.264878
0.293292 0.280968
0.292833 0.297999
0.292593 0.316196
0.292744 0.335772
0.295158 0.379421
0.409399 0.537588
0.415527 0.545495
0.424313 0.556005
0.434119 0.566902
0.444090 0.577155
0.454756 0.587387
0.476947 0.606594
0.500150 0.624362
0.523988 0.640823
0.555232 0.660440
0.570426 0.669477
0.592369 0.682192
0.613436 0.694359
0.712798 0.623766
0.715027 0.626236
0.721489 0.633357
0.734135 0.646951
0.740475 0.653729
0.752425 0.666283
0.763702 0.678166
0.774516 0.689921
0.784960 0.701844
0.794594 0.713361
0.803707 0.724964
0.812138 0.736387
0.820224 0.748140
0.848583 0.796259
0.860951 0.820839
0.412869 0.057610
0.418494 0.068106
0.425276 0.079215
0.433394 0.091058
0.443034 0.103684
0.454374 0.117177
0.483465 0.147625
0.501914 0.165098
0.346732 0.043825
0.346914 0.046999
0.347155 0.050245
0.347473 0.053605
0.347798 0.056949
0.348185 0.060370
0.349162 0.067509
0.350366 0.074932
0.197918 0.265287
0.197436 0.267161
0.196293 0.270907
0.195014 0.275622
0.193515 0.281699
0.192314 0.286088
0.189606 0.297410
0.187233 0.307543
0.184562 0.320667
0.182185 0.333682
0.180141 0.346564
0.178096 0.362694
0.176595 0.378181
0.175567 0.394720
0.175561 0.433790
0.180070 0.480137
0.190731 0.530346
0.512160 0.301240
0.515973 0.306356
0.526233 0.320501
0.536888 0.335379
0.548188 0.351284
0.559880 0.368045
0.583537 0.403243
0.607043 0.439917
0.631075 0.478547
0.653743 0.515243
0.676840 0.551537
0.699164 0.583768
0.720909 0.612249
0.741785 0.637119
0.219293 0.036244
0.218696 0.037464
0.216873 0.041382
0.215045 0.045371
0.213216 0.049367
0.211367 0.053454
0.207589 0.061957
0.203729 0.070601
0.199720 0.079572
0.195481 0.089060
0.191010 0.098900
0.186223 0.109274
0.181072 0.120229
0.175391 0.132180
0.524849 0.416288
0.533626 0.431007
0.561620 0.476151
0.592129 0.521286
0.657366 0.601826
0.720104 0.663745
0.771622 0.714795
0.810857 0.764195
0.841228 0.814588
0.866400 0.865813
0.887985 0.916558
0.906607 0.966053
0.922550 1.013697
0.946398 1.098552
0.963359 1.170371
0.968798 1.063045
0.969016 1.064326
0.969478 1.067605
0.970780 1.073322
0.972147 1.081247
0.973504 1.089238
0.975201 1.098261
0.976605 1.106491
0.978200 1.115356
0.979572 1.123604
0.981009 1.132070
0.981970 1.139031
0.982904 1.145918
0.078009 0.434153
0.077890 0.451717
0.080662 0.508483
0.089504 0.573385
0.106666 0.645935
0.137666 0.732168
0.214157 0.856436
0.298890 0.922166
0.382001 0.944101
0.452214 0.943362
0.504438 0.936568
0.535087 0.931108
0.549794 0.927364
0.559812 0.924818
0.957148 0.632221
0.960177 0.642202
0.967138 0.663968
0.974421 0.689512
0.981530 0.715921
0.989885 0.747966
1.006795 0.815410
1.022497 0.884747
1.043099 1.014269
1.047113 1.068599
1.048471 1.117558
1.046243 1.192125
1.042864 1.250998
0.203660 0.161178
0.203261 0.162311
0.202333 0.164514
0.201321 0.167064
0.200082 0.170493
0.199107 0.172782
0.196729 0.179068
0.194594 0.184223
0.192147 0.190509
0.189463 0.197618
0.187065 0.203525
0.184368 0.210527
0.181352 0.218720
0.178702 0.225523
0.166425 0.260465
0.501675 0.544765
0.503609 0.546970
0.509321 0.553450
0.515143 0.559770
0.521033 0.566036
0.522981 0.568015
0.539485 0.584258
0.552154 0.595904
0.564953 0.607011
0.577927 0.617737
0.590827 0.627956
0.603622 0.637745
0.616239 0.647134
0.628602 0.656148
0.455019 0.188908
0.455669 0.189770
0.458085 0.192786
0.460645 0.195945
0.462765 0.198640
0.464983 0.201439
0.470305 0.207893
0.475255 0.213965
0.290159 0.093621
0.290042 0.094472
0.289745 0.097381
0.289467 0.100437
0.289173 0.103400
0.288897 0.106593
0.288328 0.112993
0.287751 0.119623
0.287158 0.126465
0.286538 0.133549
0.285903 0.140985
0.285227 0.148710
0.284502 0.156668
0.283731 0.165020
0.281993 0.182749
0.279969 0.202255
0.232930 0.071515
0.232732 0.071901
0.232031 0.073752
0.231244 0.076355
0.230611 0.077522
0.229765 0.080530
0.228301 0.084416
0.226799 0.088459
0.225215 0.092950
0.223536 0.097872
0.221810 0.102856
0.220063 0.107724
0.218321 0.112323
0.216540 0.116965
0.880826 0.801377
0.881553 0.803025
0.884110 0.808882
0.886519 0.814506
0.889039 0.820437
0.891543 0.826402
0.896433 0.838293
0.900755 0.849280
0.905118 0.860549
0.909604 0.872325
0.913755 0.883620
0.917718 0.894758
0.921889 0.906530
0.925906 0.918214
0.445440 0.169604
0.448183 0.173044
0.451993 0.177944
0.456357 0.183346
0.460398 0.188395
0.465211 0.194185
0.474818 0.205647
0.647590 0.861091
0.649270 0.862343
0.655312 0.867048
0.660789 0.871591
0.666216 0.876384
0.671922 0.881658
0.681935 0.891751
0.691589 0.902422
0.700183 0.912825
0.703981 0.917704
0.716219 0.934200
0.724439 0.945938
0.732330 0.957693
0.755209 0.993661
0.336416 -0.024191
0.333592 -0.016880
0.330977 -0.009269
0.328623 -0.001244
0.326529 0.007159
0.324704 0.015934
0.321987 0.035075
0.321086 0.045419
0.320539 0.056433
0.318158 -0.022671
0.313904 -0.013125
0.309974 -0.002982
0.306386 0.007759
0.303136 0.019188
0.300246 0.031423
0.295467 0.058671
0.293504 0.073997
0.670641 0.353300
0.682535 0.368698
0.714456 0.415535
0.742207 0.464772
0.764319 0.509963
0.784153 0.553516
0.817653 0.617800
0.842469 0.656232
0.873920 0.710492
0.897253 0.761989
0.917810 0.815365
0.937823 0.872896
0.954864 0.928517
0.969385 0.983572
0.987831 1.079428
0.997824 1.158817
1.003427 1.220754
1.007511 1.269897
0.312778 0.041317
0.311917 0.049419
0.311524 0.053577
0.311184 0.057847
0.310870 0.062207
0.309910 0.096635
0.309941 0.107685
0.310170 0.119737
0.310507 0.132563
0.310904 0.146142
0.311374 0.160701
0.312606 0.194155
0.313879 0.233387
0.315708 0.281658
0.248881 0.141196
0.248663 0.142008
0.247858 0.145730
0.247107 0.148503
0.246303 0.151776
0.245209 0.156057
0.243768 0.162019
0.242012 0.168565
0.240161 0.175512
0.238195 0.182899
0.236078 0.190889
0.233849 0.199288
0.231545 0.207715
0.229164 0.216257
0.224015 0.235186
0.218355 0.257114
0.212626 0.280124
0.206755 0.307589
0.914098 1.101200
0.915101 1.103879
0.917471 1.110903
0.919954 1.118126
0.922295 1.125082
0.924706 1.132191
0.928943 1.145190
0.933372 1.158541
0.937330 1.170922
0.941202 1.183057
0.944897 1.194762
0.948325 1.205849
0.951623 1.216582
0.954660 1.226740
0.960567 1.246289
0.965894 1.264293
0.211039 0.269390
0.210557 0.271301
0.208497 0.279361
0.206244 0.289104
0.202037 0.308614
0.198006 0.331071
0.194540 0.356881
0.192283 0.385835
0.191862 0.417996
0.194226 0.453824
0.200690 0.493840
0.213325 0.539643
0.235228 0.591303
0.300590 0.680355
0.287597 0.267096
0.287510 0.268304
0.287163 0.274140
0.286880 0.280771
0.286586 0.285232
0.285724 0.306873
0.285367 0.320906
0.285273 0.336256
0.285554 0.352602
0.286337 0.369792
0.287689 0.387575
0.289856 0.406234
0.293086 0.425814
0.304300 0.469292
0.323570 0.515468
0.328072 0.002415
0.324993 0.016709
0.322730 0.032329
0.321353 0.049505
0.320919 0.068534
0.321470 0.089788
0.325816 0.141905
0.211299 0.045364
0.208277 0.051973
0.205170 0.058953
0.202197 0.065046
0.198792 0.073107
0.195680 0.079447
0.184965 0.102462
0.461491 0.127964
0.475995 0.143096
0.492959 0.159660
0.512703 0.177958
0.535666 0.198470
0.561878 0.221591
0.624550 0.279101
0.659129 0.314677
0.573872 0.412841
0.575228 0.415015
0.582314 0.426106
0.588963 0.436687
0.596078 0.447961
0.602861 0.458814
0.616803 0.481095
0.630256 0.502385
0.644097 0.523922
0.658035 0.544930
0.671782 0.564715
0.685485 0.583388
0.698958 0.600639
0.712267 0.616718
0.737721 0.645245
0.761307 0.670496
0.783032 0.694633
0.311012 0.000624
0.307612 0.011702
0.304585 0.023521
0.301938 0.036194
0.299647 0.049818
0.297692 0.064578
0.294598 0.098292
0.293292 0.117855
0.272811 0.164418
0.272528 0.166174
0.271665 0.172205
0.270757 0.178100
0.269803 0.184776
0.268805 0.191554
0.266642 0.205283
0.264676 0.217595
0.261691 0.236822
0.258922 0.253896
0.256029 0.273011
0.253146 0.294320
0.250477 0.316465
0.248322 0.342416
0.247908 0.401313
0.259599 0.475805
0.857349 0.958067
0.858620 0.960894
0.863915 0.973119
0.869097 0.985273
0.874069 0.997247
0.878886 1.009084
0.888147 1.032434
0.895846 1.052582
0.904562 1.076314
0.912091 1.097270
0.919062 1.117257
0.925379 1.136014
0.931285 1.153916
0.936935 1.171229
0.947134 1.203274
0.955737 1.231494
0.963358 1.256982
0.960796 0.641674
0.960861 0.640899
0.963939 0.651468
0.965246 0.654737
0.967852 0.663760
0.970258 0.672123
0.974815 0.688343
0.978565 0.702000
0.983175 0.719534
0.987830 0.737553
0.993155 0.758331
0.998904 0.780779
1.003908 0.801077
1.008736 0.821232
1.019115 0.866066
1.027573 0.907415
0.276103 0.272707
0.276000 0.273962
0.275578 0.279686
0.275088 0.284458
0.274649 0.290072
0.274252 0.296084
0.273428 0.307410
0.272734 0.319093
0.272228 0.332515
0.271944 0.346070
0.271903 0.359698
0.272301 0.374708
0.273309 0.390876
0.274755 0.406758
0.280550 0.442485
0.565130 0.322160
0.567654 0.325335
0.580565 0.341778
0.593705 0.359067
0.606713 0.376821
0.621071 0.397384
0.644927 0.433953
0.669601 0.474775
0.691456 0.512877
0.712943 0.550493
0.733062 0.583427
0.752286 0.611778
0.770678 0.636085
0.788380 0.658331
0.504041 0.214265
0.506024 0.216389
0.516894 0.227696
0.528465 0.239667
0.540733 0.252406
0.553737 0.265973
0.580863 0.295090
0.606064 0.323751
0.639306 0.364892
0.668486 0.405832
0.695574 0.449476
0.718524 0.491186
0.739871 0.532819
0.759127 0.569833
0.793741 0.626633
0.831468 0.608953
0.834089 0.613584
0.845882 0.633093
0.857404 0.651871
0.868973 0.672067
0.879399 0.691473
0.899176 0.734845
0.916893 0.780444
0.934622 0.830709
0.950237 0.879427
0.965319 0.931058
0.976948 0.978227
0.986599 1.024543
0.993105 1.064883
1.002066 1.138709
1.006713 1.197397
0.335810 0.301845
0.336127 0.304574
0.337325 0.313842
0.338449 0.322734
0.339856 0.332497
0.341276 0.342082
0.344791 0.362642
0.349236 0.384402
0.354972 0.407477
0.362367 0.431733
0.371858 0.456998
0.383893 0.482965
0.399193 0.509765
0.417713 0.536399
0.463366 0.586295
0.516935 0.629258
0.313247 0.252082
0.313277 0.252989
0.313352 0.256942
0.313480 0.261178
0.313668 0.265739
0.313773 0.269987
0.314130 0.279218
0.314436 0.288189
0.314951 0.298422
0.315445 0.308406
0.316065 0.318815
0.316939 0.330164
0.317793 0.341070
0.319016 0.353122
0.322164 0.377736
0.327013 0.404719
0.435330 0.135756
0.436290 0.136986
0.439896 0.141784
0.444261 0.147250
0.448680 0.152697
0.452874 0.157905
0.463065 0.169771
0.474219 0.182323
0.485925 0.195220
0.499419 0.209567
0.514545 0.225321
0.530174 0.241597
0.547303 0.259480
0.566555 0.279740
0.606115 0.323984
0.648751 0.377651
0.801876 0.228264
0.803314 0.229510
0.808483 0.234044
0.814937 0.239873
0.819809 0.244351
0.824487 0.248839
0.836186 0.260594
0.846604 0.271805
0.856392 0.283170
0.876593 0.309779
0.886956 0.325687
0.896540 0.341917
0.904919 0.357377
0.200804 0.292234
0.199410 0.298665
0.198187 0.304231
0.197144 0.309066
0.195766 0.316272
0.194600 0.322531
0.192387 0.335548
0.190482 0.348674
0.188657 0.364772
0.187358 0.380497
0.186574 0.396814
0.186487 0.417064
0.187197 0.436255
0.188997 0.457113
0.197126 0.504769
1.055736 0.982589
1.055578 0.982685
1.055094 0.980979
1.055279 0.983915
1.057258 0.998186
1.058439 1.011897
1.059346 1.024804
1.060207 1.038367
1.061291 1.054988
1.061665 1.067194
1.061828 1.078459
1.061949 1.090327
1.061827 1.100662
1.061945 1.114689
0.263689 0.285776
0.263461 0.287938
0.262881 0.294253
0.262869 0.294336
0.262448 0.297700
0.261118 0.312155
0.260100 0.324745
0.259277 0.337598
0.258726 0.352337
0.258589 0.367722
0.258797 0.382939
0.259644 0.399317
0.261421 0.417738
0.264063 0.436315
0.309811 0.407911
0.311311 0.415676
0.313687 0.426776
0.317790 0.442789
0.324391 0.463769
0.334526 0.489314
0.507652 0.255915
0.508983 0.257492
0.514134 0.263753
0.520844 0.271560
0.526292 0.278214
0.531639 0.284502
0.546242 0.302127
0.588035 0.355251
0.616908 0.395558
0.631200 0.416933
0.634108 0.216981
0.635619 0.218119
0.640488 0.221860
0.652078 0.231158
0.661878 0.239059
0.335833 -0.014993
0.332842 -0.005375
0.624922 0.508192
0.627536 0.512095
0.643176 0.535602
0.651042 0.547040
0.658840 0.558070
0.635302 0.985546
0.637257 0.987724
0.641756 0.992937
0.642923 0.994579
0.652887 1.006658
0.661036 1.016898
0.350263 0.119627
0.352693 0.129575
0.356963 0.145600
0.362053 0.163124
0.368036 0.182369
0.375024 0.203618
0.392602 0.253526
0.498607 0.483935
0.570039 0.574224
0.651091 0.647236
0.720748 0.703671
0.772398 0.754456
0.839305 0.856301
0.198369 0.088415
0.197293 0.090731
0.195732 0.093976
0.193848 0.098454
0.191899 0.103063
0.190186 0.106598
0.186434 0.114652
0.181487 0.125455
0.178033 0.132556
0.173203 0.142833
0.168518 0.152314
0.162778 0.164502
0.157412 0.175455
0.150597 0.190269
0.136261 0.222815
0.267877 0.125484
0.267744 0.126107
0.267354 0.127929
0.266965 0.130332
0.266576 0.132833
0.266169 0.134750
0.265349 0.139883
0.264489 0.144238
0.219584 0.128713
0.212515 0.148464
0.195208 0.193895
0.171567 0.259854
0.218043 0.412525
0.218540 0.422357
0.220086 0.439677
0.222200 0.455825
0.225809 0.475704
0.229987 0.493554
0.243422 0.534656
0.264423 0.578599
0.364806 0.687967
0.404921 0.711695
0.443452 0.728952
0.479609 0.741929
0.540141 0.760382
0.588350 0.776377
0.628283 0.794078
0.244432 0.073773
0.244171 0.074833
0.243413 0.077350
0.242670 0.079578
0.241880 0.082390
0.241138 0.084466
0.239564 0.089516
0.237946 0.094704
0.234529 0.105710
0.232710 0.111560
0.230815 0.117565
0.228835 0.123757
0.226769 0.130093
0.222277 0.143710
0.217339 0.158114
0.211881 0.173574
0.286638 0.391354
0.286790 0.393030
0.287302 0.397964
0.287968 0.403351
0.288839 0.409459
0.289166 0.411547
0.294321 0.438942
0.300861 0.463607
0.304716 0.475500
0.309921 0.489397
0.315235 0.501907
0.321998 0.515971
0.233486 0.496301
0.236382 0.506214
0.245459 0.532238
0.259595 0.563643
0.274989 0.590594
0.391232 0.700920
0.443401 0.726000
0.490771 0.742978
0.530821 0.755266
0.566339 0.766587
0.595389 0.777027
0.623879 0.789977
0.669937 0.818211
0.472202 0.575575
0.480617 0.583614
0.493461 0.595130
0.506894 0.606392
0.520509 0.617048
0.561579 0.646086
0.588347 0.663345
0.637512 0.693936
0.659600 0.708153
0.679680 0.721813
0.697892 0.735160
0.714590 0.748539
0.743340 0.775129
0.384781 0.127174
0.387422 0.133093
0.389693 0.137879
0.391830 0.142432
0.394249 0.147329
0.396760 0.152336
0.402168 0.162738
0.407987 0.173533
0.414379 0.184955
0.421497 0.197189
0.429417 0.210315
0.438047 0.224280
0.447339 0.238995
0.457405 0.254657
0.480340 0.289654
0.349187 0.389989
0.349588 0.391754
0.351322 0.399004
0.352342 0.402941
0.355598 0.414768
0.368030 0.451371
0.373289 0.464002
0.379305 0.476994
0.385864 0.489801
0.402178 0.517021
0.469490 0.129883
0.476744 0.137229
0.488138 0.148405
0.501856 0.161088
0.516477 0.174252
0.533263 0.188888
0.668939 0.314035
0.718953 0.375438
0.761893 0.445529
0.793700 0.513899
0.818192 0.572088
0.838775 0.613292
0.907325 0.746431
0.434615 0.108494
0.436798 0.111251
0.524498 0.560008
0.538354 0.574434
0.750389 0.694101
0.763152 0.707120
0.768246 0.712512
0.773149 0.717827
0.778110 0.723428
0.782552 0.728494
0.799888 0.750279
0.490995 0.194794
0.495101 0.198983
0.500563 0.204710
0.506871 0.211137
0.514761 0.219267
0.519612 0.224108
0.533052 0.237753
0.562781 0.268166
0.578837 0.285034
0.595546 0.303155
0.630623 0.343860
0.648476 0.366522
0.682484 0.415228
0.712793 0.466820
0.737792 0.514713
0.429493 0.469243
0.434269 0.477859
0.450053 0.503318
0.468147 0.528372
0.488817 0.553060
0.511319 0.576427
0.560013 0.618659
0.609097 0.654509
0.654142 0.685343
0.693133 0.713213
0.725709 0.739631
0.752846 0.765814
0.775480 0.791975
0.794790 0.818369
0.826347 0.871153
0.355941 0.278232
0.356576 0.281462
0.358426 0.291004
0.360440 0.301000
0.362632 0.311458
0.364876 0.322007
0.370136 0.344760
0.376376 0.368976
0.383935 0.394605
0.393412 0.421861
0.405423 0.450611
0.420442 0.480195
0.439342 0.510626
0.461688 0.540298
0.515536 0.595103
0.575413 0.641276
0.632184 0.679144
0.453627 0.396313
0.455015 0.399216
0.459213 0.407900
0.463666 0.416827
0.468162 0.425674
0.473049 0.434880
0.483272 0.453305
0.494325 0.471980
0.506476 0.490900
0.519465 0.509606
0.533328 0.528169
0.548180 0.546403
0.563654 0.564016
0.579605 0.580914
0.612296 0.612043
0.644642 0.639806
0.675263 0.664619
0.225422 0.108525
0.225042 0.109545
0.222640 0.116274
0.217360 0.131068
0.211253 0.148043
0.208024 0.156534
0.204633 0.165314
0.410650 0.201693
0.412336 0.204877
0.417419 0.214346
0.422940 0.224484
0.428722 0.234907
0.434820 0.245788
0.448560 0.269609
0.463918 0.295787
0.480713 0.324182
0.520041 0.389995
0.541971 0.426309
0.565457 0.464364
0.590388 0.502585
0.644057 0.575448
0.697724 0.634374
0.745760 0.681277
1.092523 0.996289
1.092987 1.001400
1.093637 1.010717
1.093336 1.011415
1.094251 1.024183
1.093895 1.024532
1.094961 1.067999
1.094569 1.075006
1.094257 1.084568
1.094079 1.099613
0.745587 0.791431
0.750908 0.797254
0.758621 0.806159
0.766184 0.815456
0.773149 0.824539
0.779628 0.833487
0.791932 0.851742
0.813340 0.887878
0.245016 0.053867
0.232483 0.091803
0.225255 0.112981
0.216774 0.136973
0.206316 0.165451
0.177935 0.241660
0.455062 0.425737
0.462204 0.439671
0.473888 0.460905
0.501299 0.503947
0.517101 0.525356
0.552166 0.566387
0.590222 0.603613
0.582054 0.174326
0.584328 0.175979
0.589198 0.179658
0.622889 0.204482
0.637223 0.215425
0.652372 0.227272
0.668615 0.240380
0.685169 0.254389
0.701905 0.269375
0.718189 0.284918
0.733925 0.301002
0.448351 0.075125
0.449651 0.077067
0.452695 0.080498
0.454169 0.082505
0.464166 0.093748
0.469879 0.099727
0.476082 0.105922
0.482643 0.112241
0.489736 0.118810
0.497619 0.125796
0.505949 0.132988
0.515158 0.140656
0.535433 0.156972
0.559100 0.175360
1.112498 0.977363
1.114023 0.995939
1.114379 1.011679
1.114625 1.029466
1.115226 1.060971
1.114729 1.080083
1.112808 1.111052
1.109834 1.146594
1.106480 1.171223
1.102651 1.196338
1.099186 1.213543
1.095166 1.234975
1.091693 1.250787
1.088414 1.264804
0.978279 0.946202
0.989214 0.994601
0.993689 1.019194
0.997253 1.042142
1.007835 1.130946
1.010127 1.165561
0.429454 0.420191
0.433874 0.429872
0.443332 0.449160
0.465983 0.488646
0.486638 0.518591
0.510180 0.547700
0.563659 0.601010
0.619549 0.645825
0.670764 0.683306
0.713947 0.716623
0.748884 0.748301
0.777117 0.779848
0.800294 0.811551
0.819957 0.843458
0.852537 0.907071
0.879316 0.969193
0.316576 0.086900
0.316579 0.088636
0.316741 0.094358
0.317212 0.106353
0.317536 0.112671
0.290117 0.094347
0.289932 0.095677
0.289739 0.098339
0.289261 0.102975
0.289067 0.105712
0.288594 0.110619
0.288116 0.115606
0.287653 0.120973
0.287203 0.126657
0.286714 0.132324
0.286188 0.137964
0.285655 0.143851
0.285123 0.150292
0.283934 0.163340
0.259164 0.139853
0.258908 0.140911
0.258137 0.144581
0.610871 0.813096
0.621246 0.818046
0.649360 0.834537
0.674075 0.853505
0.714603 0.896128
0.746091 0.940648
0.774560 0.987324
0.800893 1.033203
0.827482 1.079360
0.851763 1.121748
0.872017 1.158213
0.890239 1.191469
0.906690 1.221953
0.634320 0.364510
0.635875 0.366482
0.640602 0.372702
0.648548 0.383693
0.652638 0.389497
0.658730 0.398307
0.668960 0.413593
0.676929 0.426124
0.684532 0.438492
0.691890 0.450961
0.699111 0.463642
0.705892 0.475880
0.711879 0.486885
0.724526 0.510974
0.373560 -0.025841
0.371508 -0.016352
0.370007 -0.006324
0.369174 0.004331
0.369111 0.015708
0.424430 0.283785
0.425551 0.286234
0.430941 0.297837
0.436559 0.309817
0.448916 0.335604
0.462435 0.363122
0.477727 0.392984
0.494499 0.424163
0.513686 0.457259
0.558281 0.523562
0.293703 0.272868
0.293632 0.275416
0.293292 0.286165
0.293024 0.299362
0.292896 0.309973
0.292822 0.322088
0.293499 0.349638
0.295361 0.378533
0.299776 0.411820
0.307365 0.446640
0.320310 0.485092
0.340458 0.526000
0.367865 0.565727
0.402076 0.602260
0.483862 0.661485
0.562922 0.702090
0.629133 0.735281
0.330968 -0.074789
0.330968 -0.074789
0.328043 -0.071413
0.323086 -0.065809
0.318181 -0.059911
0.313347 -0.053700
0.304013 -0.040807
0.299537 -0.034052
0.254288 0.080432
0.253982 0.081906
0.252619 0.086960
0.251217 0.092224
0.249780 0.097603
0.248299 0.103129
0.245165 0.114778
0.241762 0.127146
0.232613 0.053493
0.229809 0.061247
0.227092 0.067888
0.224142 0.076100
0.221184 0.083807
0.218092 0.091883
0.652778 1.053378
0.659953 1.061398
0.670810 1.074624
0.689207 1.095201
0.707028 1.114699
0.718606 1.128053
0.752616 1.163707
0.780780 1.193112
0.830714 1.244685
0.867451 1.284288
0.894863 1.315813
0.922789 1.348252
0.930882 1.362074
0.953129 1.390264
0.250248 0.322027
0.249852 0.327223
0.248283 0.349101
0.247545 0.372864
0.248111 0.398781
0.250623 0.427405
0.265264 0.493570
0.299971 0.567325
0.428946 0.685212
0.498797 0.717303
0.558032 0.739722
0.647896 0.781073
0.786681 0.932619
0.360556 0.061954
0.362212 0.070020
0.364434 0.078819
0.366916 0.087784
0.369948 0.097404
0.373442 0.107507
0.387410 0.141525
0.365314 0.206764
0.367489 0.214330
0.374778 0.239111
0.386545 0.277418
0.393069 0.297785
0.404728 0.332469
0.436596 0.413521
0.489150 0.506445
0.567613 0.594898
0.652847 0.663719
0.722500 0.718075
0.772835 0.768476
0.809488 0.819075
0.838157 0.870042
0.882761 0.969981
0.218793 0.147609
0.217062 0.152367
0.211192 0.168843
0.204557 0.187130
0.197081 0.207725
0.188736 0.231271
0.170030 0.291666
0.153738 0.384507
0.167315 0.542730
0.283501 0.744039
0.443465 0.816487
0.540505 0.827400
0.597208 0.840040
0.645578 0.866828
0.718231 0.946536
0.776568 1.037909
0.833688 1.127842
0.554347 0.574045
0.557065 0.576765
0.565072 0.584714
0.575873 0.594962
0.581339 0.599969
0.589512 0.607270
0.622159 0.634636
0.638056 0.647190
0.653459 0.659068
0.682429 0.681248
0.708511 0.701871
0.751966 0.741018
0.769845 0.760295
0.697610 0.958909
0.698844 0.960521
0.701600 0.964579
0.703680 0.967438
0.709170 0.975370
0.714766 0.983030
0.722398 0.994263
0.729812 1.005371
0.737179 1.016500
0.744555 1.027672
0.752069 1.038997
0.759649 1.050334
0.767950 1.062474
0.775168 1.073312
0.791413 1.096726
0.804717 1.116468
0.819704 1.137744
0.483978 0.129852
0.496073 0.140895
0.508641 0.152046
0.522786 0.164132
0.555877 0.191445
0.700746 0.317674
0.702877 0.320020
0.716957 0.336361
0.723218 0.344069
0.730118 0.352787
0.742412 0.369555
0.755417 0.388517
0.767388 0.407978
0.778168 0.427040
0.787840 0.445798
0.796947 0.465065
0.812208 0.500461
0.826083 0.536383
0.837593 0.565523
0.848021 0.589654
0.457376 0.367041
0.459473 0.371356
0.466206 0.384961
0.471073 0.394571
0.480994 0.413686
0.488984 0.428370
0.506558 0.458936
0.526149 0.489818
0.547831 0.520479
0.571455 0.550375
0.596470 0.578626
0.622070 0.604467
0.647577 0.628075
0.672172 0.649460
0.716768 0.687294
0.753996 0.721682
0.784290 0.755354
0.139434 0.159868
0.139064 0.160477
0.137919 0.162534
0.136498 0.165419
0.134524 0.169209
0.132773 0.172709
0.129589 0.179042
0.125796 0.186835
0.117617 0.204544
0.109687 0.222875
0.099586 0.249383
0.089519 0.280864
0.079078 0.323809
0.315168 0.182782
0.315228 0.183762
0.315338 0.186432
0.315455 0.189146
0.315777 0.195075
0.316348 0.207004
0.316661 0.213318
0.316956 0.219671
0.317595 0.233084
0.318314 0.247558
0.319117 0.262978
0.320048 0.279427
0.698966 0.346413
0.700457 0.348276
0.708126 0.358011
0.715870 0.368312
0.497662 0.168416
0.498928 0.169604
0.503461 0.173738
0.506891 0.176996
0.511025 0.180810
0.515516 0.184882
0.524177 0.192751
0.532936 0.200717
0.542448 0.209272
0.553194 0.218799
0.564135 0.228599
0.574988 0.238435
0.599006 0.260573
0.624663 0.285354
0.650837 0.312586
0.830937 0.628901
0.831831 0.630415
0.834281 0.634204
0.836456 0.637256
0.839238 0.641945
0.841532 0.645344
0.846383 0.652914
0.850899 0.659832
0.855808 0.668039
0.860779 0.676684
0.869180 0.691299
0.878007 0.708610
0.886119 0.725704
0.894099 0.743859
0.382039 0.093835
0.382351 0.094581
0.382843 0.095885
0.384034 0.098793
0.385841 0.103113
0.388003 0.107860
0.390124 0.112503
0.394837 0.122211
0.397484 0.127354
0.400067 0.132337
0.406227 0.143417
0.420494 0.167173
0.177309 0.739638
0.181549 0.746975
0.191988 0.763846
0.203522 0.780621
0.217142 0.798576
0.233949 0.817797
0.256642 0.839552
0.283939 0.860155
0.312092 0.876076
0.338308 0.886715
0.365841 0.894515
0.390773 0.898813
0.414249 0.900946
0.436423 0.901602
0.474129 0.900407
0.502624 0.898084
0.711815 0.239640
0.716372 0.243509
0.767760 0.291688
0.814193 0.348793
0.840757 0.392353
1.041769 0.625585
1.041945 0.626429
1.042502 0.629060
1.043326 0.633044
1.044361 0.638057
1.045143 0.641867
1.046786 0.649948
1.049096 0.661300
1.052948 0.680507
1.053629 0.684349
1.056674 0.699417
1.057623 0.704726
1.060983 0.721430
0.431619 0.386417
0.433204 0.390118
0.440853 0.407477
0.449323 0.425428
0.458680 0.443838
0.469020 0.462634
0.493026 0.500718
0.521410 0.538336
0.553466 0.573933
0.587693 0.606309
0.622196 0.635206
0.655197 0.660872
0.685483 0.684043
0.712548 0.705626
0.757137 0.746759
0.791220 0.787496
0.316946 0.243128
0.317175 0.248326
0.317952 0.264488
0.318859 0.281738
0.319918 0.299988
0.321320 0.319501
0.326104 0.363620
0.335676 0.414105
0.354067 0.470079
0.387899 0.531371
0.437745 0.588644
0.499268 0.637019
0.561759 0.674806
0.617798 0.705791
0.702808 0.761200
0.759317 0.817238
0.273768 0.077597
0.269883 0.098443
0.838859 0.252714
0.839809 0.253646
0.842551 0.256437
0.845568 0.259600
0.849648 0.263974
0.853642 0.268521
0.866051 0.283082
0.873251 0.292442
0.878323 0.299112
0.891755 0.319081
0.904474 0.341036
0.915636 0.362637
1.094355 1.261500
1.093520 1.264976
1.090518 1.279194
1.089453 1.281280
1.085069 1.294866
1.080150 1.320269
1.077476 1.325787
1.074186 1.338534
1.071144 1.358838
1.069315 1.349928
1.067173 1.377106
1.065418 1.382378
1.064088 1.394354
1.061453 1.407851
1.061036 1.426088
1.061036 1.426088
1.061036 1.426088
0.270080 0.146132
0.268253 0.157575
0.268122 0.158270
0.267721 0.160666
0.267314 0.163521
0.266894 0.165917
0.266474 0.168085
0.265587 0.173829
0.264668 0.178973
0.437576 0.491608
0.438912 0.493747
0.443037 0.500264
0.447522 0.506944
0.456439 0.519576
0.466111 0.532258
0.476245 0.544577
0.487088 0.556823
0.498273 0.568573
0.510121 0.580232
0.522123 0.591253
0.534546 0.602029
0.547031 0.612269
0.572359 0.631679
0.597275 0.649445
0.621330 0.665879
0.644045 0.681172
0.590522 0.644364
0.606470 0.655441
0.650343 0.685136
0.689078 0.712431
0.747561 0.762628
0.789344 0.813044
0.820920 0.863967
0.846593 0.914442
0.868685 0.964031
0.887838 1.011638
0.904556 1.056826
0.919033 1.098834
0.931449 1.137152
0.951541 1.203407
0.966706 1.256732
0.978773 1.300419
0.988277 1.335892
0.244708 0.120467
0.244292 0.122267
0.243166 0.126209
0.241920 0.131131
0.240711 0.135301
0.239434 0.139872
0.236728 0.149432
0.233761 0.159913
0.230640 0.170324
0.227314 0.181190
0.223578 0.193524
0.219547 0.206843
0.215378 0.220168
0.210879 0.234972
0.200925 0.270024
0.190861 0.312055
0.182436 0.366720
0.180995 0.439712
0.328849 -0.000660
0.327578 0.004289
0.327282 0.005552
0.326992 0.006865
0.326691 0.008118
0.326409 0.009417
0.325860 0.012030
0.325347 0.014730
0.635069 0.899825
0.636188 0.900727
0.638779 0.902912
0.641869 0.905586
0.642965 0.906552
0.646773 0.910111
0.653996 0.917053
0.659318 0.922651
0.663938 0.927840
0.670352 0.935124
0.675483 0.941385
0.680590 0.947850
0.686246 0.955149
0.692941 0.963842
0.702085 0.976884
0.713913 0.993552
0.723894 1.008318
0.734061 1.023444
0.283246 0.639613
0.293439 0.651596
0.309663 0.668435
0.327785 0.684741
0.364724 0.711168
0.402782 0.731463
0.438565 0.745854
0.471912 0.756547
0.500174 0.764093
0.526428 0.770855
0.550290 0.777279
0.571086 0.783389
0.589938 0.789773
0.625628 0.805475
0.655825 0.823473
0.682212 0.843954
0.289359 0.149117
0.289196 0.150894
0.288796 0.156989
0.288330 0.162962
0.287369 0.175766
0.286270 0.189290
0.285073 0.204277
0.283670 0.219655
0.282165 0.237136
0.280511 0.255451
0.278827 0.275691
0.277245 0.297887
0.275968 0.321715
0.276207 0.377883
0.285705 0.446690
0.316190 0.527843
0.241213 0.533481
0.241990 0.535474
0.245745 0.544602
0.249971 0.554204
0.254578 0.563799
0.258455 0.571362
0.267434 0.587194
0.278489 0.604459
0.289199 0.619081
0.302349 0.635132
0.314754 0.648408
0.329744 0.662828
0.344038 0.674866
0.359422 0.686419
0.390476 0.705928
0.421729 0.721596
0.451234 0.733606
0.268731 0.047012
0.268089 0.049009
0.266171 0.056363
0.264242 0.063360
0.262313 0.071435
0.260347 0.078758
0.256247 0.095798
0.251741 0.114562
0.246580 0.135346
0.240467 0.158767
0.233109 0.185409
0.224240 0.216452
0.213788 0.253855
0.202406 0.300618
0.191941 0.446411
0.297869 0.680585
0.501148 0.778146
0.477706 0.143215
0.482003 0.147376
0.493698 0.158755
0.508333 0.172177
0.523192 0.185614
0.540617 0.200928
0.579833 0.235433
0.625568 0.277728
0.675695 0.330361
0.723460 0.392958
0.762925 0.461884
0.791969 0.525512
0.815544 0.579755
0.835817 0.618340
0.872361 0.679550
0.904029 0.748528
0.931734 0.824282
0.209961 0.422057
0.210449 0.429712
0.213208 0.455613
0.218239 0.483919
0.226146 0.514141
0.237461 0.545741
0.273105 0.611879
0.322385 0.668309
0.380192 0.710128
0.438831 0.737500
0.490914 0.754545
0.533251 0.766222
0.569662 0.777037
0.601262 0.788563
0.653864 0.816216
0.695845 0.850077
0.728030 0.886274
0.639225 1.058010
0.641182 1.060254
0.647638 1.067567
0.656879 1.077541
0.663336 1.084774
0.666278 1.088707
0.687164 1.110467
0.699752 1.124223
0.716738 1.141580
0.729508 1.155000
0.746148 1.171446
0.758159 1.183795
0.771844 1.197363
0.782559 1.208334
0.807962 1.233213
0.831669 1.256421
0.850370 1.275369
0.407182 -0.001145
0.408833 0.008882
0.411341 0.019326
0.415189 0.030663
0.420596 0.042922
0.427523 0.055861
0.447006 0.084088
0.461305 0.100580
0.023646 0.302095
0.011582 0.542516
0.076120 0.837560
0.182200 1.018560
0.282387 1.084778
0.380201 1.099331
0.545928 1.069607
0.593837 1.054670
0.641950 0.797665
0.652273 0.803861
0.660836 0.809552
0.668174 0.814716
0.675437 0.820152
0.682526 0.825824
0.696175 0.837793
0.708274 0.849692
0.324235 0.060092
0.324353 0.070870
0.324809 0.082364
0.325612 0.094694
0.326779 0.107932
0.328321 0.122215
0.332590 0.154577
0.335330 0.173042
0.325190 0.123430
0.325504 0.126559
0.327172 0.141712
0.329154 0.158168
0.331471 0.176147
0.334129 0.195901
0.340594 0.241934
0.349302 0.299104
0.363430 0.370651
0.392786 0.457956
0.455034 0.553472
0.548285 0.634482
0.640017 0.693564
0.710009 0.742864
0.795651 0.839237
0.847473 0.935543
0.886229 1.027025
0.356738 0.255934
0.357174 0.258076
0.358590 0.264785
0.359522 0.269299
0.363002 0.285573
0.366298 0.300469
0.369924 0.316168
0.373944 0.332716
0.378459 0.350128
0.383595 0.368423
0.389499 0.387597
0.396373 0.407640
0.404418 0.428440
0.425021 0.471920
0.764684 0.299397
0.765403 0.300198
0.767511 0.302578
0.770515 0.305835
0.773449 0.309132
0.776312 0.312469
0.780897 0.317883
0.784940 0.322893
0.790624 0.329889
0.795786 0.336693
0.799645 0.341833
0.804061 0.348016
0.813559 0.361986
0.821873 0.375188
0.829900 0.389039
0.837996 0.404255
0.730851 0.338571
0.743107 0.354167
0.775460 0.402391
0.802361 0.453792
0.822447 0.500407
0.834388 0.532381
0.865632 0.606734
0.887743 0.646908
0.909131 0.693100
0.928287 0.743970
0.965438 0.861027
0.995187 0.980981
1.009652 1.079696
1.015953 1.162168
0.210938 0.346544
0.210656 0.348893
0.209429 0.362122
0.208531 0.374395
0.207966 0.389932
0.207820 0.403883
0.209491 0.437371
0.214672 0.474522
0.224425 0.514417
0.241529 0.559794
0.266004 0.604674
0.296790 0.645265
0.333597 0.680646
0.373574 0.708566
0.452807 0.744408
0.518738 0.763912
0.568704 0.778089
0.277733 0.141005
0.276560 0.150102
0.274659 0.164996
0.272473 0.180646
0.270006 0.197608
0.267190 0.216735
0.260597 0.260806
0.253710 0.315408
0.250901 0.386943
0.264633 0.479211
0.321161 0.590749
0.423677 0.678245
0.527578 0.725307
0.608380 0.757993
0.714184 0.829962
0.775059 0.909531
0.819747 0.990677
0.330938 0.318596
0.331587 0.324343
0.333841 0.342303
0.336683 0.361342
0.340300 0.381418
0.344980 0.402631
0.358828 0.448237
0.381247 0.497098
0.415674 0.547863
0.459884 0.593767
0.510750 0.633218
0.562366 0.665796
0.610251 0.693455
0.651979 0.718270
0.716861 0.765376
0.762344 0.812453
0.796010 0.860198
0.621914 0.566566
0.624686 0.569845
0.632683 0.579256
0.640637 0.588293
0.648623 0.597094
0.656528 0.605524
0.672287 0.621678
0.702496 0.650683
0.716717 0.663891
0.730285 0.676543
0.743123 0.688747
0.755270 0.700737
0.766655 0.712543
0.787267 0.735977
0.805043 0.759151
0.820909 0.782911
0.293435 0.475408
0.294831 0.479564
0.297345 0.486659
0.300045 0.493707
0.302504 0.499800
0.305145 0.505891
0.312017 0.520408
0.320159 0.535531
0.328007 0.548460
0.337411 0.562354
0.347195 0.575301
0.357915 0.588075
0.369371 0.600406
0.381465 0.612172
0.407520 0.634164
0.435023 0.653552
0.463439 0.670654
0.547175 0.636916
0.549606 0.638579
0.556801 0.643450
0.563864 0.648121
0.570946 0.652739
0.577964 0.657250
1.005685 0.756088
1.007938 0.765159
1.015396 0.796568
1.021782 0.825152
1.029345 0.859506
1.036364 0.893941
1.046647 0.955208
1.053492 1.012505
0.324739 0.158090
0.325305 0.163495
0.327219 0.181487
0.329393 0.201240
0.331835 0.223031
0.334605 0.247185
0.341734 0.304062
0.354241 0.375336
0.382357 0.462097
0.444130 0.556904
0.537372 0.636609
0.629693 0.694249
0.582289 0.242613
0.583937 0.244124
0.589371 0.249190
0.602296 0.261119
0.608960 0.267382
0.621642 0.279710
0.635654 0.293628
0.649953 0.308486
0.663611 0.323508
0.676967 0.339003
0.690026 0.355251
0.703701 0.373174
0.716719 0.391819
0.739543 0.428508
0.760141 0.467267
0.776832 0.502674
0.710769 0.909192
0.712353 0.911374
0.722671 0.925368
0.733227 0.940542
0.742743 0.955113
0.752382 0.970345
0.770425 1.000109
0.788853 1.030880
0.805512 1.059304
0.823368 1.088982
0.840239 1.116972
0.854781 1.141740
0.866457 1.162619
0.879732 1.185287
0.902066 1.224620
0.921182 1.259423
0.935810 1.287965
0.277999 0.177572
0.277918 0.178222
0.277555 0.181717
0.277170 0.184902
0.276771 0.187872
0.276375 0.191532
0.275529 0.197931
0.274647 0.205290
0.273723 0.212665
0.272749 0.219836
0.271727 0.227955
0.270674 0.236262
0.269578 0.244269
0.268440 0.253431
0.266130 0.271828
0.263834 0.292854
0.897468 0.841653
0.899368 0.846487
0.905308 0.861661
0.911091 0.876910
0.916438 0.891601
0.921527 0.906115
0.931032 0.934745
0.939834 0.963234
0.948000 0.991686
0.955339 1.019525
0.960685 1.043306
0.965924 1.067656
0.970387 1.090578
0.974748 1.113663
0.981543 1.154754
0.986439 1.189522
0.336919 0.302463
0.337299 0.305562
0.338614 0.315573
0.339471 0.322123
0.343297 0.347077
0.347460 0.369854
0.352804 0.393960
0.359825 0.419490
0.369171 0.446582
0.381469 0.474929
0.397234 0.503940
0.417003 0.533202
0.440341 0.561353
0.495563 0.612048
0.555430 0.653552
0.099650 0.472548
0.100067 0.480228
0.102008 0.503658
0.104150 0.521683
0.112796 0.571943
0.125819 0.622609
0.147834 0.684499
0.171528 0.734099
0.199058 0.778790
0.231195 0.819129
0.265011 0.850491
0.297533 0.872245
0.330830 0.887665
0.394491 0.902495
0.448541 0.904487
0.489397 0.901978
0.520519 0.899069
0.385844 0.153248
0.386601 0.154927
0.388660 0.159578
0.391016 0.164637
0.395885 0.174963
0.401168 0.185776
0.406948 0.197209
0.413244 0.209317
0.420172 0.222255
0.427703 0.235976
0.435834 0.250539
0.444666 0.266078
0.454149 0.282546
0.475115 0.318518
0.499026 0.359135
0.526138 0.404657
0.556076 0.453875
0.959606 0.921338
0.959809 0.922196
0.961596 0.928407
0.963154 0.934090
0.964411 0.938996
0.966441 0.946083
0.969081 0.956583
0.971569 0.966891
0.974040 0.977398
0.976573 0.988374
0.979585 1.001120
0.981303 1.010098
0.302897 0.054473
0.302696 0.056065
0.301869 0.063646
0.301131 0.071567
0.300487 0.079905
0.299900 0.088548
0.298935 0.107312
0.298139 0.128249
0.434207 0.386772
0.437605 0.394614
0.455080 0.431654
0.476423 0.470529
0.502488 0.510101
0.533061 0.548737
0.602747 0.617121
0.670830 0.671167
0.726839 0.716326
0.769505 0.758776
0.802051 0.801256
0.828063 0.844155
0.850010 0.887099
0.869146 0.929520
0.900979 1.010929
0.925574 1.084823
0.944333 1.148957
0.307876 0.073881
0.307437 0.085156
0.307178 0.097212
0.307086 0.110120
0.307139 0.124016
0.307308 0.139040
0.307857 0.173156
0.308172 0.192752
0.346397 0.060903
0.346546 0.062045
0.346950 0.065354
0.347429 0.068775
0.347912 0.072157
0.348487 0.075700
0.349745 0.082888
0.351285 0.090491
0.353044 0.098400
0.355016 0.106593
0.357287 0.115218
0.359898 0.124350
0.362780 0.133885
0.365972 0.143870
0.373640 0.165851
0.382902 0.190368
0.394308 0.218415
0.282208 0.080064
0.281581 0.083972
0.280657 0.090155
0.279741 0.096717
0.278811 0.103496
0.277853 0.110537
0.275836 0.125458
0.273588 0.141330
0.264028 0.202958
0.260616 0.222971
0.256040 0.250076
0.251101 0.280519
0.243003 0.358214
0.252569 0.469181
0.323112 0.608843
0.314832 0.553906
0.317487 0.558044
0.327198 0.572226
0.336295 0.584085
0.343331 0.592570
0.357925 0.608458
0.382345 0.631077
0.408291 0.650965
