35.000010
35.376894
35.753779
36.130663
36.507547
36.884432
37.261316
37.638200
38.015085
38.391969
38.768853
39.145738
39.522622
39.899506
40.276391
40.653275
41.030159
41.407043
41.783928
42.160812
42.537696
42.914581
43.291465
43.668349
44.045234
44.422118
44.799002
45.175887
45.552771
45.929655
46.306540
46.683424
47.060308
47.437193
47.814077
48.190961
48.567846
48.944730
49.321614
49.698499
50.075383
50.452267
50.829152
51.206036
51.582920
51.959804
52.336689
52.713573
53.090457
53.467342
53.844226
54.221110
54.597995
54.974879
55.351763
55.728648
56.105532
56.482416
56.859301
57.236185
57.613069
57.989954
58.366838
58.743722
59.120607
59.497491
59.874375
60.251260
60.628144
61.005028
61.381913
61.758797
62.135681
62.512565
62.889450
63.266334
63.643218
64.020103
64.396987
64.773871
65.150756
65.527640
65.904524
66.281409
66.658293
67.035177
67.412062
67.788946
68.165830
68.542715
68.919599
69.296483
69.673368
70.050252
70.427136
70.804021
71.180905
71.557789
71.934674
72.311558
72.688442
73.065326
73.442211
73.819095
74.195979
74.572864
74.949748
75.326632
75.703517
76.080401
76.457285
76.834170
77.211054
77.587938
77.964823
78.341707
78.718591
79.095476
79.472360
79.849244
80.226129
80.603013
80.979897
81.356782
81.733666
82.110550
82.487435
82.864319
83.241203
83.618087
83.994972
84.371856
84.748740
85.125625
85.502509
85.879393
86.256278
86.633162
87.010046
87.386931
87.763815
88.140699
88.517584
88.894468
89.271352
89.648237
90.025121
90.402005
90.778890
91.155774
91.532658
91.909543
92.286427
92.663311
93.040196
93.417080
93.793964
94.170848
94.547733
94.924617
95.301501
95.678386
96.055270
96.432154
96.809039
97.185923
97.562807
97.939692
98.316576
98.693460
99.070345
99.447229
99.824113
100.200998
100.577882
100.954766
101.331651
101.708535
102.085419
102.462304
102.839188
103.216072
103.592957
103.969841
104.346725
104.723609
105.100494
105.477378
105.854262
106.231147
106.608031
106.984915
107.361800
107.738684
108.115568
108.492453
108.869337
109.246221
109.623106
109.999990
