5.958535003662109375e+01
5.965570449829101562e+01
5.988412094116210938e+01
6.011253738403320312e+01
6.034095001220703125e+01
6.056936645507812500e+01
6.102619934082031250e+01
6.148302841186523438e+01
6.193986129760742188e+01
6.239669036865234375e+01
6.285352325439453125e+01
6.331035232543945312e+01
6.376718521118164062e+01
6.422401428222656250e+01
6.605133819580078125e+01
6.696500396728515625e+01
7.418849945068359375e+01
7.433939361572265625e+01
7.502526855468750000e+01
7.533802032470703125e+01
7.639701843261718750e+01
7.708289337158203125e+01
7.845464324951171875e+01
7.982639312744140625e+01
8.119814300537109375e+01
8.256989288330078125e+01
8.394164276123046875e+01
8.531339263916015625e+01
8.668514251708984375e+01
8.805689239501953125e+01
9.354389190673828125e+01
9.628739166259765625e+01
6.529965209960937500e+01
6.538241577148437500e+01
6.562585449218750000e+01
6.586928558349609375e+01
6.611272430419921875e+01
6.635615539550781250e+01
6.684594726562500000e+01
6.732989501953125000e+01
6.781676483154296875e+01
6.830363464355468750e+01
6.879050445556640625e+01
6.927737426757812500e+01
6.976424407958984375e+01
7.025111389160156250e+01
7.122485351562500000e+01
7.317233276367187500e+01
4.469434356689453125e+01
4.591658020019531250e+01
4.713882446289062500e+01
4.836106109619140625e+01
4.958330535888671875e+01
5.080554199218750000e+01
5.447226715087890625e+01
6.612825775146484375e+01
6.627519226074218750e+01
6.649515533447265625e+01
6.671511840820312500e+01
6.693507385253906250e+01
6.715503692626953125e+01
6.483682250976562500e+01
6.491361236572265625e+01
6.035975646972656250e+01
6.090412902832031250e+01
6.144850158691406250e+01
6.199287796020507812e+01
6.253725051879882812e+01
6.308162307739257812e+01
6.417037200927734375e+01
6.471474456787109375e+01
4.997210311889648438e+01
5.164067459106445312e+01
5.330924606323242188e+01
5.497781753540039062e+01
5.664639282226562500e+01
6.332067871093750000e+01
7.886380767822265625e+01
7.908409881591796875e+01
7.973200988769531250e+01
8.037992858886718750e+01
8.102783203125000000e+01
8.167575073242187500e+01
8.297157287597656250e+01
8.426739501953125000e+01
8.556321716308593750e+01
8.685903930664062500e+01
8.815486145019531250e+01
8.945068359375000000e+01
9.074650573730468750e+01
9.204232788085937500e+01
9.722561645507812500e+01
9.981726074218750000e+01
7.587127685546875000e+01
7.600795745849609375e+01
7.640993499755859375e+01
7.694538116455078125e+01
7.721390533447265625e+01
7.761588287353515625e+01
7.841984558105468750e+01
7.922381591796875000e+01
8.002777862548828125e+01
8.083174133300781250e+01
8.163571166992187500e+01
8.243967437744140625e+01
8.324363708496093750e+01
8.726345825195312500e+01
4.871173477172851562e+01
5.000917053222656250e+01
5.130661392211914062e+01
5.390149307250976562e+01
5.779380798339843750e+01
6.033755493164062500e+01
6.051343917846679688e+01
6.077673721313476562e+01
6.104108810424804688e+01
6.156663131713867188e+01
6.209323120117187500e+01
6.261982727050781250e+01
6.630532073974609375e+01
6.664929199218750000e+01
6.717363739013671875e+01
6.769799041748046875e+01
6.822233581542968750e+01
6.874668121337890625e+01
6.979537200927734375e+01
7.084406280517578125e+01
7.189276123046875000e+01
7.294145202636718750e+01
7.399014282226562500e+01
7.503883361816406250e+01
7.923360443115234375e+01
8.133099365234375000e+01
7.357023620605468750e+01
7.384358215332031250e+01
7.464756774902343750e+01
7.545154571533203125e+01
7.625553131103515625e+01
7.705950927734375000e+01
7.866747283935546875e+01
8.027543640136718750e+01
8.188339996337890625e+01
8.349136352539062500e+01
8.509932708740234375e+01
9.635507202148437500e+01
6.357437896728515625e+01
6.375255966186523438e+01
6.401930236816406250e+01
6.428604125976562500e+01
6.455278015136718750e+01
6.481951904296875000e+01
6.535300445556640625e+01
6.588648223876953125e+01
6.641996765136718750e+01
6.695344543457031250e+01
6.748692321777343750e+01
7.015432739257812500e+01
7.122129058837890625e+01
6.451378631591796875e+01
6.455918884277343750e+01
6.469763183593750000e+01
6.483607482910156250e+01
6.497451019287109375e+01
6.511295318603515625e+01
6.538983154296875000e+01
6.334506225585937500e+01
6.362482452392578125e+01
6.404364013671875000e+01
6.446244812011718750e+01
6.488125610351562500e+01
6.530007171630859375e+01
6.613769531250000000e+01
6.697531127929687500e+01
6.781293487548828125e+01
6.865055847167968750e+01
6.948818206787109375e+01
7.032580566406250000e+01
7.535153198242187500e+01
6.720881652832031250e+01
6.725327301025390625e+01
6.738403320312500000e+01
6.751480102539062500e+01
6.764556121826171875e+01
6.777632141113281250e+01
6.808229827880859375e+01
6.856088256835937500e+01
6.882240295410156250e+01
6.908392333984375000e+01
7.091458129882812500e+01
7.690652465820312500e+01
7.697310638427734375e+01
6.588128662109375000e+01
6.603479003906250000e+01
6.649070739746093750e+01
6.880430603027343750e+01
6.896483612060546875e+01
6.920513916015625000e+01
6.944544982910156250e+01
6.968575286865234375e+01
6.992605590820312500e+01
7.040666961669921875e+01
7.104108428955078125e+01
7.136789703369140625e+01
7.184851074218750000e+01
7.377096557617187500e+01
7.473219299316406250e+01
6.176200103759765625e+01
6.192623138427734375e+01
6.245943069458007812e+01
6.299262619018554688e+01
6.352582550048828125e+01
6.405902099609375000e+01
6.512541198730468750e+01
6.619181060791015625e+01
6.743948364257812500e+01
6.832459259033203125e+01
6.939099121093750000e+01
7.152377319335937500e+01
7.259017181396484375e+01
7.472295379638671875e+01
4.568473052978515625e+01
4.699281692504882812e+01
4.830090332031250000e+01
5.222515487670898438e+01
5.353324127197265625e+01
6.541816711425781250e+01
6.603124237060546875e+01
6.607033538818359375e+01
6.618531799316406250e+01
6.630029296875000000e+01
6.641527557373046875e+01
6.653025817871093750e+01
6.676021575927734375e+01
6.699018096923828125e+01
6.722013854980468750e+01
6.745009613037109375e+01
6.768006134033203125e+01
6.791001892089843750e+01
6.813997650146484375e+01
6.836994171142578125e+01
6.882985687255859375e+01
6.928977966308593750e+01
6.974970245361328125e+01
6.084506607055664062e+01
6.092863082885742188e+01
6.131549835205078125e+01
6.170236587524414062e+01
6.208923339843750000e+01
6.247610092163085938e+01
6.324983978271484375e+01
6.402357482910156250e+01
6.479730987548828125e+01
6.557104492187500000e+01
6.634477996826171875e+01
6.711852264404296875e+01
6.789225769042968750e+01
6.866599273681640625e+01
7.021346282958984375e+01
7.176094055175781250e+01
7.330841064453125000e+01
7.485588073730468750e+01
7.034803771972656250e+01
7.046366119384765625e+01
7.081192779541015625e+01
7.116018676757812500e+01
7.150845336914062500e+01
7.185671234130859375e+01
7.255323791503906250e+01
7.324976348876953125e+01
7.394628906250000000e+01
7.464281463623046875e+01
7.533934020996093750e+01
7.603586578369140625e+01
7.673239135742187500e+01
7.742891693115234375e+01
7.882196044921875000e+01
8.021501159667968750e+01
8.160806274414062500e+01
8.300111389160156250e+01
6.553607177734375000e+01
6.578443145751953125e+01
6.654160308837890625e+01
6.678692626953125000e+01
6.805593872070312500e+01
6.881311035156250000e+01
7.032745361328125000e+01
7.184179687500000000e+01
7.335614013671875000e+01
7.487047576904296875e+01
7.638481903076171875e+01
7.789916229248046875e+01
7.941350555419921875e+01
8.092784118652343750e+01
8.395652770996093750e+01
8.698521423339843750e+01
9.001389312744140625e+01
9.304257965087890625e+01
5.523595809936523438e+01
5.616981124877929688e+01
5.710366821289062500e+01
5.803752136230468750e+01
5.897137451171875000e+01
5.990522766113281250e+01
6.177293395996093750e+01
6.270678710937500000e+01
6.364064025878906250e+01
8.592489624023437500e+01
8.612394714355468750e+01
8.670216369628906250e+01
8.671638488769531250e+01
8.790124511718750000e+01
8.849367523193359375e+01
8.967854309082031250e+01
9.086340332031250000e+01
9.204826354980468750e+01
9.323313140869140625e+01
9.441799163818359375e+01
9.560285949707031250e+01
9.678771972656250000e+01
9.797258758544921875e+01
1.003423156738281250e+02
1.027120361328125000e+02
1.050817718505859375e+02
3.990370941162109375e+01
4.089704895019531250e+01
4.189038848876953125e+01
4.288372802734375000e+01
4.387706756591796875e+01
4.487040710449218750e+01
4.685708618164062500e+01
4.785042572021484375e+01
4.884376525878906250e+01
9.689867401123046875e+01
9.701936340332031250e+01
9.737857818603515625e+01
9.809700012207031250e+01
9.845620727539062500e+01
9.917462158203125000e+01
9.989304351806640625e+01
1.006114654541015625e+02
1.013298797607421875e+02
1.020483016967773438e+02
1.027667236328125000e+02
1.034851379394531250e+02
1.042035598754882812e+02
7.516795349121093750e+01
7.532792663574218750e+01
7.579843902587890625e+01
7.626895141601562500e+01
7.673945617675781250e+01
7.720997619628906250e+01
7.815099334716796875e+01
7.909201812744140625e+01
8.003304290771484375e+01
8.097406768798828125e+01
8.191509246826171875e+01
8.285611724853515625e+01
8.379714202880859375e+01
6.103182983398437500e+01
6.120466613769531250e+01
6.171302032470703125e+01
6.222137451171875000e+01
6.272972488403320312e+01
6.323807907104492188e+01
6.426087951660156250e+01
6.527149200439453125e+01
6.628820037841796875e+01
6.730490112304687500e+01
6.832160949707031250e+01
6.933831024169921875e+01
7.035501861572265625e+01
7.137172698974609375e+01
7.340513610839843750e+01
7.543854522705078125e+01
7.747196197509765625e+01
6.603042602539062500e+01
6.605186462402343750e+01
6.615113067626953125e+01
6.625039672851562500e+01
6.629645538330078125e+01
6.644892120361328125e+01
6.664744567871093750e+01
6.684597015380859375e+01
6.704450225830078125e+01
6.724302673339843750e+01
6.744155120849609375e+01
6.764008331298828125e+01
6.783860778808593750e+01
6.803713226318359375e+01
6.843418884277343750e+01
6.883123779296875000e+01
6.922829437255859375e+01
6.328065109252929688e+01
6.337981033325195312e+01
6.353378677368164062e+01
6.368775939941406250e+01
6.384173583984375000e+01
6.399571228027343750e+01
6.430365753173828125e+01
6.451306915283203125e+01
6.491955566406250000e+01
6.522750854492187500e+01
6.553545379638671875e+01
6.584340667724609375e+01
6.615135955810546875e+01
6.645930480957031250e+01
6.707520294189453125e+01
6.769110107421875000e+01
6.830699920654296875e+01
6.362318420410156250e+01
6.390419769287109375e+01
6.473071289062500000e+01
6.555722808837890625e+01
6.638374328613281250e+01
6.721025848388671875e+01
6.886329650878906250e+01
6.915422058105468750e+01
7.051632690429687500e+01
7.216935729980468750e+01
7.382238769531250000e+01
7.547541809082031250e+01
7.712844848632812500e+01
7.878147888183593750e+01
8.043451690673828125e+01
8.374057769775390625e+01
8.704663848876953125e+01
9.035270690917968750e+01
6.834760284423828125e+01
6.846315765380859375e+01
6.881544494628906250e+01
6.916773986816406250e+01
6.952003479003906250e+01
6.987232971191406250e+01
7.057691192626953125e+01
7.070091247558593750e+01
7.128150177001953125e+01
7.198608398437500000e+01
7.269067382812500000e+01
7.339525604248046875e+01
7.409984588623046875e+01
7.480442810058593750e+01
7.550901794433593750e+01
7.691818237304687500e+01
7.832736206054687500e+01
7.973652648925781250e+01
6.554908752441406250e+01
6.567392730712890625e+01
6.604112243652343750e+01
6.640831756591796875e+01
6.677551269531250000e+01
6.714270782470703125e+01
6.787709808349609375e+01
6.861148834228515625e+01
6.934587860107421875e+01
7.008026885986328125e+01
7.081465911865234375e+01
7.154904937744140625e+01
7.228343963623046875e+01
7.301782989501953125e+01
7.448660278320312500e+01
7.742416381835937500e+01
4.840393829345703125e+01
4.923641586303710938e+01
5.006889343261718750e+01
5.090137481689453125e+01
5.173385238647460938e+01
5.256633377075195312e+01
5.423129272460937500e+01
5.506377029418945312e+01
6.463969421386718750e+01
6.490040588378906250e+01
6.566722106933593750e+01
6.643402862548828125e+01
6.720084381103515625e+01
6.796765899658203125e+01
6.950128173828125000e+01
7.103491210937500000e+01
7.256853485107421875e+01
7.410216522216796875e+01
7.716941070556640625e+01
6.044958114624023438e+01
6.047373580932617188e+01
6.058353424072265625e+01
6.069332885742187500e+01
6.080312728881835938e+01
6.091292190551757812e+01
6.113251495361328125e+01
6.114569091796875000e+01
6.135211181640625000e+01
6.157170486450195312e+01
6.179129791259765625e+01
6.201089096069335938e+01
6.223048782348632812e+01
6.245008087158203125e+01
6.266967391967773438e+01
6.354804992675781250e+01
7.202072143554687500e+01
7.223608398437500000e+01
7.255847167968750000e+01
7.288087463378906250e+01
7.320326232910156250e+01
7.352565765380859375e+01
7.417044830322265625e+01
7.481523895263671875e+01
7.494064331054687500e+01
7.543757629394531250e+01
7.644036102294921875e+01
7.766930389404296875e+01
7.841321563720703125e+01
7.990103149414062500e+01
8.138885498046875000e+01
8.287667846679687500e+01
8.436450195312500000e+01
8.585231781005859375e+01
8.734014129638671875e+01
8.882795715332031250e+01
9.031578063964843750e+01
6.317162322998046875e+01
6.322533416748046875e+01
6.338908386230468750e+01
6.355283355712890625e+01
6.371658325195312500e+01
6.388033294677734375e+01
6.420783233642578125e+01
6.453533172607421875e+01
6.263282775878906250e+01
6.270774078369140625e+01
6.281988525390625000e+01
6.289300537109375000e+01
6.315632247924804688e+01
6.338061523437500000e+01
6.360490798950195312e+01
6.382919692993164062e+01
6.405348968505859375e+01
6.427777862548828125e+01
6.450207519531250000e+01
6.472636413574218750e+01
6.495065307617187500e+01
6.539923858642578125e+01
6.584782409667968750e+01
4.652065277099609375e+01
4.762934875488281250e+01
4.873804855346679688e+01
4.984674453735351562e+01
5.095544052124023438e+01
5.206413650512695312e+01
5.317283248901367188e+01
5.428153228759765625e+01
5.728717041015625000e+01
5.747991943359375000e+01
5.810572433471679688e+01
5.873152923583984375e+01
5.935733413696289062e+01
5.998313903808593750e+01
6.123474502563476562e+01
6.248635482788085938e+01
6.373796463012695312e+01
6.498957061767578125e+01
6.624118041992187500e+01
6.749279022216796875e+01
6.874440002441406250e+01
7.249922943115234375e+01
7.500244140625000000e+01
5.798239898681640625e+01
5.802719116210937500e+01
5.809674453735351562e+01
5.816629791259765625e+01
5.823584747314453125e+01
5.830540084838867188e+01
5.844450378417968750e+01
5.858361053466796875e+01
5.872271347045898438e+01
5.886182022094726562e+01
5.900092315673828125e+01
5.914002990722656250e+01
5.927913284301757812e+01
5.941823577880859375e+01
5.969644546508789062e+01
6.155910873413085938e+01
6.158607864379882812e+01
6.170866012573242188e+01
6.183124160766601562e+01
6.195382690429687500e+01
6.207640838623046875e+01
6.232157135009765625e+01
6.256673812866210938e+01
6.281190490722656250e+01
6.305706787109375000e+01
6.330223464965820312e+01
6.354739761352539062e+01
6.379256439208984375e+01
6.403772735595703125e+01
6.452806091308593750e+01
5.678600692749023438e+01
5.759756088256835938e+01
5.763700103759765625e+01
5.775300598144531250e+01
5.786900711059570312e+01
5.798500823974609375e+01
5.810101318359375000e+01
5.833301544189453125e+01
5.856502151489257812e+01
6.960857391357421875e+01
6.978361511230468750e+01
7.029843902587890625e+01
7.081326293945312500e+01
7.132808685302734375e+01
7.184085083007812500e+01
7.287255859375000000e+01
7.390220642089843750e+01
7.493186187744140625e+01
7.596150970458984375e+01
7.699116516113281250e+01
7.802081298828125000e+01
7.905046081542968750e+01
7.977226257324218750e+01
7.995046234130859375e+01
8.077542114257812500e+01
8.143208312988281250e+01
8.325030517578125000e+01
8.490023040771484375e+01
8.655014801025390625e+01
8.820007324218750000e+01
8.984999847412109375e+01
9.149991607666015625e+01
9.314984130859375000e+01
5.715037536621093750e+01
5.725490188598632812e+01
5.756234359741210938e+01
5.787101745605468750e+01
5.817723083496093750e+01
5.848467254638671875e+01
5.909955596923828125e+01
5.971443939208984375e+01
6.032932662963867188e+01
6.094421005249023438e+01
6.155909347534179688e+01
6.217398071289062500e+01
6.278886413574218750e+01
6.340374755859375000e+01
6.463351440429687500e+01
6.586328887939453125e+01
6.709305572509765625e+01
6.017593383789062500e+01
6.026851654052734375e+01
6.054405975341796875e+01
6.082070541381835938e+01
6.109514617919921875e+01
6.137068939208984375e+01
6.192177963256835938e+01
6.247286605834960938e+01
6.302395629882812500e+01
6.357504272460937500e+01
6.412612915039062500e+01
6.467721557617187500e+01
6.522830963134765625e+01
6.577939605712890625e+01
6.688156890869140625e+01
6.798374938964843750e+01
6.908592224121093750e+01
3.828113555908203125e+01
3.974476242065429688e+01
4.120838928222656250e+01
4.267201995849609375e+01
4.413564682006835938e+01
4.559927368164062500e+01
4.852653503417968750e+01
4.999015808105468750e+01
6.623744201660156250e+01
6.639253997802734375e+01
6.686539459228515625e+01
6.702993774414062500e+01
6.781110382080078125e+01
6.828395843505859375e+01
6.922966766357421875e+01
7.017537689208984375e+01
7.112108612060546875e+01
7.206679534912109375e+01
7.301250457763671875e+01
7.395821380615234375e+01
7.490392303466796875e+01
7.584963226318359375e+01
7.774105072021484375e+01
7.963246917724609375e+01
8.152388763427734375e+01
6.755282592773437500e+01
6.756861877441406250e+01
6.764040374755859375e+01
6.771218872070312500e+01
6.778396606445312500e+01
6.785575103759765625e+01
6.799931335449218750e+01
6.814288330078125000e+01
6.827208709716796875e+01
6.843000793457031250e+01
6.857357788085937500e+01
6.886070251464843750e+01
6.900426483154296875e+01
6.929139709472656250e+01
6.957852935791015625e+01
6.986565399169921875e+01
6.858322906494140625e+01
6.887106323242187500e+01
6.930196380615234375e+01
6.973975372314453125e+01
7.016375732421875000e+01
7.059465026855468750e+01
7.145644378662109375e+01
7.231823730468750000e+01
7.318003845214843750e+01
7.404183197021484375e+01
7.490362548828125000e+01
4.937392044067382812e+01
5.032371520996093750e+01
5.127350997924804688e+01
5.222330474853515625e+01
5.317309951782226562e+01
5.412289428710937500e+01
5.602248382568359375e+01
9.106399536132812500e+01
9.128018188476562500e+01
9.191604614257812500e+01
9.254681396484375000e+01
9.318775939941406250e+01
9.382360839843750000e+01
9.509532165527343750e+01
9.636703491210937500e+01
9.763874816894531250e+01
9.891046142578125000e+01
1.001821746826171875e+02
1.014538879394531250e+02
1.027256011962890625e+02
1.039973144531250000e+02
6.087049102783203125e+01
6.098694610595703125e+01
6.151627349853515625e+01
6.204559707641601562e+01
6.257492446899414062e+01
6.310424804687500000e+01
6.416290283203125000e+01
6.522155761718750000e+01
6.628020477294921875e+01
6.733885955810546875e+01
6.839751434326171875e+01
6.945616149902343750e+01
7.051481628417968750e+01
7.157347106933593750e+01
7.369077301025390625e+01
7.580807495117187500e+01
7.792537689208984375e+01
6.562969970703125000e+01
6.565447998046875000e+01
6.576714324951171875e+01
6.587979888916015625e+01
6.599246215820312500e+01
6.610511779785156250e+01
6.633043670654296875e+01
6.654899597167968750e+01
6.678107452392578125e+01
6.700639343261718750e+01
6.723171234130859375e+01
6.745703125000000000e+01
6.768235015869140625e+01
6.790767669677734375e+01
6.835831451416015625e+01
6.880895233154296875e+01
6.399674987792968750e+01
6.406848144531250000e+01
6.417585754394531250e+01
6.417671966552734375e+01
6.439061737060546875e+01
6.449800109863281250e+01
6.471276092529296875e+01
6.492752075195312500e+01
6.514228057861328125e+01
6.535704040527343750e+01
6.557180023193359375e+01
6.578656005859375000e+01
6.600131988525390625e+01
6.621607971191406250e+01
6.664559936523437500e+01
6.707511901855468750e+01
6.097987747192382812e+01
6.104159164428710938e+01
6.122975158691406250e+01
6.123125457763671875e+01
6.160606765747070312e+01
6.179422378540039062e+01
6.217053985595703125e+01
6.254685592651367188e+01
6.292317199707031250e+01
6.329948806762695312e+01
6.367580413818359375e+01
6.405211639404296875e+01
6.442843627929687500e+01
6.480474853515625000e+01
6.555738067626953125e+01
6.631001281738281250e+01
6.113561248779296875e+01
6.123382186889648438e+01
6.152267837524414062e+01
6.181153106689453125e+01
6.210038757324218750e+01
6.238808441162109375e+01
6.296694946289062500e+01
6.354465866088867188e+01
6.412236785888671875e+01
6.470007324218750000e+01
6.527778625488281250e+01
6.585549163818359375e+01
6.643319702148437500e+01
6.701091003417968750e+01
6.816632843017578125e+01
6.932174682617187500e+01
6.515373229980468750e+01
6.521125030517578125e+01
6.538044738769531250e+01
6.549481964111328125e+01
6.571882629394531250e+01
6.588801574707031250e+01
6.622640228271484375e+01
6.656478118896484375e+01
6.690316772460937500e+01
6.724154663085937500e+01
6.757993316650390625e+01
6.791831207275390625e+01
6.825669097900390625e+01
6.859507751464843750e+01
6.927184295654296875e+01
6.994860839843750000e+01
6.358550643920898438e+01
6.361408996582031250e+01
6.370123672485351562e+01
6.378838348388671875e+01
6.384589767456054688e+01
6.396267318725585938e+01
6.413696289062500000e+01
6.431125640869140625e+01
6.448554992675781250e+01
6.465984344482421875e+01
6.483413696289062500e+01
6.500842285156250000e+01
6.518271636962890625e+01
6.535700988769531250e+01
6.570559692382812500e+01
6.605417633056640625e+01
6.423306274414062500e+01
6.432075500488281250e+01
6.457866668701171875e+01
6.483657836914062500e+01
6.509449768066406250e+01
6.539676666259765625e+01
6.586824035644531250e+01
6.638406372070312500e+01
6.689989471435546875e+01
6.741572570800781250e+01
6.793155670166015625e+01
6.844738006591796875e+01
6.896321105957031250e+01
6.947904205322265625e+01
7.051069641113281250e+01
7.154235839843750000e+01
5.713475036621093750e+01
5.718175125122070312e+01
5.731943511962890625e+01
5.759645843505859375e+01
5.801116943359375000e+01
5.856411361694335938e+01
5.884058380126953125e+01
5.911705780029296875e+01
5.939353179931640625e+01
5.994647598266601562e+01
6.105236434936523438e+01
6.297265625000000000e+01
6.306446838378906250e+01
6.333451843261718750e+01
6.360456085205078125e+01
6.387460708618164062e+01
6.414357757568359375e+01
6.468474578857421875e+01
6.522483825683593750e+01
6.576493072509765625e+01
6.630502319335937500e+01
6.684511566162109375e+01
6.738520812988281250e+01
6.792530059814453125e+01
6.846539306640625000e+01
7.062576293945312500e+01
6.375635910034179688e+01
6.383157348632812500e+01
6.394507217407226562e+01
6.416936492919921875e+01
6.428196716308593750e+01
5.851496124267578125e+01
5.853776550292968750e+01
5.860538482666015625e+01
5.873900985717773438e+01
5.880609130859375000e+01
5.894025039672851562e+01
5.907441329956054688e+01
5.920857238769531250e+01
5.934273529052734375e+01
5.947689819335937500e+01
5.961105728149414062e+01
5.974522018432617188e+01
5.987938308715820312e+01
6.014770507812500000e+01
6.041602706909179688e+01
6.654485321044921875e+01
6.667317962646484375e+01
6.708981323242187500e+01
6.737145996093750000e+01
6.833972167968750000e+01
6.917298889160156250e+01
7.000625610351562500e+01
7.083952331542968750e+01
7.167279052734375000e+01
7.250605773925781250e+01
6.240221786499023438e+01
6.243585968017578125e+01
6.254651641845703125e+01
6.265717315673828125e+01
6.276782989501953125e+01
6.287848663330078125e+01
6.309980010986328125e+01
6.332110977172851562e+01
6.354242324829101562e+01
6.376373672485351562e+01
6.398505020141601562e+01
6.420636749267578125e+01
6.442768096923828125e+01
6.464898681640625000e+01
6.509161376953125000e+01
5.699765014648437500e+01
5.711542510986328125e+01
5.753855133056640625e+01
5.875121688842773438e+01
5.929647827148437500e+01
6.038700485229492188e+01
6.147753143310546875e+01
6.256805801391601562e+01
6.365858459472656250e+01
6.474910736083984375e+01
6.583963775634765625e+01
6.693016052246093750e+01
6.802069091796875000e+01
7.020173645019531250e+01
6.504038238525390625e+01
6.513463592529296875e+01
6.527572631835937500e+01
6.541682434082031250e+01
6.555791473388671875e+01
6.569901275634765625e+01
6.598120117187500000e+01
6.626338195800781250e+01
6.654557037353515625e+01
6.682775878906250000e+01
6.710994720458984375e+01
6.767431640625000000e+01
6.795650482177734375e+01
5.951811981201171875e+01
5.970782852172851562e+01
5.984856414794921875e+01
5.998929977416992188e+01
6.027077102661132812e+01
6.055224227905273438e+01
6.083371353149414062e+01
6.111518859863281250e+01
6.139665985107421875e+01
6.167813110351562500e+01
6.195960235595703125e+01
6.224107360839843750e+01
6.252254486083984375e+01
6.308548736572265625e+01
5.498308944702148438e+01
5.595823669433593750e+01
5.693338012695312500e+01
5.790852355957031250e+01
5.888366699218750000e+01
5.985881423950195312e+01
6.180910110473632812e+01
3.820725631713867188e+01
3.928491973876953125e+01
4.036258697509765625e+01
4.144024658203125000e+01
4.251791381835937500e+01
4.359558105468750000e+01
5.814981842041015625e+01
5.887963104248046875e+01
5.909892654418945312e+01
5.931822204589843750e+01
5.953751754760742188e+01
5.975681304931640625e+01
6.019540405273437500e+01
6.063399505615234375e+01
6.107258605957031250e+01
6.151117706298828125e+01
6.194976806640625000e+01
6.238835525512695312e+01
6.282694625854492188e+01
6.326553726196289062e+01
6.414271545410156250e+01
6.680105590820312500e+01
6.692337799072265625e+01
6.710326385498046875e+01
6.728315734863281250e+01
6.746304321289062500e+01
6.764292907714843750e+01
6.800270080566406250e+01
6.836248016357421875e+01
6.872225189208984375e+01
6.920291137695312500e+01
6.944180297851562500e+01
6.980157470703125000e+01
7.016134643554687500e+01
6.911447143554687500e+01
6.917931365966796875e+01
6.937001800537109375e+01
6.975143432617187500e+01
6.994213867187500000e+01
7.032355499267578125e+01
7.070497131347656250e+01
7.108638763427734375e+01
7.146779632568359375e+01
7.184921264648437500e+01
7.223062896728515625e+01
7.261203765869140625e+01
7.299345397949218750e+01
7.451911163330078125e+01
7.528193664550781250e+01
5.244806671142578125e+01
5.327135467529296875e+01
5.409464645385742188e+01
5.491793823242187500e+01
5.574123001098632812e+01
5.656452178955078125e+01
5.821110153198242188e+01
5.903439331054687500e+01
5.055891036987304688e+01
5.083346939086914062e+01
5.110585021972656250e+01
5.137823486328125000e+01
5.165061569213867188e+01
5.192299652099609375e+01
5.246775817871093750e+01
5.301252365112304688e+01
6.189353942871093750e+01
6.193690109252929688e+01
6.206443023681640625e+01
6.219195938110351562e+01
6.231949234008789062e+01
6.244702148437500000e+01
6.270208358764648438e+01
6.295714187622070312e+01
6.321220397949218750e+01
6.346726226806640625e+01
6.372232437133789062e+01
6.397738647460937500e+01
6.423244476318359375e+01
6.448750305175781250e+01
6.499762725830078125e+01
6.550775146484375000e+01
6.601786804199218750e+01
6.277684783935546875e+01
6.288989639282226562e+01
6.322238540649414062e+01
6.355487823486328125e+01
6.388737106323242188e+01
6.421986389160156250e+01
6.488484954833984375e+01
6.554982757568359375e+01
6.621481323242187500e+01
6.687979888916015625e+01
6.754478454589843750e+01
6.820977020263671875e+01
6.887474822998046875e+01
6.953973388671875000e+01
4.928931427001953125e+01
4.942253112792968750e+01
4.981901168823242188e+01
5.021549224853515625e+01
5.061196899414062500e+01
5.100844955444335938e+01
5.180140686035156250e+01
5.259436416625976562e+01
5.338732147216796875e+01
5.418027877807617188e+01
5.497323608398437500e+01
5.576619338989257812e+01
5.655915069580078125e+01
5.735210800170898438e+01
6.503400421142578125e+01
6.529953765869140625e+01
6.609934234619140625e+01
6.691194152832031250e+01
6.849876403808593750e+01
7.009837341308593750e+01
7.169798278808593750e+01
7.329759979248046875e+01
7.489720916748046875e+01
7.649682617187500000e+01
7.809643554687500000e+01
7.969604492187500000e+01
8.129565429687500000e+01
8.449488067626953125e+01
8.769410705566406250e+01
8.334053039550781250e+01
8.339761352539062500e+01
8.356551361083984375e+01
8.373408508300781250e+01
8.406921386718750000e+01
8.440501403808593750e+01
8.474081420898437500e+01
8.507660675048828125e+01
8.541240692138671875e+01
8.574820709228515625e+01
8.608399963378906250e+01
8.641979980468750000e+01
8.675559997558593750e+01
6.505014801025390625e+01
6.516699218750000000e+01
6.552321624755859375e+01
6.587944030761718750e+01
6.623567199707031250e+01
6.659189605712890625e+01
6.730434417724609375e+01
6.801679229736328125e+01
6.872924804687500000e+01
6.943884277343750000e+01
7.015414428710937500e+01
7.086659240722656250e+01
7.157904815673828125e+01
7.229149627685546875e+01
7.212525177001953125e+01
7.239688110351562500e+01
7.322502899169921875e+01
7.405317687988281250e+01
7.488131713867187500e+01
7.570946502685546875e+01
7.736575317382812500e+01
7.902204895019531250e+01
8.233462524414062500e+01
8.399092102050781250e+01
8.564720916748046875e+01
8.895979309082031250e+01
9.227236938476562500e+01
5.828252029418945312e+01
5.832807159423828125e+01
5.846205139160156250e+01
5.859603500366210938e+01
5.873001480102539062e+01
5.886399459838867188e+01
5.913195800781250000e+01
5.939991760253906250e+01
5.966788101196289062e+01
5.993584060668945312e+01
6.020380401611328125e+01
6.047176361083984375e+01
6.073972320556640625e+01
6.100768661499023438e+01
6.207953262329101562e+01
6.714511871337890625e+01
6.718462371826171875e+01
6.730080413818359375e+01
6.741698455810546875e+01
6.753316497802734375e+01
6.757034301757812500e+01
6.788170623779296875e+01
6.811406707763671875e+01
6.834642791748046875e+01
6.857878875732421875e+01
6.881114959716796875e+01
6.904351806640625000e+01
6.927587890625000000e+01
6.950823974609375000e+01
5.948239135742187500e+01
5.951992797851562500e+01
5.963032913208007812e+01
5.974073028564453125e+01
5.985113143920898438e+01
5.996153259277343750e+01
6.018233871459960938e+01
6.040314102172851562e+01
5.398484039306640625e+01
5.405093765258789062e+01
5.424534988403320312e+01
5.443975830078125000e+01
5.463417053222656250e+01
5.482858276367187500e+01
5.521740341186523438e+01
5.560622406005859375e+01
5.599504852294921875e+01
5.638386917114257812e+01
5.677268981933593750e+01
5.716151046752929688e+01
5.755033111572265625e+01
5.793915557861328125e+01
5.871679687500000000e+01
5.949444198608398438e+01
5.240248870849609375e+01
5.245389938354492188e+01
5.262080383300781250e+01
5.278770828247070312e+01
5.295461273193359375e+01
5.312151718139648438e+01
5.345532608032226562e+01
5.378913879394531250e+01
5.412294769287109375e+01
5.445675659179687500e+01
5.479056549072265625e+01
5.512437438964843750e+01
5.545818328857421875e+01
5.579199218750000000e+01
7.505081939697265625e+01
7.510325622558593750e+01
7.527576446533203125e+01
7.544827270507812500e+01
7.562077331542968750e+01
7.579328155517578125e+01
7.613829040527343750e+01
7.648330688476562500e+01
7.682831573486328125e+01
7.717332458496093750e+01
7.751834106445312500e+01
7.786334991455078125e+01
7.820835876464843750e+01
7.855337524414062500e+01
5.873186874389648438e+01
5.886875534057617188e+01
5.907999801635742188e+01
5.929123687744140625e+01
5.950247955322265625e+01
5.971372222900390625e+01
6.013620758056640625e+01
7.417675781250000000e+01
7.424967956542968750e+01
7.446417236328125000e+01
7.467865753173828125e+01
7.489314270019531250e+01
7.510763549804687500e+01
7.553660583496093750e+01
7.596558380126953125e+01
7.639456176757812500e+01
7.661076354980468750e+01
7.725251007080078125e+01
7.768148803710937500e+01
7.811045837402343750e+01
7.939738464355468750e+01
4.312034606933593750e+01
4.403969192504882812e+01
4.495903778076171875e+01
4.587838745117187500e+01
4.679773712158203125e+01
4.771708297729492188e+01
4.955577850341796875e+01
5.047512817382812500e+01
5.139447402954101562e+01
4.309016799926757812e+01
4.428153991699218750e+01
4.547291564941406250e+01
4.666429138183593750e+01
4.785566711425781250e+01
4.904703903198242188e+01
5.142978668212890625e+01
5.262116241455078125e+01
6.421959686279296875e+01
6.449733734130859375e+01
6.531422424316406250e+01
6.613111114501953125e+01
6.694799804687500000e+01
6.776488494873046875e+01
6.939866638183593750e+01
7.075796508789062500e+01
7.266621398925781250e+01
7.429998779296875000e+01
7.593376922607421875e+01
7.756754302978515625e+01
7.920131683349609375e+01
8.083509826660156250e+01
8.410264587402343750e+01
8.737020111083984375e+01
9.063775634765625000e+01
9.390530395507812500e+01
5.005014038085937500e+01
5.074506378173828125e+01
5.109532928466796875e+01
5.144559097290039062e+01
5.179585266113281250e+01
5.424769210815429688e+01
5.494821929931640625e+01
5.564874267578125000e+01
5.634926605224609375e+01
5.704979324340820312e+01
5.775032043457031250e+01
5.915136718750000000e+01
6.055242156982421875e+01
6.195346832275390625e+01
5.690602111816406250e+01
5.695641326904296875e+01
5.712002563476562500e+01
5.728363800048828125e+01
5.744725036621093750e+01
5.766779708862304688e+01
5.793808364868164062e+01
5.826530838012695312e+01
5.859252929687500000e+01
5.891975402832031250e+01
5.924697875976562500e+01
5.957420349121093750e+01
5.990142822265625000e+01
6.022864913940429688e+01
6.088309860229492188e+01
6.153754806518554688e+01
6.219199371337890625e+01
6.284644317626953125e+01
8.425956726074218750e+01
8.435990142822265625e+01
8.466579437255859375e+01
8.497168731689453125e+01
8.527758026123046875e+01
8.558346557617187500e+01
8.619525146484375000e+01
8.680703735351562500e+01
8.741882324218750000e+01
8.803060913085937500e+01
8.864238739013671875e+01
8.925417327880859375e+01
8.986595153808593750e+01
9.047773742675781250e+01
9.170130920410156250e+01
9.292487335205078125e+01
6.190945816040039062e+01
6.196109771728515625e+01
6.219581604003906250e+01
6.243053817749023438e+01
6.289997863769531250e+01
6.336941528320312500e+01
6.383885574340820312e+01
6.430830383300781250e+01
6.477774047851562500e+01
6.524717712402343750e+01
6.571662139892578125e+01
6.618605804443359375e+01
6.665550231933593750e+01
6.759438323974609375e+01
6.158319854736328125e+01
6.161978912353515625e+01
6.178610610961914062e+01
6.195242309570312500e+01
6.208215332031250000e+01
6.261769485473632812e+01
6.295032882690429688e+01
6.328296661376953125e+01
6.361560058593750000e+01
6.394823455810546875e+01
6.428086853027343750e+01
6.461351013183593750e+01
6.494614410400390625e+01
6.561141204833984375e+01
6.627668762207031250e+01
4.628931808471679688e+01
4.780084228515625000e+01
4.931236267089843750e+01
5.082388687133789062e+01
5.233541107177734375e+01
5.384693145751953125e+01
5.686997604370117188e+01
5.022864532470703125e+01
5.086618804931640625e+01
5.150373077392578125e+01
5.214127731323242188e+01
5.277882385253906250e+01
5.341636657714843750e+01
5.532900238037109375e+01
5.718148040771484375e+01
5.797641372680664062e+01
5.877135086059570312e+01
5.956628417968750000e+01
6.036121749877929688e+01
6.115615081787109375e+01
6.274602127075195312e+01
6.354095458984375000e+01
6.504148864746093750e+01
6.508403778076171875e+01
6.527745056152343750e+01
6.547087097167968750e+01
6.566428375244140625e+01
6.585769653320312500e+01
6.624452209472656250e+01
6.663134765625000000e+01
6.701817321777343750e+01
6.740499877929687500e+01
6.779182434082031250e+01
6.817865753173828125e+01
6.856548309326171875e+01
6.895230865478515625e+01
6.972595977783203125e+01
7.049961853027343750e+01
7.127326965332031250e+01
4.590127563476562500e+01
4.710189819335937500e+01
4.830252456665039062e+01
4.950315093994140625e+01
5.070377349853515625e+01
5.190439605712890625e+01
5.430564498901367188e+01
5.550626754760742188e+01
5.793284225463867188e+01
5.802184677124023438e+01
5.829319381713867188e+01
5.856454086303710938e+01
5.883588790893554688e+01
5.910723495483398438e+01
5.964992904663085938e+01
6.010470581054687500e+01
6.073531723022460938e+01
6.127801132202148438e+01
6.182070922851562500e+01
6.236340332031250000e+01
6.290609741210937500e+01
6.344879150390625000e+01
6.453417968750000000e+01
6.561956787109375000e+01
7.900449371337890625e+01
7.909449768066406250e+01
7.951115417480468750e+01
7.992781066894531250e+01
8.034446716308593750e+01
8.076112365722656250e+01
8.159443664550781250e+01
8.233941650390625000e+01
8.326106262207031250e+01
8.409437561035156250e+01
8.492768859863281250e+01
8.576100158691406250e+01
8.659431457519531250e+01
8.742762756347656250e+01
8.909425354003906250e+01
9.076087951660156250e+01
9.242750549316406250e+01
7.239402008056640625e+01
7.248041534423828125e+01
7.273453521728515625e+01
7.298865509033203125e+01
7.324277496337890625e+01
7.349688720703125000e+01
7.400512695312500000e+01
7.451336669921875000e+01
7.502160644531250000e+01
7.552983856201171875e+01
7.603807830810546875e+01
7.654631805419921875e+01
7.705455017089843750e+01
7.756278991699218750e+01
7.857926177978515625e+01
7.959574127197265625e+01
6.176839065551757812e+01
6.179938125610351562e+01
6.194023895263671875e+01
6.208109664916992188e+01
6.222195434570312500e+01
6.236281204223632812e+01
6.264452743530273438e+01
6.292624664306640625e+01
6.320796203613281250e+01
6.348967742919921875e+01
6.377139282226562500e+01
6.405310821533203125e+01
6.433482360839843750e+01
6.461653900146484375e+01
6.517996978759765625e+01
6.335305023193359375e+01
6.342901992797851562e+01
6.377434921264648438e+01
6.411967468261718750e+01
6.446500396728515625e+01
6.484762573242187500e+01
6.550098419189453125e+01
6.619163513183593750e+01
6.688229370117187500e+01
6.757294464111328125e+01
6.826359558105468750e+01
6.895425415039062500e+01
6.964490509033203125e+01
7.033555603027343750e+01
6.057042694091796875e+01
6.065161132812500000e+01
6.102063369750976562e+01
6.138965606689453125e+01
6.175867843627929688e+01
6.212770080566406250e+01
6.286574172973632812e+01
6.352111816406250000e+01
6.434182739257812500e+01
6.507987213134765625e+01
6.581791687011718750e+01
6.655596160888671875e+01
6.729399871826171875e+01
6.803204345703125000e+01
6.950813293457031250e+01
6.923030090332031250e+01
6.938408660888671875e+01
7.009605407714843750e+01
7.080801391601562500e+01
7.151998138427734375e+01
7.223194885253906250e+01
7.365587615966796875e+01
7.507981109619140625e+01
7.650373840332031250e+01
7.792767333984375000e+01
7.935160064697265625e+01
8.077553558349609375e+01
8.219946289062500000e+01
8.362339782714843750e+01
8.647125244140625000e+01
8.931911468505859375e+01
6.247342300415039062e+01
6.254335403442382812e+01
6.275655364990234375e+01
6.296975326538085938e+01
6.318295288085937500e+01
6.339615249633789062e+01
6.382255172729492188e+01
6.424894714355468750e+01
6.467535400390625000e+01
6.510175323486328125e+01
6.552815246582031250e+01
6.595455169677734375e+01
6.638095092773437500e+01
6.680735015869140625e+01
6.766014862060546875e+01
6.851294708251953125e+01
6.112287139892578125e+01
6.114955139160156250e+01
6.127307128906250000e+01
6.139659500122070312e+01
6.152011489868164062e+01
6.164363479614257812e+01
6.189067840576171875e+01
6.213771820068359375e+01
6.238476181030273438e+01
6.263180541992187500e+01
6.287884521484375000e+01
6.312588882446289062e+01
6.337292861938476562e+01
6.361997222900390625e+01
6.411405944824218750e+01
6.460813903808593750e+01
5.724954986572265625e+01
5.730656051635742188e+01
5.756571578979492188e+01
5.782486724853515625e+01
5.808402252197265625e+01
5.834317398071289062e+01
5.886148071289062500e+01
5.937978744506835938e+01
5.989809417724609375e+01
6.041640090942382812e+01
6.093470764160156250e+01
6.145301818847656250e+01
6.197132110595703125e+01
6.248963165283203125e+01
6.352624511718750000e+01
6.456285858154296875e+01
6.342089843750000000e+01
6.346238708496093750e+01
6.358441543579101562e+01
6.370644378662109375e+01
6.382846832275390625e+01
6.395049667358398438e+01
6.419454956054687500e+01
6.443860626220703125e+01
6.468266296386718750e+01
6.517076873779296875e+01
6.541482543945312500e+01
6.565888214111328125e+01
6.590293121337890625e+01
6.255007553100585938e+01
6.267839813232421875e+01
6.280880355834960938e+01
6.293921279907226562e+01
6.306962203979492188e+01
6.319950866699218750e+01
6.346084594726562500e+01
6.372166442871093750e+01
6.398247909545898438e+01
6.424329376220703125e+01
6.450411224365234375e+01
6.476493072509765625e+01
6.502574157714843750e+01
6.528656005859375000e+01
6.580819702148437500e+01
8.133617401123046875e+01
8.140359497070312500e+01
8.147101593017578125e+01
8.160189819335937500e+01
8.179703521728515625e+01
8.219681549072265625e+01
8.259342193603515625e+01
8.299002838134765625e+01
8.338663482666015625e+01
8.378324890136718750e+01
8.417985534667968750e+01
8.457646179199218750e+01
8.497306823730468750e+01
8.536967468261718750e+01
6.214566802978515625e+01
6.219457244873046875e+01
6.233611679077148438e+01
6.233841705322265625e+01
6.243220138549804688e+01
6.276994323730468750e+01
6.305762481689453125e+01
6.334531021118164062e+01
6.363299179077148438e+01
6.392067718505859375e+01
6.420835876464843750e+01
6.449604797363281250e+01
6.478372955322265625e+01
6.507141113281250000e+01
6.464968109130859375e+01
6.478137969970703125e+01
6.497620391845703125e+01
6.523337554931640625e+01
6.556068420410156250e+01
6.595033264160156250e+01
6.169562149047851562e+01
6.173714065551757812e+01
6.192935943603515625e+01
6.212157821655273438e+01
6.231379699707031250e+01
6.246372985839843750e+01
6.289045715332031250e+01
6.404377746582031250e+01
6.481265258789062500e+01
6.519709014892578125e+01
6.156356811523437500e+01
6.159313583374023438e+01
6.168912887573242188e+01
6.197711181640625000e+01
6.216910171508789062e+01
4.430831909179687500e+01
4.544599914550781250e+01
6.671917724609375000e+01
6.679190826416015625e+01
6.721973419189453125e+01
6.743364715576171875e+01
6.764756774902343750e+01
7.814476776123046875e+01
7.821171569824218750e+01
7.841583251953125000e+01
7.855381011962890625e+01
7.902816772460937500e+01
7.943639373779296875e+01
5.579937744140625000e+01
5.634537124633789062e+01
5.716271209716796875e+01
5.798005294799804688e+01
5.879739379882812500e+01
5.961473083496093750e+01
6.124941253662109375e+01
6.615345001220703125e+01
6.778813171386718750e+01
6.942281341552734375e+01
7.105749511718750000e+01
7.269216918945312500e+01
7.596153259277343750e+01
5.403784942626953125e+01
5.424415969848632812e+01
5.454934692382812500e+01
5.485453796386718750e+01
5.515972518920898438e+01
5.546491241455078125e+01
5.607528686523437500e+01
5.678820419311523438e+01
5.729603576660156250e+01
5.790641021728515625e+01
5.851678848266601562e+01
5.912716293334960938e+01
5.973753738403320312e+01
6.034791183471679688e+01
6.156866455078125000e+01
5.595148086547851562e+01
5.599408340454101562e+01
5.611938476562500000e+01
5.624468994140625000e+01
5.636999130249023438e+01
5.649529266357421875e+01
5.674589920043945312e+01
5.699650573730468750e+01
5.643196105957031250e+01
5.754334640502929688e+01
5.976612091064453125e+01
6.198889541625976562e+01
6.469264984130859375e+01
6.484796142578125000e+01
6.508045196533203125e+01
6.531295013427734375e+01
6.554544067382812500e+01
6.577793884277343750e+01
6.624292755126953125e+01
6.670791625976562500e+01
6.810289001464843750e+01
6.856787872314453125e+01
6.903286743164062500e+01
6.949785614013671875e+01
7.042784118652343750e+01
7.135781860351562500e+01
7.228779602050781250e+01
5.258783340454101562e+01
5.265009307861328125e+01
5.283991241455078125e+01
5.302973175048828125e+01
5.321955108642578125e+01
5.340937042236328125e+01
5.378900909423828125e+01
5.416864776611328125e+01
5.492792892456054688e+01
5.530756759643554688e+01
5.568720626831054688e+01
5.606684494018554688e+01
5.644648361206054688e+01
5.720576095581054688e+01
5.796503829956054688e+01
5.872431945800781250e+01
6.434559631347656250e+01
6.437790679931640625e+01
6.447293853759765625e+01
6.456797790527343750e+01
6.466300964355468750e+01
6.469532012939453125e+01
6.513818359375000000e+01
6.551832580566406250e+01
6.570838928222656250e+01
6.589846038818359375e+01
6.608853149414062500e+01
6.627860260009765625e+01
6.581317901611328125e+01
6.591841888427734375e+01
6.622795104980468750e+01
6.653748321533203125e+01
6.684701538085937500e+01
6.839466094970703125e+01
6.901372528076171875e+01
6.963278198242187500e+01
7.025184631347656250e+01
7.087090301513671875e+01
7.148996734619140625e+01
7.210902404785156250e+01
7.334715270996093750e+01
6.753941345214843750e+01
6.768352508544921875e+01
6.790320587158203125e+01
6.812289428710937500e+01
6.834521484375000000e+01
6.900163269042968750e+01
6.944099426269531250e+01
7.031973266601562500e+01
7.075910186767578125e+01
7.119847106933593750e+01
7.163783264160156250e+01
7.207720184326171875e+01
7.295594024658203125e+01
5.641751861572265625e+01
5.673664093017578125e+01
5.697337341308593750e+01
5.721011352539062500e+01
5.744684600830078125e+01
5.768358612060546875e+01
5.815705490112304688e+01
5.863052368164062500e+01
5.910399627685546875e+01
5.957746887207031250e+01
6.005094146728515625e+01
6.052441406250000000e+01
6.099788665771484375e+01
6.147135925292968750e+01
6.241830444335937500e+01
6.435124206542968750e+01
6.438569641113281250e+01
6.452730560302734375e+01
6.459580230712890625e+01
6.480590820312500000e+01
6.543623352050781250e+01
6.564633941650390625e+01
6.585644531250000000e+01
6.606655120849609375e+01
6.648676300048828125e+01
5.733098983764648438e+01
5.772135925292968750e+01
5.830575180053710938e+01
5.889014434814453125e+01
5.947453308105468750e+01
6.005658721923828125e+01
6.356526565551757812e+01
6.473404693603515625e+01
6.590283203125000000e+01
6.707160949707031250e+01
6.824039459228515625e+01
6.940917205810546875e+01
7.408429718017578125e+01
5.592732620239257812e+01
5.607689666748046875e+01
6.744345092773437500e+01
6.771461486816406250e+01
7.102237701416015625e+01
7.143383789062500000e+01
7.160937500000000000e+01
7.178491210937500000e+01
7.196044921875000000e+01
7.213598632812500000e+01
7.283813476562500000e+01
5.992360687255859375e+01
6.006785202026367188e+01
6.028379058837890625e+01
6.049972534179687500e+01
6.078908157348632812e+01
6.093160247802734375e+01
6.136347579956054688e+01
6.222722625732421875e+01
6.265909957885742188e+01
6.309097290039062500e+01
6.395472335815429688e+01
6.438659667968750000e+01
6.525035095214843750e+01
6.611409759521484375e+01
6.697784423828125000e+01
6.581471252441406250e+01
6.596025848388671875e+01
6.638835144042968750e+01
6.681301879882812500e+01
6.724452972412109375e+01
6.767262268066406250e+01
6.852880859375000000e+01
6.938498687744140625e+01
7.024116516113281250e+01
7.109735107421875000e+01
7.195352935791015625e+01
7.280971527099609375e+01
7.366589355468750000e+01
7.452207946777343750e+01
7.623444366455078125e+01
6.187675857543945312e+01
6.196204376220703125e+01
6.221289062500000000e+01
6.246373367309570312e+01
6.271457672119140625e+01
6.296541976928710938e+01
6.346710968017578125e+01
6.396879577636718750e+01
6.447048950195312500e+01
6.497217559814453125e+01
6.547386169433593750e+01
6.597554779052734375e+01
6.647724151611328125e+01
6.697892761230468750e+01
6.798230743408203125e+01
6.898567962646484375e+01
6.998905944824218750e+01
6.457862854003906250e+01
6.463458251953125000e+01
6.479916381835937500e+01
6.496375274658203125e+01
6.512833404541015625e+01
6.529291534423828125e+01
6.562208557128906250e+01
6.595125579833984375e+01
6.628041839599609375e+01
6.660958862304687500e+01
6.693875885009765625e+01
6.726792144775390625e+01
6.759709167480468750e+01
6.792626190185546875e+01
6.858459472656250000e+01
6.924292755126953125e+01
6.990126800537109375e+01
5.512856292724609375e+01
5.520688247680664062e+01
5.567307281494140625e+01
5.660545349121093750e+01
5.753783416748046875e+01
5.800402069091796875e+01
5.847021102905273438e+01
5.967707061767578125e+01
5.979264450073242188e+01
6.012713623046875000e+01
6.047250366210937500e+01
6.081243133544921875e+01
6.115235900878906250e+01
6.183221435546875000e+01
6.251206970214843750e+01
6.319192886352539062e+01
6.455164337158203125e+01
6.523149871826171875e+01
6.591135406494140625e+01
6.659120941162109375e+01
6.795092010498046875e+01
6.931063842773437500e+01
7.067034912109375000e+01
8.199049377441406250e+01
8.204595947265625000e+01
8.220909118652343750e+01
8.237221527099609375e+01
8.253533935546875000e+01
8.269847106933593750e+01
8.367723846435546875e+01
8.400349426269531250e+01
8.432975006103515625e+01
8.465600585937500000e+01
7.338907623291015625e+01
7.358699035644531250e+01
7.388687133789062500e+01
7.418675231933593750e+01
7.448662567138671875e+01
7.478650665283203125e+01
7.538626098632812500e+01
7.658577728271484375e+01
5.092620468139648438e+01
5.393614959716796875e+01
5.544112396240234375e+01
5.694609832763671875e+01
5.845107269287109375e+01
6.146101760864257812e+01
6.511227416992187500e+01
6.536280822753906250e+01
6.573786163330078125e+01
6.648797607421875000e+01
6.686302947998046875e+01
6.761314392089843750e+01
6.836325073242187500e+01
6.009387207031250000e+01
6.015353393554687500e+01
6.032899856567382812e+01
6.120633316040039062e+01
6.155726623535156250e+01
6.190819931030273438e+01
6.225913238525390625e+01
6.261006546020507812e+01
6.296099853515625000e+01
6.331193161010742188e+01
6.366286468505859375e+01
5.415217590332031250e+01
5.435255813598632812e+01
5.455294036865234375e+01
5.475014114379882812e+01
5.554530334472656250e+01
5.594288635253906250e+01
5.634046936035156250e+01
5.673805236816406250e+01
5.713563156127929688e+01
5.753321456909179688e+01
5.793079757690429688e+01
5.832837677001953125e+01
5.912354278564453125e+01
5.991870880126953125e+01
8.161946105957031250e+01
8.178404235839843750e+01
8.228580474853515625e+01
8.278755950927734375e+01
8.328932189941406250e+01
8.379107666015625000e+01
8.479460144042968750e+01
8.579811096191406250e+01
8.680163574218750000e+01
8.780515289306640625e+01
8.880867004394531250e+01
8.981218719482421875e+01
9.081570434570312500e+01
9.181922149658203125e+01
7.993802642822265625e+01
8.128623962402343750e+01
8.209066009521484375e+01
8.289508056640625000e+01
8.611276245117187500e+01
8.772159576416015625e+01
6.498300170898437500e+01
6.515754699707031250e+01
6.550048828125000000e+01
6.618431091308593750e+01
6.669769287109375000e+01
6.721107482910156250e+01
6.823783874511718750e+01
6.926459503173828125e+01
7.029135894775390625e+01
7.131812286376953125e+01
7.234488677978515625e+01
7.337165069580078125e+01
7.439841461181640625e+01
7.542517852783203125e+01
7.747870635986328125e+01
7.953222656250000000e+01
5.362736511230468750e+01
5.375334167480468750e+01
5.413050842285156250e+01
5.488483810424804688e+01
5.526200485229492188e+01
5.404130935668945312e+01
5.414497375488281250e+01
5.430015563964843750e+01
5.461052703857421875e+01
5.476570892333984375e+01
5.507608032226562500e+01
5.538644790649414062e+01
5.569681549072265625e+01
5.600718688964843750e+01
5.631755447387695312e+01
5.662792205810546875e+01
5.693829345703125000e+01
5.724866104125976562e+01
5.786940002441406250e+01
5.676555633544921875e+01
5.683291625976562500e+01
5.703102874755859375e+01
7.240902709960937500e+01
7.269068145751953125e+01
7.351909637451171875e+01
7.434751892089843750e+01
7.600434875488281250e+01
7.766117858886718750e+01
7.931800842285156250e+01
8.097483825683593750e+01
8.263166809082031250e+01
8.428849792480468750e+01
8.594532775878906250e+01
8.760215759277343750e+01
8.925898742675781250e+01
6.432427215576171875e+01
6.435891723632812500e+01
6.446455383300781250e+01
6.467582702636718750e+01
6.478146362304687500e+01
6.492343139648437500e+01
6.520400238037109375e+01
6.541527557373046875e+01
6.562654113769531250e+01
6.583781433105468750e+01
6.604908752441406250e+01
6.626035308837890625e+01
6.647162628173828125e+01
6.689416503906250000e+01
4.344299316406250000e+01
4.463207626342773438e+01
4.582115936279296875e+01
4.701024246215820312e+01
4.819932556152343750e+01
6.212757492065429688e+01
6.219233703613281250e+01
6.248671340942382812e+01
6.278108596801757812e+01
6.336983871459960938e+01
6.395858764648437500e+01
6.454734039306640625e+01
6.513608551025390625e+01
6.572483825683593750e+01
6.690233612060546875e+01
6.174612426757812500e+01
6.180982971191406250e+01
6.209940719604492188e+01
6.242489624023437500e+01
6.267855453491210938e+01
6.296813201904296875e+01
6.354727935791015625e+01
6.412642669677734375e+01
6.470558166503906250e+01
6.528472900390625000e+01
6.586387634277343750e+01
6.644303131103515625e+01
6.702217864990234375e+01
6.760132598876953125e+01
6.875962829589843750e+01
6.991793060302734375e+01
7.107622528076171875e+01
3.364026641845703125e+01
3.459660339355468750e+01
3.555294036865234375e+01
3.650927352905273438e+01
3.746561050415039062e+01
3.842194366455078125e+01
4.033461761474609375e+01
4.129095458984375000e+01
5.305604171752929688e+01
5.313976287841796875e+01
5.352032089233398438e+01
5.390087890625000000e+01
5.428143310546875000e+01
5.466199111938476562e+01
5.542310333251953125e+01
5.618421936035156250e+01
5.090787506103515625e+01
5.154544830322265625e+01
5.218302154541015625e+01
5.282059860229492188e+01
5.345817184448242188e+01
5.409574508666992188e+01
8.053797912597656250e+01
8.075392913818359375e+01
8.139664459228515625e+01
8.204193115234375000e+01
8.268207550048828125e+01
8.332479095458984375e+01
8.461022186279296875e+01
8.589564514160156250e+01
8.846650695800781250e+01
9.103736877441406250e+01
9.360823059082031250e+01
9.617908477783203125e+01
9.874994659423828125e+01
1.013208007812500000e+02
6.302128219604492188e+01
6.312147521972656250e+01
6.357688522338867188e+01
6.403229522705078125e+01
6.448770904541015625e+01
6.494312286376953125e+01
6.585394287109375000e+01
6.676477050781250000e+01
6.858641815185546875e+01
6.949723815917968750e+01
7.040806579589843750e+01
7.222970581054687500e+01
7.769464874267578125e+01
5.214909362792968750e+01
5.277322387695312500e+01
5.339735031127929688e+01
5.402147674560546875e+01
5.464560317993164062e+01
5.526972961425781250e+01
5.714210891723632812e+01
5.969960784912109375e+01
5.996773910522460938e+01
6.078521728515625000e+01
6.189371490478515625e+01
6.242016601562500000e+01
6.323764038085937500e+01
6.487258911132812500e+01
6.650753784179687500e+01
6.814248657226562500e+01
6.977743530273437500e+01
7.141238403320312500e+01
7.304734039306640625e+01
7.468228912353515625e+01
7.631723785400390625e+01
7.958713531494140625e+01
5.745249938964843750e+01
5.773138809204101562e+01
5.856141662597656250e+01
5.939144897460937500e+01
6.022147750854492188e+01
6.105150604248046875e+01
6.271156311035156250e+01
6.437162017822265625e+01
6.603168487548828125e+01
6.769174194335937500e+01
6.935179901123046875e+01
7.101185607910156250e+01
7.267191314697265625e+01
7.433197021484375000e+01
7.765209197998046875e+01
8.097220611572265625e+01
8.429232788085937500e+01
6.774826812744140625e+01
6.780155181884765625e+01
6.795826721191406250e+01
6.816700744628906250e+01
6.827169799804687500e+01
6.842841339111328125e+01
6.905526733398437500e+01
6.936869812011718750e+01
6.968212890625000000e+01
7.030899047851562500e+01
7.093585205078125000e+01
7.218956756591796875e+01
7.281642913818359375e+01
7.786680603027343750e+01
7.791222381591796875e+01
7.811869049072265625e+01
7.821282958984375000e+01
7.853161621093750000e+01
7.873807525634765625e+01
7.915100097656250000e+01
7.956392669677734375e+01
7.997685241699218750e+01
8.038977050781250000e+01
8.080269622802734375e+01
8.121562194824218750e+01
8.162854766845703125e+01
8.204147338867187500e+01
8.286732482910156250e+01
8.369316864013671875e+01
8.451902008056640625e+01
5.752685928344726562e+01
5.808826065063476562e+01
5.864966583251953125e+01
5.921107101440429688e+01
6.033387756347656250e+01
6.373912811279296875e+01
6.379235839843750000e+01
6.410423278808593750e+01
6.426204681396484375e+01
6.441860961914062500e+01
6.473173522949218750e+01
6.504486083984375000e+01
6.535798645019531250e+01
6.567111206054687500e+01
6.598423767089843750e+01
6.629736328125000000e+01
6.692361450195312500e+01
6.754986572265625000e+01
6.817611694335937500e+01
6.880236816406250000e+01
6.402631378173828125e+01
6.411230468750000000e+01
6.438442993164062500e+01
6.456838226318359375e+01
6.492866516113281250e+01
6.520078277587890625e+01
6.574502563476562500e+01
6.628926086425781250e+01
6.683350372314453125e+01
6.737773895263671875e+01
6.792198181152343750e+01
6.846621704101562500e+01
6.901045227050781250e+01
6.955469512939453125e+01
7.064317321777343750e+01
7.173165130615234375e+01
7.282012939453125000e+01
5.954465484619140625e+01
5.959891510009765625e+01
5.975850296020507812e+01
5.986638259887695312e+01
6.007767486572265625e+01
6.023726272583007812e+01
6.055643844604492188e+01
6.087561035156250000e+01
6.151396179199218750e+01
6.215230941772460938e+01
6.279065704345703125e+01
6.342900848388671875e+01
6.406735229492187500e+01
5.870088577270507812e+01
5.873920059204101562e+01
5.885189056396484375e+01
5.896458053588867188e+01
5.918996429443359375e+01
5.964027404785156250e+01
5.986610794067382812e+01
6.009148788452148438e+01
6.054225158691406250e+01
6.099301528930664062e+01
6.144377899169921875e+01
6.189454269409179688e+01
6.419654083251953125e+01
6.423610687255859375e+01
6.441592407226562500e+01
6.459574890136718750e+01
5.912120437622070312e+01
5.917148208618164062e+01
5.932477188110351562e+01
5.947806167602539062e+01
5.963135147094726562e+01
5.978464126586914062e+01
6.009121704101562500e+01
6.039779663085937500e+01
6.070437622070312500e+01
6.101095581054687500e+01
6.131753540039062500e+01
6.162411499023437500e+01
6.223727035522460938e+01
6.285042953491210938e+01
6.346358489990234375e+01
6.981207275390625000e+01
6.985823059082031250e+01
6.999893951416015625e+01
7.013965606689453125e+01
7.028036499023437500e+01
7.042108154296875000e+01
7.070250701904296875e+01
7.098393249511718750e+01
7.126535797119140625e+01
7.154678344726562500e+01
7.210963439941406250e+01
7.267248535156250000e+01
7.323533630371093750e+01
7.379819488525390625e+01
5.452512741088867188e+01
5.457228088378906250e+01
5.466492843627929688e+01
5.484966659545898438e+01
5.512705230712890625e+01
5.540443420410156250e+01
5.568181991577148438e+01
5.623658752441406250e+01
5.651397323608398438e+01
5.679135513305664062e+01
5.734612274169921875e+01
5.845566177368164062e+01
6.688453674316406250e+01
6.692342376708984375e+01
6.704199981689453125e+01
6.716056823730468750e+01
6.727913665771484375e+01
6.743754577636718750e+01
6.763484954833984375e+01
6.787198638916015625e+01
6.810913085937500000e+01
6.834626770019531250e+01
6.858341217041015625e+01
6.882055664062500000e+01
6.905769348144531250e+01
6.929483032226562500e+01
6.976911926269531250e+01
7.024339294433593750e+01
6.255443572998046875e+01
6.267764282226562500e+01
6.376478576660156250e+01
6.485192871093750000e+01
6.557669067382812500e+01
7.496730041503906250e+01
7.499969482421875000e+01
7.509846496582031250e+01
7.519723510742187500e+01
7.529601287841796875e+01
7.539478302001953125e+01
7.559232330322265625e+01
7.578986358642578125e+01
7.618495178222656250e+01
7.638249206542968750e+01
7.658003234863281250e+01
7.677758026123046875e+01
7.697512054443359375e+01
6.436678314208984375e+01
6.443819427490234375e+01
6.476879882812500000e+01
6.509939575195312500e+01
6.542999267578125000e+01
6.576058959960937500e+01
6.642179107666015625e+01
6.708298492431640625e+01
6.774418640136718750e+01
6.840538024902343750e+01
6.906658172607421875e+01
6.972777557373046875e+01
7.038897705078125000e+01
7.105017089843750000e+01
7.237257385253906250e+01
7.369496917724609375e+01
6.085539245605468750e+01
6.101515579223632812e+01
6.148504638671875000e+01
6.195493698120117188e+01
6.242482757568359375e+01
6.289471817016601562e+01
6.383449935913085938e+01
6.477428436279296875e+01
6.571406555175781250e+01
6.665384674072265625e+01
6.759362792968750000e+01
6.853340911865234375e+01
6.947319030761718750e+01
7.041297149658203125e+01
7.229253387451171875e+01
7.417209625244140625e+01
5.283479690551757812e+01
5.429615020751953125e+01
6.416564941406250000e+01
6.419209289550781250e+01
6.426986694335937500e+01
6.434764099121093750e+01
6.442541503906250000e+01
6.450318908691406250e+01
6.481428527832031250e+01
6.496983337402343750e+01
6.512538146972656250e+01
6.543647766113281250e+01
6.574756622314453125e+01
6.605866241455078125e+01
9.144001770019531250e+01
9.167700958251953125e+01
9.239955139160156250e+01
9.288799285888671875e+01
9.456716156005859375e+01
9.601223754882812500e+01
9.745731353759765625e+01
9.890238952636718750e+01
1.003474731445312500e+02
1.017925415039062500e+02
1.032376251220703125e+02
1.046826934814453125e+02
1.061277770996093750e+02
1.090179290771484375e+02
1.119080810546875000e+02
1.147982330322265625e+02
1.176883850097656250e+02
5.706606292724609375e+01
5.763556671142578125e+01
5.767416000366210938e+01
5.779182434082031250e+01
5.790949249267578125e+01
5.802715682983398438e+01
5.814482498168945312e+01
5.838015747070312500e+01
5.861548614501953125e+01
6.618633270263671875e+01
6.622162628173828125e+01
6.632923126220703125e+01
6.643855285644531250e+01
6.665203094482421875e+01
6.686723327636718750e+01
6.708244323730468750e+01
6.729764556884765625e+01
6.751284790039062500e+01
6.772805023193359375e+01
6.794325256347656250e+01
6.815845489501953125e+01
6.837365722656250000e+01
6.880406188964843750e+01
6.923446655273437500e+01
6.966487121582031250e+01
7.009527587890625000e+01
6.910975646972656250e+01
6.939000701904296875e+01
7.021427154541015625e+01
7.105173492431640625e+01
7.268707275390625000e+01
7.433560180664062500e+01
7.598413848876953125e+01
7.763267517089843750e+01
7.928120422363281250e+01
8.092974090576171875e+01
8.257826995849609375e+01
8.422680664062500000e+01
8.587533569335937500e+01
8.917240905761718750e+01
9.246946716308593750e+01
9.576654052734375000e+01
9.906359863281250000e+01
5.578073501586914062e+01
5.586755752563476562e+01
5.612291717529296875e+01
5.637828063964843750e+01
5.663364028930664062e+01
5.688899993896484375e+01
5.739972686767578125e+01
5.791044616699218750e+01
5.842116928100585938e+01
5.893189239501953125e+01
5.944261550903320312e+01
5.995333480834960938e+01
6.046405792236328125e+01
6.097478103637695312e+01
6.199622726440429688e+01
6.301766967773437500e+01
6.403911590576171875e+01
6.506056213378906250e+01
4.594607543945312500e+01
4.649511718750000000e+01
4.663251495361328125e+01
4.676991271972656250e+01
4.690731048583984375e+01
4.704470825195312500e+01
4.731950378417968750e+01
4.759429931640625000e+01
7.509611511230468750e+01
7.514239501953125000e+01
7.528350830078125000e+01
7.542461395263671875e+01
7.546977233886718750e+01
7.570683288574218750e+01
7.598905181884765625e+01
7.627127075195312500e+01
7.655348968505859375e+01
7.683570861816406250e+01
7.711791992187500000e+01
7.740013885498046875e+01
7.768235778808593750e+01
7.796457672119140625e+01
7.852901458740234375e+01
7.909344482421875000e+01
7.965788269042968750e+01
8.022232055664062500e+01
6.724660491943359375e+01
6.738376617431640625e+01
6.759542846679687500e+01
6.780709075927734375e+01
6.823041534423828125e+01
6.865373992919921875e+01
6.907706451416015625e+01
6.950038909912109375e+01
6.992371368408203125e+01
7.034704589843750000e+01
7.077037048339843750e+01
7.119369506835937500e+01
7.161701965332031250e+01
7.246366882324218750e+01
7.331031799316406250e+01
7.415696716308593750e+01
5.718083953857421875e+01
5.727772140502929688e+01
5.756266784667968750e+01
5.784875869750976562e+01
5.841751480102539062e+01
5.898741149902343750e+01
5.955731201171875000e+01
6.012720870971679688e+01
6.069710540771484375e+01
6.126700210571289062e+01
6.183689880371093750e+01
6.240679931640625000e+01
6.297669601440429688e+01
6.411649322509765625e+01
6.525628662109375000e+01
6.639608001708984375e+01
6.622559356689453125e+01
6.624549102783203125e+01
6.633596038818359375e+01
6.642642974853515625e+01
6.651689910888671875e+01
6.660736083984375000e+01
6.678829956054687500e+01
6.696923065185546875e+01
6.715016937255859375e+01
6.733110046386718750e+01
6.751203918457031250e+01
6.769297027587890625e+01
6.787390899658203125e+01
6.805484008789062500e+01
6.841670989990234375e+01
6.877857971191406250e+01
6.914044952392578125e+01
5.031287384033203125e+01
5.051277923583984375e+01
5.112223815917968750e+01
5.173169326782226562e+01
5.234115219116210938e+01
5.295060729980468750e+01
5.416952514648437500e+01
5.538843917846679688e+01
5.660735321044921875e+01
5.782627105712890625e+01
5.904518508911132812e+01
6.026409912109375000e+01
6.148301696777343750e+01
6.270193099975585938e+01
6.513976287841796875e+01
6.757759094238281250e+01
7.001541900634765625e+01
5.799557113647460938e+01
5.818182754516601562e+01
5.874969482421875000e+01
5.931756591796875000e+01
5.988543701171875000e+01
6.045330810546875000e+01
6.158904647827148438e+01
6.272478866577148438e+01
6.386052703857421875e+01
6.499626922607421875e+01
6.613201141357421875e+01
6.726774597167968750e+01
6.840348815917968750e+01
6.953923034667968750e+01
7.181070709228515625e+01
7.408219146728515625e+01
7.635366821289062500e+01
6.484188842773437500e+01
6.495745086669921875e+01
6.529732513427734375e+01
6.563720703125000000e+01
6.597708129882812500e+01
6.631695556640625000e+01
6.699671173095703125e+01
6.767646789550781250e+01
6.835622406005859375e+01
6.903598022460937500e+01
6.971572875976562500e+01
7.039548492431640625e+01
7.107524108886718750e+01
7.175499725341796875e+01
7.311450958251953125e+01
7.447401428222656250e+01
7.583352661132812500e+01
8.049534606933593750e+01
8.059207153320312500e+01
8.088698577880859375e+01
8.118190002441406250e+01
8.147681427001953125e+01
8.177172851562500000e+01
8.236155700683593750e+01
8.295138549804687500e+01
8.354121398925781250e+01
8.413104248046875000e+01
8.472087097167968750e+01
8.531069946289062500e+01
8.590052795410156250e+01
8.649035644531250000e+01
8.767001342773437500e+01
8.884967041015625000e+01
9.002932739257812500e+01
4.699076843261718750e+01
4.809617614746093750e+01
4.920157623291015625e+01
5.030698394775390625e+01
5.141238784790039062e+01
5.251779174804687500e+01
5.472860336303710938e+01
5.583400726318359375e+01
6.446337890625000000e+01
6.550643920898437500e+01
6.628717041015625000e+01
6.706790924072265625e+01
6.784864044189453125e+01
6.862937927246093750e+01
7.019084930419921875e+01
7.175231933593750000e+01
7.250322723388671875e+01
7.280083465576171875e+01
7.302359008789062500e+01
7.324635314941406250e+01
7.346910858154296875e+01
7.369187164306640625e+01
7.413739013671875000e+01
7.458290863037109375e+01
5.171152877807617188e+01
5.253791809082031250e+01
5.336431121826171875e+01
5.419070053100585938e+01
5.501709365844726562e+01
5.584348297119140625e+01
5.749626159667968750e+01
5.832265472412109375e+01
5.589739990234375000e+01
5.607162475585937500e+01
5.686365890502929688e+01
5.765569305419921875e+01
5.844772720336914062e+01
5.923976135253906250e+01
6.082382965087890625e+01
6.240789794921875000e+01
6.399196624755859375e+01
6.557603454589843750e+01
6.716010284423828125e+01
6.874417114257812500e+01
7.032823944091796875e+01
7.191230773925781250e+01
7.508044433593750000e+01
7.824858093261718750e+01
8.141671752929687500e+01
6.125922393798828125e+01
6.132336044311523438e+01
6.151200103759765625e+01
6.163951873779296875e+01
6.207791900634765625e+01
6.245519638061523438e+01
6.283247756958007812e+01
6.320975494384765625e+01
6.358703613281250000e+01
6.396431732177734375e+01
6.434159851074218750e+01
6.471887207031250000e+01
6.509615325927734375e+01
6.585071563720703125e+01
6.385698699951171875e+01
6.387614440917968750e+01
6.393249130249023438e+01
6.398883819580078125e+01
6.404518127441406250e+01
6.410153198242187500e+01
6.421421813964843750e+01
6.432691192626953125e+01
6.443960571289062500e+01
6.455229949951171875e+01
6.466498565673828125e+01
6.477767944335937500e+01
6.500306701660156250e+01
6.522844696044921875e+01
6.545383453369140625e+01
6.567921447753906250e+01
6.420520782470703125e+01
6.448538970947265625e+01
6.530947875976562500e+01
6.613356781005859375e+01
6.695765686035156250e+01
6.750814819335937500e+01
6.942991638183593750e+01
7.107809448242187500e+01
7.272627258300781250e+01
7.437444305419921875e+01
7.767079162597656250e+01
8.096714782714843750e+01
8.426349639892578125e+01
8.755984497070312500e+01
6.360512542724609375e+01
6.365612792968750000e+01
6.388795089721679688e+01
6.411977386474609375e+01
6.435159301757812500e+01
6.458341979980468750e+01
6.504706573486328125e+01
6.551071166992187500e+01
6.597435760498046875e+01
6.643800354003906250e+01
6.690164947509765625e+01
6.736529541015625000e+01
6.782894897460937500e+01
6.829259490966796875e+01
6.921988677978515625e+01
7.014717864990234375e+01
7.107447052001953125e+01
5.678295135498046875e+01
5.725209045410156250e+01
5.795439147949218750e+01
5.865669250488281250e+01
5.935899353027343750e+01
6.006129837036132812e+01
6.146590042114257812e+01
6.287050628662109375e+01
6.427510833740234375e+01
6.567971801757812500e+01
6.708432006835937500e+01
6.848892211914062500e+01
6.989352416992187500e+01
7.129813385009765625e+01
7.410733795166015625e+01
7.691654968261718750e+01
7.972575378417968750e+01
6.287193298339843750e+01
6.300323104858398438e+01
6.339871215820312500e+01
6.379418945312500000e+01
6.418966674804687500e+01
6.458515167236328125e+01
6.537610626220703125e+01
6.616706848144531250e+01
6.695802307128906250e+01
6.774898529052734375e+01
6.853993988037109375e+01
6.933090209960937500e+01
7.012185668945312500e+01
7.091281890869140625e+01
7.249473571777343750e+01
7.407665252685546875e+01
7.565856933593750000e+01
6.775139617919921875e+01
6.781568145751953125e+01
6.800476074218750000e+01
6.819383239746093750e+01
6.838291168212890625e+01
6.857198333740234375e+01
6.895013427734375000e+01
6.970643615722656250e+01
7.008458709716796875e+01
7.046273803710937500e+01
7.084088897705078125e+01
7.121903991699218750e+01
7.159719085693359375e+01
7.235349273681640625e+01
7.310979461669921875e+01
7.386609649658203125e+01
6.568425750732421875e+01
6.574629211425781250e+01
6.583915710449218750e+01
6.593202209472656250e+01
6.602488708496093750e+01
6.611775207519531250e+01
6.630348205566406250e+01
6.648921966552734375e+01
6.667494964599609375e+01
6.686067962646484375e+01
6.704641723632812500e+01
6.723214721679687500e+01
6.741787719726562500e+01
6.760360717773437500e+01
6.797507476806640625e+01
6.834653472900390625e+01
6.871800231933593750e+01
6.877899169921875000e+01
6.881802368164062500e+01
6.893281555175781250e+01
6.904759979248046875e+01
6.916239166259765625e+01
6.927718353271484375e+01
7.632034301757812500e+01
7.647615051269531250e+01
7.719745635986328125e+01
7.791876983642578125e+01
7.864007568359375000e+01
7.936138153076171875e+01
8.080400085449218750e+01
8.224662017822265625e+01
5.764254379272460938e+01
5.788719558715820312e+01
5.866138458251953125e+01
5.943557357788085938e+01
6.020976257324218750e+01
6.098394775390625000e+01
6.253232574462890625e+01
6.408070373535156250e+01
6.562908172607421875e+01
6.717745971679687500e+01
6.872583770751953125e+01
7.027420806884765625e+01
6.174771881103515625e+01
6.179759597778320312e+01
6.195669174194335938e+01
6.227110290527343750e+01
6.242893981933593750e+01
6.274460983276367188e+01
6.306028366088867188e+01
6.337595367431640625e+01
6.369162750244140625e+01
6.400730133056640625e+01
6.432296752929687500e+01
6.463864135742187500e+01
6.495431518554687500e+01
6.558565521240234375e+01
6.621700286865234375e+01
6.684834289550781250e+01
7.636738586425781250e+01
7.648519897460937500e+01
7.702069091796875000e+01
7.755618286132812500e+01
7.809167480468750000e+01
7.862716674804687500e+01
7.969815826416015625e+01
8.076914215087890625e+01
8.184013366699218750e+01
8.291111755371093750e+01
8.398210144042968750e+01
8.505309295654296875e+01
8.612407684326171875e+01
8.719506835937500000e+01
8.933703613281250000e+01
9.147901153564453125e+01
9.362098693847656250e+01
5.852234649658203125e+01
5.855181884765625000e+01
5.868579864501953125e+01
5.881977844238281250e+01
5.895375823974609375e+01
5.908773803710937500e+01
5.935569763183593750e+01
5.962365341186523438e+01
5.989161300659179688e+01
6.015957260131835938e+01
6.042752838134765625e+01
6.069548797607421875e+01
6.096344757080078125e+01
6.123140716552734375e+01
6.176732254028320312e+01
6.230324172973632812e+01
7.625749206542968750e+01
7.640888977050781250e+01
7.685417175292968750e+01
7.729946136474609375e+01
7.774474334716796875e+01
7.819003295898437500e+01
7.908060455322265625e+01
7.997117614746093750e+01
8.086174011230468750e+01
8.175231170654296875e+01
8.264288330078125000e+01
8.353345489501953125e+01
8.442402648925781250e+01
8.531459808349609375e+01
8.709573364257812500e+01
8.887687683105468750e+01
6.248970794677734375e+01
6.256616210937500000e+01
6.279924774169921875e+01
6.295681381225585938e+01
6.349850845336914062e+01
6.396468353271484375e+01
6.443085479736328125e+01
6.489703369140625000e+01
6.536320495605468750e+01
6.582938385009765625e+01
6.629555511474609375e+01
6.676172637939453125e+01
6.722790527343750000e+01
6.816024780273437500e+01
6.909259796142578125e+01
6.534977722167968750e+01
6.539762115478515625e+01
6.554174041748046875e+01
6.568470764160156250e+01
6.597410583496093750e+01
6.626234436035156250e+01
6.655059051513671875e+01
6.683882904052734375e+01
6.712706756591796875e+01
6.741531372070312500e+01
6.770355224609375000e+01
6.799179077148437500e+01
6.828003692626953125e+01
6.885652160644531250e+01
6.943299865722656250e+01
7.000948333740234375e+01
7.058596801757812500e+01
5.765996551513671875e+01
5.773534011840820312e+01
5.795703506469726562e+01
5.817518615722656250e+01
5.862211990356445312e+01
5.906550979614257812e+01
5.950889968872070312e+01
5.995228958129882812e+01
6.039567947387695312e+01
6.083906936645507812e+01
6.128245925903320312e+01
6.172584915161132812e+01
6.216923522949218750e+01
6.305601501464843750e+01
6.394279479980468750e+01
6.482957458496093750e+01
6.571635437011718750e+01
7.906430053710937500e+01
7.910003662109375000e+01
7.926249694824218750e+01
7.942494964599609375e+01
7.958740997314453125e+01
7.974987030029296875e+01
8.007478332519531250e+01
8.039969635009765625e+01
8.072460937500000000e+01
8.104952239990234375e+01
8.137443542480468750e+01
8.169935607910156250e+01
5.111474609375000000e+01
5.124847412109375000e+01
5.185632324218750000e+01
5.246417236328125000e+01
5.307202148437500000e+01
5.367987060546875000e+01
5.489556884765625000e+01
5.611127090454101562e+01
6.437661743164062500e+01
6.452782440185546875e+01
6.521511077880859375e+01
6.590239715576171875e+01
6.658968353271484375e+01
6.727696990966796875e+01
6.865154266357421875e+01
7.002611541748046875e+01
7.140068817138671875e+01
7.277526092529296875e+01
7.414984130859375000e+01
7.552441406250000000e+01
7.689898681640625000e+01
7.827355957031250000e+01
8.102270507812500000e+01
8.377185058593750000e+01
8.652099609375000000e+01
5.266529464721679688e+01
5.346938705444335938e+01
5.427347946166992188e+01
5.507756805419921875e+01
5.588166046142578125e+01
5.668575286865234375e+01
5.829393768310546875e+01
5.909803009033203125e+01
5.194918441772460938e+01
5.203570175170898438e+01
5.229015350341796875e+01
5.254460525512695312e+01
5.279905700683593750e+01
5.305351257324218750e+01
5.356241607666015625e+01
5.407131958007812500e+01
5.458022308349609375e+01
5.508912658691406250e+01
5.559803009033203125e+01
5.610693359375000000e+01
5.661583709716796875e+01
5.712474441528320312e+01
5.814255142211914062e+01
5.916036224365234375e+01
6.017816925048828125e+01
5.303831863403320312e+01
5.332899475097656250e+01
5.376413726806640625e+01
5.419927978515625000e+01
5.463442230224609375e+01
5.506956100463867188e+01
5.593984603881835938e+01
5.681013107299804688e+01
5.956196975708007812e+01
6.029126739501953125e+01
6.116155242919921875e+01
6.203183364868164062e+01
6.377240371704101562e+01
6.551296997070312500e+01
6.725354003906250000e+01
6.668691253662109375e+01
6.674405670166015625e+01
6.691827392578125000e+01
6.709249114990234375e+01
6.720956420898437500e+01
6.744092559814453125e+01
6.778936004638671875e+01
6.813779449462890625e+01
