0.340674 -0.075572
0.338781 -0.073405
0.336874 -0.071146
0.334997 -0.068915
0.333114 -0.066637
0.331246 -0.064289
0.329403 -0.061989
0.327556 -0.059615
0.325735 -0.057184
0.323917 -0.054745
0.322130 -0.052276
0.320348 -0.049804
0.318591 -0.047316
0.316852 -0.044763
0.315131 -0.042162
0.313439 -0.039560
0.311754 -0.036897
0.310097 -0.034166
0.308463 -0.031414
0.306860 -0.028578
0.305269 -0.025693
0.303709 -0.022776
0.302181 -0.019804
0.300668 -0.016779
0.299193 -0.013708
0.297734 -0.010586
0.296309 -0.007382
0.294912 -0.004122
0.293542 -0.000857
0.292198 0.002458
0.290882 0.005829
0.289598 0.009267
0.288332 0.012782
0.287100 0.016348
0.285885 0.019984
0.284700 0.023699
0.283540 0.027507
0.282406 0.031443
0.281296 0.035481
0.280204 0.039585
0.279136 0.043797
0.278076 0.048103
0.277034 0.052510
0.276005 0.057044
0.274983 0.061685
0.273968 0.066449
0.272947 0.071206
0.271929 0.076117
0.270898 0.081126
0.269861 0.086262
0.268806 0.091585
0.267733 0.097053
0.266636 0.102683
0.265504 0.108488
0.264335 0.114508
0.263119 0.120859
0.261848 0.127450
0.260512 0.134221
0.259103 0.141346
0.257610 0.148718
0.256033 0.156249
0.254355 0.164181
0.252574 0.172368
0.250672 0.181007
0.248650 0.189897
0.246502 0.199173
0.244221 0.208941
0.241807 0.219226
0.239257 0.230116
0.236588 0.241614
0.233805 0.253850
0.230954 0.266800
0.228067 0.280534
0.225120 0.295791
0.222273 0.312121
0.219642 0.329897
0.217393 0.349183
0.215750 0.370051
0.215008 0.392848
0.215578 0.417973
0.217941 0.445368
0.222693 0.474852
0.230460 0.506323
0.242077 0.539604
0.259365 0.576208
0.280936 0.610663
0.306609 0.642273
0.336373 0.670734
0.368123 0.694272
0.401017 0.713351
0.432740 0.727921
0.462868 0.739302
0.490860 0.748418
0.515765 0.755779
0.538560 0.762399
0.559332 0.768713
0.578088 0.774895
0.594997 0.781088
0.611551 0.788084
0.627120 0.795646
0.642474 0.804236
0.656555 0.813137
0.669095 0.822001
0.680692 0.831137
0.692239 0.841252
0.702686 0.851333
0.712078 0.861250
0.720905 0.871362
0.728820 0.881155
0.736830 0.891679
0.744471 0.902362
0.751757 0.913058
0.758369 0.923331
0.765256 0.934320
0.772257 0.945771
0.778610 0.956600
0.784794 0.967397
0.790660 0.977908
0.796420 0.988415
0.802117 0.998861
0.807655 1.009172
0.813245 1.019597
0.818593 1.029734
0.823251 1.038819
0.829153 1.049740
0.835021 1.060601
0.840766 1.071253
0.846476 1.081815
0.850865 1.090545
0.856165 1.100491
0.861506 1.110450
0.866542 1.119959
0.870505 1.128007
0.875097 1.136858
0.879303 1.145151
0.882826 1.152495
0.886490 1.159967
0.890442 1.167824
0.894116 1.175273
0.898113 1.183143
0.901840 1.190608
0.905457 1.197900
0.909082 1.205179
0.912560 1.212267
0.915327 1.218244
0.918593 1.224952
0.921832 1.231603
0.924117 1.236927
0.926803 1.242702
0.929742 1.248872
0.932468 1.254716
0.934358 1.259297
0.936856 1.264764
0.939554 1.270520
0.942111 1.276053
0.944541 1.281423
0.947020 1.286767
0.949349 1.291912
0.951331 1.296521
0.953099 1.300804
0.954741 1.304810
0.956250 1.308651
0.957812 1.312541
0.959369 1.316422
0.960934 1.320332
0.962300 1.323884
0.963988 1.327918
0.965904 1.332313
0.967074 1.335400
0.969070 1.339849
0.971052 1.344315
0.972803 1.348422
0.974463 1.352425
0.976648 1.357065
0.978061 1.360605
0.979116 1.363480
0.979856 1.365908
0.980588 1.368301
0.980995 1.370251
0.981810 1.372723
0.982559 1.375109
0.983625 1.377972
0.984379 1.380314
0.985564 1.383359
0.986896 1.386627
0.988142 1.389756
0.989049 1.392404
0.990097 1.395192
0.991367 1.398308
0.991953 1.400269
0.993028 1.403122
0.994322 1.406278
0.994908 1.408178
0.995431 1.409993
0.996048 1.411884
0.996607 1.413703
0.997239 1.415688
0.997874 1.417644
0.998532 1.419548
0.998896 1.421046
