-0.090294
1.009234
-0.026612
0.200686
-0.128009
-0.077748
-0.608120
0.511968
0.952293
0.474947
0.260393
0.051827
0.740692
1.168115
0.064815
-0.591022
0.515959
-0.648091
-0.244225
-0.084270
-0.039545
0.757430
0.268564
-0.776702
0.436623
0.331496
1.108128
-0.068435
0.862775
-0.006683
0.362445
0.632361
0.709715
-0.923685
-0.484673
1.195758
0.343002
0.384432
-0.183347
1.120782
-0.822828
0.254317
1.090460
-0.423122
-0.801661
0.103185
0.917577
-1.279383
-0.712676
-0.767848
0.722366
1.193876
0.206826
0.097286
0.380919
0.637327
-1.247823
0.544408
-0.051510
0.933512
0.750144
-0.797090
-0.845087
-0.284179
0.144461
-0.390432
-1.053876
0.031167
-0.592497
0.077132
-0.797642
-1.315564
0.510747
-0.815029
0.779807
-0.572038
-0.574577
-0.025170
0.074796
-0.131042
-0.329131
-0.270722
-0.194445
0.085744
-0.673107
0.285155
0.461162
1.162908
-0.398097
0.354102
1.197728
-0.623765
-0.766313
-0.817335
-0.251487
-0.404037
-0.371031
-0.168455
-0.153209
-0.084091
0.175107
1.184041
0.337222
-0.423964
0.201771
-0.063068
-0.407561
0.413117
-0.450130
-0.229496
-0.256631
0.182841
0.081939
0.510802
0.016340
-0.573709
0.323031
0.389394
1.046568
-0.159231
-0.705050
0.035959
-0.717216
-0.650791
-0.231659
-0.552746
-0.249359
-0.262823
-0.957166
0.128989
-0.155881
-0.202785
1.184594
0.199466
-0.690728
0.105609
-0.072593
-0.275387
-0.967218
0.213595
-0.129271
-0.054514
-0.866992
0.849109
-0.079814
0.109657
-0.353609
-0.146473
0.537875
0.003371
-0.418041
-0.070015
0.307273
-0.426925
0.181915
0.408775
0.405613
-0.354012
-0.229207
0.696659
1.168660
0.719558
-0.281922
-0.476847
-0.232631
1.198054
-0.861469
0.173183
0.163394
0.146953
-0.044646
0.420174
-0.450086
0.944240
0.599741
-0.471402
1.184759
1.200000
-0.467032
-0.191343
-0.577315
-0.468004
0.084780
-0.448871
-0.796813
-0.329497
-0.489133
-0.574739
-0.589205
-0.745955
0.371234
-0.928655
0.279445
0.631040
0.379362
-1.167658
1.061309
-0.753610
-0.843027
1.193033
0.021218
-0.598582
-0.571929
-0.166468
0.130848
-1.016471
0.891109
0.820432
0.307124
0.165224
0.100212
1.138775
-0.115366
-0.190687
1.153144
-0.281622
-1.489950
1.192816
-0.075486
1.032903
0.458638
-0.279314
-0.990303
-0.778364
1.059606
1.130354
-0.459904
0.761728
-0.623776
0.577254
-0.070049
-0.550810
-0.120159
-0.431046
0.888467
1.011291
-0.218042
0.017652
0.554212
-0.361155
