0.412474 -0.082684
0.411240 -0.080573
0.409999 -0.078488
0.408795 -0.076332
0.407593 -0.074158
0.406411 -0.071995
0.405268 -0.069736
0.404127 -0.067479
0.403019 -0.065218
0.401926 -0.062898
0.400876 -0.060545
0.399848 -0.058124
0.398861 -0.055655
0.397902 -0.053175
0.396975 -0.050666
0.396100 -0.048088
0.395245 -0.045487
0.394431 -0.042870
0.393666 -0.040194
0.392943 -0.037508
0.392251 -0.034780
0.391621 -0.031995
0.391047 -0.029171
0.390512 -0.026300
0.390050 -0.023377
0.389635 -0.020400
0.389280 -0.017395
0.388990 -0.014335
0.388793 -0.011171
0.388673 -0.007939
0.388633 -0.004643
0.388682 -0.001285
0.388796 0.002126
0.389024 0.005621
0.389332 0.009186
0.389746 0.012818
0.390257 0.016512
0.390859 0.020247
0.391567 0.024047
0.392407 0.027949
0.393376 0.031927
0.394462 0.035994
0.395699 0.040156
0.397074 0.044398
0.398609 0.048746
0.400308 0.053197
0.402276 0.057877
0.404432 0.062657
0.406800 0.067590
0.409422 0.072674
0.412232 0.077862
0.415313 0.083213
0.418681 0.088730
0.422314 0.094413
0.426245 0.100255
0.430411 0.106192
0.434917 0.112317
0.439810 0.118699
0.445035 0.125236
0.450671 0.132038
0.456901 0.139228
0.463551 0.146646
0.470772 0.154452
0.478480 0.162543
0.486975 0.171171
0.496185 0.180278
0.506017 0.189839
0.516587 0.199940
0.527863 0.210602
0.539928 0.221941
0.552748 0.233984
0.566356 0.246880
0.580826 0.260754
0.595453 0.275161
0.610767 0.290670
0.626334 0.307125
0.642167 0.324685
0.658144 0.343457
0.673871 0.363268
0.688990 0.383880
0.703571 0.405404
0.717361 0.427674
0.730445 0.450530
0.742480 0.473359
0.752989 0.494477
0.763013 0.515719
0.772464 0.536315
0.781186 0.555173
0.789522 0.572665
0.797445 0.588285
0.805195 0.602536
0.812686 0.615239
0.819899 0.626676
0.827013 0.637593
0.833927 0.648001
0.840682 0.658183
0.847415 0.668713
0.854182 0.679875
0.860575 0.690820
0.866718 0.701929
0.872318 0.712479
0.877835 0.723554
0.883465 0.735567
0.888966 0.747876
0.893872 0.759287
0.898822 0.771273
0.903888 0.783931
0.908824 0.796655
0.913940 0.810127
0.918601 0.822813
0.923109 0.835419
0.927652 0.848338
0.932335 0.861876
0.936538 0.874539
0.940392 0.886645
0.944471 0.899566
0.948421 0.912473
0.952355 0.925646
0.956065 0.938590
0.959685 0.951596
0.963112 0.964454
0.966263 0.976900
0.969273 0.989312
0.972550 1.002855
0.974812 1.013683
0.976886 1.024199
0.978827 1.034561
0.980587 1.044606
0.982846 1.056425
0.984433 1.066312
0.985818 1.075715
0.987183 1.085184
0.988905 1.095934
0.990152 1.105223
0.991429 1.114702
0.992874 1.124838
0.994106 1.134340
0.995090 1.142928
0.996081 1.151543
0.996826 1.159221
0.997586 1.166939
0.998297 1.174424
0.998917 1.181511
0.999475 1.188321
1.000342 1.196236
1.000883 1.202817
1.001367 1.209096
1.002164 1.216480
1.002806 1.223176
1.003243 1.228974
1.003717 1.234824
1.004502 1.241824
1.004979 1.247494
1.005325 1.252538
1.005688 1.257556
1.006021 1.262388
1.006373 1.267179
1.006710 1.271843
1.007176 1.276882
1.007716 1.282067
1.008268 1.287325
1.008870 1.292561
1.009413 1.297517
1.009937 1.302276
1.010439 1.306807
1.011004 1.311544
1.011382 1.315535
1.011618 1.318932
1.012120 1.323507
1.012306 1.326595
1.012415 1.329388
1.012623 1.332432
1.012804 1.335333
1.012715 1.337502
1.013030 1.340742
1.013522 1.344612
1.014205 1.348885
1.014873 1.353054
1.015739 1.357616
1.016312 1.361413
1.016851 1.365072
1.017305 1.368294
1.017866 1.371875
1.018156 1.374551
1.018335 1.376866
1.018548 1.379231
1.018973 1.382059
1.019276 1.384612
1.019411 1.386685
1.019969 1.389983
1.020215 1.392189
1.020285 1.393941
1.020798 1.397037
1.021279 1.400028
1.021803 1.403068
1.022293 1.405995
1.022733 1.408668
1.023089 1.411174
1.023535 1.413882
1.024114 1.416863
