0.004323 -0.026167 0.050647
0.102261 -0.019040 0.015173
0.002712 -0.000162 0.016308
0.002554 -0.000104 0.044587
0.002528 0.003961 0.105431
0.006063 -0.048589 0.090288
0.002867 -0.001252 0.028032
0.002629 -0.000058 0.014230
0.002547 0.000441 0.032518
0.002515 0.010292 0.112209
0.000827 0.108178 0.308159
0.002483 0.001344 0.301353
0.936616 0.093417 0.394040
0.002456 0.002279 0.023818
0.001961 0.028593 0.425134
0.002316 0.090333 0.216525
0.001989 0.170283 0.470882
0.002267 0.003333 0.091163
0.197031 -0.002489 0.014497
0.019016 0.040160 0.237148
0.002518 0.040481 0.167962
0.002458 0.022617 0.170280
0.001672 0.021801 0.121422
0.267588 0.066396 0.069694
0.036837 0.096581 0.168870
