1.107145
-0.805240
1.147537
-0.966711
-1.187096
0.501513
1.727296
0.629927
-0.172621
0.783425
-0.409290
0.653349
-0.120746
1.189678
0.158464
2.750739
0.926918
-0.989129
0.208138
-0.543681
0.719726
-0.683425
-1.043544
-0.650697
-0.112278
1.007766
0.163998
0.589511
2.098722
-0.035271
-0.529633
0.328834
1.170045
1.045975
-0.163175
0.013200
0.054389
0.073345
-1.525561
0.561172
-0.057907
2.692266
0.436201
0.839048
0.480476
-1.438711
0.979900
1.236204
-0.357903
-0.619126
-0.401788
-2.541519
0.261579
0.021782
-0.343297
-0.946662
-0.375749
-0.891057
-1.362892
1.601658
-1.016505
-0.487267
-0.272589
-0.102353
-0.547753
-0.522017
-1.024730
-0.713951
-0.938645
0.153779
-0.025551
-1.820763
-1.752139
-0.456923
-0.623903
-1.356032
0.297300
0.936508
0.401803
-0.428865
-0.260210
0.341622
0.923041
0.149040
-1.038492
0.407034
-1.798115
0.223172
0.602294
-1.938296
1.752944
-1.311361
-0.048439
0.534551
-0.542997
-1.355703
0.559021
0.565764
-1.153112
-0.197685
-0.527050
0.817649
-0.319211
-0.903471
-0.174683
-0.933446
-0.461733
-0.190879
-1.861209
0.904683
0.361908
-0.487766
-0.636199
-0.181908
1.761034
-0.521898
0.531356
0.669047
0.920856
-0.236785
-0.326166
0.668548
2.302452
-0.966150
2.006210
-0.582868
-0.388585
0.522299
1.293875
-0.145141
0.336514
-2.058882
0.053418
-1.761916
-0.741379
-1.267967
-0.785692
-1.178746
-0.467500
-0.772927
-0.188693
0.324148
-0.241220
0.948450
0.822125
-0.026287
0.217410
0.696780
-0.097039
-0.135851
0.061466
-1.283635
0.252495
2.674203
-0.256412
-1.265494
0.027101
1.321643
1.182070
3.134616
1.024792
-0.034133
-0.244432
-0.542332
-0.802973
-0.969011
0.652871
0.484922
0.132001
-0.427729
-1.008619
-1.018614
-1.458969
-2.394072
-0.634606
0.294789
-0.006652
-1.201699
0.014303
-1.420017
1.052646
1.075792
0.111571
-2.087603
-0.298140
0.956983
0.877937
0.852262
0.424294
-1.671246
1.572350
2.851958
0.012386
-0.304400
-0.771912
2.393849
3.300956
-0.685160
-0.109357
-0.107976
-1.005795
-0.191335
-1.483109
-0.868660
-0.505800
-0.793241
-0.942664
0.915116
-0.831032
-2.557458
1.101257
-3.173125
-0.759370
-0.149257
-0.179363
-0.112292
1.508471
1.134220
-0.839568
-0.619670
-0.264696
0.209914
-0.506766
-0.190692
1.923120
-0.213355
0.889762
-1.062709
-0.578346
0.556882
-0.232443
-1.689133
0.245182
0.889065
-0.434411
0.019316
-0.349064
0.126460
-0.658676
-0.558627
