0.062290
-0.023287
-0.130849
0.480054
-1.019273
0.265458
-0.382578
0.303965
0.000370
0.331035
-0.779076
0.093048
-0.894876
-0.030553
-0.159785
0.047250
-0.253893
0.583961
-0.147352
-0.038134
0.404317
0.433899
-0.250407
0.244835
0.309937
-2.501226
-0.109985
0.505235
-0.403137
-0.673703
-0.224667
-0.183132
0.157666
0.580993
0.271365
0.228610
0.234007
-0.047545
0.199447
0.393409
0.085458
0.278639
0.061090
0.575401
-0.130108
-0.224279
0.294700
-0.098963
-0.621026
-0.061937
0.073792
0.337876
0.364553
0.327889
-0.047553
-0.788030
-0.288006
0.209950
-0.189332
-0.479354
-0.119276
0.193998
0.012259
0.318173
0.103196
0.115182
-0.231809
-0.745656
0.572231
0.052845
0.075708
0.252252
0.364310
-0.711288
0.400488
-2.501226
0.516845
0.055123
0.475066
-0.027767
-0.591940
-0.939177
0.652518
0.382698
0.177985
0.492618
-0.374906
-0.716874
0.007436
0.322982
0.077869
-0.716972
0.406061
-0.519135
-0.020590
0.074215
-0.723351
0.111666
-0.021322
0.422738
-0.006574
0.407742
-0.060254
-0.122058
-0.334961
-0.009091
-0.153704
-0.249067
0.300394
0.126961
-0.162098
0.249274
0.279358
0.305029
0.323453
-0.105607
-0.277899
0.334781
0.634898
-0.199330
0.197361
0.117616
0.440924
0.094086
0.111313
0.177996
0.534640
0.044700
-0.153334
0.066883
0.456438
0.311180
-0.292816
0.188561
0.372188
0.284235
0.477065
0.304552
-0.259349
-0.335433
-2.501226
0.140589
0.136975
-0.035975
0.483670
-0.046232
-0.041850
-0.170345
0.203148
0.345272
0.111646
0.264657
0.555625
-0.236537
-0.681766
-0.264549
0.269184
0.389722
0.449273
-2.501226
-0.949912
-0.111461
0.423201
0.443935
-0.160486
0.261805
0.626448
0.246832
0.058501
0.433766
0.277655
0.232371
0.100490
0.005395
0.051578
-0.142145
0.190343
-0.589486
0.060803
-0.115272
0.421637
0.342396
0.228823
0.196819
-0.353335
0.362268
0.056143
-0.685837
0.086140
0.324638
0.414239
0.228802
0.154097
0.200299
0.549253
0.139034
-0.032235
-0.418150
-0.151489
0.068358
