-0.531551
0.044732
0.565786
-0.725072
0.314461
2.429409
0.035700
-1.252418
0.534803
0.202643
0.094026
-0.118872
-0.112068
1.206552
0.469273
-1.239195
-0.441902
0.329940
-0.598220
1.018700
1.113492
-1.016963
-0.248019
-0.585824
-0.458861
0.111880
-0.201011
-0.276144
-0.030189
0.125150
2.605151
1.152870
1.490433
-0.888811
0.967846
0.313118
-0.031913
-1.905954
0.053090
1.271316
-1.893539
2.663525
1.689778
-1.540046
3.126085
-1.466458
-3.110817
-1.543916
0.045079
0.645531
-1.714561
-0.218755
-0.011621
-1.809608
-0.225698
0.284614
-0.225843
0.987762
0.515643
0.254378
0.228102
0.639870
0.844127
0.408168
-0.160262
1.517897
0.537286
-0.088108
-0.198685
0.163765
1.286296
-0.009571
0.980586
0.322336
-0.540702
0.303391
0.603186
-0.998034
0.923592
-0.206763
-0.088049
-0.072055
-0.734063
-0.825293
-0.766024
0.904168
0.720317
0.038992
1.144562
0.059583
-1.473138
-0.009320
-0.074566
0.023524
-0.374057
-0.667947
0.117680
0.683807
0.280518
-0.103721
-0.662909
0.898529
-1.036307
-0.355336
-0.355785
-0.016754
-0.113409
-0.461261
-0.581945
1.832282
-1.757959
-1.666162
-0.009275
-1.379060
-0.012234
-0.880033
1.993769
-0.255367
0.167413
0.386117
1.281994
-0.016633
1.186975
0.109311
0.566332
0.858244
-0.384650
-0.194496
-0.112464
-1.541363
0.544363
-0.186106
0.660125
-0.867739
0.823493
-0.250163
0.232280
1.290084
0.346584
-0.704218
0.221298
-1.098257
-0.937790
0.988102
-1.176174
-0.869344
2.883078
-2.324753
-1.896234
1.081885
1.717601
-0.482024
0.842064
-0.368167
-0.302918
-0.379579
-1.726828
1.551681
0.820269
-0.187514
-0.174696
-1.138606
1.344454
-0.962588
-1.034800
-0.307456
-1.368458
-0.276358
0.197197
0.611408
1.491740
-1.769233
-0.199313
-0.402418
0.796277
2.239094
-0.192168
0.108198
1.962398
-0.740307
-0.841398
-0.026961
-1.679590
-0.846973
0.482778
0.488954
-0.912940
0.558475
0.985579
0.204592
-1.518150
-0.220958
0.072325
0.427419
-0.919068
-0.180347
-0.609070
-0.036260
-1.280827
0.355079
