64.152798
74.110483
72.952724
67.940705
56.252118
62.527982
56.252118
72.489440
72.478497
73.691523
87.372458
73.855070
87.372458
87.372458
71.773743
71.726154
67.860993
74.296021
84.329788
87.372458
75.749770
81.720623
69.554407
83.948893
62.337260
56.252118
80.873250
74.201930
56.252118
87.372458
59.101691
87.372458
64.748507
85.433729
73.393661
75.580590
72.876081
75.288269
69.578176
70.197056
75.397455
75.978171
66.301197
66.415350
56.252118
87.237114
74.327916
81.353707
87.372458
87.372458
74.872461
71.093036
76.102234
70.566484
67.457914
56.252118
56.252118
73.145158
74.209146
56.252118
87.372458
79.120436
73.944790
78.622722
60.478761
68.197102
87.372458
87.372458
77.887975
87.372458
74.786425
69.421684
66.915674
56.252118
67.338139
56.252118
64.235423
57.186347
76.358533
71.638779
56.252118
56.252118
71.292782
68.645362
75.836035
78.092415
87.372458
56.252118
66.589950
85.693652
87.372458
56.252118
66.324350
56.252118
74.210456
87.372458
56.252118
85.350686
87.372458
67.638337
56.252118
56.252118
76.756473
87.304181
56.252118
87.181849
56.252118
56.252118
73.624424
64.075366
83.212630
82.107254
68.040579
59.614137
71.052771
62.820097
70.817749
77.222298
66.271022
75.808805
78.582823
76.100668
80.645351
73.850403
66.150764
81.286316
65.961001
78.730628
65.932450
76.938698
83.884530
68.111702
87.372458
73.165076
69.557471
57.020502
79.055787
70.858034
87.372458
73.764436
56.252118
70.664522
59.763919
87.372458
68.301946
56.252118
68.112683
87.372458
62.372820
71.294045
71.227075
75.433857
58.055949
56.252118
56.252118
83.425735
85.019191
82.806547
69.041612
87.372458
87.372458
77.183339
63.501011
72.006083
80.412012
70.456123
71.073994
79.186855
63.097495
72.095430
85.102857
72.736872
73.194522
74.491291
61.555195
59.166203
58.148551
56.252118
66.631723
80.321925
72.082548
70.924185
66.202294
71.850496
70.479166
69.568912
59.819440
65.015760
76.258800
74.895279
77.722618
78.868822
75.022603
67.819776
66.950665
59.816713
56.252118
56.252118
56.252118
60.670605
