0.241272 0.138021
0.240360 0.145572
0.239547 0.153357
0.238842 0.161308
0.238275 0.169666
0.237836 0.178134
0.237572 0.187079
0.237517 0.196539
0.237653 0.206202
0.237967 0.215939
0.238478 0.225813
0.239127 0.235534
0.239820 0.244727
0.240699 0.254086
0.241688 0.263293
0.242831 0.272548
0.244097 0.281759
0.245644 0.291472
0.247290 0.301072
0.248985 0.310448
0.250775 0.319802
0.252572 0.328927
0.254139 0.337213
0.255586 0.345048
0.256909 0.352477
0.258110 0.359545
0.259191 0.366285
0.260212 0.372961
0.261187 0.379630
0.261928 0.385763
0.262437 0.391378
0.262714 0.396453
0.262745 0.400888
0.262426 0.404048
0.261931 0.406532
0.261324 0.408525
0.260617 0.409983
0.259871 0.411197
0.259153 0.412650
0.258413 0.414136
0.257635 0.415460
0.256840 0.416951
0.256027 0.418793
0.255195 0.420609
0.254347 0.422767
0.253454 0.425587
0.252494 0.429155
0.251431 0.433659
0.250245 0.439090
0.248854 0.445957
0.247283 0.453830
0.245521 0.462743
0.243623 0.472335
0.241566 0.482833
0.239479 0.493436
0.237365 0.504339
0.235183 0.515983
0.233000 0.528098
0.230856 0.540619
0.228733 0.553842
0.226708 0.567505
0.224885 0.581140
0.223329 0.594312
0.222005 0.607376
0.220949 0.620482
0.220150 0.633181
0.219629 0.645623
0.219366 0.657843
0.219393 0.669802
0.219692 0.681688
0.220262 0.693355
0.221072 0.704697
0.222146 0.715963
0.223502 0.727291
0.225095 0.738379
0.226962 0.749330
0.229020 0.759903
0.231343 0.770460
0.233933 0.780979
0.236786 0.791424
0.239945 0.801969
0.243376 0.812398
0.247057 0.822614
0.251028 0.832762
0.255320 0.842876
0.259994 0.853053
0.265074 0.863309
0.270740 0.873889
0.276599 0.883954
0.282673 0.893587
0.289371 0.903460
0.296764 0.913563
0.304369 0.923134
0.312745 0.932860
0.321241 0.941912
0.330299 0.950801
0.339850 0.959435
0.349880 0.967728
0.360433 0.975721
0.371548 0.983420
0.382977 0.990582
0.394303 0.997073
0.406119 1.003232
0.417750 1.008794
0.429912 1.014079
0.441784 1.018824
0.453343 1.023096
0.465269 1.027228
0.477059 1.031056
0.488334 1.034529
0.499263 1.037803
0.509942 1.040868
0.520729 1.044009
0.531149 1.046987
0.540913 1.049900
0.550532 1.052778
0.559292 1.055564
0.567638 1.058380
0.575583 1.061223
0.583335 1.064161
0.590760 1.067163
0.597394 1.070117
0.604222 1.073248
0.610445 1.076430
0.616376 1.079594
0.622160 1.082921
0.627420 1.086200
0.632256 1.089506
0.636773 1.092734
0.640978 1.095994
0.644986 1.099333
0.648592 1.102482
0.652242 1.105839
0.655567 1.109127
0.658984 1.112648
0.662236 1.116083
0.665039 1.119356
0.667490 1.122457
0.669757 1.125554
0.672091 1.128682
0.674214 1.131758
0.676075 1.134717
0.677813 1.137518
0.679480 1.140358
0.681419 1.143525
0.683078 1.146532
0.684872 1.149629
0.686533 1.152693
0.687810 1.155370
0.688532 1.157440
0.689316 1.159586
0.690155 1.161807
0.691005 1.164106
0.691930 1.166397
0.693075 1.169129
0.694300 1.171903
0.695310 1.174515
0.696389 1.177137
0.697229 1.179553
0.697711 1.181332
0.698541 1.183702
0.699269 1.185920
0.699938 1.188069
0.700441 1.189952
0.701321 1.192460
0.701817 1.194406
0.702435 1.196438
0.702748 1.198069
0.703337 1.200057
0.703741 1.201841
0.704345 1.203867
0.705051 1.206152
0.705743 1.208418
0.706241 1.210332
0.706610 1.212005
0.707048 1.213808
0.707440 1.215580
0.707954 1.217466
0.708408 1.219301
0.708949 1.221298
0.709126 1.222645
0.709482 1.224220
0.709508 1.225183
0.709749 1.226637
0.710078 1.228138
0.710452 1.229792
0.710942 1.231702
0.711215 1.233199
0.711605 1.234829
0.711670 1.235879
0.711791 1.236905
0.711893 1.238001
0.712268 1.239583
0.712563 1.241050
0.712807 1.242395
0.712859 1.243282
0.712974 1.244299
0.713211 1.245601
0.713430 1.246931
0.713791 1.248487
