0.343743 0.091183
0.344457 0.096185
0.345193 0.101296
0.345953 0.106526
0.346721 0.111825
0.347516 0.117249
0.348313 0.122724
0.349105 0.128231
0.349912 0.133826
0.350738 0.139526
0.351577 0.145308
0.352447 0.151227
0.353375 0.157358
0.354306 0.163539
0.355259 0.169830
0.356218 0.176175
0.357186 0.182583
0.358122 0.188912
0.359065 0.195289
0.360023 0.201729
0.360976 0.208169
0.361938 0.214647
0.362964 0.221322
0.364019 0.228078
0.365096 0.234890
0.366191 0.241728
0.367306 0.248573
0.368390 0.255299
0.369457 0.261886
0.370549 0.268468
0.371662 0.275020
0.372800 0.281532
0.373977 0.288025
0.375268 0.294698
0.376619 0.301354
0.378021 0.307939
0.379494 0.314484
0.381025 0.320922
0.382572 0.327149
0.384191 0.333280
0.385942 0.339428
0.387821 0.345550
0.389839 0.351648
0.392090 0.357873
0.394563 0.364157
0.397244 0.370446
0.400152 0.376741
0.403281 0.383016
0.406652 0.389279
0.410197 0.395426
0.413990 0.401545
0.418024 0.407623
0.422357 0.413712
0.426942 0.419754
0.431916 0.425853
0.437227 0.431962
0.442774 0.437990
0.448579 0.443968
0.454626 0.449891
0.460826 0.455692
0.467190 0.461403
0.473770 0.467095
0.480627 0.472830
0.487679 0.478562
0.494739 0.484238
0.502037 0.489966
0.509432 0.495730
0.516944 0.501553
0.524430 0.507424
0.531868 0.513335
0.539229 0.519298
0.546622 0.525405
0.553891 0.531594
0.560976 0.537846
0.568002 0.544268
0.574760 0.550754
0.581475 0.557466
0.587967 0.564292
0.594237 0.571239
0.600289 0.578316
0.606131 0.585509
0.611729 0.592796
0.617099 0.600203
0.622295 0.607764
0.627272 0.615419
0.632017 0.623120
0.636587 0.630893
0.640859 0.638529
0.645017 0.646339
0.649116 0.654427
0.652936 0.662297
0.656600 0.670143
0.660147 0.678021
0.663540 0.685860
0.666862 0.693810
0.670049 0.701690
0.673112 0.709447
0.676097 0.717282
0.678952 0.724966
0.681678 0.732466
0.684334 0.740084
0.686927 0.747657
0.689416 0.755224
0.691831 0.762727
0.694119 0.770184
0.696336 0.777644
0.698483 0.785164
0.700488 0.792472
0.702390 0.799743
0.704220 0.807102
0.705952 0.814389
0.707593 0.821810
0.709076 0.828858
0.710470 0.836064
0.711779 0.843198
0.712977 0.850390
0.714119 0.857694
0.715167 0.864991
0.716123 0.872286
0.716965 0.879469
0.717713 0.886601
0.718414 0.893854
0.718986 0.900938
0.719491 0.907933
0.719935 0.915058
0.720277 0.921901
0.720580 0.928832
0.720827 0.935684
0.721049 0.942709
0.721215 0.949595
0.721315 0.956249
0.721427 0.963193
0.721451 0.969684
0.721460 0.976178
0.721380 0.982154
0.721304 0.988215
0.721237 0.994339
0.721190 1.000568
0.721118 1.006603
0.721039 1.012524
0.720949 1.018308
0.720862 1.024039
0.720820 1.029922
0.720750 1.035521
0.720604 1.040512
0.720476 1.045513
0.720349 1.050338
0.720209 1.054995
0.720146 1.059987
0.720212 1.065592
0.720254 1.070924
0.720276 1.075994
0.720260 1.080746
0.720277 1.085464
0.720181 1.089414
0.720119 1.093323
0.720041 1.097151
0.720000 1.100971
0.719954 1.104761
0.720068 1.109244
0.720050 1.112902
0.720056 1.116597
0.720077 1.120259
0.720141 1.124070
0.720094 1.127142
0.720119 1.130602
0.720176 1.134014
0.720249 1.137565
0.720309 1.140819
0.720349 1.144019
0.720399 1.147049
0.720380 1.149687
0.720358 1.152261
0.720393 1.155073
0.720468 1.158016
0.720517 1.160762
0.720539 1.163382
0.720596 1.165982
0.720630 1.168480
0.720631 1.170765
0.720714 1.173457
0.720813 1.176044
0.720980 1.178985
0.721033 1.181379
0.721133 1.183826
0.721176 1.186010
0.721178 1.187944
0.721208 1.190060
0.721279 1.192184
0.721376 1.194537
0.721533 1.197004
0.721611 1.199201
0.721678 1.201153
0.721729 1.203063
0.721795 1.205015
0.721922 1.207242
0.722025 1.209325
0.722086 1.211166
0.722111 1.212869
0.722171 1.214546
