0.884800 0.778549
0.884093 0.820955
0.881460 0.873681
0.877095 0.925502
0.871780 0.970126
0.865060 1.012514
0.857491 1.048939
0.850125 1.077070
0.843128 1.098863
0.836560 1.116049
0.258438 0.425711
0.257165 0.430189
0.255648 0.437080
0.253806 0.446110
0.251748 0.456157
0.249513 0.466811
0.247065 0.478679
0.244112 0.493652
0.241040 0.509632
0.238112 0.525210
0.874796 0.715630
0.876170 0.756596
0.876014 0.799932
0.874256 0.846121
0.870803 0.893941
0.865619 0.942023
0.859076 0.986146
0.851802 1.023904
0.844092 1.055554
0.836217 1.081883
0.054070 0.398436
0.048707 0.369989
0.048358 0.359832
0.048653 0.350593
0.052536 0.361942
0.056633 0.372218
0.063723 0.393760
0.071984 0.415544
0.081370 0.437631
0.092067 0.460931
0.742646 1.145325
0.741867 1.147070
0.741069 1.150333
0.740306 1.153881
0.739589 1.156641
0.738905 1.160488
0.738241 1.161931
0.737693 1.169722
0.737082 1.170131
0.736622 1.176375
0.625225 0.925520
0.627882 0.928453
0.630392 0.931339
0.632853 0.934274
0.635281 0.937209
0.637614 0.940144
0.639907 0.943111
0.642015 0.945982
0.644261 0.949022
0.646342 0.951982
0.708276 1.179703
0.709283 1.184458
0.709911 1.188295
0.710511 1.192035
0.711135 1.195807
0.711685 1.199357
0.712239 1.202892
0.712591 1.205854
0.713057 1.209091
0.713470 1.212214
0.390683 0.153042
0.394185 0.169737
0.397462 0.186489
0.400243 0.202200
0.402981 0.217945
0.405787 0.233704
0.408218 0.247656
0.410109 0.259108
0.412129 0.269748
0.414412 0.279593
0.668705 0.623064
0.678930 0.644888
0.687725 0.666535
0.695451 0.688174
0.702221 0.709410
0.708183 0.730303
0.713458 0.750901
0.718076 0.771461
0.721961 0.791268
0.725269 0.811517
0.845644 0.725343
0.846632 0.750820
0.846874 0.775210
0.846351 0.801925
0.844931 0.831376
0.842633 0.861556
0.839568 0.890763
0.835552 0.920863
0.831132 0.947695
0.826160 0.973508
0.307922 0.557954
0.307604 0.562961
0.307312 0.567396
0.307057 0.572480
0.306828 0.576887
0.306638 0.581843
0.306475 0.586297
0.306358 0.591122
0.306269 0.595766
0.306246 0.600503
0.752671 0.428798
0.766262 0.446607
0.779260 0.465229
0.790693 0.483008
0.801097 0.500636
0.810906 0.519148
0.819386 0.536782
0.827204 0.555210
0.834028 0.573469
0.840172 0.592744
0.816801 0.599274
0.820329 0.611544
0.823534 0.624021
0.826351 0.636211
0.828817 0.648251
0.831035 0.660716
0.832972 0.673266
0.834615 0.685919
0.836042 0.699190
0.837152 0.711900
0.479395 0.158534
0.480159 0.164161
0.479254 0.165117
0.476801 0.162122
0.472948 0.156164
0.468656 0.149935
0.464495 0.144725
0.461471 0.142250
0.460630 0.143716
0.462748 0.149494
0.599809 1.186055
0.610849 1.188921
0.619578 1.191582
0.628843 1.194572
0.636316 1.197392
0.643212 1.200266
0.648985 1.203015
0.655079 1.206028
0.660011 1.208835
0.664954 1.211792
0.724588 1.209942
0.724588 1.209942
0.724588 1.209942
0.724588 1.209942
0.724588 1.209942
0.724588 1.209942
0.724588 1.209942
0.724588 1.209942
0.724588 1.209942
0.724588 1.209942
0.365115 0.313611
0.367705 0.326326
0.370412 0.338773
0.373545 0.351642
0.376905 0.364269
0.380542 0.376682
0.384774 0.389431
0.389406 0.401985
0.394460 0.414328
0.400259 0.426881
0.292263 0.453655
0.289201 0.471695
0.285580 0.492022
0.281635 0.514026
0.277729 0.536732
0.274138 0.560301
0.271169 0.584431
0.269109 0.608190
0.268127 0.631727
0.268249 0.654818
0.584207 0.616534
0.590847 0.625860
0.597242 0.635314
0.603378 0.644865
0.609314 0.654516
0.614980 0.664144
0.620528 0.673984
0.625820 0.683694
0.630996 0.693495
0.635973 0.703225
0.373486 0.095196
0.375983 0.105716
0.378522 0.116706
0.381206 0.128451
0.384008 0.140946
0.386773 0.153827
0.389266 0.166393
0.391640 0.179012
0.393989 0.191890
0.396465 0.205399
0.779609 0.904352
0.776274 0.927186
0.772379 0.950746
0.768471 0.971388
0.764596 0.989689
0.760691 1.008070
0.757010 1.024948
0.753852 1.036994
0.750534 1.053716
0.747805 1.065166
0.828549 1.032078
0.820743 1.058480
0.813549 1.079138
0.806190 1.097740
0.800909 1.108992
0.795059 1.120997
0.789874 1.130908
0.785884 1.137532
0.782113 1.143560
0.776697 1.154571
0.720628 1.218255
0.720628 1.218255
0.720628 1.218255
0.720628 1.218255
0.720628 1.218255
0.720628 1.218255
0.720628 1.218255
0.720628 1.218255
0.720628 1.218255
0.720628 1.218255
0.782967 0.430639
0.797960 0.451439
0.811128 0.471153
0.823205 0.491087
0.834172 0.511357
0.843971 0.531948
0.852550 0.552821
0.860209 0.575213
0.866769 0.598796
0.871993 0.621975
0.289777 0.327751
0.291576 0.338333
0.293188 0.348537
0.294222 0.357142
0.295081 0.365504
0.296023 0.374700
0.296512 0.382903
0.296507 0.389647
0.296393 0.396701
0.296166 0.404368
0.313559 0.115910
0.313559 0.115910
0.313559 0.115910
0.313559 0.115910
0.313559 0.115910
0.313559 0.115910
0.313559 0.115910
0.313559 0.115910
0.313747 0.121538
0.314028 0.128651
0.492913 0.812913
0.511255 0.827052
0.529843 0.840564
0.548188 0.853613
0.565864 0.866381
0.582509 0.879053
0.597916 0.891818
0.612047 0.904784
0.624700 0.917894
0.635790 0.931056
0.717575 1.156430
0.717757 1.160702
0.717974 1.165012
0.718155 1.169121
0.718331 1.173035
0.718570 1.177053
0.718746 1.180771
0.718962 1.184563
0.719194 1.188335
0.719283 1.191481
0.700738 1.234290
0.701376 1.236181
0.702462 1.238583
0.703550 1.240968
0.704290 1.242981
0.704915 1.244851
0.705672 1.246906
0.706315 1.248816
0.706545 1.250209
0.707649 1.252720
0.208077 0.456560
0.204347 0.448931
0.199624 0.433288
0.195194 0.415752
0.191532 0.398541
0.189404 0.389345
0.188275 0.389368
0.187580 0.402893
0.186574 0.427218
0.184678 0.464057
0.725504 0.580488
0.733534 0.598373
0.740412 0.615938
0.746488 0.633843
0.751761 0.651822
0.756210 0.669387
0.759954 0.686415
0.763141 0.703450
0.765780 0.720248
0.767961 0.736964
0.839443 0.967136
0.831967 1.003230
0.824013 1.034447
0.815978 1.060746
0.808801 1.080638
0.802188 1.096755
0.796377 1.109384
0.790828 1.120708
0.786783 1.127546
0.781024 1.139518
0.395327 0.518863
0.396434 0.521858
0.397562 0.524851
0.398708 0.527840
0.399870 0.530824
0.401058 0.533804
0.402266 0.536779
0.403491 0.539751
0.404745 0.542733
0.406013 0.545696
0.344558 0.090353
0.344558 0.090353
0.344558 0.090353
0.344558 0.090353
0.345286 0.095331
0.346816 0.105658
0.348412 0.116370
0.350032 0.127341
0.351694 0.138624
0.353427 0.150310
0.740289 1.207172
0.740289 1.207172
0.740289 1.207172
0.740289 1.207172
0.740289 1.207172
0.740289 1.207172
0.740289 1.207172
0.740289 1.207172
0.740289 1.207172
0.740289 1.207172
0.165864 0.423219
0.159858 0.398317
0.156382 0.380999
0.155080 0.373275
0.155221 0.374778
0.156501 0.387677
0.158607 0.414071
0.160721 0.450273
0.161642 0.493127
0.160728 0.543805
0.363904 1.076359
0.391043 1.090603
0.418437 1.102185
0.444739 1.111212
0.470976 1.118668
0.495112 1.124525
0.518110 1.129514
0.539291 1.133891
0.558360 1.137866
0.575107 1.141697
0.701123 1.172187
0.702274 1.176976
0.703476 1.181818
0.704496 1.186302
0.705575 1.190846
0.706625 1.195401
0.707774 1.200176
0.708599 1.204250
0.709331 1.208158
0.709986 1.211812
0.835197 0.626850
0.838143 0.640698
0.840721 0.654781
0.842949 0.669121
0.844819 0.683768
0.846401 0.699330
0.847620 0.714309
0.848533 0.731095
0.849112 0.746748
0.849424 0.762528
0.737566 1.204742
0.737566 1.204742
0.737566 1.204742
0.737566 1.204742
0.737566 1.204742
0.737566 1.204742
0.737566 1.204742
0.737566 1.204742
0.737566 1.204742
0.737566 1.204742
0.397971 0.188047
0.400691 0.203032
0.403368 0.218026
0.405829 0.232180
0.408125 0.245301
0.410224 0.256983
0.412213 0.267323
0.413949 0.275940
0.415920 0.283944
0.418593 0.292114
0.329689 0.422194
0.329660 0.438195
0.329255 0.454834
0.328543 0.472144
0.327625 0.490103
0.326629 0.508568
0.325702 0.527283
0.325006 0.546176
0.324693 0.565188
0.324875 0.583963
0.183878 0.445398
0.182320 0.475448
0.180060 0.509544
0.177218 0.547700
0.174397 0.587108
0.172277 0.626480
0.171474 0.662826
0.172060 0.697162
0.174013 0.728317
0.177318 0.758231
0.379035 0.104697
0.382362 0.118708
0.385998 0.134175
0.389703 0.150641
0.392914 0.166501
0.396038 0.182806
0.399333 0.200149
0.402176 0.216339
0.404568 0.231016
0.407254 0.246010
0.451232 0.197403
0.449079 0.196724
0.447367 0.197050
0.448152 0.201173
0.453261 0.210178
0.462186 0.222124
0.476563 0.237528
0.497156 0.255988
0.521551 0.275165
0.550858 0.296189
0.256882 0.364898
0.258911 0.378473
0.260088 0.390012
0.260296 0.398998
0.259830 0.406130
0.258695 0.410839
0.257186 0.413835
0.255510 0.415876
0.253809 0.418175
0.252086 0.421694
0.173236 0.508649
0.173367 0.510385
0.175462 0.517028
0.174982 0.517198
0.176432 0.522421
0.176103 0.522893
0.176744 0.526051
0.176557 0.526842
0.176582 0.528206
0.176451 0.529100
0.670331 1.215506
0.675028 1.219251
0.678704 1.222728
0.682770 1.226466
0.686447 1.230213
0.688542 1.233220
0.690162 1.235825
0.692098 1.238752
0.694111 1.241848
0.696163 1.244958
0.186781 0.753454
0.191128 0.780015
0.196614 0.805523
0.203354 0.830482
0.211255 0.854441
0.220623 0.878271
0.231619 0.901909
0.244517 0.925532
0.259164 0.948469
0.276207 0.971367
0.757889 1.115216
0.757842 1.113297
0.757090 1.115862
0.756491 1.117602
0.756145 1.117453
0.755216 1.121576
0.755100 1.119878
0.754191 1.124122
0.753728 1.125150
0.753262 1.126106
0.591225 0.197554
0.616652 0.225429
0.643979 0.253078
0.671447 0.279392
0.698839 0.305097
0.725824 0.330686
0.751464 0.355999
0.775500 0.381262
0.797865 0.406804
0.818223 0.432322
0.255216 0.137269
0.255216 0.137269
0.255216 0.137269
0.255216 0.137269
0.255216 0.137269
0.255216 0.137269
0.255216 0.137269
0.255216 0.137269
0.255216 0.137269
0.255216 0.137269
0.414577 -0.035646
0.414577 -0.035646
0.414577 -0.035646
0.414577 -0.035646
0.414577 -0.035646
0.414577 -0.035646
0.414577 -0.035646
0.414577 -0.035646
0.414577 -0.035646
0.414577 -0.035646
0.479805 0.074165
0.476428 0.071684
0.476566 0.075203
0.480285 0.084283
0.489228 0.100566
0.502954 0.122865
0.520640 0.148707
0.544375 0.178971
0.572959 0.210909
0.605010 0.243044
0.842765 0.883485
0.838019 0.920635
0.832404 0.954783
0.825755 0.987830
0.819248 1.014692
0.812464 1.038686
0.806355 1.057384
0.800314 1.074264
0.795326 1.086226
0.789977 1.098997
0.168960 0.377633
0.168708 0.378970
0.169020 0.388152
0.169563 0.403678
0.170110 0.424835
0.170409 0.452445
0.170000 0.486666
0.168467 0.527754
0.166256 0.570238
0.164175 0.613700
0.812428 0.549184
0.820575 0.569817
0.827506 0.590186
0.833418 0.610746
0.838399 0.631724
0.842466 0.652848
0.845722 0.674595
0.848233 0.697447
0.849993 0.720701
0.851046 0.745123
0.852985 0.834442
0.850376 0.868695
0.846542 0.904540
0.841508 0.940340
0.836125 0.970844
0.830283 0.998588
0.824068 1.023755
0.817754 1.045888
0.811894 1.063891
0.806117 1.079784
0.707479 1.249050
0.707337 1.249915
0.707964 1.251876
0.708666 1.253890
0.708962 1.255345
0.709510 1.257177
0.709749 1.258528
0.709883 1.259739
0.710119 1.260979
0.710662 1.262818
0.703560 0.972936
0.704009 0.976339
0.704333 0.979363
0.704753 0.982733
0.705060 0.985770
0.705459 0.989105
0.705748 0.992106
0.706052 0.995194
0.706363 0.998288
0.706644 1.001311
0.253853 0.137413
0.253853 0.137413
0.253853 0.137413
0.253853 0.137413
0.253853 0.137413
0.253853 0.137413
0.253853 0.137413
0.253853 0.137413
0.253853 0.137413
0.253853 0.137413
0.220914 0.136224
0.220914 0.136224
0.220914 0.136224
0.220914 0.136224
0.220914 0.136224
0.220914 0.136224
0.220914 0.136224
0.220914 0.136224
0.220914 0.136224
0.220914 0.136224
0.711406 1.273302
0.711406 1.273302
0.711406 1.273302
0.711406 1.273302
0.711406 1.273302
0.711406 1.273302
0.711406 1.273302
0.711406 1.273302
0.711406 1.273302
0.711406 1.273302
0.398409 0.354952
0.405136 0.369329
0.413668 0.384092
0.424134 0.398974
0.436411 0.413616
0.450275 0.427782
0.465976 0.441794
0.483364 0.455675
0.502016 0.469529
0.521140 0.483320
0.898140 0.658520
0.902007 0.713099
0.903297 0.780544
0.901592 0.855245
0.896713 0.933062
0.889101 1.003084
0.879972 1.057745
0.870568 1.096939
0.861489 1.125237
0.852694 1.147032
0.385676 0.542225
0.390297 0.557188
0.395405 0.572131
0.400962 0.586939
0.407010 0.601727
0.413532 0.616480
0.420517 0.631190
0.427975 0.645877
0.435916 0.660536
0.444375 0.675155
0.534648 0.947803
0.553115 0.956418
0.570276 0.965081
0.585894 0.973873
0.600318 0.982960
0.613126 0.992262
0.624720 1.001807
0.634986 1.011518
0.644180 1.021411
0.652059 1.031169
0.177449 0.520297
0.177203 0.521353
0.177622 0.524271
0.177582 0.525820
0.177102 0.525959
0.177107 0.527578
0.176091 0.525666
0.175777 0.526015
0.174781 0.523822
0.173907 0.521935
0.248658 0.417137
0.247907 0.415396
0.247489 0.416513
0.246869 0.415577
0.246340 0.415526
0.245815 0.415555
0.245240 0.414396
0.244767 0.415546
0.244224 0.413881
0.243759 0.415445
0.693999 1.129982
0.695245 1.134853
0.697239 1.141159
0.698498 1.146078
0.700001 1.151561
0.701222 1.156533
0.702337 1.161308
0.703714 1.166651
0.704557 1.170886
0.705469 1.175257
0.742378 1.167559
0.741755 1.172601
0.741246 1.174608
0.740761 1.175950
0.740286 1.177435
0.739828 1.177822
0.739376 1.181413
0.738956 1.185624
0.738558 1.188839
0.738171 1.190581
0.729610 0.989596
0.728696 1.005577
0.727746 1.020246
0.726738 1.033166
0.726046 1.047510
0.725520 1.061874
0.724827 1.073059
0.724284 1.084221
0.723937 1.095611
0.723559 1.105439
0.413506 0.140595
0.417652 0.157440
0.421083 0.173175
0.424105 0.188281
0.427101 0.203535
0.429566 0.216936
0.431042 0.226809
0.431685 0.233699
0.431900 0.238895
0.432111 0.243434
0.876415 0.738449
0.876961 0.771672
0.876659 0.803330
0.874928 0.846247
0.872782 0.879163
0.868683 0.922505
0.864081 0.959146
0.858531 0.994104
0.852674 1.024101
0.846747 1.049124
0.194822 0.128697
0.194822 0.128697
0.194822 0.128697
0.194822 0.128697
0.194822 0.128697
0.194822 0.128697
0.194822 0.128697
0.194822 0.128697
0.194822 0.128697
0.194822 0.128697
0.828272 0.634723
0.830670 0.646367
0.832842 0.658446
0.834729 0.670371
0.836361 0.682589
0.837771 0.694993
0.838915 0.707402
0.839857 0.720384
0.840587 0.733810
0.841059 0.746698
0.696846 1.195255
0.698360 1.198919
0.699417 1.202070
0.700676 1.205535
0.701414 1.208247
0.702309 1.211203
0.703305 1.214333
0.704340 1.217544
0.705410 1.220848
0.706132 1.223579
0.329303 0.104405
0.329371 0.105160
0.330513 0.118235
0.331785 0.131858
0.333192 0.146000
0.334763 0.160698
0.336526 0.175984
0.338449 0.191698
0.340504 0.207685
0.342714 0.223981
0.717502 0.975517
0.717643 0.979227
0.717641 0.982182
0.717711 0.985535
0.717740 0.988681
0.717772 0.991847
0.717800 0.995004
0.717841 0.998222
0.717889 1.001477
0.717947 1.004785
0.446978 0.201234
0.446110 0.202430
0.446902 0.206014
0.450128 0.212380
0.456170 0.221239
0.465535 0.232384
0.478415 0.245346
0.494948 0.259868
0.514812 0.275435
0.537803 0.292020
0.525791 0.680752
0.535625 0.694355
0.545595 0.707931
0.555608 0.721366
0.565779 0.734774
0.575947 0.747980
0.586072 0.760986
0.596076 0.773819
0.605845 0.786459
0.615326 0.798998
0.204883 0.306389
0.206891 0.315999
0.207738 0.321446
0.209492 0.329544
0.210802 0.336010
0.212310 0.342881
0.213968 0.349964
0.215109 0.355482
0.217151 0.363333
0.217892 0.367551
0.215769 0.558475
0.212628 0.583017
0.210122 0.607580
0.208420 0.631990
0.207584 0.655135
0.207634 0.677708
0.208521 0.699078
0.210235 0.719854
0.212735 0.740222
0.216054 0.760206
0.353657 0.125801
0.355629 0.138074
0.357678 0.150821
0.359729 0.163818
0.361809 0.177127
0.363933 0.190762
0.366075 0.204600
0.368248 0.218617
0.370453 0.232726
0.372715 0.246894
0.691441 1.171726
0.693838 1.177225
0.695839 1.182373
0.697803 1.187453
0.699360 1.192133
0.700886 1.196700
0.702066 1.200813
0.703175 1.204823
0.704581 1.209435
0.705805 1.213701
0.340334 0.460281
0.340458 0.470308
0.340571 0.480668
0.340665 0.491113
0.340774 0.501690
0.340887 0.512137
0.341056 0.522573
0.341314 0.533079
0.341690 0.543666
0.342217 0.554395
0.758014 0.885694
0.757735 0.889387
0.757464 0.894241
0.757131 0.897927
0.756802 0.903063
0.756467 0.906255
0.756086 0.911178
0.755704 0.914812
0.755307 0.919157
0.754912 0.922966
0.725161 1.209063
0.725161 1.209063
0.725161 1.209063
0.725161 1.209063
0.725161 1.209063
0.725161 1.209063
0.725161 1.209063
0.725161 1.209063
0.725161 1.209063
0.725161 1.209063
0.669634 1.146368
0.674451 1.152444
0.678265 1.158015
0.681935 1.163704
0.685095 1.169126
0.687841 1.174330
0.690320 1.179452
0.692545 1.184290
0.694935 1.189523
0.696659 1.194019
0.433530 0.137375
0.436447 0.148586
0.439679 0.161141
0.441704 0.170670
0.444506 0.182643
0.445712 0.189958
0.447380 0.198500
0.447953 0.203650
0.448291 0.207904
0.448133 0.210601
0.229161 0.382196
0.232284 0.398094
0.234173 0.410907
0.234713 0.420150
0.234096 0.425762
0.232552 0.427531
0.230365 0.425311
0.228031 0.420611
0.225821 0.414732
0.223928 0.409718
0.812992 0.462839
0.816094 0.467492
0.819445 0.472786
0.822553 0.477777
0.825646 0.482883
0.829111 0.489026
0.831762 0.493527
0.834705 0.498886
0.837419 0.503933
0.839873 0.508514
0.227356 0.652436
0.227569 0.676817
0.228923 0.700429
0.231420 0.723474
0.235054 0.746144
0.239724 0.767807
0.245604 0.789557
0.252663 0.810920
0.261067 0.832108
0.270975 0.853165
0.728009 0.659973
0.733204 0.678499
0.737652 0.696662
0.741460 0.714419
0.744707 0.732076
0.747474 0.749540
0.749761 0.767138
0.751536 0.783989
0.752908 0.801138
0.753844 0.818265
0.364355 0.066938
0.364355 0.066938
0.364355 0.066938
0.364355 0.066938
0.364355 0.066938
0.364355 0.066938
0.364355 0.066938
0.364355 0.066938
0.364355 0.066938
0.364355 0.066938
0.374519 0.052116
0.374519 0.052116
0.374519 0.052116
0.374519 0.052116
0.374519 0.052116
0.374519 0.052116
0.374519 0.052116
0.374519 0.052116
0.374519 0.052116
0.374519 0.052116
0.659547 1.015999
0.667930 1.030599
0.674905 1.044885
0.680929 1.058891
0.685840 1.072160
0.689923 1.084720
0.693735 1.097293
0.696310 1.107874
0.698975 1.118810
0.701225 1.128994
0.000906 0.351031
0.001841 0.343317
0.004576 0.349390
0.008932 0.364695
0.015435 0.387101
0.023235 0.409866
0.031960 0.431563
0.041947 0.453449
0.052781 0.474090
0.064311 0.493047
0.878056 0.623379
0.883331 0.658160
0.887083 0.698340
0.889150 0.744516
0.889393 0.795564
0.887756 0.849564
0.884173 0.905286
0.878553 0.960656
0.871129 1.011799
0.862719 1.053932
0.352373 0.870487
0.368309 0.886351
0.385835 0.901123
0.404901 0.914763
0.425487 0.927307
0.446705 0.938408
0.468165 0.948296
0.489190 0.957142
0.510263 0.965522
0.530789 0.973618
0.866013 0.942009
0.861893 0.971302
0.857198 0.999194
0.852372 1.023484
0.847280 1.045334
0.842682 1.062335
0.837134 1.080510
0.832480 1.093868
0.828272 1.104774
0.823413 1.116439
0.692303 1.180652
0.693332 1.183227
0.694503 1.186052
0.695910 1.189286
0.696912 1.191910
0.697954 1.194667
0.698949 1.197438
0.699581 1.199641
0.700693 1.202516
0.701502 1.205012
0.390512 0.298177
0.394097 0.312919
0.398989 0.328253
0.404810 0.342818
0.412952 0.358281
0.423197 0.373652
0.436462 0.389454
0.452212 0.404874
0.470877 0.420256
0.491573 0.435259
0.721016 1.217244
0.721016 1.217244
0.721016 1.217244
0.721016 1.217244
0.721016 1.217244
0.721016 1.217244
0.721016 1.217244
0.721016 1.217244
0.721016 1.217244
0.721016 1.217244
0.812105 1.019338
0.807698 1.034541
0.803317 1.048398
0.799433 1.059601
0.795953 1.068796
0.792206 1.078608
0.788545 1.087870
0.785580 1.094558
0.782466 1.101733
0.779885 1.107069
0.714835 1.241477
0.714835 1.241477
0.714835 1.241477
0.714835 1.241477
0.714835 1.241477
0.714835 1.241477
0.714835 1.241477
0.714835 1.241477
0.714835 1.241477
0.714835 1.241477
0.609960 0.460485
0.628309 0.474886
0.645365 0.489991
0.661305 0.506052
0.675668 0.522644
0.688589 0.539780
0.700107 0.557386
0.710388 0.575468
0.719276 0.593442
0.727140 0.611838
0.509316 0.655100
0.515528 0.663813
0.521766 0.672551
0.528033 0.681301
0.534316 0.690014
0.540662 0.698734
0.547065 0.707466
0.553494 0.716157
0.559934 0.724777
0.566410 0.733342
0.182330 0.367821
0.192686 0.405075
0.199927 0.432286
0.205177 0.454949
0.205123 0.463580
0.203412 0.466234
0.199111 0.456506
0.194120 0.440612
0.188849 0.420107
0.184372 0.399621
0.776468 1.074142
0.774780 1.080008
0.774977 1.077318
0.772670 1.086057
0.772863 1.083426
0.771244 1.089066
0.770946 1.088640
0.769936 1.091652
0.768847 1.094952
0.768523 1.094580
0.232496 0.422851
0.229998 0.435889
0.226706 0.454705
0.222579 0.478961
0.217874 0.507427
0.212979 0.539225
0.208451 0.573164
0.205001 0.606470
0.202905 0.639197
0.202365 0.669954
0.754294 0.564978
0.760933 0.580181
0.766505 0.594213
0.771736 0.609105
0.776262 0.623532
0.780333 0.638361
0.783859 0.652914
0.786885 0.667153
0.789468 0.681198
0.791653 0.695090
0.059192 0.492546
0.035203 0.426160
0.023984 0.374086
0.022506 0.349670
0.026139 0.353119
0.033663 0.376112
0.046011 0.411490
0.062020 0.448090
0.079235 0.479397
0.094632 0.504314
0.809417 0.746392
0.810168 0.772866
0.809979 0.798836
0.808837 0.826355
0.806703 0.854831
0.803670 0.882928
0.799849 0.910236
0.795486 0.935741
0.790462 0.961425
0.785623 0.982607
0.787480 0.907121
0.786782 0.911902
0.786009 0.916835
0.785224 0.921810
0.784450 0.926480
0.783666 0.931215
0.782812 0.936059
0.781945 0.940997
0.781077 0.945965
0.780186 0.950614
0.773474 0.895708
0.772959 0.900200
0.772415 0.905149
0.771871 0.909067
0.771260 0.914150
0.770698 0.918067
0.770092 0.922723
0.769464 0.926897
0.768802 0.931624
0.768166 0.935989
0.671062 1.224237
0.675188 1.227290
0.679242 1.230441
0.681998 1.233113
0.684471 1.235766
0.685921 1.237816
0.688232 1.240487
0.690381 1.243028
0.692456 1.245658
0.694140 1.248069
0.262003 0.136320
0.262003 0.136320
0.262003 0.136320
0.262003 0.136320
0.262003 0.136320
0.262003 0.136320
0.262003 0.136320
0.262003 0.136320
0.262003 0.136320
0.262003 0.136320
0.314659 0.115196
0.314659 0.115196
0.314659 0.115196
0.314659 0.115196
0.314659 0.115196
0.314659 0.115196
0.314807 0.119530
0.315180 0.128266
0.315605 0.137146
0.316155 0.146438
0.767987 1.131110
0.766160 1.137254
0.766854 1.133052
0.764889 1.140049
0.765380 1.136650
0.764194 1.140483
0.764242 1.138989
0.763252 1.142007
0.763172 1.140998
0.762367 1.143404
0.336930 0.097766
0.337482 0.102564
0.339054 0.116062
0.340791 0.130341
0.342582 0.144955
0.344567 0.160316
0.346734 0.176413
0.348917 0.192593
0.351277 0.209338
0.353828 0.226625
0.610984 0.380703
0.636018 0.398546
0.659595 0.417304
0.681146 0.436734
0.701065 0.457287
0.718683 0.478174
0.734492 0.499785
0.748411 0.521743
0.760470 0.543752
0.770768 0.565527
0.185094 0.124280
0.185094 0.124280
0.185094 0.124280
0.185094 0.124280
0.185094 0.124280
0.185094 0.124280
0.185094 0.124280
0.185094 0.124280
0.185094 0.124280
0.185094 0.124280
0.370882 0.057671
0.370882 0.057671
0.370882 0.057671
0.370882 0.057671
0.370882 0.057671
0.370882 0.057671
0.370882 0.057671
0.370882 0.057671
0.370882 0.057671
0.370882 0.057671
0.910105 0.820910
0.906801 0.899841
0.900698 0.975200
0.893850 1.029342
0.885303 1.075827
0.876194 1.111458
0.868106 1.135546
0.859857 1.155488
0.852718 1.169933
0.845563 1.182481
0.459473 0.507509
0.466149 0.514725
0.472990 0.521928
0.479965 0.529126
0.487078 0.536360
0.494233 0.543602
0.501439 0.550904
0.508687 0.558307
0.515860 0.565748
0.522978 0.573286
0.240791 0.176575
0.240538 0.185832
0.240470 0.195366
0.240592 0.205105
0.240897 0.214940
0.241396 0.224904
0.242092 0.234951
0.242944 0.244967
0.244023 0.255180
0.245122 0.264830
0.842496 0.987753
0.841413 0.993216
0.840259 0.998577
0.838846 1.005125
0.837908 1.009201
0.836494 1.015507
0.835092 1.021237
0.834177 1.024745
0.832308 1.032280
0.831312 1.036007
0.602276 1.173543
0.617328 1.178016
0.630552 1.182747
0.641682 1.187441
0.651198 1.192216
0.659099 1.196919
0.666323 1.201677
0.671861 1.206128
0.676491 1.210299
0.680551 1.214408
0.720526 0.572109
0.727623 0.586660
0.734219 0.601927
0.739840 0.616433
0.745017 0.631562
0.749514 0.646313
0.753486 0.660997
0.756978 0.675645
0.759949 0.689657
0.762594 0.704051
0.260343 0.449733
0.256096 0.470410
0.251211 0.493914
0.245590 0.522735
0.240131 0.553969
0.235630 0.585085
0.232445 0.616216
0.230856 0.646908
0.230962 0.675768
0.232709 0.703611
0.802078 0.788225
0.801857 0.803710
0.801322 0.819213
0.800496 0.834549
0.799348 0.850324
0.797904 0.866390
0.796181 0.882006
0.794311 0.896060
0.791979 0.912606
0.789710 0.926261
0.716266 1.233854
0.716266 1.233854
0.716266 1.233854
0.716266 1.233854
0.716266 1.233854
0.716266 1.233854
0.716266 1.233854
0.716266 1.233854
0.716266 1.233854
0.716266 1.233854
0.289484 0.515593
0.288706 0.520200
0.287838 0.525850
0.287090 0.530461
0.286245 0.536253
0.285527 0.540841
0.284712 0.546801
0.284043 0.551346
0.283283 0.557362
0.282660 0.562015
0.698481 1.121021
0.700158 1.128744
0.702036 1.136863
0.703606 1.144392
0.705103 1.151759
0.706367 1.158627
0.707451 1.164901
0.708356 1.170720
0.709294 1.176634
0.710307 1.182639
0.586066 0.946791
0.601909 0.957871
0.616068 0.969273
0.628555 0.980913
0.639633 0.992858
0.649284 1.004909
0.657660 1.016952
0.664902 1.028888
0.671056 1.040508
0.676695 1.052281
0.484561 0.643103
0.494295 0.657173
0.504209 0.671296
0.514311 0.685434
0.524614 0.699506
0.535188 0.713559
0.545923 0.727447
0.556843 0.741177
0.567861 0.754707
0.578873 0.768012
0.682255 1.250960
0.683323 1.252224
0.684727 1.253538
0.685863 1.254774
0.687739 1.256386
0.689348 1.257925
0.690255 1.259118
0.690876 1.260143
0.691462 1.261206
0.692992 1.262723
0.730127 1.204177
0.730127 1.204177
0.730127 1.204177
0.730127 1.204177
0.730127 1.204177
0.730127 1.204177
0.730127 1.204177
0.730127 1.204177
0.730127 1.204177
0.730127 1.204177
0.296895 0.554834
0.295189 0.572781
0.293963 0.590772
0.293289 0.609005
0.293281 0.626815
0.293915 0.644283
0.295300 0.661661
0.297413 0.678777
0.300276 0.695778
0.303956 0.712565
0.853053 0.798543
0.852068 0.823106
0.850620 0.846788
0.848320 0.873788
0.845642 0.898428
0.842285 0.923707
0.838422 0.948433
0.834202 0.971634
0.829980 0.991820
0.825410 1.011301
0.841936 1.032002
0.833792 1.061809
0.825584 1.086315
0.817512 1.106859
0.810656 1.121723
0.804908 1.132517
0.798841 1.143534
0.794019 1.151147
0.789448 1.158141
0.784580 1.165876
0.334497 0.354991
0.336762 0.371685
0.338721 0.388474
0.340334 0.405458
0.341574 0.422624
0.342500 0.440206
0.343170 0.458224
0.343686 0.476733
0.344156 0.495557
0.344752 0.514827
-0.022538 0.387182
-0.008438 0.431126
0.010678 0.477573
0.034278 0.522574
0.053660 0.549352
0.067846 0.561659
0.079607 0.566554
0.090060 0.576975
0.097474 0.617121
0.099460 0.683014
0.302669 0.122298
0.302669 0.122298
0.302669 0.122298
0.302669 0.122298
0.302669 0.122298
0.302669 0.122298
0.302669 0.122298
0.302669 0.122298
0.302669 0.122298
0.302669 0.122298
0.334247 0.655058
0.338406 0.674028
0.343572 0.692763
0.349799 0.711281
0.357204 0.729587
0.365916 0.747674
0.376029 0.765358
0.387802 0.782755
0.401113 0.799439
0.416172 0.815509
0.115042 0.395521
0.110837 0.375640
0.109367 0.364800
0.108959 0.357114
0.110982 0.363516
0.113373 0.371483
0.117375 0.388254
0.122274 0.408995
0.127521 0.431660
0.133489 0.462036
0.750112 1.008813
0.749493 1.012505
0.748930 1.015248
0.748336 1.019067
0.747801 1.021160
0.747194 1.025501
0.746702 1.026890
0.746085 1.032200
0.745642 1.032175
0.745025 1.038248
0.495238 0.743107
0.504077 0.753093
0.513180 0.762868
0.522531 0.772453
0.532106 0.781895
0.541776 0.791129
0.551498 0.800213
0.561185 0.809159
0.570759 0.817992
0.580113 0.826725
0.219658 0.408640
0.218319 0.404140
0.217209 0.404538
0.216111 0.407509
0.214902 0.414039
0.213261 0.426387
0.211463 0.439541
0.208752 0.460964
0.206046 0.481219
0.202621 0.507546
0.690369 1.241300
0.692191 1.243720
0.693534 1.245849
0.695073 1.248161
0.696544 1.250464
0.698107 1.252882
0.698942 1.254730
0.699870 1.256665
0.700660 1.258485
0.701556 1.260416
0.711367 1.273933
0.711367 1.273933
0.711367 1.273933
0.711367 1.273933
0.711367 1.273933
0.711367 1.273933
0.711367 1.273933
0.711367 1.273933
0.711367 1.273933
0.711367 1.273933
0.293221 0.595220
0.292684 0.613677
0.292817 0.632073
0.293712 0.650085
0.295355 0.667949
0.297772 0.685381
0.301048 0.702816
0.305179 0.720101
0.310171 0.737009
0.316123 0.753879
0.688814 1.278245
0.689098 1.279191
0.691530 1.281019
0.691714 1.281865
0.693955 1.283685
0.695011 1.284954
0.696488 1.286467
0.697490 1.287751
0.698551 1.289125
0.699922 1.290648
0.243964 0.326312
0.248100 0.347300
0.251483 0.365609
0.253929 0.381396
0.255623 0.395708
0.255873 0.406411
0.254766 0.412663
0.252817 0.414476
0.250733 0.414457
0.248796 0.415312
0.140199 0.387294
0.143488 0.410364
0.147105 0.438628
0.150070 0.469768
0.151951 0.507756
0.152077 0.551745
0.151027 0.598976
0.150150 0.643096
0.150332 0.684576
0.151925 0.722511
0.733710 0.658174
0.738692 0.676422
0.742938 0.694294
0.746568 0.711853
0.749641 0.729283
0.752242 0.746541
0.754371 0.763967
0.756030 0.780966
0.757267 0.798014
0.758073 0.814948
0.167270 0.269433
0.168425 0.279880
0.169305 0.288054
0.170700 0.297882
0.172074 0.306847
0.173591 0.315780
0.175355 0.325021
0.176945 0.333170
0.179084 0.342637
0.180613 0.349816
0.674705 1.217816
0.676862 1.219750
0.678512 1.221516
0.680969 1.223638
0.683343 1.225837
0.685329 1.227880
0.686275 1.229383
0.686934 1.230632
0.688016 1.232192
0.689623 1.234170
0.114804 0.369017
0.114247 0.361727
0.115091 0.360862
0.117612 0.370185
0.121783 0.389074
0.126506 0.410277
0.131777 0.435276
0.137408 0.468355
0.141554 0.506887
0.143299 0.549602
0.074642 0.358873
0.075406 0.354822
0.077896 0.360061
0.081972 0.372686
0.086944 0.387812
0.094236 0.410352
0.101218 0.429658
0.110209 0.455680
0.117538 0.478947
0.124267 0.508844
0.298495 0.582419
0.297737 0.600066
0.297572 0.617871
0.298050 0.635223
0.299209 0.652385
0.301082 0.669296
0.303716 0.686207
0.307082 0.702836
0.311253 0.719326
0.316245 0.735586
0.378280 0.306437
0.379261 0.311123
0.380289 0.315798
0.381593 0.321024
0.382791 0.325824
0.383907 0.330277
0.385363 0.335342
0.386863 0.340302
0.388201 0.344753
0.389800 0.349548
0.416153 0.160583
0.418965 0.172850
0.420891 0.182857
0.423560 0.195266
0.424964 0.203919
0.426972 0.214287
0.428082 0.221713
0.429252 0.228983
0.430008 0.234700
0.430336 0.238952
0.398445 0.006881
0.398445 0.006881
0.398445 0.006881
0.398445 0.006881
0.398445 0.006881
0.398445 0.006881
0.398445 0.006881
0.398445 0.006881
0.398445 0.006881
0.398445 0.006881
0.389082 0.320800
0.392873 0.333394
0.397363 0.345890
0.402799 0.358410
0.409404 0.371038
0.417388 0.383786
0.426770 0.396468
0.437627 0.409025
0.449918 0.421365
0.463598 0.433537
0.708220 1.134000
0.708983 1.139414
0.709566 1.144239
0.710205 1.149185
0.710769 1.153849
0.711289 1.158321
0.711802 1.162713
0.712314 1.167119
0.712817 1.171311
0.713282 1.175392
0.662069 0.960476
0.669562 0.976056
0.675838 0.991307
0.681343 1.006473
0.685956 1.021169
0.690020 1.035563
0.693376 1.049227
0.696332 1.062377
0.698935 1.075117
0.701028 1.086707
0.744118 1.156141
0.743663 1.157820
0.743229 1.159261
0.742761 1.161975
0.742373 1.162732
0.742009 1.162278
0.741600 1.164199
0.741190 1.166922
0.740760 1.172158
0.740422 1.172614
0.782795 0.556644
0.788236 0.569599
0.793069 0.582077
0.797527 0.594796
0.801558 0.607521
0.805259 0.620668
0.808520 0.633559
0.811380 0.646250
0.813831 0.658556
0.816026 0.671304
0.267531 0.758150
0.271871 0.772806
0.276784 0.787171
0.282329 0.801352
0.288587 0.815443
0.295736 0.829707
0.303796 0.843936
0.312458 0.857477
0.322242 0.871071
0.333044 0.884352
0.177897 0.493054
0.172864 0.477562
0.166698 0.457561
0.159848 0.434437
0.153314 0.410299
0.148345 0.388698
0.145620 0.373698
0.144908 0.367876
0.145734 0.372211
0.147624 0.386286
0.844821 0.754910
0.844910 0.780193
0.844399 0.803944
0.843070 0.830486
0.840847 0.859795
0.837945 0.887656
0.834192 0.916241
0.830076 0.941913
0.825318 0.967159
0.820168 0.990934
0.480546 0.050581
0.481614 0.054904
0.485230 0.063138
0.491463 0.075289
0.500705 0.091797
0.512782 0.111956
0.527541 0.134806
0.545412 0.159767
0.566134 0.185683
0.589952 0.212509
0.716481 1.232848
0.716481 1.232848
0.716481 1.232848
0.716481 1.232848
0.716481 1.232848
0.716481 1.232848
0.716481 1.232848
0.716481 1.232848
0.716481 1.232848
0.716481 1.232848
0.465183 0.134683
0.462895 0.133499
0.462971 0.136249
0.465813 0.142846
0.472044 0.153402
0.481878 0.167407
0.495612 0.184514
0.513223 0.203886
0.534805 0.225103
0.559648 0.247377
0.475378 0.173726
0.489835 0.191527
0.508565 0.211579
0.531972 0.233737
0.559623 0.257462
0.590040 0.282037
0.621477 0.307077
0.652439 0.332354
0.681131 0.357346
0.707693 0.382775
0.746579 1.217690
0.746579 1.217690
0.746579 1.217690
0.746579 1.217690
0.746579 1.217690
0.746579 1.217690
0.746579 1.217690
0.746579 1.217690
0.746579 1.217690
0.746579 1.217690
0.676435 1.084381
0.682220 1.096709
0.686674 1.107872
0.690935 1.119308
0.694408 1.129984
0.697118 1.139492
0.699509 1.148628
0.701733 1.157608
0.703825 1.166274
0.705498 1.174142
0.452666 0.177804
0.457230 0.187109
0.468735 0.202915
0.487329 0.223247
0.513162 0.246834
0.546455 0.273327
0.583991 0.301181
0.622908 0.330069
0.660261 0.359714
0.693971 0.389864
0.172609 0.424982
0.167054 0.401659
0.163235 0.382315
0.161916 0.375178
0.161994 0.378533
0.162889 0.391813
0.164358 0.418929
0.165575 0.456381
0.165500 0.500578
0.163669 0.553471
0.702585 1.206593
0.703159 1.208704
0.703838 1.211060
0.704798 1.213786
0.705487 1.216187
0.706012 1.218246
0.706612 1.220377
0.707218 1.222582
0.707725 1.224668
0.708482 1.227092
0.713965 1.247133
0.713965 1.247133
0.713965 1.247133
0.713965 1.247133
0.713965 1.247133
0.713965 1.247133
0.713965 1.247133
0.713965 1.247133
0.713965 1.247133
0.713965 1.247133
0.697668 1.228992
0.698077 1.230432
0.699289 1.232800
0.700105 1.234755
0.700521 1.236315
0.701205 1.238130
0.701946 1.240017
0.703321 1.242661
0.704089 1.244636
0.704702 1.246417
0.309468 0.347898
0.309680 0.350720
0.310454 0.355524
0.310628 0.358305
0.311309 0.362960
0.311431 0.365689
0.312000 0.370183
0.312098 0.372947
0.312557 0.377288
0.312608 0.380033
0.353543 0.433315
0.353960 0.437193
0.354442 0.441350
0.354851 0.445241
0.355336 0.449464
0.355724 0.453310
0.356216 0.457580
0.356616 0.461490
0.357103 0.465749
0.357520 0.469719
0.711544 1.193789
0.712103 1.197509
0.712608 1.201053
0.713025 1.204313
0.713410 1.207448
0.713908 1.210930
0.714184 1.213679
0.714703 1.217030
0.714939 1.219647
0.715256 1.222398
0.394780 0.014966
0.394780 0.014966
0.394780 0.014966
0.394780 0.014966
0.394780 0.014966
0.394780 0.014966
0.394780 0.014966
0.394780 0.014966
0.394780 0.014966
0.394780 0.014966
0.738200 0.529963
0.751023 0.553514
0.761958 0.577300
0.771055 0.600882
0.778595 0.624411
0.784803 0.648243
0.789642 0.671146
0.793423 0.694094
0.796251 0.717020
0.798222 0.740145
0.679529 0.853404
0.680816 0.857013
0.681929 0.860288
0.683159 0.863903
0.684232 0.867257
0.685350 0.870777
0.686391 0.874167
0.687447 0.877708
0.688443 0.881162
0.689382 0.884528
0.639544 1.025067
0.650585 1.037694
0.659892 1.050162
0.667874 1.062667
0.674691 1.074875
0.680105 1.086337
0.684910 1.097542
0.688815 1.108080
0.692295 1.118216
0.694950 1.127386
0.479847 0.998789
0.506629 1.007813
0.532411 1.016322
0.555879 1.024496
0.576155 1.032552
0.594494 1.040960
0.610771 1.049779
0.624953 1.058990
0.636961 1.068231
0.647055 1.077443
0.498132 1.228938
0.525460 1.235378
0.550528 1.240887
0.572467 1.245547
0.591151 1.249582
0.607954 1.253407
0.622613 1.257061
0.635185 1.260482
0.646275 1.263862
0.655123 1.267009
0.252596 0.433074
0.250505 0.442746
0.248059 0.454551
0.245018 0.469817
0.241769 0.486010
0.237975 0.505814
0.234368 0.525241
0.230573 0.547645
0.227339 0.568940
0.224427 0.591914
0.684517 1.132928
0.688413 1.141648
0.691163 1.149282
0.694608 1.158058
0.696867 1.165193
0.699174 1.172648
0.701512 1.180159
0.702991 1.186272
0.704448 1.192343
0.706006 1.198632
0.419214 0.353187
0.426893 0.363789
0.436365 0.374778
0.447320 0.385713
0.459356 0.396243
0.472965 0.406853
0.488264 0.417593
0.504369 0.428180
0.521255 0.438794
0.538416 0.449563
0.355152 0.078634
0.355152 0.078634
0.355152 0.078634
0.355152 0.078634
0.355152 0.078634
0.355152 0.078634
0.355152 0.078634
0.355152 0.078634
0.355152 0.078634
0.355152 0.078634
0.888641 0.766920
0.888348 0.806963
0.886463 0.857213
0.883896 0.897120
0.879098 0.947296
0.873771 0.988420
0.867235 1.027109
0.860775 1.057151
0.854129 1.082225
0.847486 1.103028
0.256226 0.137152
0.256226 0.137152
0.256226 0.137152
0.256226 0.137152
0.256226 0.137152
0.256226 0.137152
0.256226 0.137152
0.256226 0.137152
0.255632 0.142787
0.254632 0.155530
0.777245 0.989484
0.773203 1.005184
0.768855 1.022683
0.765100 1.036307
0.761569 1.048674
0.757912 1.063518
0.755209 1.071540
0.752017 1.086141
0.749448 1.096856
0.747543 1.101818
0.626805 0.679265
0.636402 0.697808
0.645487 0.716310
0.654014 0.734480
0.662003 0.752365
0.669534 0.770104
0.676498 0.787587
0.682895 0.805061
0.688608 0.822248
0.693687 0.839428
0.737523 1.204713
0.737523 1.204713
0.737523 1.204713
0.737523 1.204713
0.737523 1.204713
0.737523 1.204713
0.737523 1.204713
0.737523 1.204713
0.737523 1.204713
0.737523 1.204713
0.480965 0.743058
0.492936 0.756622
0.505566 0.769859
0.518685 0.782685
0.532176 0.795162
0.545833 0.807320
0.559419 0.819197
0.572713 0.830872
0.585484 0.842371
0.597629 0.853828
0.722777 1.158391
0.722721 1.162416
0.722754 1.166776
0.722607 1.170009
0.722788 1.174871
0.722776 1.178472
0.722819 1.182184
0.722841 1.185701
0.722817 1.188855
0.723012 1.193076
0.776774 0.972287
0.775812 0.977058
0.774883 0.981228
0.773994 0.985142
0.773207 0.988395
0.772317 0.992095
0.771523 0.995174
0.770670 0.998815
0.769800 1.002298
0.768889 1.006235
0.754087 1.142709
0.752986 1.146594
0.752030 1.149575
0.751159 1.152199
0.750298 1.155050
0.749507 1.157453
0.748935 1.157948
0.748373 1.158379
0.747715 1.159889
0.747027 1.162025
0.686492 1.232858
0.688253 1.235476
0.689993 1.238033
0.692114 1.240969
0.694031 1.243876
0.696027 1.246817
0.697740 1.249649
0.699120 1.252254
0.699992 1.254418
0.700978 1.256750
0.181090 0.404423
0.178177 0.390366
0.176587 0.382888
0.175980 0.383288
0.175967 0.393618
0.176097 0.413435
0.175914 0.443894
0.174886 0.482250
0.172608 0.527980
0.169709 0.575087
0.406564 -0.012953
0.406564 -0.012953
0.406564 -0.012953
0.406564 -0.012953
0.406564 -0.012953
0.406564 -0.012953
0.406564 -0.012953
0.406564 -0.012953
0.406564 -0.012953
0.406564 -0.012953
0.737222 0.870925
0.737494 0.885268
0.737488 0.899633
0.737210 0.913612
0.736752 0.927469
0.736145 0.941609
0.735403 0.955320
0.734525 0.968038
0.733573 0.980158
0.732613 0.992120
0.353249 0.080870
0.353249 0.080870
0.353249 0.080870
0.353249 0.080870
0.353249 0.080870
0.353249 0.080870
0.353249 0.080870
0.353249 0.080870
0.353249 0.080870
0.353249 0.080870
0.751348 1.043722
0.749611 1.053241
0.748300 1.056826
0.746767 1.065653
0.745278 1.075238
0.744166 1.078670
0.742924 1.086311
0.741819 1.092383
0.740851 1.095377
0.739866 1.101615
0.804942 0.915885
0.800232 0.942197
0.794761 0.968933
0.789597 0.990460
0.784172 1.011639
0.779380 1.027979
0.774570 1.044294
0.770578 1.056005
0.766166 1.070939
0.762998 1.079069
0.688545 1.164670
0.690294 1.168912
0.691724 1.172789
0.693779 1.177548
0.695899 1.182493
0.697248 1.186452
0.698721 1.190623
0.700009 1.194573
0.701355 1.198713
0.702231 1.201995
0.435870 0.678462
0.444900 0.693467
0.454614 0.708304
0.465077 0.722936
0.476336 0.737320
0.488332 0.751371
0.501020 0.765050
0.514316 0.778355
0.528030 0.791252
0.542018 0.803830
0.357646 0.075613
0.357646 0.075613
0.359800 0.085994
0.362102 0.097172
0.364480 0.108875
0.366948 0.121178
0.369475 0.134013
0.372025 0.147361
0.374602 0.161194
0.377171 0.175413
0.868685 0.732607
0.869431 0.767630
0.868966 0.805545
0.867390 0.843022
0.864443 0.883121
0.860003 0.924758
0.854195 0.965793
0.847967 1.000321
0.841263 1.030488
0.834057 1.057471
0.736705 1.148568
0.736140 1.151815
0.735592 1.154656
0.735120 1.158735
0.734620 1.161434
0.734079 1.162801
0.733841 1.169256
0.733483 1.172888
0.733027 1.174417
0.732723 1.178073
0.422605 0.227419
0.424649 0.239636
0.425628 0.247876
0.426478 0.254738
0.427539 0.260973
0.430229 0.268668
0.435947 0.278809
0.445561 0.291126
0.460461 0.305688
0.479816 0.321024
0.715565 1.237367
0.715565 1.237367
0.715565 1.237367
0.715565 1.237367
0.715565 1.237367
0.715565 1.237367
0.715565 1.237367
0.715565 1.237367
0.715565 1.237367
0.715565 1.237367
0.884790 0.665393
0.887952 0.702041
0.889758 0.744743
0.890059 0.790621
0.888942 0.836783
0.885605 0.894761
0.881040 0.944827
0.875396 0.989362
0.867804 1.033923
0.860711 1.065587
0.422790 0.095872
0.426148 0.105441
0.429294 0.114988
0.431886 0.123634
0.434296 0.132201
0.437172 0.142273
0.439943 0.152490
0.441913 0.160823
0.443618 0.168582
0.445506 0.176991
0.385777 1.117254
0.423425 1.132645
0.459199 1.143706
0.494054 1.152177
0.523562 1.158226
0.551559 1.163583
0.574276 1.168231
0.594640 1.172876
0.611870 1.177665
0.627031 1.182635
0.727853 1.060863
0.727144 1.068612
0.726580 1.076965
0.726266 1.086876
0.725704 1.093408
0.725217 1.099999
0.724975 1.107934
0.724606 1.114283
0.724252 1.120174
0.724203 1.127743
0.386832 0.087289
0.390136 0.098345
0.393134 0.109155
0.395978 0.120100
0.399294 0.132663
0.402458 0.145446
0.405129 0.157447
0.407708 0.169659
0.410554 0.183070
0.413002 0.195618
0.705728 1.118124
0.706886 1.125856
0.707876 1.133103
0.708882 1.140266
0.709806 1.147044
0.710551 1.153256
0.711253 1.159231
0.711949 1.165094
0.712660 1.170915
0.713229 1.176248
0.203798 0.131976
0.203798 0.131976
0.203798 0.131976
0.203798 0.131976
0.203798 0.131976
0.203798 0.131976
0.203798 0.131976
0.203798 0.131976
0.203798 0.131976
0.203798 0.131976
0.452725 1.216228
0.482160 1.224369
0.510046 1.231330
0.534874 1.236960
0.556417 1.241593
0.576225 1.245827
0.593646 1.249581
0.609174 1.253129
0.622781 1.256540
0.634500 1.259725
0.631474 0.370543
0.655895 0.389485
0.678411 0.408875
0.699167 0.429006
0.718160 0.449901
0.735205 0.471191
0.750419 0.492821
0.763830 0.514587
0.775446 0.536109
0.785815 0.558367
0.845469 0.889958
0.841354 0.921977
0.836003 0.955406
0.830490 0.983769
0.824553 1.009462
0.818751 1.031155
0.812664 1.051348
0.807284 1.066977
0.802241 1.080331
0.797671 1.091247
0.313699 0.115820
0.313699 0.115820
0.313699 0.115820
0.313699 0.115820
0.313760 0.118260
0.314255 0.130923
0.314922 0.144126
0.315773 0.157811
0.316829 0.171955
0.318095 0.186490
0.006793 0.349534
0.010745 0.358578
0.017970 0.382937
0.027409 0.410045
0.040637 0.442623
0.054135 0.469325
0.068618 0.493040
0.080729 0.509012
0.092252 0.524169
0.101849 0.544174
0.692845 1.192350
0.694830 1.196626
0.696191 1.200230
0.697915 1.204325
0.699126 1.207873
0.700425 1.211517
0.701480 1.214838
0.702662 1.218305
0.703879 1.221918
0.705172 1.225693
0.548533 0.553372
0.561160 0.565957
0.573277 0.579011
0.584665 0.592435
0.595473 0.606359
0.605499 0.620581
0.614940 0.635202
0.623643 0.649861
0.631922 0.664919
0.639578 0.679845
0.387572 0.246695
0.389857 0.259698
0.392049 0.271815
0.394229 0.283129
0.396542 0.293870
0.399164 0.304291
0.402401 0.314784
0.406296 0.325184
0.411119 0.335667
0.416919 0.346117
0.241949 0.420290
0.241444 0.420706
0.240920 0.421022
0.240140 0.419532
0.239743 0.420770
0.238911 0.418319
0.238411 0.418603
0.237742 0.417141
0.237130 0.416033
0.236584 0.415736
0.343437 0.717728
0.351268 0.737115
0.360556 0.756149
0.371484 0.774835
0.384268 0.793112
0.398790 0.810556
0.415371 0.827335
0.433599 0.842940
0.453375 0.857464
0.474430 0.870993
0.866587 0.876899
0.864208 0.902595
0.861287 0.928488
0.857698 0.954964
0.853772 0.979336
0.849621 1.001666
0.845224 1.022457
0.841239 1.038700
0.836835 1.054978
0.832393 1.069705
0.267797 0.410531
0.266371 0.415220
0.264776 0.420525
0.262961 0.427507
0.260856 0.436243
0.258303 0.447773
0.255192 0.462571
0.251377 0.481218
0.246995 0.503176
0.242459 0.527017
0.770301 1.171399
0.769477 1.172556
0.769013 1.172471
0.768563 1.172390
0.767400 1.174689
0.766739 1.175378
0.766030 1.176230
0.765162 1.177747
0.764286 1.179346
0.764083 1.178470
0.354555 0.079342
0.354555 0.079342
0.354555 0.079342
0.354555 0.079342
0.354555 0.079342
0.354555 0.079342
0.354555 0.079342
0.354555 0.079342
0.354555 0.079342
0.354555 0.079342
0.789109 1.037044
0.787957 1.040678
0.786821 1.043985
0.785453 1.048439
0.784178 1.052543
0.783102 1.055532
0.781976 1.058831
0.780976 1.061664
0.779934 1.064473
0.778803 1.067793
0.287107 0.610328
0.286934 0.618778
0.286891 0.627125
0.286997 0.635520
0.287272 0.643782
0.287712 0.652148
0.288292 0.660413
0.289040 0.668531
0.289956 0.676431
0.291043 0.684563
0.316851 0.113735
0.316851 0.113735
0.316851 0.113735
0.316851 0.113735
0.316851 0.113735
0.316851 0.113735
0.316851 0.113735
0.316851 0.113735
0.316851 0.113735
0.316851 0.113735
0.731187 1.203708
0.731187 1.203708
0.731187 1.203708
0.731187 1.203708
0.731187 1.203708
0.731187 1.203708
0.731187 1.203708
0.731187 1.203708
0.731187 1.203708
0.731187 1.203708
0.373956 0.052995
0.373956 0.052995
0.373956 0.052995
0.373956 0.052995
0.373956 0.052995
0.373956 0.052995
0.373956 0.052995
0.373956 0.052995
0.373956 0.052995
0.373956 0.052995
0.285718 0.456224
0.284991 0.460006
0.284188 0.464601
0.283405 0.468590
0.282519 0.473504
0.281662 0.477885
0.280705 0.483098
0.279797 0.487701
0.278797 0.493064
0.277846 0.497922
0.313512 0.289626
0.316238 0.306895
0.318990 0.324199
0.321695 0.341695
0.324075 0.358969
0.325871 0.375520
0.327146 0.391975
0.327911 0.408813
0.328163 0.426451
0.327870 0.444899
0.141358 0.373125
0.140708 0.368399
0.140553 0.366536
0.140807 0.367567
0.140969 0.367741
0.141240 0.368411
0.141957 0.373081
0.142884 0.379530
0.143579 0.384027
0.144423 0.389528
0.745423 1.215205
0.745423 1.215205
0.745423 1.215205
0.745423 1.215205
0.745423 1.215205
0.745423 1.215205
0.745423 1.215205
0.745423 1.215205
0.745423 1.215205
0.745423 1.215205
0.401930 -0.001289
0.401930 -0.001289
0.401930 -0.001289
0.401930 -0.001289
0.401930 -0.001289
0.401930 -0.001289
0.401930 -0.001289
0.401930 -0.001289
0.401930 -0.001289
0.401930 -0.001289
0.383705 0.320413
0.388059 0.336051
0.393329 0.351557
0.399445 0.366497
0.407119 0.381709
0.416747 0.397250
0.428041 0.412479
0.440925 0.427259
0.455865 0.441993
0.472494 0.456501
0.306816 0.120008
0.306816 0.120008
0.306816 0.120008
0.306816 0.120008
0.306816 0.120008
0.306816 0.120008
0.306816 0.120008
0.306816 0.120008
0.306816 0.120008
0.306816 0.120008
0.673581 1.205326
0.676636 1.208317
0.680128 1.211659
0.683058 1.214808
0.684384 1.217028
0.687042 1.220173
0.688988 1.222922
0.689871 1.224890
0.692055 1.227933
0.694068 1.230906
0.215981 0.373405
0.217906 0.380821
0.219303 0.386769
0.220284 0.391600
0.222312 0.399190
0.222521 0.401954
0.224141 0.408543
0.224696 0.412264
0.225321 0.416221
0.226257 0.421146
0.395551 0.013307
0.395551 0.013307
0.395551 0.013307
0.395551 0.013307
0.395551 0.013307
0.395551 0.013307
0.395551 0.013307
0.395551 0.013307
0.395551 0.013307
0.395551 0.013307
0.677435 1.159986
0.681874 1.166342
0.685057 1.171849
0.687327 1.176623
0.689918 1.181890
0.692601 1.187299
0.695179 1.192823
0.696787 1.197298
0.698582 1.202015
0.700327 1.206683
0.409332 0.683064
0.415908 0.695619
0.423022 0.708079
0.430753 0.720464
0.439024 0.732549
0.448039 0.744568
0.457688 0.756314
0.467880 0.767678
0.478755 0.778837
0.490155 0.789656
0.723474 1.175615
0.723523 1.179959
0.723456 1.183434
0.723521 1.187541
0.723567 1.191357
0.723667 1.195445
0.723678 1.198792
0.723721 1.202194
0.723876 1.206072
0.723899 1.209139
0.225837 0.433128
0.222760 0.426094
0.219802 0.416637
0.217385 0.408138
0.215539 0.403474
0.214007 0.404723
0.212454 0.411609
0.210427 0.426719
0.207518 0.450517
0.203546 0.482609
0.607162 0.677727
0.613316 0.688342
0.619402 0.699146
0.625284 0.709882
0.631064 0.720623
0.636639 0.731217
0.642051 0.741672
0.647293 0.752040
0.652403 0.762446
0.657308 0.772674
0.701722 0.786127
0.707416 0.809352
0.712141 0.832441
0.715952 0.855707
0.718796 0.878971
0.720711 0.901740
0.721907 0.924396
0.722455 0.946263
0.722571 0.967582
0.722323 0.987516
0.675926 0.733161
0.682053 0.749896
0.687744 0.766514
0.692975 0.783014
0.697710 0.799261
0.701951 0.815397
0.705664 0.831304
0.708907 0.847341
0.711634 0.863297
0.713859 0.879030
0.300019 0.123673
0.300019 0.123673
0.300019 0.123673
0.300019 0.123673
0.300019 0.123673
0.300019 0.123673
0.300019 0.123673
0.300019 0.123673
0.300019 0.123673
0.300019 0.123673
0.812998 0.664007
0.815629 0.680418
0.817761 0.696986
0.819443 0.713762
0.820701 0.731350
0.821508 0.748190
0.821919 0.765179
0.821973 0.781184
0.821594 0.799919
0.820925 0.816722
0.055179 0.363545
0.060045 0.376061
0.068203 0.399896
0.079007 0.427766
0.089402 0.450787
0.101141 0.476622
0.111288 0.503171
0.119033 0.537543
0.123127 0.584880
0.124188 0.637261
0.671797 1.228060
0.675565 1.230851
0.679358 1.233756
0.682052 1.236267
0.684158 1.238610
0.686338 1.240971
0.688824 1.243597
0.690296 1.245668
0.691240 1.247365
0.693268 1.249923
0.871340 1.091383
0.870061 1.096002
0.868544 1.101359
0.866741 1.107225
0.864981 1.112776
0.863521 1.117148
0.861941 1.121693
0.859936 1.127241
0.858638 1.130726
0.857202 1.134290
0.756835 1.124813
0.756749 1.123356
0.755821 1.127483
0.755452 1.127996
0.754917 1.129576
0.754551 1.130047
0.753949 1.132275
0.753853 1.130783
0.753160 1.133839
0.752785 1.134484
0.322230 0.109924
0.322230 0.109924
0.322230 0.109924
0.322230 0.109924
0.322230 0.109924
0.322230 0.109924
0.322230 0.109924
0.322230 0.109924
0.322230 0.109924
0.322230 0.109924
0.020672 0.352586
0.023429 0.352472
0.029861 0.372613
0.040629 0.405298
0.053278 0.435644
0.067256 0.463285
0.082300 0.488511
0.095447 0.509433
0.106619 0.536173
0.113648 0.578371
0.712646 0.491529
0.727814 0.512706
0.741171 0.534349
0.752723 0.556136
0.762761 0.578350
0.771086 0.599939
0.778112 0.621534
0.784020 0.643445
0.788791 0.665059
0.792532 0.685956
0.704668 1.220562
0.705488 1.223106
0.706082 1.225285
0.706774 1.227633
0.707429 1.229925
0.707893 1.231884
0.708266 1.233687
0.708751 1.235675
0.709274 1.237742
0.709480 1.239209
0.835482 0.645828
0.839739 0.671986
0.842844 0.699070
0.844864 0.727216
0.845852 0.755409
0.845903 0.784345
0.844946 0.814855
0.842958 0.846848
0.839864 0.879973
0.835685 0.913307
0.595557 0.613048
0.608028 0.631425
0.619456 0.650118
0.629995 0.669122
0.639758 0.688164
0.648884 0.707250
0.657401 0.726033
0.665351 0.744488
0.672756 0.762703
0.679622 0.780726
0.643971 1.057704
0.653218 1.067719
0.661182 1.077714
0.668455 1.088030
0.674186 1.097482
0.679112 1.106690
0.683186 1.115389
0.687359 1.124520
0.690603 1.132840
0.692625 1.139516
0.667647 1.196487
0.672539 1.200555
0.676557 1.204427
0.679897 1.208074
0.683281 1.211947
0.685652 1.215167
0.687960 1.218492
0.689997 1.221672
0.692289 1.225168
0.694287 1.228552
0.282476 0.482208
0.278984 0.500514
0.275323 0.520170
0.271714 0.540904
0.268369 0.562596
0.265544 0.584821
0.263498 0.606412
0.262323 0.627905
0.262021 0.648667
0.262683 0.669138
0.664714 1.189679
0.669760 1.193922
0.674347 1.198159
0.678050 1.202152
0.681844 1.206276
0.685048 1.210224
0.687520 1.213820
0.689829 1.217434
0.691963 1.220883
0.694236 1.224607
0.759965 1.152992
0.759201 1.154438
0.758796 1.154081
0.757868 1.156717
0.757043 1.158788
0.756044 1.162097
0.755354 1.163709
0.754653 1.165542
0.754192 1.165819
0.753629 1.166890
0.409707 0.421891
0.418894 0.436459
0.429206 0.450778
0.440604 0.464845
0.453020 0.478627
0.466395 0.492219
0.480510 0.505682
0.495287 0.519196
0.510334 0.532848
0.525440 0.546815
0.204198 0.399760
0.203624 0.403791
0.202980 0.409655
0.202219 0.417510
0.201332 0.426854
0.200274 0.438040
0.199025 0.450974
0.197571 0.465420
0.195953 0.481252
0.194147 0.498403
0.711046 1.168720
0.711845 1.174495
0.712489 1.179788
0.713152 1.184929
0.713726 1.189781
0.714243 1.194378
0.714709 1.198733
0.715189 1.203052
0.715629 1.207237
0.716078 1.211251
0.731771 1.153816
0.731361 1.156786
0.730994 1.159864
0.730785 1.164511
0.730537 1.168366
0.730169 1.170557
0.729992 1.174511
0.729772 1.177732
0.729554 1.180794
0.729352 1.183735
0.724136 1.135104
0.724070 1.138059
0.723986 1.140779
0.723939 1.143759
0.723813 1.145903
0.723656 1.147867
0.723567 1.150303
0.723561 1.153057
0.723513 1.155536
0.723473 1.157994
0.569477 0.360229
0.595203 0.376294
0.620290 0.393138
0.644358 0.410971
0.666527 0.429454
0.686857 0.448759
0.705431 0.468949
0.722019 0.489687
0.736747 0.510889
0.749665 0.532381
0.162823 0.745228
0.168478 0.787292
0.176246 0.825166
0.186412 0.861172
0.199032 0.895367
0.214722 0.929044
0.233912 0.962323
0.256707 0.994660
0.283303 1.025601
0.313326 1.053890
0.179053 0.121063
0.179053 0.121063
0.179053 0.121063
0.179053 0.121063
0.179053 0.121063
0.179053 0.121063
0.179053 0.121063
0.179053 0.121063
0.179053 0.121063
0.179053 0.121063
0.268002 0.519366
0.264042 0.541287
0.260411 0.564010
0.257346 0.587374
0.255121 0.610282
0.253850 0.632964
0.253614 0.654811
0.254394 0.676388
0.256163 0.697259
0.258988 0.717897
0.352518 0.081713
0.352518 0.081713
0.352518 0.081713
0.352518 0.081713
0.352518 0.081713
0.352518 0.081713
0.352518 0.081713
0.352518 0.081713
0.352518 0.081713
0.352518 0.081713
0.710934 1.282186
0.710934 1.282186
0.710934 1.282186
0.710934 1.282186
0.710934 1.282186
0.710934 1.282186
0.710934 1.282186
0.710934 1.282186
0.710934 1.282186
0.710934 1.282186
0.747901 1.220865
0.747901 1.220865
0.747901 1.220865
0.747901 1.220865
0.747901 1.220865
0.747901 1.220865
0.747901 1.220865
0.747901 1.220865
0.747901 1.220865
0.747901 1.220865
0.067001 0.469463
0.048723 0.415034
0.040195 0.374493
0.038694 0.354149
0.041546 0.355389
0.047657 0.372716
0.057418 0.401021
0.070288 0.432526
0.084281 0.461373
0.097963 0.487704
0.887915 0.768470
0.887348 0.817637
0.885477 0.862292
0.881314 0.917949
0.875153 0.972518
0.868212 1.016946
0.861054 1.051846
0.853598 1.080476
0.846414 1.102931
0.838802 1.122930
0.703040 1.190863
0.703822 1.194325
0.704862 1.198275
0.705800 1.202039
0.706893 1.206127
0.707633 1.209513
0.708460 1.213070
0.709275 1.216592
0.709682 1.219267
0.710357 1.222477
0.243318 0.645149
0.243375 0.666622
0.244411 0.687692
0.246400 0.707985
0.249377 0.728504
0.253327 0.748475
0.258212 0.767901
0.264153 0.787309
0.271270 0.806719
0.279488 0.825648
0.692693 1.176679
0.694658 1.181377
0.696359 1.185917
0.697865 1.190139
0.699358 1.194443
0.700720 1.198600
0.701876 1.202468
0.702868 1.206084
0.703865 1.209774
0.705232 1.214016
0.323391 0.511714
0.322146 0.532452
0.321228 0.553664
0.320842 0.574862
0.321155 0.595822
0.322271 0.616624
0.324313 0.637046
0.327336 0.657258
0.331438 0.677400
0.336685 0.697288
0.637701 0.444126
0.656696 0.460244
0.674219 0.477182
0.690296 0.494969
0.704672 0.513216
0.717529 0.531942
0.728869 0.550982
0.738775 0.570157
0.747516 0.589763
0.754876 0.608827
0.738684 0.511531
0.749721 0.529863
0.759558 0.548403
0.768147 0.566733
0.775785 0.585432
0.782469 0.604383
0.788132 0.622941
0.792935 0.641446
0.796962 0.659879
0.800213 0.677698
0.385575 0.629026
0.391105 0.644296
0.397251 0.659581
0.403977 0.674644
0.411403 0.689678
0.419585 0.704606
0.428525 0.719262
0.438335 0.733694
0.449169 0.747962
0.460807 0.761727
0.779168 0.955809
0.774243 0.979586
0.769613 0.999231
0.764857 1.019242
0.760467 1.037054
0.756482 1.053139
0.753141 1.064964
0.749890 1.078731
0.746932 1.092758
0.744523 1.103133
0.410083 0.358597
0.417094 0.369954
0.425359 0.381362
0.434541 0.392325
0.445001 0.403222
0.457374 0.414426
0.470930 0.425448
0.485118 0.436026
0.500301 0.446641
0.516368 0.457420
0.524668 1.128234
0.544187 1.132312
0.562118 1.136191
0.578914 1.140148
0.593518 1.144072
0.607116 1.148261
0.618678 1.152438
0.629054 1.156753
0.638029 1.161078
0.646102 1.165466
0.719058 1.169454
0.719214 1.173436
0.719329 1.177123
0.719595 1.181446
0.719681 1.184788
0.719910 1.188618
0.720014 1.191858
0.720173 1.195259
0.720390 1.198840
0.720587 1.202261
0.415189 0.405993
0.426407 0.421686
0.439766 0.437437
0.454499 0.452590
0.470650 0.467388
0.488448 0.482259
0.506828 0.496965
0.525698 0.511943
0.544616 0.527460
0.562874 0.543560
0.728240 1.205490
0.728240 1.205490
0.728240 1.205490
0.728240 1.205490
0.728240 1.205490
0.728240 1.205490
0.728240 1.205490
0.728240 1.205490
0.728240 1.205490
0.728240 1.205490
0.535019 0.470894
0.551347 0.482006
0.567187 0.493384
0.582688 0.505297
0.597546 0.517718
0.611489 0.530692
0.624621 0.544258
0.636616 0.558270
0.647761 0.572892
0.657803 0.587841
0.865593 0.785400
0.864106 0.832056
0.860190 0.885014
0.854532 0.934172
0.846929 0.981458
0.838850 1.019782
0.829766 1.054066
0.821773 1.078365
0.813650 1.099501
0.806879 1.114511
0.588380 1.125005
0.606660 1.131068
0.621739 1.137151
0.635218 1.143718
0.645937 1.150127
0.655490 1.156766
0.663762 1.163463
0.669959 1.169556
0.675740 1.175819
0.679451 1.180981
0.150141 0.235790
0.151026 0.259047
0.153040 0.282486
0.156085 0.305568
0.159829 0.327317
0.163953 0.347324
0.168497 0.366369
0.173240 0.384270
0.178113 0.401264
0.183186 0.417935
0.691745 1.020510
0.694342 1.032098
0.696621 1.043310
0.698725 1.054252
0.700595 1.064808
0.702238 1.074871
0.703723 1.084542
0.705011 1.093654
0.706169 1.102396
0.707292 1.110850
0.720006 1.177726
0.720148 1.181423
0.720371 1.185408
0.720410 1.188497
0.720535 1.191835
0.720713 1.195328
0.720888 1.198657
0.721017 1.201769
0.721149 1.204813
0.721305 1.207910
0.805341 0.968042
0.799214 0.994333
0.793535 1.015556
0.788428 1.032187
0.783080 1.049307
0.778510 1.062294
0.773524 1.077460
0.770493 1.083724
0.766445 1.095636
0.762770 1.106585
0.181610 0.398419
0.179132 0.386239
0.178012 0.382930
0.177672 0.388398
0.177690 0.407922
0.177431 0.437861
0.176433 0.474596
0.173965 0.523033
0.170680 0.574846
0.168061 0.626061
0.779466 0.580746
0.785157 0.596323
0.790178 0.611849
0.794672 0.627835
0.798525 0.643505
0.801798 0.658911
0.804546 0.674023
0.806859 0.689265
0.808763 0.704589
0.810256 0.719897
0.775829 0.989418
0.771767 1.005762
0.767619 1.022612
0.764094 1.035241
0.760393 1.049796
0.757180 1.061883
0.754503 1.070333
0.751439 1.084644
0.748848 1.096485
0.747027 1.101107
0.161944 0.374761
0.162120 0.377652
0.162535 0.383793
0.163005 0.391141
0.163595 0.400999
0.164263 0.413382
0.164918 0.428141
0.165507 0.446117
0.165835 0.466747
0.165777 0.489935
0.679910 1.187763
0.683119 1.191959
0.685672 1.195774
0.687258 1.198912
0.689010 1.202268
0.690813 1.205658
0.693217 1.209738
0.695327 1.213572
0.696784 1.216842
0.698465 1.220417
0.663950 1.041402
0.670483 1.052950
0.676257 1.064334
0.680902 1.074967
0.685092 1.085538
0.688999 1.096083
0.691931 1.105375
0.694233 1.113863
0.696633 1.122566
0.698928 1.131269
0.266824 0.135413
0.266824 0.135413
0.266824 0.135413
0.266824 0.135413
0.266824 0.135413
0.266824 0.135413
0.266824 0.135413
0.266824 0.135413
0.266824 0.135413
0.266824 0.135413
0.688812 0.951260
0.691201 0.961245
0.693382 0.971177
0.695328 0.980918
0.697118 0.990591
0.698702 0.999997
0.700144 1.009236
0.701469 1.018311
0.702688 1.027206
0.703792 1.035846
0.377048 0.174383
0.379769 0.190082
0.382590 0.206423
0.385377 0.222837
0.387874 0.238243
0.390327 0.253131
0.392935 0.267770
0.395776 0.281949
0.398760 0.295025
0.401819 0.306730
0.428255 0.261337
0.430534 0.267060
0.433621 0.273172
0.438040 0.280099
0.445217 0.288924
0.454028 0.298110
0.464484 0.307571
0.478435 0.318361
0.493794 0.329056
0.510514 0.339800
0.312246 0.701652
0.317186 0.720150
0.323249 0.738545
0.330501 0.756756
0.339032 0.774657
0.348981 0.792247
0.360540 0.809520
0.373619 0.826094
0.388525 0.842140
0.405098 0.857272
0.720481 0.909921
0.720676 0.913513
0.720912 0.917399
0.721022 0.920735
0.721241 0.924745
0.721325 0.928056
0.721482 0.931864
0.721562 0.935252
0.721682 0.939027
0.721764 0.942602
0.129209 0.363173
0.130687 0.368933
0.133165 0.381638
0.136480 0.400259
0.140548 0.425197
0.144833 0.457467
0.148097 0.497078
0.149239 0.541237
0.148661 0.589746
0.147768 0.637273
0.796058 0.873434
0.793292 0.895938
0.789874 0.919031
0.786112 0.940807
0.782075 0.961754
0.778005 0.980621
0.774179 0.996274
0.770210 1.012586
0.766482 1.027207
0.762927 1.040749
0.663014 1.016061
0.668305 1.025888
0.673191 1.035829
0.677670 1.045763
0.681459 1.055200
0.684761 1.064274
0.687759 1.073174
0.690547 1.081980
0.693037 1.090483
0.695041 1.098292
0.641726 0.506765
0.655106 0.520820
0.667270 0.535272
0.678450 0.550281
0.688493 0.565592
0.697634 0.581392
0.705648 0.597015
0.712930 0.613164
0.719198 0.628832
0.724921 0.645023
-0.111235 0.250581
-0.116751 0.298845
-0.114702 0.380041
-0.093948 0.484317
-0.062374 0.578662
-0.035785 0.642794
-0.013642 0.693117
0.003085 0.735972
0.015567 0.775719
0.023917 0.812188
0.600464 0.976347
0.617665 0.989352
0.632313 1.002722
0.644983 1.016431
0.655381 1.029958
0.664364 1.043624
0.671796 1.056892
0.678061 1.069799
0.683347 1.082242
0.687473 1.093618
0.701933 0.666892
0.707294 0.683209
0.712068 0.699250
0.716337 0.714934
0.720165 0.730521
0.723646 0.745996
0.726707 0.761312
0.729435 0.776590
0.731793 0.791739
0.733764 0.806579
0.143329 0.550252
0.134796 0.529191
0.122478 0.501616
0.106971 0.465535
0.091941 0.423741
0.082059 0.386213
0.078242 0.361947
0.078901 0.354869
0.082681 0.363756
0.089246 0.384686
0.418919 0.229264
0.420544 0.238788
0.421568 0.246079
0.422329 0.252127
0.423252 0.257980
0.424351 0.263476
0.425701 0.268794
0.427586 0.274317
0.430801 0.280952
0.436293 0.289289
0.532321 0.276927
0.560378 0.297179
0.590402 0.318292
0.620856 0.340254
0.650346 0.362914
0.677516 0.385867
0.702327 0.409506
0.725043 0.434171
0.745106 0.459139
0.762724 0.484342
0.367705 0.062290
0.367705 0.062290
0.367705 0.062290
0.367705 0.062290
0.367705 0.062290
0.367705 0.062290
0.367705 0.062290
0.367705 0.062290
0.367705 0.062290
0.367705 0.062290
0.698301 1.260461
0.699308 1.261968
0.699979 1.263258
0.700218 1.264239
0.700817 1.265471
0.701590 1.266817
0.702315 1.268188
0.703223 1.269799
0.703964 1.271163
0.704519 1.272407
0.271463 0.679203
0.273346 0.695566
0.275991 0.712263
0.279311 0.728460
0.283352 0.744567
0.288179 0.760528
0.293819 0.776422
0.300204 0.791850
0.307683 0.807566
0.316055 0.822814
0.192707 0.162642
0.191476 0.173065
0.190476 0.183792
0.189736 0.195141
0.189377 0.208098
0.189406 0.221470
0.189799 0.234850
0.190361 0.247101
0.191161 0.259043
0.192185 0.270719
0.585482 1.051181
0.601917 1.058854
0.616728 1.066901
0.629258 1.075080
0.639876 1.083313
0.649106 1.091526
0.657092 1.099761
0.664617 1.108459
0.670361 1.116302
0.675641 1.124173
0.350394 0.084114
0.350394 0.084114
0.350394 0.084114
0.350394 0.084114
0.350394 0.084114
0.350394 0.084114
0.350394 0.084114
0.350394 0.084114
0.350900 0.086730
0.351820 0.092102
0.738744 1.143370
0.738055 1.147270
0.737410 1.151125
0.736790 1.154227
0.736204 1.157396
0.735705 1.162293
0.735093 1.162971
0.734745 1.169272
0.734306 1.172609
0.733832 1.174636
0.640747 1.019128
0.643396 1.021997
0.645524 1.024557
0.647935 1.027337
0.649991 1.029921
0.652010 1.032571
0.654014 1.035186
0.655985 1.037871
0.657799 1.040504
0.659685 1.043181
0.375907 0.049918
0.375907 0.049918
0.375907 0.049918
0.375907 0.049918
0.375907 0.049918
0.375907 0.049918
0.375907 0.049918
0.375907 0.049918
0.375907 0.049918
0.375907 0.049918
0.885443 0.670329
0.888733 0.713526
0.890203 0.765204
0.889593 0.820609
0.886982 0.876895
0.881849 0.938368
0.874890 0.993652
0.866538 1.040908
0.857645 1.077925
0.849703 1.103459
0.860445 0.826111
0.857955 0.864128
0.854052 0.903682
0.848922 0.942400
0.843016 0.977380
0.836878 1.007075
0.830379 1.033184
0.823690 1.056349
0.817032 1.076133
0.811230 1.091195
0.403801 0.222346
0.405855 0.234332
0.407612 0.245018
0.409194 0.254617
0.410965 0.264055
0.412739 0.272579
0.414565 0.280261
0.416374 0.287079
0.418855 0.294194
0.422482 0.302058
0.290163 0.495416
0.287968 0.508040
0.285617 0.522321
0.283367 0.536484
0.281300 0.550167
0.279361 0.564666
0.277670 0.579535
0.276332 0.593626
0.275355 0.607731
0.274733 0.622103
0.626214 0.518172
0.640410 0.532883
0.653309 0.548133
0.665105 0.564065
0.675664 0.580347
0.685073 0.596939
0.693413 0.613671
0.700883 0.630729
0.707400 0.647590
0.713222 0.664524
0.821632 0.757535
0.821838 0.777673
0.821397 0.800719
0.820330 0.824094
0.818688 0.846907
0.816502 0.869307
0.813658 0.892552
0.810474 0.913884
0.806689 0.936182
0.802648 0.956785
0.140924 0.129591
0.131489 0.177028
0.127163 0.233500
0.131336 0.301769
0.143299 0.364785
0.158190 0.416834
0.173362 0.461704
0.182465 0.491980
0.184336 0.505384
0.182790 0.508016
0.428790 0.118275
0.432872 0.131565
0.435923 0.142953
0.439023 0.155005
0.442095 0.167457
0.443943 0.176683
0.446416 0.187822
0.447666 0.195274
0.448548 0.201462
0.449290 0.206910
0.816654 0.898655
0.812436 0.925812
0.807583 0.951836
0.802605 0.974849
0.797492 0.995911
0.792186 1.015748
0.787679 1.030505
0.782819 1.046253
0.778590 1.058779
0.774901 1.068751
0.739158 1.206015
0.739158 1.206015
0.739158 1.206015
0.739158 1.206015
0.739158 1.206015
0.739158 1.206015
0.739158 1.206015
0.739158 1.206015
0.739158 1.206015
0.739158 1.206015
0.833251 0.973019
0.829347 0.991450
0.824769 1.011067
0.820646 1.026767
0.816301 1.041826
0.811905 1.055706
0.808168 1.066394
0.804081 1.077633
0.800764 1.085772
0.797805 1.092451
0.714027 1.149436
0.714550 1.155504
0.715008 1.161248
0.715432 1.166723
0.715850 1.172037
0.716246 1.177138
0.716615 1.182011
0.716936 1.186652
0.717289 1.191226
0.717622 1.195619
0.709978 1.212136
0.710775 1.215874
0.711106 1.218489
0.711572 1.221309
0.712333 1.224943
0.712576 1.227257
0.712992 1.229887
0.713280 1.232227
0.713802 1.235219
0.714047 1.237325
0.052755 0.353319
0.055504 0.357967
0.058504 0.362671
0.065370 0.384872
0.072888 0.405347
0.082703 0.430108
0.093562 0.454989
0.103754 0.478027
0.113309 0.505115
0.120235 0.538672
0.735526 1.203704
0.735526 1.203704
0.735526 1.203704
0.735526 1.203704
0.735526 1.203704
0.735526 1.203704
0.735526 1.203704
0.735526 1.203704
0.735526 1.203704
0.735526 1.203704
0.736826 0.874461
0.737052 0.893247
0.736838 0.911488
0.736274 0.929778
0.735457 0.947909
0.734419 0.965020
0.733204 0.980838
0.732020 0.996848
0.730840 1.012049
0.729669 1.025896
0.819373 0.659635
0.822754 0.681234
0.825333 0.703485
0.827134 0.725893
0.828202 0.748447
0.828603 0.769944
0.828393 0.792257
0.827444 0.816803
0.825792 0.842332
0.823419 0.867640
0.262884 0.311205
0.263818 0.316316
0.264737 0.321315
0.265461 0.325704
0.266591 0.331241
0.267083 0.334894
0.268333 0.340745
0.268565 0.343609
0.269845 0.349567
0.270132 0.352578
0.685790 1.213645
0.687104 1.216138
0.688706 1.218847
0.690813 1.222045
0.693085 1.225441
0.695098 1.228695
0.696262 1.231179
0.697679 1.233984
0.698897 1.236633
0.699995 1.239185
0.284071 0.882431
0.286163 0.885670
0.288675 0.889522
0.291249 0.893335
0.293643 0.896748
0.296437 0.900681
0.299255 0.904497
0.301833 0.907847
0.304714 0.911534
0.307558 0.915050
0.476135 0.169084
0.473795 0.166143
0.470427 0.161091
0.466718 0.155803
0.463160 0.151461
0.460356 0.149000
0.459068 0.149410
0.459992 0.153225
0.463273 0.160038
0.469754 0.170281
0.662991 1.010290
0.664659 1.013241
0.666221 1.016159
0.667729 1.019101
0.669181 1.021950
0.670652 1.024910
0.671998 1.027759
0.673291 1.030622
0.674561 1.033417
0.675906 1.036399
0.784574 0.519833
0.796387 0.543882
0.806246 0.567176
0.814641 0.590658
0.821772 0.614990
0.827522 0.639424
0.831964 0.663357
0.835386 0.688390
0.837801 0.714018
0.839251 0.741000
0.285050 0.884299
0.296248 0.900736
0.308630 0.916642
0.322525 0.932238
0.337603 0.946922
0.353934 0.960706
0.371960 0.973826
0.390495 0.985368
0.409991 0.995790
0.429694 1.004852
0.303721 1.061231
0.326474 1.079617
0.351069 1.096362
0.375388 1.110052
0.400537 1.121767
0.425039 1.131170
0.448435 1.138638
0.471476 1.144873
0.494295 1.150223
0.514447 1.154427
0.485132 0.156224
0.482318 0.151486
0.479935 0.147950
0.475907 0.141200
0.472356 0.135925
0.468818 0.131214
0.465763 0.127894
0.464316 0.127588
0.463491 0.128560
0.465554 0.133641
0.253871 0.484374
0.250235 0.502828
0.246981 0.519109
0.243370 0.539009
0.240214 0.557769
0.237256 0.578033
0.234889 0.597542
0.233096 0.616989
0.231910 0.636324
0.231423 0.654790
0.275735 0.398203
0.274829 0.405764
0.273475 0.412152
0.271841 0.418187
0.269995 0.425359
0.267816 0.434936
0.265124 0.447519
0.261752 0.463704
0.257679 0.483394
0.253086 0.506042
0.803878 0.864869
0.800957 0.889825
0.797299 0.914909
0.793209 0.938477
0.788767 0.960966
0.784383 0.980379
0.779846 0.999357
0.775728 1.014470
0.771451 1.030465
0.767762 1.042866
0.239784 0.468513
0.235768 0.489321
0.231515 0.512073
0.227166 0.537180
0.222914 0.564915
0.219456 0.592353
0.216995 0.618959
0.215595 0.644713
0.215295 0.669435
0.216106 0.693570
0.700135 1.232967
0.700906 1.235079
0.701915 1.237494
0.702729 1.239690
0.704006 1.242557
0.704756 1.244653
0.705452 1.246744
0.706317 1.249074
0.706688 1.250778
0.707613 1.253205
0.352087 0.082206
0.352087 0.082206
0.352087 0.082206
0.352087 0.082206
0.352087 0.082206
0.352087 0.082206
0.352087 0.082206
0.352087 0.082206
0.352087 0.082206
0.352087 0.082206
0.705253 1.266170
0.706285 1.268063
0.706854 1.269518
0.706663 1.270121
0.707151 1.271481
0.708063 1.273304
0.708297 1.274356
0.708276 1.275063
0.708865 1.276621
0.709015 1.277480
0.805424 0.587894
0.812582 0.611053
0.818421 0.634058
0.823031 0.656459
0.826680 0.679670
0.829401 0.703421
0.831246 0.727830
0.832253 0.752129
0.832493 0.777512
0.831983 0.802429
0.379950 0.043254
0.379950 0.043254
0.379950 0.043254
0.379950 0.043254
0.379950 0.043254
0.379950 0.043254
0.379950 0.043254
0.379950 0.043254
0.379950 0.043254
0.379950 0.043254
0.369910 0.626690
0.375129 0.644341
0.381174 0.661929
0.388069 0.679390
0.395890 0.696680
0.404766 0.713828
0.414746 0.730638
0.425964 0.747099
0.438551 0.763183
0.452394 0.778675
0.734213 1.135514
0.733535 1.139735
0.732900 1.143683
0.732320 1.147981
0.731787 1.152320
0.731317 1.156808
0.730881 1.161045
0.730372 1.164020
0.730269 1.171106
0.729849 1.174008
0.335857 0.098745
0.335857 0.098745
0.335857 0.098745
0.335857 0.098745
0.335857 0.098745
0.335857 0.098745
0.335857 0.098745
0.335857 0.098745
0.335857 0.098745
0.335857 0.098745
0.484605 0.030951
0.483605 0.031711
0.485141 0.036438
0.488341 0.043861
0.493781 0.054831
0.502225 0.070407
0.512395 0.088718
0.524115 0.108913
0.539019 0.132529
0.556411 0.157502
0.742415 1.048623
0.740531 1.061356
0.738847 1.073876
0.737348 1.084834
0.736008 1.093586
0.734797 1.101695
0.733687 1.109144
0.732686 1.116394
0.731864 1.124538
0.731180 1.132970
0.225952 0.420254
0.225298 0.419348
0.224429 0.415652
0.223792 0.414196
0.223131 0.412324
0.222442 0.409191
0.221936 0.409026
0.221370 0.406890
0.220863 0.405538
0.220392 0.406492
0.224169 0.408119
0.222779 0.411531
0.221129 0.420224
0.218840 0.435505
0.215874 0.455786
0.212243 0.480630
0.208280 0.507879
0.204113 0.538258
0.200177 0.570665
0.196995 0.603141
0.738056 1.159704
0.737431 1.161780
0.736953 1.169394
0.736367 1.170046
0.735927 1.175073
0.735397 1.176321
0.734980 1.179988
0.734665 1.185107
0.734354 1.189633
0.733923 1.190990
0.384850 0.070880
0.388237 0.081702
0.391692 0.093128
0.395211 0.105210
0.398693 0.117831
0.402151 0.131024
0.405648 0.145000
0.408938 0.159134
0.412043 0.173385
0.414945 0.187550
0.412505 0.764901
0.423321 0.778351
0.435196 0.791423
0.447960 0.803922
0.461644 0.815918
0.476072 0.827353
0.491139 0.838326
0.506581 0.848837
0.521989 0.858868
0.537199 0.868604
0.812512 0.603892
0.817476 0.621919
0.821708 0.640104
0.825239 0.658349
0.828086 0.676263
0.830380 0.694879
0.832134 0.713647
0.833372 0.733557
0.834062 0.752930
0.834305 0.771387
0.856816 0.883229
0.852565 0.920783
0.847313 0.956719
0.841482 0.988924
0.835430 1.016486
0.829370 1.039757
0.823460 1.059400
0.817264 1.077676
0.811583 1.092480
0.806114 1.105419
0.304726 0.121184
0.304726 0.121184
0.304726 0.121184
0.304726 0.121184
0.304726 0.121184
0.304726 0.121184
0.304726 0.121184
0.304708 0.124303
0.304905 0.135509
0.305259 0.147159
0.689534 1.220999
0.691941 1.224548
0.693969 1.227875
0.695791 1.231155
0.697416 1.234257
0.698913 1.237234
0.699973 1.239849
0.700970 1.242409
0.702372 1.245517
0.703698 1.248532
0.646312 0.599048
0.653548 0.611094
0.660200 0.623175
0.666339 0.635287
0.672165 0.647819
0.677474 0.660180
0.682372 0.672427
0.687028 0.684887
0.691302 0.697039
0.695318 0.709213
0.646509 1.190048
0.653564 1.193868
0.660184 1.197763
0.665979 1.201652
0.670406 1.205169
0.674577 1.208744
0.678223 1.212202
0.681717 1.215775
0.685048 1.219294
0.687360 1.222345
0.535923 0.522147
0.551273 0.535221
0.566034 0.548701
0.580079 0.562750
0.593334 0.577446
0.605618 0.592669
0.616954 0.608405
0.627333 0.624509
0.636773 0.640775
0.645561 0.657499
0.653673 0.365790
0.679243 0.387641
0.702760 0.410177
0.724318 0.433581
0.743611 0.457429
0.760638 0.481470
0.775600 0.505621
0.788447 0.529367
0.799826 0.553979
0.809325 0.578145
0.372171 0.180696
0.372935 0.184840
0.373452 0.188279
0.374164 0.192321
0.374714 0.195874
0.375382 0.199811
0.375987 0.203561
0.376610 0.207381
0.377267 0.211315
0.377823 0.214937
0.412305 0.215711
0.415259 0.231843
0.417149 0.243963
0.419034 0.254917
0.420493 0.263515
0.421877 0.270788
0.424891 0.279533
0.429093 0.288510
0.437560 0.300627
0.449109 0.313463
0.690149 1.209415
0.692172 1.212893
0.693883 1.216144
0.695267 1.219133
0.696699 1.222201
0.698260 1.225464
0.699622 1.228617
0.700443 1.231099
0.701430 1.233791
0.702851 1.237010
0.342968 0.361818
0.345157 0.376541
0.347188 0.391279
0.349040 0.406049
0.350767 0.421025
0.352415 0.436331
0.353995 0.451876
0.355556 0.467628
0.357123 0.483379
0.358802 0.499213
0.854341 0.739697
0.854859 0.769886
0.854476 0.798882
0.853094 0.830951
0.850676 0.864115
0.846938 0.900199
0.842199 0.935034
0.836914 0.966290
0.831110 0.994555
0.824899 1.020391
0.689056 1.159022
0.689947 1.162213
0.692107 1.167024
0.693717 1.171203
0.695223 1.175366
0.697307 1.180310
0.698310 1.183783
0.699790 1.188069
0.700974 1.191869
0.701788 1.195095
0.848939 0.804045
0.847405 0.834808
0.844911 0.866578
0.841554 0.897539
0.837267 0.928627
0.832430 0.957079
0.827292 0.982626
0.821629 1.007068
0.815952 1.028410
0.810321 1.047283
0.386170 0.032177
0.386170 0.032177
0.386170 0.032177
0.387493 0.035164
0.391310 0.044700
0.395217 0.054754
0.399369 0.065680
0.403624 0.077329
0.407997 0.089824
0.412333 0.102995
0.783280 0.646415
0.787748 0.666981
0.791284 0.686839
0.794084 0.706831
0.796204 0.726810
0.797670 0.747198
0.798528 0.767172
0.798821 0.787166
0.798566 0.807246
0.797784 0.827677
0.867541 0.732303
0.868256 0.760677
0.868218 0.789016
0.867252 0.822101
0.865663 0.851838
0.862502 0.890795
0.859192 0.921059
0.854565 0.954946
0.849379 0.985923
0.844026 1.012407
0.243534 0.946003
0.265249 0.977026
0.291343 1.007453
0.320982 1.035111
0.354363 1.059566
0.389517 1.079173
0.425037 1.094175
0.459456 1.105257
0.491966 1.113644
0.522517 1.120421
0.717034 1.146073
0.717352 1.152398
0.717574 1.158072
0.717824 1.163742
0.718130 1.169318
0.718397 1.174611
0.718637 1.179610
0.718908 1.184578
0.719134 1.189200
0.719380 1.193762
0.666316 1.256028
0.671218 1.258602
0.675572 1.261150
0.679508 1.263565
0.683101 1.265980
0.685942 1.268210
0.688593 1.270447
0.690219 1.272278
0.691966 1.274119
0.693617 1.275993
0.367356 0.197728
0.368538 0.205318
0.369740 0.212997
0.370940 0.220684
0.372145 0.228383
0.373369 0.236116
0.374608 0.243829
0.375841 0.251486
0.377105 0.259118
0.378449 0.266864
0.188301 0.894408
0.202932 0.927603
0.220664 0.960154
0.241641 0.991877
0.266135 1.022745
0.294056 1.051789
0.325127 1.077999
0.358399 1.100148
0.393014 1.117921
0.427036 1.131289
0.366140 0.447287
0.366889 0.451323
0.367604 0.455235
0.368380 0.459297
0.369114 0.463203
0.369912 0.467261
0.370676 0.471182
0.371499 0.475231
0.372300 0.479169
0.373152 0.483207
0.292811 0.127070
0.292811 0.127070
0.292811 0.127070
0.292811 0.127070
0.292811 0.127070
0.292811 0.127070
0.292811 0.127070
0.292811 0.127070
0.292811 0.127070
0.292811 0.127070
0.145816 0.369603
0.146152 0.370443
0.147634 0.381908
0.149148 0.393790
0.151388 0.414591
0.153457 0.435970
0.155439 0.464450
0.156570 0.495616
0.156615 0.531616
0.155718 0.569530
0.182938 0.804630
0.190374 0.834356
0.199578 0.863422
0.210509 0.891311
0.223493 0.918672
0.239180 0.946361
0.257183 0.973032
0.278212 0.999315
0.301762 1.023912
0.328084 1.046618
0.234001 0.779542
0.238671 0.796335
0.244004 0.812866
0.249988 0.828972
0.256890 0.845294
0.264655 0.861476
0.273618 0.877972
0.283218 0.893519
0.294496 0.909729
0.306381 0.924709
0.129014 0.423499
0.136892 0.466621
0.142123 0.518848
0.143177 0.585589
0.142551 0.650350
0.143709 0.710838
0.147758 0.763477
0.154766 0.811368
0.164624 0.854806
0.177614 0.895378
0.509274 0.446202
0.523566 0.455516
0.538122 0.465045
0.552865 0.474878
0.567370 0.484951
0.581607 0.495509
0.595259 0.506373
0.608347 0.517761
0.620572 0.529491
0.632224 0.541826
0.706723 1.168339
0.707175 1.171434
0.707800 1.174812
0.708412 1.178213
0.708994 1.181529
0.709563 1.184860
0.710155 1.188111
0.710629 1.191102
0.711125 1.194132
0.711562 1.197051
0.765117 1.131908
0.765658 1.127992
0.763795 1.134878
0.763955 1.132663
0.763092 1.135133
0.762635 1.135829
0.762191 1.136301
0.761394 1.138656
0.761330 1.137377
0.760212 1.141431
0.691242 1.241757
0.692737 1.243783
0.694233 1.245904
0.695305 1.247737
0.696522 1.249704
0.697904 1.251835
0.698972 1.253743
0.699663 1.255339
0.700178 1.256826
0.700912 1.258463
0.681536 1.238263
0.684193 1.241122
0.686208 1.243685
0.689220 1.246864
0.691820 1.249971
0.693367 1.252430
0.695200 1.255068
0.697396 1.258086
0.699223 1.260925
0.699924 1.262882
0.888739 0.789242
0.887734 0.833236
0.884543 0.890127
0.879571 0.944427
0.873870 0.988901
0.866735 1.030569
0.859134 1.064620
0.851514 1.091558
0.844836 1.111026
0.838329 1.127093
0.433495 0.200808
0.435141 0.210338
0.436081 0.217482
0.436663 0.223241
0.437122 0.228247
0.437080 0.231562
0.436334 0.233186
0.435725 0.234963
0.436077 0.238165
0.437879 0.243074
0.785734 0.745192
0.785946 0.748064
0.786136 0.750975
0.786317 0.753834
0.786506 0.756888
0.786665 0.759718
0.786801 0.762202
0.786972 0.765418
0.787092 0.768951
0.787182 0.770818
0.711800 1.267598
0.711800 1.267598
0.711800 1.267598
0.711800 1.267598
0.711800 1.267598
0.711800 1.267598
0.711800 1.267598
0.711800 1.267598
0.711800 1.267598
0.711800 1.267598
0.650498 0.780879
0.654273 0.788329
0.657890 0.795639
0.661453 0.803122
0.664828 0.810432
0.668087 0.817761
0.671211 0.825057
0.674169 0.832332
0.676978 0.839560
0.679636 0.846736
0.214582 0.134951
0.214582 0.134951
0.214582 0.134951
0.214582 0.134951
0.214582 0.134951
0.214582 0.134951
0.214582 0.134951
0.214582 0.134951
0.214582 0.134951
0.214582 0.134951
0.283478 0.130753
0.283478 0.130753
0.283478 0.130753
0.283478 0.130753
0.283231 0.135493
0.282855 0.147350
0.282803 0.160329
0.282942 0.173375
0.283243 0.186292
0.283981 0.200265
0.886694 0.906882
0.882013 0.955178
0.876772 0.995373
0.870871 1.030545
0.864626 1.060086
0.858155 1.085031
0.852018 1.104524
0.846786 1.118818
0.840464 1.134133
0.835377 1.144860
0.395470 0.205194
0.397990 0.219783
0.400336 0.233731
0.402568 0.246882
0.404682 0.258969
0.406739 0.269943
0.408766 0.279746
0.410995 0.288833
0.413783 0.297767
0.417689 0.307198
0.617468 1.081205
0.629595 1.088596
0.639718 1.095897
0.648366 1.103146
0.656115 1.110519
0.663358 1.118239
0.668870 1.125167
0.673934 1.132098
0.678219 1.138754
0.681815 1.145038
0.186808 0.388057
0.186389 0.387915
0.186074 0.389917
0.185839 0.393579
0.185611 0.399438
0.185360 0.406988
0.185054 0.416350
0.184657 0.427618
0.184145 0.440330
0.183472 0.454863
0.659449 1.046417
0.661393 1.049196
0.662911 1.051610
0.664585 1.054268
0.666016 1.056632
0.667812 1.059473
0.669106 1.061865
0.670763 1.064607
0.672140 1.067127
0.673414 1.069611
0.578216 1.076082
0.595753 1.082744
0.611636 1.089905
0.625321 1.097283
0.636808 1.104747
0.646670 1.112197
0.655014 1.119593
0.662975 1.127518
0.668993 1.134648
0.674473 1.141784
0.284124 0.137138
0.283912 0.144777
0.283782 0.152554
0.283729 0.160506
0.283775 0.168604
0.283921 0.176849
0.284183 0.185281
0.284615 0.194112
0.285163 0.203033
0.285822 0.212013
0.881117 0.699066
0.883292 0.746993
0.883479 0.796625
0.881533 0.852199
0.876870 0.914587
0.870056 0.972322
0.861979 1.020708
0.853330 1.059153
0.844978 1.087889
0.836616 1.111206
0.348522 0.086171
0.348522 0.086171
0.348522 0.086171
0.348522 0.086171
0.348522 0.086171
0.348522 0.086171
0.348522 0.086171
0.348522 0.086171
0.348522 0.086171
0.348522 0.086171
0.609863 1.073071
0.623368 1.080775
0.635194 1.088762
0.645139 1.096768
0.653812 1.104793
0.661685 1.112986
0.667974 1.120722
0.673326 1.128254
0.677901 1.135399
0.681725 1.142194
0.109193 0.397227
0.115907 0.421220
0.123307 0.449134
0.130560 0.483795
0.135518 0.525068
0.137455 0.574803
0.137415 0.625719
0.137549 0.674966
0.139006 0.719975
0.142192 0.761827
0.740517 1.207430
0.740517 1.207430
0.740517 1.207430
0.740517 1.207430
0.740517 1.207430
0.740517 1.207430
0.740517 1.207430
0.740517 1.207430
0.740517 1.207430
0.740517 1.207430
0.700038 1.200805
0.700960 1.203916
0.701816 1.206921
0.702735 1.210033
0.703810 1.213414
0.704960 1.216899
0.705868 1.220049
0.706646 1.223046
0.707386 1.225915
0.708124 1.228721
0.895805 0.688291
0.896541 0.699334
0.897113 0.709806
0.897593 0.720175
0.898016 0.731557
0.898334 0.743381
0.898558 0.757965
0.898658 0.771290
0.898667 0.783996
0.898541 0.797123
0.397151 0.129587
0.400874 0.144736
0.404405 0.160189
0.407737 0.175817
0.410731 0.191015
0.413415 0.205545
0.415744 0.218981
0.417747 0.231040
0.419372 0.241351
0.420821 0.250358
0.156590 0.105616
0.156590 0.105616
0.156590 0.105616
0.156590 0.105616
0.156590 0.105616
0.156590 0.105616
0.156590 0.105616
0.156590 0.105616
0.156590 0.105616
0.156590 0.105616
0.064630 0.367190
0.063736 0.353596
0.066436 0.358695
0.069419 0.364163
0.075663 0.384240
0.083063 0.405477
0.091829 0.428522
0.102273 0.455103
0.111329 0.479232
0.119675 0.509849
0.685483 0.885016
0.690792 0.904111
0.695148 0.922968
0.698782 0.941827
0.701678 0.960178
0.704062 0.978205
0.705961 0.995556
0.707536 1.012289
0.708883 1.028436
0.709969 1.043580
0.309938 0.118169
0.309938 0.118169
0.309938 0.118169
0.309938 0.118169
0.309938 0.118169
0.309938 0.118169
0.309938 0.118169
0.309938 0.118169
0.309938 0.118169
0.309978 0.121334
0.172304 0.384667
0.172616 0.398275
0.172979 0.419112
0.173066 0.444247
0.172598 0.475751
0.171199 0.513536
0.168946 0.555309
0.166535 0.598718
0.164971 0.640384
0.164808 0.678513
0.197448 0.403483
0.195488 0.394740
0.194238 0.391716
0.193381 0.395523
0.192549 0.407062
0.191420 0.425977
0.189723 0.451956
0.187314 0.484180
0.184127 0.521841
0.180661 0.562142
0.679419 1.048506
0.683161 1.058383
0.686591 1.068118
0.689552 1.077452
0.692254 1.086586
0.694716 1.095494
0.696908 1.104088
0.698732 1.111957
0.700251 1.119328
0.701721 1.126498
0.150556 0.369636
0.151017 0.372832
0.152340 0.384411
0.154112 0.401872
0.156161 0.425142
0.158118 0.454912
0.159254 0.492664
0.158897 0.535881
0.157393 0.582127
0.155945 0.627526
0.360398 0.072153
0.360398 0.072153
0.360398 0.072153
0.360398 0.072153
0.360398 0.072153
0.360398 0.072153
0.360398 0.072153
0.360398 0.072153
0.360398 0.072153
0.360398 0.072153
0.705367 1.149507
0.706177 1.153732
0.706913 1.157764
0.707377 1.161153
0.707964 1.164707
0.708526 1.168243
0.709011 1.171613
0.709574 1.175113
0.710253 1.178849
0.710771 1.182192
0.835386 0.873418
0.830295 0.913602
0.824031 0.951128
0.816962 0.984788
0.809363 1.015196
0.802406 1.038726
0.795899 1.058074
0.789712 1.074886
0.784423 1.087790
0.779401 1.099702
0.207462 0.406311
0.205566 0.399325
0.204202 0.398115
0.203025 0.403248
0.201631 0.416350
0.199704 0.436954
0.196993 0.464947
0.193505 0.499128
0.189378 0.538768
0.185458 0.580168
0.684657 1.131863
0.687860 1.138574
0.689793 1.143769
0.691475 1.148750
0.693439 1.154188
0.695652 1.160134
0.697604 1.165775
0.698871 1.170367
0.700297 1.175251
0.701645 1.180047
0.720839 1.217699
0.720839 1.217699
0.720839 1.217699
0.720839 1.217699
0.720839 1.217699
0.720839 1.217699
0.720839 1.217699
0.720839 1.217699
0.720839 1.217699
0.720839 1.217699
0.051683 0.435113
0.068259 0.467876
0.084425 0.493829
0.098615 0.517147
0.109820 0.552448
0.115045 0.609232
0.116298 0.677063
0.118243 0.740235
0.123088 0.799223
0.131210 0.851676
0.467171 0.136676
0.474450 0.149063
0.486191 0.165781
0.503502 0.186876
0.525997 0.210809
0.553154 0.236528
0.583405 0.262847
0.615717 0.289817
0.648095 0.316917
0.678758 0.343790
0.861747 0.798801
0.859925 0.840379
0.856048 0.888012
0.850484 0.933882
0.843691 0.975529
0.836191 1.011708
0.828035 1.043280
0.820738 1.066616
0.813502 1.086559
0.806381 1.103922
0.781961 0.964908
0.778321 0.981802
0.774904 0.995996
0.771603 1.009026
0.768164 1.022904
0.764998 1.035044
0.761970 1.046660
0.759401 1.055499
0.756965 1.063669
0.754657 1.071741
0.848652 0.594623
0.855338 0.621544
0.860515 0.648754
0.864516 0.678520
0.867290 0.710579
0.868837 0.746182
0.869090 0.784023
0.868148 0.821140
0.865838 0.861750
0.862121 0.903398
0.713982 1.247018
0.713982 1.247018
0.713982 1.247018
0.713982 1.247018
0.713982 1.247018
0.713982 1.247018
0.713982 1.247018
0.713982 1.247018
0.713982 1.247018
0.713982 1.247018
0.480033 0.083615
0.487368 0.097528
0.498912 0.116830
0.515097 0.141043
0.535896 0.168709
0.560923 0.198050
0.589793 0.228186
0.620962 0.258278
0.653010 0.288029
0.684035 0.316796
0.401704 0.477812
0.408946 0.493115
0.416864 0.508246
0.425466 0.523231
0.434726 0.538087
0.444561 0.552845
0.454881 0.567564
0.465628 0.582353
0.476624 0.597217
0.487803 0.612263
0.902577 0.836927
0.899520 0.899473
0.893355 0.970969
0.887050 1.019681
0.879581 1.061358
0.870867 1.097295
0.863404 1.121036
0.855906 1.140560
0.848852 1.156065
0.841636 1.169802
0.044993 0.356447
0.047579 0.356141
0.053546 0.372492
0.063163 0.400285
0.075893 0.431785
0.090188 0.462292
0.103788 0.491145
0.115071 0.527223
0.121322 0.580137
0.122840 0.643582
0.183745 0.508855
0.183321 0.509461
0.183468 0.511827
0.182595 0.510688
0.181900 0.510020
0.181301 0.509587
0.179982 0.506306
0.179042 0.504268
0.177872 0.501241
0.176239 0.496379
0.294912 0.802229
0.303477 0.819604
0.313648 0.837289
0.324929 0.854100
0.337894 0.870684
0.352554 0.886738
0.368534 0.901638
0.386135 0.915641
0.405406 0.928712
0.425470 0.940314
0.741809 1.027884
0.740255 1.036417
0.738814 1.047417
0.737495 1.058740
0.736243 1.066025
0.735127 1.075142
0.734167 1.085603
0.733186 1.091668
0.732259 1.097409
0.731547 1.105647
0.110803 0.361610
0.111277 0.360078
0.112526 0.363015
0.114551 0.370605
0.117543 0.383665
0.121134 0.399236
0.124707 0.414512
0.128595 0.431847
0.132737 0.452537
0.136699 0.477185
0.707972 1.136383
0.708859 1.142829
0.709677 1.149004
0.710429 1.154900
0.711104 1.160486
0.711762 1.165934
0.712463 1.171443
0.713040 1.176478
0.713558 1.181308
0.714100 1.186070
0.054760 0.362834
0.061531 0.383065
0.070050 0.406065
0.080979 0.432690
0.093957 0.461675
0.106037 0.489134
0.115808 0.521087
0.121904 0.565592
0.123896 0.620684
0.124517 0.678179
0.204235 0.426233
0.201957 0.447950
0.198988 0.475328
0.195373 0.507694
0.191384 0.544093
0.187741 0.581438
0.185022 0.618644
0.183660 0.654119
0.183843 0.686966
0.185466 0.717669
0.445143 0.218644
0.449112 0.225572
0.456179 0.234968
0.466567 0.246352
0.480371 0.259276
0.497471 0.273327
0.517049 0.287849
0.539369 0.303256
0.563585 0.319362
0.588661 0.336089
0.358293 0.074811
0.358293 0.074811
0.358293 0.074811
0.358293 0.074811
0.358293 0.074811
0.358293 0.074811
0.358293 0.074811
0.358293 0.074811
0.358293 0.074811
0.358293 0.074811
0.423395 0.205249
0.426384 0.221031
0.427635 0.230960
0.429188 0.240707
0.429238 0.245857
0.429859 0.251422
0.431090 0.257160
0.434764 0.265336
0.442090 0.276215
0.453533 0.289096
0.765609 0.924086
0.762655 0.945361
0.759590 0.964797
0.756525 0.981698
0.753416 0.999420
0.750488 1.014706
0.747690 1.030113
0.745131 1.044019
0.742877 1.053725
0.740687 1.071310
0.283036 0.130907
0.283036 0.130907
0.283036 0.130907
0.283036 0.130907
0.283036 0.130907
0.283036 0.130907
0.283036 0.130907
0.283036 0.130907
0.283036 0.130907
0.283036 0.130907
0.658361 1.129448
0.665982 1.137203
0.671898 1.144450
0.676801 1.151241
0.681597 1.158382
0.685456 1.165005
0.687568 1.170036
0.690965 1.176677
0.693421 1.182313
0.695433 1.187611
0.703619 1.216098
0.704750 1.219430
0.705653 1.222465
0.706428 1.225355
0.707121 1.228046
0.707994 1.230990
0.708763 1.233825
0.708837 1.235400
0.709781 1.238557
0.710198 1.240732
0.738747 0.562110
0.748979 0.584143
0.757776 0.606680
0.765070 0.629016
0.771141 0.651383
0.776034 0.673462
0.779878 0.694814
0.782888 0.716130
0.785119 0.737667
0.786628 0.758919
0.192949 0.462351
0.190038 0.494814
0.186446 0.532589
0.182873 0.572001
0.180010 0.611310
0.178461 0.648767
0.178459 0.683280
0.179950 0.715643
0.182879 0.746135
0.187218 0.775443
0.764325 1.123772
0.762633 1.130285
0.762788 1.128009
0.761879 1.130935
0.761594 1.130859
0.760939 1.132525
0.760467 1.133387
0.760047 1.134006
0.759386 1.135889
0.758809 1.137419
0.197442 0.367521
0.200110 0.377014
0.201502 0.382928
0.203549 0.390443
0.205420 0.397391
0.206563 0.402441
0.208869 0.410415
0.209142 0.413195
0.211449 0.421226
0.211858 0.424345
0.871229 0.739665
0.871727 0.768368
0.871585 0.794659
0.870424 0.829456
0.868725 0.859422
0.865809 0.895024
0.862265 0.927570
0.857916 0.959488
0.852886 0.989593
0.847605 1.016078
0.705461 1.042640
0.705794 1.045446
0.706033 1.047954
0.706371 1.050777
0.706557 1.053149
0.706897 1.055932
0.707136 1.058425
0.707375 1.060954
0.707644 1.063492
0.707879 1.065952
0.714258 1.245119
0.714258 1.245119
0.714258 1.245119
0.714258 1.245119
0.714258 1.245119
0.714258 1.245119
0.714258 1.245119
0.714258 1.245119
0.714258 1.245119
0.714258 1.245119
0.834200 0.575879
0.842210 0.602157
0.848679 0.629195
0.853649 0.656486
0.857385 0.685511
0.859923 0.716440
0.861251 0.750162
0.861453 0.782412
0.860463 0.818609
0.858171 0.856959
0.382219 0.416643
0.387949 0.433277
0.394364 0.449837
0.401502 0.466246
0.409411 0.482470
0.418090 0.498427
0.427570 0.514182
0.437829 0.529788
0.448828 0.545306
0.460382 0.560770
0.663023 1.214906
0.668655 1.218636
0.673721 1.222359
0.678264 1.226043
0.682248 1.229644
0.685335 1.232921
0.687297 1.235646
0.689050 1.238282
0.691212 1.241213
0.693878 1.244617
0.740458 1.047982
0.740024 1.047977
0.739601 1.054505
0.739182 1.052925
0.738797 1.060226
0.738391 1.059237
0.738033 1.065631
0.737644 1.065236
0.737307 1.070831
0.736935 1.071073
0.252484 0.215032
0.253861 0.235301
0.255977 0.255863
0.258579 0.275884
0.261602 0.295501
0.264891 0.314610
0.268116 0.332718
0.270966 0.349459
0.273275 0.364862
0.274752 0.378406
0.591911 1.106451
0.609275 1.113077
0.624553 1.120142
0.636906 1.127215
0.647590 1.134371
0.656875 1.141754
0.664789 1.148988
0.670915 1.155740
0.676159 1.162309
0.680588 1.168593
0.698195 1.121335
0.699095 1.125812
0.700469 1.131328
0.701600 1.136415
0.702487 1.140905
0.703564 1.145781
0.704480 1.150348
0.705317 1.154728
0.706211 1.159299
0.706839 1.163155
0.681919 1.112652
0.686102 1.122368
0.690713 1.133008
0.692851 1.140446
0.695748 1.149238
0.698451 1.157809
0.700443 1.165370
0.702624 1.173244
0.704149 1.179957
0.705492 1.186285
0.237469 0.137948
0.237469 0.137948
0.237469 0.137948
0.237469 0.137948
0.237469 0.137948
0.237469 0.137948
0.237469 0.137948
0.237469 0.137948
0.237469 0.137948
0.237469 0.137948
