0.375093 0.051213
0.376532 0.055720
0.378010 0.060372
0.379538 0.065198
0.381060 0.070091
0.382634 0.075179
0.384180 0.080294
0.385676 0.085403
0.387181 0.090629
0.388713 0.096017
0.390246 0.101520
0.391836 0.107265
0.393557 0.113437
0.395238 0.119664
0.396939 0.126090
0.398604 0.132582
0.400240 0.139161
0.401716 0.145464
0.403153 0.151806
0.404569 0.158223
0.405905 0.164546
0.407198 0.170865
0.408594 0.177585
0.409986 0.184401
0.411355 0.191232
0.412679 0.197991
0.413949 0.204596
0.415057 0.210735
0.415999 0.216315
0.416888 0.221675
0.417706 0.226741
0.418449 0.231480
0.419135 0.235934
0.419934 0.240579
0.420694 0.244930
0.421372 0.248872
0.422006 0.252500
0.422546 0.255710
0.422889 0.258343
0.423170 0.260719
0.423530 0.263127
0.423963 0.265537
0.424510 0.268017
0.425395 0.270898
0.426610 0.274089
0.428155 0.277524
0.430094 0.281236
0.432446 0.285194
0.435279 0.289425
0.438466 0.293739
0.442183 0.298285
0.446435 0.303023
0.451362 0.308025
0.456865 0.313172
0.463251 0.318621
0.470420 0.324277
0.478135 0.329977
0.486444 0.335759
0.495294 0.341607
0.504434 0.347390
0.513872 0.353157
0.523736 0.359033
0.534167 0.365136
0.544907 0.371362
0.555600 0.377633
0.566624 0.384109
0.577714 0.390761
0.588853 0.397607
0.599822 0.404627
0.610522 0.411770
0.620934 0.419052
0.631253 0.426616
0.641201 0.434321
0.650674 0.442092
0.659941 0.450136
0.668703 0.458252
0.677340 0.466741
0.685543 0.475344
0.693337 0.484068
0.700748 0.492929
0.707766 0.501863
0.714395 0.510879
0.720682 0.520040
0.726680 0.529378
0.732322 0.538787
0.737581 0.548173
0.742526 0.557583
0.746975 0.566605
0.751271 0.575985
0.755459 0.585888
0.759181 0.595311
0.762601 0.604556
0.765827 0.613981
0.768761 0.623202
0.771556 0.632792
0.774097 0.642242
0.776410 0.651494
0.778546 0.660892
0.780461 0.670017
0.782167 0.678779
0.783726 0.687786
0.785168 0.696912
0.786434 0.705950
0.787585 0.715057
0.788552 0.723930
0.789411 0.732982
0.790154 0.742314
0.790754 0.751081
0.791232 0.759800
0.791600 0.768873
0.791870 0.777907
0.791991 0.787229
0.792039 0.795625
0.791943 0.804361
0.791775 0.813168
0.791462 0.821968
0.791047 0.831362
0.790525 0.840818
0.789891 0.850332
0.789163 0.859497
0.788338 0.868524
0.787394 0.878208
0.786372 0.887012
0.785300 0.895857
0.784084 0.904904
0.782876 0.913104
0.781563 0.921675
0.780210 0.930180
0.778722 0.939043
0.777221 0.947610
0.775754 0.955546
0.774121 0.964250
0.772630 0.971556
0.771103 0.978963
0.769754 0.984787
0.768347 0.990668
0.766889 0.997061
0.765372 1.003952
0.763916 1.010484
0.762504 1.016407
0.761132 1.022180
0.759768 1.028106
0.758364 1.034366
0.757060 1.040025
0.755963 1.043809
0.754856 1.048007
0.753811 1.051446
0.752805 1.054685
0.751706 1.059298
0.750470 1.066256
0.749333 1.072476
0.748286 1.078017
0.747329 1.082880
0.746410 1.087510
0.745656 1.090180
0.744931 1.092583
0.744208 1.095255
0.743502 1.097760
0.742801 1.100733
0.742054 1.105979
0.741414 1.108775
0.740783 1.111907
0.740182 1.115151
0.739593 1.119123
0.739056 1.120728
0.738523 1.124075
0.738016 1.127095
0.737533 1.131161
0.737074 1.134017
0.736636 1.137232
0.736215 1.139679
0.735785 1.141072
0.735354 1.142379
0.734966 1.144727
0.734620 1.147743
0.734271 1.150198
0.733928 1.152527
0.733593 1.154574
0.733263 1.156574
0.732901 1.157908
0.732672 1.161153
0.732428 1.163767
0.732309 1.168054
0.732086 1.170582
0.731885 1.173084
0.731642 1.174911
0.731348 1.175912
0.731126 1.177899
0.730916 1.179676
0.730820 1.182814
0.730766 1.186129
0.730657 1.188872
0.730478 1.190456
0.730311 1.192163
0.730175 1.194123
0.730150 1.197205
0.730093 1.199836
0.729970 1.201656
0.729825 1.203226
0.729680 1.204452
