0.390792 0.023231
0.392675 0.027410
0.394620 0.031755
0.396646 0.036304
0.398669 0.040934
0.400778 0.045798
0.402851 0.050700
0.404861 0.055600
0.406893 0.060647
0.408972 0.065898
0.411061 0.071297
0.413242 0.077003
0.415626 0.083252
0.417956 0.089586
0.420322 0.096189
0.422634 0.102892
0.424905 0.109722
0.426929 0.116200
0.428890 0.122727
0.430808 0.129346
0.432594 0.135827
0.434302 0.142280
0.436137 0.149235
0.437938 0.156277
0.439671 0.163290
0.441299 0.170138
0.442800 0.176694
0.444030 0.182534
0.444972 0.187517
0.445784 0.192090
0.446437 0.196149
0.446919 0.199648
0.447250 0.202643
0.447641 0.205736
0.447882 0.208309
0.447919 0.210237
0.447794 0.211659
0.447450 0.212478
0.446776 0.212547
0.445938 0.212286
0.445103 0.212059
0.444267 0.211867
0.443486 0.211817
0.443002 0.212316
0.442814 0.213293
0.442936 0.214701
0.443447 0.216606
0.444382 0.218998
0.445830 0.221924
0.447678 0.225179
0.450123 0.228938
0.453187 0.233158
0.457031 0.237926
0.461572 0.243092
0.467146 0.248845
0.473673 0.255062
0.480921 0.261518
0.488954 0.268238
0.497726 0.275178
0.506966 0.282139
0.516681 0.289157
0.527015 0.296372
0.538136 0.303921
0.549741 0.311642
0.561421 0.319399
0.573579 0.327398
0.585904 0.335570
0.598350 0.343923
0.610660 0.352413
0.622693 0.360964
0.634419 0.369600
0.646057 0.378501
0.657276 0.387486
0.667950 0.396466
0.678403 0.405710
0.688292 0.414973
0.698064 0.424639
0.707352 0.434382
0.716183 0.444213
0.724595 0.454155
0.732560 0.464124
0.740096 0.474143
0.747268 0.484294
0.754125 0.494610
0.760589 0.504967
0.766620 0.515250
0.772295 0.525522
0.777387 0.535275
0.782342 0.545475
0.787209 0.556328
0.791521 0.566586
0.795473 0.576611
0.799219 0.586920
0.802616 0.596974
0.805868 0.607584
0.808815 0.618066
0.811478 0.628362
0.813932 0.638908
0.816107 0.649167
0.818017 0.659006
0.819752 0.669237
0.821331 0.679761
0.822691 0.690213
0.823894 0.700899
0.824873 0.711281
0.825703 0.722045
0.826374 0.733336
0.826868 0.743853
0.827207 0.754378
0.827389 0.765547
0.827431 0.776776
0.827273 0.788494
0.827048 0.798858
0.826629 0.809773
0.826091 0.820934
0.825372 0.832060
0.824452 0.844252
0.823368 0.856587
0.822112 0.869027
0.820753 0.880869
0.819271 0.892447
0.817535 0.905089
0.815809 0.916120
0.813989 0.927220
0.811973 0.938425
0.810071 0.948215
0.807987 0.958454
0.805856 0.968498
0.803527 0.978817
0.801222 0.988572
0.799047 0.997308
0.796584 1.006862
0.794488 1.014397
0.792339 1.021965
0.790621 1.027401
0.788840 1.032762
0.786918 1.038782
0.784854 1.045371
0.782901 1.051499
0.781092 1.056719
0.779338 1.061771
0.777560 1.067026
0.775689 1.072556
0.774001 1.077399
0.772800 1.080006
0.771514 1.083162
0.770401 1.085317
0.769347 1.087279
0.767976 1.090891
0.766102 1.097322
0.764437 1.102873
0.762959 1.107636
0.761660 1.111671
0.760428 1.115360
0.759631 1.116871
0.758893 1.117986
0.758107 1.119520
0.757354 1.120761
0.756528 1.122689
0.755319 1.127343
0.754562 1.129074
0.753755 1.131239
0.752956 1.133588
0.752061 1.136886
0.751535 1.137227
0.750768 1.139863
0.750063 1.142012
0.749240 1.145659
0.748594 1.147680
0.747920 1.150312
0.747353 1.151871
0.746905 1.152099
0.746458 1.152204
0.745916 1.153742
0.745333 1.156244
0.744810 1.158005
0.744307 1.159681
0.743833 1.160875
0.743368 1.162084
0.742936 1.162344
0.742435 1.165487
0.741978 1.167635
0.741485 1.172337
0.741070 1.174567
0.740673 1.176683
0.740298 1.177890
0.739945 1.177892
0.739575 1.179438
0.739225 1.180589
0.738891 1.183963
0.738579 1.187525
0.738271 1.190360
0.737972 1.191363
0.737681 1.192635
0.737402 1.194317
0.737163 1.197752
0.736924 1.200522
0.736675 1.202078
0.736424 1.203331
0.736185 1.203977
