0.173076
-0.207952
0.278468
-0.040313
-0.021916
-1.137467
0.020669
0.409935
0.467869
0.194016
-1.176813
-0.021966
-0.376944
0.340429
0.005342
-0.039240
0.107609
0.333447
-0.255373
0.184056
0.524905
0.455456
0.040568
0.039107
-0.173394
-0.271443
0.364537
-0.056966
-0.094268
0.510805
0.175577
0.496979
-1.389376
0.188222
-0.402637
0.403120
0.205202
0.218418
-0.297623
0.096525
0.330615
0.260963
0.201465
0.424382
0.445141
0.227362
-1.192920
0.368720
0.195964
-0.938095
0.215039
-0.183980
0.149594
0.433049
0.400880
0.205200
0.097102
0.264354
-0.098021
-1.163849
0.069389
-0.204279
-0.028603
0.393362
0.294261
0.186972
0.236326
-0.953915
-0.976170
0.062730
-0.274255
0.425484
0.392354
0.052214
-0.537904
-0.427493
0.049277
0.395370
-1.144929
0.252249
0.146525
-1.009809
0.043278
0.253178
0.285773
-0.273994
-1.124329
-0.147038
0.318710
0.036163
0.249617
-1.339589
0.245022
0.264186
-0.239799
0.188425
0.563712
-0.263913
0.240685
0.206372
-0.138569
-0.225921
0.502835
-0.063774
0.041147
-0.225384
0.218764
-0.297275
0.534033
-0.994613
0.310881
-0.081633
0.305117
0.495081
-1.090161
-1.106421
0.204143
-0.061300
-0.063493
-1.049717
0.438815
0.300321
0.139855
-0.048219
0.154633
-0.345925
-0.461169
-1.389336
0.427620
-0.004017
0.432544
-0.036104
-0.033390
-1.140773
0.340448
0.368758
0.185215
-0.244080
0.029268
0.133984
-0.036844
0.442962
0.336972
0.145692
-0.218046
0.307686
0.050732
-1.091737
-0.118661
0.042260
0.147831
-0.049339
0.162266
0.041188
0.375966
0.159318
0.242824
-1.062165
-0.246304
0.138494
-0.031040
0.129838
-0.766146
0.034045
0.014030
0.256305
-0.052065
0.483494
-0.616501
-0.278694
-0.078987
0.297067
0.159921
0.197758
0.046669
0.263849
0.370537
-0.293449
0.618407
0.608858
0.429451
-0.283134
0.040830
-0.124900
-1.084100
-1.149213
0.037260
0.188826
0.398619
-1.180114
0.515583
0.406414
0.460029
0.014101
0.564175
0.157219
0.030676
0.042941
0.065787
0.459686
0.383309
-0.026604
0.185382
-0.056175
-1.077067
-0.288136
0.329883
0.361876
-0.192695
0.150326
0.157522
-0.105256
0.500681
0.156921
0.210169
0.291839
0.224048
-0.139049
0.519683
-0.099926
0.137055
-0.200812
0.499937
0.114454
0.140931
0.241837
-0.163010
0.392056
0.254389
0.254276
0.309250
0.003914
0.228390
0.155885
0.206238
-0.955477
0.355137
-0.235087
0.203818
-0.560788
0.115209
-1.012165
-0.628041
-0.051039
0.040178
-0.286138
-1.097373
0.384590
-0.717674
-0.139439
0.135303
0.415194
0.167334
0.111189
-0.936452
0.046792
0.390514
0.006873
0.013498
0.380419
-0.143093
0.652434
0.291898
-0.033161
-0.012023
0.094782
0.157029
-1.432251
-1.039825
0.254729
0.154007
0.315912
-0.171285
0.309142
0.401122
0.409409
0.296097
0.210309
0.324946
-0.532144
0.312397
-0.404714
0.247221
-0.172635
-0.609669
0.288510
0.454035
0.227403
0.232844
-0.068128
0.028488
0.094292
0.245297
0.174768
0.110761
0.188436
0.224370
0.355932
0.229273
0.135733
0.178804
0.628208
0.158292
0.193275
-0.053240
0.436989
-0.147717
0.139031
0.490608
0.482904
-0.302651
0.258962
-0.084262
0.474965
0.440142
-0.049972
0.435600
-0.295276
0.219750
0.393936
0.024220
-0.038712
0.384392
0.104241
0.260111
-1.154494
0.193848
0.382365
0.170183
0.104716
-0.288453
0.547291
0.165667
0.320884
0.180399
0.374415
-0.148300
-0.207050
0.054344
-0.557644
0.353862
-0.416014
-0.071137
-1.062087
0.193018
0.277898
0.269791
0.190625
-0.156516
0.189871
0.207390
0.585475
0.066993
0.373129
0.002339
-0.081511
0.197657
0.093254
0.046052
0.164906
0.414228
0.224790
-1.017354
0.198597
-1.477554
0.227502
-1.074016
0.297828
0.014231
0.080456
0.046914
-0.032041
0.289914
0.412264
0.183661
0.020302
0.076225
-0.147807
0.271106
-0.054795
0.300423
0.072299
0.040770
0.136953
0.339297
-0.871996
0.204085
-0.051626
0.244950
0.116076
0.029297
0.198148
0.142345
0.282505
-0.086232
0.229870
0.246221
0.323516
-1.049139
0.479831
0.208323
0.192188
0.239759
0.069188
0.212839
0.266386
0.270881
0.041316
0.479582
0.224353
0.277754
-0.345957
0.403036
-1.147302
-0.093864
0.013484
0.304716
-0.040836
0.474646
0.020950
-0.211672
-0.978719
0.005725
0.407522
0.154831
0.173983
-1.609537
0.051426
-0.444023
0.166685
0.129167
-0.045298
0.313417
0.298346
-0.432629
-1.071110
0.382305
-0.320218
0.363277
0.204663
0.363656
0.172285
-0.159735
0.078356
-1.305875
0.335072
-0.620998
0.055552
0.540908
0.151978
0.214031
0.279441
0.235385
0.203328
-0.093629
-0.210017
0.566694
0.329631
0.183392
-0.025296
0.267433
0.397833
0.428413
0.236679
0.251426
0.081176
0.370431
0.289347
0.123513
0.282495
-0.861515
0.161867
0.137899
-0.225953
0.180326
0.170064
0.257723
0.220296
0.013704
0.492640
0.465775
-0.316712
0.445537
0.064790
0.370934
0.254836
-1.024108
-0.971709
-0.024361
-1.168370
0.046955
0.292291
0.353236
0.370333
-1.094700
0.322657
0.469359
-0.107113
0.560143
0.068544
