0.297964 0.124691
0.297913 0.130495
0.297900 0.136407
0.297925 0.142409
0.298005 0.148566
0.298127 0.154797
0.298315 0.161206
0.298578 0.167800
0.298901 0.174499
0.299282 0.181271
0.299726 0.188134
0.300218 0.195015
0.300732 0.201814
0.301319 0.208717
0.301955 0.215637
0.302657 0.222632
0.303420 0.229677
0.304291 0.236935
0.305219 0.244232
0.306196 0.251537
0.307237 0.258912
0.308322 0.266299
0.309388 0.273511
0.310466 0.280665
0.311557 0.287777
0.312661 0.294866
0.313785 0.301954
0.314933 0.309126
0.316129 0.316428
0.317303 0.323686
0.318449 0.330913
0.319556 0.338109
0.320605 0.345239
0.321520 0.352072
0.322354 0.358815
0.323117 0.365529
0.323791 0.372184
0.324391 0.378870
0.324949 0.385747
0.325422 0.392706
0.325779 0.399639
0.326034 0.406635
0.326189 0.413730
0.326218 0.420749
0.326145 0.427806
0.325982 0.435000
0.325732 0.442342
0.325405 0.449886
0.325005 0.457614
0.324544 0.465696
0.324021 0.473968
0.323446 0.482436
0.322832 0.490980
0.322195 0.499676
0.321543 0.508287
0.320899 0.516884
0.320285 0.525613
0.319716 0.534402
0.319209 0.543247
0.318779 0.552254
0.318443 0.561359
0.318216 0.570438
0.318105 0.579375
0.318119 0.588298
0.318297 0.597213
0.318603 0.606056
0.319067 0.614843
0.319686 0.623611
0.320486 0.632298
0.321472 0.640987
0.322640 0.649610
0.323977 0.658171
0.325513 0.666724
0.327266 0.675312
0.329210 0.683851
0.331371 0.692305
0.333709 0.700649
0.336276 0.708981
0.339078 0.717287
0.342117 0.725548
0.345425 0.733844
0.348978 0.742048
0.352772 0.750114
0.356839 0.758129
0.361197 0.766076
0.365880 0.773983
0.370907 0.781870
0.376356 0.789777
0.382020 0.797391
0.387942 0.804785
0.394274 0.812131
0.401090 0.819492
0.408088 0.826511
0.415593 0.833513
0.423229 0.840139
0.431211 0.846604
0.439459 0.852870
0.448013 0.858962
0.456807 0.864867
0.465828 0.870608
0.475024 0.876151
0.484083 0.881402
0.493344 0.886576
0.502400 0.891515
0.511644 0.896438
0.520637 0.901187
0.529391 0.905806
0.538148 0.910480
0.546715 0.915123
0.554944 0.919689
0.562858 0.924239
0.570596 0.928814
0.578132 0.933523
0.585448 0.938265
0.592294 0.942991
0.599004 0.947815
0.605209 0.952580
0.611102 0.957396
0.616702 0.962255
0.622093 0.967208
0.627232 0.972217
0.631916 0.977139
0.636615 0.982264
0.640906 0.987347
0.645046 0.992457
0.649002 0.997651
0.652665 1.002778
0.656042 1.007865
0.659271 1.012922
0.662273 1.017948
0.665097 1.022979
0.667753 1.027894
0.670334 1.032914
0.672723 1.037845
0.675070 1.042897
0.677353 1.047912
0.679380 1.052734
0.681216 1.057389
0.682907 1.061970
0.684636 1.066603
0.686215 1.071129
0.687627 1.075498
0.689003 1.079774
0.690293 1.084007
0.691664 1.088437
0.692867 1.092672
0.694148 1.096993
0.695325 1.101213
0.696320 1.105115
0.697065 1.108551
0.697815 1.112003
0.698570 1.115467
0.699288 1.118915
0.700064 1.122382
0.700863 1.126034
0.701723 1.129727
0.702437 1.133209
0.703210 1.136717
0.703828 1.139985
0.704337 1.142872
0.704949 1.146062
0.705510 1.149120
0.706035 1.152094
0.706487 1.154870
0.707075 1.157986
0.707481 1.160694
0.707971 1.163483
0.708291 1.165937
0.708754 1.168634
0.709093 1.171113
0.709546 1.173764
0.710009 1.176499
0.710460 1.179189
0.710830 1.181648
0.711145 1.183939
0.711481 1.186276
0.711772 1.188536
0.712149 1.190895
0.712475 1.193167
0.712831 1.195500
0.713021 1.197421
0.713319 1.199506
0.713467 1.201209
0.713670 1.203120
0.713946 1.205099
0.714214 1.207104
0.714521 1.209218
0.714723 1.211065
0.715007 1.213023
0.715125 1.214598
0.715305 1.216207
0.715432 1.217772
0.715700 1.219629
0.715914 1.221376
0.716107 1.223044
0.716228 1.224468
0.716369 1.225942
0.716553 1.227540
0.716706 1.229102
0.716951 1.230822
