2.655448
2.324642
2.450961
2.694151
1.007445
0.865771
1.117013
1.593078
0.949933
2.033271
1.186618
2.100374
1.650599
1.984127
2.256512
1.222946
1.326943
1.387419
0.732126
1.830504
1.719352
1.762200
1.314440
2.071784
1.896089
1.705126
0.674287
1.022196
1.348439
1.742120
1.386969
1.932794
1.186090
1.831981
1.310956
2.011298
1.951371
1.134873
1.664831
1.278152
1.522428
1.236212
1.961134
1.730960
1.853074
1.503057
0.692277
1.657132
1.941687
0.730829
2.491762
1.426470
2.532923
2.214808
2.223582
2.413954
1.775942
2.283333
1.473375
0.276856
1.433762
1.397522
1.606907
1.195865
2.235486
0.580944
1.272372
0.702874
0.250868
1.310680
1.128335
1.272222
1.721009
2.303900
1.453620
1.582617
1.398961
1.613627
0.234764
1.824754
0.340488
0.408463
1.599566
1.604204
1.223495
1.568460
0.596642
1.216223
1.723253
1.828856
1.236823
2.211389
1.515245
1.118684
2.073660
2.158898
1.138876
3.040343
2.298619
1.315415
2.702980
1.141644
1.308542
1.235482
2.077539
1.275382
1.581702
0.288113
1.462526
0.534650
1.955232
1.568914
2.678093
1.736140
0.505816
0.500628
1.986998
1.437143
1.690959
0.882922
1.647352
1.934645
1.544435
2.148170
2.858655
0.895949
0.965325
2.825577
2.096889
1.428100
1.666139
1.670590
1.276343
0.799125
1.007279
1.234831
0.289259
1.563645
1.227187
1.193012
2.217203
2.238335
1.103276
2.301211
1.677690
0.844818
2.545441
0.237224
0.407295
2.264617
1.528572
2.080100
1.168889
1.954617
1.293090
2.463663
1.342236
0.660136
1.315582
2.581770
2.619406
1.102394
2.266409
1.714926
2.406586
1.272550
0.922970
1.025070
1.031814
1.711434
1.495348
1.879638
2.120944
2.265131
1.252986
2.077119
2.106883
1.410022
1.194440
2.003091
1.888603
1.194812
1.407290
1.358127
0.510575
0.725021
1.190284
2.398511
1.552614
1.067222
1.339940
1.573055
1.890011
1.975624
1.313242
1.412246
2.001775
2.625551
1.434785
1.689875
0.677163
1.288051
0.466324
1.063468
0.193508
0.956590
1.431816
2.201383
2.461951
1.326526
1.984825
0.561603
1.912346
1.379619
0.317949
1.879703
2.319190
1.009014
1.579808
1.645411
1.763024
1.947600
1.908092
1.322203
1.886440
0.974177
1.391683
1.881210
2.027634
1.868044
1.644167
2.889430
1.166404
0.883696
1.518989
0.297809
0.929248
2.489095
1.862480
1.093207
1.993408
0.347624
1.455000
1.733948
1.234811
2.171533
0.554198
1.342330
2.865003
1.398786
2.449963
1.218678
1.727166
1.799818
0.163324
2.374424
1.499658
0.455816
1.140562
1.844515
0.651153
0.999231
0.900007
1.631180
1.565726
2.548260
1.833495
3.340830
0.824260
1.800564
2.799954
1.695512
1.497888
1.828168
0.765526
1.492381
1.840402
1.425170
1.747082
1.026439
0.878750
2.565406
1.060145
1.031638
0.888939
1.917315
2.079460
1.573424
1.401911
2.005268
1.967919
1.448522
2.600276
2.458946
1.146406
1.430436
1.188405
1.057935
1.757280
1.708577
0.471344
1.797878
1.279568
1.826377
1.122099
0.948133
1.219167
1.273627
2.189651
1.922840
0.582428
1.148798
1.156461
1.852849
1.927059
1.578369
1.595417
2.628402
1.557636
1.236137
1.454929
1.369037
1.498152
1.746647
1.091218
0.505346
2.443080
1.815718
1.204444
1.473152
2.774218
1.362770
1.057383
2.184494
1.571851
2.076307
2.112486
1.663281
1.226003
1.004284
1.696229
1.951693
0.982504
0.538531
2.190057
2.252233
2.416983
1.539145
1.519058
1.343134
1.693398
2.097275
1.892425
1.877907
1.293351
2.408992
1.035725
1.253617
2.710686
1.258836
1.304303
1.682537
0.500932
1.453984
2.838984
1.988453
0.496524
1.742240
1.825135
2.156384
2.051365
1.834575
1.828543
1.873660
1.873849
1.576648
1.971320
1.745246
1.595287
2.231722
0.630686
0.956616
1.878608
2.304733
1.344126
2.519927
2.148980
1.082313
1.935432
0.746275
1.633224
2.355743
1.632450
1.336240
1.049739
1.963287
0.975230
2.065529
1.503538
1.552241
1.391172
1.075819
2.212366
1.478501
1.510595
2.203637
1.432599
2.162100
2.048934
1.085310
1.684902
1.332771
2.274727
0.936065
1.593834
2.678949
2.110545
1.770166
2.225017
1.292801
1.024308
0.836279
1.791530
1.517067
2.578092
1.679475
4.161574
1.693454
1.092564
1.505035
1.429674
2.802243
1.482311
1.749546
2.745767
0.600593
1.924808
1.329166
2.256381
1.975609
1.863458
2.558497
1.316906
1.205652
1.727982
1.706780
4.117890
2.762493
0.867675
1.677539
2.362824
2.149541
1.171797
2.550662
2.031769
1.417193
2.116540
2.230026
1.350949
1.221553
2.156638
2.127505
2.236664
1.855603
1.829977
1.432992
2.222691
0.590453
2.522460
1.973936
0.641278
1.495927
1.549117
2.849902
0.960955
2.547897
2.024308
1.878646
2.069586
1.592980
1.512597
1.574877
1.633534
1.263063
1.484955
1.925022
0.816603
0.206570
2.161033
0.462225
1.293955
1.739576
0.694710
1.798816
0.461524
1.412362
1.911283
0.840467
1.182694
1.388772
