-1.809578
0.572372
-1.623508
1.882590
-0.771505
0.111119
0.272146
-0.495770
-0.263323
-1.130490
0.233345
-1.358866
-1.034076
-1.332536
1.485504
-0.341804
-0.109881
0.358794
-0.143131
-0.462083
-0.564740
-1.327243
-0.099609
-1.797118
0.372806
0.076793
0.099264
-0.110454
1.125131
1.014273
-0.476702
-1.280012
0.001402
-0.208499
-1.091935
1.223642
1.096665
0.442307
-1.165828
-0.963636
-0.498534
0.181889
1.028543
-0.490980
-0.994584
0.614329
1.394763
1.483354
0.918187
-0.865718
-2.398055
0.505135
-1.725790
-1.898534
-1.161449
1.138283
-1.193761
-1.246070
1.070967
-0.087661
0.514450
0.738675
1.215172
-0.237192
-2.291377
0.035050
0.281517
1.382190
0.677340
0.338552
-0.906601
-0.265135
-0.712238
-1.637453
0.922796
-1.059657
0.752973
-0.059481
-0.173393
-0.965409
-0.037526
0.853076
0.682175
-0.239675
0.651996
0.134746
-0.404811
-0.373039
0.746181
-0.904220
0.806032
-1.926315
0.551199
-0.378281
-0.442300
-0.590803
0.206626
2.203391
-1.922816
0.350383
-1.630613
0.718642
-0.296014
-0.125981
-1.096016
0.440591
-0.432245
-0.039230
1.064064
-0.918523
0.722011
-0.642888
2.049725
-0.738626
-0.629523
-0.512231
1.610783
0.458555
0.067712
-1.088488
-0.131443
-0.742656
0.995282
-0.534701
-2.504768
-0.116374
0.581616
-1.374948
1.333408
-0.473657
0.531751
-0.673261
0.268967
0.322832
0.222526
0.217304
-0.023967
1.957724
-0.621395
0.272308
-1.223345
-1.504232
0.123152
2.513285
0.163812
0.177324
1.501187
-0.466673
0.033208
0.834144
1.579086
1.232334
0.274032
2.508082
0.647773
1.338065
-0.399485
1.047816
1.466522
1.470710
1.712650
0.258933
-0.203547
-0.693986
-1.095508
-0.250784
0.082130
0.079755
-0.874042
-0.861554
0.418889
1.284140
-1.105300
-2.127542
0.246251
-1.393971
-1.310984
-1.421379
0.331815
-1.119732
1.181391
0.692390
0.569112
1.164486
0.271127
0.072495
0.242059
-0.996460
-0.655664
-0.099049
0.308485
0.480247
2.693199
0.594725
0.492813
-0.335126
-0.326369
-1.901432
0.498230
-0.675976
-0.147693
-0.961655
0.045896
-0.273993
-0.637934
-0.973749
1.522589
1.092482
-1.362978
-0.291066
-0.304102
-0.551329
-0.793294
0.657399
0.045765
-0.356357
-1.489570
-0.656465
-0.639693
0.348057
-1.937700
-0.926697
1.348132
-0.294485
-0.606152
0.086349
0.858103
2.677822
-0.880449
-1.207591
0.075637
2.176213
0.824421
-0.165526
-0.344299
0.736910
0.192427
-1.518472
0.545169
-1.381585
-0.319327
-0.915947
0.292420
0.049441
-0.671053
-0.581874
0.390044
0.189836
1.310312
-1.355679
-1.201074
-0.218093
0.131248
1.303831
0.873080
-1.016379
0.775767
0.077653
-0.301587
0.851487
-0.123481
-0.207622
-0.187964
0.184293
-0.845224
1.867809
1.665666
-2.275414
-0.906089
0.003536
2.068106
-0.657894
0.776431
-1.118773
-0.159637
0.408528
1.253128
0.382425
1.201446
-1.123343
-0.147392
0.911276
0.128462
-0.543889
-0.296459
-0.712752
1.197082
1.041883
0.417952
-0.295690
1.466161
-1.500534
1.942216
-1.883935
0.531108
0.465912
0.676492
0.192441
-0.552538
-0.721666
0.079169
-0.629258
-0.283345
1.076227
-0.141486
-0.194622
-0.530765
-0.281083
-1.420973
0.940452
1.143655
0.040215
-0.165965
-0.894191
1.081043
-0.759691
-0.664072
1.180165
1.013188
0.259050
0.425193
-0.034074
-0.356664
-0.646102
0.245993
-0.204094
1.379900
-0.664519
0.191823
-0.383642
3.614374
0.263968
-0.296621
1.690779
-0.605678
-1.030560
-0.488505
1.726941
0.352688
0.898185
0.538839
-0.271655
-0.685821
0.286073
-0.613216
-1.940286
-1.354568
-0.495256
0.334711
-0.328819
-0.843518
1.292828
-0.913103
-0.881780
-1.038012
-1.214860
-0.020891
0.447823
1.849779
-0.869967
-0.288728
-0.912180
0.518375
1.239571
0.565482
-1.288319
0.177398
-1.039707
0.566318
1.327548
-1.435610
0.527687
0.508347
-0.722521
0.626980
1.130983
-0.290765
1.527223
-0.954705
-0.682057
0.101905
-0.539662
-0.121037
-2.346308
-0.463391
0.818950
0.790459
-0.747020
-0.635176
0.131049
-0.974646
-1.363841
0.147737
1.250094
-0.246916
1.336660
-0.191812
-1.028872
-0.312028
-0.572327
1.085298
0.078671
-1.244566
0.606136
-1.166881
-0.800216
-0.648656
-1.468694
1.020577
-0.108287
2.292809
-0.256167
1.321924
0.030138
0.238842
1.280062
1.058268
0.597564
1.473392
-0.298231
0.261481
-1.045667
1.562622
1.716056
-1.904886
-0.771436
-0.570667
1.064099
-0.105208
0.782395
0.307350
-1.984914
-0.454188
0.604817
1.028213
0.297771
0.666517
0.300861
-1.782215
-0.250956
0.585290
1.575369
-1.102941
0.721607
-2.161589
-0.594666
1.230544
1.779705
-0.086774
0.106280
1.115837
0.980320
0.187354
1.249732
-0.390633
0.205020
-1.054452
0.916014
0.484059
-0.114047
2.077566
-1.437508
-1.359215
-0.669937
-1.483984
0.566470
-1.897717
-0.048262
-2.299723
1.902163
1.303276
0.380815
-0.415694
1.492201
0.095159
1.870959
0.892567
-0.908151
-0.364308
-0.678715
-0.480814
0.310540
0.710477
0.760543
-0.570754
0.949020
-1.005235
0.973963
-1.533064
-0.042366
0.523121
-1.349347
-0.060564
1.548946
-0.434024
0.510369
0.809300
0.229973
0.410347
0.625809
