1.188956
0.812246
1.321104
0.960488
0.978322
0.320630
1.020884
1.506719
1.596588
1.214116
0.308260
0.978273
0.685954
1.405550
1.005356
0.961520
1.113612
1.395771
0.774628
1.202083
1.690298
1.576892
1.041402
1.039882
0.840806
0.762279
1.439847
0.944627
0.910039
1.666633
1.191933
1.643748
0.249231
1.207102
0.668555
1.496487
1.227773
1.244107
0.742581
1.101337
1.391824
1.298179
1.223194
1.528646
1.560710
1.255284
0.303334
1.445883
1.216483
0.391373
1.239910
0.831952
1.161363
1.541952
1.493137
1.227771
1.101973
1.302589
0.906630
0.312282
1.071853
0.815235
0.971802
1.481954
1.342135
1.205593
1.266587
0.385230
0.376751
1.064739
0.760138
1.530330
1.480461
1.053601
0.583971
0.652142
1.050512
1.484933
0.318247
1.286917
1.157803
0.364289
1.044229
1.288112
1.330790
0.760337
0.324870
0.863261
1.375353
1.036825
1.283534
0.261953
1.277649
1.302370
0.786786
1.207346
1.757183
0.768040
1.272120
1.229210
0.870604
0.797781
1.653403
0.938217
1.042005
0.798210
1.244537
0.742839
1.705798
0.369867
1.364626
0.921610
1.356784
1.640632
0.336162
0.330741
1.226474
0.940541
0.938480
0.350037
1.550869
1.350293
1.150107
0.952925
1.167230
0.707566
0.630546
0.249241
1.533604
0.995991
1.541173
0.964540
0.967162
0.319572
1.405577
1.445937
1.203477
0.783425
1.029700
1.143375
0.963827
1.557313
1.400700
1.156840
0.804089
1.360274
1.052041
0.335633
0.888109
1.043165
1.159317
0.951858
1.176173
1.042048
1.456397
1.172711
1.274844
0.345707
0.781685
1.148543
0.969437
1.138644
0.464801
1.034631
1.014129
1.292147
0.949267
1.621730
0.539830
0.756771
0.924052
1.345906
1.173418
1.218667
1.047775
1.301932
1.448513
0.745687
1.855969
1.838332
1.536414
0.753419
1.041675
0.882586
0.338206
0.316886
1.037963
1.207830
1.489766
0.307244
1.674614
1.501424
1.584120
1.014201
1.757997
1.170252
1.031151
1.043877
1.067999
1.583577
1.467131
0.973746
1.203679
0.945374
0.340593
0.749660
1.390806
1.436021
0.824734
1.162213
1.170607
0.900094
1.649844
1.169903
1.233887
1.338888
1.251131
0.870185
1.681495
0.904904
1.146891
0.818066
1.648617
1.121261
1.151345
1.273587
0.849583
1.480021
1.289673
1.289527
1.362403
1.003922
1.256576
1.168691
1.229046
0.384628
1.426376
0.790502
1.226074
0.570759
1.122108
0.363431
0.533636
0.950242
1.040996
0.751159
0.333747
1.469012
0.487886
0.869846
1.144884
1.514664
1.182149
1.117606
0.392016
1.047904
1.477740
1.006897
1.013589
1.462897
0.866673
1.920209
1.338966
0.967383
0.988049
1.099419
1.170030
0.238771
0.353516
1.290113
1.166499
1.371509
0.842581
1.362256
1.493500
1.505928
1.344601
1.234059
1.383956
0.587344
1.366697
0.667168
1.280462
0.841445
0.543531
1.334437
1.574653
1.255335
1.262184
0.934141
1.028898
1.098881
1.278001
1.190969
1.117128
1.207360
1.251534
1.427510
1.257686
1.145376
1.195787
1.874248
1.171509
1.213216
0.948153
1.548039
0.862675
1.149160
1.633309
1.620774
0.738857
1.295585
0.919190
1.607958
1.552927
0.951256
1.545891
0.744326
1.245765
1.482806
1.024515
0.962028
1.468721
1.109868
1.297073
0.315217
1.213912
1.465747
1.185522
1.110396
0.749422
1.728563
1.180180
1.378346
1.197695
1.454141
0.862172
0.812979
1.055848
0.572557
1.424559
0.659671
0.931335
0.345733
1.212904
1.320352
1.309691
1.210006
0.855118
1.209093
1.230462
1.795844
1.069288
1.452271
1.002342
0.921723
1.218544
1.097740
1.047129
1.179282
1.513203
1.252059
0.361550
1.219691
0.228195
1.255460
0.341634
1.346930
1.014333
1.083781
1.048032
0.968467
1.336312
1.510233
1.201609
1.020510
1.079206
0.862597
1.311414
0.946679
1.350430
1.074977
1.041612
1.146774
1.403961
0.418116
1.226403
0.949684
1.277558
1.123081
1.029730
1.219142
1.152974
1.326448
0.917382
1.258437
1.279182
1.381979
0.350239
1.615802
1.231611
1.211899
1.270943
1.071638
1.237185
1.305239
1.311119
1.042181
1.615398
1.251513
1.320161
0.707543
1.496361
0.317492
0.910406
1.013575
1.356239
0.959986
1.607444
1.021171
0.809230
0.375792
1.005741
1.503089
1.167461
1.190035
0.199980
1.052771
0.641451
1.181382
1.137880
0.955712
1.368091
1.347628
0.648801
0.342628
1.465659
0.725991
1.438034
1.227111
1.438579
1.188016
0.852369
1.081507
0.270935
1.398040
0.537408
1.057124
1.717565
1.164134
1.238661
1.322390
1.265396
1.225474
0.910620
0.810571
1.762432
1.390455
1.201285
0.975021
1.306606
1.488596
1.534820
1.267035
1.285858
1.084562
1.448358
1.335555
1.131465
1.326435
0.422522
1.175704
1.147860
0.797755
1.197607
1.185381
1.293980
1.246445
1.013799
1.636632
1.593249
0.728540
1.561328
1.066935
1.449088
1.290250
0.359117
0.378436
0.975933
0.310873
1.048074
1.339492
1.423667
1.448216
0.334640
1.380792
1.598970
0.898424
1.750922
1.070948
