0.122871 0.000983 0.218551
0.110679 0.017456 0.189576
0.114023 -0.002105 0.220810
0.113605 0.006451 0.216091
0.095447 0.035905 0.184441
0.052292 0.060572 0.138219
0.000000 0.016899 0.218793
0.000000 0.033349 0.202376
0.084593 0.048636 0.195592
0.110306 0.069500 0.195297
0.037855 0.086986 0.143232
0.000000 0.063399 0.165718
0.047700 0.028763 0.189363
0.771318 -0.344005 0.265042
0.068551 0.057070 0.178367
0.000000 0.064126 0.131698
0.000000 0.087552 0.140112
0.092494 0.078126 0.183004
0.528896 -0.190413 0.279923
0.103487 0.026597 0.206373
0.000000 0.056751 0.183696
0.000000 0.041192 0.205507
0.060264 0.090767 0.155083
0.082475 0.096768 0.152318
0.049064 0.056874 0.144727
0.006942 0.035116 0.188783
0.018784 0.020516 0.213006
