0.197955 0.129927
0.196028 0.139491
0.194261 0.149542
0.192689 0.159970
0.191335 0.171184
0.190244 0.182670
0.189460 0.195057
0.189060 0.208405
0.189064 0.222147
0.189467 0.236018
0.190290 0.250098
0.191438 0.263836
0.192722 0.276545
0.194363 0.289431
0.196211 0.301917
0.198324 0.314326
0.200633 0.326481
0.203397 0.339262
0.206261 0.351607
0.209105 0.363326
0.211984 0.374722
0.214719 0.385462
0.216903 0.394630
0.218739 0.402845
0.220232 0.410179
0.221400 0.416697
0.222262 0.422437
0.222929 0.427749
0.223419 0.432656
0.223522 0.436465
0.223286 0.439218
0.222756 0.440914
0.221953 0.441469
0.220807 0.440214
0.219518 0.437908
0.218160 0.434808
0.216751 0.430919
0.215358 0.426605
0.214080 0.422444
0.212871 0.418274
0.211710 0.413951
0.210643 0.409894
0.209687 0.406368
0.208821 0.402999
0.208067 0.400240
0.207417 0.398495
0.206847 0.397902
0.206327 0.398713
0.205819 0.400948
0.205260 0.405258
0.204618 0.411153
0.203863 0.418709
0.202994 0.427499
0.201972 0.437853
0.200848 0.448730
0.199615 0.460403
0.198215 0.473516
0.196675 0.487735
0.195009 0.502985
0.193177 0.519719
0.191258 0.537533
0.189390 0.555636
0.187703 0.573234
0.186190 0.590766
0.184914 0.608425
0.183923 0.625363
0.183247 0.641801
0.182880 0.657749
0.182855 0.673177
0.183156 0.688353
0.183781 0.703076
0.184695 0.717171
0.185918 0.731045
0.187471 0.744909
0.189299 0.758313
0.191435 0.771464
0.193783 0.783983
0.196429 0.796416
0.199376 0.808733
0.202617 0.820889
0.206210 0.833119
0.210106 0.845150
0.214274 0.856857
0.218764 0.868429
0.223616 0.879931
0.228908 0.891505
0.234669 0.903171
0.241135 0.915291
0.247790 0.926749
0.254653 0.937649
0.262270 0.948931
0.270715 0.960548
0.279376 0.971530
0.288941 0.982748
0.298588 0.993126
0.308868 1.003321
0.319696 1.013207
0.331015 1.022640
0.342896 1.031683
0.355377 1.040328
0.368111 1.048253
0.380636 1.055316
0.393639 1.061923
0.406352 1.067777
0.419591 1.073251
0.432422 1.078052
0.444818 1.082270
0.457603 1.086273
0.470179 1.089885
0.482108 1.093059
0.493620 1.095971
0.504787 1.098607
0.516099 1.101263
0.526942 1.103694
0.537060 1.106026
0.546983 1.108267
0.555955 1.110402
0.564479 1.112539
0.572576 1.114680
0.580480 1.116881
0.588047 1.119123
0.594767 1.121332
0.601718 1.123659
0.608050 1.126053
0.614062 1.128407
0.619956 1.130907
0.625294 1.133371
0.630198 1.135875
0.634752 1.138296
0.638995 1.140756
0.643055 1.143299
0.646663 1.145659
0.650360 1.148211
0.653715 1.150710
0.657212 1.153422
0.660522 1.156039
0.663353 1.158537
0.665800 1.160894
0.668069 1.163267
0.670412 1.165643
0.672542 1.167994
0.674395 1.170262
0.676102 1.172370
0.677753 1.174533
0.679738 1.176990
0.681423 1.179330
0.683263 1.181732
0.684971 1.184129
0.686239 1.186185
0.686860 1.187701
0.687562 1.189292
0.688340 1.190955
0.689151 1.192710
0.690041 1.194437
0.691231 1.196611
0.692509 1.198812
0.693557 1.200899
0.694679 1.202982
0.695541 1.204907
0.695946 1.206207
0.696801 1.208096
0.697536 1.209846
0.698206 1.211543
0.698677 1.212989
0.699626 1.215059
0.700112 1.216601
0.700734 1.218209
0.701000 1.219454
0.701598 1.221036
0.701988 1.222452
0.702617 1.224094
0.703394 1.226025
0.704158 1.227949
0.704680 1.229524
0.705039 1.230862
0.705493 1.232342
0.705902 1.233814
0.706450 1.235386
0.706937 1.236929
0.707541 1.238653
0.707685 1.239713
0.708043 1.240994
0.707984 1.241643
0.708221 1.242838
0.708551 1.244060
0.708956 1.245470
0.709518 1.247169
0.709809 1.248440
0.710231 1.249839
0.710251 1.250638
0.710319 1.251384
0.710390 1.252242
0.710803 1.253615
0.711124 1.254884
0.711379 1.256023
0.711376 1.256655
0.711458 1.257437
0.711708 1.258545
0.711949 1.259706
0.712360 1.261105
