2.511251
0.862136
-0.514202
-0.075337
-0.243936
-2.004229
-0.688297
-0.999109
1.433177
0.108105
-0.886069
-0.277790
-0.523440
-1.670822
-0.328959
-1.145514
-1.444958
0.102765
-0.903953
-0.427329
-0.506852
0.482645
-0.455192
0.742470
0.058092
0.293867
1.077413
1.328533
-0.521394
1.291003
-0.859511
0.797987
1.037455
1.805901
-0.666766
-0.410491
-0.822390
-0.696459
-0.500036
-0.252215
0.444359
0.188109
-0.312982
-0.380176
-0.205326
2.665522
-0.669053
-0.200634
-1.321248
-1.277904
0.959918
-0.484819
-0.486411
0.962572
0.363219
-1.629940
-0.334881
0.025857
-1.978631
0.568727
-0.525505
-0.756210
2.234348
1.238989
0.166608
1.405598
0.795533
0.054264
-0.516019
-0.782635
0.877066
0.623682
-0.296827
0.597901
3.406941
-0.069441
0.343085
-0.762849
0.546801
0.862217
-0.175816
0.387901
-0.804976
-0.119237
-0.357913
0.012265
1.238905
-0.842486
-1.399250
0.654131
-2.267125
-1.292774
0.134183
1.645961
1.296052
-1.042958
-0.010411
0.755966
-1.670203
-0.781422
0.727362
2.897358
1.509424
0.408067
1.871146
-0.831004
0.810966
-0.341350
1.818766
-0.530783
0.207759
1.910382
-1.060636
0.824752
-0.658473
0.590947
1.672404
-1.453279
2.594358
0.101218
-1.007552
-0.636645
0.151439
-1.051202
-1.213791
-1.008527
1.856978
-0.409234
-0.141963
-0.294419
0.330199
-0.194954
0.193260
-0.061612
1.915114
-0.683174
-0.676317
-0.734393
0.268323
0.733300
1.099150
-0.626180
1.096785
-0.062566
-0.277495
-0.057857
0.495093
0.358853
-0.112356
-0.183980
1.977651
0.082009
0.106290
-0.198279
-0.817564
-0.871154
-0.567520
0.335195
-1.423010
0.116377
-0.234203
0.846859
1.189236
-0.505725
-0.398215
0.103643
0.579413
-1.258161
-0.928109
0.347109
-1.127679
-0.689110
0.249435
-0.908241
-0.449549
0.681616
0.872573
0.378902
-0.260353
-0.357344
-0.188434
-1.287767
-1.359237
-1.133320
1.082592
0.764342
0.696003
-0.989757
-0.798936
-0.077735
0.437003
-0.739845
3.110502
1.214451
0.256609
-0.940887
-0.520430
1.072348
-0.023175
1.759819
0.511864
-0.600675
-1.029500
0.575210
-2.023316
1.348415
-0.973101
-0.343281
0.258002
1.586251
-0.533997
-0.272522
0.162089
0.080613
-0.747031
0.778864
-0.317912
1.333712
1.152311
0.703044
1.129193
-1.157883
0.257145
0.039768
-0.361802
-0.579832
-0.913712
1.628689
1.728412
1.143771
-1.096374
0.160500
-0.457299
0.883266
1.379792
-0.526575
-0.943918
-0.848231
0.574043
1.254666
0.989511
-1.143498
-0.367491
-0.394182
-0.547259
0.318816
0.272904
-1.233806
-0.548199
0.998791
-1.119733
-0.283110
0.144464
-0.056723
-0.846504
-0.237254
0.991214
0.560583
0.468572
-1.429151
0.702529
-0.355938
0.975806
-1.038203
-0.488539
0.638658
0.527363
-0.703738
0.014854
-0.236557
-1.055415
-0.768699
0.381816
1.104642
1.108367
0.439048
1.054461
-0.152759
-0.541690
-0.430451
-0.291034
-0.596004
0.114123
2.940708
-0.708472
1.152608
-1.424279
0.739243
-0.730058
0.877824
1.349184
-0.262492
-0.416905
0.730927
3.684457
0.598642
0.125348
1.347591
-0.228137
-1.774858
1.205744
-0.183061
-0.543267
0.009839
-1.208524
-1.876923
-0.786606
0.633466
0.320314
-0.364027
1.351890
-0.399392
0.382186
0.112471
0.806391
0.451336
-0.604715
2.632755
-0.433790
1.174197
1.672018
-0.211579
-1.660735
0.361578
-0.100624
-1.114385
1.554554
2.445195
-0.673135
1.552861
0.135842
-0.934928
-0.798208
1.595250
1.362970
0.991425
-0.653547
1.568047
-1.116245
1.484874
2.319174
-0.660288
-1.050677
2.154140
-0.399131
-1.096010
-0.175460
-0.147106
0.143391
1.141222
0.405777
-0.487808
2.892216
0.476411
-1.267436
-0.315027
-0.849041
0.231636
-0.088558
-0.436769
-0.451486
-0.383497
-1.565131
-1.224789
-0.837924
-0.373540
-0.347860
-0.728601
0.283753
0.999927
-1.535261
-0.834425
0.399380
0.205564
-0.903631
0.151957
-0.207462
0.492291
1.549370
-0.705418
0.220196
2.061396
2.658219
-0.314943
0.772088
0.142730
0.863619
0.814826
-0.173177
0.613874
0.142004
-0.545982
0.647820
-0.853773
2.208638
1.135604
-0.012715
1.287540
-1.049953
-1.012196
-0.481032
-1.908650
1.121625
-0.014103
-0.502326
-0.048797
-0.051234
0.186469
0.671227
1.044709
2.562391
-0.549952
1.575397
0.524081
-0.558844
-0.637625
-0.188221
1.703286
2.381892
0.359379
0.454862
-0.555257
-0.130721
2.066862
-0.115618
-0.946445
-0.811380
-0.588961
-1.013154
-2.212621
3.205849
0.393777
-0.402241
-1.245422
0.606607
-0.088804
-0.406615
1.025159
-0.817888
-1.195380
-0.328501
-0.412528
1.947886
-1.290624
-0.238117
1.108504
0.224670
-0.723509
1.025327
-0.796633
-1.642706
-0.005169
1.252150
1.098841
3.123199
-1.581281
-1.880659
-1.355100
-0.223383
0.263406
-0.268775
-0.050316
0.828621
-0.464419
2.521189
1.776113
0.215304
3.316838
-0.573054
-0.997648
-0.911556
-1.539678
-1.130369
2.592043
-0.024195
-0.611865
-0.954917
2.100149
-0.846159
0.222731
0.195408
0.808507
0.123474
0.375062
0.323620
-0.923522
0.776905
0.706580
-1.361231
-0.791913
-0.459595
-0.077677
-1.790514
-0.643335
-1.360265
-0.337926
0.537058
-0.853940
-0.618962
0.444441
-1.428368
1.713172
-0.031456
-0.141891
-0.217534
0.864592
-0.500362
-0.155609
0.206689
-1.756644
-0.020598
-0.516760
0.692565
2.299449
2.583259
-0.296833
-1.895515
-0.189971
-1.230396
-0.651828
1.017767
0.796517
0.612913
0.440591
-0.229358
-0.230263
0.193763
0.295883
-0.509825
0.360716
-0.150422
-0.589675
1.840242
0.560652
-0.342291
-0.042962
-0.147478
-0.852668
-0.906095
-0.360758
-1.239088
-0.874231
-1.233264
1.208332
0.113985
0.152298
0.611074
0.369974
0.063261
0.421100
0.038826
-0.803879
-0.958880
-0.641727
0.197956
-1.381981
-0.923398
0.344457
-0.440741
0.790695
-0.239945
1.149755
0.718057
0.577491
-0.383357
-0.437680
-0.155189
0.988972
-0.686867
-0.236690
2.436427
0.399659
-0.181587
1.184709
-0.504938
-0.245807
-1.465012
1.123448
0.118293
0.137718
-0.819257
-0.543945
-1.117404
-1.313923
-0.350140
0.596943
0.207149
-1.420799
0.622974
-0.880764
0.979785
-0.917524
-1.603439
0.122076
1.466762
-0.257359
-0.611505
1.890855
0.804716
-0.801159
-0.689994
-0.696821
-1.110866
2.856875
0.272501
-1.679211
-0.108529
-0.951229
1.601209
-0.097230
0.987966
-1.875832
1.483939
0.834240
0.652597
-1.453666
-0.698143
-1.026379
0.534125
-1.633348
2.122760
0.681659
-0.102730
0.272083
-1.060810
-0.739348
-0.229325
0.057170
-0.727593
1.063007
0.262966
-0.593985
0.209956
-1.063955
0.460878
0.033665
-0.374929
0.080495
1.394424
-0.835771
-0.681477
0.542359
-1.490937
-0.269334
0.398623
0.405594
-0.485697
0.218033
1.157775
0.822951
0.057472
0.653224
1.145784
0.796075
0.197576
-0.548785
-1.351940
0.456807
-0.405782
1.983010
-1.178980
1.510499
3.101123
0.414353
1.088454
-0.087104
-0.430215
2.390170
0.049983
0.731373
-1.039703
0.864254
-0.663241
0.161208
-0.089720
-0.311676
-0.876922
0.302212
-0.312774
-0.458674
-0.337232
-0.791716
-0.414187
-0.485673
-1.138859
1.362196
-0.261982
-0.974176
-0.695915
0.570172
-1.181376
-0.389209
-1.105470
-0.471434
1.890366
0.467212
2.221012
1.139260
2.382270
2.410685
-1.271099
-0.224765
-1.453964
-0.404889
1.349364
-1.135785
0.690128
-0.993475
-1.394984
-0.482416
-0.504147
-0.108057
1.114321
0.859161
2.463228
0.185101
1.473533
0.055381
-0.449195
-0.340270
-0.050915
-0.249619
2.621698
-1.077562
-1.010291
-0.237542
1.100854
-1.304549
-0.211118
-1.984670
-0.758104
-0.665057
-0.486076
-0.448430
-0.853342
1.575456
1.853000
-0.902762
-0.982819
0.287947
-1.762411
-1.881167
-1.447363
-1.234762
-0.444615
0.905926
0.480400
-0.511473
2.606037
1.384976
-0.443956
0.448324
-1.774496
1.832589
0.455142
1.372559
0.248337
-1.021230
-0.218404
-0.544815
-0.468657
-0.510539
-0.664507
0.665447
-1.747093
-0.337437
0.569078
-0.323400
-0.143369
0.195496
0.060800
0.703414
-0.441479
-0.308524
-1.754833
-2.506436
-1.574010
-0.712460
3.182511
-0.668311
0.767109
-0.550365
1.900258
-0.662669
1.555762
-0.425296
0.303865
0.908123
-0.485163
2.253574
-0.987895
-0.276658
0.076365
0.423831
2.124610
0.044180
-0.744903
0.250113
0.282579
-1.074561
-0.263533
-0.444075
-0.657622
-0.171918
-0.416503
0.809758
-1.179505
-0.546832
0.195023
-0.568513
-0.894153
0.335130
1.334698
0.169654
-0.351821
0.063960
-0.152223
0.926177
1.098470
-0.038721
-0.648955
3.281341
-0.169262
1.417894
2.552447
0.503277
0.024953
-1.262196
-0.906829
1.474387
-0.360069
-1.380134
-0.922861
-0.535138
0.487738
-0.286597
-0.170481
-0.888042
0.879916
-0.692655
0.504034
-0.005668
-0.494982
-0.112256
-1.054417
0.356961
0.026920
-0.473302
1.515360
0.197087
0.326800
-0.083624
0.399299
-0.582671
-0.627838
-0.078418
-0.781758
-0.076794
-0.880431
0.008752
-0.612004
-0.477391
0.949916
-0.721304
-0.079549
0.061091
0.074068
0.398499
-1.042192
-0.412456
0.581517
0.806330
0.016492
-1.197382
-1.022384
-1.010914
-0.343115
-0.047946
0.669599
0.386885
-1.212564
-1.545458
3.761920
-0.925445
0.276000
1.304494
-0.461478
-0.744008
-1.011779
-0.346147
-0.769299
-0.883196
-1.789914
-0.385134
1.041610
0.733430
0.578084
0.170816
-0.681986
-0.377796
-0.726959
-1.313019
-0.003255
0.008524
0.009866
0.199300
-0.900550
0.556227
-1.022894
0.741999
-0.331910
-0.075872
-0.924237
1.245861
0.078163
-0.994860
0.533081
-0.973547
-0.934737
-0.261758
-0.508332
-0.838401
0.894287
-1.201221
-0.314666
-0.668736
-0.534480
-1.814284
0.070383
0.341939
0.318306
-0.118296
-0.757230
-1.354432
-1.061691
-0.097149
0.541499
-0.374587
-0.970827
-0.549264
3.054414
-0.555609
0.240182
-0.265039
0.136029
0.552113
-1.604397
0.547109
-0.047749
1.268945
-0.966930
2.508121
-0.732241
-0.225417
0.260599
3.256968
-1.413441
-0.126290
-1.288155
1.511309
0.698009
0.073953
-0.269928
1.373194
-1.124388
-0.912834
0.326242
-0.132004
0.313405
-0.163253
-0.053713
0.084194
0.576554
-0.674452
0.798921
-0.508516
-0.283735
-1.155044
0.548684
-0.925612
-0.861493
-0.403855
-1.085802
-0.662370
-1.351066
-0.839060
-0.600452
0.017584
0.578582
-0.088740
1.574461
0.149065
0.084437
-0.505136
0.277090
-0.571522
-0.861367
-1.087315
-0.659325
-0.506912
-0.735517
-0.513581
-0.037001
0.508247
1.260469
-0.065527
2.700297
-1.315548
-0.453183
0.050161
1.904366
-1.179373
-2.166815
-0.104820
1.112736
0.694840
-0.848436
-0.395200
-1.521000
-0.179786
1.430768
1.295289
2.039387
1.462781
-0.683161
-1.326969
-0.362358
1.210102
0.379219
2.661935
0.629419
-0.065882
0.371736
1.415003
0.440468
-0.282275
1.506732
-1.215317
0.258515
0.227399
-1.238721
1.405519
-0.743968
0.446597
-0.377560
2.767330
-1.051999
-0.014754
0.497914
2.353364
1.572460
-0.249638
-0.601977
0.519411
0.375335
0.087094
-0.595702
1.007823
-0.610564
-0.386091
1.607896
0.810162
-0.495895
-0.647999
0.009272
0.172666
-0.377355
-0.041066
-0.519808
0.561718
-0.061254
-0.530396
1.007328
0.557841
-1.378052
-0.443319
-0.489132
-1.213865
-0.003282
0.468620
2.237046
-0.424874
-1.328540
-0.156935
0.363515
1.132911
1.607183
1.157503
0.206794
1.870356
0.698348
-0.803972
0.306577
-0.077474
-0.656832
-0.292465
0.689595
0.742297
1.063076
-1.042675
3.539846
1.647774
-0.563830
0.756538
1.433266
0.369876
-0.657291
-1.037834
-0.461775
0.115125
-0.640331
0.389639
-0.884012
-0.359128
0.572384
-0.165341
-0.472882
-0.814847
-1.010516
-0.320249
-0.502350
-0.730354
0.826763
0.938349
-0.854414
-1.238221
0.019466
-0.451922
0.185145
-0.339548
0.443709
0.057967
-0.401517
-0.404917
-0.059597
0.601708
0.078662
-0.055436
0.375824
0.380566
-0.532287
-0.934975
-0.354330
-0.016991
-0.060746
0.363338
-0.770106
-0.120452
-0.457370
-0.513532
-0.384399
-0.726301
-0.320968
-0.444649
-0.921528
2.243340
1.835780
-0.476991
-1.352632
-1.630145
0.824624
-0.613883
0.068948
-0.102710
0.225519
1.954161
-1.162168
2.273301
0.249782
-0.232764
0.581601
-0.288641
1.134816
-1.605789
-0.692597
-0.776648
2.203688
-0.689992
-0.986824
-0.067098
0.085553
-0.884759
-0.893630
-0.207842
-0.828405
-0.518556
0.190846
-0.547796
2.301935
-0.433739
0.367343
-0.119220
-0.145829
-1.129946
1.110887
-1.305998
-0.402285
-0.502745
1.788589
1.761496
0.072964
0.539711
-1.011292
-1.232196
-0.467220
0.222284
-0.260126
-0.466506
-0.248875
0.460420
-1.115542
0.658341
-0.353561
-0.450123
0.038389
-0.823598
-1.907998
0.724461
0.719286
2.155480
0.429565
0.201246
-0.442443
-0.839366
0.771717
0.518148
0.722046
0.198501
-0.460310
-0.891533
-1.447899
1.243909
0.511970
1.087829
-0.158515
-0.094005
-0.298611
1.122865
-1.124687
0.524216
-0.722577
-0.493737
0.618618
0.693881
0.621852
0.296306
0.586824
-0.411511
-0.026474
-0.265317
-1.441824
-0.548632
0.589821
-0.027164
0.965403
-0.840651
-0.296670
-0.055355
-0.521047
-0.814623
-0.480574
0.766372
0.248698
-0.596344
0.047647
0.140255
-0.950651
0.799359
0.442587
-1.148284
-0.660812
-1.525365
-0.838788
-0.186062
-0.414334
-0.828574
-0.015859
0.820166
0.468947
0.908448
0.537494
-0.371979
2.547794
-0.187002
0.361966
-0.900998
0.648596
-0.938781
0.451922
2.142570
0.971634
1.550898
-0.802014
-0.188504
-1.264614
0.200180
0.880749
-0.669176
-0.200663
0.759146
-0.939771
-0.467200
0.319221
0.213107
1.178426
0.121259
-0.190875
0.494984
-1.218017
-0.295755
-0.573744
-1.227398
-0.178523
-1.378356
0.304351
-1.627610
-0.769890
1.548709
1.916137
-0.562511
-1.006422
0.274010
-0.053955
0.653658
-1.062765
-1.135632
0.132089
-0.231795
-1.029756
0.527138
0.092186
-1.250346
-0.367376
-1.201792
0.072859
-0.988949
-0.433878
-2.030934
-1.185261
0.442759
-0.891257
2.163874
-0.086218
-1.070527
1.771596
-0.487459
1.850037
0.729688
-0.125829
1.606708
-0.595199
0.459735
1.136836
0.931773
-0.466011
-1.113476
-0.357172
0.443756
-0.545074
-0.056976
0.884486
-2.016659
0.294372
1.769283
-1.630996
1.657774
-0.498003
0.260016
0.688754
-1.164513
0.375169
0.040978
0.418387
-1.492695
0.139991
-0.255799
-0.899037
-0.859428
2.304238
-1.275405
-1.009084
0.029617
0.353179
0.074797
-0.644628
2.044660
-0.820911
-0.004939
-0.999168
0.279183
-0.846770
0.784315
-1.948999
-1.073857
-0.722952
-0.806101
1.741442
-0.551560
-0.819198
0.694171
0.298038
0.317961
0.381763
0.680880
-0.202134
-0.179884
-0.781884
-0.522176
-0.058733
0.215483
2.532331
-1.293456
-1.251681
3.022383
-0.237856
-1.374671
-0.739681
-0.804943
-0.634490
0.429537
-0.428385
0.179427
-0.528315
0.704568
0.361539
-0.217431
-1.716517
-0.631596
-0.712867
0.309258
-1.194484
0.709449
-0.190624
-0.536133
-1.309811
-1.499434
-0.301679
0.088729
0.366797
1.865822
-0.876306
-1.034526
0.439096
0.920891
-0.652293
-0.141077
-0.764534
0.605951
0.369694
-0.515228
-0.944338
-0.277594
-1.689419
-0.457950
-0.819427
0.730748
-0.085758
1.135929
0.770221
0.333290
0.607645
-1.423499
0.196594
-0.300780
0.361454
-1.123310
-1.275621
-1.015501
-0.407372
-1.580551
-0.198351
-0.770375
-0.027503
0.377818
1.514388
0.523368
-0.804996
-0.184737
-0.106068
1.485964
0.113246
-0.338374
0.661757
-0.873101
0.758787
-2.158126
-1.302808
2.404577
1.531425
2.534431
-0.896320
-0.699397
0.819704
-0.774802
2.056240
-0.469547
1.461585
-1.454327
0.189788
-0.408825
-1.084453
0.966232
-0.822993
-1.143627
-0.466587
-1.830385
-1.166969
-0.515207
-0.696559
0.692666
-1.151019
-1.441800
2.865562
-1.628180
1.950359
2.366120
-0.814590
-0.964915
0.090628
0.327484
-0.281834
-1.182713
-1.374795
-1.123616
0.400844
-0.416101
1.651467
-0.483601
0.110842
1.034627
-0.199990
0.399593
-0.122074
0.112587
-1.682591
0.388890
-0.272628
0.673343
0.505397
0.303119
-1.383574
0.526225
-0.244442
0.301295
1.365413
-0.691750
-0.355980
-0.459545
0.393650
-0.918958
0.093126
-1.150539
0.407157
0.376917
1.279667
2.221288
-0.391387
0.354176
0.707129
-0.851227
0.970387
1.567170
-1.060652
-0.648395
-0.349135
0.855511
-0.591615
-0.991678
-0.386925
0.712783
0.339454
1.107478
-0.438280
-0.673858
-1.978426
0.808189
0.788718
-1.004793
-0.548385
0.268542
-0.264438
-0.341043
0.087850
-0.086947
-0.651179
-1.893695
0.057702
-0.683280
-0.299784
-0.610437
-1.078071
-1.359886
0.132175
-0.420913
0.446820
0.848867
0.032317
0.384950
-2.109900
0.348781
-0.597648
0.090762
-0.381690
0.735159
-1.038782
-0.187961
-0.317751
-1.344689
-1.135670
0.497588
-0.301260
0.204557
1.531751
-0.883453
2.957260
0.421674
-0.219555
0.172988
-0.653965
-0.564019
-0.404696
0.508373
-0.197762
-0.464320
-0.614448
-0.405528
0.189832
-0.792449
-0.555968
0.203356
1.367705
0.317334
-0.943834
-0.749476
0.680481
-0.231352
0.996792
0.719885
-0.005921
0.034660
0.174562
0.135582
-0.293517
2.746419
0.701320
1.148822
-0.018908
-0.861602
-0.472799
-0.580912
-0.019111
-1.276521
