55.321070
55.536568
55.752067
55.967565
56.183063
56.398561
56.614060
56.829558
57.045056
57.260554
57.476053
57.691551
57.907049
58.122547
58.338046
58.553544
58.769042
58.984540
59.200039
59.415537
59.631035
59.846533
60.062032
60.277530
60.493028
60.708526
60.924025
61.139523
61.355021
61.570519
61.786017
62.001516
62.217014
62.432512
62.648010
62.863509
63.079007
63.294505
63.510003
63.725502
63.941000
64.156498
64.371996
64.587495
64.802993
65.018491
65.233989
65.449488
65.664986
65.880484
66.095982
66.311481
66.526979
66.742477
66.957975
67.173474
67.388972
67.604470
67.819968
68.035467
68.250965
68.466463
68.681961
68.897460
69.112958
69.328456
69.543954
69.759453
69.974951
70.190449
70.405947
70.621445
70.836944
71.052442
71.267940
71.483438
71.698937
71.914435
72.129933
72.345431
72.560930
72.776428
72.991926
73.207424
73.422923
73.638421
73.853919
74.069417
74.284916
74.500414
74.715912
74.931410
75.146909
75.362407
75.577905
75.793403
76.008902
76.224400
76.439898
76.655396
76.870895
77.086393
77.301891
77.517389
77.732888
77.948386
78.163884
78.379382
78.594881
78.810379
79.025877
79.241375
79.456873
79.672372
79.887870
80.103368
80.318866
80.534365
80.749863
80.965361
81.180859
81.396358
81.611856
81.827354
82.042852
82.258351
82.473849
82.689347
82.904845
83.120344
83.335842
83.551340
83.766838
83.982337
84.197835
84.413333
84.628831
84.844330
85.059828
85.275326
85.490824
85.706323
85.921821
86.137319
86.352817
86.568316
86.783814
86.999312
87.214810
87.430309
87.645807
87.861305
88.076803
88.292301
88.507800
88.723298
88.938796
89.154294
89.369793
89.585291
89.800789
90.016287
90.231786
90.447284
90.662782
90.878280
91.093779
91.309277
91.524775
91.740273
91.955772
92.171270
92.386768
92.602266
92.817765
93.033263
93.248761
93.464259
93.679758
93.895256
94.110754
94.326252
94.541751
94.757249
94.972747
95.188245
95.403744
95.619242
95.834740
96.050238
96.265737
96.481235
96.696733
96.912231
97.127729
97.343228
97.558726
97.774224
97.989722
98.205221
