-0.113865 0.504845
-0.111872 0.507760
-0.109828 0.510759
-0.107732 0.513820
-0.105616 0.516917
-0.103337 0.520225
-0.101054 0.523515
-0.098746 0.526797
-0.096454 0.530078
-0.094147 0.533337
-0.091771 0.536668
-0.089329 0.540046
-0.086803 0.543538
-0.084223 0.547093
-0.081589 0.550664
-0.078948 0.554193
-0.076288 0.557734
-0.073561 0.561324
-0.070752 0.564979
-0.067817 0.568782
-0.064863 0.572523
-0.061802 0.576369
-0.058703 0.580230
-0.055602 0.584028
-0.052394 0.587903
-0.049130 0.591786
-0.045712 0.595795
-0.042293 0.599746
-0.038716 0.603814
-0.035092 0.607864
-0.031352 0.611962
-0.027588 0.616032
-0.023682 0.620197
-0.019712 0.624319
-0.015671 0.628458
-0.011465 0.632682
-0.007097 0.636980
-0.002714 0.641222
0.001725 0.645418
0.006331 0.649662
0.011090 0.653965
0.015928 0.658264
0.020857 0.662498
0.025983 0.666857
0.031189 0.671148
0.036549 0.675463
0.041967 0.679714
0.047435 0.683870
0.053220 0.688207
0.059109 0.692478
0.064981 0.696622
0.071147 0.700849
0.077312 0.704961
0.083684 0.709086
0.090004 0.713056
0.096568 0.717032
0.103470 0.721128
0.110529 0.725134
0.117582 0.729044
0.124597 0.732785
0.131658 0.736404
0.138867 0.740008
0.146118 0.743463
0.153778 0.747017
0.161606 0.750484
0.169253 0.753717
0.177106 0.756935
0.184872 0.759969
0.192867 0.762952
0.201016 0.765850
0.208983 0.768536
0.217205 0.771200
0.225466 0.773721
0.233782 0.776103
0.242041 0.778366
0.250237 0.780451
0.258565 0.782459
0.266722 0.784285
0.275047 0.786007
0.283316 0.787609
0.291469 0.789040
0.299990 0.790425
0.308131 0.791613
0.316388 0.792691
0.324569 0.793634
0.332567 0.794441
0.340875 0.795153
0.349188 0.795738
0.356945 0.796172
0.364893 0.796505
0.372740 0.796719
0.380379 0.796813
0.388204 0.796815
0.395619 0.796708
0.402862 0.796499
0.410331 0.796195
0.417920 0.795778
0.425300 0.795267
0.432064 0.794716
0.439442 0.794019
0.446776 0.793224
0.454119 0.792334
0.461299 0.791364
0.467342 0.790470
0.474415 0.789346
0.481353 0.788149
0.487254 0.787056
0.493839 0.785766
0.499803 0.784522
0.505930 0.783175
0.512446 0.781673
0.518861 0.780115
0.524236 0.778741
0.530306 0.777129
0.536121 0.775521
0.541312 0.774026
0.546717 0.772412
0.552663 0.770588
0.558722 0.768669
0.564796 0.766667
0.570670 0.764668
0.575850 0.762849
0.580531 0.761142
0.584935 0.759500
0.590337 0.757467
0.595623 0.755412
0.600809 0.753353
0.606449 0.751065
0.610301 0.749440
0.614077 0.747816
0.617832 0.746174
0.621874 0.744387
0.626598 0.742288
0.631273 0.740172
0.636741 0.737675
0.640567 0.735857
0.643834 0.734264
0.647038 0.732680
0.650152 0.731119
0.655052 0.728728
0.659689 0.726422
0.664505 0.724011
0.668330 0.722019
0.671326 0.720415
0.674259 0.718840
0.677286 0.717185
0.681683 0.714855
0.686391 0.712346
0.690784 0.709966
0.694751 0.707779
0.697613 0.706142
0.700538 0.704463
0.703307 0.702856
0.706537 0.700997
0.710844 0.698564
0.714198 0.696617
0.718375 0.694220
0.720179 0.693074
0.722443 0.691680
0.724443 0.690430
0.727231 0.688728
0.731173 0.686422
0.734837 0.684264
0.738117 0.682278
0.740071 0.681014
0.742582 0.679462
0.744880 0.677990
0.748122 0.676021
0.751181 0.674160
0.754152 0.672314
0.757171 0.670453
0.759447 0.669009
0.761556 0.667622
0.763829 0.666158
0.765951 0.664792
0.769169 0.662800
0.772398 0.660817
0.775618 0.658840
0.778097 0.657263
0.780028 0.655985
0.782261 0.654542
0.784146 0.653288
0.787027 0.651496
0.789801 0.649778
0.792780 0.647921
0.795302 0.646328
0.797234 0.645071
0.799378 0.643671
0.801153 0.642487
0.803874 0.640812
0.806606 0.639104
0.809260 0.637454
0.812104 0.635722
0.813723 0.634619
0.814733 0.633850
0.815979 0.632964
0.818503 0.631405
0.821138 0.629794
0.823645 0.628251
0.826705 0.626427
