0.214226
-0.833498
1.039670
-0.524517
0.836006
0.922214
0.308209
-0.449336
0.517778
0.148813
-0.355184
-0.320647
-0.028355
-0.219550
0.006354
0.640132
0.190621
-0.758941
0.741268
0.083505
1.164195
-0.420942
-0.269785
-0.423525
-0.224098
-0.210661
-0.306660
-0.088126
-0.714550
-0.237244
0.164694
-0.599239
0.482786
-0.633738
0.459472
0.025989
-0.348129
-1.112068
-0.527333
1.173597
0.440278
0.024034
-0.036085
-0.524959
-0.278904
-0.315971
-0.077631
0.023859
0.841590
-0.696012
-0.085983
-0.387623
-0.427009
0.594961
0.233085
0.463785
0.694316
-0.930137
-0.063164
-0.121137
-0.292024
0.216368
-0.277521
0.063746
1.111863
-0.234517
-0.683293
-0.628935
0.459054
1.116646
-0.378520
0.515602
0.077887
0.063332
0.045125
-0.300917
0.419178
-0.916495
0.012844
-0.836921
0.078535
-0.062316
-0.097722
0.067532
-0.467846
-0.321551
-0.993891
-0.137520
0.605558
0.267864
0.108544
0.260805
0.391478
-0.501301
0.646408
-0.232149
0.113370
0.667573
1.081708
-0.284444
-0.179973
-0.020579
-0.397339
1.074544
-0.724271
0.089532
-0.437776
1.192999
-0.454762
-0.284224
-0.358818
0.438821
-0.198159
0.247645
-0.238225
0.208330
0.278818
-0.055081
0.777198
0.332146
0.010539
1.018704
0.104738
-0.168475
1.061497
-0.661853
0.306503
0.229603
-0.194869
1.130517
0.773542
-0.105480
0.441849
0.358416
1.099103
0.104563
0.913325
0.197541
0.215231
-0.369049
-0.204023
0.010074
0.148477
-0.459238
-0.251208
0.525479
-0.079837
0.873340
-0.433999
-0.278201
-0.083644
-0.492221
-0.348186
-0.306930
-0.158453
-0.302201
-0.189403
0.094126
-0.294982
0.158935
-0.175623
-0.608590
-0.617177
0.332624
-0.107140
-0.285229
-0.327766
0.872694
0.065863
-0.273441
-0.193703
-0.442631
0.356524
0.187006
-0.546697
0.339142
0.139135
0.106330
-0.026361
0.179580
-0.478753
0.412169
0.089899
-0.437282
0.383730
-0.215467
1.200000
-0.482554
0.141768
-0.256836
-0.021167
-0.618339
-0.722857
-0.443645
-0.665641
0.507002
1.189397
-0.669530
0.139329
0.132973
-0.216664
-0.456693
-0.305825
-0.193208
0.053604
0.217301
-0.561586
-0.302130
-0.328296
0.118527
-0.483634
-0.179495
-1.037956
0.805798
-0.914372
-0.239470
-0.136714
0.336296
-0.483308
-0.560402
-0.118970
-0.077781
0.378572
0.019219
0.484599
-0.161906
-0.161200
0.640963
-0.134472
-0.563417
-0.096427
-0.300517
-0.273738
0.438282
-0.601868
-0.056510
-0.413657
-0.671986
-0.010122
0.489435
-0.700604
-0.344814
-0.456846
0.131024
0.937938
-0.592397
-0.053956
0.876215
0.008467
0.818268
0.437526
0.219505
1.007293
-0.623427
-0.177216
