0.455001 0.375329
0.468735 0.381085
0.482277 0.386683
0.495629 0.392107
0.534150 0.407071
0.527352 0.570892
0.532244 0.570703
0.537070 0.570477
0.541630 0.570218
0.545177 0.570008
0.555473 0.569313
0.655553 0.389152
0.676703 0.398571
0.732466 0.419508
0.272606 0.334306
0.279293 0.337125
0.286014 0.339966
0.298190 0.345126
0.313208 0.351502
0.638047 0.161869
0.658050 0.181063
0.676698 0.199911
0.723559 0.249580
0.520362 0.498859
0.546699 0.502071
0.572023 0.504395
0.596171 0.505929
0.618928 0.506783
0.665034 0.506936
0.543313 0.610263
0.558506 0.607999
0.573248 0.605514
0.512263 0.338681
0.518845 0.342053
0.335400 0.177728
0.360405 0.185209
0.376964 0.190817
0.418244 0.207130
0.513392 0.476026
0.525726 0.478421
0.537843 0.480614
0.561286 0.484327
0.718166 0.620797
0.723158 0.618493
0.727108 0.616720
0.726297 0.352497
0.730515 0.355280
0.164402 0.183526
0.174205 0.184491
0.184198 0.185588
0.204716 0.188209
0.228050 0.191814
0.247704 0.195397
0.491617 0.583087
0.500923 0.582930
0.510075 0.582643
0.542159 0.580761
0.587263 0.512034
0.596812 0.512368
0.767736 0.408812
0.777459 0.412320
0.787306 0.415816
0.796883 0.418957
0.734753 0.526430
0.742701 0.525141
0.749952 0.523886
0.327996 0.082560
0.334099 0.083478
0.340248 0.084467
0.352587 0.086702
0.786537 0.561520
0.809622 0.553473
0.331060 0.262081
0.341346 0.265927
0.351675 0.269924
0.380011 0.281495
0.357558 0.505733
0.397276 0.516495
0.436481 0.524544
0.474448 0.530053
0.511021 0.533389
0.619682 0.424037
0.625055 0.425705
0.213267 0.479365
0.221910 0.484094
0.230574 0.488666
0.248472 0.497693
0.266771 0.506197
0.285488 0.514221
0.439433 0.546351
0.447348 0.547342
0.455349 0.548247
0.471041 0.549730
0.620029 0.615584
0.626232 0.613792
0.633819 0.611655
0.647255 0.607655
0.483462 0.627979
0.493258 0.627223
0.503128 0.626303
0.523755 0.623899
0.494228 0.233345
0.502383 0.238150
0.510471 0.243021
0.525996 0.252673
0.674554 0.162582
0.681829 0.170174
0.689147 0.177987
0.704056 0.194280
0.573136 0.301268
0.577619 0.304202
0.582050 0.307106
0.590903 0.312916
0.434978 0.404478
0.443956 0.407855
0.452875 0.411150
0.461712 0.414339
0.470517 0.417486
0.487815 0.423426
0.485892 0.502673
0.512151 0.506482
0.465857 0.601327
0.475183 0.601244
0.480691 0.601149
0.486122 0.601000
0.492558 0.600756
0.506666 0.599999
0.174473 0.175707
0.191254 0.177267
0.208611 0.179237
0.226397 0.181651
0.244619 0.184557
0.282230 0.192037
0.321050 0.202008
0.393560 0.430084
0.401089 0.432790
0.406049 0.434515
0.419749 0.439204
0.430832 0.442821
0.549399 0.615347
0.567141 0.612345
0.583120 0.609262
0.612758 0.602709
0.360609 0.423222
0.372785 0.427879
0.384940 0.432379
0.397068 0.436714
0.416900 0.325499
0.426635 0.329908
0.433094 0.332855
0.443734 0.125870
0.447935 0.127658
0.452101 0.129476
0.460441 0.133246
0.479788 0.577736
0.493794 0.577838
0.668723 0.629989
0.694640 0.619743
0.717105 0.610394
0.759540 0.592386
0.401494 0.447408
0.455904 0.463807
0.490900 0.472477
0.418187 0.499596
0.457100 0.507743
0.466694 0.509432
0.499343 0.514154
0.291304 0.169394
0.300644 0.171356
0.324231 0.176973
0.360049 0.187409
0.389830 0.150808
0.397331 0.153393
0.404832 0.156100
0.412417 0.158964
0.343112 0.293988
0.353773 0.298323
0.360921 0.301281
0.280832 0.211597
0.289400 0.213846
0.475329 0.393713
0.485427 0.397682
0.495397 0.401533
0.236977 0.269690
0.252823 0.274996
0.259690 0.277360
0.273565 0.282259
0.593463 0.459548
0.614188 0.463491
0.633991 0.466788
0.670914 0.471725
0.304589 0.518915
0.310813 0.521190
0.317085 0.523403
0.287632 0.412806
0.302567 0.419433
0.311176 0.423150
0.330671 0.431261
0.352559 0.439894
0.562643 0.250800
0.569273 0.255524
0.577004 0.261095
0.582179 0.264868
0.594324 0.273802
0.428875 0.233704
0.435075 0.236639
0.442734 0.240350
0.345980 0.229205
0.367924 0.237256
0.389686 0.245984
0.432548 0.265232
0.102586 0.235324
0.113656 0.237661
0.125015 0.240191
0.153395 0.247063
0.173204 0.252310
0.198928 0.259660
0.143463 0.293072
0.158542 0.298932
0.174059 0.305119
0.206370 0.318419
0.240284 0.332805
0.275622 0.348057
0.342888 0.487352
0.367454 0.495330
0.392059 0.502342
0.440679 0.513372
0.569636 0.646684
0.573609 0.645688
0.577101 0.644775
0.586573 0.642309
0.413169 0.335796
0.423967 0.340605
0.434688 0.345400
0.472186 0.251191
0.482202 0.256680
0.491977 0.262167
0.400980 0.407075
0.409680 0.410387
0.418346 0.413628
0.435556 0.419882
0.478833 0.275249
0.492500 0.282759
0.505761 0.290231
0.531553 0.305177
0.451506 0.412278
0.460006 0.415331
0.468487 0.418351
0.476871 0.421261
0.485179 0.424083
0.662039 0.580636
0.671119 0.578340
0.681963 0.575544
0.696676 0.571565
0.589759 0.263504
0.616276 0.283556
0.640887 0.302362
0.684453 0.334472
0.480359 0.227859
0.489279 0.232882
0.508559 0.244228
0.336276 0.275500
0.342282 0.277834
0.348261 0.280189
0.354221 0.282572
0.358983 0.284502
0.372112 0.289936
0.596373 0.611351
0.601548 0.610157
0.451691 0.456785
0.469682 0.461718
0.487332 0.466169
0.521632 0.473805
0.591430 0.553903
0.619718 0.551102
0.646314 0.547803
0.694590 0.540387
0.450768 0.091456
0.459669 0.095149
0.468689 0.099098
0.486201 0.107412
0.642427 0.626705
0.658068 0.621425
0.672285 0.616397
0.698018 0.606848
0.405756 0.154489
0.419508 0.159785
0.433065 0.165436
0.459566 0.177727
0.386405 0.267279
0.399033 0.272734
0.411545 0.278332
0.423969 0.284078
0.707134 0.643778
0.715090 0.639943
0.722114 0.636473
0.737022 0.629149
0.513881 0.591252
0.522175 0.590705
0.530396 0.590084
0.546559 0.588587
0.257296 0.245993
0.274601 0.251257
0.292151 0.256938
0.327790 0.269530
0.363713 0.283609
0.399519 0.298940
0.602059 0.504382
0.606463 0.504591
0.199096 0.022238
0.222575 0.018938
0.247168 0.016471
0.272716 0.015030
0.522675 0.593881
0.527674 0.593489
0.532639 0.593059
0.659524 0.531806
0.668414 0.530907
0.677077 0.529961
0.693363 0.528034
0.168309 0.305157
0.177584 0.308943
0.187009 0.312836
0.206301 0.320933
0.226163 0.329416
0.344347 0.484755
0.357682 0.489232
0.366571 0.492056
0.484906 0.501879
0.499376 0.504130
0.513483 0.506058
0.522686 0.507176
0.534087 0.508417
0.355511 0.390393
0.362845 0.393384
0.370225 0.396392
0.377559 0.399319
0.384930 0.402255
0.717392 0.921234
0.727346 0.916353
0.741008 0.909337
0.766378 0.895461
0.549491 0.547647
0.553559 0.547587
0.557268 0.547501
0.560962 0.547388
0.553541 0.405904
0.561992 0.409087
0.545017 0.629567
0.566170 0.625576
0.584567 0.621560
0.620164 0.612697
0.198331 0.180468
0.212379 0.182233
0.229653 0.184746
0.256326 0.189412
0.286914 0.196004
0.315399 0.316372
0.328351 0.321668
0.341379 0.327067
0.354420 0.332537
0.367464 0.338059
0.401196 0.352499
0.454250 0.339981
0.468663 0.346694
0.482808 0.353292
0.344780 0.224208
0.362677 0.230615
0.380540 0.237512
0.415843 0.252613
0.243805 0.355643
0.250488 0.358695
0.257184 0.361714
0.270751 0.367832
0.284512 0.373999
0.456017 0.485309
0.477860 0.489924
0.499274 0.493872
0.433918 0.315669
0.442908 0.319894
0.451868 0.324155
0.460734 0.328420
0.725969 0.676226
0.746139 0.664450
0.755113 0.658992
0.596297 0.443933
0.613519 0.448129
0.630076 0.451821
0.789040 0.850955
0.819085 0.830294
0.848455 0.808376
0.893902 0.770937
0.586837 0.460305
0.593763 0.461684
0.600561 0.462963
0.613959 0.465387
0.419342 0.442598
0.429083 0.445750
0.523306 0.626834
0.534416 0.625234
0.545632 0.623451
0.567391 0.619518
0.254216 0.375684
0.261718 0.379167
0.269281 0.382651
0.276870 0.386101
0.287637 0.390963
0.304729 0.398547
0.593945 0.240482
0.619675 0.261083
0.643366 0.280481
0.689346 0.317582
0.433584 0.138949
0.439759 0.141532
0.447167 0.144749
0.458098 0.149757
0.461144 0.333369
0.473242 0.339164
0.485116 0.344861
0.382877 0.693475
0.392287 0.693823
0.716185 0.681807
0.737187 0.669536
0.758020 0.657103
0.796478 0.633847
0.518865 0.365491
0.525302 0.368482
0.531755 0.371463
0.434830 0.362009
0.443359 0.365705
0.451834 0.369350
0.460181 0.372905
0.468504 0.376459
0.484946 0.383372
0.543364 0.620373
0.558676 0.617790
0.125138 0.043822
0.140412 0.040032
0.156188 0.036454
0.189526 0.030057
0.225128 0.025119
0.232376 0.272149
0.239546 0.274544
0.250397 0.278242
0.270633 0.285420
0.591308 0.385789
0.613463 0.395460
0.634380 0.404022
0.578414 0.441929
0.585765 0.443857
0.592888 0.445637
0.426363 0.379131
0.470681 0.396938
0.391417 0.095422
0.409003 0.100708
0.460821 0.120722
0.621905 0.762022
0.630851 0.757923
0.639625 0.753755
0.167355 0.403159
0.189374 0.416005
0.212381 0.428915
0.241225 0.444188
0.261104 0.454013
0.312749 0.476613
0.685877 0.752819
0.696866 0.746401
0.709953 0.738602
0.259474 0.419975
0.273336 0.426560
0.282707 0.430874
0.306413 0.441310
0.471227 0.458694
0.501809 0.466353
0.531274 0.472721
0.591258 0.482481
0.343010 0.508063
0.356823 0.512353
0.370689 0.516316
0.271456 0.553721
0.282273 0.557911
0.293211 0.561852
0.482147 0.415132
0.513115 0.425702
0.542697 0.434916
0.597686 0.449567
0.476403 0.443471
0.482110 0.445154
0.487786 0.446793
0.500137 0.450240
0.564088 0.541224
0.577654 0.540894
0.591228 0.540380
0.600147 0.592220
0.612121 0.589852
0.623259 0.587487
0.518334 0.538288
0.527322 0.538649
0.623037 0.464554
0.648763 0.468547
0.672853 0.471551
0.720990 0.475738
0.502551 0.500863
0.526033 0.504054
0.548698 0.506469
0.591478 0.509379
0.687964 0.635953
0.693825 0.633330
0.701172 0.630147
0.714512 0.624224
0.685036 0.575148
0.698170 0.571478
0.707274 0.568941
0.731020 0.562152
0.241871 0.115483
0.262153 0.116726
0.297135 0.120492
0.333258 0.126712
0.478159 0.446278
0.510851 0.455228
0.542053 0.462630
0.599791 0.473365
0.360577 0.382950
0.373593 0.388296
0.389187 0.394589
0.627945 0.343045
0.647152 0.354627
0.665589 0.365286
0.707076 0.387235
0.655580 0.626240
0.666281 0.622413
0.676596 0.618631
0.695738 0.611369
0.418126 0.283536
0.432456 0.290267
0.446669 0.297141
0.519675 0.731454
0.527907 0.729421
0.537019 0.727051
0.553858 0.722272
0.321957 0.465912
0.331825 0.469705
0.341745 0.473367
0.351689 0.476884
0.361625 0.480245
0.381505 0.486509
0.474095 0.325285
0.485080 0.330754
0.545205 0.416764
0.556602 0.420658
0.567728 0.424328
0.578630 0.427792
0.418583 0.591851
0.426566 0.592525
0.434611 0.593091
0.442739 0.593552
0.556648 0.411248
0.564124 0.413935
0.662196 0.573893
0.675153 0.570748
0.688943 0.567385
0.715235 0.560524
0.523288 0.296452
0.532729 0.302032
0.542012 0.307550
0.333733 0.630460
0.367540 0.635985
0.400664 0.639132
0.464537 0.639421
0.258631 0.382875
0.265908 0.386261
0.273219 0.389615
0.280605 0.393004
0.288047 0.396365
0.303023 0.403010
0.414164 0.338200
0.424612 0.342839
0.433254 0.346692
0.445234 0.352046
0.455425 0.356600
0.459604 0.534699
0.470454 0.535980
0.481308 0.537090
0.395154 0.374414
0.402253 0.377349
0.409335 0.380260
0.416387 0.383141
0.522971 0.619949
0.530695 0.618930
0.539305 0.617746
0.470867 0.653476
0.480155 0.652647
0.489310 0.651698
0.507680 0.649383
0.433046 0.415910
0.442779 0.419386
0.452505 0.422811
0.471622 0.429249
0.571481 0.517753
0.580120 0.518033
0.585986 0.518207
0.599888 0.518417
0.260296 0.380767
0.269598 0.385067
0.515708 0.308220
0.527010 0.314603
0.181852 0.117182
0.189769 0.116927
0.197785 0.116756
0.214224 0.116680
0.231117 0.117008
0.264571 0.373860
0.277797 0.379853
0.291209 0.385879
0.318393 0.397747
0.480398 0.631411
0.490560 0.630619
0.558590 0.107338
0.571037 0.116029
0.389120 0.237710
0.395571 0.240399
0.402039 0.243161
0.408477 0.245976
0.414880 0.248841
0.605322 0.586964
0.618703 0.584392
0.631026 0.581834
0.654331 0.576609
0.720423 0.316115
0.725382 0.320115
0.730502 0.324307
0.476988 0.154151
0.484185 0.157936
0.493229 0.162884
0.502135 0.167964
0.519505 0.178465
0.437763 0.456773
0.446122 0.459189
0.334295 0.659159
0.369296 0.663812
0.403357 0.665971
0.436503 0.665945
0.468696 0.664010
0.536094 0.560857
0.547392 0.560451
0.558857 0.559897
0.487430 0.572696
0.496255 0.572766
0.453990 0.381825
0.463146 0.385580
0.472239 0.389255
0.490184 0.396417
0.483513 0.345789
0.490461 0.349110
0.498634 0.353011
0.512144 0.359439
0.388373 0.010728
0.404763 0.014151
0.429184 0.020421
0.605306 0.470983
0.616001 0.472600
0.626378 0.474040
0.646453 0.476484
0.326307 0.573538
0.333923 0.575576
0.349210 0.579278
0.364629 0.582542
0.768601 0.772928
0.777282 0.766632
0.791761 0.755819
0.812448 0.739532
0.579859 0.433845
0.590392 0.436853
0.600693 0.439668
0.620662 0.444761
0.609285 0.548043
0.617419 0.547275
0.629745 0.546021
0.646839 0.544009
0.589292 0.563040
0.602003 0.561601
0.610879 0.560497
0.765482 0.462488
0.772161 0.463102
0.778795 0.463681
0.424196 0.187244
0.430243 0.189901
0.439265 0.194012
0.454157 0.201182
0.607049 0.166521
0.621425 0.178969
0.637632 0.193667
0.659984 0.214929
0.230299 0.507739
0.243328 0.514248
0.443590 0.328866
0.458074 0.335671
0.298668 0.533070
0.336192 0.545419
0.355085 0.550550
0.373959 0.554961
0.411585 0.561804
0.444333 0.321204
0.453366 0.325491
0.688581 0.469015
0.711718 0.471303
0.733532 0.473005
0.773167 0.474879
0.413125 0.403777
0.420263 0.406503
0.441501 0.414389
0.529966 0.426456
0.541605 0.430138
0.553052 0.433625
0.577369 0.440548
0.523257 0.597313
0.532185 0.596512
0.637124 0.580100
0.645605 0.578231
0.655493 0.575981
0.670493 0.572484
0.491484 0.399359
0.504121 0.404193
0.514314 0.408002
0.224831 0.153122
0.230299 0.153632
0.235812 0.154188
0.242449 0.154916
0.260495 0.157227
0.442059 0.515604
0.448142 0.516691
0.457187 0.518206
0.442104 0.404423
0.450247 0.407479
0.352601 0.372964
0.372042 0.381046
0.391450 0.388965
0.410757 0.396657
0.429893 0.404062
0.467436 0.417828
0.670107 0.517498
0.695192 0.515734
0.717854 0.513684
0.759743 0.509207
0.334860 0.345757
0.340835 0.348275
0.346808 0.350795
0.358780 0.355848
0.464982 0.553685
0.478669 0.554684
0.492126 0.555394
0.527125 0.624204
0.539903 0.622323
0.555698 0.619717
0.490716 0.441222
0.508040 0.446190
0.516597 0.448549
0.525016 0.450776
0.541531 0.454914
0.488526 0.694845
0.496962 0.693481
0.505284 0.692020
0.297263 0.705372
0.308863 0.707593
0.502245 0.561673
0.511576 0.561762
0.520802 0.561734
0.529745 0.561582
0.279230 0.375717
0.291288 0.381095
0.303456 0.386468
0.315706 0.391781
0.328041 0.397038
0.355330 0.408281
0.536329 0.271459
0.548880 0.279540
0.561045 0.287505
0.405741 0.578213
0.413052 0.579134
0.464630 0.514659
0.473145 0.515962
0.483399 0.517387
0.498441 0.519230
0.475006 0.148134
0.483750 0.152673
0.492437 0.157383
0.781378 0.712850
0.788619 0.707564
0.793919 0.703534
0.467995 0.444737
0.474880 0.446771
0.380897 0.525802
0.391362 0.528280
0.401810 0.530565
0.580141 0.726825
0.584804 0.725185
0.588866 0.723714
0.689192 0.736505
0.706354 0.726402
0.725183 0.714960
0.756793 0.694405
0.441117 0.171997
0.446043 0.174258
0.450903 0.176550
0.460633 0.181298
0.538679 0.527082
0.546953 0.527460
0.555088 0.527738
0.566404 0.493874
0.574997 0.494789
0.583444 0.495635
0.189532 0.203530
0.204273 0.206047
0.222409 0.209491
0.250503 0.215610
0.282647 0.223847
0.463441 0.460931
0.470396 0.462775
0.477323 0.464554
0.491014 0.467901
0.486521 0.503447
0.492988 0.504469
0.566265 0.167539
0.575541 0.174485
0.584535 0.181474
0.481593 0.164237
0.492645 0.170286
0.290002 0.486815
0.307790 0.494020
0.329431 0.502005
0.365753 0.513502
0.761416 0.469204
0.774297 0.470020
0.727678 0.525081
0.738131 0.523454
0.750381 0.521534
0.768178 0.518663
0.373171 0.486653
0.383542 0.489776
0.393939 0.492753
0.344548 0.645869
0.356636 0.647687
0.368995 0.649223
0.380899 0.650399
0.550878 0.691598
0.572485 0.685439
0.592865 0.678967
0.629254 0.665890
0.628700 0.361475
0.636862 0.365929
0.642091 0.368728
0.655650 0.375870
0.470361 0.459492
0.476739 0.461176
0.483092 0.462806
0.495638 0.465885
0.562845 0.483157
0.571706 0.484412
0.451880 0.567472
0.460925 0.568118
0.469915 0.568622
0.487606 0.569250
0.547213 0.215523
0.555032 0.221013
0.562750 0.226553
0.577729 0.237603
0.544037 0.569461
0.560576 0.568336
0.565807 0.425944
0.570996 0.427584
0.576157 0.429168
0.586287 0.432223
0.463985 0.506415
0.472697 0.507887
0.483587 0.509611
0.468719 0.018655
0.478229 0.022307
0.487413 0.026067
0.393032 0.357016
0.404872 0.362047
0.410798 0.364573
0.416687 0.367066
0.472030 0.347924
0.482843 0.352988
0.818542 0.711577
0.829637 0.702747
0.837605 0.696448
0.853580 0.683429
0.505738 0.420004
0.511001 0.421807
0.516190 0.423541
0.526447 0.426893
0.896880 0.855347
0.903272 0.850811
0.912881 0.843853
0.926428 0.833810
0.492881 0.515072
0.499906 0.515933
0.507030 0.516745
0.593483 0.213424
0.604084 0.222066
0.614235 0.230504
0.633559 0.247053
0.521796 0.264068
0.547942 0.280630
0.572591 0.296792
0.600085 0.315054
0.621625 0.329221
0.660822 0.353962
0.500591 0.719729
0.507926 0.718249
0.514365 0.716856
0.528384 0.713606
0.516750 0.715563
0.528437 0.712829
0.540123 0.709864
0.583639 0.371698
0.604774 0.381817
0.662474 0.406653
0.643954 0.432411
0.651949 0.434640
0.659745 0.436727
0.833561 0.793158
0.849033 0.780675
0.609501 0.243789
0.622847 0.254789
0.635740 0.265572
0.749417 0.594410
0.758636 0.590526
0.773479 0.584276
0.248919 0.121405
0.281870 0.124441
0.315770 0.129533
0.350515 0.137007
0.385403 0.147001
0.572187 0.240055
0.577383 0.243909
0.582419 0.247680
0.592317 0.255187
0.680747 0.766971
0.690380 0.761552
0.712577 0.748239
