0.068155
-0.259778
0.199021
0.019331
0.644583
-0.103188
-0.367591
0.160511
0.285118
-0.062241
-0.607992
0.387022
0.219585
-0.286812
-0.118858
0.278562
-0.197564
0.471267
-0.441427
0.151911
-0.175234
0.092269
-0.229983
-0.215199
-0.435582
-0.398996
0.304561
0.730333
0.275560
0.015083
-0.120285
-0.329701
0.238072
-0.043320
-0.384955
-0.051030
0.113937
0.446967
-0.274598
-0.555235
-0.064454
-0.138484
0.281291
0.361361
0.113731
0.204764
0.053523
0.093127
0.001748
-0.225502
-0.078806
0.347860
0.251713
0.208068
0.090159
0.002227
-0.153864
-0.497650
0.097640
0.258189
-0.006907
0.227817
0.012682
-0.350122
0.359982
0.300828
0.135650
-0.400825
-0.055067
-0.226342
0.525771
-0.503072
0.364855
0.175580
-0.697203
-0.308575
0.139552
-0.098665
0.650271
-0.316863
-0.180215
-0.001581
-0.149111
-0.119119
-0.008879
-3.049073
-0.205079
0.082527
-0.425487
0.233176
0.067923
0.117595
0.215002
-0.027750
-0.099880
0.138172
-0.923807
0.036121
-2.642278
-0.002715
-0.048554
-0.407275
-0.048918
0.406689
0.413461
0.131446
-0.582033
-0.922743
0.124544
0.074737
-0.396976
0.628346
0.087028
0.146490
0.030744
0.046023
0.472310
-1.097215
-0.154548
-1.237238
-0.107048
-0.049443
-0.186330
-0.307181
0.024984
-0.022456
-0.190079
-0.342142
-0.184835
0.002802
-0.112046
-0.616770
-0.351774
0.378028
-0.026163
0.003974
0.263743
-0.519223
0.172532
-0.771240
-0.133301
0.151898
0.058420
-0.312986
0.075213
-0.325314
0.233773
-0.426861
-0.056007
0.094972
-0.187718
0.034798
-0.387451
-0.467589
-0.002436
-0.133866
-0.052030
0.209230
0.373596
-0.039821
-0.407679
0.622601
0.219847
-0.328732
0.470547
0.422614
-0.061372
-0.498173
-0.236135
-0.262881
0.058271
0.128981
0.691624
-0.018823
-0.309687
-1.758867
0.047418
-0.214448
-0.250999
0.067079
0.321297
0.572609
-0.260714
0.126166
-0.252763
0.137303
0.015583
0.004245
0.032915
-0.325924
-0.327421
0.054549
0.294127
-0.157371
0.019047
0.012916
-0.136980
0.039256
-0.224338
-0.401149
-0.011944
-0.606180
-0.653851
-0.237520
-0.033311
0.285167
-0.287252
-0.148665
0.431969
-1.385306
-0.028468
-0.197880
-0.829806
-1.148370
0.359656
-0.158284
-0.081110
0.185784
-0.056496
-0.121558
0.503784
0.408573
-0.183950
0.037566
-0.187202
-0.137509
-0.459586
-0.642706
0.228624
-0.051127
-0.059327
-0.255125
0.389551
-0.258200
0.054273
-0.133869
0.737012
0.057098
0.118061
-1.582454
0.030235
-3.729803
-0.141810
0.455918
0.282437
-0.706347
-0.703285
0.165512
0.089924
-2.367651
0.423473
-0.542966
0.365646
0.378069
-1.309384
