7.352309417724609375e+01
7.414254760742187500e+01
7.476199340820312500e+01
7.538144683837890625e+01
7.723979949951171875e+01
7.948690795898437500e+01
7.970417022705078125e+01
7.992143249511718750e+01
8.013870239257812500e+01
8.031250762939453125e+01
8.079048919677734375e+01
8.269478607177734375e+01
8.410892486572265625e+01
8.835134887695312500e+01
6.617685699462890625e+01
6.647277832031250000e+01
6.676869201660156250e+01
6.730135345458984375e+01
6.795237731933593750e+01
7.627089691162109375e+01
7.742446899414062500e+01
7.857803344726562500e+01
8.203873443603515625e+01
7.820265197753906250e+01
7.946007537841796875e+01
8.071749877929687500e+01
8.197492980957031250e+01
8.323235321044921875e+01
8.599868774414062500e+01
8.058356475830078125e+01
8.126405334472656250e+01
8.194454956054687500e+01
7.509018707275390625e+01
7.540921020507812500e+01
6.617512512207031250e+01
6.718209838867187500e+01
6.785342407226562500e+01
6.953171539306640625e+01
7.754013824462890625e+01
7.812036132812500000e+01
7.870059204101562500e+01
7.986104583740234375e+01
9.045516204833984375e+01
9.087579345703125000e+01
9.115620422363281250e+01
8.563104248046875000e+01
8.599388122558593750e+01
5.914691162109375000e+01
5.963293457031250000e+01
6.011895751953125000e+01
6.109099960327148438e+01
6.216024398803710938e+01
6.303508377075195312e+01
7.803170776367187500e+01
7.843315124511718750e+01
7.883458709716796875e+01
8.027976989746093750e+01
8.160901641845703125e+01
8.211220550537109375e+01
9.055387878417968750e+01
9.150224304199218750e+01
9.245060729980468750e+01
9.339897155761718750e+01
9.133641815185546875e+01
9.194142150878906250e+01
9.254641723632812500e+01
6.466376495361328125e+01
6.489785003662109375e+01
6.513192749023437500e+01
6.560009002685546875e+01
9.610663604736328125e+01
9.820523071289062500e+01
6.723754119873046875e+01
6.767237854003906250e+01
6.810721588134765625e+01
6.930301666259765625e+01
7.187660217285156250e+01
7.347827148437500000e+01
7.507994079589843750e+01
7.668161773681640625e+01
7.828328704833984375e+01
8.161022186279296875e+01
8.193843078613281250e+01
6.641519165039062500e+01
6.679695892333984375e+01
6.717873382568359375e+01
6.794227600097656250e+01
6.870581817626953125e+01
6.946936035156250000e+01
7.548052215576171875e+01
7.580789184570312500e+01
7.613525390625000000e+01
7.678999328613281250e+01
8.444319152832031250e+01
8.484280395507812500e+01
8.524242401123046875e+01
8.604166412353515625e+01
7.809033966064453125e+01
7.849536132812500000e+01
7.890038299560546875e+01
7.979143524169921875e+01
7.258238983154296875e+01
7.295034027099609375e+01
7.331829071044921875e+01
7.405419158935546875e+01
7.758526611328125000e+01
7.804309082031250000e+01
7.850090789794921875e+01
7.950811767578125000e+01
7.677793884277343750e+01
7.702265167236328125e+01
7.726735687255859375e+01
7.775676727294921875e+01
7.323567962646484375e+01
7.363008117675781250e+01
7.402448272705078125e+01
7.441888427734375000e+01
7.481327819824218750e+01
7.560208129882812500e+01
7.677183532714843750e+01
7.795086669921875000e+01
7.714795684814453125e+01
7.753242492675781250e+01
7.775211334228515625e+01
7.797180175781250000e+01
7.824641418457031250e+01
7.885057067871093750e+01
5.950667953491210938e+01
6.031697082519531250e+01
6.112726593017578125e+01
6.193755722045898438e+01
6.274784851074218750e+01
6.436843109130859375e+01
6.598901367187500000e+01
7.208637237548828125e+01
7.240473175048828125e+01
7.261697387695312500e+01
7.320064544677734375e+01
7.367818450927734375e+01
8.088318634033203125e+01
8.167480468750000000e+01
8.246643066406250000e+01
8.404966735839843750e+01
7.077598571777343750e+01
7.128914642333984375e+01
7.180231475830078125e+01
7.231547546386718750e+01
7.131327819824218750e+01
7.173687744140625000e+01
7.201928710937500000e+01
6.921248626708984375e+01
6.937693023681640625e+01
6.954136657714843750e+01
6.987024688720703125e+01
7.748242187500000000e+01
7.807259368896484375e+01
8.727131652832031250e+01
8.888812255859375000e+01
9.050492095947265625e+01
9.373852539062500000e+01
7.264183807373046875e+01
7.497154235839843750e+01
7.652468109130859375e+01
7.402854919433593750e+01
7.566746520996093750e+01
7.607719421386718750e+01
7.751125335693359375e+01
6.440307617187500000e+01
6.478890228271484375e+01
6.575346374511718750e+01
6.720030212402343750e+01
6.774163055419921875e+01
6.803742218017578125e+01
6.833321380615234375e+01
6.862899780273437500e+01
6.815877532958984375e+01
6.861273956298828125e+01
6.891539001464843750e+01
6.459673309326171875e+01
6.496127319335937500e+01
7.460881805419921875e+01
7.507147216796875000e+01
7.553412628173828125e+01
6.374904632568359375e+01
6.446595001220703125e+01
6.477319335937500000e+01
6.538768005371093750e+01
8.099899291992187500e+01
8.215901947021484375e+01
8.331904602050781250e+01
8.563909912109375000e+01
7.019502258300781250e+01
7.044430541992187500e+01
7.069358825683593750e+01
6.798308563232421875e+01
6.862541961669921875e+01
6.899246215820312500e+01
6.981830596923828125e+01
7.073591613769531250e+01
7.535722351074218750e+01
7.569655609130859375e+01
7.610375976562500000e+01
7.637522888183593750e+01
7.705389404296875000e+01
7.030574035644531250e+01
7.056671905517578125e+01
7.089294433593750000e+01
6.729822540283203125e+01
6.820470428466796875e+01
6.911118316650390625e+01
7.092414855957031250e+01
5.694923400878906250e+01
5.758048248291015625e+01
5.821172332763671875e+01
5.972670745849609375e+01
6.073670196533203125e+01
6.199919128417968750e+01
6.014989471435546875e+01
6.094493865966796875e+01
6.173997879028320312e+01
6.333005905151367188e+01
6.492014312744140625e+01
6.651022338867187500e+01
7.108724212646484375e+01
7.208840942382812500e+01
7.308957672119140625e+01
7.509191894531250000e+01
8.192766571044921875e+01
8.212490844726562500e+01
8.232215881347656250e+01
8.275611114501953125e+01
7.134015655517578125e+01
7.180955505371093750e+01
7.227894592285156250e+01
7.210261535644531250e+01
7.254557800292968750e+01
7.298853302001953125e+01
7.200713348388671875e+01
7.238050842285156250e+01
7.275388336181640625e+01
7.350063323974609375e+01
7.273787689208984375e+01
7.335865783691406250e+01
7.397943878173828125e+01
7.522099304199218750e+01
7.398986816406250000e+01
7.436869812011718750e+01
7.474752807617187500e+01
7.512635803222656250e+01
7.550518798828125000e+01
8.681428527832031250e+01
8.734719848632812500e+01
8.798669433593750000e+01
8.894593048095703125e+01
7.664371490478515625e+01
7.816372680664062500e+01
7.968373107910156250e+01
8.272374725341796875e+01
7.200621795654296875e+01
7.240169525146484375e+01
7.327173614501953125e+01
6.763224792480468750e+01
6.788472747802734375e+01
6.813719940185546875e+01
6.838967895507812500e+01
6.859165954589843750e+01
6.914710998535156250e+01
8.316307067871093750e+01
8.342965698242187500e+01
7.469626617431640625e+01
7.548755645751953125e+01
7.627884674072265625e+01
7.786141967773437500e+01
8.240760803222656250e+01
8.393490600585937500e+01
8.546220397949218750e+01
8.851679992675781250e+01
6.896119689941406250e+01
6.930363464355468750e+01
6.964607238769531250e+01
7.033094024658203125e+01
8.580738067626953125e+01
8.664469909667968750e+01
8.748202514648437500e+01
8.915666961669921875e+01
6.834171295166015625e+01
6.888220977783203125e+01
6.942271423339843750e+01
7.050371551513671875e+01
6.931669616699218750e+01
6.984938812255859375e+01
7.038208007812500000e+01
7.091477203369140625e+01
8.957550811767578125e+01
9.009858703613281250e+01
9.062166595458984375e+01
9.166783142089843750e+01
7.908226013183593750e+01
7.945233154296875000e+01
7.982240295410156250e+01
8.056253814697265625e+01
6.418758392333984375e+01
6.494793701171875000e+01
6.570829772949218750e+01
6.722900390625000000e+01
6.874971771240234375e+01
7.027042388916015625e+01
8.226329040527343750e+01
8.250324249267578125e+01
5.879921722412109375e+01
5.981214141845703125e+01
6.082506942749023438e+01
6.183799743652343750e+01
7.950868225097656250e+01
7.972520446777343750e+01
7.994172668457031250e+01
8.608512878417968750e+01
8.662597656250000000e+01
8.716683197021484375e+01
8.824852752685546875e+01
6.149221420288085938e+01
6.196200561523437500e+01
6.243180084228515625e+01
6.337138366699218750e+01
6.431096649169921875e+01
7.110182952880859375e+01
7.164597320556640625e+01
7.200872802734375000e+01
7.672050476074218750e+01
7.736242675781250000e+01
7.800434112548828125e+01
7.843228912353515625e+01
7.896722412109375000e+01
7.009026336669921875e+01
7.040343475341796875e+01
7.071661376953125000e+01
7.102978515625000000e+01
7.134296417236328125e+01
7.993555450439453125e+01
8.029806518554687500e+01
8.066057586669921875e+01
8.145810699462890625e+01
8.024430847167968750e+01
8.042937469482421875e+01
8.061444091796875000e+01
8.079950714111328125e+01
7.806303405761718750e+01
7.849879455566406250e+01
8.077453613281250000e+01
8.169067382812500000e+01
8.260681152343750000e+01
8.443908691406250000e+01
6.068569946289062500e+01
6.133928680419921875e+01
6.212358474731445312e+01
6.330004119873046875e+01
6.460720825195312500e+01
6.748810577392578125e+01
6.804543304443359375e+01
6.860276031494140625e+01
6.916008758544921875e+01
6.971741485595703125e+01
7.116645812988281250e+01
7.291421508789062500e+01
7.356320190429687500e+01
7.421218872070312500e+01
6.717832183837890625e+01
6.791790008544921875e+01
6.865748596191406250e+01
7.013665008544921875e+01
6.543656158447265625e+01
6.573943328857421875e+01
6.604230499267578125e+01
6.664804840087890625e+01
6.725378417968750000e+01
7.529826354980468750e+01
7.625260162353515625e+01
7.720693969726562500e+01
7.177410888671875000e+01
7.217052459716796875e+01
7.256694030761718750e+01
7.296334838867187500e+01
9.006686401367187500e+01
9.152292633056640625e+01
9.230695343017578125e+01
8.083139038085937500e+01
8.180613708496093750e+01
8.278088378906250000e+01
8.407179260253906250e+01
8.554664611816406250e+01
8.702150726318359375e+01
8.997122192382812500e+01
8.067941284179687500e+01
8.105562591552734375e+01
8.143184661865234375e+01
8.218428039550781250e+01
7.323725128173828125e+01
7.365489959716796875e+01
7.978979492187500000e+01
8.027960968017578125e+01
8.076942443847656250e+01
8.174905395507812500e+01
6.615984344482421875e+01
6.649589538574218750e+01
6.683194732666015625e+01
6.716799926757812500e+01
6.763847351074218750e+01
6.837779235839843750e+01
7.632196044921875000e+01
7.778629302978515625e+01
7.925061798095703125e+01
8.247213745117187500e+01
6.906446838378906250e+01
6.930680847167968750e+01
6.959761810302734375e+01
7.003382110595703125e+01
7.306192779541015625e+01
7.360875701904296875e+01
7.415559387207031250e+01
7.478154754638671875e+01
7.510427856445312500e+01
8.922018432617187500e+01
9.086866760253906250e+01
9.251714324951171875e+01
9.581409454345703125e+01
7.583712005615234375e+01
7.615441894531250000e+01
7.647171783447265625e+01
7.255249786376953125e+01
7.292880249023437500e+01
7.330509948730468750e+01
7.368139648437500000e+01
7.405769348144531250e+01
7.481029510498046875e+01
8.063830566406250000e+01
8.133680725097656250e+01
5.532106018066406250e+01
5.609649658203125000e+01
5.687193298339843750e+01
5.842281341552734375e+01
5.997369003295898438e+01
6.360263061523437500e+01
6.393072509765625000e+01
6.442286682128906250e+01
6.532513427734375000e+01
7.936312103271484375e+01
8.064412689208984375e+01
8.192513275146484375e+01
7.991046142578125000e+01
8.030447387695312500e+01
8.069848632812500000e+01
7.251060485839843750e+01
7.448119354248046875e+01
6.705587768554687500e+01
6.771665954589843750e+01
6.969901275634765625e+01
8.313162994384765625e+01
8.360483551025390625e+01
8.407804107666015625e+01
6.333629608154296875e+01
6.442398071289062500e+01
6.551166534423828125e+01
6.681688690185546875e+01
6.768703460693359375e+01
6.986240386962890625e+01
8.587605285644531250e+01
8.657302856445312500e+01
8.727000427246093750e+01
6.707942199707031250e+01
6.768577575683593750e+01
6.809001922607421875e+01
6.910060882568359375e+01
7.550263977050781250e+01
7.688744354248046875e+01
7.827223968505859375e+01
8.131880187988281250e+01
7.138779449462890625e+01
7.194300842285156250e+01
7.249821472167968750e+01
6.956829833984375000e+01
6.999076843261718750e+01
7.041324615478515625e+01
7.523494720458984375e+01
7.668029022216796875e+01
7.812564086914062500e+01
8.101633453369140625e+01
7.546912384033203125e+01
7.572706604003906250e+01
7.598501586914062500e+01
7.655249786376953125e+01
8.086428833007812500e+01
8.154362487792968750e+01
8.222295379638671875e+01
8.327268218994140625e+01
8.390173339843750000e+01
8.453077697753906250e+01
7.867541503906250000e+01
7.908688354492187500e+01
8.266409301757812500e+01
8.421272277832031250e+01
8.576135253906250000e+01
8.916832733154296875e+01
7.745425415039062500e+01
7.853797149658203125e+01
7.962168121337890625e+01
8.178911590576171875e+01
8.837185668945312500e+01
8.882180786132812500e+01
8.927175140380859375e+01
9.017164611816406250e+01
8.818186187744140625e+01
8.911520385742187500e+01
8.973744201660156250e+01
9.144857788085937500e+01
6.168790817260742188e+01
6.254654312133789062e+01
6.397760391235351562e+01
6.540866851806640625e+01
7.558689880371093750e+01
7.708763122558593750e+01
7.858837127685546875e+01
8.158984375000000000e+01
7.015974426269531250e+01
7.071485137939453125e+01
7.138098907470703125e+01
8.009066009521484375e+01
8.133695983886718750e+01
8.258325958251953125e+01
8.557436370849609375e+01
8.652435302734375000e+01
8.713355255126953125e+01
8.774275207519531250e+01
8.896115112304687500e+01
7.069664001464843750e+01
7.131671905517578125e+01
7.193679046630859375e+01
7.968125915527343750e+01
8.002695465087890625e+01
8.037265014648437500e+01
8.106404113769531250e+01
7.002807617187500000e+01
7.043579101562500000e+01
7.084351348876953125e+01
7.125123596191406250e+01
7.165895843505859375e+01
7.247440338134765625e+01
7.340673828125000000e+01
7.391179656982421875e+01
7.790039825439453125e+01
7.848043060302734375e+01
7.906046295166015625e+01
7.964049530029296875e+01
7.520630645751953125e+01
7.552219390869140625e+01
7.583807373046875000e+01
7.615395355224609375e+01
7.830270385742187500e+01
7.869163513183593750e+01
8.671339416503906250e+01
8.755902862548828125e+01
8.840466308593750000e+01
9.026505279541015625e+01
7.474606323242187500e+01
7.520769500732421875e+01
7.566933441162109375e+01
7.261517333984375000e+01
7.381262207031250000e+01
7.501007080078125000e+01
7.740496826171875000e+01
6.644205474853515625e+01
6.676601409912109375e+01
6.708996582031250000e+01
6.741392517089843750e+01
6.773787689208984375e+01
6.838579559326171875e+01
7.141429138183593750e+01
7.186857604980468750e+01
7.224714660644531250e+01
7.277715301513671875e+01
7.323143768310546875e+01
7.613311767578125000e+01
7.659299468994140625e+01
7.705287170410156250e+01
7.128718566894531250e+01
7.159281921386718750e+01
7.189845275878906250e+01
7.220408630371093750e+01
7.972444915771484375e+01
8.007743835449218750e+01
8.043041992187500000e+01
7.774283599853515625e+01
7.811068725585937500e+01
7.847853851318359375e+01
7.921424102783203125e+01
7.334295654296875000e+01
7.376968383789062500e+01
7.419641876220703125e+01
7.504988098144531250e+01
8.089534759521484375e+01
8.133886718750000000e+01
8.163453674316406250e+01
8.237372589111328125e+01
6.646930694580078125e+01
6.688302612304687500e+01
7.467224884033203125e+01
7.522159576416015625e+01
5.901487731933593750e+01
5.938714981079101562e+01
5.975942230224609375e+01
6.050396728515625000e+01
6.124851226806640625e+01
6.651533508300781250e+01
6.710147094726562500e+01
6.768759918212890625e+01
6.885986328125000000e+01
7.798177337646484375e+01
7.840123748779296875e+01
7.262900543212890625e+01
7.317312622070312500e+01
6.896513366699218750e+01
6.923486328125000000e+01
6.950460052490234375e+01
6.977433013916015625e+01
7.004406738281250000e+01
8.350891876220703125e+01
8.420623016357421875e+01
8.490354156494140625e+01
8.629816436767578125e+01
8.402999877929687500e+01
8.447919464111328125e+01
8.492839813232421875e+01
7.072775268554687500e+01
7.102848815917968750e+01
7.140441131591796875e+01
7.178032684326171875e+01
7.253217315673828125e+01
7.415481567382812500e+01
7.451508331298828125e+01
7.292253112792968750e+01
7.411920928955078125e+01
7.531587982177734375e+01
7.651255798339843750e+01
7.770922851562500000e+01
7.977524566650390625e+01
8.030928802490234375e+01
8.084333038330078125e+01
7.774396514892578125e+01
7.812434387207031250e+01
7.359116363525390625e+01
7.400311279296875000e+01
7.441506958007812500e+01
7.523896789550781250e+01
7.411153411865234375e+01
7.443270874023437500e+01
7.481810760498046875e+01
7.546045684814453125e+01
6.593303680419921875e+01
6.650438690185546875e+01
6.736139678955078125e+01
8.183391571044921875e+01
8.243672943115234375e+01
8.303955078125000000e+01
8.424517822265625000e+01
7.168727111816406250e+01
7.197669982910156250e+01
7.255556488037109375e+01
7.313442230224609375e+01
8.765930175781250000e+01
8.822079467773437500e+01
8.920342254638671875e+01
9.102827453613281250e+01
7.981922912597656250e+01
8.039387512207031250e+01
8.096851348876953125e+01
8.211779022216796875e+01
8.332434844970703125e+01
8.376922607421875000e+01
8.443653869628906250e+01
8.543750762939453125e+01
8.240128326416015625e+01
8.308306884765625000e+01
8.357005310058593750e+01
9.230722045898437500e+01
9.290557861328125000e+01
9.350393676757812500e+01
6.943917846679687500e+01
6.968699645996093750e+01
7.005873107910156250e+01
7.067829132080078125e+01
7.528964996337890625e+01
7.604470062255859375e+01
7.695075988769531250e+01
7.830982971191406250e+01
6.747708129882812500e+01
6.802410888671875000e+01
7.233905029296875000e+01
7.298484039306640625e+01
7.019353485107421875e+01
7.166128540039062500e+01
7.239515686035156250e+01
7.312903594970703125e+01
7.459678649902343750e+01
7.224191284179687500e+01
7.264499664306640625e+01
8.672309875488281250e+01
8.838315582275390625e+01
9.004321289062500000e+01
9.336333465576171875e+01
7.240602111816406250e+01
7.271462249755859375e+01
7.364043426513671875e+01
7.741238403320312500e+01
7.798854064941406250e+01
7.856469726562500000e+01
7.983222961425781250e+01
7.956692504882812500e+01
7.995367431640625000e+01
8.527752685546875000e+01
8.576705932617187500e+01
8.635448455810546875e+01
8.723564147949218750e+01
7.534066772460937500e+01
7.593338775634765625e+01
7.641834259033203125e+01
6.146102523803710938e+01
6.170370483398437500e+01
6.194638824462890625e+01
6.223760986328125000e+01
6.301419067382812500e+01
7.517493438720703125e+01
7.543161010742187500e+01
7.581662750244140625e+01
7.350478363037109375e+01
7.386454772949218750e+01
6.971677398681640625e+01
7.054692840576171875e+01
7.137708282470703125e+01
7.220723724365234375e+01
7.303738403320312500e+01
7.469769287109375000e+01
8.651940155029296875e+01
8.816194915771484375e+01
8.980450439453125000e+01
9.308959960937500000e+01
6.865311431884765625e+01
6.890908813476562500e+01
6.916506195068359375e+01
6.967700958251953125e+01
7.659341430664062500e+01
7.716815948486328125e+01
7.774291229248046875e+01
7.992819213867187500e+01
8.049930572509765625e+01
8.118463134765625000e+01
7.601390838623046875e+01
7.681910705566406250e+01
7.722170257568359375e+01
7.762430572509765625e+01
7.842950439453125000e+01
7.857970428466796875e+01
7.889639282226562500e+01
7.921308135986328125e+01
7.218674468994140625e+01
7.255500030517578125e+01
7.825467681884765625e+01
7.866683197021484375e+01
7.907898712158203125e+01
7.949114227294921875e+01
6.708792877197265625e+01
6.761546325683593750e+01
6.814299011230468750e+01
6.867052459716796875e+01
6.919805908203125000e+01
7.035862731933593750e+01
7.477473449707031250e+01
7.539609527587890625e+01
7.601744842529296875e+01
7.457105255126953125e+01
7.485620880126953125e+01
7.606666564941406250e+01
7.643628692626953125e+01
7.687982940673828125e+01
7.754515075683593750e+01
7.057164764404296875e+01
7.093171691894531250e+01
7.129179382324218750e+01
9.138362121582031250e+01
9.194654083251953125e+01
9.250946044921875000e+01
7.515245819091796875e+01
7.546072387695312500e+01
7.299929809570312500e+01
7.341714477539062500e+01
7.383499145507812500e+01
8.206315612792968750e+01
8.224024200439453125e+01
8.241732788085937500e+01
8.642388153076171875e+01
8.754312133789062500e+01
8.866236114501953125e+01
9.112468719482421875e+01
6.979289245605468750e+01
6.999327087402343750e+01
7.019365692138671875e+01
7.059442901611328125e+01
7.945740509033203125e+01
7.985092163085937500e+01
8.024444580078125000e+01
8.027153015136718750e+01
8.070764160156250000e+01
8.114374542236328125e+01
6.064921188354492188e+01
6.134909057617187500e+01
6.218893814086914062e+01
6.344871902465820312e+01
6.484847259521484375e+01
7.522477722167968750e+01
7.553314971923828125e+01
7.584151458740234375e+01
7.645825958251953125e+01
7.681029510498046875e+01
7.709578704833984375e+01
7.392256927490234375e+01
7.436648559570312500e+01
7.481040191650390625e+01
7.103976440429687500e+01
7.150234985351562500e+01
6.921479034423828125e+01
6.994489288330078125e+01
7.082100677490234375e+01
7.228120422363281250e+01
9.218445587158203125e+01
9.330580139160156250e+01
9.075199890136718750e+01
9.156375885009765625e+01
9.253787994384765625e+01
9.399903869628906250e+01
7.217250823974609375e+01
7.259777069091796875e+01
7.302303314208984375e+01
7.313235473632812500e+01
7.355792236328125000e+01
7.398348236083984375e+01
7.440904235839843750e+01
8.108955383300781250e+01
8.203870391845703125e+01
8.298786163330078125e+01
8.488616943359375000e+01
8.057971954345703125e+01
8.110422515869140625e+01
8.145389556884765625e+01
8.232807159423828125e+01
7.548011016845703125e+01
7.576473999023437500e+01
7.604936981201171875e+01
7.661862945556640625e+01
7.991484069824218750e+01
8.036888122558593750e+01
7.623058319091796875e+01
7.660079956054687500e+01
7.697101593017578125e+01
7.771145629882812500e+01
7.413678741455078125e+01
7.451705169677734375e+01
7.489732360839843750e+01
7.565785217285156250e+01
8.024381256103515625e+01
8.101883697509765625e+01
7.900363159179687500e+01
7.927751922607421875e+01
7.955141448974609375e+01
8.009920501708984375e+01
7.592480468750000000e+01
7.630282592773437500e+01
7.677535247802734375e+01
6.857004547119140625e+01
6.890065765380859375e+01
6.923126983642578125e+01
7.094035339355468750e+01
7.145104217529296875e+01
7.170639038085937500e+01
7.196173858642578125e+01
7.371328735351562500e+01
7.420825195312500000e+01
9.310292053222656250e+01
9.408176422119140625e+01
9.473431396484375000e+01
9.636570739746093750e+01
7.627626800537109375e+01
7.652440643310546875e+01
7.677255249023437500e+01
7.726883697509765625e+01
8.392661285400390625e+01
8.428078460693359375e+01
8.463496398925781250e+01
8.534331512451171875e+01
7.724327850341796875e+01
7.755991363525390625e+01
7.787655639648437500e+01
7.574744415283203125e+01
7.631744384765625000e+01
7.688744354248046875e+01
7.802743530273437500e+01
7.410375976562500000e+01
7.538111114501953125e+01
7.665846252441406250e+01
7.819128417968750000e+01
7.946864318847656250e+01
8.202334594726562500e+01
7.900847625732421875e+01
7.928497314453125000e+01
7.956147766113281250e+01
8.011447906494140625e+01
7.964454650878906250e+01
8.011828613281250000e+01
8.059201812744140625e+01
7.870911407470703125e+01
7.991001129150390625e+01
8.351269531250000000e+01
8.311350250244140625e+01
8.361775207519531250e+01
8.412200164794921875e+01
8.772857666015625000e+01
8.886186218261718750e+01
7.699678802490234375e+01
7.777121734619140625e+01
7.854565429687500000e+01
9.292261505126953125e+01
9.366989135742187500e+01
9.491534423828125000e+01
6.206215667724609375e+01
6.343124771118164062e+01
6.480033874511718750e+01
6.616942596435546875e+01
6.753851318359375000e+01
7.549935913085937500e+01
7.576741027832031250e+01
7.603546142578125000e+01
7.657156372070312500e+01
8.531649780273437500e+01
8.573529815673828125e+01
8.699169921875000000e+01
