0.132004 -0.040165
0.136645 -0.041716
0.141287 -0.043235
0.145939 -0.044722
0.150669 -0.046201
0.155182 -0.047572
0.159825 -0.048947
0.164560 -0.050306
0.169458 -0.051686
0.174472 -0.053051
0.179487 -0.054373
0.184515 -0.055648
0.189522 -0.056880
0.194573 -0.058084
0.199679 -0.059249
0.204928 -0.060396
0.210301 -0.061527
0.215707 -0.062613
0.221124 -0.063647
0.226477 -0.064623
0.231964 -0.065561
0.237434 -0.066444
0.243015 -0.067295
0.248766 -0.068114
0.254507 -0.068868
0.260332 -0.069570
0.266084 -0.070201
0.272015 -0.070792
0.277875 -0.071308
0.283847 -0.071768
0.289816 -0.072156
0.295940 -0.072494
0.302048 -0.072762
0.308225 -0.072950
0.314495 -0.073076
0.320718 -0.073124
0.326903 -0.073093
0.333266 -0.072995
0.339720 -0.072811
0.346122 -0.072538
0.352522 -0.072188
0.359017 -0.071760
0.365523 -0.071228
0.372033 -0.070630
0.378584 -0.069931
0.385127 -0.069147
0.391760 -0.068262
0.398447 -0.067265
0.405034 -0.066212
0.411620 -0.065056
0.418358 -0.063780
0.424939 -0.062433
0.431650 -0.060969
0.438286 -0.059420
0.445077 -0.057735
0.451704 -0.055978
0.458239 -0.054166
0.464637 -0.052275
0.471230 -0.050246
0.477878 -0.048090
0.484498 -0.045831
0.491166 -0.043462
0.497737 -0.041001
0.504159 -0.038509
0.510442 -0.035960
0.516823 -0.033260
0.523191 -0.030471
0.529570 -0.027567
0.535794 -0.024623
0.541911 -0.021625
0.548070 -0.018499
0.554162 -0.015310
0.560140 -0.012069
0.565988 -0.008792
0.571945 -0.005361
0.577767 -0.001896
0.583573 0.001663
0.589351 0.005311
0.594900 0.008912
0.600526 0.012668
0.606012 0.016434
0.611331 0.020177
0.616706 0.024060
0.621923 0.027926
0.627082 0.031846
0.632233 0.035851
0.637129 0.039745
0.641920 0.043643
0.646881 0.047776
0.651632 0.051815
0.656317 0.055887
0.660930 0.059976
0.665447 0.064070
0.669988 0.068265
0.674435 0.072448
0.678764 0.076616
0.682863 0.080610
0.686888 0.084590
0.691188 0.088968
0.695032 0.092909
0.698730 0.096735
0.702412 0.100639
0.706005 0.104486
0.709949 0.108783
0.713415 0.112617
0.716783 0.116373
0.720458 0.120535
0.723816 0.124403
0.727296 0.128459
0.730555 0.132265
0.733634 0.135926
0.736613 0.139475
0.739904 0.143456
0.742884 0.147120
0.745839 0.150755
0.748929 0.154588
0.751920 0.158387
0.754553 0.161681
0.757013 0.164724
0.759463 0.167847
0.761878 0.170911
0.764473 0.174213
0.767280 0.177927
0.770092 0.181636
0.772370 0.184540
0.774698 0.187616
0.776963 0.190573
0.778964 0.193157
0.781665 0.196792
0.784331 0.200398
0.786942 0.203941
0.789371 0.207219
0.791452 0.209972
0.793498 0.212678
0.795150 0.214787
0.797444 0.217888
0.799921 0.221279
0.802373 0.224640
0.804813 0.227987
0.806452 0.230083
0.808153 0.232279
0.809700 0.234182
0.811682 0.236873
0.813944 0.239943
0.816163 0.242887
0.818361 0.245907
0.819902 0.247846
0.821268 0.249513
0.822727 0.251325
0.824331 0.253358
0.826380 0.256069
0.828368 0.258676
0.830394 0.261328
0.832180 0.263614
0.833458 0.265124
0.835125 0.267215
0.836391 0.268703
0.838685 0.271718
0.840748 0.274369
0.842869 0.277038
0.844667 0.279343
0.845899 0.280728
0.847194 0.282145
0.848692 0.283980
0.850732 0.286534
0.852473 0.288566
0.854339 0.290906
0.855728 0.292475
0.857146 0.294014
0.858636 0.295782
0.860053 0.297370
0.861764 0.299293
0.863586 0.301495
0.865284 0.303443
0.867008 0.305342
0.868255 0.306710
0.869448 0.307928
0.870625 0.309116
0.872129 0.310744
0.873878 0.312685
0.875465 0.314397
0.877203 0.316295
0.878446 0.317528
0.879691 0.318690
0.880877 0.319907
0.882238 0.321273
0.883843 0.322869
0.885389 0.324516
0.887073 0.326254
0.888242 0.327268
0.889450 0.328462
0.890648 0.329572
0.891702 0.330430
0.893426 0.332228
0.895411 0.334261
0.897273 0.336112
0.898471 0.337166
0.899597 0.338130
0.900771 0.339148
0.901646 0.339811
