0.121552
0.186237
0.071774
0.136280
0.183983
0.174098
0.080579
0.049261
0.069136
0.152162
0.109227
0.082994
0.152360
0.120909
0.030825
0.364716
0.153411
0.085062
0.196894
0.189367
0.196577
0.150500
0.178380
0.154378
0.109462
0.200580
0.179967
0.230090
0.054400
0.138412
0.122432
0.196834
0.444089
0.216001
0.282751
0.062790
0.090320
0.097565
0.044194
0.200992
0.101343
0.176874
0.088230
0.087564
0.072346
0.019010
0.107746
0.156476
0.239798
0.077174
0.210642
0.188738
0.082801
0.137583
0.150007
0.154746
0.137086
0.199583
0.061884
0.048067
0.111473
0.133436
0.165786
0.054341
0.229577
0.072060
0.185788
0.022251
0.143624
0.313196
0.138709
0.149206
0.093465
0.094188
0.099571
0.084156
0.212268
0.066334
0.132824
0.142641
0.233063
0.128801
0.104268
0.211605
0.163487
0.213236
0.112272
0.123610
0.087862
0.185549
0.243320
0.146047
0.114333
0.166938
0.223462
0.090563
0.206983
0.083553
0.491298
0.271860
0.116842
0.134697
0.435229
0.170158
0.179060
0.072774
0.040349
0.315053
0.078981
0.190712
0.066966
0.188298
0.089517
0.098410
0.067638
0.047376
0.080757
0.086935
0.136716
0.127723
0.168375
0.310323
0.058119
0.082706
0.176704
0.117991
0.131169
0.085343
0.066800
0.084124
0.262975
0.187389
0.100360
0.140291
0.123548
0.199655
0.174853
0.133921
0.070364
0.120458
0.214689
0.100409
0.098143
0.110550
0.076828
0.165522
0.104735
0.147235
0.258813
0.128271
0.102054
0.099007
0.096483
0.106475
0.081239
0.122666
0.042388
0.035277
0.241619
0.205425
0.095243
0.078279
0.123259
0.059233
0.080958
0.180731
0.042492
0.209113
0.065571
0.043388
0.149680
0.116152
0.101235
0.164281
0.150582
0.285123
0.113411
0.133779
0.149496
0.140649
0.107807
0.198938
0.109528
0.185185
0.160053
0.022245
0.204183
0.089125
0.054426
0.085911
0.242118
0.134482
0.225860
0.033317
0.037316
0.158066
0.220066
0.096209
0.070490
0.066038
0.142903
0.078766
0.054102
0.145395
0.151965
0.115877
0.077101
0.075085
0.075306
0.062446
0.145759
0.196516
0.095486
0.159192
0.107625
0.108506
0.048171
0.152652
0.219032
0.111389
0.080455
0.052219
0.155326
0.038421
0.168272
0.060457
0.109777
0.116357
0.164888
0.103994
0.058029
0.268797
0.134282
0.037703
0.149264
0.100100
0.100932
0.204359
0.122850
0.208102
0.152571
0.298872
0.072103
0.183375
0.159112
0.102142
0.069401
0.085377
0.226752
0.118675
0.219547
0.152302
0.091228
0.057948
0.141679
