67.623118
67.026167
72.211082
78.070236
62.975105
81.499889
65.824307
83.683001
71.969118
76.769826
58.064945
62.425205
85.546573
72.874429
71.816852
67.101393
51.004310
81.649440
66.511406
80.622298
70.861611
75.212462
89.908867
62.343312
66.727687
60.450060
83.585565
55.430175
81.361126
74.457730
80.473940
68.877801
80.643115
77.695171
67.847577
79.925247
66.246066
79.670780
78.849742
63.195496
79.165614
79.255454
90.213247
71.330749
96.591511
86.252522
71.291471
81.792541
62.743448
75.681164
81.403650
74.422205
93.964911
83.717668
98.048742
84.906307
90.392677
59.982264
70.787740
73.375575
80.134331
77.355291
64.185245
61.672737
70.823665
82.410632
80.368215
62.405222
70.855075
53.641359
81.383640
71.755633
74.934232
84.491428
69.401646
77.695108
82.539215
57.626444
85.886550
65.830028
72.527787
98.466785
91.638005
63.653949
74.124213
74.065893
65.153225
76.265774
72.525627
80.837438
83.451063
59.286614
74.292546
101.201593
80.949859
75.798396
57.565560
57.429435
71.075528
65.291798
80.324812
62.258698
79.582426
76.596394
93.713853
58.961136
69.086636
78.585175
81.093916
83.992324
69.931960
83.834952
88.980548
70.860133
66.088027
87.745929
82.409012
66.608532
85.152908
68.647621
86.627046
77.940333
82.960327
74.061010
56.560570
79.323520
66.909022
64.971784
75.924491
62.597926
65.956626
65.468896
60.074715
81.176801
73.863221
86.466823
66.326365
74.154449
89.402118
56.213693
75.273084
64.166193
69.058160
76.977126
71.051521
70.391131
71.340595
88.542794
82.964417
72.586656
75.428109
76.207355
65.131849
66.971646
66.689787
69.932907
78.909032
67.192904
102.790869
81.508096
76.867117
77.923510
84.031779
75.149129
62.774654
76.920867
82.934943
73.814660
75.989169
63.952249
77.902509
80.821374
79.620622
79.433190
85.534943
76.338291
85.554382
72.824560
61.841265
53.731048
80.137875
74.131166
92.565613
70.669667
79.472399
75.478420
66.970178
71.557014
62.357149
62.283529
72.749904
59.109932
84.965860
64.363506
71.932404
83.784410
65.590293
91.210562
68.761695
74.825944
70.096021
63.157215
74.821521
72.244992
88.743867
55.315560
78.829902
68.865544
80.910179
65.771254
65.004637
70.509293
61.218311
63.804955
81.188226
68.153811
75.437792
82.206222
69.488149
69.310010
67.721857
81.149060
79.454951
66.743490
62.181907
84.967276
71.838288
73.694452
70.102175
76.830119
72.329185
73.449375
72.193624
70.462572
69.973582
67.820056
74.021361
67.055993
64.161949
63.291594
78.959775
60.928399
76.966364
62.482607
71.832410
59.856502
79.300175
81.404271
45.741696
72.399900
67.155755
50.446274
82.141310
73.198168
69.502092
