1.238903
0.434527
2.828283
0.591841
2.307133
2.514852
1.360986
0.638052
1.678295
1.160455
0.701045
0.725680
0.972043
0.802880
1.006374
1.896730
1.210001
0.468162
2.098594
1.087091
3.203343
0.656428
0.763543
0.654735
0.799237
0.810048
0.735901
0.915645
0.489413
0.788799
1.179033
0.549230
1.620583
0.530605
1.583238
1.026330
0.706008
0.328878
0.590177
3.233602
1.553138
1.024325
0.964559
0.591580
0.756613
0.729080
0.925306
1.024146
2.320052
0.498570
0.917610
0.678668
0.652457
1.812961
1.262489
1.590082
2.002339
0.394500
0.938789
0.885912
0.746751
1.241559
0.757659
1.065822
3.040017
0.790953
0.504952
0.533159
1.582576
3.054593
0.684874
1.674646
1.081000
1.065380
1.046159
0.740139
1.520711
0.399918
1.012927
0.433042
1.081701
0.939586
0.906901
1.069864
0.626350
0.725024
0.370134
0.871517
1.832274
1.307170
1.114654
1.297975
1.479165
0.605742
1.908672
0.792828
1.120046
1.949501
2.949714
0.752433
0.835293
0.979631
0.672106
2.928656
0.484678
1.093663
0.645471
3.296953
0.634599
0.752598
0.698501
1.550878
0.820240
1.281005
0.788026
1.231620
1.321567
0.946409
2.175368
1.393956
1.010595
2.769602
1.110419
0.844952
2.890695
0.515895
1.358666
1.258101
0.822942
3.097259
2.167431
0.899892
1.555581
1.431061
3.001473
1.110225
2.492596
1.218403
1.240148
0.691391
0.815444
1.010125
1.160067
0.631765
0.777861
1.691269
0.923267
2.394896
0.647913
0.757145
0.919759
0.611267
0.705967
0.735702
0.853463
0.739189
0.827453
1.098699
0.744545
1.172262
0.838934
0.544118
0.539465
1.394623
0.898400
0.751842
0.720532
2.393350
1.068080
0.760757
0.823903
0.642344
1.428356
1.205634
0.578859
1.403743
1.149280
1.112189
0.973983
1.196715
0.619556
1.510089
1.094064
0.645789
1.467749
0.806165
3.320117
0.617205
1.152309
0.773495
0.979056
0.538838
0.485364
0.641693
0.513944
1.660306
3.285101
0.511949
1.149502
1.142219
0.805201
0.633375
0.736515
0.824311
1.055067
1.242718
0.570304
0.739242
0.720150
1.125837
0.616539
0.835692
0.354178
2.238482
0.400768
0.787045
0.872220
1.399753
0.616740
0.570980
0.887834
0.925167
1.460198
1.019405
1.623524
0.850521
0.851122
1.898308
0.874177
0.569261
0.908076
0.740435
0.760531
1.550043
0.547787
0.945057
0.661228
0.510693
0.989929
1.631394
0.496286
0.708352
0.633278
1.139995
2.554708
0.553000
0.947474
2.401791
1.008503
2.266571
1.548871
1.245460
2.738178
0.536104
0.837599
