0.091919 -0.028896 -0.003733 0.078179 -0.008934 0.095111
0.116571 -0.054726 -0.005257 0.032508 -0.020232 0.089322
0.087148 -0.039892 -0.006379 0.041925 -0.015401 0.093486
0.090331 -0.008595 -0.001374 0.094334 -0.002133 0.097271
0.099732 -0.015011 -0.001070 0.064076 -0.010490 0.094889
0.104759 -0.016086 0.000142 0.018790 -0.021780 0.086264
0.078997 -0.007496 -0.001745 0.020928 -0.019550 0.089720
0.090702 -0.000566 -0.000365 0.077888 -0.004984 0.096684
0.095354 -0.000643 0.000660 0.077231 -0.007191 0.096031
0.076176 0.003976 0.002054 0.024301 -0.021217 0.089408
0.062195 0.011454 0.001067 0.022977 -0.019930 0.090205
0.084115 0.013526 0.001377 0.073450 -0.005902 0.096450
0.092773 0.003786 0.000639 0.097010 -0.002066 0.097101
0.072117 0.022397 0.002900 0.054496 -0.011794 0.095002
0.064522 0.028058 0.003074 0.043428 -0.012237 0.094751
0.083053 0.015863 0.001177 0.084532 -0.002528 0.096996
0.082394 0.015296 0.001536 0.090970 -0.002322 0.097004
0.075171 0.023109 0.001636 0.081389 -0.002155 0.096855
0.089258 0.007644 -0.000151 0.097956 0.000204 0.097317
0.076849 -0.019313 -0.004289 0.089848 -0.005010 0.096258
0.040828 -0.033918 -0.007976 0.043482 -0.014117 0.095626
0.035776 -0.031878 -0.006345 0.052868 -0.006892 0.101562
0.081845 -0.009071 -0.000458 0.099778 0.000522 0.098936
0.086546 -0.010115 -0.002625 0.080846 -0.005309 0.096120
0.053463 -0.014000 -0.009799 0.027054 -0.012565 0.092592
0.063949 -0.017894 -0.013351 0.035323 -0.002494 0.096296
0.096203 -0.008092 -0.002446 0.100743 0.002762 0.097810
0.095789 -0.000161 -0.000043 0.105472 0.000170 0.097447
0.091318 0.002984 0.000173 0.091692 -0.002580 0.096883
0.057213 0.019146 -0.000141 0.038161 -0.009216 0.094483
0.045484 0.026027 0.000331 0.031069 -0.003820 0.095647
0.073774 0.019357 0.000856 0.083711 0.000293 0.097494
0.094418 0.000890 0.000033 0.104505 0.000056 0.097444
0.091592 0.004197 0.000512 0.100648 -0.000798 0.097319
0.061444 0.031360 0.003958 0.063274 -0.005667 0.096816
0.052521 0.036781 0.006442 0.042808 -0.006190 0.097413
0.070997 0.024029 0.002521 0.081239 -0.001092 0.097673
0.094211 0.001306 0.000099 0.104102 0.000000 0.097448
0.080559 0.014680 0.001297 0.093607 -0.001022 0.097222
0.068700 0.026172 0.002208 0.080694 -0.000905 0.097101
0.085295 0.010811 0.000287 0.096407 0.000354 0.097349
0.082753 -0.002329 -0.001317 0.103630 -0.000208 0.097573
0.029701 -0.003490 -0.003473 0.098923 0.001847 0.100751
0.031985 0.011607 0.000988 0.113858 0.007868 0.104193
0.086387 0.007278 0.001541 0.110416 0.002132 0.099029
0.094663 -0.005842 -0.001705 0.106404 0.000499 0.097293
0.162577 -0.100243 -0.023311 0.177879 0.017628 0.096459
0.429969 -0.343445 -0.058639 0.427831 0.054166 0.095026
0.148723 -0.023663 -0.006233 0.149647 0.009122 0.096362
0.097077 -0.000436 -0.000181 0.106303 0.000231 0.097369
0.097081 -0.001760 -0.000382 0.106738 0.000779 0.097453
0.117476 -0.029911 -0.006868 0.136527 0.014751 0.098131
0.114904 -0.067324 -0.017835 0.163434 0.032389 0.098962
0.087578 -0.014435 -0.003920 0.110301 0.005433 0.097804
0.094391 -0.000711 -0.000193 0.104916 0.000120 0.097440
0.094255 0.000960 0.000301 0.104781 0.000065 0.097525
0.074377 0.012722 0.004376 0.097902 0.001292 0.099280
0.046920 0.018665 0.007912 0.084924 0.003153 0.102308
0.070550 0.008260 0.002911 0.096861 0.001112 0.099145
0.093843 0.000373 0.000131 0.104745 0.000066 0.097514
0.089110 0.006024 0.001207 0.103055 0.000044 0.097645
0.079401 0.015056 0.003083 0.100363 0.000769 0.098128
0.088345 0.006053 0.001102 0.104454 0.000685 0.097747
0.095039 0.000284 0.000048 0.105261 0.000068 0.097451
0.090555 0.002231 -0.000238 0.103728 -0.000078 0.097451
0.054559 0.025774 -0.000859 0.081784 -0.002084 0.097874
0.045984 0.038630 -0.000450 0.055464 -0.006196 0.098352
0.074588 0.021450 0.000584 0.081720 -0.003342 0.097655
0.095975 0.000472 -0.000257 0.103124 -0.000106 0.097338
0.105875 0.010589 -0.003224 0.062503 -0.004164 0.095668
0.114096 0.012380 -0.007373 0.023586 -0.011792 0.092751
0.095789 0.007593 -0.001491 0.047701 -0.008492 0.095654
0.095197 0.000675 -0.000023 0.099898 -0.000742 0.097337
0.096351 -0.000919 -0.000149 0.103352 -0.000107 0.097376
0.102120 -0.012329 -0.002542 0.064528 -0.004574 0.096149
0.088055 -0.018305 -0.005951 0.024243 -0.014157 0.093376
0.084008 -0.013302 -0.002912 0.047069 -0.008925 0.095635
0.094391 -0.001607 -0.000213 0.099668 -0.000710 0.097320
0.087472 -0.008266 0.000109 0.098585 -0.001147 0.097759
0.068766 -0.024130 -0.001817 0.082301 -0.004571 0.097862
0.079624 -0.016419 -0.001769 0.093739 -0.002305 0.097372
0.094194 -0.001611 -0.000183 0.104549 -0.000156 0.097412
0.093078 -0.001023 0.000111 0.106673 0.000135 0.097541
0.085825 -0.007058 -0.000430 0.114246 0.000891 0.097763
0.089916 -0.006198 -0.000683 0.112732 0.000725 0.097573
0.095020 -0.000693 -0.000088 0.105991 0.000076 0.097439
0.093744 0.001584 0.000008 0.103253 -0.000171 0.097420
0.073195 0.020610 0.000551 0.072140 -0.003838 0.097184
0.057679 0.026991 0.001103 0.039098 -0.010215 0.096554
0.076996 0.019216 0.001291 0.066112 -0.005984 0.096982
0.094766 0.000704 0.000054 0.099828 -0.000531 0.097389
0.082841 0.000872 0.000610 0.035952 -0.009556 0.096374
0.065975 -0.005729 0.000994 0.013802 -0.018409 0.093685
0.081894 -0.004426 0.001305 0.026446 -0.014399 0.095533
0.094660 0.000183 0.000196 0.093473 -0.001741 0.097296
0.093764 -0.016533 0.000523 0.040810 -0.009245 0.096295
0.102427 -0.035201 0.003270 0.014720 -0.019303 0.093329
0.100118 -0.025250 0.002262 0.028191 -0.015318 0.095307
0.095778 -0.002993 0.000147 0.094270 -0.001809 0.097276
0.095662 -0.009358 -0.000005 0.091334 -0.002730 0.097102
0.105321 -0.034745 0.000697 0.065570 -0.010336 0.096056
0.103138 -0.024446 0.000362 0.083021 -0.006994 0.096616
0.096086 -0.002566 -0.000014 0.103639 -0.000666 0.097362
0.095285 -0.002492 -0.000189 0.105597 -0.000376 0.097374
0.096365 -0.014890 -0.001009 0.109148 -0.001995 0.097139
0.096700 -0.012263 -0.000833 0.109653 -0.001490 0.097217
0.095579 -0.001353 -0.000100 0.105775 -0.000154 0.097408
