45.000010
45.301517
45.603025
45.904532
46.206040
46.507547
46.809055
47.110562
47.412069
47.713577
48.015084
48.316592
48.618099
48.919607
49.221114
49.522622
49.824129
50.125636
50.427144
50.728651
51.030159
51.331666
51.633174
51.934681
52.236188
52.537696
52.839203
53.140711
53.442218
53.743726
54.045233
54.346741
54.648248
54.949755
55.251263
55.552770
55.854278
56.155785
56.457293
56.758800
57.060307
57.361815
57.663322
57.964830
58.266337
58.567845
58.869352
59.170860
59.472367
59.773874
60.075382
60.376889
60.678397
60.979904
61.281412
61.582919
61.884426
62.185934
62.487441
62.788949
63.090456
63.391964
63.693471
63.994979
64.296486
64.597993
64.899501
65.201008
65.502516
65.804023
66.105531
66.407038
66.708545
67.010053
67.311560
67.613068
67.914575
68.216083
68.517590
68.819098
69.120605
69.422112
69.723620
70.025127
70.326635
70.628142
70.929650
71.231157
71.532664
71.834172
72.135679
72.437187
72.738694
73.040202
73.341709
73.643217
73.944724
74.246231
74.547739
74.849246
75.150754
75.452261
75.753769
76.055276
76.356783
76.658291
76.959798
77.261306
77.562813
77.864321
78.165828
78.467336
78.768843
79.070350
79.371858
79.673365
79.974873
80.276380
80.577888
80.879395
81.180902
81.482410
81.783917
82.085425
82.386932
82.688440
82.989947
83.291455
83.592962
83.894469
84.195977
84.497484
84.798992
85.100499
85.402007
85.703514
86.005021
86.306529
86.608036
86.909544
87.211051
87.512559
87.814066
88.115574
88.417081
88.718588
89.020096
89.321603
89.623111
89.924618
90.226126
90.527633
90.829140
91.130648
91.432155
91.733663
92.035170
92.336678
92.638185
92.939693
93.241200
93.542707
93.844215
94.145722
94.447230
94.748737
95.050245
95.351752
95.653259
95.954767
96.256274
96.557782
96.859289
97.160797
97.462304
97.763812
98.065319
98.366826
98.668334
98.969841
99.271349
99.572856
99.874364
100.175871
100.477378
100.778886
101.080393
101.381901
101.683408
101.984916
102.286423
102.587931
102.889438
103.190945
103.492453
103.793960
104.095468
104.396975
104.698483
104.999990
