74.300000
74.800000
77.300000
79.300000
80.300000
81.300000
82.300000
84.300000
81.300000
81.800000
82.300000
83.300000
67.500000
68.000000
68.500000
69.000000
70.500000
73.700000
74.200000
74.700000
75.700000
76.700000
80.400000
80.900000
81.400000
81.900000
82.400000
83.400000
75.400000
75.900000
76.400000
77.400000
84.500000
85.000000
85.500000
87.500000
88.500000
89.500000
90.500000
91.500000
92.500000
94.500000
73.900000
74.400000
74.900000
75.900000
78.500000
79.000000
79.500000
80.500000
81.500000
80.800000
81.300000
81.800000
82.800000
83.800000
86.800000
65.400000
65.900000
66.400000
67.400000
68.400000
73.100000
73.600000
74.100000
76.100000
72.600000
73.100000
73.600000
74.600000
75.600000
77.600000
78.600000
79.600000
80.600000
82.600000
63.200000
63.700000
64.200000
65.200000
71.700000
72.200000
72.700000
73.700000
74.700000
75.700000
76.700000
77.700000
78.700000
79.700000
64.100000
64.600000
65.100000
66.600000
80.000000
80.500000
81.000000
81.500000
82.000000
83.000000
77.700000
78.200000
78.700000
79.700000
80.700000
81.700000
82.700000
83.700000
84.700000
85.700000
87.700000
83.300000
83.800000
84.300000
84.800000
85.300000
86.300000
76.900000
77.400000
77.900000
78.900000
79.900000
81.900000
76.800000
77.300000
77.800000
73.200000
73.700000
74.200000
75.200000
76.200000
70.900000
71.400000
71.900000
72.400000
72.900000
73.900000
74.900000
72.800000
73.300000
73.800000
74.300000
74.800000
75.800000
77.300000
78.300000
78.800000
79.800000
80.800000
76.200000
76.700000
77.200000
78.200000
79.200000
80.200000
85.800000
86.300000
86.800000
85.900000
86.400000
86.900000
84.700000
85.200000
85.700000
86.700000
87.700000
89.700000
78.300000
78.800000
79.300000
80.300000
81.300000
77.600000
78.100000
78.600000
79.100000
66.500000
67.000000
67.500000
68.000000
68.500000
69.500000
72.000000
73.500000
74.500000
75.500000
76.500000
80.100000
80.600000
81.100000
82.100000
81.000000
81.500000
82.000000
82.500000
83.000000
84.000000
75.500000
76.000000
76.500000
78.000000
80.500000
82.000000
83.000000
84.000000
85.000000
69.600000
70.100000
70.600000
72.600000
74.100000
74.600000
75.600000
76.600000
77.600000
78.600000
79.600000
70.100000
70.600000
71.100000
72.100000
73.100000
74.600000
75.600000
76.600000
78.100000
70.900000
71.400000
71.900000
73.900000
75.400000
75.900000
76.900000
77.900000
78.900000
79.900000
80.900000
70.000000
70.500000
71.000000
71.500000
77.000000
77.500000
78.000000
79.000000
80.000000
81.000000
82.000000
83.000000
84.000000
85.000000
86.000000
87.000000
74.500000
75.000000
75.500000
76.500000
77.500000
74.500000
75.000000
75.500000
76.500000
74.400000
74.900000
75.400000
76.400000
77.400000
78.400000
79.400000
72.900000
73.400000
73.900000
74.900000
75.900000
77.900000
78.900000
80.900000
81.900000
82.900000
74.000000
74.500000
75.000000
70.600000
71.100000
71.600000
72.600000
73.600000
74.600000
75.600000
76.600000
77.600000
78.600000
80.600000
78.200000
78.700000
79.200000
80.200000
81.200000
82.200000
83.200000
84.200000
85.200000
86.200000
87.200000
78.300000
78.800000
79.300000
81.300000
79.700000
80.200000
80.700000
81.200000
82.200000
76.000000
76.500000
77.000000
85.000000
85.500000
86.000000
86.500000
87.000000
88.000000
89.500000
70.600000
71.100000
71.600000
72.600000
73.600000
74.600000
73.200000
73.700000
74.200000
75.200000
75.300000
75.800000
76.300000
77.300000
78.300000
79.300000
80.300000
80.800000
81.300000
82.300000
83.300000
84.300000
75.100000
75.600000
76.100000
76.600000
65.600000
66.100000
66.600000
65.100000
65.600000
66.100000
67.100000
68.100000
69.600000
70.600000
71.600000
73.100000
74.100000
69.800000
70.300000
70.800000
71.800000
72.800000
62.400000
62.900000
63.400000
64.400000
77.200000
77.700000
79.200000
70.700000
71.200000
71.700000
72.700000
71.100000
71.600000
72.100000
73.100000
79.600000
80.100000
80.600000
81.600000
82.600000
83.600000
84.600000
85.600000
86.600000
87.600000
89.600000
72.800000
73.300000
73.800000
74.800000
75.800000
84.400000
85.400000
86.400000
87.400000
73.600000
74.100000
74.600000
75.100000
75.600000
76.600000
77.600000
79.600000
80.600000
70.300000
70.800000
71.300000
71.800000
72.300000
73.200000
73.700000
74.200000
75.200000
76.200000
77.200000
78.200000
79.200000
80.200000
81.200000
82.200000
83.200000
60.700000
61.200000
61.700000
62.200000
62.700000
64.200000
65.200000
66.200000
67.200000
78.200000
78.700000
79.200000
79.700000
80.200000
81.200000
82.200000
83.200000
70.100000
70.600000
71.100000
72.100000
82.600000
83.100000
83.600000
85.600000
75.800000
76.300000
76.800000
70.600000
71.100000
71.600000
72.100000
72.600000
73.600000
74.600000
75.600000
76.600000
78.600000
80.100000
80.600000
75.200000
75.700000
76.200000
77.200000
78.200000
79.200000
80.200000
82.200000
83.200000
85.200000
78.400000
78.900000
79.400000
79.900000
80.400000
81.400000
82.400000
83.400000
84.400000
85.400000
86.400000
80.400000
80.900000
81.400000
82.400000
83.400000
84.400000
85.400000
86.400000
72.000000
72.500000
73.000000
74.000000
75.000000
76.000000
77.000000
78.000000
79.000000
80.000000
81.000000
73.300000
73.800000
74.300000
75.300000
76.300000
77.300000
78.300000
79.300000
80.300000
81.300000
82.300000
83.300000
73.700000
74.200000
74.700000
75.700000
76.700000
77.700000
79.200000
80.200000
81.200000
82.700000
77.500000
78.000000
78.500000
79.000000
79.500000
80.500000
81.500000
82.500000
83.500000
84.500000
85.500000
86.500000
87.500000
70.600000
71.100000
71.600000
72.600000
73.600000
74.600000
76.100000
76.600000
77.600000
78.600000
79.600000
80.600000
64.100000
64.600000
65.100000
65.600000
66.100000
67.100000
68.100000
80.200000
80.700000
81.200000
82.200000
73.100000
73.600000
74.100000
75.100000
76.100000
77.100000
78.100000
79.100000
80.100000
81.100000
82.300000
82.800000
83.300000
83.800000
84.300000
85.300000
86.800000
88.300000
89.300000
86.300000
86.800000
87.300000
88.300000
89.800000
91.800000
93.300000
93.800000
96.300000
65.900000
66.400000
66.900000
67.900000
68.900000
69.900000
81.100000
81.600000
82.100000
82.600000
83.100000
84.100000
85.100000
79.200000
79.700000
80.200000
80.700000
81.200000
82.200000
83.200000
84.200000
85.200000
86.200000
87.200000
88.200000
89.200000
59.700000
60.200000
60.700000
61.700000
87.700000
88.200000
88.700000
89.700000
73.900000
74.400000
74.900000
75.400000
75.900000
76.900000
79.400000
80.400000
81.900000
82.900000
83.900000
81.100000
81.600000
82.100000
82.600000
83.100000
84.100000
74.100000
74.600000
75.100000
76.100000
77.100000
78.100000
79.100000
80.100000
81.100000
82.100000
83.100000
84.600000
80.400000
80.900000
81.400000
81.900000
82.400000
83.400000
77.900000
78.400000
78.900000
79.900000
80.900000
81.900000
82.900000
83.900000
84.900000
85.900000
86.900000
75.200000
75.700000
76.200000
76.700000
77.200000
78.200000
79.200000
80.200000
81.200000
79.100000
79.600000
80.100000
80.600000
81.100000
82.100000
83.100000
84.600000
85.600000
86.600000
71.800000
72.300000
72.800000
73.800000
72.500000
73.000000
73.500000
74.500000
75.500000
77.500000
78.500000
79.500000
80.500000
81.500000
76.400000
76.900000
77.400000
79.400000
89.300000
89.800000
71.900000
72.400000
72.900000
73.400000
73.900000
74.900000
75.900000
76.900000
77.900000
78.900000
79.900000
80.900000
78.300000
78.800000
79.300000
80.300000
81.300000
82.300000
83.300000
84.300000
85.300000
70.600000
71.100000
71.600000
72.600000
73.600000
74.600000
75.600000
76.600000
73.200000
73.700000
74.200000
75.200000
76.200000
79.200000
80.200000
81.200000
83.200000
74.700000
75.200000
75.700000
76.700000
77.700000
74.800000
75.300000
75.800000
76.800000
64.800000
65.300000
65.800000
66.300000
66.800000
67.800000
68.800000
69.800000
70.800000
71.800000
72.800000
73.800000
74.800000
80.900000
81.400000
81.900000
82.400000
82.900000
83.900000
72.400000
72.900000
73.400000
74.400000
78.300000
78.800000
79.300000
80.300000
81.300000
80.400000
80.900000
81.400000
82.400000
83.400000
84.400000
85.400000
86.900000
88.400000
77.100000
77.600000
78.100000
78.600000
79.100000
86.100000
86.600000
87.100000
87.600000
88.100000
89.600000
78.800000
79.300000
79.800000
80.300000
80.800000
80.500000
81.000000
81.500000
79.600000
80.100000
80.600000
81.600000
82.600000
78.000000
78.500000
79.000000
80.000000
81.000000
61.400000
61.900000
62.400000
62.900000
63.400000
64.900000
65.900000
67.400000
68.400000
69.400000
70.400000
71.400000
71.100000
71.600000
72.100000
72.600000
73.100000
74.100000
75.100000
66.500000
67.000000
67.500000
68.000000
68.500000
70.000000
72.500000
75.500000
76.500000
72.400000
72.900000
73.400000
74.900000
75.400000
76.400000
78.400000
81.900000
82.900000
62.900000
63.400000
63.900000
65.100000
65.600000
66.100000
66.600000
67.100000
68.100000
69.600000
70.100000
71.100000
72.100000
73.100000
75.100000
84.300000
84.800000
85.300000
86.300000
83.600000
84.100000
84.600000
85.100000
85.600000
86.600000
87.600000
88.600000
89.600000
74.400000
74.900000
67.400000
67.900000
68.400000
69.400000
85.900000
86.400000
86.900000
87.400000
87.900000
78.000000
78.500000
79.000000
80.000000
81.000000
82.400000
82.900000
83.400000
83.900000
84.400000
85.900000
86.900000
88.400000
89.400000
90.400000
91.400000
92.400000
79.600000
80.100000
80.600000
81.100000
81.600000
83.100000
84.100000
85.600000
86.600000
80.200000
80.700000
74.400000
74.900000
75.400000
76.400000
77.900000
78.900000
80.400000
81.400000
82.400000
84.400000
80.000000
80.500000
81.000000
82.000000
83.500000
86.000000
87.000000
88.000000
89.000000
60.300000
60.800000
61.300000
61.800000
62.300000
62.800000
78.000000
78.500000
79.000000
80.000000
81.000000
82.000000
83.000000
84.000000
88.300000
88.800000
89.300000
89.800000
90.300000
81.800000
82.300000
82.800000
83.300000
83.800000
84.800000
85.800000
68.000000
68.500000
69.000000
73.800000
74.300000
72.000000
72.500000
73.000000
73.500000
74.000000
75.000000
76.000000
70.100000
70.600000
71.100000
71.600000
72.100000
73.100000
74.100000
75.100000
78.500000
79.000000
79.500000
80.500000
81.500000
82.500000
83.500000
84.500000
85.500000
86.500000
71.300000
71.800000
72.300000
72.800000
73.300000
70.600000
71.100000
71.600000
72.600000
73.600000
74.600000
75.600000
76.600000
77.600000
78.600000
79.600000
80.600000
78.600000
79.100000
79.600000
80.600000
81.600000
82.600000
83.600000
84.600000
85.600000
86.600000
87.600000
85.800000
86.300000
86.800000
87.800000
88.800000
89.800000
85.500000
86.000000
86.500000
87.500000
67.100000
67.600000
68.100000
68.600000
69.100000
70.100000
71.100000
70.400000
70.900000
71.400000
72.400000
73.400000
74.900000
76.400000
78.400000
80.400000
62.800000
63.300000
63.800000
64.300000
64.800000
65.800000
70.900000
71.400000
71.900000
72.400000
72.900000
73.900000
74.900000
75.900000
76.900000
77.900000
78.900000
79.900000
80.900000
72.100000
72.600000
73.100000
73.600000
78.400000
78.900000
79.400000
80.400000
81.400000
76.800000
77.300000
77.800000
65.600000
66.100000
66.600000
67.100000
67.600000
68.600000
69.600000
70.600000
71.600000
72.600000
65.900000
66.400000
66.900000
67.900000
67.700000
68.200000
68.700000
69.200000
69.700000
70.700000
71.700000
72.700000
73.700000
75.200000
75.700000
76.200000
77.200000
78.200000
79.400000
79.900000
80.400000
80.900000
81.400000
82.400000
85.400000
76.400000
76.900000
77.400000
77.900000
78.400000
79.400000
80.400000
81.400000
82.400000
83.400000
84.400000
85.900000
87.700000
88.200000
88.700000
89.200000
89.700000
90.700000
79.200000
79.700000
80.200000
80.700000
81.200000
82.200000
83.200000
84.200000
85.200000
86.200000
84.800000
85.300000
85.800000
86.800000
87.800000
88.800000
89.800000
90.800000
79.100000
79.600000
80.100000
80.600000
81.100000
82.100000
84.100000
85.100000
87.100000
89.600000
76.400000
76.900000
77.400000
78.400000
79.400000
80.400000
81.400000
82.400000
83.400000
84.400000
86.400000
89.100000
89.600000
90.100000
91.100000
56.400000
56.900000
57.400000
58.400000
73.400000
73.900000
74.400000
75.400000
76.400000
78.400000
79.400000
80.400000
81.400000
84.200000
84.700000
85.200000
86.200000
87.200000
88.200000
89.200000
91.200000
92.200000
94.200000
70.800000
71.800000
72.800000
73.800000
78.500000
79.000000
79.500000
80.000000
80.500000
81.500000
82.500000
83.500000
84.500000
85.500000
82.700000
83.200000
83.700000
84.700000
78.100000
78.600000
79.100000
80.100000
82.100000
83.100000
84.600000
85.100000
82.800000
83.300000
83.800000
84.800000
72.100000
73.100000
73.600000
74.100000
75.100000
76.100000
71.500000
72.000000
72.500000
73.500000
74.500000
75.500000
76.500000
77.500000
78.500000
79.500000
81.500000
80.900000
81.400000
81.900000
82.900000
70.200000
70.700000
71.200000
68.300000
68.800000
69.300000
70.300000
75.300000
75.800000
76.300000
76.800000
77.300000
78.300000
70.600000
71.100000
71.600000
72.100000
72.600000
76.900000
77.400000
77.900000
78.400000
78.900000
79.900000
70.000000
70.500000
71.000000
72.000000
73.000000
76.600000
77.100000
77.600000
78.600000
64.600000
65.100000
65.600000
66.100000
66.600000
67.600000
68.600000
69.600000
70.600000
71.600000
72.600000
69.900000
70.400000
70.900000
83.400000
83.900000
84.400000
85.400000
76.100000
76.600000
77.100000
78.100000
79.100000
75.800000
76.300000
76.800000
77.800000
78.800000
79.800000
80.800000
82.800000
83.800000
84.800000
74.000000
74.500000
75.000000
76.000000
71.800000
72.300000
72.800000
78.800000
79.300000
79.800000
80.300000
80.800000
81.800000
82.800000
68.400000
68.900000
69.400000
69.900000
70.400000
71.400000
77.000000
77.500000
78.000000
79.000000
80.000000
81.000000
82.000000
83.000000
84.000000
85.000000
75.800000
76.300000
76.800000
80.200000
80.700000
81.300000
81.800000
82.300000
83.300000
84.300000
85.800000
86.800000
88.800000
91.300000
74.500000
75.000000
75.500000
76.000000
76.500000
77.500000
78.500000
79.500000
80.500000
81.500000
82.500000
70.500000
71.000000
71.500000
72.000000
72.500000
73.500000
74.500000
71.600000
73.600000
74.600000
56.500000
57.000000
57.500000
58.500000
76.000000
76.500000
77.000000
78.000000
79.000000
74.500000
75.000000
75.500000
76.500000
79.000000
79.500000
80.000000
81.000000
75.900000
76.400000
76.900000
77.900000
70.500000
71.000000
71.500000
72.000000
72.500000
73.500000
74.500000
75.500000
79.300000
79.800000
80.300000
80.800000
81.300000
82.300000
83.800000
84.800000
85.800000
86.800000
87.800000
89.300000
69.000000
69.500000
70.000000
70.500000
71.000000
72.000000
74.500000
75.500000
75.500000
76.000000
76.500000
77.500000
78.500000
79.500000
80.500000
81.500000
82.500000
84.500000
79.800000
80.300000
80.800000
81.300000
81.800000
82.800000
83.800000
84.800000
85.800000
86.800000
87.800000
88.800000
89.800000
72.300000
72.800000
73.300000
74.300000
75.300000
76.300000
71.200000
71.700000
72.200000
72.700000
73.200000
74.200000
75.200000
71.500000
72.000000
72.500000
73.000000
73.500000
74.500000
75.500000
80.400000
80.900000
81.400000
81.900000
82.400000
83.400000
84.600000
85.100000
85.600000
86.600000
86.200000
86.700000
87.200000
87.700000
84.000000
84.500000
85.000000
85.500000
86.000000
87.000000
74.600000
75.100000
69.200000
69.700000
70.200000
71.200000
63.900000
64.400000
64.900000
65.400000
65.900000
67.900000
76.300000
76.800000
77.300000
78.300000
79.300000
80.300000
87.800000
88.300000
88.800000
89.800000
76.100000
76.600000
77.800000
78.300000
78.800000
79.300000
79.800000
80.800000
82.200000
82.700000
83.200000
83.700000
84.200000
85.200000
86.200000
87.200000
88.200000
89.200000
79.100000
79.600000
61.300000
61.800000
62.300000
62.800000
76.300000
76.800000
77.300000
78.300000
79.300000
80.300000
81.300000
82.300000
83.300000
84.300000
85.300000
79.600000
80.100000
80.600000
81.100000
81.600000
75.600000
76.100000
76.600000
77.600000
78.600000
81.100000
82.100000
83.100000
85.100000
79.800000
80.300000
80.800000
70.200000
70.700000
71.200000
72.200000
73.200000
74.200000
75.200000
76.200000
77.200000
79.200000
73.400000
73.900000
74.400000
75.400000
76.400000
77.400000
78.400000
79.400000
80.400000
81.900000
82.400000
61.600000
62.100000
62.600000
63.100000
63.600000
64.600000
79.300000
79.800000
80.300000
80.800000
80.600000
81.100000
81.600000
82.100000
82.600000
83.600000
84.600000
85.800000
86.300000
86.800000
87.800000
62.700000
63.200000
63.700000
64.200000
64.700000
65.700000
84.000000
84.500000
85.000000
86.000000
85.500000
86.000000
86.500000
87.500000
88.500000
71.700000
72.200000
72.700000
73.200000
73.700000
74.700000
72.700000
73.200000
73.700000
74.700000
75.700000
76.700000
77.700000
78.700000
79.700000
80.700000
82.700000
74.700000
75.200000
75.700000
63.000000
63.500000
64.000000
64.500000
65.500000
66.000000
88.800000
89.300000
89.800000
85.500000
86.000000
86.500000
87.000000
87.500000
88.500000
90.500000
91.500000
92.500000
66.500000
67.000000
67.500000
68.000000
68.500000
69.500000
68.400000
68.900000
69.400000
69.900000
70.400000
71.400000
81.800000
82.300000
82.800000
83.800000
84.800000
86.300000
87.300000
88.300000
89.800000
90.800000
91.800000
82.700000
83.200000
83.700000
84.700000
82.900000
83.400000
83.900000
84.400000
72.900000
73.400000
73.900000
74.900000
75.900000
76.900000
77.900000
80.300000
80.800000
81.300000
81.800000
83.100000
83.600000
84.100000
84.600000
85.100000
86.100000
81.100000
81.600000
82.100000
83.100000
84.600000
86.100000
87.100000
88.100000
89.100000
90.100000
91.100000
86.600000
87.100000
87.600000
88.600000
72.000000
72.500000
73.000000
74.000000
72.600000
73.100000
73.600000
74.600000
75.600000
76.600000
77.600000
78.600000
79.600000
80.600000
82.600000
77.300000
77.800000
78.300000
79.300000
75.800000
76.300000
76.800000
77.300000
77.800000
56.100000
56.600000
57.100000
57.600000
58.100000
59.100000
73.500000
74.000000
74.500000
75.500000
76.500000
77.500000
79.000000
80.000000
84.800000
85.300000
85.800000
86.300000
86.800000
87.800000
70.700000
71.200000
64.400000
64.900000
65.400000
65.900000
76.400000
76.900000
77.400000
78.400000
70.900000
71.400000
71.900000
72.900000
73.900000
73.900000
74.400000
87.300000
87.800000
77.500000
78.000000
78.500000
79.500000
80.500000
75.700000
76.200000
76.700000
77.700000
70.300000
70.800000
71.300000
72.300000
73.300000
74.300000
75.300000
76.300000
77.300000
79.300000
77.400000
77.900000
78.400000
79.400000
77.900000
78.400000
78.900000
79.400000
79.900000
80.900000
83.900000
84.900000
85.900000
86.900000
74.900000
75.400000
75.900000
76.900000
77.900000
79.700000
80.200000
80.700000
81.200000
81.700000
82.700000
83.700000
85.700000
87.200000
88.200000
55.200000
55.700000
56.200000
56.700000
57.200000
58.200000
57.700000
58.200000
58.700000
59.200000
59.700000
68.900000
69.400000
69.900000
70.400000
70.900000
71.900000
80.700000
81.200000
81.700000
82.200000
82.700000
83.700000
84.700000
85.700000
87.600000
88.100000
88.600000
89.600000
90.600000
81.800000
82.300000
82.800000
69.400000
69.900000
70.400000
70.900000
71.400000
72.400000
74.100000
74.600000
75.100000
76.100000
77.100000
78.100000
79.100000
80.600000
77.700000
78.200000
78.700000
79.700000
80.700000
81.700000
82.700000
84.200000
69.900000
70.400000
70.900000
71.900000
73.400000
75.400000
76.400000
77.400000
79.900000
70.000000
70.500000
71.000000
72.000000
73.000000
85.100000
85.600000
86.100000
87.100000
88.100000
70.800000
71.300000
71.800000
72.800000
74.300000
74.800000
75.300000
75.800000
81.000000
81.500000
82.000000
84.000000
62.800000
63.300000
63.800000
64.800000
65.800000
76.800000
77.300000
77.800000
78.800000
82.700000
83.200000
83.700000
84.700000
85.700000
86.700000
73.400000
73.900000
74.400000
74.900000
75.400000
76.400000
77.400000
78.400000
79.400000
72.200000
72.700000
73.700000
76.700000
77.200000
77.700000
78.200000
78.700000
71.800000
72.300000
72.800000
73.800000
74.800000
75.800000
77.800000
78.800000
79.800000
80.800000
81.800000
79.400000
79.900000
80.400000
80.900000
81.400000
82.400000
83.400000
84.900000
85.900000
86.900000
75.600000
76.100000
76.600000
77.600000
73.600000
74.100000
74.600000
75.600000
76.600000
77.600000
78.600000
79.600000
68.700000
69.200000
69.700000
70.200000
64.200000
64.700000
65.200000
65.700000
66.200000
67.200000
60.100000
60.600000
61.100000
61.600000
62.100000
84.600000
85.100000
85.600000
86.600000
87.600000
88.600000
90.100000
91.100000
92.100000
93.100000
94.600000
71.600000
72.100000
72.600000
73.600000
77.000000
77.500000
78.000000
79.500000
80.000000
81.000000
82.000000
83.000000
85.000000
86.500000
87.000000
72.000000
72.500000
73.000000
73.500000
74.000000
75.000000
76.500000
77.000000
79.000000
79.800000
80.300000
80.800000
81.800000
82.800000
83.800000
84.800000
85.800000
79.300000
79.800000
80.300000
81.300000
82.300000
80.600000
81.100000
81.600000
82.100000
82.600000
83.600000
84.600000
85.600000
86.600000
74.600000
75.100000
76.600000
78.800000
79.300000
79.800000
80.300000
80.800000
82.300000
83.800000
85.300000
85.800000
86.800000
87.800000
73.600000
74.100000
74.600000
76.600000
79.800000
80.300000
80.800000
81.300000
81.800000
78.700000
79.200000
79.700000
80.200000
80.700000
81.700000
82.700000
83.700000
84.700000
85.700000
86.200000
86.700000
87.200000
88.200000
89.200000
77.500000
78.000000
78.500000
79.500000
72.400000
72.900000
73.400000
74.400000
77.000000
77.500000
78.000000
79.000000
65.400000
65.900000
66.400000
66.900000
67.400000
64.600000
65.100000
65.600000
66.100000
66.600000
68.100000
69.100000
70.100000
72.300000
72.800000
73.300000
73.800000
74.300000
76.600000
77.100000
77.600000
78.600000
79.600000
70.700000
71.200000
71.700000
72.700000
73.700000
75.200000
76.200000
77.200000
78.200000
79.200000
80.200000
80.700000
86.500000
87.000000
87.500000
88.000000
88.500000
89.500000
75.600000
76.100000
76.600000
77.600000
78.600000
79.600000
80.600000
81.600000
82.600000
83.600000
84.600000
85.600000
68.500000
69.000000
69.500000
70.500000
78.000000
78.500000
79.000000
80.000000
80.500000
81.000000
68.400000
68.900000
69.400000
69.900000
70.400000
71.900000
79.000000
79.500000
80.000000
81.000000
82.000000
83.500000
84.500000
85.500000
86.500000
87.500000
89.000000
71.900000
72.400000
72.900000
73.400000
73.900000
75.400000
74.800000
75.300000
75.800000
76.800000
77.800000
78.800000
79.800000
80.800000
81.800000
77.500000
78.000000
78.500000
79.500000
62.300000
62.800000
63.300000
63.800000
64.300000
65.300000
74.500000
75.000000
75.500000
76.500000
77.500000
78.500000
75.900000
76.400000
76.900000
79.900000
83.200000
83.700000
84.200000
84.700000
85.200000
86.200000
87.200000
88.200000
89.200000
90.200000
91.200000
92.200000
58.400000
58.900000
59.400000
60.400000
70.800000
71.300000
71.800000
72.300000
77.100000
77.600000
78.100000
78.600000
79.100000
80.100000
83.300000
83.800000
84.300000
82.100000
82.600000
83.100000
83.600000
84.100000
85.100000
76.100000
76.600000
77.100000
78.100000
79.100000
81.100000
82.100000
83.100000
85.600000
83.100000
83.600000
84.100000
84.600000
85.100000
86.100000
74.400000
75.900000
76.400000
84.500000
85.000000
85.500000
71.400000
71.900000
72.400000
73.400000
74.400000
75.000000
75.500000
76.000000
76.500000
77.000000
78.000000
79.000000
72.800000
73.300000
73.800000
74.800000
71.500000
72.000000
72.500000
73.500000
74.500000
86.700000
87.200000
87.700000
88.200000
88.700000
89.700000
90.700000
91.700000
82.500000
83.000000
83.500000
84.000000
84.500000
85.500000
77.700000
78.200000
78.700000
79.700000
80.700000
81.700000
72.100000
72.600000
73.100000
73.600000
74.100000
75.100000
76.100000
77.100000
78.100000
80.100000
69.000000
69.500000
70.000000
70.500000
71.000000
72.000000
73.000000
73.500000
74.000000
74.500000
75.000000
75.500000
76.500000
77.500000
78.500000
79.500000
80.500000
81.500000
82.500000
83.500000
63.600000
64.100000
64.600000
65.100000
65.600000
66.600000
61.000000
61.500000
62.000000
62.500000
63.000000
64.500000
66.000000
67.000000
68.000000
69.000000
70.000000
62.000000
62.500000
63.000000
64.000000
65.000000
66.500000
78.200000
78.700000
79.200000
79.700000
80.200000
81.200000
82.700000
78.800000
79.300000
79.800000
80.800000
81.800000
70.800000
71.300000
71.800000
72.800000
73.800000
74.800000
75.800000
76.800000
77.800000
80.800000
62.900000
63.400000
63.900000
64.400000
64.900000
65.900000
66.900000
67.900000
68.900000
69.900000
70.900000
71.900000
77.800000
78.300000
78.800000
79.800000
80.800000
81.800000
82.800000
83.800000
84.800000
87.300000
87.800000
76.800000
77.300000
77.800000
78.800000
68.000000
68.500000
69.000000
70.000000
77.400000
77.900000
78.400000
79.400000
80.400000
81.400000
82.400000
83.400000
84.400000
85.400000
87.400000
89.600000
90.100000
90.600000
91.600000
92.600000
93.600000
94.600000
95.600000
72.000000
72.500000
73.000000
74.000000
75.000000
77.000000
78.000000
79.000000
80.000000
82.000000
63.600000
64.100000
64.600000
79.600000
80.100000
80.600000
81.600000
64.300000
64.800000
76.700000
77.200000
77.700000
78.700000
74.300000
74.800000
75.300000
75.800000
76.300000
77.300000
74.000000
74.500000
75.000000
86.800000
87.800000
88.300000
88.800000
91.800000
74.300000
74.800000
75.300000
75.800000
76.300000
77.300000
78.300000
79.300000
81.300000
82.300000
83.300000
85.000000
85.500000
86.000000
86.500000
87.000000
88.000000
89.000000
90.000000
76.400000
76.900000
77.400000
77.900000
78.400000
79.400000
80.400000
83.800000
84.300000
84.800000
85.300000
85.800000
86.800000
87.800000
88.800000
89.800000
90.800000
91.800000
77.300000
77.800000
78.300000
79.300000
80.300000
76.600000
77.100000
77.600000
80.000000
80.500000
81.000000
86.000000
76.000000
76.500000
77.000000
78.000000
79.000000
80.000000
81.000000
82.000000
80.400000
80.900000
81.400000
81.900000
82.400000
83.400000
77.400000
77.900000
78.400000
66.300000
66.800000
70.100000
70.600000
71.100000
71.600000
72.100000
73.100000
74.100000
75.100000
76.100000
77.100000
78.100000
79.100000
79.600000
80.100000
80.600000
81.100000
82.100000
78.600000
79.100000
79.600000
80.900000
81.400000
81.900000
82.400000
82.900000
81.000000
81.500000
82.000000
83.000000
69.200000
69.700000
70.200000
70.700000
71.200000
72.200000
65.100000
65.600000
66.100000
66.600000
67.100000
68.100000
69.100000
70.100000
71.100000
72.100000
70.600000
71.100000
71.600000
71.500000
72.000000
72.500000
73.500000
76.000000
76.500000
77.500000
78.500000
80.500000
57.100000
57.600000
58.100000
59.100000
72.600000
73.100000
73.600000
74.600000
75.600000
76.600000
77.600000
78.600000
79.600000
81.600000
82.800000
83.300000
83.800000
84.800000
72.200000
72.700000
73.200000
80.300000
80.800000
81.300000
82.300000
83.300000
84.300000
85.300000
86.300000
87.300000
89.300000
90.300000
73.800000
74.300000
74.800000
75.300000
75.800000
76.800000
78.800000
79.800000
80.800000
81.800000
83.300000
72.600000
73.100000
73.600000
74.600000
79.600000
80.100000
80.600000
81.100000
81.600000
75.600000
76.100000
76.600000
77.100000
77.600000
70.900000
71.400000
71.900000
72.900000
73.900000
76.900000
77.900000
78.900000
82.000000
82.500000
83.000000
83.500000
84.000000
85.000000
86.000000
87.000000
88.000000
65.500000
66.000000
66.500000
67.500000
67.700000
68.200000
68.700000
69.700000
81.800000
82.300000
82.800000
83.800000
69.400000
69.900000
70.400000
71.400000
73.000000
73.500000
74.000000
75.000000
76.000000
77.000000
78.000000
79.000000
80.000000
77.300000
77.800000
78.300000
79.300000
62.200000
62.700000
63.200000
63.700000
64.200000
65.200000
71.200000
71.700000
72.200000
72.700000
74.200000
76.700000
78.700000
74.100000
74.600000
75.100000
75.600000
76.100000
77.100000
72.400000
72.900000
73.400000
74.400000
75.400000
76.400000
77.400000
78.400000
79.400000
80.400000
81.400000
79.500000
80.000000
80.500000
81.500000
82.500000
81.600000
82.100000
82.600000
83.600000
84.600000
79.200000
79.700000
80.200000
80.700000
81.200000
82.200000
75.800000
76.300000
76.800000
77.800000
74.500000
75.000000
75.500000
76.500000
83.300000
83.800000
84.300000
85.300000
73.500000
74.000000
74.500000
75.000000
75.500000
76.500000
68.900000
69.400000
69.900000
70.900000
80.300000
80.800000
81.300000
82.800000
74.000000
74.500000
75.000000
75.500000
76.000000
77.000000
78.000000
79.000000
80.000000
81.000000
82.000000
83.000000
84.000000
80.900000
81.400000
81.900000
82.400000
83.400000
83.900000
84.900000
85.900000
86.900000
87.900000
84.700000
85.200000
85.700000
86.700000
83.300000
83.800000
84.300000
85.800000
86.300000
71.500000
72.000000
73.500000
72.700000
73.200000
73.700000
74.700000
75.700000
76.700000
71.000000
71.500000
72.000000
73.000000
70.800000
71.300000
72.300000
74.000000
74.500000
75.000000
76.000000
77.000000
79.200000
79.700000
80.200000
80.700000
76.200000
76.700000
77.200000
78.200000
79.200000
80.200000
81.200000
82.200000
83.200000
85.700000
87.000000
87.500000
88.000000
64.900000
65.400000
65.900000
66.900000
70.800000
71.300000
71.800000
72.300000
72.800000
73.800000
74.800000
75.800000
79.000000
79.500000
80.000000
80.500000
81.000000
83.000000
63.900000
64.400000
64.900000
65.400000
65.900000
66.900000
67.900000
72.700000
73.200000
73.700000
74.200000
74.700000
75.700000
76.700000
77.700000
78.700000
83.100000
83.600000
84.100000
79.400000
79.900000
80.400000
80.900000
81.400000
82.400000
77.000000
77.500000
73.600000
74.100000
74.600000
75.600000
76.600000
77.600000
78.600000
79.600000
80.600000
81.600000
82.600000
70.500000
71.000000
71.500000
72.500000
73.500000
74.500000
75.500000
76.500000
77.500000
79.500000
85.300000
85.800000
86.300000
87.300000
80.300000
80.800000
81.300000
82.300000
83.300000
84.300000
78.100000
78.600000
79.100000
80.100000
81.100000
72.500000
73.000000
73.500000
74.000000
74.500000
75.500000
84.300000
84.800000
85.300000
86.300000
86.800000
87.300000
87.800000
75.600000
76.100000
76.600000
77.100000
60.300000
60.800000
61.300000
61.800000
62.300000
85.200000
85.700000
86.200000
87.100000
87.600000
88.100000
88.600000
89.100000
90.100000
73.400000
73.900000
74.400000
75.400000
76.400000
79.100000
79.600000
80.100000
82.100000
83.100000
84.100000
85.100000
73.500000
74.000000
74.500000
75.000000
75.500000
76.500000
77.500000
80.000000
80.500000
81.000000
82.000000
83.000000
71.800000
72.300000
72.800000
73.300000
73.800000
74.800000
75.800000
76.800000
78.800000
82.900000
83.400000
83.900000
84.400000
84.900000
85.900000
86.900000
87.900000
88.900000
69.600000
70.100000
70.600000
71.600000
72.100000
74.600000
78.100000
78.600000
79.100000
79.600000
80.100000
81.100000
82.100000
66.100000
66.600000
67.100000
67.600000
68.100000
69.100000
72.300000
72.800000
73.300000
73.800000
74.300000
75.300000
76.300000
84.200000
84.700000
85.200000
76.100000
76.600000
77.100000
78.100000
79.100000
71.300000
71.800000
72.300000
73.300000
74.300000
75.300000
76.300000
73.700000
74.200000
74.700000
75.200000
75.700000
76.700000
72.500000
73.000000
73.500000
74.500000
59.700000
60.200000
79.300000
79.800000
80.300000
81.300000
72.800000
73.300000
73.800000
74.300000
74.800000
75.800000
76.800000
77.300000
77.800000
78.800000
79.800000
80.800000
81.800000
82.800000
83.800000
85.800000
86.800000
83.100000
83.600000
84.100000
85.100000
86.100000
80.100000
80.600000
81.100000
82.100000
83.100000
84.100000
84.600000
85.100000
85.600000
86.100000
65.300000
65.800000
66.300000
66.800000
67.300000
68.300000
69.300000
70.300000
71.300000
88.600000
89.100000
89.600000
90.600000
91.600000
92.600000
94.100000
95.100000
98.100000
62.900000
63.400000
63.900000
64.400000
64.900000
66.900000
67.900000
69.400000
69.900000
70.900000
71.900000
72.900000
69.100000
69.600000
70.100000
70.600000
71.100000
72.100000
73.900000
74.400000
74.900000
75.400000
75.900000
76.900000
56.600000
57.100000
57.600000
58.100000
74.400000
74.900000
75.400000
75.900000
76.400000
77.400000
78.400000
79.400000
80.400000
81.400000
82.400000
83.400000
80.600000
81.100000
81.600000
82.100000
83.100000
85.600000
86.600000
87.600000
79.700000
80.200000
80.700000
81.700000
70.200000
70.700000
62.400000
62.900000
63.400000
63.900000
64.400000
65.400000
66.400000
67.400000
68.400000
69.400000
70.400000
71.400000
72.400000
80.000000
80.500000
81.000000
82.000000
83.000000
84.000000
86.000000
87.000000
88.000000
89.000000
90.000000
71.400000
71.900000
72.400000
72.900000
73.400000
74.400000
68.100000
68.600000
69.100000
69.600000
70.100000
71.100000
72.100000
73.100000
74.100000
75.100000
83.100000
83.600000
84.100000
85.100000
86.100000
87.100000
88.100000
89.100000
90.100000
91.100000
69.600000
70.100000
74.400000
74.900000
75.400000
75.900000
76.400000
77.400000
78.400000
79.400000
80.400000
81.400000
82.400000
83.400000
84.400000
71.400000
71.900000
72.400000
73.400000
74.400000
75.400000
76.400000
77.400000
78.400000
82.800000
83.300000
83.800000
84.300000
85.300000
82.000000
82.500000
83.000000
75.000000
75.500000
76.000000
76.500000
77.000000
86.100000
86.600000
87.100000
88.100000
89.100000
75.300000
75.800000
76.300000
76.800000
77.300000
70.000000
70.500000
71.000000
72.000000
73.000000
75.000000
76.000000
77.000000
79.000000
82.200000
82.700000
83.200000
84.200000
73.300000
73.800000
74.300000
75.300000
72.400000
72.900000
73.400000
73.900000
74.400000
75.400000
76.400000
82.600000
83.100000
83.600000
84.100000
73.500000
74.000000
74.500000
75.000000
75.500000
76.500000
84.800000
85.300000
85.800000
86.800000
88.300000
88.800000
89.800000
90.300000
81.700000
82.200000
82.700000
83.200000
83.700000
84.700000
85.700000
86.700000
87.200000
69.300000
69.800000
70.300000
70.800000
71.300000
78.200000
78.700000
63.800000
64.300000
64.800000
65.800000
74.000000
74.500000
64.300000
64.800000
72.800000
73.300000
73.800000
74.300000
74.800000
75.800000
72.600000
73.100000
73.600000
74.600000
75.600000
76.800000
77.300000
77.800000
78.800000
70.000000
70.500000
71.000000
72.000000
73.000000
74.000000
75.000000
76.000000
77.000000
79.000000
77.900000
78.400000
78.900000
79.900000
80.900000
81.900000
82.900000
83.900000
84.900000
85.900000
76.800000
77.300000
77.800000
78.300000
78.800000
79.800000
80.800000
80.500000
81.000000
81.500000
82.000000
82.500000
83.500000
73.100000
73.600000
74.100000
74.600000
75.100000
76.100000
77.100000
78.100000
79.100000
86.200000
86.700000
87.200000
88.200000
84.300000
84.800000
85.300000
86.300000
87.300000
88.300000
89.800000
90.800000
91.800000
93.300000
80.200000
80.700000
81.200000
81.700000
82.200000
76.600000
77.100000
77.600000
78.600000
79.600000
80.600000
81.600000
82.600000
83.600000
84.600000
81.600000
82.100000
82.600000
83.600000
84.600000
85.600000
86.600000
87.600000
88.600000
79.100000
79.600000
80.100000
80.600000
64.300000
64.800000
65.800000
66.300000
67.300000
68.300000
69.300000
69.800000
86.300000
86.800000
87.300000
88.800000
55.100000
55.600000
56.100000
56.600000
57.100000
58.100000
59.100000
60.100000
61.100000
62.100000
63.100000
78.500000
79.000000
79.500000
80.000000
80.500000
81.500000
90.900000
91.400000
91.900000
92.900000
80.400000
80.900000
81.400000
81.900000
82.400000
83.400000
84.400000
85.400000
70.800000
71.300000
71.800000
72.800000
69.300000
69.800000
70.300000
71.300000
76.300000
76.800000
77.300000
78.300000
79.300000
73.900000
74.400000
74.900000
75.400000
75.900000
76.900000
78.900000
79.900000
80.900000
72.300000
72.800000
73.300000
73.800000
74.300000
75.300000
77.300000
75.800000
76.300000
76.800000
77.800000
74.200000
74.700000
75.200000
75.700000
76.200000
77.200000
78.200000
77.800000
78.300000
84.700000
85.200000
85.700000
86.700000
58.700000
59.200000
78.300000
78.800000
79.300000
80.300000
81.300000
82.300000
83.300000
84.300000
85.300000
86.300000
88.300000
70.700000
71.200000
71.700000
72.700000
86.900000
87.400000
77.100000
77.600000
78.100000
79.100000
80.100000
81.600000
82.100000
83.100000
84.100000
86.100000
87.100000
68.600000
69.100000
69.600000
70.600000
69.100000
69.600000
70.100000
76.900000
77.400000
77.900000
78.400000
78.900000
67.400000
67.900000
68.400000
68.900000
70.400000
71.400000
72.400000
73.400000
74.400000
77.100000
77.600000
78.100000
78.600000
79.100000
80.100000
73.300000
73.800000
74.300000
75.100000
75.600000
76.100000
76.600000
77.100000
78.100000
79.100000
80.100000
87.200000
87.700000
88.200000
89.200000
90.200000
73.700000
74.200000
83.200000
83.700000
84.200000
84.700000
71.400000
71.900000
72.400000
75.900000
76.900000
70.900000
71.400000
71.900000
72.900000
68.500000
69.000000
69.500000
70.000000
71.500000
73.500000
65.600000
66.100000
66.600000
67.600000
82.600000
83.100000
83.600000
84.100000
84.600000
85.600000
86.600000
87.600000
88.600000
89.600000
90.600000
91.600000
71.600000
72.100000
72.600000
73.100000
73.600000
74.600000
75.600000
76.600000
75.200000
75.700000
69.000000
69.500000
70.000000
70.500000
72.000000
73.000000
74.000000
75.000000
76.000000
77.000000
69.900000
70.400000
70.900000
71.400000
71.900000
84.600000
85.100000
85.600000
86.600000
71.100000
71.600000
72.100000
73.100000
61.200000
61.700000
62.200000
63.200000
64.200000
65.200000
66.200000
84.500000
85.000000
85.500000
86.500000
81.900000
82.400000
82.900000
83.900000
78.400000
78.900000
79.400000
80.400000
81.400000
82.400000
72.400000
72.900000
73.400000
73.900000
74.400000
75.400000
76.400000
77.400000
78.400000
73.600000
74.100000
74.600000
75.100000
75.600000
76.600000
59.800000
60.300000
60.800000
61.300000
62.800000
64.300000
65.800000
66.800000
67.800000
65.700000
66.200000
66.700000
67.200000
67.700000
68.700000
85.000000
85.500000
86.000000
86.500000
87.000000
88.000000
89.500000
90.500000
91.500000
92.500000
93.000000
94.000000
67.100000
67.600000
68.100000
68.600000
69.600000
83.300000
83.800000
84.300000
84.800000
85.300000
86.300000
87.300000
70.600000
71.100000
71.600000
72.100000
72.600000
73.600000
74.600000
75.600000
76.600000
77.600000
78.600000
79.600000
78.000000
78.500000
79.000000
80.000000
81.400000
81.900000
82.400000
82.900000
83.400000
84.400000
85.400000
86.400000
84.500000
85.000000
85.500000
86.500000
87.500000
69.500000
70.000000
70.500000
71.500000
71.900000
72.400000
81.400000
81.900000
82.400000
83.400000
87.900000
88.400000
88.900000
90.900000
71.300000
71.800000
72.300000
74.300000
74.800000
75.300000
75.800000
76.300000
77.300000
76.000000
76.500000
77.000000
80.300000
80.800000
81.300000
82.300000
73.000000
73.500000
74.000000
74.500000
75.000000
76.000000
77.000000
78.000000
79.000000
72.000000
72.500000
73.000000
74.000000
75.000000
76.000000
77.000000
78.000000
79.000000
80.000000
82.000000
79.200000
79.700000
80.200000
70.900000
71.400000
71.900000
72.800000
73.300000
73.800000
83.000000
83.500000
84.000000
84.500000
85.000000
64.500000
65.000000
74.000000
74.500000
75.000000
75.500000
76.000000
77.000000
79.000000
80.000000
81.000000
77.800000
78.300000
78.800000
79.300000
79.200000
79.700000
78.300000
78.800000
79.300000
79.800000
80.300000
81.300000
83.400000
83.900000
84.400000
84.900000
85.400000
86.400000
87.400000
89.400000
68.900000
69.400000
69.900000
70.400000
70.900000
72.400000
73.400000
74.400000
82.500000
83.000000
83.500000
84.000000
84.500000
85.500000
87.500000
88.500000
89.500000
90.500000
76.400000
76.900000
77.400000
77.900000
77.900000
78.400000
78.900000
79.400000
79.900000
56.200000
56.700000
57.200000
57.700000
58.200000
59.200000
76.600000
77.100000
77.600000
78.100000
78.600000
79.600000
80.600000
81.600000
82.600000
83.600000
84.600000
85.600000
75.800000
76.300000
76.800000
77.800000
78.800000
80.300000
81.300000
82.300000
83.800000
85.300000
80.400000
80.900000
81.400000
81.900000
82.400000
71.100000
71.600000
72.100000
72.600000
73.100000
74.100000
75.100000
76.100000
77.100000
86.400000
86.900000
87.400000
87.900000
88.400000
89.400000
90.900000
79.900000
80.400000
80.900000
81.900000
82.900000
83.900000
75.600000
76.100000
76.600000
77.100000
77.600000
81.500000
82.000000
82.500000
67.400000
67.900000
68.400000
68.900000
69.400000
84.400000
84.900000
85.400000
85.900000
86.400000
87.400000
77.400000
77.900000
78.400000
79.400000
69.700000
70.200000
70.700000
72.200000
71.400000
71.900000
72.400000
73.900000
76.600000
77.100000
77.600000
57.800000
58.300000
58.800000
59.300000
59.800000
60.800000
61.800000
62.800000
63.800000
64.800000
65.800000
66.800000
84.900000
85.400000
85.900000
86.900000
87.900000
79.800000
80.300000
80.800000
81.800000
69.500000
70.000000
70.500000
71.500000
81.400000
81.900000
82.400000
82.900000
83.400000
81.200000
81.700000
82.200000
82.700000
83.200000
72.200000
72.700000
73.200000
74.200000
75.200000
76.200000
77.200000
78.200000
79.200000
81.200000
72.900000
73.400000
73.900000
74.900000
71.500000
72.000000
72.500000
73.500000
72.700000
73.200000
74.200000
74.700000
76.000000
76.500000
77.000000
77.500000
78.000000
79.000000
80.200000
80.700000
81.200000
81.700000
82.200000
83.200000
62.000000
62.500000
83.200000
83.700000
84.200000
84.700000
85.200000
87.200000
88.200000
89.200000
90.200000
91.200000
76.400000
76.900000
77.400000
77.900000
78.400000
79.400000
80.400000
81.400000
82.400000
83.400000
84.400000
85.400000
81.200000
81.700000
82.200000
82.700000
83.200000
84.200000
76.500000
77.000000
77.500000
78.500000
79.500000
80.500000
83.500000
85.000000
85.500000
78.800000
79.300000
84.800000
85.300000
85.800000
86.800000
87.800000
88.800000
76.900000
77.400000
78.900000
79.900000
80.900000
81.900000
82.900000
83.900000
85.900000
82.400000
82.900000
83.900000
84.400000
84.400000
84.900000
85.400000
86.400000
87.400000
75.500000
76.000000
76.500000
77.500000
78.000000
78.500000
79.500000
80.500000
82.000000
83.000000
83.300000
83.800000
84.300000
85.300000
86.300000
87.300000
77.300000
77.800000
83.000000
83.500000
84.000000
85.000000
72.900000
73.400000
73.900000
74.900000
75.900000
77.900000
78.900000
79.900000
72.000000
72.500000
73.000000
74.000000
86.700000
87.200000
87.700000
88.200000
88.700000
89.700000
75.300000
75.800000
76.300000
77.300000
78.300000
78.800000
80.300000
81.300000
82.300000
84.300000
74.800000
75.300000
75.800000
76.300000
76.800000
78.500000
79.000000
79.500000
80.000000
80.500000
67.800000
68.300000
68.800000
69.300000
69.800000
70.800000
85.400000
86.400000
86.900000
87.400000
88.400000
89.400000
71.200000
71.700000
72.200000
73.200000
73.400000
73.900000
74.400000
75.400000
76.400000
78.400000
79.400000
80.400000
82.400000
81.100000
81.600000
82.100000
82.600000
83.100000
84.100000
76.400000
76.900000
77.400000
77.900000
82.600000
83.100000
83.600000
84.100000
84.600000
85.600000
86.600000
64.600000
65.100000
65.600000
66.100000
66.600000
67.600000
83.500000
84.000000
84.500000
72.100000
72.600000
73.100000
74.100000
75.100000
76.100000
77.100000
78.100000
79.100000
81.100000
67.000000
67.500000
68.000000
68.500000
69.000000
72.100000
72.600000
73.100000
74.100000
75.100000
71.100000
71.600000
72.100000
76.600000
77.600000
77.300000
77.800000
78.300000
78.800000
79.300000
80.300000
81.300000
82.300000
83.300000
84.300000
78.900000
79.400000
71.300000
71.800000
72.300000
72.800000
72.400000
72.900000
73.400000
73.900000
74.400000
75.400000
76.400000
77.400000
78.400000
79.400000
72.500000
73.000000
73.500000
74.000000
74.500000
70.800000
71.300000
71.800000
72.800000
73.800000
74.800000
75.800000
76.800000
77.800000
78.800000
79.800000
73.200000
73.700000
75.200000
76.700000
77.200000
79.200000
80.200000
74.200000
74.700000
75.200000
76.200000
77.200000
62.600000
63.100000
63.600000
64.600000
84.300000
84.800000
85.300000
86.300000
76.400000
76.900000
77.400000
78.400000
79.400000
80.400000
81.400000
71.600000
72.100000
72.600000
73.600000
74.600000
75.600000
76.600000
71.200000
71.700000
72.200000
72.700000
73.200000
74.700000
75.200000
71.100000
71.600000
72.600000
73.100000
74.100000
75.100000
76.100000
77.100000
78.100000
79.100000
72.700000
73.200000
73.700000
74.700000
64.800000
65.300000
82.200000
82.700000
83.200000
83.700000
84.200000
85.200000
73.200000
73.700000
74.200000
75.200000
76.200000
82.700000
83.200000
83.700000
84.200000
84.700000
85.700000
86.700000
87.700000
88.700000
73.400000
73.900000
74.400000
74.900000
75.400000
76.400000
77.400000
78.400000
79.400000
71.200000
71.700000
72.200000
72.700000
73.200000
74.200000
75.200000
78.900000
79.400000
79.900000
80.400000
71.800000
72.300000
72.800000
73.800000
74.800000
86.300000
86.800000
87.300000
68.300000
68.800000
69.300000
69.800000
70.300000
70.700000
71.200000
71.700000
72.700000
73.700000
74.700000
75.700000
76.700000
77.700000
78.700000
77.600000
78.100000
78.600000
79.600000
80.600000
77.000000
77.500000
78.000000
78.500000
79.000000
80.000000
85.900000
86.400000
86.900000
87.400000
87.900000
88.900000
80.000000
80.500000
81.000000
82.000000
75.500000
76.000000
76.500000
77.500000
78.000000
79.500000
80.500000
82.500000
85.500000
59.900000
60.400000
60.900000
61.900000
62.900000
64.900000
77.400000
77.900000
79.300000
79.800000
80.300000
81.300000
76.200000
76.700000
77.200000
77.700000
77.100000
77.600000
78.100000
78.600000
79.100000
79.200000
79.700000
76.700000
77.200000
77.700000
78.200000
76.900000
77.400000
77.900000
78.900000
79.900000
71.800000
72.300000
72.800000
73.300000
73.800000
74.800000
73.400000
73.900000
74.400000
74.900000
75.400000
76.400000
77.400000
78.400000
79.400000
80.400000
81.400000
82.400000
72.100000
72.600000
73.100000
74.100000
75.100000
74.700000
75.200000
75.700000
76.700000
75.300000
75.800000
76.300000
77.300000
79.700000
80.200000
80.700000
81.700000
69.100000
69.600000
70.100000
70.600000
71.100000
69.100000
69.600000
70.100000
70.600000
71.100000
80.700000
81.200000
81.700000
82.200000
82.700000
83.700000
83.300000
83.800000
84.300000
84.800000
85.300000
86.300000
82.900000
83.400000
83.900000
84.900000
85.900000
86.900000
87.900000
88.900000
83.200000
83.700000
84.200000
84.700000
85.200000
71.700000
72.200000
72.700000
66.300000
66.800000
67.300000
67.800000
68.300000
69.300000
70.300000
71.300000
72.300000
61.700000
62.200000
62.700000
63.200000
63.700000
76.500000
77.000000
77.500000
78.000000
78.500000
80.500000
82.000000
64.200000
64.700000
71.400000
71.900000
72.400000
79.500000
80.000000
80.500000
81.500000
71.600000
72.100000
72.600000
73.600000
64.700000
65.200000
65.700000
66.200000
72.600000
73.100000
73.600000
74.100000
74.600000
75.600000
76.600000
77.600000
78.600000
79.600000
80.600000
71.600000
72.100000
71.800000
72.300000
72.800000
73.300000
73.800000
74.800000
75.800000
76.800000
85.900000
86.400000
86.900000
87.400000
87.900000
88.900000
89.900000
90.900000
91.900000
92.900000
93.900000
94.900000
58.900000
59.400000
69.700000
70.200000
73.600000
74.100000
75.200000
75.700000
76.200000
84.200000
84.700000
85.200000
86.200000
75.400000
75.900000
77.400000
82.600000
83.100000
83.600000
84.600000
61.800000
62.300000
62.800000
63.300000
65.300000
65.800000
66.800000
68.800000
87.700000
88.200000
88.700000
84.700000
85.200000
85.700000
86.200000
86.700000
87.700000
88.700000
64.300000
64.800000
65.300000
66.300000
72.000000
72.500000
73.000000
73.500000
74.000000
75.000000
69.500000
70.000000
70.500000
71.500000
85.600000
86.100000
86.600000
87.100000
87.600000
88.600000
89.600000
76.100000
76.600000
77.100000
77.600000
78.100000
79.100000
82.500000
83.000000
83.500000
84.000000
84.500000
85.500000
77.100000
77.600000
78.100000
78.600000
79.100000
80.100000
55.100000
55.600000
56.100000
77.600000
78.100000
78.600000
79.100000
77.900000
78.400000
69.300000
69.800000
70.300000
61.100000
61.600000
62.100000
63.100000
64.100000
65.600000
66.600000
67.600000
74.600000
75.100000
76.600000
78.100000
79.100000
80.100000
81.100000
71.400000
71.900000
72.400000
73.400000
74.400000
76.400000
77.400000
78.400000
79.400000
80.400000
65.900000
66.400000
74.100000
74.600000
59.400000
59.900000
60.400000
74.300000
74.800000
75.300000
75.800000
76.300000
77.300000
78.300000
79.300000
80.300000
81.300000
82.300000
63.100000
63.600000
64.100000
64.600000
66.100000
67.100000
81.500000
82.000000
82.500000
83.000000
83.500000
84.500000
85.500000
86.500000
88.000000
88.500000
89.500000
77.900000
78.400000
78.900000
79.400000
79.900000
80.900000
81.900000
81.300000
81.800000
74.400000
74.900000
75.400000
75.900000
77.400000
69.400000
69.900000
70.400000
75.600000
76.100000
76.600000
77.100000
77.600000
78.600000
79.600000
69.600000
70.100000
70.600000
71.100000
71.600000
72.600000
73.600000
74.600000
75.600000
76.600000
77.600000
78.600000
83.400000
83.900000
85.400000
64.800000
65.050000
65.300000
66.800000
67.800000
68.800000
69.800000
70.800000
83.400000
83.650000
83.900000
84.900000
86.400000
87.400000
88.400000
62.900000
63.150000
63.400000
63.900000
64.900000
65.900000
67.900000
76.400000
76.650000
76.900000
77.400000
78.400000
79.400000
66.000000
66.250000
66.500000
67.000000
68.000000
69.000000
70.500000
82.500000
82.750000
83.000000
83.500000
84.500000
61.900000
62.150000
62.400000
62.900000
63.900000
72.500000
72.750000
73.000000
73.500000
74.500000
75.500000
76.500000
66.700000
66.950000
67.200000
67.700000
68.700000
69.700000
70.700000
71.700000
75.800000
76.050000
76.300000
76.800000
77.800000
78.800000
79.800000
80.800000
69.500000
69.750000
70.000000
70.500000
71.500000
72.200000
72.450000
72.700000
73.200000
72.300000
72.550000
72.800000
73.300000
74.300000
75.300000
76.300000
77.300000
77.400000
77.650000
77.900000
78.400000
79.400000
80.400000
73.100000
73.350000
73.600000
74.100000
76.100000
77.100000
78.100000
79.100000
75.200000
75.450000
75.700000
76.200000
77.200000
78.200000
79.200000
64.200000
64.450000
83.900000
84.150000
84.400000
84.900000
73.900000
74.150000
74.400000
74.900000
75.900000
76.900000
78.900000
66.000000
66.500000
67.000000
68.000000
69.000000
70.000000
71.500000
72.000000
68.300000
68.550000
68.800000
69.300000
70.300000
71.300000
72.300000
83.100000
83.350000
83.600000
84.100000
85.100000
86.100000
87.100000
57.000000
57.250000
72.800000
73.050000
73.300000
73.800000
74.800000
75.800000
76.800000
77.800000
63.400000
63.650000
63.900000
64.400000
65.400000
66.400000
67.400000
68.400000
69.400000
62.000000
62.250000
62.500000
63.000000
64.000000
65.000000
66.000000
81.000000
81.250000
81.500000
82.000000
83.000000
84.000000
85.000000
86.000000
65.500000
65.750000
66.000000
66.500000
67.500000
68.500000
69.500000
71.500000
88.300000
88.550000
88.800000
89.300000
90.300000
91.300000
92.300000
69.500000
69.750000
70.000000
70.500000
71.500000
73.500000
74.500000
59.500000
59.750000
60.000000
60.500000
61.500000
62.500000
63.500000
65.000000
83.700000
83.950000
84.200000
84.700000
85.700000
87.800000
88.050000
88.300000
88.800000
89.800000
90.800000
91.800000
92.800000
77.500000
77.750000
78.000000
78.500000
80.500000
75.200000
75.450000
75.700000
76.200000
77.200000
78.200000
79.200000
80.200000
61.600000
61.850000
62.100000
62.600000
63.600000
64.600000
65.600000
66.600000
71.700000
71.950000
72.200000
72.700000
73.700000
74.700000
76.700000
67.800000
68.050000
68.300000
68.800000
69.800000
70.800000
71.800000
63.900000
64.400000
64.900000
65.900000
66.900000
67.900000
68.900000
82.300000
82.550000
82.800000
83.300000
84.300000
85.300000
86.300000
87.300000
78.100000
78.350000
78.600000
79.100000
80.100000
81.100000
76.400000
77.400000
78.400000
79.400000
80.400000
81.400000
62.500000
62.750000
63.000000
63.500000
64.500000
65.500000
66.500000
67.500000
81.600000
81.850000
82.100000
82.700000
83.200000
83.700000
84.700000
85.700000
66.300000
66.550000
66.800000
67.300000
68.300000
69.300000
70.300000
71.300000
72.300000
67.800000
68.050000
68.300000
68.800000
69.800000
70.800000
72.700000
72.950000
73.200000
73.700000
74.700000
75.700000
76.700000
70.600000
70.850000
71.600000
72.600000
76.600000
76.850000
77.100000
77.600000
78.600000
79.600000
68.900000
69.150000
69.400000
69.900000
70.900000
71.900000
72.900000
73.900000
70.900000
71.150000
71.400000
71.900000
72.900000
73.900000
74.900000
75.900000
80.700000
80.950000
81.200000
81.700000
82.700000
83.700000
84.700000
85.700000
71.300000
71.550000
71.800000
72.300000
74.300000
75.800000
65.300000
65.800000
66.300000
77.600000
77.850000
78.100000
78.600000
79.600000
80.600000
81.600000
82.600000
65.500000
66.000000
66.500000
67.000000
68.500000
69.500000
83.000000
83.250000
83.500000
84.000000
85.000000
86.000000
87.000000
88.000000
80.400000
80.650000
80.900000
81.400000
84.900000
86.400000
73.000000
73.250000
73.500000
74.000000
75.000000
76.000000
77.000000
57.700000
57.950000
58.200000
58.700000
59.700000
61.700000
63.200000
82.400000
82.650000
82.900000
83.400000
84.400000
66.700000
66.950000
67.200000
67.700000
68.700000
69.700000
70.700000
71.700000
75.500000
76.000000
77.000000
71.000000
71.250000
71.500000
68.000000
68.250000
68.500000
69.000000
70.000000
71.000000
72.000000
73.000000
68.200000
68.450000
68.700000
69.200000
70.200000
71.200000
72.200000
73.200000
76.000000
76.250000
76.500000
77.000000
78.000000
79.000000
80.000000
81.000000
63.700000
63.950000
64.200000
64.700000
65.700000
66.700000
67.700000
68.700000
84.700000
84.950000
85.200000
85.700000
86.700000
68.800000
69.050000
69.300000
69.800000
70.800000
71.800000
72.800000
79.800000
80.050000
80.300000
80.800000
82.800000
83.800000
84.800000
82.300000
82.550000
82.800000
83.300000
84.300000
85.300000
86.300000
87.300000
88.300000
68.100000
68.350000
68.600000
69.100000
70.100000
71.100000
72.100000
74.300000
74.550000
74.800000
75.300000
76.300000
77.300000
78.300000
79.300000
82.000000
82.250000
83.000000
84.000000
85.000000
86.000000
87.000000
70.400000
70.650000
70.900000
71.400000
72.400000
73.400000
74.400000
75.400000
55.500000
55.750000
56.000000
56.500000
57.500000
58.500000
59.500000
63.600000
63.850000
64.100000
64.600000
65.600000
66.600000
67.600000
68.600000
69.600000
65.000000
65.250000
68.500000
68.750000
69.000000
69.500000
70.500000
71.500000
72.500000
73.500000
73.500000
73.750000
74.000000
74.500000
75.500000
76.500000
77.500000
78.500000
78.000000
78.250000
78.500000
79.000000
57.000000
57.250000
57.500000
58.000000
59.000000
60.000000
61.000000
62.000000
65.100000
65.350000
65.600000
66.100000
67.600000
70.100000
76.100000
76.350000
76.600000
77.100000
78.100000
75.800000
76.050000
76.300000
76.800000
77.800000
78.800000
79.800000
80.800000
62.000000
62.250000
62.500000
63.000000
64.000000
65.000000
66.000000
67.000000
69.300000
69.550000
69.800000
70.300000
71.300000
72.300000
73.300000
74.300000
64.000000
64.250000
64.500000
65.000000
66.000000
67.000000
69.000000
76.600000
76.850000
77.100000
65.700000
65.950000
66.200000
66.700000
67.700000
68.700000
69.700000
70.700000
61.300000
61.550000
61.800000
62.300000
63.300000
64.300000
65.300000
66.300000
78.600000
78.850000
79.100000
79.600000
80.600000
81.600000
74.800000
75.300000
75.800000
76.800000
77.800000
78.800000
79.800000
68.200000
68.450000
68.700000
69.200000
72.700000
73.700000
74.300000
74.550000
74.800000
75.300000
56.300000
56.550000
56.800000
57.300000
70.500000
70.750000
71.000000
71.500000
72.500000
73.500000
74.500000
67.000000
67.250000
67.500000
68.000000
70.000000
71.000000
72.900000
73.150000
73.400000
73.900000
75.900000
76.900000
77.900000
71.000000
71.250000
71.500000
72.000000
73.000000
74.000000
71.600000
71.850000
72.100000
72.600000
73.600000
75.600000
76.600000
63.000000
63.250000
63.500000
64.000000
65.000000
66.000000
67.000000
68.000000
58.800000
59.050000
59.300000
59.800000
60.800000
61.800000
62.800000
63.800000
74.700000
74.950000
75.700000
76.700000
77.700000
78.700000
79.700000
79.000000
79.250000
79.500000
80.000000
81.000000
82.000000
83.000000
84.000000
81.300000
82.300000
83.300000
84.300000
85.800000
86.300000
81.900000
82.150000
82.400000
82.900000
83.900000
85.900000
59.900000
60.150000
60.400000
60.900000
61.900000
62.900000
63.900000
64.900000
66.000000
66.250000
66.500000
67.000000
68.000000
69.000000
70.000000
71.000000
67.800000
68.050000
68.300000
68.800000
69.800000
70.800000
71.800000
72.800000
73.300000
69.100000
69.350000
69.600000
70.100000
71.100000
72.100000
73.100000
57.800000
58.050000
58.300000
58.800000
59.800000
60.800000
87.800000
88.050000
88.300000
88.800000
89.800000
90.800000
91.800000
92.800000
71.700000
72.200000
72.700000
73.700000
74.700000
75.700000
64.400000
64.650000
64.900000
65.400000
66.400000
67.400000
68.400000
69.400000
67.400000
67.650000
67.900000
68.400000
69.400000
70.400000
71.400000
72.400000
72.600000
72.850000
73.100000
73.600000
74.600000
77.100000
70.200000
70.450000
70.700000
71.200000
72.200000
73.200000
75.200000
71.500000
71.750000
72.000000
72.500000
73.500000
74.500000
75.500000
79.100000
79.350000
79.600000
80.100000
81.100000
82.100000
71.600000
71.850000
72.100000
72.600000
73.600000
74.600000
75.600000
76.600000
68.000000
68.250000
68.500000
69.000000
70.000000
71.000000
72.000000
73.000000
88.500000
88.750000
89.000000
89.500000
90.500000
72.300000
72.800000
73.300000
74.300000
75.300000
77.300000
66.800000
67.050000
67.300000
67.800000
68.800000
69.800000
70.800000
71.800000
70.500000
70.750000
71.000000
71.500000
72.500000
73.500000
74.500000
78.100000
78.600000
79.100000
80.100000
90.300000
90.550000
90.800000
91.300000
92.300000
70.800000
71.050000
71.300000
71.800000
72.800000
73.800000
68.900000
69.150000
69.400000
69.900000
70.900000
71.900000
72.900000
80.700000
80.950000
81.200000
81.700000
82.700000
84.700000
73.600000
73.850000
74.100000
74.600000
75.600000
76.600000
77.600000
76.100000
76.600000
77.100000
78.100000
80.100000
66.500000
66.750000
67.000000
67.500000
68.500000
70.500000
66.500000
66.750000
67.000000
67.500000
68.500000
70.000000
86.400000
86.650000
86.900000
87.400000
55.900000
56.150000
56.400000
56.900000
57.400000
73.500000
73.750000
74.000000
74.500000
75.500000
63.500000
63.750000
64.000000
64.500000
65.500000
67.500000
61.100000
61.350000
61.600000
62.100000
63.100000
64.600000
68.300000
68.550000
68.800000
69.300000
70.300000
72.300000
70.200000
70.450000
70.700000
71.200000
72.200000
72.100000
72.350000
73.100000
72.600000
72.850000
73.100000
73.600000
74.600000
75.600000
76.600000
74.000000
74.250000
74.500000
75.000000
76.000000
77.000000
78.000000
79.000000
75.600000
75.850000
76.100000
76.600000
77.600000
79.600000
55.900000
56.150000
56.400000
56.900000
77.900000
78.150000
78.400000
78.900000
79.900000
80.900000
81.900000
57.200000
57.450000
57.700000
58.200000
58.700000
82.100000
82.350000
82.600000
83.100000
84.100000
86.100000
77.000000
77.250000
77.500000
78.000000
79.000000
81.000000
70.600000
70.850000
71.100000
71.600000
72.600000
73.600000
74.600000
75.300000
75.550000
75.800000
76.300000
68.300000
68.550000
68.800000
69.300000
70.300000
71.300000
72.300000
81.100000
81.350000
81.600000
82.100000
83.100000
84.600000
84.850000
85.100000
85.600000
86.600000
71.900000
72.150000
72.400000
72.900000
84.400000
84.650000
84.900000
85.400000
86.400000
88.400000
64.100000
64.350000
64.600000
65.100000
66.100000
67.100000
68.100000
69.600000
59.200000
59.450000
59.700000
60.200000
61.200000
62.200000
63.200000
63.700000
65.000000
65.250000
66.500000
68.000000
69.000000
84.500000
84.750000
85.000000
85.500000
86.500000
87.500000
89.000000
89.500000
62.300000
62.550000
62.800000
63.300000
64.300000
65.300000
66.300000
67.300000
76.200000
76.450000
76.700000
77.200000
78.200000
78.700000
73.400000
73.650000
73.900000
74.400000
75.400000
77.400000
72.600000
72.850000
73.100000
73.600000
74.600000
76.600000
75.400000
75.650000
75.900000
76.400000
77.400000
79.400000
64.500000
64.750000
65.000000
65.500000
66.500000
78.600000
78.850000
79.100000
79.600000
72.700000
73.700000
74.700000
76.700000
75.400000
75.650000
75.900000
76.400000
77.400000
79.400000
68.400000
68.650000
68.900000
69.400000
70.400000
72.400000
81.800000
82.050000
82.300000
82.800000
83.800000
85.800000
73.700000
73.950000
74.700000
75.700000
71.400000
71.650000
71.900000
72.400000
73.400000
81.500000
81.750000
82.000000
82.500000
83.500000
84.500000
85.500000
86.500000
70.000000
70.250000
70.500000
71.000000
60.000000
60.250000
60.500000
61.000000
62.000000
63.000000
64.000000
65.000000
84.500000
84.750000
85.000000
85.500000
70.800000
71.050000
71.300000
78.500000
78.750000
79.500000
80.500000
82.500000
66.900000
67.150000
67.400000
67.900000
70.900000
71.400000
71.900000
72.900000
72.400000
72.650000
72.900000
73.400000
74.400000
70.800000
71.050000
71.300000
71.800000
72.800000
74.800000
55.000000
55.250000
55.500000
56.000000
57.000000
58.000000
59.000000
60.000000
67.400000
67.650000
67.900000
68.400000
69.400000
70.400000
71.900000
79.300000
79.800000
80.300000
81.300000
83.300000
84.300000
81.800000
82.050000
82.300000
82.800000
83.800000
85.800000
89.000000
89.500000
90.000000
91.000000
93.000000
66.900000
67.150000
67.400000
68.400000
69.900000
75.800000
76.050000
76.300000
76.800000
77.800000
79.800000
63.100000
63.350000
63.600000
64.100000
65.100000
66.100000
67.100000
68.100000
72.800000
73.050000
73.300000
73.800000
74.800000
75.800000
76.800000
82.400000
82.650000
82.900000
83.400000
79.700000
79.950000
80.200000
80.700000
81.700000
68.800000
69.050000
69.800000
71.300000
88.400000
88.650000
88.900000
89.400000
90.400000
92.400000
70.500000
70.750000
71.000000
63.600000
63.850000
64.100000
64.600000
65.600000
66.600000
67.600000
61.800000
62.050000
62.300000
62.800000
63.800000
64.800000
65.800000
73.000000
73.250000
73.500000
74.000000
75.000000
77.000000
73.300000
73.550000
73.800000
74.300000
75.300000
76.800000
73.900000
74.150000
74.400000
74.900000
75.900000
77.900000
72.200000
72.450000
72.700000
73.200000
74.200000
76.200000
60.700000
60.950000
79.300000
79.550000
79.800000
80.300000
81.300000
77.600000
77.850000
78.100000
79.100000
81.100000
81.350000
81.600000
82.100000
83.100000
84.100000
84.300000
84.550000
84.800000
85.300000
86.300000
88.300000
71.000000
71.250000
71.500000
72.000000
73.000000
75.000000
74.100000
74.350000
74.600000
75.100000
76.100000
77.600000
78.600000
71.300000
71.550000
71.800000
72.300000
73.300000
74.300000
75.300000
76.300000
72.600000
72.850000
73.100000
73.600000
74.600000
76.600000
69.500000
69.750000
70.000000
70.500000
71.500000
72.500000
73.500000
82.200000
82.450000
82.700000
83.200000
84.200000
85.200000
86.200000
87.200000
62.000000
62.250000
62.500000
63.000000
64.000000
65.000000
66.000000
67.000000
65.600000
65.850000
66.100000
66.600000
67.600000
68.600000
69.600000
69.400000
69.650000
69.900000
70.400000
71.400000
75.800000
76.050000
76.300000
76.800000
69.800000
70.050000
70.300000
70.800000
71.800000
74.300000
73.700000
73.950000
74.200000
74.700000
75.500000
75.750000
76.000000
76.500000
77.500000
78.500000
79.500000
84.000000
84.500000
85.000000
86.000000
88.500000
84.900000
85.400000
85.900000
86.900000
88.900000
83.000000
83.500000
84.000000
85.000000
87.500000
62.300000
62.550000
62.800000
63.300000
64.300000
65.300000
66.300000
80.400000
80.650000
80.900000
81.400000
82.400000
83.400000
84.400000
85.400000
62.000000
62.250000
62.500000
63.000000
64.000000
65.000000
66.000000
77.200000
77.450000
77.700000
78.200000
79.200000
80.200000
81.200000
73.100000
73.600000
74.600000
75.100000
82.200000
82.450000
82.700000
83.200000
84.200000
62.000000
62.250000
62.500000
63.000000
64.000000
62.200000
62.450000
62.700000
63.200000
64.200000
78.400000
78.650000
78.900000
79.400000
80.400000
79.300000
79.550000
79.800000
80.300000
81.300000
82.300000
83.300000
84.300000
78.400000
78.650000
78.900000
79.400000
80.400000
82.400000
59.000000
59.250000
59.500000
60.000000
61.000000
62.000000
63.000000
64.000000
70.200000
70.450000
70.700000
71.200000
72.200000
74.200000
64.000000
64.250000
64.500000
70.500000
70.750000
71.000000
71.500000
72.500000
73.500000
74.400000
74.650000
74.900000
75.400000
76.400000
81.400000
81.650000
81.900000
82.400000
83.400000
84.400000
85.400000
86.400000
68.600000
68.850000
69.100000
69.600000
70.600000
71.600000
73.100000
78.200000
78.450000
78.700000
79.200000
80.200000
77.700000
77.950000
63.900000
64.150000
64.400000
64.900000
65.900000
66.900000
67.900000
68.900000
80.900000
81.150000
81.400000
81.900000
82.900000
64.700000
64.950000
65.200000
65.700000
66.700000
67.700000
68.700000
78.000000
78.250000
78.500000
79.000000
80.000000
82.000000
74.200000
74.450000
74.700000
75.200000
76.200000
77.200000
78.200000
81.600000
81.850000
82.100000
82.600000
83.600000
56.400000
56.650000
56.900000
57.400000
58.400000
59.400000
60.400000
76.400000
76.650000
76.900000
77.400000
78.400000
80.400000
80.700000
80.950000
81.200000
81.700000
82.700000
83.700000
79.400000
79.650000
79.900000
80.400000
71.200000
71.450000
71.700000
72.200000
73.200000
74.200000
75.200000
82.300000
82.550000
82.800000
83.300000
84.300000
86.300000
75.800000
76.050000
76.300000
76.800000
75.100000
75.350000
75.600000
76.100000
77.100000
69.900000
70.150000
70.400000
70.900000
71.900000
73.900000
62.900000
63.150000
63.400000
63.900000
64.900000
65.900000
67.400000
66.400000
66.650000
66.900000
67.400000
68.400000
69.400000
71.400000
74.200000
74.450000
74.700000
75.200000
76.200000
70.100000
70.350000
70.600000
71.100000
72.100000
74.600000
63.800000
64.050000
64.300000
64.800000
65.800000
66.800000
67.800000
68.800000
80.900000
81.150000
81.400000
81.900000
82.900000
70.800000
71.050000
71.300000
71.800000
72.800000
73.800000
69.800000
70.050000
70.300000
70.800000
79.300000
79.550000
79.800000
80.300000
81.300000
91.400000
91.650000
91.900000
92.400000
93.400000
73.600000
73.850000
74.100000
74.600000
75.600000
76.600000
77.600000
78.500000
78.750000
79.000000
79.500000
80.500000
81.500000
71.900000
72.150000
72.400000
86.500000
86.750000
87.000000
87.500000
88.500000
85.900000
86.150000
86.400000
86.900000
87.900000
89.900000
72.400000
72.650000
72.900000
73.400000
74.400000
76.400000
62.800000
63.050000
63.300000
63.800000
78.900000
79.400000
79.900000
75.800000
76.050000
76.300000
76.800000
77.800000
63.000000
63.250000
63.500000
64.000000
65.000000
72.800000
73.050000
73.300000
73.800000
74.800000
75.800000
76.800000
77.800000
74.300000
74.550000
74.800000
75.300000
76.300000
77.800000
69.800000
70.050000
70.300000
70.800000
71.800000
73.800000
63.500000
63.750000
64.000000
64.500000
65.500000
66.500000
65.600000
65.850000
66.100000
67.600000
74.600000
74.850000
75.100000
75.600000
76.600000
78.600000
61.800000
62.050000
62.300000
62.800000
63.800000
64.800000
65.800000
70.900000
71.150000
71.400000
71.900000
72.900000
73.900000
74.900000
63.000000
63.250000
64.000000
72.800000
73.050000
73.300000
74.300000
74.800000
76.800000
73.900000
74.150000
74.400000
74.900000
75.900000
77.900000
71.400000
71.650000
71.900000
72.400000
73.400000
75.000000
75.250000
75.500000
76.000000
77.000000
79.000000
83.700000
83.950000
84.200000
84.700000
85.700000
79.700000
79.950000
80.200000
80.700000
81.700000
77.500000
77.750000
78.000000
78.500000
79.500000
80.500000
81.500000
82.500000
74.000000
74.250000
74.500000
75.000000
76.000000
70.900000
71.150000
71.400000
71.900000
72.900000
73.900000
74.900000
75.900000
72.500000
72.750000
73.000000
73.500000
74.500000
76.500000
73.500000
73.750000
74.000000
74.500000
75.500000
77.500000
75.500000
75.750000
76.000000
76.500000
77.500000
79.500000
70.900000
71.150000
71.400000
71.900000
72.900000
75.400000
69.700000
69.950000
70.200000
70.700000
71.700000
72.700000
73.700000
75.200000
75.450000
75.700000
76.200000
77.200000
78.200000
79.200000
83.000000
83.250000
83.500000
76.800000
77.050000
77.300000
77.800000
78.800000
79.800000
80.800000
74.600000
74.850000
75.100000
75.600000
76.600000
77.600000
78.600000
79.600000
76.100000
76.350000
76.600000
77.100000
78.100000
80.100000
80.200000
80.450000
80.700000
81.200000
82.200000
78.500000
78.750000
79.000000
79.500000
74.000000
74.250000
74.500000
75.000000
76.000000
78.000000
68.200000
68.450000
68.700000
69.200000
70.200000
71.200000
72.200000
73.200000
62.300000
62.550000
62.800000
63.300000
64.300000
65.300000
66.300000
72.500000
72.750000
73.000000
73.500000
74.500000
75.500000
76.500000
69.300000
69.550000
69.800000
70.300000
71.300000
72.300000
73.300000
77.000000
77.250000
77.500000
78.000000
79.000000
81.000000
70.700000
70.950000
71.200000
71.700000
72.700000
74.700000
62.800000
63.050000
63.300000
63.800000
64.800000
65.800000
66.800000
82.900000
83.150000
83.400000
83.900000
84.900000
67.600000
67.850000
68.100000
68.600000
69.600000
75.300000
75.550000
75.800000
76.300000
77.300000
78.300000
79.300000
69.000000
69.250000
72.500000
71.700000
71.950000
72.200000
72.700000
73.700000
75.700000
72.000000
72.250000
72.500000
73.000000
80.500000
80.750000
81.000000
81.500000
82.500000
84.300000
84.550000
84.800000
85.300000
86.300000
66.700000
66.950000
67.700000
70.700000
79.600000
79.850000
80.100000
80.600000
81.600000
83.600000
69.700000
69.950000
70.200000
70.700000
71.700000
73.700000
71.300000
71.550000
71.800000
72.300000
73.300000
74.300000
75.300000
66.100000
66.600000
71.400000
71.900000
72.400000
73.400000
75.400000
72.900000
73.150000
73.400000
73.900000
74.900000
76.900000
67.800000
68.050000
68.300000
68.800000
69.800000
70.800000
71.800000
83.600000
83.850000
84.100000
84.600000
85.600000
87.600000
55.600000
55.850000
75.700000
75.950000
76.200000
76.700000
77.700000
78.700000
79.700000
68.100000
68.350000
68.600000
69.100000
70.100000
71.100000
72.100000
73.100000
73.700000
73.950000
74.200000
74.700000
75.700000
77.700000
76.700000
76.950000
77.200000
77.700000
78.700000
79.700000
80.700000
59.500000
59.750000
60.000000
60.500000
61.500000
62.500000
63.500000
73.500000
73.750000
74.000000
74.500000
75.500000
76.500000
80.300000
80.550000
80.800000
81.300000
82.300000
73.600000
73.850000
74.600000
65.100000
65.350000
65.600000
66.100000
67.100000
69.100000
68.300000
68.550000
68.800000
69.300000
70.300000
67.700000
67.950000
68.200000
68.700000
69.700000
70.000000
70.500000
71.000000
72.000000
74.000000
76.500000
76.750000
77.000000
77.500000
78.500000
81.000000
69.300000
69.550000
69.800000
70.300000
87.800000
88.050000
88.800000
71.800000
72.050000
72.300000
72.800000
73.800000
74.800000
75.800000
55.000000
55.250000
55.500000
56.000000
57.000000
58.000000
59.000000
75.900000
76.150000
76.400000
76.900000
77.900000
79.900000
72.000000
72.250000
72.500000
73.000000
74.000000
75.000000
76.000000
62.300000
62.550000
62.800000
63.300000
64.300000
66.300000
68.200000
68.450000
68.700000
69.200000
70.200000
72.200000
84.700000
85.200000
85.700000
86.700000
88.700000
76.100000
76.350000
76.600000
77.100000
78.100000
80.100000
66.800000
67.050000
67.300000
67.800000
68.800000
69.800000
70.800000
81.100000
81.350000
81.600000
82.100000
83.100000
76.200000
76.450000
76.700000
77.200000
78.200000
79.200000
80.200000
74.400000
74.650000
74.900000
75.400000
76.400000
78.400000
82.400000
82.650000
82.900000
83.400000
84.400000
73.500000
73.750000
74.000000
74.500000
75.500000
77.500000
75.900000
76.150000
76.400000
76.900000
77.900000
78.900000
79.900000
72.400000
72.650000
72.900000
73.400000
74.400000
75.400000
76.400000
78.400000
78.650000
78.900000
79.400000
80.400000
77.900000
78.150000
78.400000
78.900000
79.900000
81.900000
71.100000
71.350000
71.600000
72.100000
73.100000
75.100000
67.500000
67.750000
68.000000
68.500000
69.500000
72.000000
72.900000
73.150000
73.400000
73.900000
74.900000
75.900000
74.300000
74.550000
82.500000
82.750000
83.000000
83.500000
84.500000
85.500000
86.500000
71.400000
71.650000
71.900000
72.400000
73.400000
75.400000
78.900000
79.150000
79.400000
79.900000
80.900000
81.900000
74.200000
74.450000
69.100000
69.350000
69.600000
70.100000
71.100000
73.100000
60.800000
61.300000
61.800000
62.800000
63.800000
64.800000
75.100000
75.600000
76.100000
77.100000
78.100000
79.100000
74.400000
74.650000
74.900000
75.400000
76.400000
77.400000
78.400000
63.800000
64.050000
64.300000
64.800000
65.800000
66.800000
67.800000
81.400000
81.650000
81.900000
82.400000
75.100000
75.350000
75.600000
76.100000
77.100000
70.800000
71.050000
71.300000
71.800000
72.800000
74.800000
77.600000
77.850000
78.100000
66.200000
66.450000
67.200000
68.700000
69.700000
77.200000
77.450000
77.700000
78.200000
79.200000
80.200000
71.300000
71.550000
71.800000
72.300000
73.300000
75.300000
72.600000
72.850000
73.100000
73.600000
75.100000
76.600000
77.000000
77.250000
77.500000
78.000000
79.000000
81.000000
80.000000
80.250000
80.500000
81.000000
82.000000
83.000000
84.000000
74.100000
76.100000
77.600000
78.100000
61.600000
61.850000
62.100000
62.600000
63.600000
64.600000
65.600000
76.800000
77.300000
66.500000
66.750000
67.000000
67.500000
68.500000
69.500000
70.500000
76.800000
77.050000
77.300000
77.800000
68.700000
69.200000
69.700000
70.700000
72.700000
74.200000
74.450000
74.700000
75.200000
67.900000
68.150000
68.400000
68.900000
69.900000
70.900000
71.900000
77.500000
77.750000
78.000000
78.500000
79.500000
80.500000
81.500000
73.700000
73.950000
74.200000
74.700000
75.700000
68.400000
68.650000
68.900000
69.400000
70.400000
71.400000
72.400000
67.500000
67.750000
68.000000
68.500000
69.500000
70.500000
63.800000
64.050000
64.300000
64.800000
65.800000
67.800000
66.900000
67.150000
67.400000
67.900000
65.900000
66.150000
66.400000
66.900000
67.900000
69.900000
64.200000
64.450000
64.700000
65.200000
66.200000
67.200000
68.200000
77.500000
77.750000
78.000000
76.100000
76.350000
76.600000
77.100000
78.100000
79.100000
80.100000
71.300000
71.550000
71.800000
72.300000
73.300000
74.300000
66.500000
66.750000
67.000000
67.500000
68.500000
69.500000
70.500000
70.400000
70.650000
70.900000
71.400000
72.400000
74.900000
61.100000
61.350000
61.600000
62.100000
63.100000
64.100000
65.100000
79.800000
80.050000
80.300000
80.800000
81.800000
83.800000
61.900000
62.150000
62.400000
62.900000
63.900000
64.900000
62.300000
62.550000
62.800000
63.300000
64.300000
66.100000
66.350000
66.600000
67.100000
68.100000
74.800000
75.050000
75.300000
75.800000
76.800000
77.800000
78.800000
85.600000
85.850000
86.100000
83.900000
84.150000
84.400000
84.900000
88.600000
88.850000
89.100000
89.600000
90.600000
91.600000
82.100000
82.350000
82.600000
83.100000
84.100000
63.800000
64.050000
64.300000
64.800000
65.800000
77.200000
77.450000
77.700000
78.200000
79.200000
81.200000
69.500000
69.750000
70.000000
70.500000
71.500000
73.500000
73.300000
73.550000
73.800000
74.300000
75.300000
77.300000
72.600000
72.850000
73.100000
73.600000
74.600000
76.600000
74.200000
74.450000
74.700000
75.200000
76.200000
77.200000
78.200000
84.100000
84.350000
84.600000
85.100000
86.100000
88.100000
71.100000
71.350000
71.600000
72.100000
73.100000
76.100000
76.350000
76.600000
77.100000
78.100000
77.500000
77.750000
78.000000
78.500000
79.500000
80.500000
81.500000
83.800000
84.300000
84.800000
85.800000
87.800000
90.300000
90.550000
90.800000
91.300000
92.300000
79.000000
79.250000
79.500000
80.000000
81.000000
58.500000
58.750000
59.000000
59.500000
60.500000
71.700000
72.200000
72.700000
73.700000
75.700000
80.400000
80.900000
81.400000
82.400000
84.400000
71.500000
71.750000
72.000000
73.000000
73.500000
74.500000
78.200000
78.450000
78.700000
79.200000
80.200000
81.200000
82.200000
77.100000
77.600000
78.100000
79.100000
81.100000
66.400000
66.650000
66.900000
67.400000
68.400000
69.400000
70.400000
68.000000
68.250000
68.500000
69.000000
70.000000
71.000000
73.000000
60.600000
60.850000
61.100000
61.600000
62.600000
63.600000
64.600000
67.600000
67.850000
68.100000
68.600000
69.600000
70.600000
71.600000
74.600000
74.850000
75.100000
75.600000
76.600000
71.400000
71.650000
71.900000
72.400000
73.400000
75.400000
70.500000
70.750000
67.800000
68.050000
68.300000
68.800000
69.800000
71.800000
70.000000
70.250000
70.500000
71.000000
72.000000
73.000000
74.000000
66.800000
67.050000
67.300000
67.800000
68.800000
69.800000
70.300000
79.400000
79.650000
79.900000
80.400000
81.400000
75.900000
76.150000
76.400000
76.900000
73.700000
73.950000
74.200000
74.700000
75.700000
76.700000
77.700000
77.900000
78.150000
78.400000
78.900000
79.900000
80.900000
81.900000
78.800000
79.300000
79.800000
80.800000
81.800000
82.800000
66.400000
66.650000
66.900000
67.400000
68.400000
69.400000
70.400000
71.100000
71.350000
79.300000
79.550000
79.800000
80.300000
81.300000
82.300000
83.300000
70.100000
70.350000
70.600000
71.100000
72.100000
73.100000
74.100000
67.000000
67.250000
67.500000
68.000000
69.000000
71.000000
71.000000
71.250000
71.500000
77.300000
77.550000
77.800000
78.300000
79.300000
80.300000
81.300000
84.800000
85.050000
85.300000
85.800000
86.800000
87.800000
88.800000
79.000000
79.250000
79.500000
80.000000
63.200000
63.450000
63.700000
64.200000
65.200000
67.200000
68.500000
68.750000
69.000000
69.500000
70.500000
71.500000
72.500000
65.800000
66.300000
66.800000
67.800000
69.800000
72.900000
73.150000
73.400000
73.900000
74.900000
75.900000
77.400000
83.300000
83.550000
83.800000
84.300000
85.300000
86.300000
87.300000
88.300000
70.000000
70.250000
70.500000
71.000000
67.400000
67.650000
67.900000
68.400000
69.400000
71.900000
70.300000
70.800000
71.300000
72.300000
63.600000
63.850000
64.100000
64.600000
65.600000
82.400000
82.650000
82.900000
83.400000
84.400000
83.400000
83.650000
83.900000
84.400000
85.400000
86.400000
70.700000
70.950000
71.200000
71.700000
72.700000
60.500000
60.750000
61.000000
61.500000
62.500000
63.500000
64.500000
70.500000
70.750000
71.000000
71.500000
72.500000
84.700000
84.950000
85.200000
85.700000
86.700000
69.200000
69.450000
69.700000
70.200000
71.200000
73.200000
84.900000
85.150000
85.400000
85.900000
86.900000
69.700000
69.950000
70.200000
70.700000
71.700000
66.600000
67.100000
67.600000
68.600000
69.600000
70.600000
78.300000
78.550000
78.800000
79.300000
80.300000
65.300000
65.550000
65.800000
66.300000
67.300000
69.300000
75.800000
76.050000
76.300000
76.800000
77.800000
79.800000
65.700000
65.950000
66.200000
66.700000
67.700000
69.700000
75.100000
75.350000
75.600000
60.200000
60.450000
60.700000
61.200000
62.200000
63.200000
65.900000
66.150000
66.400000
66.900000
67.900000
62.100000
62.350000
63.100000
64.100000
65.100000
66.100000
76.600000
76.850000
77.100000
77.600000
78.600000
65.700000
65.950000
66.200000
66.700000
67.700000
68.700000
68.500000
69.000000
69.500000
70.500000
65.100000
65.350000
65.600000
66.100000
67.100000
69.100000
59.900000
60.150000
60.400000
60.900000
61.900000
72.800000
73.050000
65.000000
65.250000
65.500000
66.000000
67.000000
69.000000
84.700000
84.950000
85.200000
85.700000
56.200000
56.450000
56.700000
57.200000
58.200000
59.200000
60.200000
81.700000
81.950000
82.200000
67.300000
67.550000
67.800000
68.300000
66.900000
67.150000
67.400000
67.900000
68.900000
69.900000
70.900000
68.400000
68.650000
68.900000
69.400000
70.400000
67.800000
68.050000
68.300000
68.800000
69.800000
70.800000
71.300000
67.700000
67.950000
68.200000
68.700000
69.700000
70.700000
72.200000
86.500000
86.750000
87.000000
87.500000
84.800000
85.050000
85.300000
85.800000
86.800000
77.100000
77.350000
77.600000
78.100000
79.100000
81.100000
69.900000
70.400000
70.900000
71.900000
72.900000
73.900000
61.100000
61.350000
61.600000
62.100000
63.100000
64.100000
65.100000
77.600000
77.850000
78.100000
78.600000
79.600000
80.600000
81.600000
63.800000
64.050000
64.300000
64.800000
65.800000
69.200000
69.450000
69.700000
70.200000
71.200000
72.200000
73.200000
70.700000
70.950000
71.200000
71.700000
65.400000
65.900000
66.400000
67.400000
68.400000
69.400000
69.500000
69.750000
70.000000
70.500000
71.500000
72.500000
73.500000
67.700000
67.950000
68.200000
68.700000
69.700000
71.700000
72.700000
72.950000
73.200000
73.700000
74.700000
75.700000
77.100000
77.350000
77.600000
78.100000
79.100000
80.100000
81.100000
70.800000
71.050000
71.300000
71.800000
72.800000
74.800000
74.000000
74.250000
74.500000
75.000000
77.000000
73.600000
73.850000
74.100000
74.600000
75.600000
65.100000
65.350000
65.600000
66.100000
67.100000
69.100000
67.600000
68.100000
68.600000
71.600000
76.300000
76.550000
76.800000
77.300000
78.300000
80.300000
60.800000
61.050000
61.300000
61.800000
62.800000
65.400000
65.650000
65.900000
66.400000
67.400000
69.400000
79.300000
79.550000
79.800000
80.300000
82.300000
80.400000
80.650000
80.900000
81.400000
82.400000
83.400000
84.400000
75.400000
75.650000
75.900000
76.400000
77.400000
78.400000
79.400000
71.500000
71.750000
72.000000
72.500000
85.900000
86.150000
86.400000
86.900000
87.900000
88.900000
89.900000
77.200000
77.450000
77.700000
78.200000
79.200000
73.600000
73.850000
74.100000
74.600000
75.600000
76.600000
70.800000
71.050000
71.300000
71.800000
81.800000
82.050000
82.300000
82.800000
66.800000
67.050000
67.300000
67.800000
68.800000
77.900000
78.150000
78.400000
78.900000
79.900000
80.900000
81.900000
79.800000
80.050000
80.300000
80.800000
81.800000
82.800000
83.800000
78.800000
79.050000
79.300000
79.800000
80.800000
72.300000
72.550000
72.800000
73.300000
74.300000
75.300000
69.100000
69.350000
69.600000
70.100000
71.100000
63.400000
63.650000
63.900000
64.400000
65.400000
71.700000
71.950000
72.200000
72.700000
81.700000
81.950000
82.200000
69.600000
69.850000
70.100000
70.600000
71.600000
83.200000
83.450000
73.000000
73.250000
73.500000
60.700000
60.950000
61.200000
61.700000
62.700000
63.700000
64.700000
68.000000
68.250000
68.500000
69.000000
83.400000
83.650000
74.900000
75.150000
75.400000
75.900000
76.900000
74.300000
74.550000
74.800000
75.300000
76.300000
77.300000
78.300000
70.500000
70.750000
71.000000
71.500000
72.500000
73.500000
74.500000
64.500000
64.750000
65.000000
65.500000
66.500000
67.500000
68.500000
56.700000
56.950000
57.200000
57.700000
58.700000
59.700000
60.700000
78.500000
78.750000
79.000000
79.500000
77.400000
77.650000
77.900000
78.400000
79.400000
80.400000
85.400000
85.650000
85.900000
86.400000
88.400000
68.000000
68.250000
68.500000
69.000000
70.000000
71.000000
72.000000
69.400000
69.650000
69.900000
70.400000
71.400000
72.400000
73.400000
81.900000
82.150000
82.400000
82.900000
77.800000
78.050000
78.300000
78.800000
79.800000
80.800000
81.100000
81.350000
81.600000
82.100000
77.200000
77.450000
77.700000
78.200000
75.300000
75.550000
75.800000
71.800000
72.050000
72.300000
72.800000
73.800000
74.800000
74.300000
74.550000
65.200000
65.450000
66.200000
67.200000
61.600000
61.850000
62.100000
62.600000
63.600000
64.600000
65.600000
70.600000
70.850000
71.100000
71.600000
72.600000
73.600000
74.600000
70.100000
70.350000
70.600000
71.100000
72.300000
72.550000
72.800000
73.300000
74.300000
75.300000
76.300000
61.300000
61.550000
71.200000
71.450000
71.700000
72.200000
73.200000
74.200000
75.200000
83.700000
83.950000
84.200000
84.700000
85.700000
86.700000
71.700000
71.950000
72.200000
72.700000
84.200000
84.450000
84.700000
85.200000
63.100000
63.350000
63.600000
64.100000
65.100000
73.800000
74.050000
74.300000
74.800000
75.800000
82.700000
82.950000
83.700000
84.700000
85.700000
76.000000
76.250000
76.500000
77.000000
78.000000
79.000000
80.000000
66.400000
66.650000
66.900000
67.400000
68.400000
69.400000
70.400000
58.000000
58.250000
58.500000
59.000000
60.000000
75.900000
76.150000
76.400000
76.900000
78.700000
79.200000
79.700000
85.800000
86.300000
86.800000
84.700000
84.950000
85.700000
86.700000
87.700000
89.200000
70.200000
70.450000
70.700000
71.200000
72.200000
73.200000
71.900000
72.150000
72.400000
72.900000
73.900000
74.900000
75.900000
83.200000
83.450000
84.200000
81.600000
81.850000
82.100000
82.600000
83.600000
84.600000
66.700000
67.200000
68.700000
67.600000
67.850000
68.100000
68.600000
69.600000
80.300000
80.800000
85.300000
85.550000
85.800000
61.200000
61.450000
62.200000
63.200000
72.600000
72.850000
73.100000
73.600000
74.600000
75.600000
68.000000
68.250000
68.500000
69.000000
70.000000
71.000000
72.000000
77.700000
77.950000
78.200000
78.700000
83.200000
83.450000
83.700000
84.200000
82.700000
82.950000
83.200000
79.400000
79.650000
79.900000
80.400000
81.400000
82.900000
71.900000
72.150000
72.400000
72.900000
73.900000
55.900000
56.150000
56.400000
56.900000
57.900000
58.900000
72.000000
72.250000
72.500000
73.000000
74.000000
75.000000
78.300000
78.550000
78.800000
79.300000
80.300000
81.300000
82.300000
67.600000
67.850000
68.100000
68.600000
69.600000
70.600000
71.600000
69.300000
69.550000
69.800000
70.300000
69.800000
70.050000
70.300000
70.800000
71.800000
72.800000
73.800000
74.200000
74.450000
74.700000
75.200000
76.200000
77.200000
78.200000
60.700000
60.950000
61.200000
61.700000
62.700000
63.700000
64.700000
85.600000
85.850000
86.100000
86.600000
82.200000
82.450000
82.700000
83.200000
85.200000
71.900000
72.150000
72.400000
72.900000
71.000000
71.250000
71.500000
72.000000
69.700000
69.950000
70.200000
70.700000
71.700000
73.700000
79.300000
79.550000
79.800000
80.300000
81.300000
83.300000
75.600000
75.850000
76.100000
76.600000
77.600000
78.600000
73.000000
73.250000
73.500000
74.000000
75.000000
76.000000
77.000000
73.400000
73.650000
74.400000
75.400000
76.900000
85.300000
85.550000
86.300000
87.300000
88.800000
68.000000
68.250000
68.500000
69.000000
65.900000
66.150000
66.400000
66.900000
67.900000
68.900000
64.100000
64.350000
64.600000
65.100000
70.900000
71.150000
71.900000
83.800000
84.050000
84.300000
84.800000
85.800000
86.800000
88.300000
65.000000
65.250000
65.500000
66.000000
68.000000
68.300000
68.550000
68.800000
69.300000
70.300000
71.300000
72.300000
55.000000
55.250000
55.500000
56.000000
57.000000
58.000000
59.000000
72.200000
72.450000
77.300000
77.800000
78.300000
79.300000
80.300000
70.000000
70.250000
70.500000
71.000000
74.400000
74.650000
74.900000
75.400000
77.100000
77.350000
77.600000
78.100000
79.100000
80.100000
81.100000
77.200000
77.450000
77.700000
78.200000
79.200000
80.200000
66.400000
66.650000
66.900000
67.400000
68.400000
69.400000
68.500000
68.750000
69.000000
69.500000
71.000000
72.500000
82.600000
82.850000
83.100000
84.100000
84.600000
85.600000
57.700000
57.950000
58.200000
58.700000
59.700000
60.700000
74.200000
74.450000
74.700000
75.200000
76.200000
77.200000
84.400000
84.650000
84.900000
85.400000
86.400000
72.900000
73.150000
73.400000
73.900000
74.900000
79.600000
79.850000
80.100000
80.600000
76.100000
76.350000
76.600000
77.100000
78.100000
79.100000
75.000000
75.250000
75.500000
76.000000
77.000000
78.000000
79.000000
73.800000
74.050000
74.300000
74.800000
74.800000
75.050000
75.300000
75.800000
76.800000
77.800000
78.800000
75.600000
75.850000
76.100000
76.600000
77.600000
78.600000
79.600000
59.700000
59.950000
60.200000
60.700000
61.700000
62.700000
63.700000
75.100000
75.350000
75.600000
76.100000
68.100000
68.350000
68.600000
69.100000
70.100000
71.100000
72.100000
60.700000
60.950000
61.200000
61.700000
68.100000
68.350000
68.600000
69.100000
70.100000
71.100000
72.100000
75.800000
76.050000
76.300000
76.800000
75.200000
75.450000
75.700000
76.200000
77.200000
78.200000
81.900000
82.150000
82.400000
82.900000
59.800000
60.050000
60.300000
60.800000
62.800000
75.300000
75.550000
75.800000
76.300000
77.300000
78.800000
77.200000
77.450000
77.700000
78.200000
65.700000
65.950000
66.200000
66.700000
72.700000
72.950000
73.200000
73.700000
75.700000
75.950000
76.200000
76.700000
65.800000
66.050000
78.200000
78.450000
78.700000
79.200000
81.400000
81.650000
81.900000
82.400000
74.500000
74.750000
75.000000
75.500000
69.200000
69.450000
69.700000
70.200000
75.000000
75.250000
75.500000
69.000000
69.250000
69.500000
70.000000
74.800000
75.050000
75.300000
75.800000
76.800000
77.800000
61.900000
62.150000
62.400000
62.900000
66.700000
66.950000
67.200000
67.700000
76.200000
76.700000
77.200000
78.200000
75.000000
75.250000
75.500000
76.000000
77.000000
62.500000
62.750000
63.000000
63.500000
64.500000
65.500000
77.800000
78.050000
78.300000
78.800000
79.800000
80.800000
81.800000
75.700000
75.950000
76.200000
76.700000
77.700000
78.100000
78.350000
78.600000
79.100000
80.100000
81.100000
70.900000
71.150000
71.400000
71.900000
89.300000
89.550000
89.800000
90.300000
60.200000
60.450000
60.700000
61.200000
62.200000
63.200000
76.100000
76.350000
76.600000
68.000000
68.250000
68.500000
69.000000
70.000000
71.000000
56.500000
56.750000
57.000000
57.500000
58.500000
59.500000
74.500000
74.750000
75.000000
75.500000
76.500000
78.100000
78.350000
78.600000
79.100000
71.900000
72.150000
72.400000
72.900000
74.900000
69.300000
69.550000
69.800000
70.300000
72.300000
61.100000
61.600000
62.100000
71.400000
71.650000
71.900000
72.400000
69.500000
69.750000
70.000000
70.500000
77.500000
77.750000
78.000000
78.500000
59.600000
59.850000
60.100000
60.600000
61.600000
62.600000
80.100000
80.350000
80.600000
81.100000
80.900000
81.150000
81.400000
81.900000
61.700000
61.950000
62.200000
62.700000
63.700000
64.700000
79.100000
80.100000
76.400000
76.650000
76.900000
77.400000
73.400000
73.650000
73.900000
74.400000
75.400000
76.400000
63.600000
64.100000
87.300000
87.800000
88.300000
58.200000
58.450000
58.700000
59.200000
73.100000
73.350000
73.600000
78.700000
79.200000
79.700000
80.700000
85.300000
85.800000
86.300000
87.300000
88.300000
69.300000
69.550000
69.800000
70.300000
71.300000
72.800000
60.100000
60.350000
60.600000
61.100000
62.100000
63.100000
75.100000
75.350000
76.100000
63.700000
63.950000
64.200000
64.700000
84.800000
85.050000
76.600000
76.850000
77.100000
77.600000
78.600000
79.600000
64.600000
65.100000
65.600000
66.600000
68.100000
78.100000
78.600000
79.100000
68.200000
68.450000
68.700000
69.200000
71.500000
71.750000
72.000000
72.500000
73.500000
76.300000
76.550000
76.800000
77.300000
68.300000
68.550000
68.800000
69.300000
76.500000
77.000000
77.500000
77.800000
78.050000
78.300000
78.800000
64.400000
64.900000
84.300000
84.550000
84.800000
85.300000
73.300000
73.550000
73.800000
74.300000
62.900000
63.150000
63.400000
63.900000
63.900000
64.150000
64.900000
65.900000
70.500000
70.750000
71.000000
71.500000
75.500000
75.750000
76.500000
61.900000
62.150000
62.400000
62.900000
79.600000
79.850000
80.100000
81.100000
80.200000
80.700000
81.200000
83.200000
77.500000
78.000000
78.500000
67.300000
67.550000
67.800000
68.300000
81.500000
81.750000
82.000000
82.500000
75.900000
76.150000
76.400000
76.900000
78.900000
68.800000
69.050000
69.300000
69.800000
70.800000
71.800000
74.000000
74.250000
74.500000
75.000000
75.200000
75.450000
75.700000
76.200000
61.800000
62.050000
62.300000
62.800000
72.100000
72.350000
72.600000
71.000000
71.250000
71.500000
72.000000
71.500000
71.750000
72.000000
72.500000
79.700000
79.950000
80.200000
80.700000
81.700000
82.700000
80.600000
80.850000
81.100000
81.600000
71.200000
71.450000
71.700000
72.200000
76.000000
76.250000
76.500000
77.000000
83.000000
83.500000
85.000000
67.400000
67.650000
67.900000
68.400000
69.400000
73.200000
73.450000
73.700000
74.200000
75.200000
69.200000
69.450000
69.700000
70.200000
71.200000
73.700000
73.950000
74.700000
75.700000
64.600000
64.850000
65.100000
65.600000
58.800000
59.300000
68.000000
68.500000
70.000000
69.300000
69.550000
69.800000
70.300000
71.300000
65.900000
66.150000
66.400000
66.900000
80.400000
80.900000
81.400000
82.400000
67.500000
67.750000
68.000000
68.500000
69.500000
61.600000
61.850000
62.100000
62.600000
63.600000
71.200000
71.450000
71.700000
72.200000
73.200000
66.400000
66.900000
68.400000
74.100000
74.600000
78.400000
78.650000
78.900000
79.400000
80.400000
68.800000
69.050000
69.300000
69.800000
70.800000
74.300000
74.550000
74.800000
65.100000
65.350000
65.600000
66.100000
67.100000
68.100000
68.200000
68.450000
68.700000
69.200000
70.200000
77.000000
77.250000
77.500000
78.000000
76.800000
77.300000
77.800000
78.800000
79.800000
73.500000
73.750000
74.000000
74.500000
76.700000
76.950000
77.200000
77.700000
78.700000
65.200000
65.450000
65.700000
66.200000
68.500000
68.750000
69.000000
69.500000
70.500000
76.300000
76.550000
76.800000
77.300000
78.300000
74.500000
74.750000
75.000000
75.500000
66.300000
66.550000
66.800000
67.300000
69.300000
70.500000
70.750000
71.000000
71.500000
72.500000
69.300000
69.550000
69.800000
70.300000
71.300000
77.000000
77.250000
77.500000
78.000000
79.000000
78.900000
79.150000
79.400000
79.900000
60.600000
60.850000
61.100000
70.300000
70.550000
70.800000
72.300000
76.700000
76.950000
77.200000
77.700000
78.700000
76.300000
76.550000
76.800000
77.300000
78.300000
79.300000
76.500000
76.750000
77.000000
77.500000
66.400000
66.900000
79.000000
79.250000
79.500000
81.000000
72.400000
72.900000
74.400000
75.400000
65.500000
65.750000
66.000000
67.500000
74.100000
74.350000
74.600000
76.100000
66.400000
66.650000
66.900000
68.400000
84.100000
84.350000
85.100000
69.300000
69.550000
69.800000
78.800000
79.050000
79.300000
65.100000
65.350000
65.600000
67.100000
66.600000
66.850000
67.100000
68.600000
65.700000
65.950000
66.200000
67.700000
76.900000
77.150000
78.900000
72.800000
73.300000
74.800000
79.500000
79.750000
80.000000
81.500000
65.700000
65.950000
66.200000
67.700000
72.500000
72.750000
73.000000
74.500000
68.600000
68.850000
69.100000
70.600000
72.500000
73.000000
69.900000
70.150000
70.400000
71.900000
61.400000
61.650000
61.900000
72.500000
72.750000
73.000000
74.500000
65.200000
65.450000
65.700000
67.200000
65.100000
65.600000
67.100000
72.800000
73.050000
73.300000
73.800000
78.900000
79.150000
79.400000
80.900000
69.200000
69.450000
69.700000
71.200000
66.800000
67.050000
67.300000
68.800000
76.400000
76.650000
76.900000
78.400000
65.700000
65.950000
66.200000
68.200000
66.500000
66.750000
67.000000
68.500000
59.300000
59.550000
59.800000
74.900000
75.150000
75.400000
75.900000
68.700000
69.200000
76.100000
76.600000
78.600000
85.800000
86.050000
86.300000
78.200000
78.700000
65.400000
65.900000
67.400000
69.600000
69.850000
71.600000
72.600000
82.500000
83.000000
75.700000
75.950000
76.200000
77.700000
67.500000
68.000000
69.500000
78.000000
78.500000
71.300000
71.800000
73.300000
77.800000
78.300000
79.800000
73.500000
73.750000
74.000000
76.000000
74.200000
74.700000
78.600000
78.850000
79.100000
80.600000
68.000000
68.250000
68.500000
85.300000
85.550000
85.800000
87.300000
80.300000
80.550000
80.800000
82.300000
67.200000
67.700000
69.200000
71.000000
71.500000
73.000000
75.800000
76.300000
77.800000
74.300000
74.800000
66.100000
66.600000
56.500000
57.000000
68.100000
68.600000
70.100000
70.400000
70.900000
72.400000
77.900000
78.400000
78.900000
79.900000
78.800000
79.300000
80.800000
78.100000
78.600000
80.100000
75.200000
75.700000
77.200000
78.700000
75.100000
75.600000
77.100000
65.900000
66.400000
67.900000
65.800000
66.300000
64.900000
65.400000
66.900000
67.900000
80.400000
80.900000
83.400000
69.900000
70.400000
71.900000
90.100000
90.600000
91.100000
92.100000
93.100000
78.000000
78.500000
71.800000
72.300000
73.800000
80.200000
80.700000
67.500000
68.000000
69.500000
66.900000
67.400000
68.900000
72.900000
73.400000
71.400000
73.900000
78.900000
80.900000
81.900000
82.400000
83.900000
59.700000
60.200000
61.700000
67.000000
67.500000
69.000000
74.300000
74.800000
76.300000
68.500000
71.000000
75.500000
77.500000
69.300000
71.300000
