-0.259882 0.245104 0.226818
-0.257533 0.246179 0.228050
-0.255142 0.247307 0.229322
-0.252749 0.248474 0.230622
-0.250261 0.249767 0.231970
-0.247765 0.251090 0.233332
-0.245440 0.252345 0.234185
-0.243050 0.253675 0.235153
-0.240688 0.255018 0.236170
-0.238306 0.256426 0.237236
-0.235947 0.257834 0.238330
-0.233517 0.259361 0.239648
-0.231016 0.260983 0.241152
-0.228409 0.262770 0.242838
-0.225918 0.264500 0.244553
-0.223486 0.266209 0.246299
-0.221055 0.268010 0.247736
-0.218692 0.269794 0.249023
-0.216316 0.271643 0.250336
-0.214014 0.273479 0.251697
-0.211727 0.275369 0.253102
-0.209292 0.277484 0.254830
-0.206846 0.279712 0.256854
-0.204405 0.282007 0.258819
-0.201988 0.284377 0.260883
-0.199645 0.286764 0.263062
-0.197354 0.289165 0.264830
-0.195183 0.291520 0.266293
-0.192997 0.293980 0.267941
-0.190826 0.296534 0.269543
-0.188679 0.299194 0.271450
-0.186552 0.301923 0.273290
-0.184416 0.304852 0.275432
-0.182322 0.307854 0.277761
-0.180311 0.310906 0.280214
-0.178317 0.314092 0.282427
-0.176392 0.317289 0.284521
-0.174586 0.320507 0.286800
-0.172799 0.323802 0.288774
-0.171120 0.327098 0.290802
-0.169458 0.330578 0.292852
-0.167847 0.334206 0.295259
-0.166332 0.337953 0.297878
-0.164849 0.341811 0.300374
-0.163426 0.345806 0.302842
-0.162082 0.349890 0.305265
-0.160848 0.354010 0.307914
-0.159682 0.358186 0.310262
-0.158630 0.362454 0.312950
-0.157677 0.366680 0.315544
-0.156777 0.371149 0.318277
-0.156003 0.375670 0.321194
-0.155161 0.380569 0.323804
-0.154430 0.385514 0.326434
-0.153738 0.390636 0.329073
-0.153099 0.395986 0.331733
-0.152550 0.401422 0.334425
-0.152158 0.406722 0.337399
-0.151825 0.412302 0.340470
-0.151583 0.418056 0.343882
-0.151384 0.423966 0.347239
-0.151259 0.430099 0.350791
-0.151032 0.436672 0.353980
-0.150824 0.443378 0.357044
-0.150638 0.450433 0.360289
-0.150418 0.457686 0.363335
-0.150228 0.465331 0.366726
-0.150119 0.473167 0.370477
-0.150032 0.481238 0.374695
-0.149847 0.489641 0.378662
-0.149588 0.498576 0.382752
-0.149193 0.507887 0.386930
-0.148667 0.517557 0.390997
-0.147965 0.527419 0.394764
-0.147096 0.537604 0.398551
-0.146036 0.548224 0.402511
-0.144782 0.559138 0.406636
-0.143302 0.570401 0.410864
-0.141492 0.582083 0.415254
-0.139346 0.594220 0.419785
-0.136867 0.606468 0.424163
-0.133960 0.618796 0.428312
-0.130659 0.631410 0.432659
-0.126933 0.644117 0.436931
-0.122728 0.656936 0.441163
-0.118020 0.669825 0.445333
-0.112741 0.682840 0.449454
-0.106919 0.695875 0.453527
-0.100473 0.708966 0.457850
-0.093468 0.721885 0.461862
-0.085802 0.734789 0.465838
-0.077469 0.747489 0.469672
-0.068598 0.759915 0.473736
-0.058967 0.772192 0.477250
-0.048761 0.784078 0.480609
-0.037875 0.795679 0.484164
-0.026264 0.806984 0.487652
-0.014061 0.817760 0.491172
-0.001116 0.828173 0.494462
0.012502 0.838086 0.497603
0.026865 0.847505 0.500663
0.042053 0.856421 0.503551
0.057370 0.864450 0.506399
0.073283 0.871816 0.509142
0.089712 0.878505 0.511561
0.106507 0.884448 0.514165
0.123912 0.889687 0.516416
0.141484 0.894144 0.518371
0.159066 0.897780 0.520511
0.176556 0.900666 0.522890
0.194231 0.902888 0.524899
0.211878 0.904430 0.526571
0.229562 0.905361 0.528106
0.246790 0.905706 0.529346
0.264434 0.905537 0.530640
0.281588 0.904868 0.532417
0.298386 0.903765 0.534103
0.314571 0.902342 0.535095
0.330383 0.900625 0.535876
0.345311 0.898708 0.537370
0.359842 0.896646 0.537950
0.373799 0.894460 0.538872
0.387316 0.892183 0.540011
0.400025 0.889924 0.541112
0.411630 0.887771 0.542329
0.423346 0.885553 0.543806
0.434202 0.883467 0.545164
0.445011 0.881408 0.546040
0.455219 0.879465 0.547219
0.464895 0.877657 0.548272
0.474403 0.875943 0.549205
0.482524 0.874515 0.550085
0.490613 0.873162 0.550932
0.498286 0.871951 0.551702
0.505651 0.870867 0.552516
0.512864 0.869900 0.553225
0.520312 0.869012 0.554249
0.527168 0.868292 0.555221
0.533716 0.867706 0.556394
0.539946 0.867245 0.557776
0.546007 0.866907 0.559250
0.551387 0.866703 0.559814
0.557307 0.866622 0.559480
0.563010 0.866647 0.559469
0.568310 0.866767 0.559732
0.573547 0.866989 0.559242
0.578702 0.867306 0.560486
0.583395 0.867688 0.562744
0.588594 0.868241 0.564601
0.593787 0.868913 0.566136
0.599024 0.869722 0.568035
0.603653 0.870510 0.569589
0.608964 0.871540 0.570225
0.614361 0.872696 0.570130
0.619349 0.873859 0.570357
0.624694 0.875220 0.570263
0.630229 0.876708 0.569829
0.635028 0.878168 0.572149
0.640555 0.879967 0.574436
0.645500 0.881670 0.576777
0.650584 0.883530 0.579117
0.655832 0.885509 0.581413
0.661861 0.887836 0.582363
0.667618 0.890110 0.582606
0.673758 0.892580 0.582749
0.679924 0.895207 0.583454
0.685996 0.897837 0.584427
0.691711 0.900362 0.585290
0.697527 0.903081 0.587375
0.703599 0.905957 0.589828
0.709680 0.908932 0.592511
0.716253 0.912112 0.594945
0.723281 0.915588 0.597680
0.729468 0.918568 0.598970
0.735605 0.921454 0.599939
0.742438 0.924730 0.600900
0.748882 0.927754 0.601865
0.755996 0.931115 0.602797
0.762882 0.934440 0.604743
0.770284 0.938014 0.607619
0.778021 0.941753 0.610507
0.785567 0.945302 0.613405
0.793534 0.949003 0.616242
0.801814 0.952779 0.618906
0.809208 0.955890 0.619732
0.817027 0.959160 0.620631
0.824262 0.962050 0.621438
0.831763 0.965004 0.622260
0.839697 0.968043 0.623069
0.847944 0.971217 0.625291
0.856355 0.974381 0.628006
0.864949 0.977525 0.631100
0.873341 0.980424 0.633625
0.881885 0.983248 0.636145
0.890098 0.985788 0.637979
0.898309 0.988127 0.638741
0.906535 0.990344 0.639473
0.914493 0.992354 0.640131
0.923235 0.994444 0.640744
0.930650 0.996128 0.642171
