-0.198169
-1.819836
-1.553216
1.758129
0.268419
-0.976252
-0.632934
2.796467
0.262552
1.002140
-0.452314
0.733173
0.202047
-0.463704
-0.365241
-0.038220
-0.373868
-0.520729
-0.164719
0.136355
-0.475183
-0.372917
-0.053749
-0.074848
-0.949959
0.359528
-0.521225
0.477096
0.135845
-1.326306
-0.135626
0.414987
-0.041870
0.793346
0.085088
0.382776
-0.446503
-0.998607
-0.180601
0.059020
-0.304653
0.216937
0.424002
0.784772
-0.091982
-0.239883
-0.353604
1.267476
1.084712
0.112936
-0.351009
-0.575562
-0.609185
-0.253091
-1.005493
2.642967
-0.252247
-0.791703
1.408772
1.094631
1.162627
0.533174
1.804754
0.369435
1.043518
0.009263
-0.068890
-0.277905
-0.919532
0.368128
0.557156
2.363805
-1.341206
0.456865
0.005806
-0.154930
0.733335
0.526265
-0.253876
-2.307484
2.350853
-0.239564
-1.803371
-0.435319
-0.463369
0.514376
-0.985565
0.331234
-1.312637
-0.742406
-0.143135
0.461764
2.173573
-0.091019
0.417960
-2.191564
-0.600409
0.525238
0.091439
-0.966513
-0.343847
-1.295140
-0.137593
0.773868
-1.847414
-0.711184
0.219785
-0.357041
-0.324436
0.627667
1.249602
-0.468808
2.323730
-0.170920
-0.026399
-1.808589
0.898583
-0.820378
-1.624620
-0.086523
-0.333264
0.391041
-0.259772
1.435051
-0.251548
0.361862
0.364357
-0.436529
-1.393908
-1.525579
-0.474765
-0.388254
-0.613100
0.980446
2.756792
1.211582
-0.742852
-0.338779
-1.243098
-0.323650
0.202130
0.714351
0.561416
-1.938087
0.216484
-2.340641
-0.030352
1.518766
0.375320
-0.680129
-0.403136
-0.190548
-2.324428
-1.070122
-0.892184
-0.184813
-0.235428
-0.324767
0.496019
-0.176713
-2.143336
1.024446
0.757803
-0.175937
-2.089745
1.595662
1.121772
0.406719
-0.390682
-0.193100
1.370884
1.085364
1.666958
0.119227
-0.390268
-0.699305
-0.094630
1.356342
-0.090129
-0.522049
0.661079
-0.193836
-0.080510
0.572002
-0.366199
-2.056029
-0.169880
1.696314
-0.249512
-0.222671
-0.003838
-0.201700
-0.172160
1.244752
-0.491838
0.243446
-0.059845
1.321486
-0.416941
-0.137049
0.849291
2.018005
-2.088703
-0.679758
-0.942222
-0.884108
-0.013079
0.723335
1.323740
0.012227
0.686702
1.715756
0.585511
0.101620
0.316256
0.281996
-1.937437
0.225378
-0.067608
-0.108182
1.568146
0.632677
0.568604
-0.384564
0.500688
-0.559970
-0.664385
0.070514
0.340520
-0.250767
-1.669514
-0.431124
0.341243
0.828652
-0.338073
0.921528
-0.594860
-0.519500
1.890346
1.843254
-1.384083
1.110834
0.657629
2.386632
-0.046056
0.438914
0.117857
0.424294
-1.329537
1.179491
1.271676
0.360433
1.049311
0.167342
0.269560
0.778110
-0.094687
-1.151964
-0.002559
-0.704821
-0.098075
-1.206374
-1.480746
-0.787233
-0.278144
2.178390
-0.692083
0.310554
-0.017111
-1.100167
0.061788
0.859330
1.392728
0.145581
1.014088
-0.188529
-2.033743
-0.355923
-0.011482
-0.325139
-2.229304
-1.205025
-0.247285
-1.473380
1.079513
-0.366240
-1.589237
-0.981044
-0.494780
1.991429
0.056063
-1.608639
1.358494
1.168187
0.624896
2.486629
-1.124114
-1.471186
0.968081
-1.654893
