94.252618
67.053996
83.919490
57.059868
81.318643
94.252618
91.137785
76.539987
94.252618
52.277451
81.646952
86.983562
60.974382
94.252618
60.143217
48.274260
48.274260
70.697346
94.252618
76.595412
69.887421
70.091056
48.468113
94.252618
48.759259
66.267492
48.274260
78.879999
76.607342
83.509679
77.306827
48.274260
48.274260
58.298740
66.369290
80.236487
48.274260
76.093414
48.274260
48.274260
48.274260
58.455057
94.252618
84.572705
71.392045
89.267323
94.252618
53.263384
89.391204
91.547697
60.229482
87.900394
94.252618
94.252618
62.212380
78.657787
61.430999
77.873171
64.765365
57.352271
56.318210
94.252618
48.274260
94.252618
69.882164
94.252618
61.754015
94.252618
82.812701
54.932324
48.274260
71.277817
78.091416
55.959445
94.252618
94.252618
94.252618
75.805572
58.519915
72.360015
85.231405
48.274260
74.189758
57.406110
48.274260
94.252618
76.670930
94.252618
80.635700
75.962822
94.252618
69.443223
67.702206
55.279245
94.252618
65.401385
48.274260
70.030254
60.321721
76.550055
48.274260
64.989977
48.274260
59.707990
64.418981
94.252618
94.252618
81.898920
48.274260
72.080574
63.703854
94.252618
68.985007
54.931063
73.417193
82.694426
48.274260
84.402533
61.143551
60.684814
77.293395
94.252618
72.710688
74.176417
48.274260
66.232954
83.083047
71.058428
70.879392
84.936843
61.985604
48.274260
49.790115
69.550299
91.296246
75.554261
94.252618
79.734621
48.274260
70.421131
94.252618
94.252618
94.252618
74.398166
64.736454
64.841639
65.343100
60.047124
55.499184
94.252618
94.252618
70.453948
72.414738
55.902473
94.252618
94.252618
54.131826
48.398591
54.940652
93.920892
68.623268
80.170587
76.388389
70.817892
65.517473
56.474705
65.696997
76.021915
48.274260
84.205386
53.759248
83.354919
59.767435
48.274260
65.356595
48.274260
93.182868
94.252618
81.051439
62.986723
94.252618
64.178575
66.690353
60.939540
48.274260
73.374767
87.321433
73.918794
84.687850
48.274260
94.252618
68.413048
63.666696
63.435738
48.274260
49.738789
48.274260
65.634723
67.507984
66.952103
49.972450
59.966657
79.273646
92.317707
81.690228
73.739058
94.252618
77.739757
48.274260
82.925724
64.067094
68.730866
94.252618
72.887311
94.252618
82.275441
94.252618
69.725586
66.256514
73.095865
75.204612
67.575820
69.337694
55.737509
50.659908
48.274260
81.101733
94.252618
91.600948
94.252618
84.380222
48.274260
94.252618
59.973198
94.252618
94.252618
48.274260
73.213159
63.523743
52.731100
74.740547
74.420833
59.366515
68.866501
93.200014
88.135795
94.252618
48.274260
72.101467
66.231300
83.665641
64.257171
57.165250
53.732666
68.359967
48.274260
48.274260
48.274260
48.274260
69.273514
65.327173
88.896108
70.542542
88.119885
84.095291
58.825457
78.137121
70.398150
71.302730
94.252618
94.252618
48.274260
83.931705
68.935448
88.530380
94.252618
82.187140
48.317201
83.708563
66.871685
84.432114
67.009324
48.274260
78.416828
60.167477
83.710733
64.333105
69.485582
48.274260
69.103171
59.321344
83.033288
81.089805
75.393503
77.667404
73.196090
83.026198
61.239715
62.575909
60.989650
