-0.102507
0.256032
0.192282
0.074126
0.403674
0.119866
0.251797
0.313041
-0.001997
0.268382
0.047997
0.113415
0.137023
-0.618873
0.149086
-1.528876
-1.528876
0.357311
-1.528876
0.205182
0.578660
0.140248
0.243713
-0.375165
0.080071
0.249189
-0.096261
0.075731
0.190784
0.201520
0.042162
-0.031630
-1.528876
0.138313
0.320111
0.189097
-0.022539
0.187227
-1.528876
-0.211245
-0.959369
0.241659
-1.528876
0.098331
0.181491
0.165754
0.165087
0.071013
0.237113
0.135666
0.109683
-0.022280
0.074218
-1.528876
0.055363
0.474686
0.205145
0.290782
0.202648
0.207054
0.081322
-1.528876
-0.044965
-1.528876
0.194426
-0.162853
0.123918
-0.367627
0.353297
0.188948
-0.083292
0.461885
0.171969
0.175589
-0.153604
-0.173376
-1.528876
0.467168
0.339464
0.281427
0.494536
-0.071527
0.414523
0.548732
-0.107820
-1.528876
0.322879
-0.071742
0.183342
0.323804
-1.528876
0.317972
0.238664
0.238070
-0.208304
0.012451
-0.214816
0.163850
0.580788
0.146705
0.027879
0.201707
-0.131392
0.156124
0.322731
-0.191662
-0.204748
0.432772
-1.528876
0.141943
0.354667
0.004227
-0.126172
0.017861
0.163894
0.029240
-0.131382
0.125375
0.232856
-0.061097
0.270735
-0.503033
-0.115488
0.174189
0.015036
0.242420
0.164263
0.320448
0.318730
-0.101162
0.160102
-0.305927
0.128046
0.379191
0.285664
0.194498
0.071166
0.215819
0.027734
-0.427464
-0.156006
-1.528876
-1.528876
-0.045972
0.164804
0.404442
0.367479
0.030449
-0.024336
-0.345443
-1.528876
0.176036
0.312667
0.294111
-0.432557
-0.155777
0.159375
0.017619
0.212685
-0.000650
0.410538
0.180110
0.279508
0.195390
0.680735
0.405734
0.459642
0.272766
-0.322073
0.276443
0.075777
0.122243
0.230192
0.058302
0.219081
0.367098
0.356801
-0.298648
0.364602
0.208519
-0.242781
0.172550
0.092794
0.210417
-0.046759
0.317511
0.395292
0.355279
0.358536
-0.030075
0.043052
0.182256
0.083542
0.387433
-0.195161
0.236005
-0.187601
0.115180
0.553711
0.282355
-0.096416
0.349045
0.250926
0.137244
0.100642
0.240702
-0.061967
0.443516
0.102059
-0.074204
0.043319
0.312173
-0.046082
0.350849
-1.528876
0.076113
-0.021098
0.324383
0.242061
0.314516
0.296529
0.277880
0.330113
0.280535
0.263122
-1.528876
0.134187
-0.144275
0.166298
-1.086106
0.199120
-1.528876
0.098665
0.227807
-1.528876
-1.528876
-0.091855
0.199712
0.209965
0.186917
0.530091
0.076981
0.141309
0.257363
-0.024197
0.349045
0.084662
0.015931
-0.012414
0.209870
0.354127
0.241959
0.147859
0.307692
0.077310
-0.017074
-1.528876
0.115183
-1.528876
0.155965
0.168931
0.119647
0.123356
0.224363
0.287674
0.107193
0.312993
0.461380
0.372241
-0.116931
-0.145161
-0.243306
0.292509
0.178188
0.080250
-1.528876
0.203421
0.041995
0.157457
0.346830
0.268657
0.171620
-0.236117
0.340527
0.154523
0.151107
0.194952
0.442884
-0.027156
0.269145
0.032753
0.010786
0.253977
0.324244
0.123822
0.025193
0.146686
0.198987
0.356215
0.318463
